# Price' vectors phi1, .., phi4
#lmbda phi1	phi2	phi3	phi4
400.0	0.8350E-01	0.2520	-0.4540	0.5787E-01
401.0	0.8504E-01	0.2512	-0.4454	0.6027E-01
402.0	0.8658E-01	0.2503	-0.4368	0.6264E-01
403.0	0.8812E-01	0.2495	-0.4283	0.6500E-01
404.0	0.8967E-01	0.2486	-0.4197	0.6734E-01
405.0	0.9122E-01	0.2477	-0.4112	0.6966E-01
406.0	0.9278E-01	0.2468	-0.4027	0.7197E-01
407.0	0.9434E-01	0.2459	-0.3942	0.7425E-01
408.0	0.9590E-01	0.2449	-0.3857	0.7652E-01
409.0	0.9747E-01	0.2440	-0.3773	0.7877E-01
410.0	0.9904E-01	0.2430	-0.3689	0.8100E-01
411.0	0.1006	0.2420	-0.3604	0.8321E-01
412.0	0.1022	0.2410	-0.3520	0.8540E-01
413.0	0.1038	0.2399	-0.3437	0.8758E-01
414.0	0.1054	0.2389	-0.3353	0.8973E-01
415.0	0.1070	0.2378	-0.3270	0.9187E-01
416.0	0.1085	0.2367	-0.3187	0.9399E-01
417.0	0.1101	0.2356	-0.3104	0.9609E-01
418.0	0.1117	0.2345	-0.3021	0.9817E-01
419.0	0.1134	0.2333	-0.2938	0.1002
420.0	0.1150	0.2322	-0.2856	0.1023
421.0	0.1166	0.2310	-0.2773	0.1043
422.0	0.1182	0.2298	-0.2691	0.1063
423.0	0.1198	0.2286	-0.2609	0.1083
424.0	0.1214	0.2274	-0.2528	0.1103
425.0	0.1231	0.2261	-0.2446	0.1122
426.0	0.1247	0.2248	-0.2365	0.1142
427.0	0.1263	0.2236	-0.2284	0.1161
428.0	0.1280	0.2222	-0.2203	0.1180
429.0	0.1296	0.2209	-0.2122	0.1199
430.0	0.1313	0.2196	-0.2041	0.1217
431.0	0.1329	0.2182	-0.1961	0.1236
432.0	0.1346	0.2169	-0.1880	0.1254
433.0	0.1362	0.2155	-0.1800	0.1272
434.0	0.1379	0.2141	-0.1721	0.1290
435.0	0.1395	0.2126	-0.1641	0.1308
436.0	0.1412	0.2112	-0.1561	0.1325
437.0	0.1429	0.2097	-0.1482	0.1343
438.0	0.1446	0.2082	-0.1403	0.1360
439.0	0.1462	0.2067	-0.1324	0.1377
440.0	0.1479	0.2052	-0.1245	0.1394
441.0	0.1496	0.2037	-0.1167	0.1410
442.0	0.1513	0.2021	-0.1088	0.1427
443.0	0.1530	0.2006	-0.1010	0.1443
444.0	0.1547	0.1990	-0.9321E-01	0.1459
445.0	0.1564	0.1974	-0.8543E-01	0.1475
446.0	0.1581	0.1957	-0.7766E-01	0.1490
447.0	0.1598	0.1941	-0.6992E-01	0.1506
448.0	0.1615	0.1924	-0.6219E-01	0.1521
449.0	0.1633	0.1908	-0.5448E-01	0.1536
450.0	0.1650	0.1891	-0.4679E-01	0.1551
451.0	0.1667	0.1874	-0.3912E-01	0.1566
452.0	0.1684	0.1856	-0.3147E-01	0.1581
453.0	0.1702	0.1839	-0.2383E-01	0.1595
454.0	0.1719	0.1821	-0.1622E-01	0.1609
455.0	0.1737	0.1803	-0.8618E-02	0.1623
456.0	0.1754	0.1785	-0.1040E-02	0.1637
457.0	0.1772	0.1767	0.6521E-02	0.1651
458.0	0.1789	0.1749	0.1406E-01	0.1664
459.0	0.1807	0.1730	0.2159E-01	0.1678
460.0	0.1824	0.1711	0.2909E-01	0.1691
461.0	0.1842	0.1693	0.3658E-01	0.1704
462.0	0.1860	0.1673	0.4404E-01	0.1716
463.0	0.1877	0.1654	0.5149E-01	0.1729
464.0	0.1895	0.1635	0.5892E-01	0.1741
465.0	0.1913	0.1615	0.6634E-01	0.1753
466.0	0.1931	0.1595	0.7373E-01	0.1766
467.0	0.1949	0.1575	0.8110E-01	0.1777
468.0	0.1966	0.1555	0.8846E-01	0.1789
469.0	0.1984	0.1535	0.9580E-01	0.1800
470.0	0.2002	0.1514	0.1031	0.1812
471.0	0.2020	0.1494	0.1104	0.1823
472.0	0.2038	0.1473	0.1177	0.1834
473.0	0.2057	0.1452	0.1250	0.1844
474.0	0.2075	0.1430	0.1322	0.1855
475.0	0.2093	0.1409	0.1394	0.1865
476.0	0.2111	0.1387	0.1466	0.1876
477.0	0.2129	0.1366	0.1538	0.1885
478.0	0.2148	0.1344	0.1610	0.1895
479.0	0.2166	0.1322	0.1682	0.1905
480.0	0.2184	0.1299	0.1753	0.1914
481.0	0.2203	0.1277	0.1824	0.1924
482.0	0.2221	0.1254	0.1895	0.1933
483.0	0.2240	0.1231	0.1966	0.1942
484.0	0.2258	0.1208	0.2036	0.1950
485.0	0.2277	0.1185	0.2107	0.1959
486.0	0.2295	0.1162	0.2177	0.1967
487.0	0.2314	0.1138	0.2247	0.1975
488.0	0.2333	0.1115	0.2317	0.1983
489.0	0.2351	0.1091	0.2387	0.1991
490.0	0.2370	0.1067	0.2456	0.1999
491.0	0.2389	0.1042	0.2525	0.2006
492.0	0.2408	0.1018	0.2595	0.2013
493.0	0.2426	0.9932E-01	0.2663	0.2020
494.0	0.2445	0.9684E-01	0.2732	0.2027
495.0	0.2464	0.9435E-01	0.2801	0.2034
496.0	0.2483	0.9183E-01	0.2869	0.2040
497.0	0.2502	0.8930E-01	0.2937	0.2047
498.0	0.2521	0.8675E-01	0.3005	0.2053
499.0	0.2540	0.8418E-01	0.3073	0.2059
500.0	0.2559	0.8159E-01	0.3141	0.2065
501.0	0.2579	0.7899E-01	0.3208	0.2070
502.0	0.2598	0.7636E-01	0.3276	0.2076
503.0	0.2617	0.7372E-01	0.3343	0.2081
504.0	0.2636	0.7106E-01	0.3409	0.2086
505.0	0.2656	0.6838E-01	0.3476	0.2091
506.0	0.2675	0.6568E-01	0.3543	0.2095
507.0	0.2694	0.6295E-01	0.3609	0.2100
508.0	0.2714	0.6022E-01	0.3675	0.2104
509.0	0.2733	0.5746E-01	0.3741	0.2108
510.0	0.2753	0.5468E-01	0.3807	0.2112
511.0	0.2772	0.5188E-01	0.3873	0.2116
512.0	0.2792	0.4906E-01	0.3938	0.2119
513.0	0.2811	0.4623E-01	0.4003	0.2123
514.0	0.2831	0.4337E-01	0.4068	0.2126
515.0	0.2851	0.4049E-01	0.4133	0.2129
516.0	0.2871	0.3760E-01	0.4198	0.2132
517.0	0.2890	0.3468E-01	0.4262	0.2134
518.0	0.2910	0.3175E-01	0.4326	0.2137
519.0	0.2930	0.2880E-01	0.4391	0.2139
520.0	0.2950	0.2583E-01	0.4455	0.2141
521.0	0.2970	0.2283E-01	0.4518	0.2143
522.0	0.2990	0.1982E-01	0.4582	0.2145
523.0	0.3010	0.1679E-01	0.4645	0.2146
524.0	0.3030	0.1374E-01	0.4708	0.2148
525.0	0.3050	0.1067E-01	0.4771	0.2149
526.0	0.3070	0.7583E-02	0.4834	0.2150
527.0	0.3090	0.4475E-02	0.4897	0.2151
528.0	0.3110	0.1347E-02	0.4959	0.2151
529.0	0.3130	-0.1800E-02	0.5021	0.2152
530.0	0.3151	-0.4966E-02	0.5084	0.2152
531.0	0.3171	-0.8152E-02	0.5145	0.2152
532.0	0.3191	-0.1136E-01	0.5207	0.2152
533.0	0.3212	-0.1458E-01	0.5269	0.2152
534.0	0.3232	-0.1783E-01	0.5330	0.2151
535.0	0.3252	-0.2109E-01	0.5391	0.2150
536.0	0.3272	-0.2437E-01	0.5452	0.2150
537.0	0.3292	-0.2767E-01	0.5513	0.2149
538.0	0.3312	-0.3100E-01	0.5573	0.2147
539.0	0.3332	-0.3434E-01	0.5634	0.2146
540.0	0.3352	-0.3770E-01	0.5694	0.2144
541.0	0.3372	-0.4108E-01	0.5754	0.2143
542.0	0.3392	-0.4448E-01	0.5813	0.2141
543.0	0.3412	-0.4789E-01	0.5872	0.2139
544.0	0.3432	-0.5133E-01	0.5931	0.2136
545.0	0.3452	-0.5479E-01	0.5989	0.2134
546.0	0.3472	-0.5827E-01	0.6048	0.2131
547.0	0.3492	-0.6176E-01	0.6105	0.2128
548.0	0.3511	-0.6528E-01	0.6163	0.2125
549.0	0.3531	-0.6881E-01	0.6220	0.2121
550.0	0.3551	-0.7237E-01	0.6277	0.2118
551.0	0.3571	-0.7594E-01	0.6333	0.2114
552.0	0.3590	-0.7953E-01	0.6389	0.2110
553.0	0.3610	-0.8315E-01	0.6445	0.2106
554.0	0.3629	-0.8678E-01	0.6501	0.2102
555.0	0.3649	-0.9043E-01	0.6556	0.2097
556.0	0.3669	-0.9410E-01	0.6611	0.2092
557.0	0.3688	-0.9777E-01	0.6665	0.2088
558.0	0.3708	-0.1014	0.6719	0.2082
559.0	0.3727	-0.1051	0.6773	0.2077
560.0	0.3746	-0.1088	0.6827	0.2072
561.0	0.3766	-0.1125	0.6880	0.2066
562.0	0.3785	-0.1162	0.6933	0.2060
563.0	0.3804	-0.1198	0.6985	0.2054
564.0	0.3824	-0.1235	0.7038	0.2047
565.0	0.3843	-0.1272	0.7090	0.2041
566.0	0.3862	-0.1309	0.7141	0.2034
567.0	0.3881	-0.1346	0.7192	0.2027
568.0	0.3901	-0.1383	0.7243	0.2020
569.0	0.3920	-0.1420	0.7294	0.2013
570.0	0.3939	-0.1457	0.7344	0.2005
571.0	0.3958	-0.1494	0.7394	0.1998
572.0	0.3977	-0.1531	0.7444	0.1990
573.0	0.3996	-0.1568	0.7493	0.1981
574.0	0.4015	-0.1605	0.7542	0.1973
575.0	0.4034	-0.1642	0.7590	0.1965
576.0	0.4053	-0.1679	0.7639	0.1956
577.0	0.4072	-0.1717	0.7687	0.1947
578.0	0.4090	-0.1754	0.7734	0.1938
579.0	0.4109	-0.1791	0.7782	0.1929
580.0	0.4128	-0.1828	0.7829	0.1919
581.0	0.4147	-0.1866	0.7875	0.1909
582.0	0.4166	-0.1903	0.7921	0.1899
583.0	0.4184	-0.1940	0.7967	0.1889
584.0	0.4203	-0.1977	0.8013	0.1879
585.0	0.4222	-0.2015	0.8058	0.1868
586.0	0.4240	-0.2052	0.8103	0.1858
587.0	0.4259	-0.2090	0.8148	0.1847
588.0	0.4277	-0.2127	0.8193	0.1836
589.0	0.4296	-0.2164	0.8237	0.1824
590.0	0.4314	-0.2202	0.8280	0.1813
591.0	0.4333	-0.2239	0.8324	0.1801
592.0	0.4351	-0.2277	0.8367	0.1789
593.0	0.4370	-0.2314	0.8409	0.1777
594.0	0.4388	-0.2351	0.8451	0.1765
595.0	0.4406	-0.2387	0.8492	0.1752
596.0	0.4425	-0.2423	0.8533	0.1740
597.0	0.4443	-0.2458	0.8574	0.1727
598.0	0.4461	-0.2491	0.8613	0.1714
599.0	0.4479	-0.2525	0.8653	0.1700
600.0	0.4498	-0.2557	0.8691	0.1687
601.0	0.4516	-0.2589	0.8729	0.1673
602.0	0.4534	-0.2619	0.8767	0.1659
603.0	0.4552	-0.2650	0.8804	0.1645
604.0	0.4570	-0.2679	0.8841	0.1631
605.0	0.4588	-0.2708	0.8877	0.1616
606.0	0.4606	-0.2735	0.8912	0.1602
607.0	0.4624	-0.2762	0.8947	0.1587
608.0	0.4642	-0.2789	0.8982	0.1572
609.0	0.4660	-0.2814	0.9016	0.1556
610.0	0.4678	-0.2839	0.9049	0.1541
611.0	0.4696	-0.2863	0.9082	0.1525
612.0	0.4713	-0.2887	0.9114	0.1509
613.0	0.4731	-0.2909	0.9146	0.1493
614.0	0.4749	-0.2931	0.9177	0.1477
615.0	0.4767	-0.2952	0.9208	0.1460
616.0	0.4784	-0.2972	0.9238	0.1444
617.0	0.4802	-0.2992	0.9268	0.1427
618.0	0.4820	-0.3011	0.9297	0.1410
619.0	0.4837	-0.3029	0.9326	0.1392
620.0	0.4855	-0.3046	0.9354	0.1375
621.0	0.4872	-0.3063	0.9381	0.1357
622.0	0.4890	-0.3079	0.9408	0.1339
623.0	0.4907	-0.3094	0.9435	0.1321
624.0	0.4925	-0.3108	0.9461	0.1303
625.0	0.4942	-0.3121	0.9486	0.1284
626.0	0.4959	-0.3135	0.9511	0.1266
627.0	0.4977	-0.3147	0.9535	0.1247
628.0	0.4994	-0.3160	0.9559	0.1228
629.0	0.5011	-0.3172	0.9582	0.1209
630.0	0.5029	-0.3184	0.9605	0.1189
631.0	0.5046	-0.3195	0.9627	0.1169
632.0	0.5063	-0.3206	0.9649	0.1150
633.0	0.5080	-0.3217	0.9670	0.1130
634.0	0.5097	-0.3227	0.9691	0.1110
635.0	0.5114	-0.3237	0.9711	0.1090
636.0	0.5132	-0.3247	0.9730	0.1070
637.0	0.5149	-0.3257	0.9749	0.1051
638.0	0.5166	-0.3266	0.9768	0.1031
639.0	0.5183	-0.3274	0.9786	0.1011
640.0	0.5200	-0.3283	0.9803	0.9911E-01
641.0	0.5216	-0.3291	0.9820	0.9713E-01
642.0	0.5233	-0.3298	0.9836	0.9514E-01
643.0	0.5250	-0.3306	0.9852	0.9315E-01
644.0	0.5267	-0.3313	0.9867	0.9116E-01
645.0	0.5284	-0.3319	0.9882	0.8917E-01
646.0	0.5301	-0.3326	0.9896	0.8718E-01
647.0	0.5317	-0.3332	0.9910	0.8518E-01
648.0	0.5334	-0.3337	0.9924	0.8319E-01
649.0	0.5351	-0.3343	0.9937	0.8119E-01
650.0	0.5367	-0.3347	0.9950	0.7919E-01
651.0	0.5384	-0.3352	0.9963	0.7720E-01
652.0	0.5401	-0.3356	0.9975	0.7520E-01
653.0	0.5417	-0.3360	0.9987	0.7320E-01
654.0	0.5434	-0.3364	0.9999	0.7119E-01
655.0	0.5450	-0.3367	1.001	0.6919E-01
656.0	0.5467	-0.3370	1.002	0.6719E-01
657.0	0.5483	-0.3373	1.003	0.6518E-01
658.0	0.5499	-0.3376	1.004	0.6318E-01
659.0	0.5516	-0.3379	1.005	0.6117E-01
660.0	0.5532	-0.3383	1.006	0.5916E-01
661.0	0.5548	-0.3387	1.007	0.5715E-01
662.0	0.5565	-0.3391	1.008	0.5514E-01
663.0	0.5581	-0.3395	1.009	0.5312E-01
664.0	0.5597	-0.3399	1.010	0.5111E-01
665.0	0.5613	-0.3404	1.011	0.4910E-01
666.0	0.5629	-0.3409	1.011	0.4708E-01
667.0	0.5646	-0.3414	1.012	0.4506E-01
668.0	0.5662	-0.3419	1.013	0.4305E-01
669.0	0.5678	-0.3424	1.013	0.4103E-01
670.0	0.5694	-0.3430	1.014	0.3900E-01
671.0	0.5710	-0.3436	1.015	0.3698E-01
672.0	0.5726	-0.3442	1.015	0.3496E-01
673.0	0.5742	-0.3448	1.016	0.3294E-01
674.0	0.5758	-0.3454	1.016	0.3091E-01
675.0	0.5774	-0.3461	1.017	0.2888E-01
676.0	0.5791	-0.3468	1.017	0.2686E-01
677.0	0.5807	-0.3475	1.017	0.2483E-01
678.0	0.5823	-0.3482	1.018	0.2280E-01
679.0	0.5839	-0.3490	1.018	0.2077E-01
680.0	0.5855	-0.3498	1.018	0.1873E-01
681.0	0.5872	-0.3505	1.019	0.1670E-01
682.0	0.5888	-0.3514	1.019	0.1467E-01
683.0	0.5904	-0.3522	1.019	0.1263E-01
684.0	0.5921	-0.3530	1.019	0.1059E-01
685.0	0.5937	-0.3539	1.019	0.8554E-02
686.0	0.5953	-0.3548	1.019	0.6514E-02
687.0	0.5970	-0.3557	1.020	0.4474E-02
688.0	0.5986	-0.3567	1.020	0.2432E-02
689.0	0.6002	-0.3576	1.020	0.3890E-03
690.0	0.6019	-0.3586	1.019	-0.1655E-02
691.0	0.6035	-0.3596	1.019	-0.3701E-02
692.0	0.6051	-0.3605	1.019	-0.5747E-02
693.0	0.6068	-0.3614	1.019	-0.7795E-02
694.0	0.6084	-0.3623	1.019	-0.9844E-02
695.0	0.6101	-0.3632	1.019	-0.1189E-01
696.0	0.6117	-0.3640	1.019	-0.1395E-01
697.0	0.6134	-0.3649	1.018	-0.1600E-01
698.0	0.6150	-0.3657	1.018	-0.1805E-01
699.0	0.6167	-0.3665	1.018	-0.2009E-01
700.0	0.6183	-0.3673	1.017	-0.2211E-01
701.0	0.6200	-0.3681	1.017	-0.2411E-01
702.0	0.6216	-0.3688	1.016	-0.2610E-01
703.0	0.6233	-0.3696	1.016	-0.2808E-01
704.0	0.6249	-0.3703	1.015	-0.3003E-01
705.0	0.6266	-0.3710	1.015	-0.3197E-01
706.0	0.6283	-0.3717	1.014	-0.3390E-01
707.0	0.6299	-0.3723	1.014	-0.3581E-01
708.0	0.6316	-0.3730	1.013	-0.3770E-01
709.0	0.6333	-0.3736	1.012	-0.3957E-01
710.0	0.6349	-0.3742	1.012	-0.4143E-01
711.0	0.6366	-0.3748	1.011	-0.4328E-01
712.0	0.6383	-0.3754	1.010	-0.4511E-01
713.0	0.6399	-0.3759	1.009	-0.4692E-01
714.0	0.6416	-0.3765	1.008	-0.4871E-01
715.0	0.6433	-0.3770	1.008	-0.5049E-01
716.0	0.6450	-0.3775	1.007	-0.5225E-01
717.0	0.6466	-0.3780	1.006	-0.5400E-01
718.0	0.6483	-0.3784	1.005	-0.5573E-01
719.0	0.6500	-0.3789	1.004	-0.5744E-01
720.0	0.6517	-0.3793	1.003	-0.5914E-01
721.0	0.6533	-0.3797	1.002	-0.6082E-01
722.0	0.6550	-0.3801	1.001	-0.6249E-01
723.0	0.6567	-0.3805	0.9997	-0.6414E-01
724.0	0.6584	-0.3808	0.9986	-0.6577E-01
725.0	0.6601	-0.3812	0.9975	-0.6738E-01
726.0	0.6618	-0.3815	0.9963	-0.6899E-01
727.0	0.6635	-0.3818	0.9951	-0.7057E-01
728.0	0.6652	-0.3821	0.9939	-0.7214E-01
729.0	0.6669	-0.3823	0.9926	-0.7369E-01
730.0	0.6686	-0.3826	0.9914	-0.7522E-01
731.0	0.6703	-0.3828	0.9901	-0.7674E-01
732.0	0.6720	-0.3830	0.9887	-0.7825E-01
733.0	0.6737	-0.3832	0.9874	-0.7973E-01
734.0	0.6754	-0.3834	0.9860	-0.8121E-01
735.0	0.6771	-0.3836	0.9846	-0.8266E-01
736.0	0.6788	-0.3837	0.9831	-0.8410E-01
737.0	0.6805	-0.3838	0.9816	-0.8552E-01
738.0	0.6822	-0.3839	0.9801	-0.8693E-01
739.0	0.6839	-0.3839	0.9786	-0.8832E-01
740.0	0.6856	-0.3839	0.9771	-0.8969E-01
741.0	0.6873	-0.3839	0.9755	-0.9105E-01
742.0	0.6890	-0.3839	0.9739	-0.9239E-01
743.0	0.6907	-0.3838	0.9722	-0.9371E-01
744.0	0.6925	-0.3837	0.9706	-0.9502E-01
745.0	0.6942	-0.3836	0.9689	-0.9631E-01
746.0	0.6959	-0.3835	0.9671	-0.9759E-01
747.0	0.6976	-0.3833	0.9654	-0.9885E-01
748.0	0.6993	-0.3831	0.9636	-0.1001
749.0	0.7011	-0.3828	0.9618	-0.1013
750.0	0.7028	-0.3826	0.9600	-0.1025
751.0	0.7045	-0.3823	0.9581	-0.1037
752.0	0.7062	-0.3820	0.9562	-0.1049
753.0	0.7080	-0.3816	0.9543	-0.1061
754.0	0.7097	-0.3812	0.9523	-0.1072
755.0	0.7114	-0.3808	0.9504	-0.1083
756.0	0.7132	-0.3804	0.9484	-0.1095
757.0	0.7149	-0.3799	0.9463	-0.1106
758.0	0.7166	-0.3794	0.9443	-0.1116
759.0	0.7184	-0.3789	0.9422	-0.1127
760.0	0.7201	-0.3784	0.9401	-0.1138
761.0	0.7218	-0.3778	0.9379	-0.1148
762.0	0.7236	-0.3772	0.9357	-0.1158
763.0	0.7253	-0.3766	0.9335	-0.1168
764.0	0.7271	-0.3759	0.9313	-0.1178
765.0	0.7288	-0.3752	0.9291	-0.1188
766.0	0.7306	-0.3745	0.9268	-0.1197
767.0	0.7323	-0.3737	0.9245	-0.1207
768.0	0.7340	-0.3730	0.9221	-0.1216
769.0	0.7357	-0.3722	0.9198	-0.1225
770.0	0.7374	-0.3713	0.9174	-0.1234
771.0	0.7391	-0.3705	0.9149	-0.1243
772.0	0.7408	-0.3696	0.9125	-0.1252
773.0	0.7424	-0.3687	0.9100	-0.1261
774.0	0.7441	-0.3677	0.9075	-0.1270
775.0	0.7457	-0.3668	0.9050	-0.1278
776.0	0.7473	-0.3658	0.9024	-0.1286
777.0	0.7489	-0.3647	0.8998	-0.1295
778.0	0.7505	-0.3637	0.8972	-0.1303
779.0	0.7521	-0.3626	0.8945	-0.1311
780.0	0.7536	-0.3615	0.8918	-0.1319
781.0	0.7552	-0.3603	0.8891	-0.1327
782.0	0.7567	-0.3592	0.8863	-0.1334
783.0	0.7583	-0.3580	0.8835	-0.1342
784.0	0.7598	-0.3568	0.8806	-0.1349
785.0	0.7613	-0.3555	0.8777	-0.1356
786.0	0.7627	-0.3542	0.8748	-0.1364
787.0	0.7642	-0.3529	0.8719	-0.1371
788.0	0.7657	-0.3516	0.8689	-0.1378
789.0	0.7671	-0.3502	0.8659	-0.1384
790.0	0.7685	-0.3489	0.8628	-0.1391
791.0	0.7699	-0.3476	0.8597	-0.1398
792.0	0.7713	-0.3462	0.8565	-0.1404
793.0	0.7727	-0.3449	0.8534	-0.1410
794.0	0.7741	-0.3435	0.8502	-0.1416
795.0	0.7755	-0.3422	0.8469	-0.1423
796.0	0.7768	-0.3408	0.8436	-0.1429
797.0	0.7782	-0.3395	0.8403	-0.1434
798.0	0.7795	-0.3381	0.8370	-0.1440
799.0	0.7808	-0.3367	0.8336	-0.1446
800.0	0.7821	-0.3354	0.8301	-0.1451
801.0	0.7834	-0.3340	0.8267	-0.1456
802.0	0.7846	-0.3326	0.8232	-0.1462
803.0	0.7859	-0.3312	0.8196	-0.1467
804.0	0.7871	-0.3298	0.8161	-0.1472
805.0	0.7883	-0.3285	0.8125	-0.1477
806.0	0.7896	-0.3271	0.8088	-0.1481
807.0	0.7908	-0.3257	0.8051	-0.1486
808.0	0.7919	-0.3243	0.8014	-0.1490
809.0	0.7931	-0.3229	0.7977	-0.1495
810.0	0.7943	-0.3215	0.7939	-0.1499
811.0	0.7954	-0.3201	0.7900	-0.1503
812.0	0.7966	-0.3186	0.7862	-0.1507
813.0	0.7977	-0.3172	0.7823	-0.1511
814.0	0.7988	-0.3158	0.7784	-0.1515
815.0	0.7999	-0.3144	0.7744	-0.1518
816.0	0.8010	-0.3130	0.7704	-0.1522
817.0	0.8020	-0.3115	0.7663	-0.1525
818.0	0.8031	-0.3101	0.7622	-0.1529
819.0	0.8041	-0.3087	0.7581	-0.1532
820.0	0.8052	-0.3072	0.7540	-0.1535
821.0	0.8062	-0.3058	0.7498	-0.1538
822.0	0.8072	-0.3043	0.7456	-0.1540
823.0	0.8082	-0.3029	0.7413	-0.1543
824.0	0.8092	-0.3014	0.7370	-0.1546
825.0	0.8102	-0.3000	0.7328	-0.1548
826.0	0.8112	-0.2985	0.7285	-0.1550
827.0	0.8121	-0.2970	0.7242	-0.1553
828.0	0.8131	-0.2956	0.7200	-0.1555
829.0	0.8140	-0.2941	0.7157	-0.1557
830.0	0.8150	-0.2926	0.7115	-0.1558
831.0	0.8159	-0.2912	0.7072	-0.1560
832.0	0.8168	-0.2897	0.7030	-0.1562
833.0	0.8177	-0.2882	0.6987	-0.1563
834.0	0.8186	-0.2867	0.6945	-0.1564
835.0	0.8195	-0.2852	0.6902	-0.1566
836.0	0.8203	-0.2837	0.6860	-0.1567
837.0	0.8212	-0.2822	0.6818	-0.1568
838.0	0.8220	-0.2807	0.6775	-0.1569
839.0	0.8229	-0.2792	0.6733	-0.1570
840.0	0.8237	-0.2777	0.6691	-0.1571
841.0	0.8245	-0.2762	0.6649	-0.1572
842.0	0.8253	-0.2747	0.6607	-0.1573
843.0	0.8261	-0.2731	0.6564	-0.1574
844.0	0.8269	-0.2716	0.6522	-0.1575
845.0	0.8277	-0.2701	0.6480	-0.1576
846.0	0.8285	-0.2686	0.6438	-0.1577
847.0	0.8292	-0.2670	0.6396	-0.1578
848.0	0.8300	-0.2655	0.6354	-0.1579
849.0	0.8307	-0.2640	0.6312	-0.1580
850.0	0.8314	-0.2625	0.6270	-0.1581
851.0	0.8321	-0.2610	0.6228	-0.1582
852.0	0.8329	-0.2595	0.6186	-0.1583
853.0	0.8335	-0.2579	0.6145	-0.1584
854.0	0.8342	-0.2564	0.6103	-0.1585
855.0	0.8349	-0.2549	0.6061	-0.1586
856.0	0.8356	-0.2534	0.6019	-0.1587
857.0	0.8362	-0.2519	0.5977	-0.1588
858.0	0.8369	-0.2504	0.5936	-0.1588
859.0	0.8375	-0.2489	0.5894	-0.1589
860.0	0.8381	-0.2474	0.5852	-0.1590
861.0	0.8387	-0.2460	0.5811	-0.1591
862.0	0.8393	-0.2445	0.5769	-0.1592
863.0	0.8399	-0.2430	0.5728	-0.1592
864.0	0.8406	-0.2415	0.5686	-0.1593
865.0	0.8412	-0.2400	0.5645	-0.1594
866.0	0.8418	-0.2385	0.5603	-0.1595
867.0	0.8424	-0.2371	0.5562	-0.1595
868.0	0.8431	-0.2356	0.5520	-0.1596
869.0	0.8437	-0.2341	0.5479	-0.1597
870.0	0.8444	-0.2327	0.5438	-0.1597
871.0	0.8450	-0.2312	0.5397	-0.1598
872.0	0.8457	-0.2297	0.5355	-0.1599
873.0	0.8463	-0.2283	0.5314	-0.1599
874.0	0.8470	-0.2268	0.5274	-0.1600
875.0	0.8477	-0.2254	0.5233	-0.1601
876.0	0.8484	-0.2239	0.5192	-0.1601
877.0	0.8490	-0.2225	0.5152	-0.1602
878.0	0.8497	-0.2210	0.5112	-0.1602
879.0	0.8504	-0.2196	0.5072	-0.1603
880.0	0.8511	-0.2181	0.5032	-0.1603
881.0	0.8518	-0.2167	0.4992	-0.1604
882.0	0.8526	-0.2153	0.4953	-0.1604
883.0	0.8533	-0.2138	0.4913	-0.1605
884.0	0.8540	-0.2124	0.4874	-0.1605
885.0	0.8547	-0.2110	0.4835	-0.1606
886.0	0.8555	-0.2095	0.4795	-0.1606
887.0	0.8562	-0.2081	0.4757	-0.1607
888.0	0.8569	-0.2067	0.4718	-0.1607
889.0	0.8577	-0.2053	0.4679	-0.1607
890.0	0.8584	-0.2039	0.4641	-0.1608
891.0	0.8592	-0.2024	0.4602	-0.1608
892.0	0.8600	-0.2010	0.4564	-0.1609
893.0	0.8607	-0.1996	0.4526	-0.1609
894.0	0.8615	-0.1982	0.4488	-0.1609
895.0	0.8623	-0.1968	0.4451	-0.1610
896.0	0.8631	-0.1954	0.4413	-0.1610
897.0	0.8639	-0.1940	0.4376	-0.1610
898.0	0.8647	-0.1926	0.4338	-0.1611
899.0	0.8655	-0.1912	0.4301	-0.1611
900.0	0.8663	-0.1898	0.4264	-0.1611
901.0	0.8671	-0.1884	0.4228	-0.1611
902.0	0.8679	-0.1871	0.4191	-0.1612
903.0	0.8688	-0.1857	0.4154	-0.1612
904.0	0.8696	-0.1843	0.4118	-0.1612
905.0	0.8704	-0.1829	0.4082	-0.1612
906.0	0.8713	-0.1815	0.4046	-0.1612
907.0	0.8721	-0.1802	0.4010	-0.1612
908.0	0.8730	-0.1788	0.3974	-0.1613
909.0	0.8738	-0.1774	0.3938	-0.1613
910.0	0.8747	-0.1761	0.3903	-0.1613
911.0	0.8756	-0.1747	0.3867	-0.1613
912.0	0.8764	-0.1733	0.3832	-0.1613
913.0	0.8773	-0.1720	0.3797	-0.1613
914.0	0.8782	-0.1706	0.3762	-0.1613
915.0	0.8791	-0.1693	0.3727	-0.1613
916.0	0.8800	-0.1679	0.3693	-0.1613
917.0	0.8809	-0.1666	0.3658	-0.1612
918.0	0.8818	-0.1652	0.3624	-0.1611
919.0	0.8827	-0.1639	0.3590	-0.1610
920.0	0.8836	-0.1625	0.3556	-0.1609
921.0	0.8845	-0.1612	0.3522	-0.1608
922.0	0.8854	-0.1599	0.3488	-0.1606
923.0	0.8863	-0.1585	0.3454	-0.1604
924.0	0.8873	-0.1572	0.3421	-0.1602
925.0	0.8882	-0.1559	0.3388	-0.1600
926.0	0.8891	-0.1546	0.3355	-0.1598
927.0	0.8901	-0.1532	0.3322	-0.1595
928.0	0.8910	-0.1519	0.3289	-0.1592
929.0	0.8920	-0.1506	0.3256	-0.1589
930.0	0.8929	-0.1492	0.3223	-0.1586
931.0	0.8939	-0.1479	0.3191	-0.1582
932.0	0.8948	-0.1465	0.3159	-0.1579
933.0	0.8958	-0.1452	0.3126	-0.1575
934.0	0.8968	-0.1439	0.3094	-0.1571
935.0	0.8977	-0.1425	0.3062	-0.1566
936.0	0.8987	-0.1412	0.3029	-0.1562
937.0	0.8997	-0.1398	0.2997	-0.1557
938.0	0.9007	-0.1385	0.2965	-0.1552
939.0	0.9017	-0.1371	0.2932	-0.1547
940.0	0.9027	-0.1358	0.2900	-0.1541
941.0	0.9036	-0.1344	0.2867	-0.1536
942.0	0.9046	-0.1330	0.2835	-0.1530
943.0	0.9057	-0.1317	0.2802	-0.1524
944.0	0.9067	-0.1303	0.2770	-0.1518
945.0	0.9077	-0.1289	0.2737	-0.1511
946.0	0.9087	-0.1276	0.2705	-0.1505
947.0	0.9097	-0.1262	0.2672	-0.1498
948.0	0.9107	-0.1248	0.2640	-0.1491
949.0	0.9118	-0.1235	0.2607	-0.1484
950.0	0.9128	-0.1221	0.2575	-0.1476
951.0	0.9138	-0.1207	0.2542	-0.1468
952.0	0.9149	-0.1193	0.2509	-0.1461
953.0	0.9159	-0.1180	0.2477	-0.1452
954.0	0.9170	-0.1166	0.2444	-0.1444
955.0	0.9180	-0.1152	0.2411	-0.1436
956.0	0.9191	-0.1138	0.2379	-0.1427
957.0	0.9201	-0.1124	0.2346	-0.1418
958.0	0.9212	-0.1110	0.2313	-0.1409
959.0	0.9223	-0.1096	0.2280	-0.1399
960.0	0.9233	-0.1082	0.2247	-0.1390
961.0	0.9244	-0.1068	0.2215	-0.1380
962.0	0.9255	-0.1054	0.2182	-0.1370
963.0	0.9266	-0.1040	0.2149	-0.1360
964.0	0.9277	-0.1026	0.2116	-0.1350
965.0	0.9288	-0.1012	0.2083	-0.1339
966.0	0.9299	-0.9983E-01	0.2050	-0.1328
967.0	0.9310	-0.9842E-01	0.2017	-0.1317
968.0	0.9321	-0.9701E-01	0.1984	-0.1306
969.0	0.9332	-0.9560E-01	0.1951	-0.1294
970.0	0.9343	-0.9418E-01	0.1918	-0.1283
971.0	0.9354	-0.9277E-01	0.1885	-0.1271
972.0	0.9365	-0.9135E-01	0.1852	-0.1259
973.0	0.9377	-0.8993E-01	0.1819	-0.1247
974.0	0.9388	-0.8851E-01	0.1786	-0.1234
975.0	0.9399	-0.8709E-01	0.1753	-0.1221
976.0	0.9411	-0.8566E-01	0.1720	-0.1208
977.0	0.9422	-0.8423E-01	0.1687	-0.1195
978.0	0.9434	-0.8281E-01	0.1654	-0.1182
979.0	0.9445	-0.8137E-01	0.1621	-0.1168
980.0	0.9457	-0.7994E-01	0.1588	-0.1155
981.0	0.9468	-0.7851E-01	0.1554	-0.1141
982.0	0.9480	-0.7707E-01	0.1521	-0.1127
983.0	0.9492	-0.7563E-01	0.1488	-0.1112
984.0	0.9503	-0.7419E-01	0.1455	-0.1098
985.0	0.9515	-0.7275E-01	0.1421	-0.1083
986.0	0.9527	-0.7130E-01	0.1388	-0.1068
987.0	0.9539	-0.6986E-01	0.1355	-0.1053
988.0	0.9551	-0.6841E-01	0.1322	-0.1037
989.0	0.9562	-0.6696E-01	0.1288	-0.1022
990.0	0.9574	-0.6550E-01	0.1255	-0.1006
991.0	0.9586	-0.6405E-01	0.1221	-0.9896E-01
992.0	0.9598	-0.6259E-01	0.1188	-0.9734E-01
993.0	0.9611	-0.6113E-01	0.1155	-0.9569E-01
994.0	0.9623	-0.5967E-01	0.1121	-0.9402E-01
995.0	0.9635	-0.5821E-01	0.1088	-0.9233E-01
996.0	0.9647	-0.5675E-01	0.1054	-0.9062E-01
997.0	0.9659	-0.5528E-01	0.1021	-0.8889E-01
998.0	0.9671	-0.5381E-01	0.9878E-01	-0.8715E-01
999.0	0.9683	-0.5234E-01	0.9545E-01	-0.8539E-01
1000.0	0.9695	-0.5087E-01	0.9212E-01	-0.8362E-01
1001.0	0.9707	-0.4940E-01	0.8879E-01	-0.8183E-01
1002.0	0.9719	-0.4792E-01	0.8547E-01	-0.8004E-01
1003.0	0.9731	-0.4644E-01	0.8214E-01	-0.7823E-01
1004.0	0.9743	-0.4496E-01	0.7882E-01	-0.7640E-01
1005.0	0.9755	-0.4348E-01	0.7550E-01	-0.7457E-01
1006.0	0.9767	-0.4200E-01	0.7219E-01	-0.7272E-01
1007.0	0.9778	-0.4051E-01	0.6887E-01	-0.7085E-01
1008.0	0.9790	-0.3903E-01	0.6556E-01	-0.6898E-01
1009.0	0.9802	-0.3754E-01	0.6225E-01	-0.6709E-01
1010.0	0.9813	-0.3605E-01	0.5894E-01	-0.6519E-01
1011.0	0.9825	-0.3455E-01	0.5563E-01	-0.6327E-01
1012.0	0.9837	-0.3306E-01	0.5233E-01	-0.6134E-01
1013.0	0.9848	-0.3156E-01	0.4903E-01	-0.5940E-01
1014.0	0.9860	-0.3006E-01	0.4573E-01	-0.5745E-01
1015.0	0.9871	-0.2856E-01	0.4243E-01	-0.5548E-01
1016.0	0.9883	-0.2706E-01	0.3914E-01	-0.5350E-01
1017.0	0.9894	-0.2555E-01	0.3584E-01	-0.5151E-01
1018.0	0.9906	-0.2405E-01	0.3255E-01	-0.4950E-01
1019.0	0.9917	-0.2254E-01	0.2926E-01	-0.4748E-01
1020.0	0.9928	-0.2103E-01	0.2597E-01	-0.4545E-01
1021.0	0.9940	-0.1951E-01	0.2269E-01	-0.4340E-01
1022.0	0.9951	-0.1800E-01	0.1941E-01	-0.4134E-01
1023.0	0.9962	-0.1648E-01	0.1613E-01	-0.3927E-01
1024.0	0.9974	-0.1496E-01	0.1285E-01	-0.3719E-01
1025.0	0.9985	-0.1344E-01	0.9570E-02	-0.3509E-01
1026.0	0.9996	-0.1192E-01	0.6296E-02	-0.3298E-01
1027.0	1.001	-0.1040E-01	0.3024E-02	-0.3085E-01
1028.0	1.002	-0.8870E-02	-0.2466E-03	-0.2872E-01
1029.0	1.003	-0.7342E-02	-0.3515E-02	-0.2657E-01
1030.0	1.004	-0.5812E-02	-0.6781E-02	-0.2440E-01
1031.0	1.005	-0.4280E-02	-0.1004E-01	-0.2223E-01
1032.0	1.006	-0.2745E-02	-0.1331E-01	-0.2004E-01
1033.0	1.007	-0.1205E-02	-0.1657E-01	-0.1783E-01
1034.0	1.008	0.3407E-03	-0.1982E-01	-0.1562E-01
1035.0	1.009	0.1891E-02	-0.2308E-01	-0.1339E-01
1036.0	1.011	0.3446E-02	-0.2633E-01	-0.1115E-01
1037.0	1.012	0.5007E-02	-0.2958E-01	-0.8893E-02
1038.0	1.013	0.6572E-02	-0.3283E-01	-0.6625E-02
1039.0	1.014	0.8143E-02	-0.3608E-01	-0.4344E-02
1040.0	1.015	0.9718E-02	-0.3933E-01	-0.2050E-02
1041.0	1.016	0.1130E-01	-0.4257E-01	0.2572E-03
1042.0	1.017	0.1288E-01	-0.4581E-01	0.2577E-02
1043.0	1.018	0.1448E-01	-0.4905E-01	0.4911E-02
1044.0	1.019	0.1607E-01	-0.5228E-01	0.7257E-02
1045.0	1.020	0.1767E-01	-0.5552E-01	0.9617E-02
1046.0	1.021	0.1928E-01	-0.5875E-01	0.1199E-01
1047.0	1.022	0.2089E-01	-0.6198E-01	0.1437E-01
1048.0	1.023	0.2250E-01	-0.6521E-01	0.1677E-01
1049.0	1.024	0.2413E-01	-0.6844E-01	0.1919E-01
1050.0	1.025	0.2575E-01	-0.7166E-01	0.2161E-01
1051.0	1.026	0.2738E-01	-0.7488E-01	0.2405E-01
1052.0	1.027	0.2902E-01	-0.7810E-01	0.2650E-01
1053.0	1.028	0.3066E-01	-0.8132E-01	0.2896E-01
1054.0	1.029	0.3231E-01	-0.8453E-01	0.3144E-01
1055.0	1.030	0.3396E-01	-0.8775E-01	0.3393E-01
1056.0	1.032	0.3561E-01	-0.9096E-01	0.3643E-01
1057.0	1.033	0.3728E-01	-0.9417E-01	0.3895E-01
1058.0	1.034	0.3894E-01	-0.9737E-01	0.4148E-01
1059.0	1.035	0.4061E-01	-0.1006	0.4402E-01
1060.0	1.036	0.4229E-01	-0.1038	0.4658E-01
1061.0	1.037	0.4397E-01	-0.1070	0.4915E-01
1062.0	1.038	0.4566E-01	-0.1101	0.5173E-01
1063.0	1.039	0.4735E-01	-0.1133	0.5432E-01
1064.0	1.040	0.4905E-01	-0.1164	0.5693E-01
1065.0	1.041	0.5075E-01	-0.1195	0.5955E-01
1066.0	1.041	0.5246E-01	-0.1226	0.6219E-01
1067.0	1.042	0.5417E-01	-0.1257	0.6483E-01
1068.0	1.043	0.5588E-01	-0.1288	0.6749E-01
1069.0	1.044	0.5761E-01	-0.1318	0.7017E-01
1070.0	1.045	0.5933E-01	-0.1348	0.7285E-01
1071.0	1.046	0.6107E-01	-0.1379	0.7555E-01
1072.0	1.047	0.6280E-01	-0.1409	0.7826E-01
1073.0	1.048	0.6455E-01	-0.1438	0.8096E-01
1074.0	1.049	0.6629E-01	-0.1468	0.8367E-01
1075.0	1.050	0.6805E-01	-0.1498	0.8639E-01
1076.0	1.051	0.6980E-01	-0.1527	0.8910E-01
1077.0	1.052	0.7157E-01	-0.1556	0.9182E-01
1078.0	1.053	0.7333E-01	-0.1585	0.9453E-01
1079.0	1.054	0.7511E-01	-0.1614	0.9725E-01
1080.0	1.055	0.7688E-01	-0.1643	0.9998E-01
1081.0	1.056	0.7867E-01	-0.1672	0.1027
1082.0	1.057	0.8045E-01	-0.1700	0.1054
1083.0	1.058	0.8225E-01	-0.1728	0.1082
1084.0	1.058	0.8404E-01	-0.1757	0.1109
1085.0	1.059	0.8585E-01	-0.1785	0.1136
1086.0	1.060	0.8765E-01	-0.1812	0.1164
1087.0	1.061	0.8947E-01	-0.1840	0.1191
1088.0	1.062	0.9129E-01	-0.1868	0.1218
1089.0	1.063	0.9311E-01	-0.1895	0.1246
1090.0	1.064	0.9494E-01	-0.1922	0.1273
1091.0	1.065	0.9677E-01	-0.1949	0.1301
1092.0	1.066	0.9861E-01	-0.1976	0.1328
1093.0	1.066	0.1005	-0.2003	0.1355
1094.0	1.067	0.1023	-0.2029	0.1383
1095.0	1.068	0.1042	-0.2056	0.1411
1096.0	1.069	0.1060	-0.2082	0.1438
1097.0	1.070	0.1079	-0.2108	0.1466
1098.0	1.071	0.1097	-0.2134	0.1493
1099.0	1.071	0.1116	-0.2160	0.1521
1100.0	1.072	0.1135	-0.2185	0.1548
1101.0	1.073	0.1154	-0.2211	0.1576
1102.0	1.074	0.1173	-0.2236	0.1604
1103.0	1.075	0.1192	-0.2261	0.1631
1104.0	1.075	0.1211	-0.2286	0.1659
1105.0	1.076	0.1230	-0.2311	0.1687
1106.0	1.077	0.1249	-0.2335	0.1715
1107.0	1.078	0.1268	-0.2360	0.1742
1108.0	1.079	0.1287	-0.2384	0.1770
1109.0	1.079	0.1306	-0.2408	0.1798
1110.0	1.080	0.1326	-0.2432	0.1826
1111.0	1.081	0.1345	-0.2456	0.1854
1112.0	1.082	0.1364	-0.2480	0.1882
1113.0	1.082	0.1384	-0.2503	0.1909
1114.0	1.083	0.1403	-0.2527	0.1937
1115.0	1.084	0.1423	-0.2550	0.1965
1116.0	1.085	0.1442	-0.2573	0.1993
1117.0	1.085	0.1462	-0.2596	0.2021
1118.0	1.086	0.1482	-0.2619	0.2049
1119.0	1.087	0.1502	-0.2641	0.2077
1120.0	1.088	0.1521	-0.2664	0.2105
1121.0	1.088	0.1541	-0.2686	0.2133
1122.0	1.089	0.1561	-0.2708	0.2161
1123.0	1.090	0.1581	-0.2730	0.2190
1124.0	1.090	0.1601	-0.2752	0.2218
1125.0	1.091	0.1621	-0.2773	0.2246
1126.0	1.092	0.1641	-0.2795	0.2274
1127.0	1.093	0.1661	-0.2817	0.2302
1128.0	1.093	0.1682	-0.2838	0.2330
1129.0	1.094	0.1702	-0.2859	0.2359
1130.0	1.095	0.1722	-0.2880	0.2387
1131.0	1.095	0.1742	-0.2901	0.2415
1132.0	1.096	0.1763	-0.2922	0.2443
1133.0	1.097	0.1783	-0.2943	0.2472
1134.0	1.097	0.1804	-0.2964	0.2500
1135.0	1.098	0.1824	-0.2984	0.2528
1136.0	1.098	0.1845	-0.3005	0.2557
1137.0	1.099	0.1866	-0.3025	0.2585
1138.0	1.100	0.1886	-0.3045	0.2614
1139.0	1.100	0.1907	-0.3065	0.2642
1140.0	1.101	0.1928	-0.3085	0.2670
1141.0	1.102	0.1949	-0.3105	0.2699
1142.0	1.102	0.1970	-0.3125	0.2727
1143.0	1.103	0.1991	-0.3144	0.2756
1144.0	1.103	0.2012	-0.3164	0.2784
1145.0	1.104	0.2033	-0.3183	0.2813
1146.0	1.105	0.2054	-0.3202	0.2841
1147.0	1.105	0.2075	-0.3222	0.2870
1148.0	1.106	0.2096	-0.3241	0.2899
1149.0	1.106	0.2117	-0.3260	0.2927
1150.0	1.107	0.2139	-0.3278	0.2956
1151.0	1.107	0.2160	-0.3297	0.2985
1152.0	1.108	0.2181	-0.3316	0.3013
1153.0	1.109	0.2202	-0.3334	0.3042
1154.0	1.109	0.2223	-0.3352	0.3071
1155.0	1.110	0.2245	-0.3371	0.3100
1156.0	1.110	0.2266	-0.3389	0.3129
1157.0	1.111	0.2287	-0.3407	0.3158
1158.0	1.111	0.2308	-0.3425	0.3187
1159.0	1.112	0.2329	-0.3442	0.3216
1160.0	1.112	0.2351	-0.3460	0.3245
1161.0	1.113	0.2372	-0.3478	0.3275
1162.0	1.113	0.2393	-0.3495	0.3304
1163.0	1.114	0.2414	-0.3512	0.3334
1164.0	1.115	0.2436	-0.3529	0.3363
1165.0	1.115	0.2457	-0.3547	0.3393
1166.0	1.116	0.2478	-0.3563	0.3422
1167.0	1.116	0.2499	-0.3580	0.3452
1168.0	1.117	0.2521	-0.3597	0.3482
1169.0	1.117	0.2542	-0.3614	0.3512
1170.0	1.118	0.2563	-0.3630	0.3541
1171.0	1.118	0.2584	-0.3646	0.3571
1172.0	1.119	0.2606	-0.3663	0.3601
1173.0	1.119	0.2627	-0.3679	0.3632
1174.0	1.120	0.2648	-0.3695	0.3662
1175.0	1.120	0.2670	-0.3711	0.3692
1176.0	1.121	0.2691	-0.3727	0.3722
1177.0	1.121	0.2712	-0.3742	0.3752
1178.0	1.122	0.2733	-0.3758	0.3783
1179.0	1.122	0.2755	-0.3773	0.3813
1180.0	1.123	0.2776	-0.3789	0.3844
1181.0	1.123	0.2797	-0.3804	0.3875
1182.0	1.124	0.2819	-0.3819	0.3905
1183.0	1.124	0.2840	-0.3834	0.3936
1184.0	1.125	0.2861	-0.3849	0.3967
1185.0	1.126	0.2883	-0.3863	0.3998
1186.0	1.126	0.2904	-0.3878	0.4028
1187.0	1.127	0.2925	-0.3893	0.4059
1188.0	1.127	0.2947	-0.3907	0.4091
1189.0	1.128	0.2968	-0.3922	0.4122
1190.0	1.128	0.2989	-0.3936	0.4153
1191.0	1.129	0.3011	-0.3951	0.4184
1192.0	1.129	0.3032	-0.3966	0.4215
1193.0	1.130	0.3054	-0.3981	0.4247
1194.0	1.130	0.3075	-0.3996	0.4278
1195.0	1.131	0.3096	-0.4011	0.4310
1196.0	1.131	0.3118	-0.4026	0.4341
1197.0	1.132	0.3139	-0.4041	0.4373
1198.0	1.132	0.3160	-0.4057	0.4405
1199.0	1.133	0.3182	-0.4072	0.4436
1200.0	1.133	0.3203	-0.4088	0.4468
1201.0	1.134	0.3225	-0.4103	0.4500
1202.0	1.134	0.3246	-0.4119	0.4532
1203.0	1.134	0.3267	-0.4135	0.4564
1204.0	1.135	0.3289	-0.4151	0.4596
1205.0	1.135	0.3310	-0.4167	0.4628
1206.0	1.136	0.3332	-0.4183	0.4661
1207.0	1.136	0.3353	-0.4199	0.4693
1208.0	1.137	0.3375	-0.4216	0.4725
1209.0	1.138	0.3396	-0.4232	0.4758
1210.0	1.138	0.3417	-0.4249	0.4790
1211.0	1.139	0.3439	-0.4265	0.4823
1212.0	1.139	0.3460	-0.4282	0.4855
1213.0	1.140	0.3482	-0.4299	0.4888
1214.0	1.140	0.3503	-0.4316	0.4921
1215.0	1.141	0.3525	-0.4333	0.4953
1216.0	1.142	0.3546	-0.4350	0.4986
1217.0	1.142	0.3568	-0.4367	0.5019
1218.0	1.143	0.3589	-0.4384	0.5052
1219.0	1.144	0.3610	-0.4401	0.5085
1220.0	1.144	0.3632	-0.4419	0.5118
1221.0	1.145	0.3653	-0.4436	0.5152
1222.0	1.146	0.3675	-0.4454	0.5185
1223.0	1.146	0.3696	-0.4472	0.5218
1224.0	1.147	0.3718	-0.4490	0.5252
1225.0	1.148	0.3739	-0.4508	0.5285
1226.0	1.149	0.3761	-0.4526	0.5319
1227.0	1.149	0.3782	-0.4544	0.5352
1228.0	1.150	0.3804	-0.4562	0.5386
1229.0	1.151	0.3825	-0.4580	0.5420
1230.0	1.152	0.3847	-0.4598	0.5453
1231.0	1.152	0.3868	-0.4617	0.5487
1232.0	1.153	0.3890	-0.4636	0.5521
1233.0	1.154	0.3912	-0.4654	0.5555
1234.0	1.155	0.3933	-0.4673	0.5589
1235.0	1.156	0.3955	-0.4692	0.5623
1236.0	1.157	0.3976	-0.4711	0.5657
1237.0	1.158	0.3998	-0.4730	0.5691
1238.0	1.159	0.4019	-0.4749	0.5726
1239.0	1.159	0.4041	-0.4768	0.5760
1240.0	1.160	0.4062	-0.4787	0.5794
1241.0	1.161	0.4084	-0.4807	0.5827
1242.0	1.162	0.4105	-0.4826	0.5861
1243.0	1.163	0.4127	-0.4846	0.5895
1244.0	1.164	0.4149	-0.4866	0.5929
1245.0	1.165	0.4171	-0.4885	0.5962
1246.0	1.166	0.4192	-0.4905	0.5996
1247.0	1.167	0.4214	-0.4925	0.6029
1248.0	1.168	0.4236	-0.4944	0.6063
1249.0	1.169	0.4258	-0.4963	0.6096
1250.0	1.170	0.4280	-0.4982	0.6129
1251.0	1.171	0.4302	-0.5001	0.6163
1252.0	1.171	0.4324	-0.5020	0.6196
1253.0	1.172	0.4347	-0.5039	0.6229
1254.0	1.173	0.4369	-0.5057	0.6262
1255.0	1.174	0.4391	-0.5075	0.6295
1256.0	1.175	0.4414	-0.5093	0.6328
1257.0	1.175	0.4436	-0.5111	0.6360
1258.0	1.176	0.4459	-0.5129	0.6393
1259.0	1.177	0.4481	-0.5147	0.6426
1260.0	1.178	0.4504	-0.5164	0.6458
1261.0	1.178	0.4526	-0.5181	0.6491
1262.0	1.179	0.4549	-0.5199	0.6523
1263.0	1.180	0.4572	-0.5216	0.6556
1264.0	1.180	0.4595	-0.5232	0.6588
1265.0	1.181	0.4618	-0.5249	0.6620
1266.0	1.182	0.4641	-0.5266	0.6653
1267.0	1.182	0.4664	-0.5282	0.6685
1268.0	1.183	0.4687	-0.5298	0.6717
1269.0	1.183	0.4710	-0.5314	0.6749
1270.0	1.184	0.4733	-0.5330	0.6781
1271.0	1.184	0.4757	-0.5346	0.6812
1272.0	1.185	0.4780	-0.5361	0.6844
1273.0	1.186	0.4803	-0.5377	0.6876
1274.0	1.186	0.4827	-0.5392	0.6908
1275.0	1.186	0.4850	-0.5407	0.6939
1276.0	1.187	0.4874	-0.5422	0.6971
1277.0	1.187	0.4897	-0.5436	0.7002
1278.0	1.188	0.4921	-0.5451	0.7033
1279.0	1.188	0.4945	-0.5465	0.7065
1280.0	1.189	0.4969	-0.5480	0.7096
1281.0	1.189	0.4992	-0.5494	0.7127
1282.0	1.189	0.5016	-0.5508	0.7158
1283.0	1.190	0.5040	-0.5521	0.7189
1284.0	1.190	0.5064	-0.5535	0.7220
1285.0	1.190	0.5088	-0.5548	0.7251
1286.0	1.190	0.5113	-0.5562	0.7282
1287.0	1.191	0.5137	-0.5575	0.7313
1288.0	1.191	0.5161	-0.5588	0.7343
1289.0	1.191	0.5185	-0.5600	0.7373
1290.0	1.191	0.5210	-0.5613	0.7402
1291.0	1.191	0.5234	-0.5625	0.7430
1292.0	1.191	0.5259	-0.5637	0.7458
1293.0	1.191	0.5283	-0.5648	0.7486
1294.0	1.191	0.5308	-0.5658	0.7513
1295.0	1.191	0.5333	-0.5668	0.7540
1296.0	1.191	0.5357	-0.5678	0.7565
1297.0	1.191	0.5382	-0.5687	0.7591
1298.0	1.191	0.5407	-0.5696	0.7616
1299.0	1.191	0.5432	-0.5704	0.7640
1300.0	1.191	0.5457	-0.5712	0.7664
1301.0	1.191	0.5482	-0.5719	0.7687
1302.0	1.191	0.5507	-0.5726	0.7710
1303.0	1.190	0.5532	-0.5733	0.7732
1304.0	1.190	0.5557	-0.5739	0.7754
1305.0	1.190	0.5583	-0.5744	0.7775
1306.0	1.190	0.5608	-0.5749	0.7795
1307.0	1.189	0.5633	-0.5754	0.7815
1308.0	1.189	0.5659	-0.5758	0.7835
1309.0	1.189	0.5684	-0.5761	0.7854
1310.0	1.188	0.5710	-0.5765	0.7872
1311.0	1.188	0.5735	-0.5767	0.7890
1312.0	1.187	0.5761	-0.5770	0.7907
1313.0	1.187	0.5787	-0.5771	0.7924
1314.0	1.186	0.5813	-0.5773	0.7940
1315.0	1.186	0.5839	-0.5773	0.7956
1316.0	1.185	0.5864	-0.5774	0.7971
1317.0	1.185	0.5890	-0.5774	0.7986
1318.0	1.184	0.5916	-0.5773	0.8000
1319.0	1.183	0.5942	-0.5772	0.8013
1320.0	1.183	0.5969	-0.5770	0.8026
1321.0	1.182	0.5995	-0.5768	0.8039
1322.0	1.181	0.6021	-0.5766	0.8051
1323.0	1.180	0.6047	-0.5763	0.8062
1324.0	1.180	0.6074	-0.5760	0.8073
1325.0	1.179	0.6101	-0.5756	0.8083
1326.0	1.178	0.6127	-0.5751	0.8093
1327.0	1.177	0.6154	-0.5747	0.8102
1328.0	1.176	0.6181	-0.5741	0.8111
1329.0	1.175	0.6209	-0.5736	0.8119
1330.0	1.174	0.6236	-0.5729	0.8127
1331.0	1.173	0.6264	-0.5723	0.8134
1332.0	1.172	0.6291	-0.5715	0.8140
1333.0	1.171	0.6319	-0.5708	0.8147
1334.0	1.170	0.6347	-0.5699	0.8153
1335.0	1.169	0.6375	-0.5690	0.8158
1336.0	1.168	0.6403	-0.5681	0.8163
1337.0	1.167	0.6432	-0.5670	0.8168
1338.0	1.166	0.6460	-0.5660	0.8173
1339.0	1.165	0.6489	-0.5648	0.8177
1340.0	1.164	0.6518	-0.5637	0.8181
1341.0	1.163	0.6547	-0.5624	0.8185
1342.0	1.162	0.6576	-0.5611	0.8189
1343.0	1.160	0.6605	-0.5598	0.8192
1344.0	1.159	0.6634	-0.5584	0.8195
1345.0	1.158	0.6664	-0.5569	0.8197
1346.0	1.157	0.6694	-0.5554	0.8200
1347.0	1.155	0.6723	-0.5538	0.8202
1348.0	1.154	0.6753	-0.5521	0.8203
1349.0	1.153	0.6784	-0.5504	0.8205
1350.0	1.151	0.6814	-0.5487	0.8206
1351.0	1.150	0.6844	-0.5469	0.8206
1352.0	1.149	0.6875	-0.5450	0.8207
1353.0	1.147	0.6905	-0.5431	0.8207
1354.0	1.146	0.6936	-0.5411	0.8207
1355.0	1.144	0.6967	-0.5391	0.8206
1356.0	1.143	0.6998	-0.5370	0.8205
1357.0	1.141	0.7030	-0.5348	0.8202
1358.0	1.140	0.7061	-0.5326	0.8196
1359.0	1.138	0.7093	-0.5304	0.8187
1360.0	1.136	0.7124	-0.5280	0.8177
1361.0	1.135	0.7156	-0.5257	0.8163
1362.0	1.133	0.7188	-0.5232	0.8148
1363.0	1.131	0.7220	-0.5206	0.8130
1364.0	1.129	0.7253	-0.5178	0.8110
1365.0	1.127	0.7285	-0.5150	0.8087
1366.0	1.125	0.7317	-0.5120	0.8062
1367.0	1.123	0.7349	-0.5089	0.8035
1368.0	1.120	0.7381	-0.5056	0.8005
1369.0	1.118	0.7412	-0.5022	0.7973
1370.0	1.116	0.7442	-0.4987	0.7938
1371.0	1.114	0.7473	-0.4951	0.7897
1372.0	1.111	0.7503	-0.4913	0.7849
1373.0	1.108	0.7532	-0.4874	0.7793
1374.0	1.105	0.7561	-0.4834	0.7730
1375.0	1.102	0.7590	-0.4792	0.7660
1376.0	1.098	0.7618	-0.4750	0.7583
1377.0	1.094	0.7646	-0.4705	0.7498
1378.0	1.090	0.7674	-0.4660	0.7406
1379.0	1.086	0.7701	-0.4610	0.7307
1380.0	1.081	0.7728	-0.4556	0.7200
1381.0	1.076	0.7754	-0.4498	0.7087
1382.0	1.071	0.7780	-0.4436	0.6966
1383.0	1.066	0.7806	-0.4370	0.6837
1384.0	1.060	0.7831	-0.4299	0.6703
1385.0	1.054	0.7856	-0.4224	0.6565
1386.0	1.048	0.7880	-0.4145	0.6422
1387.0	1.041	0.7904	-0.4061	0.6276
1388.0	1.035	0.7928	-0.3974	0.6125
1389.0	1.028	0.7951	-0.3882	0.5970
1390.0	1.020	0.7974	-0.3786	0.5811
1391.0	1.013	0.7996	-0.3685	0.5648
1392.0	1.005	0.8018	-0.3581	0.5480
1393.0	0.9970	0.8040	-0.3472	0.5308
1394.0	0.9886	0.8061	-0.3361	0.5133
1395.0	0.9800	0.8082	-0.3246	0.4953
1396.0	0.9712	0.8103	-0.3130	0.4771
1397.0	0.9620	0.8123	-0.3010	0.4590
1398.0	0.9527	0.8143	-0.2888	0.4411
1399.0	0.9434	0.8162	-0.2763	0.4233
1400.0	0.9341	0.8181	-0.2636	0.4057
1401.0	0.9249	0.8199	-0.2506	0.3883
1402.0	0.9157	0.8218	-0.2373	0.3710
1403.0	0.9066	0.8235	-0.2238	0.3539
1404.0	0.8975	0.8253	-0.2102	0.3369
1405.0	0.8885	0.8270	-0.1970	0.3200
1406.0	0.8795	0.8286	-0.1843	0.3033
1407.0	0.8705	0.8303	-0.1720	0.2871
1408.0	0.8618	0.8319	-0.1601	0.2715
1409.0	0.8534	0.8334	-0.1487	0.2567
1410.0	0.8455	0.8350	-0.1377	0.2426
1411.0	0.8380	0.8365	-0.1272	0.2293
1412.0	0.8309	0.8380	-0.1171	0.2167
1413.0	0.8242	0.8394	-0.1074	0.2048
1414.0	0.8179	0.8409	-0.9815E-01	0.1937
1415.0	0.8120	0.8423	-0.8937E-01	0.1833
1416.0	0.8066	0.8436	-0.8106E-01	0.1737
1417.0	0.8015	0.8450	-0.7324E-01	0.1648
1418.0	0.7967	0.8463	-0.6590E-01	0.1566
1419.0	0.7922	0.8476	-0.5904E-01	0.1492
1420.0	0.7880	0.8488	-0.5265E-01	0.1425
1421.0	0.7841	0.8501	-0.4675E-01	0.1365
1422.0	0.7805	0.8513	-0.4132E-01	0.1310
1423.0	0.7772	0.8524	-0.3637E-01	0.1260
1424.0	0.7742	0.8536	-0.3191E-01	0.1216
1425.0	0.7716	0.8547	-0.2792E-01	0.1177
1426.0	0.7692	0.8557	-0.2441E-01	0.1144
1427.0	0.7671	0.8568	-0.2138E-01	0.1116
1428.0	0.7652	0.8578	-0.1883E-01	0.1093
1429.0	0.7634	0.8588	-0.1668E-01	0.1076
1430.0	0.7617	0.8597	-0.1465E-01	0.1064
1431.0	0.7601	0.8607	-0.1274E-01	0.1058
1432.0	0.7585	0.8616	-0.1095E-01	0.1057
1433.0	0.7570	0.8624	-0.9265E-02	0.1061
1434.0	0.7556	0.8633	-0.7695E-02	0.1071
1435.0	0.7542	0.8641	-0.6239E-02	0.1085
1436.0	0.7530	0.8649	-0.4897E-02	0.1099
1437.0	0.7517	0.8656	-0.3667E-02	0.1114
1438.0	0.7506	0.8664	-0.2552E-02	0.1128
1439.0	0.7495	0.8671	-0.1549E-02	0.1142
1440.0	0.7485	0.8677	-0.6606E-03	0.1156
1441.0	0.7476	0.8684	0.1149E-03	0.1170
1442.0	0.7467	0.8690	0.7769E-03	0.1184
1443.0	0.7460	0.8696	0.1326E-02	0.1198
1444.0	0.7452	0.8701	0.1761E-02	0.1212
1445.0	0.7446	0.8706	0.2098E-02	0.1226
1446.0	0.7440	0.8711	0.2367E-02	0.1240
1447.0	0.7436	0.8716	0.2570E-02	0.1254
1448.0	0.7432	0.8720	0.2705E-02	0.1268
1449.0	0.7429	0.8724	0.2774E-02	0.1281
1450.0	0.7426	0.8729	0.2775E-02	0.1295
1451.0	0.7425	0.8734	0.2710E-02	0.1309
1452.0	0.7425	0.8738	0.2578E-02	0.1323
1453.0	0.7425	0.8743	0.2378E-02	0.1339
1454.0	0.7427	0.8748	0.2112E-02	0.1355
1455.0	0.7429	0.8754	0.1778E-02	0.1372
1456.0	0.7432	0.8759	0.1378E-02	0.1390
1457.0	0.7437	0.8765	0.9107E-03	0.1409
1458.0	0.7442	0.8770	0.3764E-03	0.1429
1459.0	0.7448	0.8776	-0.2249E-03	0.1449
1460.0	0.7454	0.8782	-0.8932E-03	0.1471
1461.0	0.7462	0.8788	-0.1628E-02	0.1493
1462.0	0.7471	0.8794	-0.2431E-02	0.1516
1463.0	0.7480	0.8801	-0.3300E-02	0.1540
1464.0	0.7491	0.8807	-0.4236E-02	0.1565
1465.0	0.7502	0.8814	-0.5239E-02	0.1591
1466.0	0.7514	0.8821	-0.6309E-02	0.1618
1467.0	0.7527	0.8828	-0.7447E-02	0.1645
1468.0	0.7541	0.8835	-0.8651E-02	0.1673
1469.0	0.7556	0.8842	-0.9922E-02	0.1703
1470.0	0.7572	0.8850	-0.1126E-01	0.1733
1471.0	0.7588	0.8857	-0.1266E-01	0.1764
1472.0	0.7606	0.8865	-0.1414E-01	0.1795
1473.0	0.7624	0.8873	-0.1568E-01	0.1828
1474.0	0.7643	0.8881	-0.1730E-01	0.1861
1475.0	0.7663	0.8889	-0.1900E-01	0.1896
1476.0	0.7683	0.8898	-0.2078E-01	0.1931
1477.0	0.7704	0.8906	-0.2264E-01	0.1967
1478.0	0.7725	0.8915	-0.2458E-01	0.2004
1479.0	0.7747	0.8924	-0.2659E-01	0.2042
1480.0	0.7769	0.8933	-0.2869E-01	0.2080
1481.0	0.7792	0.8942	-0.3086E-01	0.2120
1482.0	0.7815	0.8951	-0.3312E-01	0.2161
1483.0	0.7839	0.8960	-0.3545E-01	0.2203
1484.0	0.7863	0.8970	-0.3786E-01	0.2246
1485.0	0.7888	0.8979	-0.4034E-01	0.2290
1486.0	0.7914	0.8989	-0.4291E-01	0.2336
1487.0	0.7939	0.8999	-0.4556E-01	0.2382
1488.0	0.7966	0.9009	-0.4828E-01	0.2430
1489.0	0.7993	0.9020	-0.5109E-01	0.2479
1490.0	0.8020	0.9030	-0.5397E-01	0.2529
1491.0	0.8048	0.9041	-0.5693E-01	0.2580
1492.0	0.8077	0.9051	-0.5997E-01	0.2632
1493.0	0.8106	0.9062	-0.6309E-01	0.2686
1494.0	0.8135	0.9073	-0.6628E-01	0.2740
1495.0	0.8165	0.9084	-0.6956E-01	0.2796
1496.0	0.8196	0.9096	-0.7292E-01	0.2853
1497.0	0.8227	0.9107	-0.7635E-01	0.2911
1498.0	0.8259	0.9119	-0.7986E-01	0.2971
1499.0	0.8291	0.9130	-0.8345E-01	0.3031
1500.0	0.8324	0.9142	-0.8712E-01	0.3093
1501.0	0.8357	0.9154	-0.9087E-01	0.3155
1502.0	0.8390	0.9166	-0.9470E-01	0.3219
1503.0	0.8422	0.9178	-0.9861E-01	0.3284
1504.0	0.8455	0.9191	-0.1026	0.3350
1505.0	0.8488	0.9203	-0.1067	0.3418
1506.0	0.8521	0.9216	-0.1107	0.3486
1507.0	0.8554	0.9229	-0.1148	0.3556
1508.0	0.8586	0.9242	-0.1189	0.3626
1509.0	0.8619	0.9255	-0.1229	0.3695
1510.0	0.8652	0.9268	-0.1270	0.3765
1511.0	0.8684	0.9282	-0.1310	0.3834
1512.0	0.8717	0.9295	-0.1351	0.3904
1513.0	0.8750	0.9309	-0.1391	0.3973
1514.0	0.8782	0.9322	-0.1431	0.4042
1515.0	0.8815	0.9336	-0.1471	0.4111
1516.0	0.8847	0.9350	-0.1511	0.4180
1517.0	0.8879	0.9365	-0.1551	0.4249
1518.0	0.8912	0.9379	-0.1591	0.4318
1519.0	0.8944	0.9394	-0.1630	0.4387
1520.0	0.8976	0.9408	-0.1670	0.4455
1521.0	0.9009	0.9423	-0.1710	0.4524
1522.0	0.9041	0.9438	-0.1749	0.4592
1523.0	0.9073	0.9453	-0.1788	0.4660
1524.0	0.9105	0.9468	-0.1828	0.4728
1525.0	0.9137	0.9483	-0.1867	0.4796
1526.0	0.9169	0.9499	-0.1906	0.4864
1527.0	0.9202	0.9515	-0.1945	0.4932
1528.0	0.9234	0.9530	-0.1984	0.5000
1529.0	0.9266	0.9546	-0.2023	0.5067
1530.0	0.9297	0.9562	-0.2061	0.5135
1531.0	0.9329	0.9578	-0.2100	0.5202
1532.0	0.9360	0.9595	-0.2138	0.5270
1533.0	0.9391	0.9611	-0.2177	0.5337
1534.0	0.9422	0.9628	-0.2215	0.5404
1535.0	0.9452	0.9645	-0.2253	0.5471
1536.0	0.9483	0.9661	-0.2292	0.5538
1537.0	0.9513	0.9678	-0.2330	0.5604
1538.0	0.9542	0.9696	-0.2368	0.5671
1539.0	0.9572	0.9713	-0.2406	0.5737
1540.0	0.9601	0.9730	-0.2443	0.5802
1541.0	0.9630	0.9748	-0.2481	0.5867
1542.0	0.9659	0.9765	-0.2519	0.5931
1543.0	0.9688	0.9782	-0.2556	0.5995
1544.0	0.9716	0.9800	-0.2593	0.6059
1545.0	0.9744	0.9817	-0.2630	0.6122
1546.0	0.9772	0.9834	-0.2667	0.6184
1547.0	0.9799	0.9850	-0.2703	0.6246
1548.0	0.9827	0.9867	-0.2740	0.6307
1549.0	0.9854	0.9884	-0.2776	0.6368
1550.0	0.9881	0.9900	-0.2812	0.6428
1551.0	0.9907	0.9917	-0.2847	0.6488
1552.0	0.9934	0.9933	-0.2883	0.6547
1553.0	0.9960	0.9950	-0.2918	0.6606
1554.0	0.9986	0.9966	-0.2953	0.6665
1555.0	1.001	0.9982	-0.2988	0.6722
1556.0	1.004	0.9998	-0.3023	0.6780
1557.0	1.006	1.001	-0.3057	0.6836
1558.0	1.009	1.003	-0.3092	0.6893
1559.0	1.011	1.005	-0.3126	0.6948
1560.0	1.014	1.006	-0.3160	0.7004
1561.0	1.016	1.008	-0.3194	0.7058
1562.0	1.018	1.009	-0.3227	0.7113
1563.0	1.021	1.011	-0.3260	0.7166
1564.0	1.023	1.012	-0.3293	0.7220
1565.0	1.025	1.014	-0.3326	0.7272
1566.0	1.028	1.015	-0.3359	0.7325
1567.0	1.030	1.017	-0.3392	0.7376
1568.0	1.032	1.018	-0.3424	0.7427
1569.0	1.035	1.020	-0.3456	0.7478
1570.0	1.037	1.021	-0.3488	0.7528
1571.0	1.039	1.023	-0.3520	0.7578
1572.0	1.041	1.024	-0.3551	0.7627
1573.0	1.043	1.025	-0.3583	0.7676
1574.0	1.045	1.027	-0.3614	0.7724
1575.0	1.047	1.028	-0.3645	0.7772
1576.0	1.049	1.030	-0.3675	0.7819
1577.0	1.051	1.031	-0.3706	0.7865
1578.0	1.053	1.032	-0.3736	0.7911
1579.0	1.055	1.034	-0.3766	0.7957
1580.0	1.057	1.035	-0.3796	0.8002
1581.0	1.059	1.037	-0.3826	0.8047
1582.0	1.061	1.038	-0.3855	0.8091
1583.0	1.063	1.039	-0.3885	0.8135
1584.0	1.065	1.041	-0.3914	0.8179
1585.0	1.067	1.042	-0.3943	0.8222
1586.0	1.069	1.043	-0.3972	0.8265
1587.0	1.071	1.044	-0.4000	0.8308
1588.0	1.072	1.046	-0.4028	0.8350
1589.0	1.074	1.047	-0.4057	0.8392
1590.0	1.076	1.048	-0.4084	0.8433
1591.0	1.078	1.049	-0.4112	0.8475
1592.0	1.079	1.051	-0.4140	0.8515
1593.0	1.081	1.052	-0.4167	0.8556
1594.0	1.083	1.053	-0.4194	0.8596
1595.0	1.084	1.054	-0.4221	0.8636
1596.0	1.086	1.056	-0.4248	0.8675
1597.0	1.088	1.057	-0.4274	0.8714
1598.0	1.089	1.058	-0.4300	0.8753
1599.0	1.091	1.059	-0.4326	0.8791
1600.0	1.093	1.060	-0.4352	0.8829
1601.0	1.094	1.061	-0.4377	0.8866
1602.0	1.096	1.062	-0.4402	0.8903
1603.0	1.097	1.063	-0.4427	0.8940
1604.0	1.099	1.064	-0.4452	0.8977
1605.0	1.100	1.065	-0.4476	0.9013
1606.0	1.102	1.066	-0.4500	0.9049
1607.0	1.103	1.067	-0.4523	0.9084
1608.0	1.104	1.068	-0.4547	0.9119
1609.0	1.106	1.069	-0.4570	0.9154
1610.0	1.107	1.070	-0.4593	0.9188
1611.0	1.109	1.071	-0.4615	0.9222
1612.0	1.110	1.072	-0.4638	0.9256
1613.0	1.111	1.073	-0.4660	0.9289
1614.0	1.113	1.074	-0.4681	0.9322
1615.0	1.114	1.075	-0.4703	0.9355
1616.0	1.115	1.076	-0.4724	0.9387
1617.0	1.116	1.077	-0.4745	0.9419
1618.0	1.118	1.078	-0.4765	0.9450
1619.0	1.119	1.078	-0.4786	0.9481
1620.0	1.120	1.079	-0.4806	0.9512
1621.0	1.121	1.080	-0.4825	0.9542
1622.0	1.122	1.081	-0.4845	0.9572
1623.0	1.124	1.082	-0.4864	0.9602
1624.0	1.125	1.082	-0.4883	0.9631
1625.0	1.126	1.083	-0.4901	0.9660
1626.0	1.127	1.084	-0.4920	0.9689
1627.0	1.128	1.085	-0.4938	0.9717
1628.0	1.129	1.085	-0.4956	0.9745
1629.0	1.130	1.086	-0.4973	0.9772
1630.0	1.131	1.087	-0.4990	0.9800
1631.0	1.132	1.087	-0.5007	0.9826
1632.0	1.133	1.088	-0.5024	0.9853
1633.0	1.134	1.089	-0.5040	0.9879
1634.0	1.135	1.089	-0.5056	0.9905
1635.0	1.136	1.090	-0.5072	0.9930
1636.0	1.137	1.090	-0.5088	0.9955
1637.0	1.137	1.091	-0.5103	0.9980
1638.0	1.138	1.091	-0.5118	1.000
1639.0	1.139	1.092	-0.5133	1.003
1640.0	1.140	1.092	-0.5147	1.005
1641.0	1.141	1.093	-0.5161	1.007
1642.0	1.141	1.093	-0.5175	1.010
1643.0	1.142	1.094	-0.5189	1.012
1644.0	1.143	1.094	-0.5202	1.014
1645.0	1.144	1.095	-0.5215	1.016
1646.0	1.144	1.095	-0.5228	1.019
1647.0	1.145	1.096	-0.5240	1.021
1648.0	1.146	1.096	-0.5252	1.023
1649.0	1.146	1.097	-0.5264	1.025
1650.0	1.147	1.097	-0.5276	1.027
1651.0	1.148	1.097	-0.5287	1.029
1652.0	1.148	1.098	-0.5298	1.031
1653.0	1.149	1.098	-0.5309	1.033
1654.0	1.149	1.099	-0.5319	1.034
1655.0	1.150	1.099	-0.5330	1.036
1656.0	1.151	1.100	-0.5340	1.038
1657.0	1.151	1.100	-0.5349	1.040
1658.0	1.152	1.101	-0.5359	1.041
1659.0	1.152	1.101	-0.5368	1.043
1660.0	1.153	1.102	-0.5376	1.045
1661.0	1.153	1.102	-0.5385	1.046
1662.0	1.154	1.103	-0.5393	1.048
1663.0	1.154	1.103	-0.5401	1.049
1664.0	1.155	1.104	-0.5409	1.051
1665.0	1.155	1.104	-0.5416	1.052
1666.0	1.155	1.105	-0.5423	1.054
1667.0	1.156	1.105	-0.5430	1.055
1668.0	1.156	1.106	-0.5437	1.056
1669.0	1.157	1.107	-0.5443	1.058
1670.0	1.157	1.107	-0.5449	1.059
1671.0	1.157	1.108	-0.5455	1.060
1672.0	1.158	1.108	-0.5460	1.061
1673.0	1.158	1.109	-0.5465	1.062
1674.0	1.158	1.109	-0.5470	1.063
1675.0	1.159	1.110	-0.5475	1.064
1676.0	1.159	1.111	-0.5479	1.065
1677.0	1.159	1.111	-0.5483	1.066
1678.0	1.160	1.112	-0.5487	1.067
1679.0	1.160	1.113	-0.5491	1.068
1680.0	1.160	1.113	-0.5494	1.069
1681.0	1.160	1.114	-0.5497	1.070
1682.0	1.160	1.114	-0.5499	1.070
1683.0	1.161	1.115	-0.5502	1.071
1684.0	1.161	1.116	-0.5504	1.072
1685.0	1.161	1.116	-0.5505	1.072
1686.0	1.161	1.117	-0.5506	1.073
1687.0	1.161	1.118	-0.5507	1.073
1688.0	1.161	1.118	-0.5508	1.074
1689.0	1.162	1.119	-0.5508	1.074
1690.0	1.162	1.120	-0.5509	1.075
1691.0	1.162	1.121	-0.5508	1.075
1692.0	1.162	1.121	-0.5508	1.075
1693.0	1.162	1.122	-0.5507	1.076
1694.0	1.162	1.123	-0.5505	1.076
1695.0	1.162	1.123	-0.5504	1.076
1696.0	1.162	1.124	-0.5502	1.076
1697.0	1.162	1.125	-0.5500	1.076
1698.0	1.162	1.126	-0.5497	1.076
1699.0	1.162	1.126	-0.5494	1.076
1700.0	1.162	1.127	-0.5491	1.076
1701.0	1.162	1.128	-0.5488	1.076
1702.0	1.162	1.129	-0.5484	1.076
1703.0	1.162	1.129	-0.5480	1.076
1704.0	1.162	1.130	-0.5475	1.076
1705.0	1.162	1.131	-0.5470	1.076
1706.0	1.162	1.132	-0.5465	1.076
1707.0	1.161	1.133	-0.5460	1.075
1708.0	1.161	1.133	-0.5454	1.075
1709.0	1.161	1.134	-0.5448	1.075
1710.0	1.161	1.135	-0.5441	1.074
1711.0	1.161	1.136	-0.5435	1.074
1712.0	1.161	1.137	-0.5428	1.073
1713.0	1.160	1.137	-0.5420	1.073
1714.0	1.160	1.138	-0.5412	1.072
1715.0	1.160	1.139	-0.5404	1.071
1716.0	1.159	1.140	-0.5396	1.071
1717.0	1.159	1.141	-0.5387	1.070
1718.0	1.159	1.141	-0.5378	1.069
1719.0	1.158	1.142	-0.5369	1.068
1720.0	1.158	1.143	-0.5359	1.067
1721.0	1.157	1.144	-0.5349	1.066
1722.0	1.157	1.145	-0.5339	1.065
1723.0	1.156	1.145	-0.5329	1.063
1724.0	1.156	1.146	-0.5318	1.062
1725.0	1.155	1.147	-0.5306	1.061
1726.0	1.155	1.148	-0.5295	1.059
1727.0	1.154	1.148	-0.5283	1.058
1728.0	1.154	1.149	-0.5271	1.056
1729.0	1.153	1.150	-0.5258	1.054
1730.0	1.152	1.151	-0.5245	1.053
1731.0	1.152	1.151	-0.5232	1.051
1732.0	1.151	1.152	-0.5219	1.049
1733.0	1.150	1.153	-0.5205	1.047
1734.0	1.149	1.153	-0.5191	1.045
1735.0	1.148	1.154	-0.5176	1.043
1736.0	1.148	1.155	-0.5161	1.041
1737.0	1.147	1.155	-0.5146	1.039
1738.0	1.146	1.156	-0.5131	1.037
1739.0	1.145	1.157	-0.5116	1.034
1740.0	1.144	1.157	-0.5101	1.032
1741.0	1.143	1.158	-0.5085	1.029
1742.0	1.142	1.159	-0.5070	1.027
1743.0	1.141	1.159	-0.5054	1.024
1744.0	1.140	1.160	-0.5039	1.022
1745.0	1.139	1.161	-0.5023	1.019
1746.0	1.138	1.161	-0.5008	1.016
1747.0	1.137	1.162	-0.4992	1.013
1748.0	1.136	1.163	-0.4976	1.010
1749.0	1.135	1.163	-0.4960	1.007
1750.0	1.134	1.164	-0.4945	1.004
1751.0	1.132	1.164	-0.4929	1.001
1752.0	1.131	1.165	-0.4913	0.9980
1753.0	1.130	1.166	-0.4897	0.9948
1754.0	1.129	1.166	-0.4880	0.9917
1755.0	1.127	1.167	-0.4864	0.9885
1756.0	1.126	1.167	-0.4848	0.9854
1757.0	1.125	1.168	-0.4832	0.9822
1758.0	1.123	1.169	-0.4815	0.9791
1759.0	1.122	1.169	-0.4799	0.9760
1760.0	1.121	1.170	-0.4782	0.9728
1761.0	1.119	1.170	-0.4766	0.9697
1762.0	1.118	1.171	-0.4749	0.9665
1763.0	1.117	1.171	-0.4732	0.9633
1764.0	1.115	1.172	-0.4716	0.9602
1765.0	1.114	1.172	-0.4699	0.9570
1766.0	1.113	1.173	-0.4682	0.9539
1767.0	1.111	1.173	-0.4665	0.9507
1768.0	1.110	1.174	-0.4648	0.9476
1769.0	1.109	1.174	-0.4631	0.9444
1770.0	1.108	1.175	-0.4614	0.9412
1771.0	1.106	1.175	-0.4597	0.9381
1772.0	1.105	1.176	-0.4579	0.9349
1773.0	1.104	1.176	-0.4562	0.9318
1774.0	1.103	1.177	-0.4545	0.9286
1775.0	1.101	1.177	-0.4527	0.9254
1776.0	1.100	1.178	-0.4510	0.9223
1777.0	1.099	1.178	-0.4493	0.9191
1778.0	1.098	1.178	-0.4476	0.9159
1779.0	1.097	1.179	-0.4460	0.9128
1780.0	1.095	1.179	-0.4444	0.9096
1781.0	1.094	1.179	-0.4429	0.9064
1782.0	1.093	1.179	-0.4414	0.9033
1783.0	1.092	1.180	-0.4400	0.9002
1784.0	1.091	1.180	-0.4386	0.8972
1785.0	1.090	1.180	-0.4372	0.8942
1786.0	1.089	1.180	-0.4359	0.8914
1787.0	1.087	1.180	-0.4347	0.8886
1788.0	1.086	1.180	-0.4334	0.8859
1789.0	1.085	1.180	-0.4323	0.8833
1790.0	1.084	1.180	-0.4312	0.8808
1791.0	1.083	1.180	-0.4301	0.8783
1792.0	1.082	1.181	-0.4290	0.8760
1793.0	1.081	1.180	-0.4281	0.8737
1794.0	1.080	1.180	-0.4271	0.8715
1795.0	1.079	1.180	-0.4262	0.8693
1796.0	1.078	1.180	-0.4254	0.8673
1797.0	1.077	1.180	-0.4246	0.8653
1798.0	1.076	1.180	-0.4238	0.8634
1799.0	1.075	1.180	-0.4231	0.8616
1800.0	1.074	1.180	-0.4224	0.8599
1801.0	1.073	1.180	-0.4218	0.8583
1802.0	1.072	1.179	-0.4212	0.8567
1803.0	1.071	1.179	-0.4207	0.8552
1804.0	1.070	1.179	-0.4202	0.8538
1805.0	1.069	1.179	-0.4197	0.8525
1806.0	1.068	1.178	-0.4193	0.8512
1807.0	1.068	1.178	-0.4189	0.8501
1808.0	1.067	1.177	-0.4185	0.8490
1809.0	1.066	1.177	-0.4181	0.8480
1810.0	1.065	1.177	-0.4178	0.8470
1811.0	1.064	1.176	-0.4174	0.8461
1812.0	1.063	1.176	-0.4170	0.8451
1813.0	1.062	1.175	-0.4166	0.8442
1814.0	1.062	1.175	-0.4163	0.8433
1815.0	1.061	1.174	-0.4159	0.8424
1816.0	1.060	1.174	-0.4155	0.8415
1817.0	1.059	1.173	-0.4152	0.8406
1818.0	1.058	1.173	-0.4148	0.8397
1819.0	1.057	1.172	-0.4145	0.8388
1820.0	1.056	1.172	-0.4142	0.8380
1821.0	1.055	1.171	-0.4138	0.8371
1822.0	1.054	1.170	-0.4135	0.8363
1823.0	1.053	1.170	-0.4132	0.8354
1824.0	1.052	1.169	-0.4128	0.8346
1825.0	1.051	1.169	-0.4125	0.8338
1826.0	1.049	1.168	-0.4122	0.8330
1827.0	1.048	1.168	-0.4119	0.8322
1828.0	1.047	1.167	-0.4116	0.8314
1829.0	1.046	1.166	-0.4113	0.8305
1830.0	1.045	1.166	-0.4108	0.8295
1831.0	1.043	1.165	-0.4102	0.8282
1832.0	1.042	1.165	-0.4094	0.8267
1833.0	1.041	1.164	-0.4084	0.8250
1834.0	1.039	1.164	-0.4073	0.8230
1835.0	1.038	1.163	-0.4059	0.8208
1836.0	1.036	1.163	-0.4044	0.8183
1837.0	1.035	1.162	-0.4028	0.8157
1838.0	1.033	1.162	-0.4009	0.8128
1839.0	1.031	1.161	-0.3989	0.8096
1840.0	1.029	1.160	-0.3967	0.8062
1841.0	1.027	1.160	-0.3943	0.8026
1842.0	1.025	1.159	-0.3918	0.7988
1843.0	1.023	1.159	-0.3890	0.7947
1844.0	1.020	1.158	-0.3861	0.7904
1845.0	1.018	1.158	-0.3831	0.7858
1846.0	1.015	1.157	-0.3798	0.7807
1847.0	1.013	1.156	-0.3764	0.7752
1848.0	1.010	1.155	-0.3728	0.7690
1849.0	1.007	1.154	-0.3691	0.7624
1850.0	1.004	1.153	-0.3652	0.7552
1851.0	1.001	1.151	-0.3612	0.7474
1852.0	0.9977	1.150	-0.3570	0.7391
1853.0	0.9942	1.148	-0.3527	0.7303
1854.0	0.9904	1.147	-0.3482	0.7209
1855.0	0.9864	1.145	-0.3436	0.7110
1856.0	0.9821	1.143	-0.3389	0.7006
1857.0	0.9777	1.141	-0.3340	0.6896
1858.0	0.9729	1.139	-0.3289	0.6781
1859.0	0.9679	1.136	-0.3237	0.6660
1860.0	0.9627	1.134	-0.3184	0.6534
1861.0	0.9573	1.131	-0.3130	0.6402
1862.0	0.9516	1.128	-0.3071	0.6265
1863.0	0.9457	1.125	-0.3005	0.6123
1864.0	0.9395	1.121	-0.2929	0.5975
1865.0	0.9330	1.117	-0.2845	0.5822
1866.0	0.9260	1.112	-0.2752	0.5663
1867.0	0.9186	1.107	-0.2649	0.5498
1868.0	0.9107	1.101	-0.2538	0.5328
1869.0	0.9024	1.095	-0.2418	0.5152
1870.0	0.8937	1.089	-0.2290	0.4970
1871.0	0.8845	1.082	-0.2152	0.4783
1872.0	0.8748	1.074	-0.2005	0.4590
1873.0	0.8648	1.067	-0.1850	0.4392
1874.0	0.8542	1.059	-0.1693	0.4188
1875.0	0.8433	1.050	-0.1537	0.3978
1876.0	0.8318	1.041	-0.1385	0.3763
1877.0	0.8199	1.031	-0.1235	0.3542
1878.0	0.8075	1.022	-0.1087	0.3315
1879.0	0.7946	1.011	-0.9411E-01	0.3083
1880.0	0.7812	1.001	-0.7980E-01	0.2849
1881.0	0.7673	0.9899	-0.6572E-01	0.2614
1882.0	0.7528	0.9786	-0.5188E-01	0.2377
1883.0	0.7379	0.9670	-0.3836E-01	0.2139
1884.0	0.7224	0.9549	-0.2532E-01	0.1900
1885.0	0.7065	0.9425	-0.1277E-01	0.1659
1886.0	0.6904	0.9297	-0.7256E-03	0.1416
1887.0	0.6742	0.9165	0.1083E-01	0.1172
1888.0	0.6579	0.9029	0.2189E-01	0.9263E-01
1889.0	0.6416	0.8890	0.3246E-01	0.6793E-01
1890.0	0.6252	0.8748	0.4253E-01	0.4316E-01
1891.0	0.6088	0.8606	0.5211E-01	0.1881E-01
1892.0	0.5926	0.8467	0.6119E-01	-0.5015E-02
1893.0	0.5774	0.8328	0.6989E-01	-0.2831E-01
1894.0	0.5632	0.8190	0.7832E-01	-0.5107E-01
1895.0	0.5499	0.8054	0.8647E-01	-0.7331E-01
1896.0	0.5376	0.7919	0.9435E-01	-0.9501E-01
1897.0	0.5263	0.7786	0.1020	-0.1162
1898.0	0.5159	0.7653	0.1093	-0.1368
1899.0	0.5060	0.7522	0.1164	-0.1570
1900.0	0.4965	0.7392	0.1231	-0.1766
1901.0	0.4875	0.7264	0.1297	-0.1952
1902.0	0.4788	0.7136	0.1359	-0.2124
1903.0	0.4706	0.7013	0.1419	-0.2284
1904.0	0.4629	0.6892	0.1475	-0.2430
1905.0	0.4555	0.6776	0.1530	-0.2562
1906.0	0.4486	0.6664	0.1581	-0.2681
1907.0	0.4418	0.6555	0.1630	-0.2787
1908.0	0.4350	0.6450	0.1676	-0.2879
1909.0	0.4282	0.6350	0.1719	-0.2958
1910.0	0.4215	0.6252	0.1761	-0.3023
1911.0	0.4148	0.6159	0.1800	-0.3077
1912.0	0.4082	0.6070	0.1836	-0.3125
1913.0	0.4015	0.5984	0.1871	-0.3169
1914.0	0.3950	0.5902	0.1903	-0.3207
1915.0	0.3884	0.5825	0.1932	-0.3241
1916.0	0.3821	0.5750	0.1959	-0.3270
1917.0	0.3761	0.5680	0.1984	-0.3293
1918.0	0.3704	0.5614	0.2007	-0.3312
1919.0	0.3650	0.5551	0.2027	-0.3326
1920.0	0.3600	0.5492	0.2045	-0.3336
1921.0	0.3553	0.5436	0.2061	-0.3340
1922.0	0.3509	0.5384	0.2074	-0.3341
1923.0	0.3468	0.5335	0.2085	-0.3340
1924.0	0.3430	0.5289	0.2093	-0.3340
1925.0	0.3396	0.5247	0.2099	-0.3338
1926.0	0.3365	0.5208	0.2103	-0.3336
1927.0	0.3337	0.5172	0.2105	-0.3334
1928.0	0.3312	0.5140	0.2104	-0.3331
1929.0	0.3289	0.5111	0.2103	-0.3328
1930.0	0.3269	0.5086	0.2102	-0.3324
1931.0	0.3252	0.5063	0.2102	-0.3319
1932.0	0.3237	0.5045	0.2101	-0.3314
1933.0	0.3225	0.5029	0.2100	-0.3308
1934.0	0.3216	0.5017	0.2100	-0.3302
1935.0	0.3210	0.5009	0.2099	-0.3295
1936.0	0.3206	0.5003	0.2099	-0.3288
1937.0	0.3205	0.5001	0.2098	-0.3280
1938.0	0.3207	0.5003	0.2098	-0.3272
1939.0	0.3211	0.5005	0.2098	-0.3264
1940.0	0.3218	0.5008	0.2097	-0.3257
1941.0	0.3226	0.5012	0.2097	-0.3249
1942.0	0.3234	0.5016	0.2097	-0.3242
1943.0	0.3242	0.5021	0.2097	-0.3235
1944.0	0.3250	0.5027	0.2097	-0.3228
1945.0	0.3258	0.5034	0.2097	-0.3222
1946.0	0.3266	0.5041	0.2097	-0.3216
1947.0	0.3275	0.5049	0.2097	-0.3209
1948.0	0.3283	0.5058	0.2097	-0.3203
1949.0	0.3292	0.5068	0.2097	-0.3198
1950.0	0.3301	0.5078	0.2097	-0.3192
1951.0	0.3310	0.5089	0.2097	-0.3187
1952.0	0.3318	0.5101	0.2096	-0.3182
1953.0	0.3327	0.5113	0.2096	-0.3177
1954.0	0.3337	0.5126	0.2096	-0.3172
1955.0	0.3346	0.5140	0.2095	-0.3168
1956.0	0.3355	0.5155	0.2094	-0.3164
1957.0	0.3365	0.5170	0.2093	-0.3160
1958.0	0.3376	0.5186	0.2092	-0.3156
1959.0	0.3387	0.5202	0.2091	-0.3152
1960.0	0.3398	0.5219	0.2090	-0.3149
1961.0	0.3410	0.5236	0.2089	-0.3146
1962.0	0.3423	0.5254	0.2087	-0.3143
1963.0	0.3436	0.5273	0.2085	-0.3140
1964.0	0.3449	0.5292	0.2084	-0.3137
1965.0	0.3463	0.5312	0.2082	-0.3135
1966.0	0.3478	0.5332	0.2080	-0.3133
1967.0	0.3493	0.5353	0.2078	-0.3131
1968.0	0.3508	0.5374	0.2075	-0.3129
1969.0	0.3524	0.5396	0.2073	-0.3126
1970.0	0.3541	0.5418	0.2071	-0.3123
1971.0	0.3558	0.5441	0.2068	-0.3120
1972.0	0.3575	0.5464	0.2065	-0.3117
1973.0	0.3593	0.5488	0.2063	-0.3113
1974.0	0.3612	0.5513	0.2060	-0.3109
1975.0	0.3631	0.5538	0.2056	-0.3104
1976.0	0.3650	0.5563	0.2053	-0.3099
1977.0	0.3670	0.5589	0.2050	-0.3094
1978.0	0.3691	0.5616	0.2046	-0.3088
1979.0	0.3712	0.5643	0.2043	-0.3082
1980.0	0.3733	0.5671	0.2039	-0.3075
1981.0	0.3755	0.5699	0.2035	-0.3068
1982.0	0.3778	0.5728	0.2031	-0.3061
1983.0	0.3801	0.5757	0.2027	-0.3054
1984.0	0.3825	0.5787	0.2023	-0.3046
1985.0	0.3848	0.5817	0.2019	-0.3038
1986.0	0.3873	0.5848	0.2014	-0.3029
1987.0	0.3897	0.5880	0.2010	-0.3020
1988.0	0.3921	0.5912	0.2005	-0.3011
1989.0	0.3945	0.5945	0.2000	-0.3001
1990.0	0.3970	0.5978	0.1996	-0.2991
1991.0	0.3994	0.6011	0.1991	-0.2980
1992.0	0.4019	0.6045	0.1985	-0.2970
1993.0	0.4043	0.6079	0.1980	-0.2959
1994.0	0.4068	0.6113	0.1975	-0.2947
1995.0	0.4093	0.6147	0.1969	-0.2935
1996.0	0.4117	0.6181	0.1963	-0.2923
1997.0	0.4142	0.6215	0.1958	-0.2910
1998.0	0.4167	0.6249	0.1952	-0.2897
1999.0	0.4192	0.6283	0.1946	-0.2884
2000.0	0.4217	0.6318	0.1940	-0.2870
2001.0	0.4242	0.6352	0.1933	-0.2856
2002.0	0.4267	0.6387	0.1927	-0.2842
2003.0	0.4293	0.6421	0.1921	-0.2827
2004.0	0.4318	0.6456	0.1914	-0.2812
2005.0	0.4343	0.6491	0.1907	-0.2796
2006.0	0.4369	0.6526	0.1900	-0.2781
2007.0	0.4394	0.6561	0.1893	-0.2764
2008.0	0.4420	0.6596	0.1886	-0.2748
2009.0	0.4445	0.6631	0.1878	-0.2731
2010.0	0.4471	0.6666	0.1871	-0.2714
2011.0	0.4497	0.6701	0.1863	-0.2696
2012.0	0.4523	0.6737	0.1855	-0.2678
2013.0	0.4548	0.6772	0.1847	-0.2659
2014.0	0.4574	0.6808	0.1839	-0.2641
2015.0	0.4600	0.6843	0.1831	-0.2622
2016.0	0.4626	0.6879	0.1822	-0.2602
2017.0	0.4653	0.6915	0.1813	-0.2582
2018.0	0.4679	0.6950	0.1804	-0.2562
2019.0	0.4705	0.6986	0.1795	-0.2542
2020.0	0.4731	0.7022	0.1786	-0.2521
2021.0	0.4758	0.7059	0.1777	-0.2499
2022.0	0.4784	0.7095	0.1767	-0.2478
2023.0	0.4811	0.7131	0.1758	-0.2456
2024.0	0.4837	0.7167	0.1748	-0.2433
2025.0	0.4864	0.7204	0.1738	-0.2411
2026.0	0.4890	0.7240	0.1728	-0.2388
2027.0	0.4916	0.7277	0.1717	-0.2364
2028.0	0.4943	0.7314	0.1707	-0.2340
2029.0	0.4970	0.7350	0.1696	-0.2316
2030.0	0.4996	0.7387	0.1685	-0.2292
2031.0	0.5023	0.7423	0.1674	-0.2267
2032.0	0.5049	0.7460	0.1663	-0.2241
2033.0	0.5076	0.7496	0.1652	-0.2216
2034.0	0.5102	0.7532	0.1641	-0.2190
2035.0	0.5129	0.7568	0.1629	-0.2164
2036.0	0.5156	0.7603	0.1617	-0.2137
2037.0	0.5182	0.7639	0.1605	-0.2110
2038.0	0.5209	0.7674	0.1593	-0.2082
2039.0	0.5236	0.7709	0.1581	-0.2055
2040.0	0.5262	0.7744	0.1568	-0.2026
2041.0	0.5289	0.7778	0.1556	-0.1998
2042.0	0.5316	0.7813	0.1543	-0.1969
2043.0	0.5343	0.7847	0.1530	-0.1940
2044.0	0.5369	0.7882	0.1517	-0.1910
2045.0	0.5396	0.7916	0.1504	-0.1880
2046.0	0.5423	0.7949	0.1490	-0.1850
2047.0	0.5450	0.7983	0.1477	-0.1819
2048.0	0.5477	0.8016	0.1463	-0.1788
2049.0	0.5504	0.8050	0.1449	-0.1757
2050.0	0.5531	0.8083	0.1435	-0.1725
2051.0	0.5557	0.8116	0.1421	-0.1694
2052.0	0.5584	0.8149	0.1407	-0.1662
2053.0	0.5611	0.8181	0.1392	-0.1631
2054.0	0.5638	0.8214	0.1377	-0.1599
2055.0	0.5665	0.8246	0.1363	-0.1568
2056.0	0.5692	0.8278	0.1347	-0.1537
2057.0	0.5719	0.8310	0.1332	-0.1506
2058.0	0.5746	0.8341	0.1317	-0.1475
2059.0	0.5773	0.8373	0.1301	-0.1444
2060.0	0.5800	0.8404	0.1286	-0.1413
2061.0	0.5827	0.8435	0.1270	-0.1382
2062.0	0.5855	0.8466	0.1254	-0.1352
2063.0	0.5882	0.8497	0.1238	-0.1321
2064.0	0.5909	0.8528	0.1221	-0.1291
2065.0	0.5936	0.8558	0.1205	-0.1261
2066.0	0.5963	0.8589	0.1188	-0.1231
2067.0	0.5990	0.8619	0.1172	-0.1200
2068.0	0.6018	0.8649	0.1155	-0.1170
2069.0	0.6045	0.8678	0.1138	-0.1141
2070.0	0.6072	0.8708	0.1121	-0.1111
2071.0	0.6099	0.8737	0.1104	-0.1081
2072.0	0.6127	0.8767	0.1087	-0.1051
2073.0	0.6154	0.8796	0.1070	-0.1022
2074.0	0.6181	0.8825	0.1053	-0.9925E-01
2075.0	0.6208	0.8853	0.1035	-0.9632E-01
2076.0	0.6236	0.8882	0.1018	-0.9340E-01
2077.0	0.6263	0.8910	0.1001	-0.9049E-01
2078.0	0.6290	0.8938	0.9841E-01	-0.8759E-01
2079.0	0.6317	0.8966	0.9670E-01	-0.8469E-01
2080.0	0.6343	0.8994	0.9499E-01	-0.8181E-01
2081.0	0.6370	0.9022	0.9327E-01	-0.7894E-01
2082.0	0.6397	0.9049	0.9155E-01	-0.7608E-01
2083.0	0.6423	0.9076	0.8983E-01	-0.7323E-01
2084.0	0.6450	0.9103	0.8811E-01	-0.7038E-01
2085.0	0.6476	0.9130	0.8639E-01	-0.6755E-01
2086.0	0.6502	0.9157	0.8466E-01	-0.6471E-01
2087.0	0.6528	0.9184	0.8294E-01	-0.6187E-01
2088.0	0.6555	0.9210	0.8121E-01	-0.5903E-01
2089.0	0.6580	0.9236	0.7948E-01	-0.5619E-01
2090.0	0.6606	0.9262	0.7775E-01	-0.5334E-01
2091.0	0.6632	0.9287	0.7602E-01	-0.5049E-01
2092.0	0.6658	0.9313	0.7429E-01	-0.4764E-01
2093.0	0.6683	0.9338	0.7255E-01	-0.4479E-01
2094.0	0.6709	0.9363	0.7081E-01	-0.4193E-01
2095.0	0.6734	0.9388	0.6908E-01	-0.3907E-01
2096.0	0.6759	0.9413	0.6734E-01	-0.3621E-01
2097.0	0.6785	0.9437	0.6559E-01	-0.3335E-01
2098.0	0.6810	0.9462	0.6385E-01	-0.3048E-01
2099.0	0.6835	0.9486	0.6211E-01	-0.2761E-01
2100.0	0.6860	0.9510	0.6036E-01	-0.2474E-01
2101.0	0.6884	0.9533	0.5861E-01	-0.2187E-01
2102.0	0.6909	0.9557	0.5686E-01	-0.1899E-01
2103.0	0.6934	0.9580	0.5511E-01	-0.1611E-01
2104.0	0.6958	0.9603	0.5336E-01	-0.1323E-01
2105.0	0.6983	0.9626	0.5160E-01	-0.1035E-01
2106.0	0.7007	0.9649	0.4985E-01	-0.7459E-02
2107.0	0.7031	0.9671	0.4809E-01	-0.4570E-02
2108.0	0.7055	0.9694	0.4633E-01	-0.1678E-02
2109.0	0.7079	0.9716	0.4457E-01	0.1217E-02
2110.0	0.7103	0.9738	0.4281E-01	0.4114E-02
2111.0	0.7127	0.9759	0.4104E-01	0.7022E-02
2112.0	0.7150	0.9781	0.3928E-01	0.9994E-02
2113.0	0.7173	0.9802	0.3751E-01	0.1304E-01
2114.0	0.7196	0.9823	0.3574E-01	0.1615E-01
2115.0	0.7218	0.9844	0.3397E-01	0.1933E-01
2116.0	0.7240	0.9865	0.3220E-01	0.2259E-01
2117.0	0.7261	0.9885	0.3043E-01	0.2591E-01
2118.0	0.7282	0.9906	0.2865E-01	0.2931E-01
2119.0	0.7303	0.9926	0.2688E-01	0.3277E-01
2120.0	0.7323	0.9946	0.2510E-01	0.3631E-01
2121.0	0.7342	0.9966	0.2332E-01	0.3992E-01
2122.0	0.7362	0.9985	0.2154E-01	0.4359E-01
2123.0	0.7381	1.000	0.1976E-01	0.4734E-01
2124.0	0.7399	1.002	0.1797E-01	0.5116E-01
2125.0	0.7417	1.004	0.1619E-01	0.5505E-01
2126.0	0.7435	1.006	0.1440E-01	0.5901E-01
2127.0	0.7452	1.008	0.1262E-01	0.6304E-01
2128.0	0.7469	1.010	0.1085E-01	0.6714E-01
2129.0	0.7485	1.012	0.9103E-02	0.7131E-01
2130.0	0.7501	1.013	0.7372E-02	0.7556E-01
2131.0	0.7517	1.015	0.5657E-02	0.7987E-01
2132.0	0.7532	1.017	0.3960E-02	0.8425E-01
2133.0	0.7547	1.019	0.2279E-02	0.8868E-01
2134.0	0.7562	1.020	0.6155E-03	0.9291E-01
2135.0	0.7576	1.022	-0.1031E-02	0.9693E-01
2136.0	0.7589	1.024	-0.2660E-02	0.1007
2137.0	0.7603	1.025	-0.4273E-02	0.1043
2138.0	0.7615	1.027	-0.5868E-02	0.1076
2139.0	0.7628	1.029	-0.7447E-02	0.1107
2140.0	0.7640	1.030	-0.9008E-02	0.1136
2141.0	0.7651	1.032	-0.1055E-01	0.1162
2142.0	0.7663	1.033	-0.1208E-01	0.1187
2143.0	0.7673	1.035	-0.1359E-01	0.1209
2144.0	0.7684	1.036	-0.1508E-01	0.1228
2145.0	0.7694	1.038	-0.1656E-01	0.1246
2146.0	0.7704	1.039	-0.1802E-01	0.1261
2147.0	0.7713	1.041	-0.1946E-01	0.1274
2148.0	0.7723	1.042	-0.2089E-01	0.1284
2149.0	0.7732	1.044	-0.2230E-01	0.1293
2150.0	0.7742	1.045	-0.2369E-01	0.1299
2151.0	0.7751	1.046	-0.2506E-01	0.1303
2152.0	0.7760	1.048	-0.2642E-01	0.1304
2153.0	0.7769	1.049	-0.2776E-01	0.1304
2154.0	0.7777	1.050	-0.2908E-01	0.1301
2155.0	0.7786	1.052	-0.3039E-01	0.1296
2156.0	0.7794	1.053	-0.3168E-01	0.1291
2157.0	0.7802	1.054	-0.3295E-01	0.1285
2158.0	0.7811	1.056	-0.3421E-01	0.1279
2159.0	0.7818	1.057	-0.3544E-01	0.1272
2160.0	0.7826	1.058	-0.3667E-01	0.1265
2161.0	0.7834	1.059	-0.3787E-01	0.1257
2162.0	0.7841	1.060	-0.3906E-01	0.1249
2163.0	0.7849	1.061	-0.4023E-01	0.1240
2164.0	0.7856	1.063	-0.4138E-01	0.1231
2165.0	0.7863	1.064	-0.4252E-01	0.1221
2166.0	0.7870	1.065	-0.4364E-01	0.1210
2167.0	0.7877	1.066	-0.4474E-01	0.1199
2168.0	0.7883	1.067	-0.4582E-01	0.1188
2169.0	0.7890	1.068	-0.4689E-01	0.1176
2170.0	0.7896	1.069	-0.4794E-01	0.1163
2171.0	0.7902	1.070	-0.4898E-01	0.1150
2172.0	0.7908	1.071	-0.4999E-01	0.1136
2173.0	0.7914	1.072	-0.5099E-01	0.1122
2174.0	0.7920	1.073	-0.5198E-01	0.1108
2175.0	0.7925	1.073	-0.5294E-01	0.1092
2176.0	0.7931	1.074	-0.5389E-01	0.1077
2177.0	0.7936	1.075	-0.5482E-01	0.1060
2178.0	0.7941	1.076	-0.5574E-01	0.1043
2179.0	0.7946	1.077	-0.5664E-01	0.1026
2180.0	0.7951	1.078	-0.5752E-01	0.1008
2181.0	0.7956	1.078	-0.5838E-01	0.9896E-01
2182.0	0.7960	1.079	-0.5923E-01	0.9711E-01
2183.0	0.7965	1.080	-0.6006E-01	0.9529E-01
2184.0	0.7969	1.081	-0.6087E-01	0.9349E-01
2185.0	0.7973	1.081	-0.6167E-01	0.9172E-01
2186.0	0.7977	1.082	-0.6245E-01	0.8997E-01
2187.0	0.7981	1.083	-0.6321E-01	0.8825E-01
2188.0	0.7984	1.083	-0.6396E-01	0.8655E-01
2189.0	0.7988	1.084	-0.6468E-01	0.8488E-01
2190.0	0.7991	1.085	-0.6539E-01	0.8323E-01
2191.0	0.7994	1.085	-0.6609E-01	0.8161E-01
2192.0	0.7997	1.086	-0.6677E-01	0.8002E-01
2193.0	0.8000	1.086	-0.6743E-01	0.7845E-01
2194.0	0.8003	1.087	-0.6807E-01	0.7690E-01
2195.0	0.8006	1.087	-0.6869E-01	0.7538E-01
2196.0	0.8008	1.088	-0.6930E-01	0.7389E-01
2197.0	0.8010	1.088	-0.6989E-01	0.7242E-01
2198.0	0.8013	1.089	-0.7047E-01	0.7098E-01
2199.0	0.8015	1.089	-0.7102E-01	0.6957E-01
2200.0	0.8017	1.089	-0.7156E-01	0.6818E-01
2201.0	0.8018	1.090	-0.7208E-01	0.6681E-01
2202.0	0.8020	1.090	-0.7259E-01	0.6547E-01
2203.0	0.8022	1.091	-0.7307E-01	0.6416E-01
2204.0	0.8023	1.091	-0.7354E-01	0.6287E-01
2205.0	0.8024	1.091	-0.7400E-01	0.6160E-01
2206.0	0.8025	1.091	-0.7443E-01	0.6037E-01
2207.0	0.8026	1.092	-0.7485E-01	0.5915E-01
2208.0	0.8027	1.092	-0.7525E-01	0.5797E-01
2209.0	0.8028	1.092	-0.7563E-01	0.5681E-01
2210.0	0.8029	1.092	-0.7600E-01	0.5567E-01
2211.0	0.8029	1.093	-0.7635E-01	0.5456E-01
2212.0	0.8029	1.093	-0.7668E-01	0.5347E-01
2213.0	0.8029	1.093	-0.7699E-01	0.5242E-01
2214.0	0.8030	1.093	-0.7729E-01	0.5138E-01
2215.0	0.8029	1.093	-0.7757E-01	0.5037E-01
2216.0	0.8029	1.093	-0.7783E-01	0.4939E-01
2217.0	0.8029	1.093	-0.7807E-01	0.4843E-01
2218.0	0.8028	1.093	-0.7830E-01	0.4748E-01
2219.0	0.8028	1.093	-0.7851E-01	0.4653E-01
2220.0	0.8027	1.093	-0.7870E-01	0.4559E-01
2221.0	0.8026	1.093	-0.7887E-01	0.4464E-01
2222.0	0.8025	1.093	-0.7903E-01	0.4370E-01
2223.0	0.8024	1.093	-0.7917E-01	0.4277E-01
2224.0	0.8022	1.093	-0.7929E-01	0.4183E-01
2225.0	0.8021	1.093	-0.7940E-01	0.4090E-01
2226.0	0.8019	1.093	-0.7949E-01	0.3997E-01
2227.0	0.8017	1.093	-0.7956E-01	0.3904E-01
2228.0	0.8015	1.093	-0.7961E-01	0.3812E-01
2229.0	0.8013	1.092	-0.7965E-01	0.3720E-01
2230.0	0.8011	1.092	-0.7967E-01	0.3628E-01
2231.0	0.8009	1.092	-0.7967E-01	0.3537E-01
2232.0	0.8007	1.092	-0.7965E-01	0.3445E-01
2233.0	0.8004	1.091	-0.7962E-01	0.3354E-01
2234.0	0.8001	1.091	-0.7957E-01	0.3264E-01
2235.0	0.7998	1.091	-0.7950E-01	0.3173E-01
2236.0	0.7995	1.091	-0.7941E-01	0.3083E-01
2237.0	0.7992	1.090	-0.7931E-01	0.2993E-01
2238.0	0.7989	1.090	-0.7919E-01	0.2903E-01
2239.0	0.7986	1.090	-0.7905E-01	0.2814E-01
2240.0	0.7982	1.089	-0.7890E-01	0.2725E-01
2241.0	0.7978	1.089	-0.7873E-01	0.2636E-01
2242.0	0.7975	1.088	-0.7854E-01	0.2548E-01
2243.0	0.7971	1.088	-0.7833E-01	0.2459E-01
2244.0	0.7967	1.088	-0.7811E-01	0.2371E-01
2245.0	0.7962	1.087	-0.7787E-01	0.2284E-01
2246.0	0.7958	1.087	-0.7761E-01	0.2196E-01
2247.0	0.7953	1.086	-0.7733E-01	0.2109E-01
2248.0	0.7949	1.086	-0.7704E-01	0.2022E-01
2249.0	0.7944	1.085	-0.7673E-01	0.1935E-01
2250.0	0.7939	1.084	-0.7640E-01	0.1849E-01
2251.0	0.7934	1.084	-0.7605E-01	0.1763E-01
2252.0	0.7929	1.083	-0.7569E-01	0.1677E-01
2253.0	0.7924	1.083	-0.7531E-01	0.1591E-01
2254.0	0.7918	1.082	-0.7491E-01	0.1506E-01
2255.0	0.7913	1.081	-0.7450E-01	0.1421E-01
2256.0	0.7907	1.081	-0.7407E-01	0.1336E-01
2257.0	0.7901	1.080	-0.7362E-01	0.1252E-01
2258.0	0.7895	1.079	-0.7315E-01	0.1168E-01
2259.0	0.7889	1.079	-0.7266E-01	0.1084E-01
2260.0	0.7882	1.078	-0.7216E-01	0.1000E-01
2261.0	0.7876	1.077	-0.7164E-01	0.9169E-02
2262.0	0.7870	1.076	-0.7111E-01	0.8338E-02
2263.0	0.7863	1.075	-0.7055E-01	0.7509E-02
2264.0	0.7856	1.075	-0.6998E-01	0.6684E-02
2265.0	0.7849	1.074	-0.6940E-01	0.5861E-02
2266.0	0.7842	1.073	-0.6879E-01	0.5041E-02
2267.0	0.7835	1.072	-0.6817E-01	0.4224E-02
2268.0	0.7827	1.071	-0.6753E-01	0.3409E-02
2269.0	0.7820	1.070	-0.6687E-01	0.2597E-02
2270.0	0.7812	1.069	-0.6619E-01	0.1788E-02
2271.0	0.7804	1.068	-0.6550E-01	0.9814E-03
2272.0	0.7796	1.067	-0.6479E-01	0.1777E-03
2273.0	0.7788	1.066	-0.6406E-01	-0.6233E-03
2274.0	0.7780	1.065	-0.6332E-01	-0.1422E-02
2275.0	0.7772	1.064	-0.6256E-01	-0.2217E-02
2276.0	0.7763	1.063	-0.6178E-01	-0.3009E-02
2277.0	0.7755	1.062	-0.6098E-01	-0.3797E-02
2278.0	0.7746	1.061	-0.6017E-01	-0.4580E-02
2279.0	0.7737	1.060	-0.5934E-01	-0.5360E-02
2280.0	0.7728	1.059	-0.5849E-01	-0.6135E-02
2281.0	0.7718	1.058	-0.5762E-01	-0.6905E-02
2282.0	0.7709	1.057	-0.5674E-01	-0.7672E-02
2283.0	0.7699	1.056	-0.5584E-01	-0.8434E-02
2284.0	0.7689	1.054	-0.5492E-01	-0.9192E-02
2285.0	0.7679	1.053	-0.5399E-01	-0.9945E-02
2286.0	0.7669	1.052	-0.5304E-01	-0.1069E-01
2287.0	0.7659	1.051	-0.5207E-01	-0.1144E-01
2288.0	0.7649	1.049	-0.5108E-01	-0.1218E-01
2289.0	0.7638	1.048	-0.5007E-01	-0.1292E-01
2290.0	0.7627	1.047	-0.4905E-01	-0.1365E-01
2291.0	0.7616	1.046	-0.4801E-01	-0.1438E-01
2292.0	0.7605	1.044	-0.4696E-01	-0.1510E-01
2293.0	0.7594	1.043	-0.4588E-01	-0.1582E-01
2294.0	0.7582	1.041	-0.4479E-01	-0.1653E-01
2295.0	0.7571	1.040	-0.4368E-01	-0.1725E-01
2296.0	0.7559	1.039	-0.4256E-01	-0.1795E-01
2297.0	0.7547	1.037	-0.4141E-01	-0.1865E-01
2298.0	0.7535	1.036	-0.4025E-01	-0.1935E-01
2299.0	0.7523	1.034	-0.3908E-01	-0.2005E-01
2300.0	0.7510	1.033	-0.3788E-01	-0.2074E-01
2301.0	0.7498	1.031	-0.3667E-01	-0.2142E-01
2302.0	0.7485	1.030	-0.3545E-01	-0.2210E-01
2303.0	0.7472	1.028	-0.3421E-01	-0.2278E-01
2304.0	0.7459	1.027	-0.3296E-01	-0.2345E-01
2305.0	0.7446	1.025	-0.3171E-01	-0.2412E-01
2306.0	0.7433	1.024	-0.3043E-01	-0.2478E-01
2307.0	0.7419	1.022	-0.2915E-01	-0.2544E-01
2308.0	0.7405	1.020	-0.2785E-01	-0.2610E-01
2309.0	0.7392	1.019	-0.2654E-01	-0.2675E-01
2310.0	0.7377	1.017	-0.2522E-01	-0.2739E-01
2311.0	0.7363	1.015	-0.2389E-01	-0.2804E-01
2312.0	0.7349	1.014	-0.2254E-01	-0.2868E-01
2313.0	0.7334	1.012	-0.2119E-01	-0.2931E-01
2314.0	0.7320	1.010	-0.1981E-01	-0.2994E-01
2315.0	0.7305	1.008	-0.1843E-01	-0.3056E-01
2316.0	0.7290	1.007	-0.1704E-01	-0.3118E-01
2317.0	0.7275	1.005	-0.1563E-01	-0.3180E-01
2318.0	0.7259	1.003	-0.1421E-01	-0.3241E-01
2319.0	0.7244	1.001	-0.1278E-01	-0.3302E-01
2320.0	0.7228	0.9994	-0.1133E-01	-0.3363E-01
2321.0	0.7212	0.9975	-0.9878E-02	-0.3423E-01
2322.0	0.7196	0.9956	-0.8409E-02	-0.3482E-01
2323.0	0.7180	0.9937	-0.6929E-02	-0.3541E-01
2324.0	0.7164	0.9918	-0.5435E-02	-0.3600E-01
2325.0	0.7147	0.9898	-0.3930E-02	-0.3658E-01
2326.0	0.7131	0.9879	-0.2412E-02	-0.3716E-01
2327.0	0.7114	0.9859	-0.8817E-03	-0.3773E-01
2328.0	0.7097	0.9839	0.6608E-03	-0.3830E-01
2329.0	0.7080	0.9819	0.2215E-02	-0.3887E-01
2330.0	0.7063	0.9799	0.3783E-02	-0.3943E-01
2331.0	0.7045	0.9778	0.5362E-02	-0.3999E-01
2332.0	0.7027	0.9757	0.6953E-02	-0.4054E-01
2333.0	0.7010	0.9736	0.8557E-02	-0.4109E-01
2334.0	0.6992	0.9715	0.1017E-01	-0.4163E-01
2335.0	0.6974	0.9694	0.1180E-01	-0.4217E-01
2336.0	0.6955	0.9673	0.1344E-01	-0.4271E-01
2337.0	0.6937	0.9651	0.1510E-01	-0.4324E-01
2338.0	0.6918	0.9629	0.1676E-01	-0.4377E-01
2339.0	0.6900	0.9607	0.1844E-01	-0.4429E-01
2340.0	0.6881	0.9585	0.2013E-01	-0.4481E-01
2341.0	0.6862	0.9563	0.2183E-01	-0.4532E-01
2342.0	0.6842	0.9540	0.2355E-01	-0.4583E-01
2343.0	0.6823	0.9517	0.2527E-01	-0.4634E-01
2344.0	0.6803	0.9495	0.2701E-01	-0.4684E-01
2345.0	0.6783	0.9471	0.2876E-01	-0.4733E-01
2346.0	0.6763	0.9448	0.3053E-01	-0.4783E-01
2347.0	0.6742	0.9425	0.3230E-01	-0.4832E-01
2348.0	0.6722	0.9401	0.3409E-01	-0.4880E-01
2349.0	0.6701	0.9377	0.3589E-01	-0.4928E-01
2350.0	0.6679	0.9353	0.3770E-01	-0.4976E-01
2351.0	0.6658	0.9329	0.3953E-01	-0.5023E-01
2352.0	0.6636	0.9305	0.4137E-01	-0.5069E-01
2353.0	0.6614	0.9280	0.4322E-01	-0.5116E-01
2354.0	0.6592	0.9255	0.4508E-01	-0.5162E-01
2355.0	0.6569	0.9230	0.4695E-01	-0.5207E-01
2356.0	0.6547	0.9205	0.4884E-01	-0.5252E-01
2357.0	0.6524	0.9180	0.5074E-01	-0.5297E-01
2358.0	0.6500	0.9154	0.5265E-01	-0.5341E-01
2359.0	0.6477	0.9129	0.5457E-01	-0.5384E-01
2360.0	0.6453	0.9103	0.5651E-01	-0.5428E-01
2361.0	0.6429	0.9077	0.5846E-01	-0.5471E-01
2362.0	0.6404	0.9051	0.6042E-01	-0.5513E-01
2363.0	0.6380	0.9024	0.6239E-01	-0.5555E-01
2364.0	0.6355	0.8998	0.6438E-01	-0.5597E-01
2365.0	0.6330	0.8971	0.6637E-01	-0.5638E-01
2366.0	0.6305	0.8944	0.6838E-01	-0.5678E-01
2367.0	0.6279	0.8917	0.7041E-01	-0.5719E-01
2368.0	0.6253	0.8889	0.7244E-01	-0.5759E-01
2369.0	0.6227	0.8862	0.7449E-01	-0.5798E-01
2370.0	0.6201	0.8834	0.7654E-01	-0.5837E-01
2371.0	0.6174	0.8806	0.7862E-01	-0.5876E-01
2372.0	0.6147	0.8778	0.8070E-01	-0.5914E-01
2373.0	0.6120	0.8750	0.8279E-01	-0.5952E-01
2374.0	0.6093	0.8722	0.8490E-01	-0.5989E-01
2375.0	0.6065	0.8693	0.8702E-01	-0.6026E-01
2376.0	0.6037	0.8664	0.8916E-01	-0.6062E-01
2377.0	0.6009	0.8635	0.9130E-01	-0.6098E-01
2378.0	0.5981	0.8606	0.9346E-01	-0.6134E-01
2379.0	0.5952	0.8577	0.9563E-01	-0.6169E-01
2380.0	0.5923	0.8547	0.9781E-01	-0.6204E-01
2381.0	0.5894	0.8517	0.1000	-0.6238E-01
2382.0	0.5865	0.8488	0.1022	-0.6272E-01
2383.0	0.5835	0.8457	0.1044	-0.6305E-01
2384.0	0.5805	0.8427	0.1067	-0.6338E-01
2385.0	0.5775	0.8397	0.1089	-0.6371E-01
2386.0	0.5744	0.8366	0.1112	-0.6403E-01
2387.0	0.5714	0.8335	0.1134	-0.6435E-01
2388.0	0.5683	0.8304	0.1157	-0.6466E-01
2389.0	0.5651	0.8273	0.1180	-0.6497E-01
2390.0	0.5620	0.8242	0.1203	-0.6528E-01
2391.0	0.5588	0.8210	0.1226	-0.6558E-01
2392.0	0.5556	0.8178	0.1249	-0.6587E-01
2393.0	0.5524	0.8146	0.1273	-0.6616E-01
2394.0	0.5492	0.8114	0.1296	-0.6645E-01
2395.0	0.5459	0.8082	0.1320	-0.6674E-01
2396.0	0.5426	0.8050	0.1344	-0.6701E-01
2397.0	0.5393	0.8017	0.1368	-0.6729E-01
2398.0	0.5359	0.7984	0.1392	-0.6756E-01
2399.0	0.5325	0.7951	0.1416	-0.6783E-01
2400.0	0.5291	0.7918	0.1440	-0.6809E-01