s07_ASD Record=13491: Kaol_Wxl+0.5Musc_Ruby AMX12  ASDNGa AREF
-1.2300000e+034
 4.5224768e-001
 4.5528227e-001
 4.5835441e-001
 4.6144977e-001
 4.6475020e-001
 4.6803448e-001
 4.7135195e-001
 4.7474742e-001
 4.7803617e-001
 4.8140812e-001
 4.8497361e-001
 4.8876372e-001
 4.9253494e-001
 4.9633569e-001
 5.0019276e-001
 5.0405568e-001
 5.0805205e-001
 5.1206696e-001
 5.1598704e-001
 5.1992327e-001
 5.2383071e-001
 5.2771980e-001
 5.3162485e-001
 5.3545624e-001
 5.3922355e-001
 5.4289269e-001
 5.4635519e-001
 5.4970622e-001
 5.5301511e-001
 5.5631691e-001
 5.5956078e-001
 5.6273001e-001
 5.6582844e-001
 5.6888539e-001
 5.7204813e-001
 5.7517374e-001
 5.7818329e-001
 5.8114570e-001
 5.8399725e-001
 5.8675140e-001
 5.8945429e-001
 5.9217614e-001
 5.9479982e-001
 5.9734881e-001
 5.9991747e-001
 6.0236520e-001
 6.0470879e-001
 6.0700011e-001
 6.0931414e-001
 6.1158234e-001
 6.1374724e-001
 6.1577529e-001
 6.1769760e-001
 6.1960995e-001
 6.2153363e-001
 6.2343186e-001
 6.2523413e-001
 6.2687731e-001
 6.2841898e-001
 6.3011134e-001
 6.3174528e-001
 6.3328296e-001
 6.3474643e-001
 6.3617307e-001
 6.3765305e-001
 6.3913572e-001
 6.4048064e-001
 6.4195848e-001
 6.4347237e-001
 6.4494097e-001
 6.4642256e-001
 6.4796722e-001
 6.4953506e-001
 6.5107697e-001
 6.5269125e-001
 6.5425920e-001
 6.5576875e-001
 6.5731913e-001
 6.5881854e-001
 6.6025561e-001
 6.6164124e-001
 6.6300082e-001
 6.6427451e-001
 6.6551751e-001
 6.6681695e-001
 6.6804433e-001
 6.6926217e-001
 6.7049956e-001
 6.7171860e-001
 6.7294908e-001
 6.7419404e-001
 6.7544937e-001
 6.7672110e-001
 6.7799449e-001
 6.7928100e-001
 6.8060470e-001
 6.8188542e-001
 6.8312961e-001
 6.8435305e-001
 6.8556815e-001
 6.8675089e-001
 6.8789124e-001
 6.8898702e-001
 6.9005269e-001
 6.9108695e-001
 6.9208640e-001
 6.9304764e-001
 6.9395882e-001
 6.9480926e-001
 6.9559729e-001
 6.9633508e-001
 6.9703668e-001
 6.9768542e-001
 6.9826353e-001
 6.9881403e-001
 6.9932765e-001
 6.9980520e-001
 7.0026934e-001
 7.0072287e-001
 7.0119131e-001
 7.0169711e-001
 7.0224893e-001
 7.0284313e-001
 7.0348483e-001
 7.0418400e-001
 7.0493704e-001
 7.0574600e-001
 7.0660621e-001
 7.0750242e-001
 7.0842946e-001
 7.0938355e-001
 7.1035492e-001
 7.1131206e-001
 7.1225309e-001
 7.1317613e-001
 7.1407145e-001
 7.1492684e-001
 7.1574235e-001
 7.1650952e-001
 7.1718657e-001
 7.1777582e-001
 7.1825427e-001
 7.1859419e-001
 7.1881407e-001
 7.1891075e-001
 7.1889728e-001
 7.1880782e-001
 7.1868604e-001
 7.1855086e-001
 7.1841067e-001
 7.1827918e-001
 7.1815974e-001
 7.1806687e-001
 7.1801686e-001
 7.1800488e-001
 7.1805209e-001
 7.1817625e-001
 7.1838003e-001
 7.1865845e-001
 7.1900243e-001
 7.1939975e-001
 7.1982318e-001
 7.2025692e-001
 7.2069496e-001
 7.2113597e-001
 7.2157073e-001
 7.2200221e-001
 7.2243375e-001
 7.2286159e-001
 7.2329104e-001
 7.2371918e-001
 7.2414094e-001
 7.2456050e-001
 7.2497600e-001
 7.2538573e-001
 7.2579187e-001
 7.2618872e-001
 7.2657770e-001
 7.2696292e-001
 7.2734076e-001
 7.2771108e-001
 7.2807699e-001
 7.2844237e-001
 7.2880477e-001
 7.2917324e-001
 7.2954917e-001
 7.2991168e-001
 7.3027909e-001
 7.3065299e-001
 7.3102891e-001
 7.3140633e-001
 7.3178798e-001
 7.3217225e-001
 7.3255050e-001
 7.3292243e-001
 7.3328882e-001
 7.3364925e-001
 7.3399818e-001
 7.3433614e-001
 7.3466378e-001
 7.3498297e-001
 7.3529291e-001
 7.3559475e-001
 7.3588902e-001
 7.3617995e-001
 7.3646468e-001
 7.3674196e-001
 7.3701257e-001
 7.3728442e-001
 7.3754996e-001
 7.3780680e-001
 7.3805887e-001
 7.3831499e-001
 7.3857570e-001
 7.3883802e-001
 7.3910260e-001
 7.3937130e-001
 7.3964548e-001
 7.3992574e-001
 7.4021405e-001
 7.4052233e-001
 7.4085283e-001
 7.4119127e-001
 7.4153286e-001
 7.4187720e-001
 7.4222380e-001
 7.4256891e-001
 7.4292308e-001
 7.4329841e-001
 7.4370557e-001
 7.4413919e-001
 7.4458307e-001
 7.4502623e-001
 7.4547291e-001
 7.4593341e-001
 7.4641043e-001
 7.4689919e-001
 7.4738783e-001
 7.4787819e-001
 7.4836665e-001
 7.4884057e-001
 7.4931902e-001
 7.4980414e-001
 7.5029361e-001
 7.5078702e-001
 7.5129038e-001
 7.5180465e-001
 7.5232440e-001
 7.5284427e-001
 7.5336576e-001
 7.5388670e-001
 7.5439757e-001
 7.5490189e-001
 7.5540215e-001
 7.5589907e-001
 7.5639099e-001
 7.5688016e-001
 7.5736463e-001
 7.5783873e-001
 7.5831228e-001
 7.5878459e-001
 7.5925410e-001
 7.5972205e-001
 7.6018310e-001
 7.6063770e-001
 7.6108903e-001
 7.6153660e-001
 7.6197547e-001
 7.6240581e-001
 7.6283455e-001
 7.6325983e-001
 7.6368243e-001
 7.6410162e-001
 7.6451176e-001
 7.6491493e-001
 7.6531273e-001
 7.6570702e-001
 7.6610398e-001
 7.6649386e-001
 7.6687407e-001
 7.6726025e-001
 7.6764375e-001
 7.6802075e-001
 7.6839185e-001
 7.6876003e-001
 7.6913130e-001
 7.6950276e-001
 7.6986969e-001
 7.7023250e-001
 7.7059156e-001
 7.7094615e-001
 7.7130347e-001
 7.7165562e-001
 7.7200270e-001
 7.7235049e-001
 7.7270114e-001
 7.7304822e-001
 7.7338701e-001
 7.7372390e-001
 7.7405828e-001
 7.7438974e-001
 7.7472091e-001
 7.7505338e-001
 7.7538180e-001
 7.7570873e-001
 7.7603668e-001
 7.7635765e-001
 7.7667648e-001
 7.7699786e-001
 7.7731955e-001
 7.7763927e-001
 7.7795994e-001
 7.7828425e-001
 7.7860159e-001
 7.7891576e-001
 7.7922952e-001
 7.7954465e-001
 7.7986461e-001
 7.8018171e-001
 7.8049344e-001
 7.8080577e-001
 7.8111869e-001
 7.8143263e-001
 7.8174657e-001
 7.8206158e-001
 7.8236967e-001
 7.8267145e-001
 7.8297788e-001
 7.8327423e-001
 7.8357327e-001
 7.8387928e-001
 7.8417265e-001
 7.8447157e-001
 7.8477180e-001
 7.8506619e-001
 7.8536320e-001
 7.8565234e-001
 7.8593731e-001
 7.8623265e-001
 7.8651857e-001
 7.8680098e-001
 7.8708375e-001
 7.8736532e-001
 7.8764427e-001
 7.8792161e-001
 7.8819907e-001
 7.8847957e-001
 7.8875309e-001
 7.8901982e-001
 7.8928602e-001
 7.8955334e-001
 7.8981262e-001
 7.9006094e-001
 7.9031295e-001
 7.9055804e-001
 7.9079807e-001
 7.9103839e-001
 7.9127848e-001
 7.9152066e-001
 7.9176366e-001
 7.9200518e-001
 7.9224283e-001
 7.9247856e-001
 7.9271299e-001
 7.9294086e-001
 7.9316878e-001
 7.9339296e-001
 7.9360723e-001
 7.9381764e-001
 7.9402584e-001
 7.9423088e-001
 7.9443079e-001
 7.9462397e-001
 7.9480928e-001
 7.9498744e-001
 7.9516238e-001
 7.9533923e-001
 7.9551226e-001
 7.9567367e-001
 7.9582953e-001
 7.9597616e-001
 7.9611152e-001
 7.9623878e-001
 7.9636508e-001
 7.9649186e-001
 7.9662168e-001
 7.9676253e-001
 7.9690248e-001
 7.9703915e-001
 7.9716820e-001
 7.9727679e-001
 7.9733980e-001
 7.9737765e-001
 7.9744953e-001
 7.9763663e-001
 7.9790646e-001
 7.9819578e-001
 7.9842633e-001
 7.9860771e-001
 7.9875761e-001
 7.9889488e-001
 7.9902035e-001
 7.9913008e-001
 7.9922891e-001
 7.9932809e-001
 7.9941899e-001
 7.9950160e-001
 7.9957974e-001
 7.9965717e-001
 7.9972339e-001
 7.9978293e-001
 7.9984164e-001
 7.9989535e-001
 7.9994333e-001
 7.9998422e-001
 8.0001843e-001
 8.0005181e-001
 8.0008018e-001
 8.0010396e-001
 8.0012584e-001
 8.0013996e-001
 8.0015111e-001
 8.0016279e-001
 8.0016726e-001
 8.0017233e-001
 8.0017501e-001
 8.0017030e-001
 8.0015957e-001
 8.0014330e-001
 8.0012226e-001
 8.0009711e-001
 8.0007142e-001
 8.0003828e-001
 7.9999769e-001
 7.9995912e-001
 7.9991668e-001
 7.9986805e-001
 7.9981375e-001
 7.9975486e-001
 7.9969352e-001
 7.9962653e-001
 7.9955155e-001
 7.9947734e-001
 7.9940212e-001
 7.9932523e-001
 7.9924840e-001
 7.9916352e-001
 7.9907513e-001
 7.9898560e-001
 7.9889321e-001
 7.9879582e-001
 7.9869676e-001
 7.9859728e-001
 7.9849368e-001
 7.9838508e-001
 7.9827881e-001
 7.9818285e-001
 7.9808241e-001
 7.9797417e-001
 7.9786098e-001
 7.9774851e-001
 7.9763341e-001
 7.9751772e-001
 7.9740113e-001
 7.9728150e-001
 7.9716301e-001
 7.9704547e-001
 7.9692680e-001
 7.9680634e-001
 7.9668427e-001
 7.9656184e-001
 7.9643834e-001
 7.9630190e-001
 7.9616481e-001
 7.9603457e-001
 7.9591161e-001
 7.9577744e-001
 7.9564005e-001
 7.9550469e-001
 7.9537106e-001
 7.9524070e-001
 7.9510695e-001
 7.9496783e-001
 7.9483241e-001
 7.9469717e-001
 7.9456168e-001
 7.9442519e-001
 7.9429024e-001
 7.9415697e-001
 7.9402119e-001
 7.9388130e-001
 7.9375327e-001
 7.9362929e-001
 7.9350471e-001
 7.9337913e-001
 7.9325908e-001
 7.9313898e-001
 7.9301780e-001
 7.9289883e-001
 7.9278314e-001
 7.9266751e-001
 7.9254931e-001
 7.9242951e-001
 7.9231435e-001
 7.9220474e-001
 7.9209876e-001
 7.9199392e-001
 7.9189122e-001
 7.9179275e-001
 7.9169774e-001
 7.9160190e-001
 7.9150814e-001
 7.9141980e-001
 7.9133838e-001
 7.9125947e-001
 7.9117697e-001
 7.9109031e-001
 7.9100358e-001
 7.9092497e-001
 7.9085559e-001
 7.9079056e-001
 7.9071903e-001
 7.9064852e-001
 7.9058319e-001
 7.9052263e-001
 7.9045886e-001
 7.9040098e-001
 7.9034746e-001
 7.9029614e-001
 7.9025441e-001
 7.9021800e-001
 7.9018766e-001
 7.9016346e-001
 7.9013294e-001
 7.9011017e-001
 7.9009598e-001
 7.9008430e-001
 7.9008478e-001
 7.9008406e-001
 7.9007894e-001
 7.9007745e-001
 7.9007620e-001
 7.9007572e-001
 7.9007781e-001
 7.9008353e-001
 7.9008168e-001
 7.9007053e-001
 7.9005235e-001
 7.9003352e-001
 7.9000974e-001
 7.8997737e-001
 7.8993219e-001
 7.8986162e-001
 7.8978068e-001
 7.8969938e-001
 7.8962243e-001
 7.8954011e-001
 7.8946596e-001
 7.8941023e-001
 7.8937745e-001
 7.8935385e-001
 7.8934711e-001
 7.8935724e-001
 7.8938043e-001
 7.8940719e-001
 7.8945178e-001
 7.8951490e-001
 7.8959012e-001
 7.8968275e-001
 7.8976661e-001
 7.8984118e-001
 7.8992373e-001
 7.9001617e-001
 7.9010409e-001
 7.9018569e-001
 7.9027140e-001
 7.9034388e-001
 7.9041958e-001
 7.9049110e-001
 7.9052919e-001
 7.9056114e-001
 7.9057223e-001
 7.9055905e-001
 7.9053664e-001
 7.9049450e-001
 7.9043347e-001
 7.9035091e-001
 7.9023832e-001
 7.9012609e-001
 7.8998989e-001
 7.8981847e-001
 7.8962934e-001
 7.8939480e-001
 7.8913033e-001
 7.8883553e-001
 7.8847587e-001
 7.8808254e-001
 7.8764939e-001
 7.8717190e-001
 7.8666121e-001
 7.8619176e-001
 7.8573620e-001
 7.8529114e-001
 7.8492653e-001
 7.8462255e-001
 7.8437251e-001
 7.8416455e-001
 7.8397560e-001
 7.8374666e-001
 7.8350168e-001
 7.8327233e-001
 7.8306311e-001
 7.8288901e-001
 7.8282255e-001
 7.8291911e-001
 7.8318340e-001
 7.8365964e-001
 7.8439945e-001
 7.8542650e-001
 7.8671664e-001
 7.8832126e-001
 7.9006934e-001
 7.9174644e-001
 7.9318184e-001
 7.9437208e-001
 7.9527307e-001
 7.9590541e-001
 7.9638582e-001
 7.9681295e-001
 7.9718798e-001
 7.9749787e-001
 7.9775351e-001
 7.9802305e-001
 7.9828298e-001
 7.9850435e-001
 7.9868054e-001
 7.9886830e-001
 7.9905534e-001
 7.9922271e-001
 7.9936624e-001
 7.9953486e-001
 7.9968226e-001
 7.9978997e-001
 7.9988831e-001
 7.9999667e-001
 8.0011606e-001
 8.0022055e-001
 8.0027348e-001
 8.0035514e-001
 8.0048579e-001
 8.0049998e-001
 8.0057466e-001
 8.0064511e-001
 8.0071181e-001
 8.0077511e-001
 8.0083561e-001
 8.0089366e-001
 8.0094993e-001
 8.0100483e-001
 8.0105871e-001
 8.0111176e-001
 8.0116391e-001
 8.0121511e-001
 8.0126494e-001
 8.0131298e-001
 8.0135876e-001
 8.0140197e-001
 8.0144244e-001
 8.0148035e-001
 8.0151594e-001
 8.0154979e-001
 8.0158246e-001
 8.0161452e-001
 8.0164641e-001
 8.0167848e-001
 8.0171078e-001
 8.0174333e-001
 8.0177599e-001
 8.0180866e-001
 8.0184114e-001
 8.0187345e-001
 8.0190545e-001
 8.0193728e-001
 8.0196881e-001
 8.0200016e-001
 8.0203116e-001
 8.0206168e-001
 8.0209154e-001
 8.0212057e-001
 8.0214858e-001
 8.0217540e-001
 8.0220103e-001
 8.0222547e-001
 8.0224878e-001
 8.0227113e-001
 8.0229270e-001
 8.0231375e-001
 8.0233431e-001
 8.0235451e-001
 8.0237448e-001
 8.0239415e-001
 8.0241340e-001
 8.0243242e-001
 8.0245113e-001
 8.0246979e-001
 8.0248868e-001
 8.0250806e-001
 8.0252820e-001
 8.0254942e-001
 8.0257189e-001
 8.0259579e-001
 8.0262119e-001
 8.0264807e-001
 8.0267650e-001
 8.0270642e-001
 8.0273777e-001
 8.0277044e-001
 8.0280429e-001
 8.0283922e-001
 8.0287522e-001
 8.0291212e-001
 8.0295002e-001
 8.0298895e-001
 8.0302894e-001
 8.0307001e-001
 8.0311221e-001
 8.0315548e-001
 8.0319965e-001
 8.0324471e-001
 8.0329055e-001
 8.0333716e-001
 8.0338448e-001
 8.0343258e-001
 8.0348170e-001
 8.0353171e-001
 8.0358267e-001
 8.0363452e-001
 8.0368704e-001
 8.0373996e-001
 8.0379313e-001
 8.0384630e-001
 8.0389923e-001
 8.0395198e-001
 8.0400455e-001
 8.0405712e-001
 8.0411005e-001
 8.0416369e-001
 8.0421835e-001
 8.0427438e-001
 8.0433208e-001
 8.0439168e-001
 8.0445331e-001
 8.0451709e-001
 8.0458307e-001
 8.0465144e-001
 8.0472231e-001
 8.0479586e-001
 8.0487239e-001
 8.0495226e-001
 8.0503583e-001
 8.0512339e-001
 8.0521518e-001
 8.0531132e-001
 8.0541182e-001
 8.0551642e-001
 8.0562490e-001
 8.0573678e-001
 8.0585164e-001
 8.0596876e-001
 8.0608767e-001
 8.0620766e-001
 8.0632800e-001
 8.0644822e-001
 8.0656761e-001
 8.0668569e-001
 8.0680203e-001
 8.0691642e-001
 8.0702865e-001
 8.0713880e-001
 8.0724692e-001
 8.0735326e-001
 8.0745798e-001
 8.0756140e-001
 8.0766368e-001
 8.0776501e-001
 8.0786556e-001
 8.0796534e-001
 8.0806440e-001
 8.0816275e-001
 8.0826026e-001
 8.0835694e-001
 8.0845267e-001
 8.0854750e-001
 8.0864137e-001
 8.0873424e-001
 8.0882621e-001
 8.0891740e-001
 8.0900782e-001
 8.0909759e-001
 8.0918688e-001
 8.0927593e-001
 8.0936486e-001
 8.0945408e-001
 8.0954385e-001
 8.0963463e-001
 8.0972672e-001
 8.0982047e-001
 8.0991614e-001
 8.1001365e-001
 8.1011301e-001
 8.1021398e-001
 8.1031621e-001
 8.1041926e-001
 8.1052279e-001
 8.1062663e-001
 8.1073052e-001
 8.1083453e-001
 8.1093866e-001
 8.1104302e-001
 8.1114781e-001
 8.1125301e-001
 8.1135857e-001
 8.1146431e-001
 8.1157011e-001
 8.1167561e-001
 8.1178069e-001
 8.1188512e-001
 8.1198877e-001
 8.1209153e-001
 8.1219333e-001
 8.1229436e-001
 8.1239468e-001
 8.1249428e-001
 8.1259334e-001
 8.1269181e-001
 8.1278980e-001
 8.1288719e-001
 8.1298381e-001
 8.1307942e-001
 8.1317377e-001
 8.1326634e-001
 8.1335676e-001
 8.1344455e-001
 8.1352919e-001
 8.1361032e-001
 8.1368756e-001
 8.1376082e-001
 8.1383002e-001
 8.1389540e-001
 8.1395715e-001
 8.1401557e-001
 8.1407100e-001
 8.1412363e-001
 8.1417346e-001
 8.1422043e-001
 8.1426412e-001
 8.1430382e-001
 8.1433862e-001
 8.1436723e-001
 8.1438828e-001
 8.1439990e-001
 8.1440037e-001
 8.1438762e-001
 8.1435937e-001
 8.1431317e-001
 8.1424612e-001
 8.1415498e-001
 8.1403589e-001
 8.1388479e-001
 8.1369740e-001
 8.1346989e-001
 8.1319916e-001
 8.1288379e-001
 8.1252444e-001
 8.1212407e-001
 8.1168848e-001
 8.1122553e-001
 8.1074518e-001
 8.1025857e-001
 8.0977714e-001
 8.0931222e-001
 8.0887431e-001
 8.0847317e-001
 8.0811757e-001
 8.0781549e-001
 8.0757433e-001
 8.0740076e-001
 8.0730033e-001
 8.0727720e-001
 8.0733329e-001
 8.0746788e-001
 8.0767715e-001
 8.0795431e-001
 8.0829006e-001
 8.0867332e-001
 8.0909228e-001
 8.0953526e-001
 8.0999196e-001
 8.1045359e-001
 8.1091404e-001
 8.1136912e-001
 8.1181669e-001
 8.1225628e-001
 8.1268799e-001
 8.1311208e-001
 8.1352794e-001
 8.1393373e-001
 8.1432635e-001
 8.1470108e-001
 8.1505263e-001
 8.1537539e-001
 8.1566423e-001
 8.1591529e-001
 8.1612629e-001
 8.1629640e-001
 8.1642628e-001
 8.1651759e-001
 8.1657243e-001
 8.1659263e-001
 8.1657952e-001
 8.1653327e-001
 8.1645256e-001
 8.1633466e-001
 8.1617522e-001
 8.1596863e-001
 8.1570810e-001
 8.1538635e-001
 8.1499606e-001
 8.1453079e-001
 8.1398547e-001
 8.1335711e-001
 8.1264621e-001
 8.1185621e-001
 8.1099480e-001
 8.1007344e-001
 8.0910641e-001
 8.0811071e-001
 8.0710375e-001
 8.0610275e-001
 8.0512267e-001
 8.0417454e-001
 8.0326551e-001
 8.0239803e-001
 8.0157006e-001
 8.0077648e-001
 8.0000979e-001
 7.9926211e-001
 7.9852623e-001
 7.9779673e-001
 7.9707146e-001
 7.9635102e-001
 7.9563981e-001
 7.9494482e-001
 7.9427493e-001
 7.9363984e-001
 7.9304826e-001
 7.9250669e-001
 7.9201823e-001
 7.9158169e-001
 7.9119170e-001
 7.9083896e-001
 7.9051173e-001
 7.9019696e-001
 7.8988212e-001
 7.8955650e-001
 7.8921229e-001
 7.8884488e-001
 7.8845328e-001
 7.8803951e-001
 7.8760815e-001
 7.8716558e-001
 7.8671908e-001
 7.8627664e-001
 7.8584588e-001
 7.8543419e-001
 7.8504819e-001
 7.8469336e-001
 7.8437430e-001
 7.8409415e-001
 7.8385484e-001
 7.8365666e-001
 7.8349811e-001
 7.8337598e-001
 7.8328466e-001
 7.8321600e-001
 7.8315866e-001
 7.8309786e-001
 7.8301448e-001
 7.8288513e-001
 7.8268194e-001
 7.8237313e-001
 7.8192455e-001
 7.8130150e-001
 7.8047240e-001
 7.7941167e-001
 7.7810496e-001
 7.7655154e-001
 7.7476811e-001
 7.7278948e-001
 7.7066654e-001
 7.6846427e-001
 7.6625466e-001
 7.6411182e-001
 7.6210487e-001
 7.6029128e-001
 7.5871456e-001
 7.5740004e-001
 7.5635594e-001
 7.5557357e-001
 7.5502920e-001
 7.5468707e-001
 7.5450152e-001
 7.5442046e-001
 7.5438797e-001
 7.5434738e-001
 7.5424397e-001
 7.5402743e-001
 7.5365347e-001
 7.5308549e-001
 7.5229388e-001
 7.5125635e-001
 7.4995643e-001
 7.4838167e-001
 7.4652326e-001
 7.4437225e-001
 7.4191982e-001
 7.3915470e-001
 7.3606038e-001
 7.3261601e-001
 7.2879291e-001
 7.2455722e-001
 7.1987122e-001
 7.1469444e-001
 7.0899338e-001
 7.0274317e-001
 6.9593990e-001
 6.8860579e-001
 6.8079221e-001
 6.7258722e-001
 6.6411209e-001
 6.5551198e-001
 6.4695364e-001
 6.3860410e-001
 6.3062429e-001
 6.2315232e-001
 6.1629164e-001
 6.1011100e-001
 6.0463756e-001
 5.9986597e-001
 5.9576166e-001
 5.9226817e-001
 5.8931750e-001
 5.8683407e-001
 5.8474445e-001
 5.8298475e-001
 5.8151132e-001
 5.8031636e-001
 5.7944238e-001
 5.7899654e-001
 5.7915622e-001
 5.8016324e-001
 5.8230174e-001
 5.8586282e-001
 5.9109634e-001
 5.9816355e-001
 6.0710168e-001
 6.1779892e-001
 6.2999958e-001
 6.4333630e-001
 6.5736431e-001
 6.7162657e-001
 6.8569279e-001
 6.9920373e-001
 7.1189868e-001
 7.2360975e-001
 7.3426497e-001
 7.4385989e-001
 7.5244045e-001
 7.6008445e-001
 7.6687825e-001
 7.7291232e-001
 7.7826929e-001
 7.8302348e-001
 7.8724271e-001
 7.9098481e-001
 7.9430330e-001
 7.9724503e-001
 7.9985255e-001
 8.0216563e-001
 8.0421966e-001
 8.0604726e-001
 8.0767930e-001
 8.0914372e-001
 8.1046760e-001
 8.1167567e-001
 8.1279105e-001
 8.1383491e-001
 8.1482518e-001
 8.1577694e-001
 8.1670105e-001
 8.1760448e-001
 8.1849074e-001
 8.1935972e-001
 8.2020915e-001
 8.2103509e-001
 8.2183295e-001
 8.2259881e-001
 8.2332933e-001
 8.2402283e-001
 8.2467902e-001
 8.2529920e-001
 8.2588619e-001
 8.2644367e-001
 8.2697600e-001
 8.2748783e-001
 8.2798320e-001
 8.2846582e-001
 8.2893836e-001
 8.2940245e-001
 8.2985878e-001
 8.3030707e-001
 8.3074671e-001
 8.3117658e-001
 8.3159542e-001
 8.3200252e-001
 8.3239722e-001
 8.3277959e-001
 8.3315021e-001
 8.3350992e-001
 8.3386022e-001
 8.3420247e-001
 8.3453816e-001
 8.3486819e-001
 8.3519316e-001
 8.3551311e-001
 8.3582735e-001
 8.3613479e-001
 8.3643371e-001
 8.3672225e-001
 8.3699864e-001
 8.3726144e-001
 8.3750975e-001
 8.3774340e-001
 8.3796310e-001
 8.3817065e-001
 8.3836830e-001
 8.3855915e-001
 8.3874643e-001
 8.3893329e-001
 8.3912259e-001
 8.3931649e-001
 8.3951616e-001
 8.3972210e-001
 8.3993357e-001
 8.4014934e-001
 8.4036744e-001
 8.4058571e-001
 8.4080213e-001
 8.4101456e-001
 8.4122163e-001
 8.4142208e-001
 8.4161532e-001
 8.4180111e-001
 8.4197968e-001
 8.4215128e-001
 8.4231663e-001
 8.4247625e-001
 8.4263068e-001
 8.4278047e-001
 8.4292591e-001
 8.4306723e-001
 8.4320444e-001
 8.4333742e-001
 8.4346604e-001
 8.4359008e-001
 8.4370929e-001
 8.4382349e-001
 8.4393275e-001
 8.4403706e-001
 8.4413671e-001
 8.4423208e-001
 8.4432369e-001
 8.4441209e-001
 8.4449780e-001
 8.4458137e-001
 8.4466332e-001
 8.4474403e-001
 8.4482390e-001
 8.4490311e-001
 8.4498197e-001
 8.4506059e-001
 8.4513921e-001
 8.4521788e-001
 8.4529692e-001
 8.4537643e-001
 8.4545672e-001
 8.4553796e-001
 8.4562045e-001
 8.4570432e-001
 8.4578979e-001
 8.4587687e-001
 8.4596574e-001
 8.4605634e-001
 8.4614867e-001
 8.4624267e-001
 8.4633839e-001
 8.4643590e-001
 8.4653509e-001
 8.4663618e-001
 8.4673911e-001
 8.4684402e-001
 8.4695083e-001
 8.4705955e-001
 8.4717011e-001
 8.4728265e-001
 8.4739721e-001
 8.4751397e-001
 8.4763324e-001
 8.4775549e-001
 8.4788102e-001
 8.4801024e-001
 8.4814346e-001
 8.4828073e-001
 8.4842187e-001
 8.4856671e-001
 8.4871465e-001
 8.4886509e-001
 8.4901726e-001
 8.4917027e-001
 8.4932321e-001
 8.4947520e-001
 8.4962547e-001
 8.4977329e-001
 8.4991807e-001
 8.5005939e-001
 8.5019696e-001
 8.5033047e-001
 8.5045975e-001
 8.5058439e-001
 8.5070425e-001
 8.5081887e-001
 8.5092795e-001
 8.5103101e-001
 8.5112762e-001
 8.5121739e-001
 8.5129994e-001
 8.5137504e-001
 8.5144252e-001
 8.5150248e-001
 8.5155499e-001
 8.5160047e-001
 8.5163933e-001
 8.5167217e-001
 8.5169959e-001
 8.5172218e-001
 8.5174048e-001
 8.5175496e-001
 8.5176599e-001
 8.5177398e-001
 8.5177916e-001
 8.5178179e-001
 8.5178196e-001
 8.5177982e-001
 8.5177535e-001
 8.5176849e-001
 8.5175920e-001
 8.5174721e-001
 8.5173267e-001
 8.5171556e-001
 8.5169625e-001
 8.5167509e-001
 8.5165250e-001
 8.5162908e-001
 8.5160524e-001
 8.5158151e-001
 8.5155821e-001
 8.5153556e-001
 8.5151380e-001
 8.5149306e-001
 8.5147339e-001
 8.5145479e-001
 8.5143727e-001
 8.5142058e-001
 8.5140455e-001
 8.5138887e-001
 8.5137326e-001
 8.5135734e-001
 8.5134077e-001
 8.5132331e-001
 8.5130477e-001
 8.5128504e-001
 8.5126418e-001
 8.5124218e-001
 8.5121936e-001
 8.5119569e-001
 8.5117137e-001
 8.5114646e-001
 8.5112089e-001
 8.5109466e-001
 8.5106748e-001
 8.5103911e-001
 8.5100931e-001
 8.5097772e-001
 8.5094410e-001
 8.5090834e-001
 8.5087031e-001
 8.5083014e-001
 8.5078812e-001
 8.5074449e-001
 8.5069966e-001
 8.5065383e-001
 8.5060728e-001
 8.5056007e-001
 8.5051209e-001
 8.5046315e-001
 8.5041291e-001
 8.5036093e-001
 8.5030669e-001
 8.5024983e-001
 8.5018981e-001
 8.5012650e-001
 8.5005987e-001
 8.4999007e-001
 8.4991747e-001
 8.4984279e-001
 8.4976679e-001
 8.4969026e-001
 8.4961402e-001
 8.4953868e-001
 8.4946460e-001
 8.4939188e-001
 8.4932017e-001
 8.4924901e-001
 8.4917748e-001
 8.4910476e-001
 8.4902990e-001
 8.4895223e-001
 8.4887123e-001
 8.4878653e-001
 8.4869808e-001
 8.4860617e-001
 8.4851104e-001
 8.4841311e-001
 8.4831262e-001
 8.4820986e-001
 8.4810483e-001
 8.4799755e-001
 8.4788775e-001
 8.4777510e-001
 8.4765929e-001
 8.4753978e-001
 8.4741616e-001
 8.4728789e-001
 8.4715426e-001
 8.4701478e-001
 8.4686863e-001
 8.4671521e-001
 8.4655398e-001
 8.4638447e-001
 8.4620637e-001
 8.4601963e-001
 8.4582412e-001
 8.4562004e-001
 8.4540755e-001
 8.4518671e-001
 8.4495771e-001
 8.4472066e-001
 8.4447575e-001
 8.4422308e-001
 8.4396303e-001
 8.4369618e-001
 8.4342313e-001
 8.4314495e-001
 8.4286278e-001
 8.4257805e-001
 8.4229225e-001
 8.4200680e-001
 8.4172332e-001
 8.4144312e-001
 8.4116715e-001
 8.4089619e-001
 8.4063071e-001
 8.4037066e-001
 8.4011608e-001
 8.3986634e-001
 8.3962107e-001
 8.3937949e-001
 8.3914089e-001
 8.3890450e-001
 8.3866942e-001
 8.3843458e-001
 8.3819896e-001
 8.3796120e-001
 8.3771998e-001
 8.3747369e-001
 8.3722073e-001
 8.3695960e-001
 8.3668870e-001
 8.3640671e-001
 8.3611244e-001
 8.3580512e-001
 8.3548433e-001
 8.3514982e-001
 8.3480197e-001
 8.3444136e-001
 8.3406889e-001
 8.3368582e-001
 8.3329332e-001
 8.3289284e-001
 8.3248538e-001
 8.3207190e-001
 8.3165300e-001
 8.3122844e-001
 8.3079773e-001
 8.3036000e-001
 8.2991368e-001
 8.2945734e-001
 8.2898903e-001
 8.2850718e-001
 8.2801032e-001
 8.2749695e-001
 8.2696599e-001
 8.2641643e-001
 8.2584769e-001
 8.2525939e-001
 8.2465136e-001
 8.2402426e-001
 8.2337892e-001
 8.2271737e-001
 8.2204235e-001
 8.2135731e-001
 8.2066673e-001
 8.1997555e-001
 8.1928951e-001
 8.1861442e-001
 8.1795597e-001
 8.1731975e-001
 8.1671059e-001
 8.1613266e-001
 8.1558925e-001
 8.1508213e-001
 8.1461209e-001
 8.1417859e-001
 8.1377971e-001
 8.1341273e-001
 8.1307352e-001
 8.1275719e-001
 8.1245786e-001
 8.1216860e-001
 8.1188166e-001
 8.1159598e-001
 8.1129223e-001
 8.1096435e-001
 8.1060392e-001
 8.1020445e-001
 8.0976176e-001
 8.0927497e-001
 8.0874652e-001
 8.0818230e-001
 8.0759162e-001
 8.0698639e-001
 8.0638051e-001
 8.0578941e-001
 8.0522859e-001
 8.0471331e-001
 8.0425733e-001
 8.0387217e-001
 8.0356663e-001
 8.0334592e-001
 8.0321169e-001
 8.0316174e-001
 8.0319035e-001
 8.0328816e-001
 8.0344319e-001
 8.0364066e-001
 8.0386400e-001
 8.0409527e-001
 8.0431604e-001
 8.0450785e-001
 8.0465353e-001
 8.0473775e-001
 8.0474871e-001
 8.0467898e-001
 8.0452693e-001
 8.0429828e-001
 8.0400699e-001
 8.0367589e-001
 8.0333614e-001
 8.0302572e-001
 8.0278635e-001
 8.0265969e-001
 8.0268252e-001
 8.0288219e-001
 8.0327314e-001
 8.0385506e-001
 8.0461228e-001
 8.0551654e-001
 8.0652946e-001
 8.0760759e-001
 8.0870670e-001
 8.0978501e-001
 8.1080693e-001
 8.1174350e-001
 8.1257367e-001
 8.1328392e-001
 8.1386644e-001
 8.1431895e-001
 8.1464261e-001
 8.1484103e-001
 8.1491959e-001
 8.1488407e-001
 8.1474006e-001
 8.1449234e-001
 8.1414467e-001
 8.1369925e-001
 8.1315708e-001
 8.1251818e-001
 8.1178218e-001
 8.1094927e-001
 8.1002033e-001
 8.0899858e-001
 8.0788934e-001
 8.0670011e-001
 8.0544126e-001
 8.0412441e-001
 8.0276293e-001
 8.0137050e-001
 7.9995972e-001
 7.9854250e-001
 7.9712790e-001
 7.9572284e-001
 7.9433137e-001
 7.9295403e-001
 7.9158914e-001
 7.9023206e-001
 7.8887653e-001
 7.8751522e-001
 7.8613961e-001
 7.8474176e-001
 7.8331476e-001
 7.8185230e-001
 7.8035074e-001
 7.7880746e-001
 7.7722275e-001
 7.7559870e-001
 7.7393919e-001
 7.7225077e-001
 7.7054131e-001
 7.6882112e-001
 7.6710248e-001
 7.6539862e-001
 7.6372468e-001
 7.6209575e-001
 7.6052737e-001
 7.5903440e-001
 7.5762975e-001
 7.5632501e-001
 7.5512862e-001
 7.5404668e-001
 7.5308233e-001
 7.5223553e-001
 7.5150388e-001
 7.5088239e-001
 7.5036430e-001
 7.4994117e-001
 7.4960327e-001
 7.4934024e-001
 7.4914122e-001
 7.4899536e-001
 7.4889207e-001
 7.4882156e-001
 7.4877501e-001
 7.4874485e-001
 7.4872470e-001
 7.4870950e-001
 7.4869549e-001
 7.4868000e-001
 7.4866134e-001
 7.4863869e-001
 7.4861211e-001
 7.4858230e-001
 7.4855059e-001
 7.4851876e-001
 7.4848914e-001
 7.4846429e-001
 7.4844700e-001
 7.4843997e-001
 7.4844581e-001
 7.4846691e-001
 7.4850494e-001
 7.4856091e-001
 7.4863487e-001
 7.4872577e-001
 7.4883139e-001
 7.4894869e-001
 7.4907345e-001
 7.4920130e-001
 7.4932724e-001
 7.4944663e-001
 7.4955529e-001
 7.4964952e-001
 7.4972671e-001
 7.4978513e-001
 7.4982405e-001
 7.4984360e-001
 7.4984467e-001
 7.4982858e-001
 7.4979705e-001
 7.4975199e-001
 7.4969536e-001
 7.4962896e-001
 7.4955463e-001
 7.4947387e-001
 7.4938798e-001
 7.4929792e-001
 7.4920440e-001
 7.4910778e-001
 7.4900794e-001
 7.4890482e-001
 7.4879801e-001
 7.4868715e-001
 7.4857193e-001
 7.4845219e-001
 7.4832785e-001
 7.4819893e-001
 7.4806547e-001
 7.4792737e-001
 7.4778438e-001
 7.4763602e-001
 7.4748123e-001
 7.4731892e-001
 7.4714738e-001
 7.4696493e-001
 7.4676991e-001
 7.4656069e-001
 7.4633604e-001
 7.4609536e-001
 7.4583834e-001
 7.4556565e-001
 7.4527848e-001
 7.4497885e-001
 7.4466950e-001
 7.4435371e-001
 7.4403560e-001
 7.4371910e-001
 7.4340856e-001
 7.4310774e-001
 7.4281991e-001
 7.4254751e-001
 7.4229187e-001
 7.4205315e-001
 7.4183041e-001
 7.4162161e-001
 7.4142390e-001
 7.4123377e-001
 7.4104762e-001
 7.4086189e-001
 7.4067348e-001
 7.4047977e-001
 7.4027878e-001
 7.4006915e-001
 7.3984998e-001
 7.3962086e-001
 7.3938185e-001
 7.3913318e-001
 7.3887563e-001
 7.3860985e-001
 7.3833656e-001
 7.3805642e-001
 7.3776984e-001
 7.3747671e-001
 7.3717654e-001
 7.3686904e-001
 7.3655355e-001
 7.3622954e-001
 7.3589712e-001
 7.3555654e-001
 7.3520827e-001
 7.3485327e-001
 7.3449224e-001
 7.3412573e-001
 7.3375404e-001
 7.3337710e-001
 7.3299426e-001
 7.3260444e-001
 7.3220664e-001
 7.3179966e-001
 7.3138261e-001
 7.3095524e-001
 7.3051792e-001
 7.3007149e-001
 7.2961724e-001
 7.2915673e-001
 7.2869134e-001
 7.2822171e-001
 7.2774863e-001
 7.2727191e-001
 7.2679073e-001
 7.2630447e-001
 7.2581142e-001
 7.2530967e-001
 7.2479701e-001
 7.2427034e-001
 7.2372615e-001
 7.2316009e-001
 7.2256780e-001
 7.2194374e-001
 7.2128195e-001
 7.2057652e-001
 7.1982098e-001
 7.1900910e-001
 7.1813637e-001
 7.1719950e-001
 7.1619827e-001
 7.1513569e-001
 7.1401942e-001
 7.1286017e-001
 7.1167147e-001
 7.1046937e-001
 7.0926887e-001
 7.0808244e-001
 7.0691907e-001
 7.0578098e-001
 7.0466399e-001
 7.0355713e-001
 7.0244521e-001
 7.0130962e-001
 7.0013177e-001
 6.9889754e-001
 6.9759786e-001
 6.9623202e-001
 6.9480890e-001
 6.9334447e-001
 6.9186080e-001
 6.9038403e-001
 6.8893915e-001
 6.8754792e-001
 6.8622577e-001
 6.8498170e-001
 6.8381590e-001
 6.8272156e-001
 6.8168718e-001
 6.8069679e-001
 6.7973250e-001
 6.7877674e-001
 6.7781132e-001
 6.7681879e-001
 6.7578143e-001
 6.7468226e-001
 6.7350340e-001
 6.7222750e-001
 6.7084038e-001
 6.6933161e-001
 6.6769767e-001
 6.6594571e-001
 6.6409308e-001
 6.6216773e-001
 6.6020864e-001
 6.5825903e-001
 6.5636408e-001
 6.5456450e-001
 6.5289396e-001
 6.5137315e-001
 6.5000993e-001
 6.4880037e-001
 6.4772946e-001
 6.4677477e-001
 6.4591140e-001
 6.4511323e-001
 6.4435673e-001
 6.4362174e-001
 6.4289212e-001
 6.4215446e-001
 6.4139694e-001
 6.4060855e-001
 6.3977706e-001
 6.3888836e-001
 6.3792717e-001
 6.3687575e-001
 6.3571513e-001
 6.3442659e-001
 6.3299084e-001
 6.3138974e-001
 6.2960613e-001
 6.2762588e-001
 6.2543595e-001
 6.2302554e-001
 6.2038839e-001
 6.1752009e-001
 6.1442041e-001
 6.1109650e-001
 6.0755962e-001
 6.0382921e-001
 5.9993136e-001
 5.9590280e-001
 5.9178394e-001
 5.8761966e-001
 5.8345944e-001
 5.7934821e-001
 5.7532656e-001
 5.7143086e-001
 5.6768656e-001
 5.6411076e-001
 5.6071597e-001
 5.5750644e-001
 5.5448329e-001
 5.5164468e-001
 5.4898900e-001
 5.4651052e-001
 5.4420137e-001
 5.4205120e-001
 5.4004329e-001
 5.3815556e-001
 5.3636187e-001
 5.3463054e-001
 5.3292733e-001
 5.3121668e-001
 5.2946508e-001
 5.2764004e-001
 5.2571231e-001
 5.2365768e-001
 5.2145380e-001
 5.1908129e-001
 5.1652455e-001
 5.1376820e-001
 5.1079798e-001
 5.0760388e-001
 5.0417632e-001
 5.0051069e-001
 4.9660704e-001
 4.9247560e-001
 4.8813316e-001
 4.8360652e-001
 4.7893685e-001
 4.7417295e-001
 4.6937320e-001
 4.6460682e-001
 4.5994353e-001
 4.5545352e-001
 4.5120007e-001
 4.4723809e-001
 4.4360298e-001
 4.4031030e-001
 4.3735623e-001
 4.3471423e-001
 4.3234202e-001
 4.3019101e-001
 4.2821327e-001
 4.2637643e-001
 4.2467511e-001
 4.2314306e-001
 4.2185742e-001
 4.2094055e-001
 4.2055333e-001
 4.2087954e-001
 4.2210644e-001
 4.2439905e-001
 4.2787805e-001
 4.3260083e-001
 4.3854526e-001
 4.4561490e-001
 4.5364326e-001
 4.6241391e-001
 4.7167397e-001
 4.8117039e-001
 4.9066508e-001
 4.9994412e-001
 5.0884145e-001
 5.1723492e-001
 5.2503914e-001
 5.3221142e-001
 5.3873676e-001
 5.4462296e-001
 5.4988855e-001
 5.5456549e-001
 5.5869019e-001
 5.6229877e-001
 5.6543112e-001
 5.6812704e-001
 5.7042456e-001
 5.7236385e-001
 5.7398528e-001
 5.7532835e-001
 5.7643443e-001
 5.7734406e-001
 5.7809681e-001
 5.7872987e-001
 5.7927746e-001
 5.7976943e-001
 5.8023006e-001
 5.8067811e-001
 5.8112627e-001
 5.8158118e-001
 5.8204430e-001
 5.8251268e-001
 5.8297968e-001
 5.8343595e-001
 5.8387083e-001
 5.8427322e-001
 5.8463210e-001
 5.8493817e-001
 5.8518404e-001
 5.8536482e-001
 5.8547854e-001
 5.8552617e-001
 5.8551085e-001
 5.8543754e-001
 5.8531177e-001
 5.8513874e-001
 5.8492237e-001
 5.8466458e-001
 5.8436501e-001
 5.8402151e-001
 5.8363044e-001
 5.8318728e-001
 5.8268833e-001
 5.8213055e-001
 5.8151263e-001
 5.8083504e-001
 5.8010066e-001
 5.7931381e-001
 5.7848018e-001
 5.7760715e-001
 5.7670212e-001
 5.7577270e-001
 5.7482672e-001
 5.7387072e-001
 5.7291001e-001
 5.7194912e-001
 5.7099032e-001
 5.7003421e-001
 5.6907970e-001
 5.6812495e-001
 5.6716639e-001
 5.6619984e-001
 5.6522143e-001
 5.6422651e-001
 5.6321043e-001
 5.6216896e-001
 5.6109709e-001
 5.5998975e-001
 5.5884117e-001
 5.5764610e-001
 5.5639821e-001
 5.5509090e-001
 5.5371851e-001
 5.5227464e-001
 5.5075365e-001
 5.4915196e-001
 5.4746646e-001
 5.4569620e-001
 5.4384392e-001
 5.4191387e-001
 5.3991365e-001
 5.3785312e-001
 5.3574598e-001
 5.3360653e-001
 5.3145003e-001
 5.2929378e-001
 5.2715272e-001
 5.2503991e-001
 5.2296722e-001
 5.2094162e-001
 5.1896691e-001
 5.1704293e-001
 5.1516837e-001
 5.1333886e-001
 5.1154959e-001
 5.0979799e-001
 5.0808197e-001
 5.0640184e-001
 5.0476146e-001
 5.0316554e-001
 5.0162041e-001
 5.0013202e-001
 4.9870664e-001
 4.9734721e-001
 4.9605402e-001
 4.9482507e-001
 4.9365398e-001
 4.9253148e-001
 4.9144661e-001
 4.9038619e-001
 4.8933640e-001
 4.8828509e-001
 4.8722109e-001
 4.8613662e-001
 4.8502743e-001
 4.8389462e-001
 4.8274300e-001
 4.8158175e-001
 4.8042443e-001
 4.7928652e-001
 4.7818503e-001
 4.7713816e-001
 4.7616294e-001
 4.7527543e-001
 4.7448975e-001
 4.7381854e-001
 4.7327155e-001
 4.7285625e-001
 4.7257769e-001
 4.7243777e-001
 4.7243503e-001
 4.7256434e-001
 4.7281629e-001
 4.7317693e-001
 4.7362742e-001
 4.7414464e-001
 4.7470146e-001
 4.7526810e-001
 4.7581273e-001
 4.7630414e-001
 4.7671273e-001
 4.7701213e-001
 4.7718120e-001
 4.7720477e-001
 4.7707447e-001
 4.7678912e-001
 4.7635433e-001
 4.7578195e-001
 4.7508961e-001
 4.7429886e-001
 4.7343463e-001
 4.7252473e-001
 4.7159794e-001
 4.7068369e-001
 4.6981201e-001
 4.6901095e-001
 4.6830654e-001
 4.6772161e-001
 4.6727371e-001
 4.6697465e-001
 4.6682936e-001
 4.6683583e-001
 4.6698511e-001
 4.6726260e-001
 4.6764916e-001
 4.6812320e-001
 4.6866226e-001
 4.6924385e-001
 4.6984708e-001
 4.7045219e-001
 4.7104043e-001
 4.7159290e-001
 4.7209093e-001
 4.7251549e-001
 4.7284731e-001
 4.7306851e-001
 4.7316340e-001
 4.7311974e-001
 4.7292987e-001
 4.7259092e-001
 4.7210500e-001
 4.7147828e-001
 4.7072038e-001
 4.6984309e-001
 4.6886009e-001
 4.6778506e-001
 4.6663114e-001
 4.6541157e-001
 4.6413752e-001
 4.6281865e-001
 4.6146414e-001
 4.6008056e-001
 4.5867342e-001
 4.5724633e-001
 4.5580274e-001
 4.5434403e-001
 4.5287085e-001
 4.5138472e-001
 4.4988638e-001
 4.4837710e-001
 4.4686016e-001
 4.4533870e-001
 4.4381654e-001
 4.4229913e-001
 4.4079104e-001
 4.3929732e-001
 4.3782297e-001
 4.3637472e-001
 4.3495938e-001
 4.3358546e-001
 4.3226403e-001
 4.3100652e-001
 4.2982483e-001
 4.2873105e-001
 4.2773435e-001
 4.2684108e-001
 4.2605385e-001
 4.2537194e-001
 4.2479074e-001
 4.2430335e-001
 4.2390162e-001
 4.2357656e-001
 4.2331964e-001
 4.2312315e-001
 4.2298052e-001
 4.2288664e-001
 4.2283794e-001
 4.2283234e-001
 4.2286909e-001
 4.2294821e-001
 4.2307016e-001
 4.2323515e-001
 4.2344284e-001
 4.2369181e-001
 4.2397982e-001
 4.2430359e-001
 4.2465863e-001
 4.2503950e-001
 4.2543936e-001
 4.2585024e-001
 4.2626283e-001
 4.2666751e-001
 4.2705494e-001
 4.2741662e-001
 4.2774633e-001
 4.2803997e-001
 4.2829567e-001
 4.2851347e-001
 4.2869428e-001
 4.2883900e-001
 4.2894772e-001
 4.2901936e-001
 4.2905182e-001
 4.2904213e-001
 4.2898771e-001
 4.2888695e-001
 4.2874035e-001
 4.2855117e-001
 4.2832574e-001
 4.2807376e-001
 4.2780736e-001
 4.2754054e-001
 4.2728797e-001
 4.2706370e-001
 4.2687976e-001
 4.2674521e-001
 4.2666540e-001
 4.2664149e-001
 4.2667067e-001
 4.2674652e-001
 4.2686006e-001
 4.2700091e-001
 4.2715856e-001
 4.2732352e-001
 4.2748800e-001
 4.2764637e-001
-1.2300000e+034
