s07_ASD Record=12836: Calcite.80+Mont_Swy-1 GDS212  BECKa AREF
-1.2300000e+034
-1.2300000e+034
-1.2300000e+034
-1.2300000e+034
-1.2300000e+034
-1.2300000e+034
-1.2300000e+034
-1.2300000e+034
-1.2300000e+034
-1.2300000e+034
-1.2300000e+034
-1.2300000e+034
-1.2300000e+034
-1.2300000e+034
-1.2300000e+034
-1.2300000e+034
-1.2300000e+034
-1.2300000e+034
-1.2300000e+034
-1.2300000e+034
-1.2300000e+034
-1.2300000e+034
-1.2300000e+034
-1.2300000e+034
-1.2300000e+034
-1.2300000e+034
-1.2300000e+034
-1.2300000e+034
-1.2300000e+034
-1.2300000e+034
-1.2300000e+034
-1.2300000e+034
-1.2300000e+034
-1.2300000e+034
-1.2300000e+034
-1.2300000e+034
-1.2300000e+034
-1.2300000e+034
-1.2300000e+034
-1.2300000e+034
-1.2300000e+034
-1.2300000e+034
-1.2300000e+034
-1.2300000e+034
-1.2300000e+034
-1.2300000e+034
-1.2300000e+034
-1.2300000e+034
-1.2300000e+034
-1.2300000e+034
-1.2300000e+034
-1.2300000e+034
-1.2300000e+034
-1.2300000e+034
-1.2300000e+034
-1.2300000e+034
-1.2300000e+034
-1.2300000e+034
-1.2300000e+034
-1.2300000e+034
-1.2300000e+034
-1.2300000e+034
-1.2300000e+034
-1.2300000e+034
-1.2300000e+034
-1.2300000e+034
-1.2300000e+034
-1.2300000e+034
-1.2300000e+034
-1.2300000e+034
-1.2300000e+034
-1.2300000e+034
-1.2300000e+034
-1.2300000e+034
-1.2300000e+034
-1.2300000e+034
-1.2300000e+034
-1.2300000e+034
-1.2300000e+034
-1.2300000e+034
-1.2300000e+034
-1.2300000e+034
-1.2300000e+034
-1.2300000e+034
-1.2300000e+034
-1.2300000e+034
-1.2300000e+034
-1.2300000e+034
-1.2300000e+034
-1.2300000e+034
-1.2300000e+034
-1.2300000e+034
-1.2300000e+034
-1.2300000e+034
-1.2300000e+034
-1.2300000e+034
-1.2300000e+034
-1.2300000e+034
-1.2300000e+034
-1.2300000e+034
-1.2300000e+034
-1.2300000e+034
-1.2300000e+034
-1.2300000e+034
-1.2300000e+034
-1.2300000e+034
-1.2300000e+034
-1.2300000e+034
-1.2300000e+034
-1.2300000e+034
-1.2300000e+034
-1.2300000e+034
-1.2300000e+034
-1.2300000e+034
-1.2300000e+034
-1.2300000e+034
-1.2300000e+034
-1.2300000e+034
-1.2300000e+034
-1.2300000e+034
-1.2300000e+034
-1.2300000e+034
-1.2300000e+034
-1.2300000e+034
-1.2300000e+034
-1.2300000e+034
-1.2300000e+034
-1.2300000e+034
-1.2300000e+034
-1.2300000e+034
-1.2300000e+034
-1.2300000e+034
-1.2300000e+034
-1.2300000e+034
-1.2300000e+034
-1.2300000e+034
-1.2300000e+034
-1.2300000e+034
-1.2300000e+034
-1.2300000e+034
-1.2300000e+034
-1.2300000e+034
-1.2300000e+034
-1.2300000e+034
-1.2300000e+034
-1.2300000e+034
-1.2300000e+034
-1.2300000e+034
-1.2300000e+034
-1.2300000e+034
-1.2300000e+034
-1.2300000e+034
-1.2300000e+034
-1.2300000e+034
-1.2300000e+034
-1.2300000e+034
-1.2300000e+034
-1.2300000e+034
-1.2300000e+034
-1.2300000e+034
-1.2300000e+034
-1.2300000e+034
-1.2300000e+034
-1.2300000e+034
-1.2300000e+034
-1.2300000e+034
-1.2300000e+034
-1.2300000e+034
-1.2300000e+034
-1.2300000e+034
-1.2300000e+034
-1.2300000e+034
-1.2300000e+034
-1.2300000e+034
-1.2300000e+034
-1.2300000e+034
-1.2300000e+034
-1.2300000e+034
-1.2300000e+034
-1.2300000e+034
-1.2300000e+034
-1.2300000e+034
-1.2300000e+034
-1.2300000e+034
-1.2300000e+034
-1.2300000e+034
-1.2300000e+034
-1.2300000e+034
-1.2300000e+034
-1.2300000e+034
-1.2300000e+034
-1.2300000e+034
-1.2300000e+034
-1.2300000e+034
-1.2300000e+034
-1.2300000e+034
-1.2300000e+034
-1.2300000e+034
-1.2300000e+034
-1.2300000e+034
-1.2300000e+034
-1.2300000e+034
-1.2300000e+034
-1.2300000e+034
-1.2300000e+034
-1.2300000e+034
-1.2300000e+034
-1.2300000e+034
-1.2300000e+034
-1.2300000e+034
-1.2300000e+034
-1.2300000e+034
-1.2300000e+034
-1.2300000e+034
-1.2300000e+034
-1.2300000e+034
-1.2300000e+034
-1.2300000e+034
-1.2300000e+034
-1.2300000e+034
 7.8977221e-001
 7.8986841e-001
 7.9001635e-001
 7.9011399e-001
 7.9007185e-001
 7.8992963e-001
 7.8983569e-001
 7.8990227e-001
 7.9010612e-001
 7.9033422e-001
 7.9050845e-001
 7.9065526e-001
 7.9085761e-001
 7.9114938e-001
 7.9146880e-001
 7.9171073e-001
 7.9181528e-001
 7.9180491e-001
 7.9174536e-001
 7.9169255e-001
 7.9169422e-001
 7.9180813e-001
 7.9206651e-001
 7.9241902e-001
 7.9275048e-001
 7.9297048e-001
 7.9307395e-001
 7.9312652e-001
 7.9320455e-001
 7.9333389e-001
 7.9346710e-001
 7.9353327e-001
 7.9351819e-001
 7.9347610e-001
 7.9346418e-001
 7.9350990e-001
 7.9365194e-001
 7.9393309e-001
 7.9431951e-001
 7.9469299e-001
 7.9495811e-001
 7.9510033e-001
 7.9513198e-001
 7.9508263e-001
 7.9504192e-001
 7.9508835e-001
 7.9519606e-001
 7.9528993e-001
 7.9532987e-001
 7.9531235e-001
 7.9527038e-001
 7.9526311e-001
 7.9531914e-001
 7.9542702e-001
 7.9558343e-001
 7.9579079e-001
 7.9599887e-001
 7.9609531e-001
 7.9600471e-001
 7.9581469e-001
 7.9574287e-001
 7.9592937e-001
 7.9628479e-001
 7.9661882e-001
 7.9684341e-001
 7.9696858e-001
 7.9701304e-001
 7.9699659e-001
 7.9696262e-001
 7.9695952e-001
 7.9701877e-001
 7.9715937e-001
 7.9738027e-001
 7.9763949e-001
 7.9788542e-001
 7.9812163e-001
 7.9838663e-001
 7.9866099e-001
 7.9888481e-001
 7.9908967e-001
 7.9939437e-001
 7.9981220e-001
 8.0016547e-001
 8.0026346e-001
 8.0011952e-001
 7.9995996e-001
 8.0000997e-001
 8.0027735e-001
 8.0061734e-001
 8.0099684e-001
 8.0150533e-001
 8.0207866e-001
 8.0248570e-001
 8.0268055e-001
 8.0288839e-001
 8.0322677e-001
 8.0352426e-001
 8.0362082e-001
 8.0359238e-001
 8.0362111e-001
 8.0375046e-001
 8.0390817e-001
 8.0409586e-001
 8.0440950e-001
 8.0488735e-001
 8.0540717e-001
 8.0575299e-001
 8.0580366e-001
 8.0566472e-001
 8.0559736e-001
 8.0580246e-001
 8.0626750e-001
 8.0680722e-001
 8.0723023e-001
 8.0746436e-001
 8.0755872e-001
 8.0761170e-001
 8.0771357e-001
 8.0792582e-001
 8.0827725e-001
 8.0876017e-001
 8.0933046e-001
 8.0990708e-001
 8.1038028e-001
 8.1065482e-001
 8.1073046e-001
 8.1074625e-001
 8.1090343e-001
 8.1130356e-001
 8.1185389e-001
 8.1235349e-001
 8.1269974e-001
 8.1299496e-001
 8.1335467e-001
 8.1364018e-001
 8.1376243e-001
 8.1391186e-001
 8.1421322e-001
 8.1444955e-001
 8.1445962e-001
 8.1448209e-001
 8.1475502e-001
 8.1511021e-001
 8.1529957e-001
 8.1539363e-001
 8.1555867e-001
 8.1575036e-001
 8.1590164e-001
 8.1613880e-001
 8.1654328e-001
 8.1693536e-001
 8.1714982e-001
 8.1731200e-001
 8.1761283e-001
 8.1799066e-001
 8.1820041e-001
 8.1809944e-001
 8.1783271e-001
 8.1775081e-001
 8.1806016e-001
 8.1859195e-001
 8.1900257e-001
 8.1910980e-001
 8.1900549e-001
 8.1893867e-001
 8.1908387e-001
 8.1937516e-001
 8.1955284e-001
 8.1939411e-001
 8.1898731e-001
 8.1873542e-001
 8.1893885e-001
 8.1946343e-001
 8.1994456e-001
 8.2015580e-001
 8.2013172e-001
 8.2005525e-001
 8.2007575e-001
 8.2025504e-001
 8.2054287e-001
 8.2076538e-001
 8.2071912e-001
 8.2039750e-001
 8.2004702e-001
 8.1990701e-001
 8.2002425e-001
 8.2028168e-001
 8.2054007e-001
 8.2076240e-001
 8.2101953e-001
 8.2138205e-001
 8.2181841e-001
 8.2219768e-001
 8.2239228e-001
 8.2238096e-001
 8.2225037e-001
 8.2211441e-001
 8.2205963e-001
 8.2213628e-001
 8.2235283e-001
 8.2263821e-001
 8.2284987e-001
 8.2287318e-001
 8.2274902e-001
 8.2265210e-001
 8.2273930e-001
 8.2304776e-001
 8.2348114e-001
 8.2387030e-001
 8.2406974e-001
 8.2419032e-001
 8.2425261e-001
 8.2431173e-001
 8.2438564e-001
 8.2447726e-001
 8.2458931e-001
 8.2472193e-001
 8.2485563e-001
 8.2496315e-001
 8.2501745e-001
 8.2499981e-001
 8.2494611e-001
 8.2491505e-001
 8.2496488e-001
 8.2514280e-001
 8.2541996e-001
 8.2573652e-001
 8.2603300e-001
 8.2625633e-001
 8.2639819e-001
 8.2647419e-001
 8.2647377e-001
 8.2642376e-001
 8.2634062e-001
 8.2624710e-001
 8.2616609e-001
 8.2612056e-001
 8.2613260e-001
 8.2620794e-001
 8.2633519e-001
 8.2650268e-001
 8.2669830e-001
 8.2691014e-001
 8.2711685e-001
 8.2728785e-001
 8.2739270e-001
 8.2740074e-001
 8.2728332e-001
 8.2705528e-001
 8.2677400e-001
 8.2649887e-001
 8.2628924e-001
 8.2620412e-001
 8.2628423e-001
 8.2649684e-001
 8.2679188e-001
 8.2711899e-001
 8.2742804e-001
 8.2766879e-001
 8.2780457e-001
 8.2785088e-001
 8.2783580e-001
 8.2778752e-001
 8.2773399e-001
 8.2770348e-001
 8.2772386e-001
 8.2781339e-001
 8.2795113e-001
 8.2810742e-001
 8.2825220e-001
 8.2835573e-001
 8.2838809e-001
 8.2831943e-001
 8.2811993e-001
 8.2776970e-001
 8.2728684e-001
 8.2669812e-001
 8.2603085e-001
 8.2531166e-001
 8.2456774e-001
 8.2382596e-001
 8.2311320e-001
 8.2245183e-001
 8.2184607e-001
 8.2129616e-001
 8.2080227e-001
 8.2036471e-001
 8.1998342e-001
 8.1965894e-001
 8.1939125e-001
 8.1917977e-001
 8.1902146e-001
 8.1891233e-001
 8.1884849e-001
 8.1882626e-001
 8.1884146e-001
 8.1889063e-001
 8.1896955e-001
 8.1907457e-001
 8.1920183e-001
 8.1934732e-001
 8.1950730e-001
 8.1967789e-001
 8.1985509e-001
 8.2003498e-001
 8.2021362e-001
 8.2038695e-001
 8.2055122e-001
 8.2070220e-001
 8.2083619e-001
 8.2094902e-001
 8.2103676e-001
 8.2109559e-001
 8.2112151e-001
 8.2111198e-001
 8.2106978e-001
 8.2099891e-001
 8.2090348e-001
 8.2078743e-001
 8.2065457e-001
 8.2050920e-001
 8.2035518e-001
 8.2019645e-001
 8.2003689e-001
 8.1988072e-001
 8.1973130e-001
 8.1959039e-001
 8.1945914e-001
 8.1933910e-001
 8.1923133e-001
 8.1913722e-001
 8.1905806e-001
 8.1899518e-001
 8.1894982e-001
 8.1892335e-001
 8.1891572e-001
 8.1892294e-001
 8.1893969e-001
 8.1896108e-001
 8.1898183e-001
 8.1899709e-001
 8.1900150e-001
 8.1899029e-001
 8.1895798e-001
 8.1889975e-001
 8.1881320e-001
 8.1870544e-001
 8.1858557e-001
 8.1846267e-001
 8.1834590e-001
 8.1824440e-001
 8.1816715e-001
 8.1812352e-001
 8.1812233e-001
 8.1817299e-001
 8.1828034e-001
 8.1843644e-001
 8.1863016e-001
 8.1885040e-001
 8.1908625e-001
 8.1932658e-001
 8.1956035e-001
 8.1977677e-001
 8.1996447e-001
 8.2011378e-001
 8.2021815e-001
 8.2027203e-001
 8.2026994e-001
 8.2020593e-001
 8.2007474e-001
 8.1987065e-001
 8.1958801e-001
 8.1922817e-001
 8.1881553e-001
 8.1837940e-001
 8.1794876e-001
 8.1755292e-001
 8.1722087e-001
 8.1698197e-001
 8.1686515e-001
 8.1688696e-001
 8.1702125e-001
 8.1723398e-001
 8.1749058e-001
 8.1775683e-001
 8.1799841e-001
 8.1818098e-001
 8.1827015e-001
 8.1824583e-001
 8.1813383e-001
 8.1796920e-001
 8.1780154e-001
 8.1764948e-001
 8.1755555e-001
 8.1754452e-001
 8.1762558e-001
 8.1779432e-001
 8.1803751e-001
 8.1833756e-001
 8.1867546e-001
 8.1903213e-001
 8.1938964e-001
 8.1973219e-001
 8.2004607e-001
 8.2031822e-001
 8.2053715e-001
 8.2069391e-001
 8.2078540e-001
 8.2081449e-001
 8.2078868e-001
 8.2071829e-001
 8.2061499e-001
 8.2049298e-001
 8.2037044e-001
 8.2026964e-001
 8.2021630e-001
 8.2023644e-001
 8.2035226e-001
 8.2057494e-001
 8.2089794e-001
 8.2129455e-001
 8.2172257e-001
 8.2213241e-001
 8.2247651e-001
 8.2271910e-001
 8.2284379e-001
 8.2285601e-001
 8.2277888e-001
 8.2264525e-001
 8.2248896e-001
 8.2233769e-001
 8.2222253e-001
 8.2213670e-001
 8.2204938e-001
 8.2196701e-001
 8.2189566e-001
 8.2184190e-001
 8.2181251e-001
 8.2181460e-001
 8.2185495e-001
 8.2193869e-001
 8.2206827e-001
 8.2224154e-001
 8.2245177e-001
 8.2268715e-001
 8.2293296e-001
 8.2317322e-001
 8.2339317e-001
 8.2358074e-001
 8.2372791e-001
 8.2383120e-001
 8.2389164e-001
 8.2391363e-001
 8.2390451e-001
 8.2387352e-001
 8.2383084e-001
 8.2378739e-001
 8.2375413e-001
 8.2374150e-001
 8.2375818e-001
 8.2380998e-001
 8.2389909e-001
 8.2402301e-001
 8.2417488e-001
 8.2434338e-001
 8.2451427e-001
 8.2467186e-001
 8.2480121e-001
 8.2489049e-001
 8.2493299e-001
 8.2492828e-001
 8.2488251e-001
 8.2480764e-001
 8.2471943e-001
 8.2463527e-001
 8.2457167e-001
 8.2454234e-001
 8.2455641e-001
 8.2461810e-001
 8.2472664e-001
 8.2487679e-001
 8.2506037e-001
 8.2526731e-001
 8.2548654e-001
 8.2570773e-001
 8.2592106e-001
 8.2611835e-001
 8.2629281e-001
 8.2643950e-001
 8.2655507e-001
 8.2663822e-001
 8.2669002e-001
 8.2671374e-001
 8.2671517e-001
 8.2670212e-001
 8.2668370e-001
 8.2666904e-001
 8.2666612e-001
 8.2668018e-001
 8.2671279e-001
 8.2676178e-001
 8.2682115e-001
 8.2688284e-001
 8.2693762e-001
 8.2697743e-001
 8.2699656e-001
 8.2699257e-001
 8.2696700e-001
 8.2692432e-001
 8.2687169e-001
 8.2681727e-001
 8.2676935e-001
 8.2673520e-001
 8.2672012e-001
 8.2672757e-001
 8.2675844e-001
 8.2681179e-001
 8.2688475e-001
 8.2697308e-001
 8.2707173e-001
 8.2717526e-001
 8.2727844e-001
 8.2737672e-001
 8.2746673e-001
 8.2754636e-001
 8.2761520e-001
 8.2767421e-001
 8.2772547e-001
 8.2777202e-001
 8.2781720e-001
 8.2786435e-001
 8.2791650e-001
 8.2797599e-001
 8.2804447e-001
 8.2812274e-001
 8.2821101e-001
 8.2830834e-001
 8.2841325e-001
 8.2852340e-001
 8.2863545e-001
 8.2874572e-001
 8.2884985e-001
 8.2894343e-001
 8.2902229e-001
 8.2908320e-001
 8.2912421e-001
 8.2914507e-001
 8.2914758e-001
 8.2913530e-001
 8.2911319e-001
 8.2908702e-001
 8.2906199e-001
 8.2904226e-001
 8.2902962e-001
 8.2902342e-001
 8.2902050e-001
 8.2901561e-001
 8.2900292e-001
 8.2897681e-001
 8.2893306e-001
 8.2887006e-001
 8.2878864e-001
 8.2869190e-001
 8.2858473e-001
 8.2847255e-001
 8.2836056e-001
 8.2825297e-001
 8.2815248e-001
 8.2806027e-001
 8.2797623e-001
 8.2789928e-001
 8.2782751e-001
 8.2775891e-001
 8.2769120e-001
 8.2762223e-001
 8.2755029e-001
 8.2747447e-001
 8.2739455e-001
 8.2731164e-001
 8.2722771e-001
 8.2714587e-001
 8.2706922e-001
 8.2700074e-001
 8.2694215e-001
 8.2689375e-001
 8.2685393e-001
 8.2681978e-001
 8.2678765e-001
 8.2675433e-001
 8.2671803e-001
 8.2667947e-001
 8.2664245e-001
 8.2661331e-001
 8.2660055e-001
 8.2661325e-001
 8.2665932e-001
 8.2674396e-001
 8.2686836e-001
 8.2702899e-001
 8.2721806e-001
 8.2742506e-001
 8.2763869e-001
 8.2784903e-001
 8.2805002e-001
 8.2823998e-001
 8.2842195e-001
 8.2860190e-001
 8.2878643e-001
 8.2898021e-001
 8.2918376e-001
 8.2939267e-001
 8.2959777e-001
 8.2978749e-001
 8.2995033e-001
 8.3007765e-001
 8.3016562e-001
 8.3021593e-001
 8.3023471e-001
 8.3023071e-001
 8.3021325e-001
 8.3018965e-001
 8.3016431e-001
 8.3013874e-001
 8.3011234e-001
 8.3008373e-001
 8.3005220e-001
 8.3001852e-001
 8.2998484e-001
 8.2995433e-001
 8.2992953e-001
 8.2991177e-001
 8.2990015e-001
 8.2989162e-001
 8.2988179e-001
 8.2986587e-001
 8.2984024e-001
 8.2980388e-001
 8.2975894e-001
 8.2971084e-001
 8.2966781e-001
 8.2963949e-001
 8.2963520e-001
 8.2966244e-001
 8.2972533e-001
 8.2982379e-001
 8.2995349e-001
 8.3010662e-001
 8.3027309e-001
 8.3044231e-001
 8.3060473e-001
 8.3075327e-001
 8.3088356e-001
 8.3099431e-001
 8.3108628e-001
 8.3116138e-001
 8.3122164e-001
 8.3126801e-001
 8.3130020e-001
 8.3131671e-001
 8.3131540e-001
 8.3129454e-001
 8.3125395e-001
 8.3119577e-001
 8.3112526e-001
 8.3105034e-001
 8.3098108e-001
 8.3092809e-001
 8.3090109e-001
 8.3090693e-001
 8.3094859e-001
 8.3102447e-001
 8.3112842e-001
 8.3125103e-001
 8.3138096e-001
 8.3150679e-001
 8.3161831e-001
 8.3170813e-001
 8.3177179e-001
 8.3180791e-001
 8.3181781e-001
 8.3180481e-001
 8.3177376e-001
 8.3173025e-001
 8.3168042e-001
 8.3163100e-001
 8.3158851e-001
 8.3155942e-001
 8.3154941e-001
 8.3156276e-001
 8.3160186e-001
 8.3166671e-001
 8.3175445e-001
 8.3185959e-001
 8.3197474e-001
 8.3209097e-001
 8.3219945e-001
 8.3229244e-001
 8.3236444e-001
 8.3241284e-001
 8.3243841e-001
 8.3244449e-001
 8.3243644e-001
 8.3242023e-001
 8.3240086e-001
 8.3238173e-001
 8.3236355e-001
 8.3234459e-001
 8.3232129e-001
 8.3228934e-001
 8.3224469e-001
 8.3218497e-001
 8.3210975e-001
 8.3202076e-001
 8.3192170e-001
 8.3181703e-001
 8.3171141e-001
 8.3160871e-001
 8.3151144e-001
 8.3142054e-001
 8.3133572e-001
 8.3125621e-001
 8.3118105e-001
 8.3111036e-001
 8.3104533e-001
 8.3098865e-001
 8.3094412e-001
 8.3091569e-001
 8.3090687e-001
 8.3091962e-001
 8.3095360e-001
 8.3100569e-001
 8.3107066e-001
 8.3114135e-001
 8.3121002e-001
 8.3126915e-001
 8.3131266e-001
 8.3133650e-001
 8.3133876e-001
 8.3131963e-001
 8.3128101e-001
 8.3122599e-001
 8.3115828e-001
 8.3108187e-001
 8.3100045e-001
 8.3091736e-001
 8.3083510e-001
 8.3075488e-001
 8.3067656e-001
 8.3059847e-001
 8.3051765e-001
 8.3043021e-001
 8.3033228e-001
 8.3022094e-001
 8.3009547e-001
 8.2995749e-001
 8.2981145e-001
 8.2966399e-001
 8.2952261e-001
 8.2939452e-001
 8.2928497e-001
 8.2919651e-001
 8.2912791e-001
 8.2907492e-001
 8.2903063e-001
 8.2898694e-001
 8.2893592e-001
 8.2887077e-001
 8.2878691e-001
 8.2868218e-001
 8.2855684e-001
 8.2841313e-001
 8.2825452e-001
 8.2808506e-001
 8.2790858e-001
 8.2772851e-001
 8.2754719e-001
 8.2736635e-001
 8.2718676e-001
 8.2700920e-001
 8.2683420e-001
 8.2666284e-001
 8.2649666e-001
 8.2633775e-001
 8.2618839e-001
 8.2605058e-001
 8.2592493e-001
 8.2581037e-001
 8.2570332e-001
 8.2559752e-001
 8.2548428e-001
 8.2535338e-001
 8.2519466e-001
 8.2499868e-001
 8.2475859e-001
 8.2447022e-001
 8.2413173e-001
 8.2374281e-001
 8.2330275e-001
 8.2280898e-001
 8.2225573e-001
 8.2163411e-001
 8.2093269e-001
 8.2013988e-001
 8.1924522e-001
 8.1824237e-001
 8.1712902e-001
 8.1590766e-001
 8.1458402e-001
 8.1316417e-001
 8.1165367e-001
 8.1005472e-001
 8.0836666e-001
 8.0658615e-001
 8.0470806e-001
 8.0272877e-001
 8.0064589e-001
 7.9846078e-001
 7.9617751e-001
 7.9380143e-001
 7.9133904e-001
 7.8879642e-001
 7.8617722e-001
 7.8348517e-001
 7.8072220e-001
 7.7789229e-001
 7.7500182e-001
 7.7205986e-001
 7.6908135e-001
 7.6608467e-001
 7.6309335e-001
 7.6013452e-001
 7.5723690e-001
 7.5443196e-001
 7.5175065e-001
 7.4922496e-001
 7.4688631e-001
 7.4476457e-001
 7.4288929e-001
 7.4128735e-001
 7.3998386e-001
 7.3900062e-001
 7.3835456e-001
 7.3805767e-001
 7.3811513e-001
 7.3852468e-001
 7.3927569e-001
 7.4034953e-001
 7.4171931e-001
 7.4335116e-001
 7.4520665e-001
 7.4724370e-001
 7.4942064e-001
 7.5169724e-001
 7.5403774e-001
 7.5641310e-001
 7.5879973e-001
 7.6118159e-001
 7.6354712e-001
 7.6588833e-001
 7.6820004e-001
 7.7047592e-001
 7.7270967e-001
 7.7489263e-001
 7.7701443e-001
 7.7906454e-001
 7.8103137e-001
 7.8290504e-001
 7.8467691e-001
 7.8634036e-001
 7.8789216e-001
 7.8933078e-001
 7.9065692e-001
 7.9187346e-001
 7.9298365e-001
 7.9399186e-001
 7.9490203e-001
 7.9571778e-001
 7.9644257e-001
 7.9707915e-001
 7.9763025e-001
 7.9809886e-001
 7.9848886e-001
 7.9880595e-001
 7.9905778e-001
 7.9925460e-001
 7.9940915e-001
 7.9953617e-001
 7.9965204e-001
 7.9977328e-001
 7.9991573e-001
 8.0009305e-001
 8.0031598e-001
 8.0059141e-001
 8.0092245e-001
 8.0130875e-001
 8.0174720e-001
 8.0223280e-001
 8.0276024e-001
 8.0332416e-001
 8.0391997e-001
 8.0454367e-001
 8.0519110e-001
 8.0585760e-001
 8.0653661e-001
 8.0721992e-001
 8.0789793e-001
 8.0856031e-001
 8.0919814e-001
 8.0980468e-001
 8.1037658e-001
 8.1091452e-001
 8.1142181e-001
 8.1190348e-001
 8.1236380e-001
 8.1280541e-001
 8.1322849e-001
 8.1363094e-001
 8.1401002e-001
 8.1436431e-001
 8.1469548e-001
 8.1500942e-001
 8.1531602e-001
 8.1562787e-001
 8.1595790e-001
 8.1631649e-001
 8.1670928e-001
 8.1713569e-001
 8.1758857e-001
 8.1805587e-001
 8.1852198e-001
 8.1897122e-001
 8.1938946e-001
 8.1976670e-001
 8.2009828e-001
 8.2038480e-001
 8.2063210e-001
 8.2084984e-001
 8.2105023e-001
 8.2124650e-001
 8.2145172e-001
 8.2167727e-001
 8.2193238e-001
 8.2222348e-001
 8.2255417e-001
 8.2292485e-001
 8.2333297e-001
 8.2377303e-001
 8.2423645e-001
 8.2471240e-001
 8.2518774e-001
 8.2564884e-001
 8.2608277e-001
 8.2647854e-001
 8.2682800e-001
 8.2712656e-001
 8.2737255e-001
 8.2756776e-001
 8.2771742e-001
 8.2782948e-001
 8.2791364e-001
 8.2798028e-001
 8.2803917e-001
 8.2809871e-001
 8.2816565e-001
 8.2824534e-001
 8.2834202e-001
 8.2845879e-001
 8.2859772e-001
 8.2875931e-001
 8.2894158e-001
 8.2914031e-001
 8.2934862e-001
 8.2955784e-001
 8.2975817e-001
 8.2994062e-001
 8.3009815e-001
 8.3022791e-001
 8.3033150e-001
 8.3041579e-001
 8.3049166e-001
 8.3057261e-001
 8.3067232e-001
 8.3080268e-001
 8.3097112e-001
 8.3117998e-001
 8.3142626e-001
 8.3170247e-001
 8.3199811e-001
 8.3230132e-001
 8.3260006e-001
 8.3288342e-001
 8.3314234e-001
 8.3337051e-001
 8.3356482e-001
 8.3372551e-001
 8.3385557e-001
 8.3396035e-001
 8.3404648e-001
 8.3412087e-001
 8.3418965e-001
 8.3425730e-001
 8.3432585e-001
 8.3439481e-001
 8.3446163e-001
 8.3452237e-001
 8.3457303e-001
 8.3461082e-001
 8.3463514e-001
 8.3464807e-001
 8.3465475e-001
 8.3466280e-001
 8.3468145e-001
 8.3472019e-001
 8.3478719e-001
 8.3488762e-001
 8.3502245e-001
 8.3518779e-001
 8.3537519e-001
 8.3557254e-001
 8.3576590e-001
 8.3594161e-001
 8.3608782e-001
 8.3619666e-001
 8.3626491e-001
 8.3629435e-001
 8.3629125e-001
 8.3626503e-001
 8.3622682e-001
 8.3618760e-001
 8.3615702e-001
 8.3614200e-001
 8.3614653e-001
 8.3617163e-001
 8.3621597e-001
 8.3627665e-001
 8.3635044e-001
 8.3643419e-001
 8.3652592e-001
 8.3662450e-001
 8.3673006e-001
 8.3684307e-001
 8.3696407e-001
 8.3709282e-001
 8.3722782e-001
 8.3736610e-001
 8.3750308e-001
 8.3763313e-001
 8.3774984e-001
 8.3784711e-001
 8.3791965e-001
 8.3796388e-001
 8.3797818e-001
 8.3796346e-001
 8.3792287e-001
 8.3786184e-001
 8.3778733e-001
 8.3770770e-001
 8.3763188e-001
 8.3756882e-001
 8.3752686e-001
 8.3751309e-001
 8.3753258e-001
 8.3758801e-001
 8.3767909e-001
 8.3780241e-001
 8.3795160e-001
 8.3811766e-001
 8.3828992e-001
 8.3845717e-001
 8.3860856e-001
 8.3873534e-001
 8.3883142e-001
 8.3889413e-001
 8.3892453e-001
 8.3892703e-001
 8.3890879e-001
 8.3887875e-001
 8.3884674e-001
 8.3882248e-001
 8.3881444e-001
 8.3882940e-001
 8.3887148e-001
 8.3894163e-001
 8.3903760e-001
 8.3915341e-001
 8.3927977e-001
 8.3940488e-001
 8.3951533e-001
 8.3959794e-001
 8.3964097e-001
 8.3963585e-001
 8.3957827e-001
 8.3946890e-001
 8.3931339e-001
 8.3912241e-001
 8.3891094e-001
 8.3869654e-001
 8.3849746e-001
 8.3832985e-001
 8.3820546e-001
 8.3812970e-001
 8.3810043e-001
 8.3810872e-001
 8.3814049e-001
 8.3817917e-001
 8.3820981e-001
 8.3822203e-001
 8.3821362e-001
 8.3819121e-001
 8.3816975e-001
 8.3817011e-001
 8.3821565e-001
 8.3832836e-001
 8.3852500e-001
 8.3881456e-001
 8.3919621e-001
 8.3965963e-001
 8.4018481e-001
 8.4074420e-001
 8.4130621e-001
 8.4183800e-001
 8.4230971e-001
 8.4269768e-001
 8.4298623e-001
 8.4316957e-001
 8.4325069e-001
 8.4324038e-001
 8.4315455e-001
 8.4301168e-001
 8.4282970e-001
 8.4262389e-001
 8.4240514e-001
 8.4217894e-001
 8.4194607e-001
 8.4170282e-001
 8.4144312e-001
 8.4116030e-001
 8.4084880e-001
 8.4050602e-001
 8.4013319e-001
 8.3973610e-001
 8.3932471e-001
 8.3891195e-001
 8.3851266e-001
 8.3814162e-001
 8.3781171e-001
 8.3753270e-001
 8.3731008e-001
 8.3714443e-001
 8.3703202e-001
 8.3696526e-001
 8.3693403e-001
 8.3692706e-001
 8.3693343e-001
 8.3694392e-001
 8.3695155e-001
 8.3695245e-001
 8.3694559e-001
 8.3693260e-001
 8.3691716e-001
 8.3690399e-001
 8.3689827e-001
 8.3690494e-001
 8.3692801e-001
 8.3697033e-001
 8.3703321e-001
 8.3711666e-001
 8.3721906e-001
 8.3733720e-001
 8.3746666e-001
 8.3760136e-001
 8.3773410e-001
 8.3785647e-001
 8.3795929e-001
 8.3803296e-001
 8.3806807e-001
 8.3805603e-001
 8.3798987e-001
 8.3786446e-001
 8.3767730e-001
 8.3742851e-001
 8.3712107e-001
 8.3676046e-001
 8.3635443e-001
 8.3591300e-001
 8.3544761e-001
 8.3497143e-001
 8.3449852e-001
 8.3404368e-001
 8.3362198e-001
 8.3324766e-001
 8.3293384e-001
 8.3269101e-001
 8.3252621e-001
 8.3244222e-001
 8.3243710e-001
 8.3250397e-001
 8.3263171e-001
 8.3280599e-001
 8.3301055e-001
 8.3322883e-001
 8.3344579e-001
 8.3364880e-001
 8.3382899e-001
 8.3398145e-001
 8.3410525e-001
 8.3420312e-001
 8.3428025e-001
 8.3434355e-001
 8.3440030e-001
 8.3445698e-001
 8.3451879e-001
 8.3458889e-001
 8.3466828e-001
 8.3475608e-001
 8.3484966e-001
 8.3494484e-001
 8.3503640e-001
 8.3511806e-001
 8.3518267e-001
 8.3522236e-001
 8.3522844e-001
 8.3519197e-001
 8.3510399e-001
 8.3495629e-001
 8.3474237e-001
 8.3445805e-001
 8.3410323e-001
 8.3368242e-001
 8.3320528e-001
 8.3268648e-001
 8.3213687e-001
 8.3156675e-001
 8.3101934e-001
 8.3051711e-001
 8.3007830e-001
 8.2971358e-001
 8.2942486e-001
 8.2920551e-001
 8.2904321e-001
 8.2892257e-001
 8.2882702e-001
 8.2874018e-001
 8.2864684e-001
 8.2853442e-001
 8.2839382e-001
 8.2822090e-001
 8.2801616e-001
 8.2778478e-001
 8.2753503e-001
 8.2727748e-001
 8.2702339e-001
 8.2678419e-001
 8.2657063e-001
 8.2639134e-001
 8.2625175e-001
 8.2615262e-001
 8.2608950e-001
 8.2605326e-001
 8.2603133e-001
 8.2600921e-001
 8.2597154e-001
 8.2590294e-001
 8.2578933e-001
 8.2561898e-001
 8.2538432e-001
 8.2508332e-001
 8.2472003e-001
 8.2430416e-001
 8.2384950e-001
 8.2337207e-001
 8.2288915e-001
 8.2241780e-001
 8.2197392e-001
 8.2157052e-001
 8.2121593e-001
 8.2091182e-001
 8.2065284e-001
 8.2042706e-001
 8.2021779e-001
 8.2000548e-001
 8.1976926e-001
 8.1948811e-001
 8.1914145e-001
 8.1871063e-001
 8.1817943e-001
 8.1753570e-001
 8.1677121e-001
 8.1588161e-001
 8.1486541e-001
 8.1372261e-001
 8.1245434e-001
 8.1106168e-001
 8.0954641e-001
 8.0791098e-001
 8.0615789e-001
 8.0429113e-001
 8.0231607e-001
 8.0023807e-001
 7.9806441e-001
 7.9580158e-001
 7.9345703e-001
 7.9103756e-001
 7.8854775e-001
 7.8599012e-001
 7.8336096e-001
 7.8065056e-001
 7.7784151e-001
 7.7490842e-001
 7.7182215e-001
 7.6854932e-001
 7.6505625e-001
 7.6131028e-001
 7.5728041e-001
 7.5294381e-001
 7.4828666e-001
 7.4331141e-001
 7.3803687e-001
 7.3249483e-001
 7.2672981e-001
 7.2079277e-001
 7.1473604e-001
 7.0861596e-001
 7.0248663e-001
 6.9640458e-001
 6.9042677e-001
 6.8460852e-001
 6.7900854e-001
 6.7368340e-001
 6.6869199e-001
 6.6409314e-001
 6.5994358e-001
 6.5630060e-001
 6.5321547e-001
 6.5073240e-001
 6.4888155e-001
 6.4767343e-001
 6.4709842e-001
 6.4712757e-001
 6.4771831e-001
 6.4881939e-001
 6.5037602e-001
 6.5233123e-001
 6.5462899e-001
 6.5721339e-001
 6.6003019e-001
 6.6302854e-001
 6.6615945e-001
 6.6937596e-001
 6.7263424e-001
 6.7589015e-001
 6.7910182e-001
 6.8222749e-001
 6.8522787e-001
 6.8807006e-001
 6.9072789e-001
 6.9318819e-001
 6.9544929e-001
 6.9752097e-001
 6.9942242e-001
 7.0117652e-001
 7.0280963e-001
 7.0434755e-001
 7.0581520e-001
 7.0723468e-001
 7.0862222e-001
 7.0998746e-001
 7.1133178e-001
 7.1264917e-001
 7.1392900e-001
 7.1515685e-001
 7.1631712e-001
 7.1739447e-001
 7.1837419e-001
 7.1924496e-001
 7.2000003e-001
 7.2063899e-001
 7.2116911e-001
 7.2160369e-001
 7.2196132e-001
 7.2226298e-001
 7.2253132e-001
 7.2278881e-001
 7.2305727e-001
 7.2335607e-001
 7.2370100e-001
 7.2410268e-001
 7.2456616e-001
 7.2509134e-001
 7.2567439e-001
 7.2630924e-001
 7.2698867e-001
 7.2770518e-001
 7.2845113e-001
 7.2921902e-001
 7.3000181e-001
 7.3079270e-001
 7.3158580e-001
 7.3237532e-001
 7.3315585e-001
 7.3392254e-001
 7.3467022e-001
 7.3539442e-001
 7.3609090e-001
 7.3675632e-001
 7.3738921e-001
 7.3799008e-001
 7.3856211e-001
 7.3911035e-001
 7.3964161e-001
 7.4016380e-001
 7.4068511e-001
 7.4121380e-001
 7.4175787e-001
 7.4232447e-001
 7.4291998e-001
 7.4354869e-001
 7.4421346e-001
 7.4491537e-001
 7.4565428e-001
 7.4642956e-001
 7.4724007e-001
 7.4808431e-001
 7.4896091e-001
 7.4986786e-001
 7.5080293e-001
 7.5176299e-001
 7.5274390e-001
 7.5374138e-001
 7.5475001e-001
 7.5576472e-001
 7.5677967e-001
 7.5778985e-001
 7.5878972e-001
 7.5977528e-001
 7.6074404e-001
 7.6169449e-001
 7.6262808e-001
 7.6354778e-001
 7.6445818e-001
 7.6536411e-001
 7.6627129e-001
 7.6718557e-001
 7.6811159e-001
 7.6905388e-001
 7.7001560e-001
 7.7099717e-001
 7.7199745e-001
 7.7301323e-001
 7.7403998e-001
 7.7507168e-001
 7.7610254e-001
 7.7712679e-001
 7.7813810e-001
 7.7913147e-001
 7.8010291e-001
 7.8104889e-001
 7.8196812e-001
 7.8286064e-001
 7.8372669e-001
 7.8456783e-001
 7.8538555e-001
 7.8618151e-001
 7.8695637e-001
 7.8771043e-001
 7.8844237e-001
 7.8914833e-001
 7.8982252e-001
 7.9045713e-001
 7.9104221e-001
 7.9156750e-001
 7.9202235e-001
 7.9239631e-001
 7.9268032e-001
 7.9286820e-001
 7.9295844e-001
 7.9295594e-001
 7.9287273e-001
 7.9272711e-001
 7.9254228e-001
 7.9234403e-001
 7.9215938e-001
 7.9201519e-001
 7.9193676e-001
 7.9194552e-001
 7.9205710e-001
 7.9227865e-001
 7.9260820e-001
 7.9303551e-001
 7.9354411e-001
 7.9411399e-001
 7.9472351e-001
 7.9535025e-001
 7.9597241e-001
 7.9656959e-001
 7.9712361e-001
 7.9761893e-001
 7.9804379e-001
 7.9838943e-001
 7.9864901e-001
 7.9881746e-001
 7.9889029e-001
 7.9886383e-001
 7.9873580e-001
 7.9850626e-001
 7.9817933e-001
 7.9776502e-001
 7.9727912e-001
 7.9674298e-001
 7.9618245e-001
 7.9562527e-001
 7.9510015e-001
 7.9463583e-001
 7.9425853e-001
 7.9398996e-001
 7.9384446e-001
 7.9382586e-001
 7.9392666e-001
 7.9412901e-001
 7.9440743e-001
 7.9473197e-001
 7.9507095e-001
 7.9539216e-001
 7.9566604e-001
 7.9586738e-001
 7.9597878e-001
 7.9599357e-001
 7.9591686e-001
 7.9576427e-001
 7.9555953e-001
 7.9533082e-001
 7.9510832e-001
 7.9492241e-001
 7.9480165e-001
 7.9477024e-001
 7.9484516e-001
 7.9503357e-001
 7.9533190e-001
 7.9572648e-001
 7.9619670e-001
 7.9671752e-001
 7.9726201e-001
 7.9780281e-001
 7.9831380e-001
 7.9877204e-001
 7.9915899e-001
 7.9946321e-001
 7.9968059e-001
 7.9981351e-001
 7.9986948e-001
 7.9985893e-001
 7.9979354e-001
 7.9968542e-001
 7.9954624e-001
 7.9938620e-001
 7.9921347e-001
 7.9903316e-001
 7.9884678e-001
 7.9865307e-001
 7.9844844e-001
 7.9822791e-001
 7.9798603e-001
 7.9771721e-001
 7.9741621e-001
 7.9707903e-001
 7.9670340e-001
 7.9628938e-001
 7.9583967e-001
 7.9535973e-001
 7.9485643e-001
 7.9433757e-001
 7.9381198e-001
 7.9328758e-001
 7.9277164e-001
 7.9226899e-001
 7.9178125e-001
 7.9130459e-001
 7.9082990e-001
 7.9034323e-001
 7.8982681e-001
 7.8926057e-001
 7.8862411e-001
 7.8789681e-001
 7.8705955e-001
 7.8609723e-001
 7.8499991e-001
 7.8376573e-001
 7.8240108e-001
 7.8092110e-001
 7.7934575e-001
 7.7769840e-001
 7.7600491e-001
 7.7428985e-001
 7.7257615e-001
 7.7088392e-001
 7.6922530e-001
 7.6760381e-001
 7.6601255e-001
 7.6443660e-001
 7.6285326e-001
 7.6123595e-001
 7.5955743e-001
 7.5778961e-001
 7.5590640e-001
 7.5388795e-001
 7.5172108e-001
 7.4940372e-001
 7.4694753e-001
 7.4437356e-001
 7.4171168e-001
 7.3899573e-001
 7.3626381e-001
 7.3355198e-001
 7.3089451e-001
 7.2832328e-001
 7.2586066e-001
 7.2351909e-001
 7.2130162e-001
 7.1919930e-001
 7.1719646e-001
 7.1527267e-001
 7.1340668e-001
 7.1157604e-001
 7.0976013e-001
 7.0794392e-001
 7.0611829e-001
 7.0428389e-001
 7.0245355e-001
 7.0064861e-001
 6.9889808e-001
 6.9723481e-001
 6.9569474e-001
 6.9431269e-001
 6.9312203e-001
 6.9215304e-001
 6.9142860e-001
 6.9096309e-001
 6.9076121e-001
 6.9081849e-001
 6.9112438e-001
 6.9166380e-001
 6.9242013e-001
 6.9337553e-001
 6.9451177e-001
 6.9580859e-001
 6.9724464e-001
 6.9879621e-001
 7.0043576e-001
 7.0213425e-001
 7.0386100e-001
 7.0558298e-001
 7.0726818e-001
 7.0888489e-001
 7.1040404e-001
 7.1180028e-001
 7.1305710e-001
 7.1416879e-001
 7.1514070e-001
 7.1598965e-001
 7.1674025e-001
 7.1742141e-001
 7.1806461e-001
 7.1870142e-001
 7.1936166e-001
 7.2007167e-001
 7.2085184e-001
 7.2171420e-001
 7.2266090e-001
 7.2368658e-001
 7.2477949e-001
 7.2592360e-001
 7.2710186e-001
 7.2829658e-001
 7.2948939e-001
 7.3066348e-001
 7.3180294e-001
 7.3289359e-001
 7.3392260e-001
 7.3487931e-001
 7.3575431e-001
 7.3653841e-001
 7.3722345e-001
 7.3780191e-001
 7.3826706e-001
 7.3861504e-001
 7.3884600e-001
 7.3896557e-001
 7.3898536e-001
 7.3892283e-001
 7.3879910e-001
 7.3863804e-001
 7.3846412e-001
 7.3830146e-001
 7.3817205e-001
 7.3809290e-001
 7.3807317e-001
 7.3811096e-001
 7.3819250e-001
 7.3829293e-001
 7.3837954e-001
 7.3841476e-001
 7.3835915e-001
 7.3817331e-001
 7.3782063e-001
 7.3727006e-001
 7.3650026e-001
 7.3550349e-001
 7.3428631e-001
 7.3286802e-001
 7.3127890e-001
 7.2955406e-001
 7.2773129e-001
 7.2584873e-001
 7.2394413e-001
 7.2205031e-001
 7.2019416e-001
 7.1839523e-001
 7.1666253e-001
 7.1499681e-001
 7.1339381e-001
 7.1184427e-001
 7.1033770e-001
 7.0886272e-001
 7.0740956e-001
 7.0596868e-001
 7.0453286e-001
 7.0309913e-001
 7.0166701e-001
 7.0023924e-001
 6.9882172e-001
 6.9742101e-001
 6.9604409e-001
 6.9469869e-001
 6.9339067e-001
 6.9212419e-001
 6.9089937e-001
 6.8971246e-001
 6.8855345e-001
 6.8740749e-001
 6.8625700e-001
 6.8508148e-001
 6.8385959e-001
 6.8257105e-001
 6.8119657e-001
 6.7972058e-001
 6.7813307e-001
 6.7643332e-001
 6.7462862e-001
 6.7273408e-001
 6.7077243e-001
 6.6876835e-001
 6.6674817e-001
 6.6473967e-001
 6.6276777e-001
 6.6085452e-001
 6.5901595e-001
 6.5726179e-001
 6.5559196e-001
 6.5399885e-001
 6.5247047e-001
 6.5099025e-001
 6.4954042e-001
 6.4810443e-001
 6.4666706e-001
 6.4521790e-001
 6.4375597e-001
 6.4229047e-001
 6.4084351e-001
 6.3944799e-001
 6.3814604e-001
 6.3698369e-001
 6.3600904e-001
 6.3527030e-001
 6.3481200e-001
 6.3467211e-001
 6.3487691e-001
 6.3543731e-001
 6.3634706e-001
 6.3758469e-001
 6.3911605e-001
 6.4090085e-001
 6.4289564e-001
 6.4505440e-001
 6.4733332e-001
 6.4969122e-001
 6.5208942e-001
 6.5449691e-001
 6.5688926e-001
 6.5924644e-001
 6.6155446e-001
 6.6380143e-001
 6.6597730e-001
 6.6807109e-001
 6.7007411e-001
 6.7197812e-001
 6.7377442e-001
 6.7545694e-001
 6.7702091e-001
 6.7846155e-001
 6.7977625e-001
 6.8096274e-001
 6.8201923e-001
 6.8294364e-001
 6.8373460e-001
 6.8439090e-001
 6.8491113e-001
 6.8528485e-001
 6.8546325e-001
 6.8557775e-001
 6.8559408e-001
 6.8553060e-001
 6.8540531e-001
 6.8523645e-001
 6.8504208e-001
 6.8484056e-001
 6.8464977e-001
 6.8448812e-001
 6.8437171e-001
 6.8429935e-001
 6.8426001e-001
 6.8424284e-001
 6.8423659e-001
 6.8423039e-001
 6.8421316e-001
 6.8417382e-001
 6.8410146e-001
 6.8398511e-001
 6.8381357e-001
 6.8357599e-001
 6.8326104e-001
 6.8285811e-001
 6.8235719e-001
 6.8176019e-001
 6.8107480e-001
 6.8030888e-001
 6.7947078e-001
 6.7856836e-001
 6.7760938e-001
 6.7660171e-001
 6.7555374e-001
 6.7447329e-001
 6.7336816e-001
 6.7224610e-001
 6.7111564e-001
 6.6998452e-001
 6.6886061e-001
 6.6775185e-001
 6.6666597e-001
 6.6561157e-001
 6.6459543e-001
 6.6361761e-001
 6.6267419e-001
 6.6176200e-001
 6.6087711e-001
 6.6001570e-001
 6.5917397e-001
 6.5834856e-001
 6.5753561e-001
 6.5673137e-001
 6.5593213e-001
 6.5513414e-001
 6.5433389e-001
 6.5352750e-001
 6.5271133e-001
 6.5188146e-001
 6.5103459e-001
 6.5016681e-001
 6.4927447e-001
 6.4835352e-001
 6.4740080e-001
 6.4641231e-001
 6.4538479e-001
 6.4431828e-001
 6.4321512e-001
 6.4207733e-001
 6.4090669e-001
 6.3970542e-001
 6.3847506e-001
 6.3721842e-001
 6.3593709e-001
 6.3463318e-001
 6.3330835e-001
 6.3196534e-001
 6.3060576e-001
 6.2923169e-001
 6.2784481e-001
 6.2644786e-001
 6.2504244e-001
 6.2363058e-001
 6.2221450e-001
 6.2079561e-001
 6.1937678e-001
 6.1795968e-001
 6.1654627e-001
 6.1513835e-001
 6.1373860e-001
 6.1234862e-001
 6.1097026e-001
 6.0960335e-001
 6.0824758e-001
 6.0690212e-001
 6.0556591e-001
 6.0423821e-001
 6.0291791e-001
 6.0160494e-001
 6.0029811e-001
 5.9899664e-001
 5.9769946e-001
 5.9640640e-001
 5.9511638e-001
 5.9382844e-001
 5.9254158e-001
 5.9125578e-001
 5.8996969e-001
 5.8868265e-001
 5.8739346e-001
 5.8610219e-001
 5.8480746e-001
 5.8350855e-001
 5.8220470e-001
 5.8089483e-001
 5.7957876e-001
 5.7825536e-001
 5.7692385e-001
 5.7558310e-001
 5.7423288e-001
 5.7287228e-001
 5.7150066e-001
 5.7011998e-001
 5.6873429e-001
 5.6734675e-001
