s07_ASD Record=13215: Dolomite.5+Na-Mont.5 AMX21   ASDNGb AREF
-1.2300000e+034
 4.8830980e-001
 4.8710379e-001
 4.8676991e-001
 4.8803926e-001
 4.8920655e-001
 4.9033514e-001
 4.9147204e-001
 4.9268311e-001
 4.9401236e-001
 4.9538684e-001
 4.9675754e-001
 4.9812058e-001
 4.9980393e-001
 5.0129431e-001
 5.0254208e-001
 5.0405145e-001
 5.0578028e-001
 5.0757468e-001
 5.0930130e-001
 5.1089156e-001
 5.1278645e-001
 5.1505548e-001
 5.1751918e-001
 5.1980442e-001
 5.2202308e-001
 5.2426207e-001
 5.2650356e-001
 5.2885890e-001
 5.3120255e-001
 5.3344733e-001
 5.3587854e-001
 5.3796297e-001
 5.3987348e-001
 5.4209858e-001
 5.4432845e-001
 5.4652321e-001
 5.4869390e-001
 5.5088419e-001
 5.5275381e-001
 5.5439162e-001
 5.5596435e-001
 5.5747509e-001
 5.5912739e-001
 5.6080157e-001
 5.6223649e-001
 5.6366253e-001
 5.6506658e-001
 5.6640828e-001
 5.6764865e-001
 5.6897950e-001
 5.7041544e-001
 5.7186753e-001
 5.7305670e-001
 5.7439995e-001
 5.7587695e-001
 5.7720035e-001
 5.7860488e-001
 5.7995993e-001
 5.8123875e-001
 5.8265859e-001
 5.8398455e-001
 5.8531815e-001
 5.8678681e-001
 5.8822125e-001
 5.8960360e-001
 5.9098655e-001
 5.9245801e-001
 5.9389347e-001
 5.9527439e-001
 5.9662700e-001
 5.9801841e-001
 5.9939450e-001
 6.0072887e-001
 6.0201544e-001
 6.0330081e-001
 6.0454464e-001
 6.0572451e-001
 6.0684174e-001
 6.0799426e-001
 6.0911781e-001
 6.1016905e-001
 6.1124259e-001
 6.1228651e-001
 6.1331451e-001
 6.1437052e-001
 6.1546487e-001
 6.1664230e-001
 6.1789399e-001
 6.1914015e-001
 6.2046176e-001
 6.2180263e-001
 6.2310487e-001
 6.2443858e-001
 6.2574095e-001
 6.2698454e-001
 6.2817299e-001
 6.2933928e-001
 6.3044769e-001
 6.3148153e-001
 6.3247472e-001
 6.3343650e-001
 6.3435030e-001
 6.3519996e-001
 6.3603729e-001
 6.3681775e-001
 6.3754773e-001
 6.3828290e-001
 6.3900441e-001
 6.3971698e-001
 6.4041841e-001
 6.4107591e-001
 6.4172596e-001
 6.4236850e-001
 6.4299804e-001
 6.4365888e-001
 6.4432997e-001
 6.4499140e-001
 6.4563519e-001
 6.4625806e-001
 6.4688140e-001
 6.4750797e-001
 6.4806473e-001
 6.4861959e-001
 6.4917320e-001
 6.4968461e-001
 6.5017134e-001
 6.5061623e-001
 6.5103066e-001
 6.5148896e-001
 6.5192550e-001
 6.5233862e-001
 6.5274370e-001
 6.5312904e-001
 6.5354389e-001
 6.5397739e-001
 6.5436172e-001
 6.5480381e-001
 6.5526259e-001
 6.5570724e-001
 6.5620166e-001
 6.5671182e-001
 6.5721941e-001
 6.5771842e-001
 6.5824091e-001
 6.5878069e-001
 6.5933299e-001
 6.5989900e-001
 6.6045827e-001
 6.6100675e-001
 6.6154957e-001
 6.6211361e-001
 6.6265154e-001
 6.6316843e-001
 6.6370142e-001
 6.6423082e-001
 6.6475093e-001
 6.6526759e-001
 6.6580123e-001
 6.6636068e-001
 6.6694307e-001
 6.6754723e-001
 6.6819578e-001
 6.6886598e-001
 6.6955674e-001
 6.7028797e-001
 6.7106897e-001
 6.7187339e-001
 6.7267317e-001
 6.7345959e-001
 6.7425072e-001
 6.7504686e-001
 6.7583501e-001
 6.7658430e-001
 6.7729944e-001
 6.7798758e-001
 6.7865115e-001
 6.7928076e-001
 6.7987931e-001
 6.8045133e-001
 6.8098724e-001
 6.8149680e-001
 6.8198693e-001
 6.8245971e-001
 6.8292618e-001
 6.8338478e-001
 6.8383652e-001
 6.8429351e-001
 6.8475002e-001
 6.8520045e-001
 6.8564343e-001
 6.8610734e-001
 6.8656927e-001
 6.8701869e-001
 6.8746537e-001
 6.8791217e-001
 6.8835354e-001
 6.8878353e-001
 6.8920118e-001
 6.8960202e-001
 6.8998498e-001
 6.9035286e-001
 6.9071066e-001
 6.9104558e-001
 6.9135368e-001
 6.9165725e-001
 6.9195074e-001
 6.9222653e-001
 6.9247919e-001
 6.9271719e-001
 6.9294405e-001
 6.9316041e-001
 6.9336426e-001
 6.9355589e-001
 6.9373542e-001
 6.9390219e-001
 6.9405204e-001
 6.9419569e-001
 6.9433385e-001
 6.9446003e-001
 6.9457501e-001
 6.9467926e-001
 6.9477481e-001
 6.9486332e-001
 6.9494855e-001
 6.9503295e-001
 6.9511592e-001
 6.9518822e-001
 6.9524300e-001
 6.9528824e-001
 6.9534457e-001
 6.9540930e-001
 6.9547564e-001
 6.9553894e-001
 6.9560242e-001
 6.9566298e-001
 6.9572842e-001
 6.9580525e-001
 6.9586396e-001
 6.9590712e-001
 6.9593853e-001
 6.9595927e-001
 6.9598609e-001
 6.9601685e-001
 6.9604617e-001
 6.9607276e-001
 6.9610971e-001
 6.9615585e-001
 6.9619906e-001
 6.9622940e-001
 6.9625533e-001
 6.9628239e-001
 6.9630170e-001
 6.9632554e-001
 6.9635254e-001
 6.9637787e-001
 6.9640613e-001
 6.9643420e-001
 6.9646221e-001
 6.9649363e-001
 6.9652319e-001
 6.9655240e-001
 6.9658208e-001
 6.9660968e-001
 6.9663405e-001
 6.9665724e-001
 6.9668227e-001
 6.9671184e-001
 6.9675243e-001
 6.9680125e-001
 6.9684190e-001
 6.9687968e-001
 6.9691962e-001
 6.9696635e-001
 6.9701922e-001
 6.9707304e-001
 6.9712901e-001
 6.9719112e-001
 6.9724131e-001
 6.9729012e-001
 6.9734758e-001
 6.9741565e-001
 6.9749194e-001
 6.9757241e-001
 6.9765383e-001
 6.9772887e-001
 6.9780350e-001
 6.9787836e-001
 6.9795579e-001
 6.9804466e-001
 6.9814742e-001
 6.9825810e-001
 6.9836348e-001
 6.9846833e-001
 6.9856852e-001
 6.9866264e-001
 6.9877535e-001
 6.9889849e-001
 6.9902116e-001
 6.9913876e-001
 6.9926703e-001
 6.9940275e-001
 6.9954169e-001
 6.9968194e-001
 6.9981813e-001
 6.9995606e-001
 7.0010269e-001
 7.0024574e-001
 7.0039016e-001
 7.0054233e-001
 7.0069945e-001
 7.0084983e-001
 7.0100600e-001
 7.0117927e-001
 7.0135170e-001
 7.0152122e-001
 7.0168990e-001
 7.0186412e-001
 7.0205420e-001
 7.0225281e-001
 7.0244783e-001
 7.0262367e-001
 7.0278573e-001
 7.0294911e-001
 7.0312661e-001
 7.0330280e-001
 7.0349109e-001
 7.0368636e-001
 7.0386910e-001
 7.0404923e-001
 7.0422512e-001
 7.0439982e-001
 7.0459342e-001
 7.0478332e-001
 7.0496631e-001
 7.0514923e-001
 7.0533043e-001
 7.0550889e-001
 7.0568556e-001
 7.0586199e-001
 7.0604175e-001
 7.0621479e-001
 7.0637536e-001
 7.0654249e-001
 7.0671397e-001
 7.0688105e-001
 7.0703626e-001
 7.0720428e-001
 7.0737988e-001
 7.0755446e-001
 7.0771629e-001
 7.0787364e-001
 7.0802057e-001
 7.0815915e-001
 7.0831406e-001
 7.0847404e-001
 7.0862991e-001
 7.0877320e-001
 7.0889902e-001
 7.0901603e-001
 7.0913458e-001
 7.0926386e-001
 7.0938498e-001
 7.0950168e-001
 7.0962226e-001
 7.0975572e-001
 7.0988101e-001
 7.0999950e-001
 7.1011788e-001
 7.1022278e-001
 7.1031708e-001
 7.1040791e-001
 7.1050239e-001
 7.1059549e-001
 7.1068674e-001
 7.1077877e-001
 7.1087825e-001
 7.1097630e-001
 7.1106678e-001
 7.1114707e-001
 7.1121913e-001
 7.1128738e-001
 7.1135122e-001
 7.1140820e-001
 7.1146631e-001
 7.1153080e-001
 7.1160066e-001
 7.1166480e-001
 7.1172428e-001
 7.1177781e-001
 7.1182537e-001
 7.1187645e-001
 7.1192670e-001
 7.1197891e-001
 7.1203810e-001
 7.1209520e-001
 7.1215266e-001
 7.1221119e-001
 7.1226501e-001
 7.1232814e-001
 7.1239090e-001
 7.1244538e-001
 7.1251184e-001
 7.1257567e-001
 7.1262652e-001
 7.1266353e-001
 7.1269715e-001
 7.1273261e-001
 7.1277422e-001
 7.1282470e-001
 7.1287137e-001
 7.1291280e-001
 7.1294814e-001
 7.1297091e-001
 7.1298254e-001
 7.1298921e-001
 7.1299803e-001
 7.1300590e-001
 7.1302444e-001
 7.1305382e-001
 7.1308470e-001
 7.1311462e-001
 7.1313864e-001
 7.1314985e-001
 7.1313775e-001
 7.1313184e-001
 7.1313459e-001
 7.1314090e-001
 7.1315771e-001
 7.1317065e-001
 7.1317321e-001
 7.1316707e-001
 7.1316612e-001
 7.1316004e-001
 7.1314055e-001
 7.1310616e-001
 7.1308088e-001
 7.1306515e-001
 7.1305364e-001
 7.1304107e-001
 7.1303415e-001
 7.1302414e-001
 7.1300042e-001
 7.1296978e-001
 7.1294129e-001
 7.1291685e-001
 7.1289504e-001
 7.1286881e-001
 7.1283525e-001
 7.1279705e-001
 7.1276295e-001
 7.1273500e-001
 7.1270877e-001
 7.1268046e-001
 7.1265507e-001
 7.1261793e-001
 7.1257567e-001
 7.1254182e-001
 7.1251178e-001
 7.1247536e-001
 7.1242833e-001
 7.1237302e-001
 7.1232414e-001
 7.1227527e-001
 7.1222121e-001
 7.1216142e-001
 7.1210855e-001
 7.1206379e-001
 7.1202374e-001
 7.1198505e-001
 7.1193278e-001
 7.1187091e-001
 7.1180850e-001
 7.1174103e-001
 7.1167356e-001
 7.1160716e-001
 7.1153980e-001
 7.1147281e-001
 7.1139818e-001
 7.1131843e-001
 7.1124601e-001
 7.1116549e-001
 7.1108550e-001
 7.1101350e-001
 7.1094453e-001
 7.1086514e-001
 7.1078116e-001
 7.1070123e-001
 7.1062392e-001
 7.1055114e-001
 7.1047825e-001
 7.1039861e-001
 7.1031195e-001
 7.1022487e-001
 7.1014088e-001
 7.1005887e-001
 7.0997107e-001
 7.0987892e-001
 7.0978969e-001
 7.0971560e-001
 7.0962429e-001
 7.0953208e-001
 7.0944959e-001
 7.0935470e-001
 7.0927411e-001
 7.0919728e-001
 7.0910865e-001
 7.0901495e-001
 7.0892310e-001
 7.0884007e-001
 7.0876563e-001
 7.0868307e-001
 7.0859998e-001
 7.0852542e-001
 7.0846528e-001
 7.0839328e-001
 7.0831031e-001
 7.0822692e-001
 7.0815694e-001
 7.0808601e-001
 7.0800608e-001
 7.0791858e-001
 7.0783573e-001
 7.0776248e-001
 7.0769525e-001
 7.0762676e-001
 7.0754319e-001
 7.0745802e-001
 7.0737374e-001
 7.0728940e-001
 7.0720315e-001
 7.0712656e-001
 7.0705742e-001
 7.0698810e-001
 7.0691919e-001
 7.0684576e-001
 7.0677280e-001
 7.0670819e-001
 7.0664203e-001
 7.0658386e-001
 7.0653433e-001
 7.0648426e-001
 7.0641738e-001
 7.0635009e-001
 7.0629007e-001
 7.0622897e-001
 7.0615780e-001
 7.0609385e-001
 7.0604235e-001
 7.0598340e-001
 7.0591199e-001
 7.0583940e-001
 7.0577192e-001
 7.0568955e-001
 7.0562744e-001
 7.0557547e-001
 7.0551807e-001
 7.0546389e-001
 7.0541537e-001
 7.0536274e-001
 7.0529687e-001
 7.0522964e-001
 7.0516181e-001
 7.0509201e-001
 7.0502156e-001
 7.0496881e-001
 7.0491368e-001
 7.0486027e-001
 7.0482093e-001
 7.0477188e-001
 7.0471460e-001
 7.0465630e-001
 7.0460403e-001
 7.0454961e-001
 7.0450532e-001
 7.0446920e-001
 7.0442760e-001
 7.0438874e-001
 7.0434409e-001
 7.0428878e-001
 7.0422560e-001
 7.0417768e-001
 7.0412248e-001
 7.0405501e-001
 7.0399421e-001
 7.0391786e-001
 7.0385140e-001
 7.0379597e-001
 7.0371872e-001
 7.0365602e-001
 7.0359302e-001
 7.0352370e-001
 7.0346582e-001
 7.0339072e-001
 7.0331514e-001
 7.0324135e-001
 7.0313919e-001
 7.0305371e-001
 7.0296121e-001
 7.0284742e-001
 7.0273894e-001
 7.0263505e-001
 7.0254070e-001
 7.0245224e-001
 7.0234770e-001
 7.0222056e-001
 7.0211875e-001
 7.0204830e-001
 7.0192057e-001
 7.0184898e-001
 7.0180106e-001
 7.0174032e-001
 7.0168912e-001
 7.0167112e-001
 7.0165837e-001
 7.0164281e-001
 7.0168120e-001
 7.0171845e-001
 7.0177048e-001
 7.0184553e-001
 7.0190901e-001
 7.0197171e-001
 7.0206684e-001
 7.0219731e-001
 7.0230657e-001
 7.0239311e-001
 7.0248681e-001
 7.0259190e-001
 7.0265400e-001
 7.0276129e-001
 7.0283967e-001
 7.0286345e-001
 7.0292783e-001
 7.0300859e-001
 7.0307726e-001
 7.0312357e-001
 7.0316577e-001
 7.0325428e-001
 7.0333850e-001
 7.0338231e-001
 7.0340008e-001
 7.0345747e-001
 7.0351994e-001
 7.0355886e-001
 7.0358163e-001
 7.0367450e-001
 7.0372874e-001
 7.0373970e-001
 7.0380735e-001
 7.0383918e-001
 7.0389611e-001
 7.0389575e-001
 7.0393264e-001
 7.0396900e-001
 7.0400518e-001
 7.0404136e-001
 7.0407766e-001
 7.0411408e-001
 7.0415068e-001
 7.0418739e-001
 7.0422405e-001
 7.0426071e-001
 7.0429713e-001
 7.0433325e-001
 7.0436901e-001
 7.0440447e-001
 7.0443976e-001
 7.0447516e-001
 7.0451123e-001
 7.0454830e-001
 7.0458704e-001
 7.0462775e-001
 7.0467073e-001
 7.0471585e-001
 7.0476276e-001
 7.0481104e-001
 7.0486003e-001
 7.0490897e-001
 7.0495743e-001
 7.0500481e-001
 7.0505100e-001
 7.0509589e-001
 7.0513964e-001
 7.0518255e-001
 7.0522499e-001
 7.0526737e-001
 7.0531011e-001
 7.0535356e-001
 7.0539808e-001
 7.0544374e-001
 7.0549077e-001
 7.0553929e-001
 7.0558935e-001
 7.0564085e-001
 7.0569384e-001
 7.0574802e-001
 7.0580322e-001
 7.0585912e-001
 7.0591545e-001
 7.0597178e-001
 7.0602804e-001
 7.0608419e-001
 7.0614016e-001
 7.0619607e-001
 7.0625198e-001
 7.0630795e-001
 7.0636386e-001
 7.0641971e-001
 7.0647532e-001
 7.0653069e-001
 7.0658582e-001
 7.0664090e-001
 7.0669609e-001
 7.0675170e-001
 7.0680797e-001
 7.0686501e-001
 7.0692301e-001
 7.0698190e-001
 7.0704162e-001
 7.0710206e-001
 7.0716298e-001
 7.0722395e-001
 7.0728481e-001
 7.0734513e-001
 7.0740461e-001
 7.0746320e-001
 7.0752066e-001
 7.0757711e-001
 7.0763272e-001
 7.0768785e-001
 7.0774287e-001
 7.0779830e-001
 7.0785469e-001
 7.0791245e-001
 7.0797211e-001
 7.0803374e-001
 7.0809740e-001
 7.0816284e-001
 7.0822954e-001
 7.0829684e-001
 7.0836413e-001
 7.0843071e-001
 7.0849591e-001
 7.0855945e-001
 7.0862103e-001
 7.0868051e-001
 7.0873791e-001
 7.0879340e-001
 7.0884717e-001
 7.0889950e-001
 7.0895076e-001
 7.0900130e-001
 7.0905143e-001
 7.0910150e-001
 7.0915157e-001
 7.0920169e-001
 7.0925182e-001
 7.0930177e-001
 7.0935130e-001
 7.0940030e-001
 7.0944858e-001
 7.0949626e-001
 7.0954335e-001
 7.0958996e-001
 7.0963633e-001
 7.0968252e-001
 7.0972866e-001
 7.0977479e-001
 7.0982087e-001
 7.0986676e-001
 7.0991236e-001
 7.0995730e-001
 7.1000123e-001
 7.1004367e-001
 7.1008414e-001
 7.1012211e-001
 7.1015716e-001
 7.1018881e-001
 7.1021682e-001
 7.1024066e-001
 7.1025997e-001
 7.1027410e-001
 7.1028239e-001
 7.1028388e-001
 7.1027756e-001
 7.1026242e-001
 7.1023750e-001
 7.1020210e-001
 7.1015584e-001
 7.1009874e-001
 7.1003139e-001
 7.0995480e-001
 7.0987052e-001
 7.0978063e-001
 7.0968747e-001
 7.0959371e-001
 7.0950216e-001
 7.0941573e-001
 7.0933706e-001
 7.0926881e-001
 7.0921320e-001
 7.0917195e-001
 7.0914656e-001
 7.0913786e-001
 7.0914608e-001
 7.0917106e-001
 7.0921212e-001
 7.0926809e-001
 7.0933741e-001
 7.0941818e-001
 7.0950812e-001
 7.0960510e-001
 7.0970660e-001
 7.0981038e-001
 7.0991445e-001
 7.1001685e-001
 7.1011621e-001
 7.1021140e-001
 7.1030152e-001
 7.1038622e-001
 7.1046525e-001
 7.1053869e-001
 7.1060669e-001
 7.1066970e-001
 7.1072805e-001
 7.1078235e-001
 7.1083301e-001
 7.1088052e-001
 7.1092528e-001
 7.1096772e-001
 7.1100819e-001
 7.1104705e-001
 7.1108466e-001
 7.1112120e-001
 7.1115679e-001
 7.1119153e-001
 7.1122539e-001
 7.1125829e-001
 7.1129012e-001
 7.1132088e-001
 7.1135074e-001
 7.1137983e-001
 7.1140850e-001
 7.1143717e-001
 7.1146625e-001
 7.1149611e-001
 7.1152729e-001
 7.1156001e-001
 7.1159458e-001
 7.1163118e-001
 7.1166986e-001
 7.1171051e-001
 7.1175301e-001
 7.1179694e-001
 7.1184200e-001
 7.1188778e-001
 7.1193385e-001
 7.1197987e-001
 7.1202558e-001
 7.1207082e-001
 7.1211541e-001
 7.1215934e-001
 7.1220255e-001
 7.1224511e-001
 7.1228701e-001
 7.1232820e-001
 7.1236873e-001
 7.1240854e-001
 7.1244752e-001
 7.1248567e-001
 7.1252286e-001
 7.1255910e-001
 7.1259439e-001
 7.1262866e-001
 7.1266216e-001
 7.1269494e-001
 7.1272725e-001
 7.1275926e-001
 7.1279120e-001
 7.1282315e-001
 7.1285516e-001
 7.1288735e-001
 7.1291959e-001
 7.1295178e-001
 7.1298373e-001
 7.1301538e-001
 7.1304655e-001
 7.1307725e-001
 7.1310741e-001
 7.1313715e-001
 7.1316653e-001
 7.1319580e-001
 7.1322507e-001
 7.1325451e-001
 7.1328443e-001
 7.1331489e-001
 7.1334606e-001
 7.1337807e-001
 7.1341109e-001
 7.1344519e-001
 7.1348035e-001
 7.1351665e-001
 7.1355402e-001
 7.1359253e-001
 7.1363211e-001
 7.1367282e-001
 7.1371460e-001
 7.1375751e-001
 7.1380144e-001
 7.1384615e-001
 7.1389145e-001
 7.1393687e-001
 7.1398181e-001
 7.1402591e-001
 7.1406859e-001
 7.1410948e-001
 7.1414828e-001
 7.1418488e-001
 7.1421921e-001
 7.1425128e-001
 7.1428108e-001
 7.1430880e-001
 7.1433425e-001
 7.1435755e-001
 7.1437865e-001
 7.1439737e-001
 7.1441370e-001
 7.1442753e-001
 7.1443862e-001
 7.1444690e-001
 7.1445221e-001
 7.1445447e-001
 7.1445352e-001
 7.1444935e-001
 7.1444190e-001
 7.1443135e-001
 7.1441770e-001
 7.1440107e-001
 7.1438152e-001
 7.1435916e-001
 7.1433413e-001
 7.1430647e-001
 7.1427643e-001
 7.1424431e-001
 7.1421045e-001
 7.1417558e-001
 7.1414018e-001
 7.1410483e-001
 7.1407020e-001
 7.1403664e-001
 7.1400434e-001
 7.1397340e-001
 7.1394354e-001
 7.1391451e-001
 7.1388602e-001
 7.1385771e-001
 7.1382952e-001
 7.1380138e-001
 7.1377343e-001
 7.1374595e-001
 7.1371925e-001
 7.1369344e-001
 7.1366864e-001
 7.1364474e-001
 7.1362144e-001
 7.1359831e-001
 7.1357465e-001
 7.1354985e-001
 7.1352339e-001
 7.1349472e-001
 7.1346360e-001
 7.1342993e-001
 7.1339387e-001
 7.1335560e-001
 7.1331543e-001
 7.1327358e-001
 7.1323031e-001
 7.1318573e-001
 7.1313995e-001
 7.1309298e-001
 7.1304476e-001
 7.1299529e-001
 7.1294445e-001
 7.1289217e-001
 7.1283829e-001
 7.1278268e-001
 7.1272528e-001
 7.1266603e-001
 7.1260500e-001
 7.1254236e-001
 7.1247822e-001
 7.1241301e-001
 7.1234703e-001
 7.1228051e-001
 7.1221364e-001
 7.1214628e-001
 7.1207827e-001
 7.1200895e-001
 7.1193767e-001
 7.1186346e-001
 7.1178520e-001
 7.1170169e-001
 7.1161175e-001
 7.1151406e-001
 7.1140730e-001
 7.1129006e-001
 7.1116102e-001
 7.1101832e-001
 7.1086025e-001
 7.1068460e-001
 7.1048874e-001
 7.1026969e-001
 7.1002382e-001
 7.0974714e-001
 7.0943511e-001
 7.0908278e-001
 7.0868534e-001
 7.0823801e-001
 7.0773625e-001
 7.0717657e-001
 7.0655602e-001
 7.0587343e-001
 7.0512873e-001
 7.0432323e-001
 7.0345974e-001
 7.0254153e-001
 7.0157248e-001
 7.0055628e-001
 6.9949496e-001
 6.9838929e-001
 6.9723719e-001
 6.9603431e-001
 6.9477391e-001
 6.9344670e-001
 6.9204265e-001
 6.9055098e-001
 6.8896228e-001
 6.8726903e-001
 6.8546623e-001
 6.8355316e-001
 6.8153298e-001
 6.7941248e-001
 6.7720294e-001
 6.7491788e-001
 6.7257416e-001
 6.7019045e-001
 6.6778553e-001
 6.6537976e-001
 6.6299236e-001
 6.6064322e-001
 6.5835190e-001
 6.5613717e-001
 6.5401876e-001
 6.5201581e-001
 6.5014875e-001
 6.4843833e-001
 6.4690506e-001
 6.4557028e-001
 6.4445400e-001
 6.4357543e-001
 6.4295143e-001
 6.4259571e-001
 6.4251822e-001
 6.4272410e-001
 6.4321315e-001
 6.4397961e-001
 6.4501214e-001
 6.4629382e-001
 6.4780265e-001
 6.4951295e-001
 6.5139532e-001
 6.5341884e-001
 6.5555131e-001
 6.5776050e-001
 6.6001642e-001
 6.6229022e-001
 6.6455704e-001
 6.6679460e-001
 6.6898406e-001
 6.7111117e-001
 6.7316371e-001
 6.7513365e-001
 6.7701465e-001
 6.7880261e-001
 6.8049562e-001
 6.8209225e-001
 6.8359274e-001
 6.8499750e-001
 6.8630755e-001
 6.8752468e-001
 6.8865085e-001
 6.8968827e-001
 6.9064009e-001
 6.9150913e-001
 6.9229919e-001
 6.9301373e-001
 6.9365662e-001
 6.9423193e-001
 6.9474351e-001
 6.9519567e-001
 6.9559264e-001
 6.9593900e-001
 6.9624007e-001
 6.9650143e-001
 6.9672966e-001
 6.9693190e-001
 6.9711614e-001
 6.9729078e-001
 6.9746447e-001
 6.9764590e-001
 6.9784331e-001
 6.9806415e-001
 6.9831467e-001
 6.9859987e-001
 6.9892299e-001
 6.9928557e-001
 6.9968742e-001
 7.0012683e-001
 7.0060039e-001
 7.0110375e-001
 7.0163161e-001
 7.0217818e-001
 7.0273751e-001
 7.0330358e-001
 7.0387071e-001
 7.0443398e-001
 7.0498878e-001
 7.0553160e-001
 7.0605963e-001
 7.0657098e-001
 7.0706469e-001
 7.0754045e-001
 7.0799869e-001
 7.0844030e-001
 7.0886648e-001
 7.0927852e-001
 7.0967770e-001
 7.1006507e-001
 7.1044141e-001
 7.1080714e-001
 7.1116269e-001
 7.1150804e-001
 7.1184313e-001
 7.1216816e-001
 7.1248317e-001
 7.1278870e-001
 7.1308529e-001
 7.1337348e-001
 7.1365428e-001
 7.1392828e-001
 7.1419644e-001
 7.1445924e-001
 7.1471709e-001
 7.1497041e-001
 7.1521932e-001
 7.1546400e-001
 7.1570432e-001
 7.1594042e-001
 7.1617228e-001
 7.1640003e-001
 7.1662366e-001
 7.1684337e-001
 7.1705920e-001
 7.1727151e-001
 7.1748036e-001
 7.1768606e-001
 7.1788877e-001
 7.1808863e-001
 7.1828568e-001
 7.1847987e-001
 7.1867096e-001
 7.1885884e-001
 7.1904320e-001
 7.1922398e-001
 7.1940112e-001
 7.1957469e-001
 7.1974492e-001
 7.1991205e-001
 7.2007638e-001
 7.2023797e-001
 7.2039694e-001
 7.2055310e-001
 7.2070622e-001
 7.2085589e-001
 7.2100180e-001
 7.2114372e-001
 7.2128159e-001
 7.2141570e-001
 7.2154653e-001
 7.2167456e-001
 7.2180063e-001
 7.2192520e-001
 7.2204876e-001
 7.2217166e-001
 7.2229409e-001
 7.2241598e-001
 7.2253728e-001
 7.2265810e-001
 7.2277826e-001
 7.2289789e-001
 7.2301704e-001
 7.2313589e-001
 7.2325468e-001
 7.2337365e-001
 7.2349310e-001
 7.2361338e-001
 7.2373486e-001
 7.2385776e-001
 7.2398233e-001
 7.2410852e-001
 7.2423625e-001
 7.2436512e-001
 7.2449476e-001
 7.2462451e-001
 7.2475380e-001
 7.2488207e-001
 7.2500867e-001
 7.2513336e-001
 7.2525573e-001
 7.2537571e-001
 7.2549325e-001
 7.2560823e-001
 7.2572076e-001
 7.2583050e-001
 7.2593737e-001
 7.2604090e-001
 7.2614074e-001
 7.2623652e-001
 7.2632790e-001
 7.2641486e-001
 7.2649741e-001
 7.2657585e-001
 7.2665077e-001
 7.2672272e-001
 7.2679257e-001
 7.2686118e-001
 7.2692937e-001
 7.2699803e-001
 7.2706783e-001
 7.2713929e-001
 7.2721279e-001
 7.2728837e-001
 7.2736597e-001
 7.2744513e-001
 7.2752523e-001
 7.2760552e-001
 7.2768527e-001
 7.2776359e-001
 7.2783959e-001
 7.2791260e-001
 7.2798198e-001
 7.2804725e-001
 7.2810823e-001
 7.2816485e-001
 7.2821736e-001
 7.2826606e-001
 7.2831154e-001
 7.2835451e-001
 7.2839576e-001
 7.2843599e-001
 7.2847587e-001
 7.2851604e-001
 7.2855693e-001
 7.2859871e-001
 7.2864151e-001
 7.2868514e-001
 7.2872949e-001
 7.2877431e-001
 7.2881925e-001
 7.2886425e-001
 7.2890913e-001
 7.2895372e-001
 7.2899806e-001
 7.2904199e-001
 7.2908562e-001
 7.2912896e-001
 7.2917187e-001
 7.2921455e-001
 7.2925693e-001
 7.2929913e-001
 7.2934121e-001
 7.2938317e-001
 7.2942501e-001
 7.2946674e-001
 7.2950828e-001
 7.2954953e-001
 7.2959042e-001
 7.2963095e-001
 7.2967118e-001
 7.2971112e-001
 7.2975099e-001
 7.2979105e-001
 7.2983152e-001
 7.2987264e-001
 7.2991461e-001
 7.2995746e-001
 7.3000121e-001
 7.3004568e-001
 7.3009068e-001
 7.3013604e-001
 7.3018152e-001
 7.3022676e-001
 7.3027164e-001
 7.3031586e-001
 7.3035926e-001
 7.3040164e-001
 7.3044282e-001
 7.3048282e-001
 7.3052156e-001
 7.3055887e-001
 7.3059469e-001
 7.3062873e-001
 7.3066074e-001
 7.3069036e-001
 7.3071718e-001
 7.3074067e-001
 7.3076063e-001
 7.3077667e-001
 7.3078871e-001
 7.3079664e-001
 7.3080075e-001
 7.3080128e-001
 7.3079878e-001
 7.3079377e-001
 7.3078692e-001
 7.3077881e-001
 7.3076999e-001
 7.3076093e-001
 7.3075193e-001
 7.3074317e-001
 7.3073471e-001
 7.3072636e-001
 7.3071808e-001
 7.3070961e-001
 7.3070085e-001
 7.3069161e-001
 7.3068184e-001
 7.3067153e-001
 7.3066062e-001
 7.3064899e-001
 7.3063654e-001
 7.3062313e-001
 7.3060834e-001
 7.3059189e-001
 7.3057342e-001
 7.3055273e-001
 7.3052967e-001
 7.3050445e-001
 7.3047733e-001
 7.3044896e-001
 7.3041981e-001
 7.3039037e-001
 7.3036098e-001
 7.3033178e-001
 7.3030251e-001
 7.3027295e-001
 7.3024273e-001
 7.3021138e-001
 7.3017865e-001
 7.3014426e-001
 7.3010796e-001
 7.3006958e-001
 7.3002881e-001
 7.2998524e-001
 7.2993833e-001
 7.2988760e-001
 7.2983259e-001
 7.2977293e-001
 7.2970831e-001
 7.2963870e-001
 7.2956407e-001
 7.2948468e-001
 7.2940087e-001
 7.2931302e-001
 7.2922158e-001
 7.2912699e-001
 7.2902983e-001
 7.2893029e-001
 7.2882873e-001
 7.2872514e-001
 7.2861952e-001
 7.2851163e-001
 7.2840142e-001
 7.2828877e-001
 7.2817379e-001
 7.2805691e-001
 7.2793889e-001
 7.2782081e-001
 7.2770393e-001
 7.2758979e-001
 7.2747988e-001
 7.2737545e-001
 7.2727776e-001
 7.2718751e-001
 7.2710514e-001
 7.2703087e-001
 7.2696441e-001
 7.2690523e-001
 7.2685266e-001
 7.2680575e-001
 7.2676343e-001
 7.2672468e-001
 7.2668839e-001
 7.2665328e-001
 7.2661847e-001
 7.2658277e-001
 7.2654533e-001
 7.2650516e-001
 7.2646129e-001
 7.2641295e-001
 7.2635931e-001
 7.2629958e-001
 7.2623324e-001
 7.2616011e-001
 7.2608024e-001
 7.2599405e-001
 7.2590232e-001
 7.2580594e-001
 7.2570598e-001
 7.2560358e-001
 7.2549963e-001
 7.2539473e-001
 7.2528940e-001
 7.2518373e-001
 7.2507775e-001
 7.2497123e-001
 7.2486389e-001
 7.2475541e-001
 7.2464567e-001
 7.2453451e-001
 7.2442192e-001
 7.2430795e-001
 7.2419280e-001
 7.2407657e-001
 7.2395939e-001
 7.2384143e-001
 7.2372252e-001
 7.2360265e-001
 7.2348148e-001
 7.2335869e-001
 7.2323400e-001
 7.2310704e-001
 7.2297758e-001
 7.2284573e-001
 7.2271150e-001
 7.2257549e-001
 7.2243828e-001
 7.2230059e-001
 7.2216326e-001
 7.2202700e-001
 7.2189230e-001
 7.2175848e-001
 7.2162688e-001
 7.2149575e-001
 7.2136366e-001
 7.2122908e-001
 7.2109044e-001
 7.2094625e-001
 7.2079515e-001
 7.2063631e-001
 7.2046900e-001
 7.2029310e-001
 7.2010887e-001
 7.1991700e-001
 7.1971858e-001
 7.1951491e-001
 7.1930760e-001
 7.1909803e-001
 7.1888751e-001
 7.1867698e-001
 7.1846700e-001
 7.1825778e-001
 7.1804935e-001
 7.1784121e-001
 7.1763265e-001
 7.1742272e-001
 7.1721017e-001
 7.1699339e-001
 7.1677071e-001
 7.1654028e-001
 7.1630037e-001
 7.1604949e-001
 7.1578628e-001
 7.1550983e-001
 7.1521938e-001
 7.1491444e-001
 7.1459454e-001
 7.1425927e-001
 7.1390814e-001
 7.1354061e-001
 7.1315610e-001
 7.1275413e-001
 7.1233416e-001
 7.1189600e-001
 7.1143925e-001
 7.1096349e-001
 7.1046853e-001
 7.0995367e-001
 7.0941848e-001
 7.0886266e-001
 7.0828593e-001
 7.0768881e-001
 7.0707190e-001
 7.0643699e-001
 7.0578641e-001
 7.0512289e-001
 7.0445001e-001
 7.0377129e-001
 7.0309049e-001
 7.0241100e-001
 7.0173514e-001
 7.0106411e-001
 7.0039725e-001
 6.9973171e-001
 6.9906163e-001
 6.9837809e-001
 6.9766873e-001
 6.9691819e-001
 6.9610792e-001
 6.9521743e-001
 6.9422460e-001
 6.9310701e-001
 6.9184273e-001
 6.9041038e-001
 6.8879086e-001
 6.8696612e-001
 6.8492061e-001
 6.8264079e-001
 6.8011421e-001
 6.7733163e-001
 6.7428476e-001
 6.7096889e-001
 6.6738272e-001
 6.6352737e-001
 6.5941012e-001
 6.5504169e-001
 6.5043986e-001
 6.4562887e-001
 6.4063781e-001
 6.3550425e-001
 6.3027203e-001
 6.2498909e-001
 6.1971039e-001
 6.1449218e-001
 6.0939473e-001
 6.0447919e-001
 5.9980446e-001
 5.9542990e-001
 5.9140915e-001
 5.8779263e-001
 5.8462369e-001
 5.8193624e-001
 5.7975596e-001
 5.7809621e-001
 5.7696009e-001
 5.7633907e-001
 5.7621384e-001
 5.7655603e-001
 5.7732964e-001
 5.7849264e-001
 5.7999873e-001
 5.8180004e-001
 5.8384740e-001
 5.8609337e-001
 5.8849192e-001
 5.9099996e-001
 5.9357899e-001
 5.9619361e-001
 5.9881246e-001
 6.0140926e-001
 6.0396010e-001
 6.0644627e-001
 6.0885125e-001
 6.1116201e-001
 6.1336941e-001
 6.1546600e-001
 6.1744797e-001
 6.1931312e-001
 6.2106109e-001
 6.2269360e-001
 6.2421304e-001
 6.2562329e-001
 6.2692881e-001
 6.2813461e-001
 6.2924689e-001
 6.3027179e-001
 6.3121635e-001
 6.3208765e-001
 6.3289273e-001
 6.3363898e-001
 6.3433319e-001
 6.3498175e-001
 6.3559079e-001
 6.3616544e-001
 6.3671023e-001
 6.3722873e-001
 6.3772362e-001
 6.3819706e-001
 6.3865000e-001
 6.3908303e-001
 6.3949609e-001
 6.3988894e-001
 6.4026147e-001
 6.4061356e-001
 6.4094579e-001
 6.4125901e-001
 6.4155459e-001
 6.4183432e-001
 6.4210004e-001
 6.4235377e-001
 6.4259732e-001
 6.4283252e-001
 6.4306110e-001
 6.4328480e-001
 6.4350522e-001
 6.4372426e-001
 6.4394403e-001
 6.4416701e-001
 6.4439613e-001
 6.4463478e-001
 6.4488679e-001
 6.4515644e-001
 6.4544827e-001
 6.4576668e-001
 6.4611620e-001
 6.4650118e-001
 6.4692563e-001
 6.4739335e-001
 6.4790767e-001
 6.4847159e-001
 6.4908761e-001
 6.4975762e-001
 6.5048295e-001
 6.5126395e-001
 6.5210003e-001
 6.5298986e-001
 6.5393060e-001
 6.5491861e-001
 6.5594900e-001
 6.5701598e-001
 6.5811342e-001
 6.5923446e-001
 6.6037208e-001
 6.6151965e-001
 6.6267043e-001
 6.6381842e-001
 6.6495770e-001
 6.6608322e-001
 6.6719085e-001
 6.6827703e-001
 6.6933948e-001
 6.7037636e-001
 6.7138720e-001
 6.7237121e-001
 6.7332894e-001
 6.7426103e-001
 6.7516780e-001
 6.7605019e-001
 6.7690909e-001
 6.7774564e-001
 6.7856008e-001
 6.7935342e-001
 6.8012637e-001
 6.8087924e-001
 6.8161273e-001
 6.8232787e-001
 6.8302512e-001
 6.8370569e-001
 6.8437046e-001
 6.8502045e-001
 6.8565577e-001
 6.8627656e-001
 6.8688226e-001
 6.8747157e-001
 6.8804312e-001
 6.8859547e-001
 6.8912715e-001
 6.8963754e-001
 6.9012654e-001
 6.9059467e-001
 6.9104332e-001
 6.9147420e-001
 6.9188929e-001
 6.9229001e-001
 6.9267768e-001
 6.9305319e-001
 6.9341654e-001
 6.9376802e-001
 6.9410777e-001
 6.9443607e-001
 6.9475383e-001
 6.9506204e-001
 6.9536185e-001
 6.9565374e-001
 6.9593775e-001
 6.9621325e-001
 6.9647855e-001
 6.9673169e-001
 6.9697070e-001
 6.9719350e-001
 6.9739872e-001
 6.9758552e-001
 6.9775331e-001
 6.9790220e-001
 6.9803268e-001
 6.9814539e-001
 6.9824129e-001
 6.9832146e-001
 6.9838721e-001
 6.9843954e-001
 6.9847918e-001
 6.9850653e-001
 6.9852144e-001
 6.9852346e-001
 6.9851196e-001
 6.9848651e-001
 6.9844699e-001
 6.9839388e-001
 6.9832796e-001
 6.9825071e-001
 6.9816351e-001
 6.9806767e-001
 6.9796449e-001
 6.9785482e-001
 6.9773936e-001
 6.9761860e-001
 6.9749290e-001
 6.9736266e-001
 6.9722801e-001
 6.9708943e-001
 6.9694710e-001
 6.9680142e-001
 6.9665301e-001
 6.9650275e-001
 6.9635183e-001
 6.9620180e-001
 6.9605446e-001
 6.9591194e-001
 6.9577610e-001
 6.9564903e-001
 6.9553196e-001
 6.9542587e-001
 6.9533086e-001
 6.9524640e-001
 6.9517106e-001
 6.9510305e-001
 6.9504011e-001
 6.9497991e-001
 6.9491994e-001
 6.9485819e-001
 6.9479281e-001
 6.9472224e-001
 6.9464546e-001
 6.9456184e-001
 6.9447118e-001
 6.9437373e-001
 6.9427013e-001
 6.9416124e-001
 6.9404787e-001
 6.9393069e-001
 6.9380963e-001
 6.9368398e-001
 6.9355202e-001
 6.9341147e-001
 6.9325924e-001
 6.9309235e-001
 6.9290775e-001
 6.9270289e-001
 6.9247615e-001
 6.9222635e-001
 6.9195336e-001
 6.9165754e-001
 6.9134015e-001
 6.9100261e-001
 6.9064671e-001
 6.9027489e-001
 6.8988949e-001
 6.8949318e-001
 6.8908906e-001
 6.8867999e-001
 6.8826908e-001
 6.8785948e-001
 6.8745351e-001
 6.8705350e-001
 6.8666083e-001
 6.8627673e-001
 6.8590176e-001
 6.8553621e-001
 6.8518025e-001
 6.8483382e-001
 6.8449682e-001
 6.8416917e-001
 6.8385077e-001
 6.8354142e-001
 6.8324059e-001
 6.8294781e-001
 6.8266129e-001
 6.8237823e-001
 6.8209410e-001
 6.8180227e-001
 6.8149400e-001
 6.8115890e-001
 6.8078524e-001
 6.8036050e-001
 6.7987275e-001
 6.7931038e-001
 6.7866355e-001
 6.7792380e-001
 6.7708558e-001
 6.7614496e-001
 6.7510021e-001
 6.7395288e-001
 6.7270583e-001
 6.7136365e-001
 6.6993344e-001
 6.6842240e-001
 6.6683829e-001
 6.6518873e-001
 6.6348207e-001
 6.6172498e-001
 6.5992367e-001
 6.5808481e-001
 6.5621334e-001
 6.5431356e-001
 6.5239054e-001
 6.5044725e-001
 6.4848602e-001
 6.4650995e-001
 6.4452028e-001
 6.4251864e-001
 6.4050603e-001
 6.3848490e-001
 6.3645643e-001
 6.3442159e-001
 6.3238227e-001
 6.3033849e-001
 6.2828934e-001
 6.2623489e-001
 6.2417340e-001
 6.2210381e-001
 6.2002522e-001
 6.1793965e-001
 6.1584944e-001
 6.1375868e-001
 6.1167556e-001
 6.0960871e-001
 6.0756910e-001
 6.0557121e-001
 6.0362989e-001
 6.0176200e-001
 5.9998518e-001
 5.9831911e-001
 5.9678209e-001
 5.9539187e-001
 5.9416562e-001
 5.9311730e-001
 5.9225804e-001
 5.9159601e-001
 5.9113467e-001
 5.9087372e-001
 5.9080857e-001
 5.9093046e-001
 5.9122688e-001
 5.9168196e-001
 5.9227645e-001
 5.9298879e-001
 5.9379566e-001
 5.9467173e-001
 5.9559155e-001
 5.9653002e-001
 5.9746236e-001
 5.9836626e-001
 5.9922194e-001
 6.0001326e-001
 6.0072714e-001
 6.0135508e-001
 6.0189253e-001
 6.0233825e-001
 6.0269487e-001
 6.0296750e-001
 6.0316348e-001
 6.0329193e-001
 6.0336286e-001
 6.0338700e-001
 6.0337496e-001
 6.0333693e-001
 6.0328203e-001
 6.0321778e-001
 6.0314983e-001
 6.0308146e-001
 6.0301375e-001
 6.0294569e-001
 6.0287404e-001
 6.0279405e-001
 6.0269952e-001
 6.0258323e-001
 6.0243708e-001
 6.0225278e-001
 6.0202163e-001
 6.0173523e-001
 6.0138607e-001
 6.0096747e-001
 6.0047442e-001
 5.9990424e-001
 5.9925622e-001
 5.9853238e-001
 5.9773779e-001
 5.9687966e-001
 5.9596741e-001
 5.9501165e-001
 5.9402484e-001
 5.9301865e-001
 5.9200454e-001
 5.9099370e-001
 5.8999550e-001
 5.8901793e-001
 5.8806819e-001
 5.8715129e-001
 5.8627075e-001
 5.8542830e-001
 5.8462429e-001
 5.8385646e-001
 5.8312041e-001
 5.8240986e-001
 5.8171588e-001
 5.8102751e-001
 5.8033264e-001
 5.7961780e-001
 5.7886934e-001
 5.7807481e-001
 5.7722282e-001
 5.7630426e-001
 5.7531279e-001
 5.7424569e-001
 5.7310283e-001
 5.7188678e-001
 5.7060349e-001
 5.6925988e-001
 5.6786376e-001
 5.6642413e-001
 5.6494856e-001
 5.6344408e-001
 5.6191605e-001
 5.6036997e-001
 5.5880916e-001
 5.5723655e-001
 5.5565596e-001
 5.5407023e-001
 5.5248255e-001
 5.5089748e-001
 5.4931885e-001
 5.4775047e-001
 5.4619724e-001
 5.4466277e-001
 5.4315066e-001
 5.4166400e-001
 5.4020643e-001
 5.3878003e-001
 5.3738689e-001
 5.3602952e-001
 5.3470963e-001
 5.3342903e-001
 5.3219092e-001
 5.3099865e-001
 5.2985722e-001
 5.2877319e-001
 5.2775598e-001
 5.2681643e-001
 5.2596760e-001
 5.2522504e-001
 5.2460533e-001
 5.2412611e-001
 5.2380574e-001
 5.2366191e-001
 5.2371126e-001
 5.2396816e-001
 5.2444392e-001
 5.2514601e-001
 5.2607763e-001
 5.2723676e-001
 5.2861768e-001
 5.3021091e-001
 5.3200263e-001
 5.3397822e-001
 5.3612190e-001
 5.3841597e-001
 5.4084474e-001
 5.4339308e-001
 5.4604757e-001
 5.4879415e-001
 5.5162120e-001
 5.5451685e-001
 5.5746585e-001
 5.6045234e-001
 5.6345689e-001
 5.6645405e-001
 5.6941652e-001
 5.7231361e-001
 5.7511383e-001
 5.7778448e-001
 5.8029723e-001
 5.8262825e-001
 5.8475786e-001
 5.8667469e-001
 5.8837402e-001
 5.8985615e-001
 5.9112799e-001
 5.9219992e-001
 5.9308404e-001
 5.9379417e-001
 5.9434384e-001
 5.9474617e-001
 5.9501284e-001
 5.9515482e-001
 5.9518194e-001
 5.9510261e-001
 5.9492391e-001
 5.9465110e-001
 5.9428793e-001
 5.9383643e-001
 5.9329736e-001
 5.9267086e-001
 5.9195828e-001
 5.9116203e-001
 5.9028733e-001
 5.8934319e-001
 5.8834147e-001
 5.8729678e-001
 5.8622640e-001
 5.8514702e-001
 5.8407396e-001
 5.8302063e-001
 5.8199549e-001
 5.8100283e-001
 5.8004200e-001
 5.7910860e-001
 5.7819408e-001
 5.7728767e-001
 5.7637835e-001
 5.7545501e-001
 5.7450861e-001
 5.7353354e-001
 5.7252699e-001
 5.7148957e-001
 5.7042432e-001
 5.6933683e-001
 5.6823295e-001
 5.6711906e-001
 5.6600195e-001
 5.6488746e-001
 5.6378055e-001
 5.6268620e-001
 5.6160694e-001
 5.6054324e-001
 5.5949366e-001
 5.5845284e-001
 5.5741256e-001
 5.5636191e-001
 5.5528891e-001
 5.5418009e-001
 5.5302233e-001
 5.5180407e-001
 5.5051452e-001
 5.4914415e-001
 5.4768598e-001
 5.4613352e-001
 5.4448253e-001
 5.4273039e-001
 5.4087842e-001
 5.3892946e-001
 5.3688931e-001
 5.3476793e-001
 5.3257602e-001
 5.3032559e-001
 5.2803075e-001
 5.2570373e-001
 5.2335548e-001
 5.2099717e-001
 5.1863623e-001
 5.1627833e-001
 5.1392615e-001
 5.1158172e-001
 5.0924253e-001
 5.0690377e-001
 5.0455993e-001
 5.0220215e-001
 4.9982056e-001
 4.9740735e-001
 4.9495479e-001
 4.9245897e-001
 4.8991981e-001
 4.8734421e-001
 4.8474225e-001
 4.8212844e-001
 4.7952217e-001
 4.7694233e-001
 4.7440767e-001
 4.7193712e-001
 4.6954519e-001
 4.6724388e-001
 4.6504173e-001
 4.6294597e-001
 4.6095994e-001
 4.5908520e-001
 4.5732307e-001
 4.5567232e-001
 4.5413074e-001
 4.5269653e-001
 4.5136619e-001
 4.5013613e-001
 4.4900337e-001
 4.4796365e-001
 4.4701234e-001
 4.4614342e-001
 4.4535011e-001
 4.4462332e-001
 4.4395250e-001
 4.4332623e-001
 4.4273156e-001
 4.4215497e-001
 4.4158289e-001
 4.4100133e-001
 4.4039649e-001
 4.3975475e-001
 4.3906364e-001
 4.3831104e-001
 4.3748611e-001
 4.3658024e-001
 4.3558607e-001
 4.3449810e-001
 4.3331376e-001
 4.3203178e-001
 4.3065310e-001
 4.2918238e-001
 4.2762640e-001
 4.2599559e-001
 4.2430353e-001
 4.2256820e-001
 4.2080918e-001
 4.1904822e-001
 4.1730976e-001
 4.1561759e-001
 4.1399521e-001
 4.1246545e-001
 4.1104662e-001
 4.0975234e-001
 4.0858987e-001
 4.0756103e-001
 4.0666118e-001
 4.0588158e-001
-1.2300000e+034
