s07_ASD Record=12691: Calc.25+Dolo.25+Ca-Mont AMX7 ASDNGb AREF
-1.2300000e+034
 6.2877184e-001
 6.2808174e-001
 6.2787837e-001
 6.2854034e-001
 6.2897843e-001
 6.2950015e-001
 6.3012338e-001
 6.3078839e-001
 6.3129073e-001
 6.3204575e-001
 6.3283044e-001
 6.3322496e-001
 6.3353485e-001
 6.3384217e-001
 6.3416588e-001
 6.3446492e-001
 6.3498992e-001
 6.3559920e-001
 6.3616681e-001
 6.3688308e-001
 6.3753283e-001
 6.3806397e-001
 6.3853413e-001
 6.3913047e-001
 6.3980389e-001
 6.4051366e-001
 6.4126736e-001
 6.4210474e-001
 6.4294630e-001
 6.4371544e-001
 6.4444971e-001
 6.4501864e-001
 6.4560401e-001
 6.4650208e-001
 6.4754975e-001
 6.4858228e-001
 6.4953166e-001
 6.5045363e-001
 6.5119153e-001
 6.5190566e-001
 6.5272683e-001
 6.5343660e-001
 6.5418160e-001
 6.5496564e-001
 6.5571338e-001
 6.5642887e-001
 6.5708810e-001
 6.5767992e-001
 6.5821600e-001
 6.5881687e-001
 6.5950322e-001
 6.6021281e-001
 6.6069049e-001
 6.6127634e-001
 6.6192973e-001
 6.6239113e-001
 6.6295797e-001
 6.6350681e-001
 6.6399401e-001
 6.6459864e-001
 6.6511214e-001
 6.6560704e-001
 6.6618907e-001
 6.6676503e-001
 6.6724521e-001
 6.6768914e-001
 6.6824973e-001
 6.6874671e-001
 6.6921550e-001
 6.6970199e-001
 6.7019451e-001
 6.7067969e-001
 6.7116868e-001
 6.7167878e-001
 6.7220092e-001
 6.7269796e-001
 6.7317462e-001
 6.7367589e-001
 6.7421442e-001
 6.7472899e-001
 6.7520183e-001
 6.7576647e-001
 6.7630076e-001
 6.7680043e-001
 6.7731690e-001
 6.7785090e-001
 6.7841017e-001
 6.7899340e-001
 6.7958516e-001
 6.8021429e-001
 6.8085748e-001
 6.8149829e-001
 6.8220067e-001
 6.8291605e-001
 6.8363231e-001
 6.8436337e-001
 6.8509847e-001
 6.8584144e-001
 6.8658328e-001
 6.8728966e-001
 6.8800741e-001
 6.8871862e-001
 6.8939179e-001
 6.9005024e-001
 6.9068897e-001
 6.9131023e-001
 6.9192463e-001
 6.9252163e-001
 6.9311309e-001
 6.9370109e-001
 6.9425064e-001
 6.9479150e-001
 6.9532299e-001
 6.9583863e-001
 6.9636077e-001
 6.9688749e-001
 6.9740945e-001
 6.9791579e-001
 6.9840258e-001
 6.9888979e-001
 6.9938624e-001
 6.9984901e-001
 7.0031780e-001
 7.0079917e-001
 7.0127648e-001
 7.0173812e-001
 7.0218033e-001
 7.0261544e-001
 7.0308715e-001
 7.0353627e-001
 7.0397669e-001
 7.0443296e-001
 7.0486748e-001
 7.0531309e-001
 7.0577019e-001
 7.0620215e-001
 7.0664799e-001
 7.0709902e-001
 7.0755088e-001
 7.0802522e-001
 7.0849138e-001
 7.0894432e-001
 7.0939207e-001
 7.0984840e-001
 7.1030939e-001
 7.1077353e-001
 7.1124440e-001
 7.1169519e-001
 7.1214247e-001
 7.1260786e-001
 7.1309161e-001
 7.1356219e-001
 7.1402061e-001
 7.1448636e-001
 7.1494794e-001
 7.1540815e-001
 7.1587068e-001
 7.1633536e-001
 7.1679181e-001
 7.1724528e-001
 7.1770650e-001
 7.1816659e-001
 7.1862555e-001
 7.1908629e-001
 7.1954709e-001
 7.2001314e-001
 7.2048360e-001
 7.2095382e-001
 7.2141343e-001
 7.2188663e-001
 7.2236365e-001
 7.2282076e-001
 7.2328848e-001
 7.2375941e-001
 7.2422791e-001
 7.2469777e-001
 7.2517037e-001
 7.2564679e-001
 7.2612631e-001
 7.2659719e-001
 7.2707903e-001
 7.2757351e-001
 7.2806495e-001
 7.2855186e-001
 7.2904235e-001
 7.2954237e-001
 7.3005080e-001
 7.3055661e-001
 7.3105675e-001
 7.3155397e-001
 7.3206168e-001
 7.3257285e-001
 7.3308027e-001
 7.3357862e-001
 7.3408091e-001
 7.3458672e-001
 7.3509222e-001
 7.3558700e-001
 7.3608321e-001
 7.3658246e-001
 7.3707652e-001
 7.3756325e-001
 7.3804313e-001
 7.3852032e-001
 7.3900777e-001
 7.3950678e-001
 7.4000633e-001
 7.4049288e-001
 7.4096930e-001
 7.4144602e-001
 7.4192280e-001
 7.4238646e-001
 7.4283904e-001
 7.4328464e-001
 7.4372464e-001
 7.4415171e-001
 7.4457049e-001
 7.4498332e-001
 7.4538714e-001
 7.4577236e-001
 7.4614120e-001
 7.4650067e-001
 7.4686271e-001
 7.4721563e-001
 7.4756217e-001
 7.4790603e-001
 7.4823189e-001
 7.4855226e-001
 7.4887866e-001
 7.4921954e-001
 7.4956405e-001
 7.4990982e-001
 7.5025278e-001
 7.5058007e-001
 7.5090510e-001
 7.5123185e-001
 7.5155759e-001
 7.5187612e-001
 7.5217146e-001
 7.5243765e-001
 7.5268197e-001
 7.5293684e-001
 7.5319821e-001
 7.5345433e-001
 7.5370437e-001
 7.5396264e-001
 7.5423259e-001
 7.5450575e-001
 7.5477099e-001
 7.5502348e-001
 7.5526482e-001
 7.5550824e-001
 7.5574243e-001
 7.5596452e-001
 7.5617719e-001
 7.5639296e-001
 7.5661981e-001
 7.5685143e-001
 7.5706834e-001
 7.5727326e-001
 7.5747389e-001
 7.5767636e-001
 7.5787932e-001
 7.5807929e-001
 7.5827062e-001
 7.5844932e-001
 7.5863165e-001
 7.5882524e-001
 7.5902563e-001
 7.5921464e-001
 7.5939780e-001
 7.5957990e-001
 7.5976336e-001
 7.5994056e-001
 7.6011521e-001
 7.6029152e-001
 7.6047170e-001
 7.6064277e-001
 7.6081520e-001
 7.6099366e-001
 7.6116800e-001
 7.6133001e-001
 7.6149321e-001
 7.6167518e-001
 7.6185924e-001
 7.6203936e-001
 7.6221246e-001
 7.6238644e-001
 7.6257026e-001
 7.6275688e-001
 7.6293302e-001
 7.6308811e-001
 7.6324207e-001
 7.6340181e-001
 7.6357031e-001
 7.6374841e-001
 7.6393193e-001
 7.6411259e-001
 7.6428705e-001
 7.6445568e-001
 7.6462638e-001
 7.6480597e-001
 7.6498103e-001
 7.6514828e-001
 7.6531428e-001
 7.6548570e-001
 7.6564354e-001
 7.6580077e-001
 7.6597095e-001
 7.6615649e-001
 7.6633805e-001
 7.6650733e-001
 7.6666337e-001
 7.6681376e-001
 7.6696324e-001
 7.6710927e-001
 7.6724690e-001
 7.6740515e-001
 7.6758105e-001
 7.6775903e-001
 7.6791161e-001
 7.6805085e-001
 7.6819456e-001
 7.6835459e-001
 7.6850069e-001
 7.6864260e-001
 7.6878333e-001
 7.6892030e-001
 7.6905036e-001
 7.6918030e-001
 7.6931530e-001
 7.6945698e-001
 7.6959944e-001
 7.6973778e-001
 7.6987189e-001
 7.7000308e-001
 7.7013224e-001
 7.7026069e-001
 7.7038914e-001
 7.7050966e-001
 7.7062809e-001
 7.7074832e-001
 7.7087283e-001
 7.7098924e-001
 7.7109271e-001
 7.7118653e-001
 7.7129298e-001
 7.7140903e-001
 7.7153045e-001
 7.7165055e-001
 7.7175516e-001
 7.7184743e-001
 7.7193725e-001
 7.7203918e-001
 7.7213955e-001
 7.7223957e-001
 7.7234358e-001
 7.7243751e-001
 7.7252775e-001
 7.7262044e-001
 7.7271962e-001
 7.7280867e-001
 7.7289867e-001
 7.7299774e-001
 7.7309239e-001
 7.7319026e-001
 7.7329415e-001
 7.7340186e-001
 7.7349693e-001
 7.7358520e-001
 7.7367991e-001
 7.7379549e-001
 7.7391011e-001
 7.7402163e-001
 7.7413511e-001
 7.7426171e-001
 7.7438140e-001
 7.7448958e-001
 7.7458912e-001
 7.7468938e-001
 7.7478611e-001
 7.7487046e-001
 7.7493435e-001
 7.7500534e-001
 7.7508909e-001
 7.7518129e-001
 7.7526605e-001
 7.7535105e-001
 7.7543432e-001
 7.7551085e-001
 7.7558088e-001
 7.7564907e-001
 7.7572602e-001
 7.7582306e-001
 7.7593142e-001
 7.7603996e-001
 7.7614492e-001
 7.7625245e-001
 7.7635819e-001
 7.7646166e-001
 7.7656430e-001
 7.7667016e-001
 7.7677482e-001
 7.7687776e-001
 7.7698457e-001
 7.7708465e-001
 7.7718610e-001
 7.7729350e-001
 7.7740300e-001
 7.7750862e-001
 7.7760458e-001
 7.7768868e-001
 7.7776313e-001
 7.7783740e-001
 7.7791625e-001
 7.7799934e-001
 7.7807426e-001
 7.7814984e-001
 7.7822685e-001
 7.7829838e-001
 7.7837199e-001
 7.7843696e-001
 7.7848452e-001
 7.7851558e-001
 7.7855533e-001
 7.7861053e-001
 7.7867836e-001
 7.7874774e-001
 7.7881646e-001
 7.7888316e-001
 7.7894819e-001
 7.7901727e-001
 7.7907974e-001
 7.7912682e-001
 7.7915651e-001
 7.7919465e-001
 7.7923864e-001
 7.7928030e-001
 7.7931684e-001
 7.7934921e-001
 7.7937722e-001
 7.7940124e-001
 7.7942413e-001
 7.7944988e-001
 7.7947932e-001
 7.7951366e-001
 7.7955222e-001
 7.7958405e-001
 7.7960372e-001
 7.7961767e-001
 7.7963221e-001
 7.7964681e-001
 7.7965915e-001
 7.7966946e-001
 7.7967876e-001
 7.7969891e-001
 7.7974188e-001
 7.7979809e-001
 7.7985644e-001
 7.7991104e-001
 7.7996117e-001
 7.8000933e-001
 7.8004467e-001
 7.8006321e-001
 7.8007108e-001
 7.8008354e-001
 7.8010213e-001
 7.8012478e-001
 7.8015161e-001
 7.8017390e-001
 7.8019506e-001
 7.8021795e-001
 7.8022140e-001
 7.8022343e-001
 7.8023297e-001
 7.8024989e-001
 7.8026825e-001
 7.8027755e-001
 7.8027523e-001
 7.8026706e-001
 7.8023863e-001
 7.8021514e-001
 7.8021139e-001
 7.8020614e-001
 7.8019667e-001
 7.8018618e-001
 7.8017682e-001
 7.8015935e-001
 7.8014642e-001
 7.8013784e-001
 7.8013051e-001
 7.8013676e-001
 7.8015292e-001
 7.8016835e-001
 7.8016979e-001
 7.8017288e-001
 7.8017771e-001
 7.8018111e-001
 7.8017908e-001
 7.8018039e-001
 7.8018630e-001
 7.8018951e-001
 7.8016680e-001
 7.8015357e-001
 7.8014469e-001
 7.8012675e-001
 7.8010935e-001
 7.8009087e-001
 7.8008199e-001
 7.8009146e-001
 7.8010428e-001
 7.8011340e-001
 7.8011495e-001
 7.8010905e-001
 7.8010148e-001
 7.8009421e-001
 7.8009021e-001
 7.8009200e-001
 7.8008413e-001
 7.8007203e-001
 7.8006077e-001
 7.8004920e-001
 7.8004301e-001
 7.8003812e-001
 7.8003043e-001
 7.8002459e-001
 7.8001446e-001
 7.8000313e-001
 7.7999461e-001
 7.7998453e-001
 7.7997911e-001
 7.7997243e-001
 7.7995795e-001
 7.7995580e-001
 7.7995652e-001
 7.7995622e-001
 7.7995199e-001
 7.7993262e-001
 7.7991927e-001
 7.7991623e-001
 7.7991045e-001
 7.7990586e-001
 7.7990133e-001
 7.7989662e-001
 7.7989411e-001
 7.7988774e-001
 7.7988213e-001
 7.7988005e-001
 7.7987862e-001
 7.7986795e-001
 7.7985609e-001
 7.7984852e-001
 7.7982599e-001
 7.7980393e-001
 7.7978760e-001
 7.7977747e-001
 7.7976644e-001
 7.7976120e-001
 7.7975792e-001
 7.7975041e-001
 7.7974129e-001
 7.7972656e-001
 7.7971143e-001
 7.7970362e-001
 7.7969754e-001
 7.7969271e-001
 7.7968931e-001
 7.7968627e-001
 7.7967882e-001
 7.7966338e-001
 7.7964520e-001
 7.7963358e-001
 7.7962607e-001
 7.7960449e-001
 7.7956915e-001
 7.7953464e-001
 7.7949506e-001
 7.7945656e-001
 7.7941972e-001
 7.7937895e-001
 7.7933890e-001
 7.7929252e-001
 7.7923852e-001
 7.7918243e-001
 7.7911335e-001
 7.7903932e-001
 7.7896863e-001
 7.7890629e-001
 7.7883530e-001
 7.7875990e-001
 7.7868539e-001
 7.7861297e-001
 7.7851790e-001
 7.7841634e-001
 7.7830619e-001
 7.7815026e-001
 7.7799231e-001
 7.7782339e-001
 7.7762860e-001
 7.7740419e-001
 7.7717108e-001
 7.7694082e-001
 7.7671474e-001
 7.7647316e-001
 7.7623177e-001
 7.7602041e-001
 7.7583802e-001
 7.7562481e-001
 7.7544892e-001
 7.7529234e-001
 7.7514261e-001
 7.7503586e-001
 7.7494895e-001
 7.7487791e-001
 7.7483654e-001
 7.7486515e-001
 7.7490085e-001
 7.7497125e-001
 7.7508801e-001
 7.7519882e-001
 7.7533162e-001
 7.7551401e-001
 7.7573627e-001
 7.7592891e-001
 7.7613604e-001
 7.7637136e-001
 7.7661419e-001
 7.7679867e-001
 7.7702236e-001
 7.7723491e-001
 7.7740198e-001
 7.7756518e-001
 7.7774143e-001
 7.7791691e-001
 7.7807838e-001
 7.7822202e-001
 7.7838284e-001
 7.7854884e-001
 7.7869987e-001
 7.7882367e-001
 7.7896380e-001
 7.7908701e-001
 7.7919430e-001
 7.7933002e-001
 7.7946949e-001
 7.7957952e-001
 7.7967352e-001
 7.7979773e-001
 7.7991045e-001
 7.8004068e-001
 7.8011459e-001
 7.8021818e-001
 7.8031826e-001
 7.8041464e-001
 7.8050739e-001
 7.8059673e-001
 7.8068310e-001
 7.8076708e-001
 7.8084934e-001
 7.8093046e-001
 7.8101093e-001
 7.8109092e-001
 7.8117049e-001
 7.8124928e-001
 7.8132695e-001
 7.8140306e-001
 7.8147733e-001
 7.8154945e-001
 7.8161961e-001
 7.8168792e-001
 7.8175473e-001
 7.8182042e-001
 7.8188539e-001
 7.8194976e-001
 7.8201377e-001
 7.8207725e-001
 7.8214020e-001
 7.8220236e-001
 7.8226364e-001
 7.8232390e-001
 7.8238302e-001
 7.8244120e-001
 7.8249848e-001
 7.8255504e-001
 7.8261113e-001
 7.8266692e-001
 7.8272259e-001
 7.8277832e-001
 7.8283423e-001
 7.8289050e-001
 7.8294730e-001
 7.8300476e-001
 7.8306293e-001
 7.8312171e-001
 7.8318101e-001
 7.8324062e-001
 7.8330016e-001
 7.8335941e-001
 7.8341812e-001
 7.8347611e-001
 7.8353345e-001
 7.8359008e-001
 7.8364599e-001
 7.8370136e-001
 7.8375614e-001
 7.8381038e-001
 7.8386414e-001
 7.8391761e-001
 7.8397083e-001
 7.8402412e-001
 7.8407758e-001
 7.8413141e-001
 7.8418565e-001
 7.8424019e-001
 7.8429490e-001
 7.8434962e-001
 7.8440422e-001
 7.8445834e-001
 7.8451192e-001
 7.8456467e-001
 7.8461647e-001
 7.8466707e-001
 7.8471637e-001
 7.8476411e-001
 7.8481042e-001
 7.8485537e-001
 7.8489906e-001
 7.8494191e-001
 7.8498423e-001
 7.8502643e-001
 7.8506881e-001
 7.8511173e-001
 7.8515536e-001
 7.8519970e-001
 7.8524482e-001
 7.8529036e-001
 7.8533602e-001
 7.8538138e-001
 7.8542590e-001
 7.8546911e-001
 7.8551066e-001
 7.8555024e-001
 7.8558779e-001
 7.8562331e-001
 7.8565699e-001
 7.8568906e-001
 7.8571981e-001
 7.8574950e-001
 7.8577840e-001
 7.8580683e-001
 7.8583479e-001
 7.8586251e-001
 7.8588986e-001
 7.8591681e-001
 7.8594309e-001
 7.8596860e-001
 7.8599310e-001
 7.8601652e-001
 7.8603864e-001
 7.8605956e-001
 7.8607911e-001
 7.8609729e-001
 7.8611398e-001
 7.8612900e-001
 7.8614193e-001
 7.8615242e-001
 7.8616005e-001
 7.8616428e-001
 7.8616470e-001
 7.8616065e-001
 7.8615159e-001
 7.8613693e-001
 7.8611600e-001
 7.8608799e-001
 7.8605199e-001
 7.8600711e-001
 7.8595221e-001
 7.8588605e-001
 7.8580731e-001
 7.8571439e-001
 7.8560573e-001
 7.8547949e-001
 7.8533375e-001
 7.8516662e-001
 7.8497624e-001
 7.8476077e-001
 7.8451884e-001
 7.8424907e-001
 7.8395081e-001
 7.8362375e-001
 7.8326851e-001
 7.8288633e-001
 7.8247947e-001
 7.8205138e-001
 7.8160661e-001
 7.8115088e-001
 7.8069103e-001
 7.8023487e-001
 7.7979100e-001
 7.7936846e-001
 7.7897602e-001
 7.7862227e-001
 7.7831471e-001
 7.7805942e-001
 7.7786088e-001
 7.7772158e-001
 7.7764195e-001
 7.7762049e-001
 7.7765387e-001
 7.7773732e-001
 7.7786493e-001
 7.7803004e-001
 7.7822572e-001
 7.7844495e-001
 7.7868110e-001
 7.7892804e-001
 7.7918017e-001
 7.7943265e-001
 7.7968162e-001
 7.7992356e-001
 7.8015608e-001
 7.8037721e-001
 7.8058559e-001
 7.8078043e-001
 7.8096133e-001
 7.8112829e-001
 7.8128153e-001
 7.8142154e-001
 7.8154904e-001
 7.8166467e-001
 7.8176922e-001
 7.8186351e-001
 7.8194809e-001
 7.8202361e-001
 7.8209060e-001
 7.8214967e-001
 7.8220159e-001
 7.8224713e-001
 7.8228742e-001
 7.8232372e-001
 7.8235757e-001
 7.8239048e-001
 7.8242403e-001
 7.8245974e-001
 7.8249884e-001
 7.8254229e-001
 7.8259087e-001
 7.8264493e-001
 7.8270435e-001
 7.8276891e-001
 7.8283793e-001
 7.8291059e-001
 7.8298604e-001
 7.8306329e-001
 7.8314155e-001
 7.8321993e-001
 7.8329790e-001
 7.8337491e-001
 7.8345054e-001
 7.8352445e-001
 7.8359634e-001
 7.8366596e-001
 7.8373307e-001
 7.8379750e-001
 7.8385913e-001
 7.8391808e-001
 7.8397435e-001
 7.8402817e-001
 7.8407985e-001
 7.8412962e-001
 7.8417778e-001
 7.8422457e-001
 7.8427029e-001
 7.8431499e-001
 7.8435892e-001
 7.8440207e-001
 7.8444457e-001
 7.8448629e-001
 7.8452706e-001
 7.8456682e-001
 7.8460509e-001
 7.8464168e-001
 7.8467619e-001
 7.8470838e-001
 7.8473788e-001
 7.8476441e-001
 7.8478771e-001
 7.8480750e-001
 7.8482330e-001
 7.8483474e-001
 7.8484130e-001
 7.8484237e-001
 7.8483754e-001
 7.8482652e-001
 7.8480929e-001
 7.8478616e-001
 7.8475779e-001
 7.8472525e-001
 7.8468978e-001
 7.8465307e-001
 7.8461671e-001
 7.8458244e-001
 7.8455210e-001
 7.8452706e-001
 7.8450876e-001
 7.8449816e-001
 7.8449595e-001
 7.8450221e-001
 7.8451669e-001
 7.8453845e-001
 7.8456610e-001
 7.8459787e-001
 7.8463167e-001
 7.8466517e-001
 7.8469622e-001
 7.8472269e-001
 7.8474271e-001
 7.8475493e-001
 7.8475815e-001
 7.8475159e-001
 7.8473479e-001
 7.8470749e-001
 7.8466958e-001
 7.8462124e-001
 7.8456259e-001
 7.8449386e-001
 7.8441536e-001
 7.8432727e-001
 7.8422987e-001
 7.8412342e-001
 7.8400797e-001
 7.8388393e-001
 7.8375143e-001
 7.8361100e-001
 7.8346306e-001
 7.8330827e-001
 7.8314751e-001
 7.8298175e-001
 7.8281200e-001
 7.8263956e-001
 7.8246546e-001
 7.8229094e-001
 7.8211719e-001
 7.8194511e-001
 7.8177565e-001
 7.8160954e-001
 7.8144729e-001
 7.8128916e-001
 7.8113502e-001
 7.8098452e-001
 7.8083688e-001
 7.8069109e-001
 7.8054589e-001
 7.8039992e-001
 7.8025186e-001
 7.8010041e-001
 7.7994466e-001
 7.7978390e-001
 7.7961755e-001
 7.7944541e-001
 7.7926719e-001
 7.7908289e-001
 7.7889222e-001
 7.7869499e-001
 7.7849072e-001
 7.7827907e-001
 7.7805924e-001
 7.7783066e-001
 7.7759260e-001
 7.7734447e-001
 7.7708578e-001
 7.7681625e-001
 7.7653575e-001
 7.7624452e-001
 7.7594298e-001
 7.7563179e-001
 7.7531183e-001
 7.7498400e-001
 7.7464950e-001
 7.7430928e-001
 7.7396458e-001
 7.7361631e-001
 7.7326536e-001
 7.7291256e-001
 7.7255851e-001
 7.7220374e-001
 7.7184874e-001
 7.7149379e-001
 7.7113926e-001
 7.7078551e-001
 7.7043301e-001
 7.7008206e-001
 7.6973319e-001
 7.6938695e-001
 7.6904351e-001
 7.6870310e-001
 7.6836568e-001
 7.6803094e-001
 7.6769817e-001
 7.6736635e-001
 7.6703417e-001
 7.6670009e-001
 7.6636219e-001
 7.6601839e-001
 7.6566631e-001
 7.6530331e-001
 7.6492655e-001
 7.6453286e-001
 7.6411873e-001
 7.6368040e-001
 7.6321417e-001
 7.6271588e-001
 7.6218158e-001
 7.6160753e-001
 7.6098979e-001
 7.6032472e-001
 7.5960898e-001
 7.5883889e-001
 7.5801110e-001
 7.5712180e-001
 7.5616717e-001
 7.5514299e-001
 7.5404447e-001
 7.5286674e-001
 7.5160414e-001
 7.5025123e-001
 7.4880266e-001
 7.4725246e-001
 7.4559563e-001
 7.4382651e-001
 7.4193990e-001
 7.3993033e-001
 7.3779118e-001
 7.3551643e-001
 7.3309880e-001
 7.3053247e-001
 7.2781342e-001
 7.2493994e-001
 7.2191572e-001
 7.1875066e-001
 7.1546018e-001
 7.1206778e-001
 7.0860147e-001
 7.0509458e-001
 7.0158249e-001
 6.9809884e-001
 6.9467628e-001
 6.9134092e-001
 6.8811429e-001
 6.8501168e-001
 6.8204123e-001
 6.7920744e-001
 6.7650974e-001
 6.7394638e-001
 6.7151493e-001
 6.6921312e-001
 6.6704202e-001
 6.6500509e-001
 6.6311079e-001
 6.6137230e-001
 6.5980637e-001
 6.5843439e-001
 6.5727919e-001
 6.5636474e-001
 6.5571326e-001
 6.5534323e-001
 6.5526772e-001
 6.5549254e-001
 6.5601557e-001
 6.5682614e-001
 6.5790594e-001
 6.5922934e-001
 6.6076517e-001
 6.6247928e-001
 6.6433513e-001
 6.6629732e-001
 6.6833174e-001
 6.7040741e-001
 6.7249805e-001
 6.7458063e-001
 6.7663717e-001
 6.7865270e-001
 6.8061537e-001
 6.8251652e-001
 6.8434846e-001
 6.8610597e-001
 6.8778419e-001
 6.8937957e-001
 6.9088984e-001
 6.9231302e-001
 6.9364816e-001
 6.9489545e-001
 6.9605511e-001
 6.9712859e-001
 6.9811720e-001
 6.9902259e-001
 6.9984692e-001
 7.0059192e-001
 7.0126009e-001
 7.0185387e-001
 7.0237625e-001
 7.0283109e-001
 7.0322311e-001
 7.0355844e-001
 7.0384443e-001
 7.0409000e-001
 7.0430565e-001
 7.0450282e-001
 7.0469433e-001
 7.0489317e-001
 7.0511258e-001
 7.0536524e-001
 7.0566267e-001
 7.0601487e-001
 7.0642984e-001
 7.0691299e-001
 7.0746744e-001
 7.0809335e-001
 7.0878857e-001
 7.0954889e-001
 7.1036792e-001
 7.1123827e-001
 7.1215135e-001
 7.1309829e-001
 7.1407032e-001
 7.1505880e-001
 7.1605611e-001
 7.1705520e-001
 7.1804994e-001
 7.1903569e-001
 7.2000825e-001
 7.2096503e-001
 7.2190368e-001
 7.2282273e-001
 7.2372168e-001
 7.2459990e-001
 7.2545743e-001
 7.2629440e-001
 7.2711080e-001
 7.2790736e-001
 7.2868425e-001
 7.2944194e-001
 7.3018122e-001
 7.3090249e-001
 7.3160666e-001
 7.3229450e-001
 7.3296654e-001
 7.3362374e-001
 7.3426664e-001
 7.3489600e-001
 7.3551238e-001
 7.3611623e-001
 7.3670828e-001
 7.3728883e-001
 7.3785859e-001
 7.3841792e-001
 7.3896724e-001
 7.3950708e-001
 7.4003756e-001
 7.4055916e-001
 7.4107206e-001
 7.4157631e-001
 7.4207217e-001
 7.4255985e-001
 7.4303931e-001
 7.4351090e-001
 7.4397463e-001
 7.4443078e-001
 7.4487925e-001
 7.4532008e-001
 7.4575323e-001
 7.4617845e-001
 7.4659574e-001
 7.4700481e-001
 7.4740565e-001
 7.4779838e-001
 7.4818319e-001
 7.4856049e-001
 7.4893069e-001
 7.4929422e-001
 7.4965161e-001
 7.5000316e-001
 7.5034928e-001
 7.5069016e-001
 7.5102592e-001
 7.5135672e-001
 7.5168276e-001
 7.5200421e-001
 7.5232136e-001
 7.5263453e-001
 7.5294393e-001
 7.5324976e-001
 7.5355214e-001
 7.5385088e-001
 7.5414574e-001
 7.5443631e-001
 7.5472200e-001
 7.5500214e-001
 7.5527626e-001
 7.5554383e-001
 7.5580448e-001
 7.5605804e-001
 7.5630468e-001
 7.5654477e-001
 7.5677884e-001
 7.5700784e-001
 7.5723279e-001
 7.5745487e-001
 7.5767535e-001
 7.5789565e-001
 7.5811708e-001
 7.5834072e-001
 7.5856763e-001
 7.5879854e-001
 7.5903386e-001
 7.5927359e-001
 7.5951743e-001
 7.5976461e-001
 7.6001424e-001
 7.6026523e-001
 7.6051623e-001
 7.6076609e-001
 7.6101369e-001
 7.6125801e-001
 7.6149821e-001
 7.6173377e-001
 7.6196420e-001
 7.6218933e-001
 7.6240903e-001
 7.6262337e-001
 7.6283240e-001
 7.6303643e-001
 7.6323569e-001
 7.6343054e-001
 7.6362127e-001
 7.6380819e-001
 7.6399177e-001
 7.6417214e-001
 7.6434958e-001
 7.6452422e-001
 7.6469606e-001
 7.6486498e-001
 7.6503086e-001
 7.6519340e-001
 7.6535237e-001
 7.6550752e-001
 7.6565856e-001
 7.6580530e-001
 7.6594764e-001
 7.6608562e-001
 7.6621908e-001
 7.6634818e-001
 7.6647300e-001
 7.6659369e-001
 7.6671052e-001
 7.6682365e-001
 7.6693350e-001
 7.6704049e-001
 7.6714504e-001
 7.6724768e-001
 7.6734895e-001
 7.6744932e-001
 7.6754916e-001
 7.6764864e-001
 7.6774794e-001
 7.6784688e-001
 7.6794523e-001
 7.6804262e-001
 7.6813871e-001
 7.6823306e-001
 7.6832551e-001
 7.6841587e-001
 7.6850420e-001
 7.6859069e-001
 7.6867568e-001
 7.6875949e-001
 7.6884234e-001
 7.6892447e-001
 7.6900578e-001
 7.6908624e-001
 7.6916552e-001
 7.6924312e-001
 7.6931852e-001
 7.6939118e-001
 7.6946050e-001
 7.6952589e-001
 7.6958686e-001
 7.6964313e-001
 7.6969469e-001
 7.6974165e-001
 7.6978457e-001
 7.6982415e-001
 7.6986152e-001
 7.6989794e-001
 7.6993489e-001
 7.6997375e-001
 7.7001595e-001
 7.7006251e-001
 7.7011436e-001
 7.7017170e-001
 7.7023447e-001
 7.7030194e-001
 7.7037299e-001
 7.7044612e-001
 7.7051979e-001
 7.7059245e-001
 7.7066249e-001
 7.7072895e-001
 7.7079087e-001
 7.7084798e-001
 7.7089989e-001
 7.7094668e-001
 7.7098846e-001
 7.7102524e-001
 7.7105701e-001
 7.7108365e-001
 7.7110517e-001
 7.7112126e-001
 7.7113193e-001
 7.7113712e-001
 7.7113706e-001
 7.7113205e-001
 7.7112252e-001
 7.7110887e-001
 7.7109158e-001
 7.7107090e-001
 7.7104682e-001
 7.7101928e-001
 7.7098775e-001
 7.7095169e-001
 7.7091056e-001
 7.7086359e-001
 7.7081048e-001
 7.7075076e-001
 7.7068436e-001
 7.7061129e-001
 7.7053165e-001
 7.7044559e-001
 7.7035320e-001
 7.7025455e-001
 7.7014965e-001
 7.7003825e-001
 7.6992035e-001
 7.6979566e-001
 7.6966423e-001
 7.6952595e-001
 7.6938105e-001
 7.6922977e-001
 7.6907235e-001
 7.6890910e-001
 7.6874042e-001
 7.6856637e-001
 7.6838708e-001
 7.6820254e-001
 7.6801276e-001
 7.6781774e-001
 7.6761770e-001
 7.6741290e-001
 7.6720381e-001
 7.6699084e-001
 7.6677459e-001
 7.6655519e-001
 7.6633281e-001
 7.6610732e-001
 7.6587826e-001
 7.6564521e-001
 7.6540744e-001
 7.6516455e-001
 7.6491630e-001
 7.6466262e-001
 7.6440382e-001
 7.6414025e-001
 7.6387239e-001
 7.6360089e-001
 7.6332611e-001
 7.6304823e-001
 7.6276737e-001
 7.6248348e-001
 7.6219624e-001
 7.6190555e-001
 7.6161128e-001
 7.6131332e-001
 7.6101190e-001
 7.6070750e-001
 7.6040053e-001
 7.6009166e-001
 7.5978154e-001
 7.5947094e-001
 7.5916058e-001
 7.5885093e-001
 7.5854260e-001
 7.5823611e-001
 7.5793183e-001
 7.5763017e-001
 7.5733143e-001
 7.5703603e-001
 7.5674427e-001
 7.5645649e-001
 7.5617313e-001
 7.5589454e-001
 7.5562125e-001
 7.5535393e-001
 7.5509328e-001
 7.5484014e-001
 7.5459540e-001
 7.5436008e-001
 7.5413501e-001
 7.5392073e-001
 7.5371766e-001
 7.5352573e-001
 7.5334460e-001
 7.5317359e-001
 7.5301141e-001
 7.5285673e-001
 7.5270790e-001
 7.5256294e-001
 7.5241983e-001
 7.5227654e-001
 7.5213093e-001
 7.5198114e-001
 7.5182563e-001
 7.5166309e-001
 7.5149268e-001
 7.5131398e-001
 7.5112689e-001
 7.5093162e-001
 7.5072849e-001
 7.5051796e-001
 7.5030077e-001
 7.5007749e-001
 7.4984914e-001
 7.4961674e-001
 7.4938154e-001
 7.4914473e-001
 7.4890769e-001
 7.4867135e-001
 7.4843675e-001
 7.4820447e-001
 7.4797487e-001
 7.4774826e-001
 7.4752468e-001
 7.4730420e-001
 7.4708706e-001
 7.4687356e-001
 7.4666411e-001
 7.4645925e-001
 7.4625969e-001
 7.4606591e-001
 7.4587846e-001
 7.4569744e-001
 7.4551982e-001
 7.4535072e-001
 7.4518567e-001
 7.4502283e-001
 7.4486023e-001
 7.4469596e-001
 7.4452841e-001
 7.4435663e-001
 7.4418002e-001
 7.4399835e-001
 7.4381173e-001
 7.4362016e-001
 7.4342364e-001
 7.4322182e-001
 7.4301422e-001
 7.4280035e-001
 7.4257934e-001
 7.4235064e-001
 7.4211347e-001
 7.4186724e-001
 7.4161154e-001
 7.4134564e-001
 7.4106896e-001
 7.4078047e-001
 7.4047917e-001
 7.4016368e-001
 7.3983246e-001
 7.3948395e-001
 7.3911655e-001
 7.3872870e-001
 7.3831922e-001
 7.3788697e-001
 7.3743141e-001
 7.3695201e-001
 7.3644882e-001
 7.3592222e-001
 7.3537260e-001
 7.3480088e-001
 7.3420793e-001
 7.3359442e-001
 7.3296100e-001
 7.3230785e-001
 7.3163491e-001
 7.3094159e-001
 7.3022681e-001
 7.2948915e-001
 7.2872645e-001
 7.2793627e-001
 7.2711593e-001
 7.2626173e-001
 7.2537011e-001
 7.2443658e-001
 7.2345692e-001
 7.2242641e-001
 7.2134030e-001
 7.2019410e-001
 7.1898329e-001
 7.1770382e-001
 7.1635187e-001
 7.1492320e-001
 7.1341419e-001
 7.1182013e-001
 7.1013612e-001
 7.0835698e-001
 7.0647615e-001
 7.0448726e-001
 7.0238441e-001
 7.0016140e-001
 6.9781452e-001
 6.9534087e-001
 6.9274086e-001
 6.9001704e-001
 6.8717313e-001
 6.8421513e-001
 6.8114787e-001
 6.7797607e-001
 6.7470211e-001
 6.7132431e-001
 6.6783899e-001
 6.6423750e-001
 6.6050965e-001
 6.5664363e-001
 6.5262574e-001
 6.4844495e-001
 6.4409059e-001
 6.3955700e-001
 6.3484329e-001
 6.2995249e-001
 6.2489551e-001
 6.1969018e-001
 6.1435884e-001
 6.0893291e-001
 6.0344690e-001
 5.9794211e-001
 5.9246427e-001
 5.8706021e-001
 5.8178186e-001
 5.7667977e-001
 5.7180655e-001
 5.6721306e-001
 5.6294578e-001
 5.5904841e-001
 5.5555654e-001
 5.5249965e-001
 5.4989856e-001
 5.4776430e-001
 5.4610002e-001
 5.4489940e-001
 5.4414850e-001
 5.4382622e-001
 5.4390520e-001
 5.4435337e-001
 5.4513520e-001
 5.4621285e-001
 5.4754722e-001
 5.4909992e-001
 5.5083323e-001
 5.5271107e-001
 5.5470031e-001
 5.5676991e-001
 5.5889249e-001
 5.6104314e-001
 5.6319988e-001
 5.6534469e-001
 5.6746137e-001
 5.6953752e-001
 5.7156241e-001
 5.7352775e-001
 5.7542789e-001
 5.7725805e-001
 5.7901561e-001
 5.8069885e-001
 5.8230686e-001
 5.8384043e-001
 5.8530027e-001
 5.8668858e-001
 5.8800751e-001
 5.8925968e-001
 5.9044850e-001
 5.9157693e-001
 5.9264797e-001
 5.9366482e-001
 5.9463000e-001
 5.9554619e-001
 5.9641558e-001
 5.9724003e-001
 5.9802157e-001
 5.9876162e-001
 5.9946173e-001
 6.0012323e-001
 6.0074741e-001
 6.0133600e-001
 6.0189062e-001
 6.0241383e-001
 6.0290837e-001
 6.0337752e-001
 6.0382521e-001
 6.0425544e-001
 6.0467231e-001
 6.0507995e-001
 6.0548198e-001
 6.0588175e-001
 6.0628223e-001
 6.0668582e-001
 6.0709476e-001
 6.0751086e-001
 6.0793597e-001
 6.0837185e-001
 6.0882032e-001
 6.0928333e-001
 6.0976273e-001
 6.1026049e-001
 6.1077839e-001
 6.1131793e-001
 6.1188048e-001
 6.1246669e-001
 6.1307693e-001
 6.1371046e-001
 6.1436617e-001
 6.1504233e-001
 6.1573654e-001
 6.1644667e-001
 6.1717045e-001
 6.1790615e-001
 6.1865324e-001
 6.1941171e-001
 6.2018329e-001
 6.2097055e-001
 6.2177730e-001
 6.2260872e-001
 6.2347043e-001
 6.2436879e-001
 6.2531060e-001
 6.2630200e-001
 6.2734908e-001
 6.2845629e-001
 6.2962669e-001
 6.3086170e-001
 6.3216007e-001
 6.3351864e-001
 6.3493109e-001
 6.3638967e-001
 6.3788360e-001
 6.3940167e-001
 6.4093226e-001
 6.4246291e-001
 6.4398313e-001
 6.4548367e-001
 6.4695734e-001
 6.4839762e-001
 6.4980102e-001
 6.5116560e-001
 6.5248978e-001
 6.5377444e-001
 6.5502131e-001
 6.5623236e-001
 6.5741068e-001
 6.5855938e-001
 6.5968168e-001
 6.6077942e-001
 6.6185457e-001
 6.6290814e-001
 6.6393989e-001
 6.6494966e-001
 6.6593701e-001
 6.6690075e-001
 6.6784078e-001
 6.6875696e-001
 6.6964906e-001
 6.7051774e-001
 6.7136347e-001
 6.7218715e-001
 6.7298895e-001
 6.7376965e-001
 6.7452973e-001
 6.7526919e-001
 6.7598873e-001
 6.7668915e-001
 6.7737132e-001
 6.7803687e-001
 6.7868751e-001
 6.7932522e-001
 6.7995101e-001
 6.8056589e-001
 6.8117005e-001
 6.8176246e-001
 6.8234181e-001
 6.8290645e-001
 6.8345428e-001
 6.8398356e-001
 6.8449295e-001
 6.8498129e-001
 6.8544799e-001
 6.8589306e-001
 6.8631715e-001
 6.8672085e-001
 6.8710572e-001
 6.8747348e-001
 6.8782556e-001
 6.8816352e-001
 6.8848854e-001
 6.8880117e-001
 6.8910170e-001
 6.8938994e-001
 6.8966579e-001
 6.8992913e-001
 6.9018024e-001
 6.9041991e-001
 6.9064885e-001
 6.9086808e-001
 6.9107836e-001
 6.9127995e-001
 6.9147259e-001
 6.9165558e-001
 6.9182777e-001
 6.9198793e-001
 6.9213486e-001
 6.9226778e-001
 6.9238621e-001
 6.9249034e-001
 6.9258070e-001
 6.9265831e-001
 6.9272417e-001
 6.9277954e-001
 6.9282544e-001
 6.9286293e-001
 6.9289291e-001
 6.9291621e-001
 6.9293356e-001
 6.9294566e-001
 6.9295323e-001
 6.9295663e-001
 6.9295615e-001
 6.9295180e-001
 6.9294333e-001
 6.9293040e-001
 6.9291240e-001
 6.9288874e-001
 6.9285864e-001
 6.9282150e-001
 6.9277662e-001
 6.9272375e-001
 6.9266295e-001
 6.9259483e-001
 6.9252050e-001
 6.9244182e-001
 6.9236082e-001
 6.9227988e-001
 6.9220132e-001
 6.9212693e-001
 6.9205791e-001
 6.9199461e-001
 6.9193637e-001
 6.9188207e-001
 6.9182974e-001
 6.9177741e-001
 6.9172305e-001
 6.9166476e-001
 6.9160104e-001
 6.9153064e-001
 6.9145256e-001
 6.9136602e-001
 6.9127035e-001
 6.9116479e-001
 6.9104880e-001
 6.9092172e-001
 6.9078296e-001
 6.9063222e-001
 6.9046909e-001
 6.9029331e-001
 6.9010478e-001
 6.8990314e-001
 6.8968797e-001
 6.8945873e-001
 6.8921506e-001
 6.8895686e-001
 6.8868434e-001
 6.8839878e-001
 6.8810236e-001
 6.8779814e-001
 6.8749064e-001
 6.8718499e-001
 6.8688709e-001
 6.8660319e-001
 6.8633968e-001
 6.8610209e-001
 6.8589497e-001
 6.8572146e-001
 6.8558258e-001
 6.8547744e-001
 6.8540341e-001
 6.8535620e-001
 6.8533057e-001
 6.8532085e-001
 6.8532139e-001
 6.8532699e-001
 6.8533307e-001
 6.8533587e-001
 6.8533254e-001
 6.8532079e-001
 6.8529898e-001
 6.8526584e-001
 6.8522012e-001
 6.8516034e-001
 6.8508476e-001
 6.8499070e-001
 6.8487501e-001
 6.8473357e-001
 6.8456179e-001
 6.8435448e-001
 6.8410665e-001
 6.8381351e-001
 6.8347067e-001
 6.8307477e-001
 6.8262297e-001
 6.8211281e-001
 6.8154258e-001
 6.8091053e-001
 6.8021458e-001
 6.7945230e-001
 6.7862141e-001
 6.7771816e-001
 6.7673808e-001
 6.7567647e-001
 6.7452681e-001
 6.7328155e-001
 6.7193323e-001
 6.7047286e-001
 6.6889179e-001
 6.6718131e-001
 6.6533524e-001
 6.6334742e-001
 6.6121393e-001
 6.5893459e-001
 6.5651029e-001
 6.5394461e-001
 6.5124589e-001
 6.4842379e-001
 6.4549178e-001
 6.4246589e-001
 6.3936818e-001
 6.3622224e-001
 6.3305563e-001
 6.2990177e-001
 6.2679541e-001
 6.2377393e-001
 6.2087852e-001
 6.1814880e-001
 6.1562324e-001
 6.1333948e-001
 6.1132890e-001
 6.0961747e-001
 6.0822302e-001
 6.0715532e-001
 6.0641307e-001
 6.0598505e-001
 6.0585046e-001
 6.0597944e-001
 6.0633582e-001
 6.0687870e-001
 6.0756582e-001
 6.0835582e-001
 6.0921043e-001
 6.1009556e-001
 6.1098349e-001
 6.1185247e-001
 6.1268592e-001
 6.1347324e-001
 6.1420804e-001
 6.1488664e-001
 6.1550808e-001
 6.1607277e-001
 6.1658120e-001
 6.1703438e-001
 6.1743289e-001
 6.1777717e-001
 6.1806691e-001
 6.1830217e-001
 6.1848283e-001
 6.1860895e-001
 6.1868107e-001
 6.1870033e-001
 6.1866832e-001
 6.1858708e-001
 6.1845911e-001
 6.1828691e-001
 6.1807328e-001
 6.1782056e-001
 6.1753064e-001
 6.1720520e-001
 6.1684537e-001
 6.1645150e-001
 6.1602414e-001
 6.1556327e-001
 6.1506873e-001
 6.1454082e-001
 6.1397964e-001
 6.1338538e-001
 6.1275840e-001
 6.1209959e-001
 6.1140966e-001
 6.1068928e-001
 6.0994005e-001
 6.0916299e-001
 6.0835910e-001
 6.0752994e-001
 6.0667610e-001
 6.0579777e-001
 6.0489434e-001
 6.0396522e-001
 6.0300839e-001
 6.0202134e-001
 6.0100192e-001
 5.9994709e-001
 5.9885395e-001
 5.9772074e-001
 5.9654546e-001
 5.9532708e-001
 5.9406632e-001
 5.9276390e-001
 5.9142178e-001
 5.9004229e-001
 5.8862919e-001
 5.8718598e-001
 5.8571631e-001
 5.8422554e-001
 5.8271813e-001
 5.8119899e-001
 5.7967412e-001
 5.7814837e-001
 5.7662648e-001
 5.7511240e-001
 5.7361037e-001
 5.7212287e-001
 5.7065189e-001
 5.6920004e-001
 5.6776887e-001
 5.6635988e-001
 5.6497544e-001
 5.6361705e-001
 5.6228584e-001
 5.6098348e-001
 5.5970979e-001
 5.5846393e-001
 5.5724365e-001
 5.5604637e-001
 5.5486751e-001
 5.5370164e-001
 5.5254352e-001
 5.5138731e-001
 5.5022776e-001
 5.4906183e-001
 5.4788756e-001
 5.4670548e-001
 5.4551834e-001
 5.4433203e-001
 5.4315382e-001
 5.4199278e-001
 5.4086035e-001
 5.3976786e-001
 5.3872740e-001
 5.3775173e-001
 5.3685212e-001
 5.3603929e-001
 5.3532201e-001
 5.3470808e-001
 5.3420305e-001
 5.3381109e-001
 5.3353548e-001
 5.3337854e-001
 5.3334218e-001
 5.3342789e-001
 5.3363669e-001
 5.3396952e-001
 5.3442663e-001
 5.3500831e-001
 5.3571469e-001
 5.3654605e-001
 5.3750193e-001
 5.3858197e-001
 5.3978497e-001
 5.4110712e-001
 5.4254317e-001
 5.4408544e-001
 5.4572177e-001
 5.4743850e-001
 5.4921895e-001
 5.5104530e-001
 5.5289751e-001
 5.5475694e-001
 5.5660629e-001
 5.5842882e-001
 5.6021196e-001
 5.6194580e-001
 5.6362200e-001
 5.6523597e-001
 5.6678456e-001
 5.6826437e-001
 5.6967336e-001
 5.7100856e-001
 5.7226670e-001
 5.7344288e-001
 5.7453269e-001
 5.7553136e-001
 5.7643354e-001
 5.7723498e-001
 5.7793146e-001
 5.7851881e-001
 5.7899374e-001
 5.7935333e-001
 5.7959557e-001
 5.7971972e-001
 5.7972723e-001
 5.7962173e-001
 5.7940978e-001
 5.7910043e-001
 5.7870466e-001
 5.7823509e-001
 5.7770455e-001
 5.7712513e-001
 5.7650781e-001
 5.7586098e-001
 5.7519048e-001
 5.7449919e-001
 5.7378727e-001
 5.7305211e-001
 5.7228905e-001
 5.7149303e-001
 5.7065874e-001
 5.6978178e-001
 5.6886059e-001
 5.6789535e-001
 5.6688929e-001
 5.6584764e-001
 5.6477827e-001
 5.6368971e-001
 5.6259125e-001
 5.6149298e-001
 5.6040382e-001
 5.5933166e-001
 5.5828357e-001
 5.5726355e-001
 5.5627322e-001
 5.5531162e-001
 5.5437434e-001
 5.5345434e-001
 5.5254203e-001
 5.5162698e-001
 5.5069721e-001
 5.4974031e-001
 5.4874492e-001
 5.4769945e-001
 5.4659343e-001
 5.4541850e-001
 5.4416776e-001
 5.4283684e-001
 5.4142398e-001
 5.3993160e-001
 5.3836417e-001
 5.3672898e-001
 5.3503650e-001
 5.3329730e-001
 5.3152233e-001
 5.2972305e-001
 5.2790838e-001
 5.2608526e-001
 5.2425975e-001
 5.2243406e-001
 5.2060860e-001
 5.1878119e-001
 5.1694906e-001
 5.1510727e-001
 5.1325035e-001
 5.1137429e-001
 5.0947464e-001
 5.0754774e-001
 5.0559264e-001
 5.0360811e-001
 5.0159454e-001
 4.9955356e-001
 4.9748975e-001
 4.9540818e-001
 4.9331576e-001
 4.9122259e-001
 4.8913836e-001
 4.8707339e-001
 4.8503911e-001
 4.8304468e-001
 4.8109815e-001
 4.7920513e-001
 4.7737026e-001
 4.7559425e-001
 4.7387528e-001
 4.7221053e-001
 4.7059417e-001
 4.6901959e-001
 4.6748117e-001
 4.6597281e-001
 4.6448949e-001
 4.6302840e-001
 4.6158653e-001
 4.6016198e-001
 4.5875263e-001
 4.5735744e-001
 4.5597416e-001
 4.5460016e-001
 4.5323345e-001
 4.5187053e-001
 4.5050743e-001
 4.4914091e-001
 4.4776672e-001
 4.4638136e-001
 4.4498146e-001
 4.4356534e-001
 4.4213095e-001
 4.4067660e-001
 4.3920207e-001
 4.3770653e-001
 4.3618995e-001
 4.3465433e-001
 4.3310189e-001
 4.3153635e-001
 4.2996362e-001
 4.2838961e-001
 4.2682132e-001
 4.2526582e-001
 4.2373195e-001
 4.2222831e-001
 4.2076471e-001
 4.1935334e-001
 4.1800657e-001
 4.1673741e-001
 4.1555896e-001
 4.1448128e-001
 4.1351113e-001
 4.1265056e-001
 4.1189778e-001
 4.1124654e-001
 4.1068792e-001
-1.2300000e+034
