s07_ASD Record=12578: Basalt_fresh BR93-46B         BECKb AREF
 6.0044162e-002
 6.0256254e-002
 6.0471006e-002
 6.0683541e-002
 6.0889762e-002
 6.1089266e-002
 6.1285432e-002
 6.1482992e-002
 6.1685476e-002
 6.1893791e-002
 6.2106516e-002
 6.2321033e-002
 6.2534668e-002
 6.2745363e-002
 6.2952206e-002
 6.3155450e-002
 6.3355967e-002
 6.3554689e-002
 6.3752651e-002
 6.3951343e-002
 6.4152628e-002
 6.4357542e-002
 6.4564250e-002
 6.4766549e-002
 6.4954124e-002
 6.5115027e-002
 6.5241635e-002
 6.5337442e-002
 6.5417103e-002
 6.5498658e-002
 6.5595545e-002
 6.5713383e-002
 6.5851897e-002
 6.6008151e-002
 6.6178285e-002
 6.6359483e-002
 6.6550530e-002
 6.6749685e-002
 6.6952601e-002
 6.7152388e-002
 6.7342006e-002
 6.7517117e-002
 6.7677565e-002
 6.7826852e-002
 6.7970261e-002
 6.8113253e-002
 6.8260632e-002
 6.8416432e-002
 6.8583220e-002
 6.8760812e-002
 6.8945087e-002
 6.9128305e-002
 6.9302015e-002
 6.9461256e-002
 6.9607817e-002
 6.9750592e-002
 6.9903284e-002
 7.0078515e-002
 7.0283957e-002
 7.0525162e-002
 7.0793018e-002
 7.1065068e-002
 7.1329668e-002
 7.1576402e-002
 7.1795009e-002
 7.1992092e-002
 7.2185077e-002
 7.2388150e-002
 7.2607353e-002
 7.2837010e-002
 7.3059604e-002
 7.3252700e-002
 7.3399372e-002
 7.3496640e-002
 7.3558912e-002
 7.3615260e-002
 7.3699825e-002
 7.3838115e-002
 7.4034967e-002
 7.4270472e-002
 7.4507445e-002
 7.4707955e-002
 7.4851051e-002
 7.4941881e-002
 7.5007364e-002
 7.5081348e-002
 7.5188115e-002
 7.5332806e-002
 7.5502001e-002
 7.5672165e-002
 7.5820453e-002
 7.5933337e-002
 7.6010346e-002
 7.6062791e-002
 7.6109283e-002
 7.6170407e-002
 7.6263770e-002
 7.6399684e-002
 7.6578364e-002
 7.6789320e-002
 7.7013135e-002
 7.7226602e-002
 7.7410795e-002
 7.7559508e-002
 7.7685036e-002
 7.7815354e-002
 7.7977799e-002
 7.8179069e-002
 7.8395754e-002
 7.8585990e-002
 7.8718722e-002
 7.8800552e-002
 7.8877151e-002
 7.9002902e-002
 7.9198904e-002
 7.9432942e-002
 7.9640016e-002
 7.9768874e-002
 7.9817697e-002
 7.9832301e-002
 7.9870023e-002
 7.9958282e-002
 8.0078714e-002
 8.0188163e-002
 8.0258273e-002
 8.0299035e-002
 8.0345944e-002
 8.0425739e-002
 8.0535702e-002
 8.0654666e-002
 8.0770746e-002
 8.0897637e-002
 8.1065610e-002
 8.1295222e-002
 8.1573367e-002
 8.1850737e-002
 8.2065880e-002
 8.2182519e-002
 8.2213975e-002
 8.2216240e-002
 8.2252964e-002
 8.2356013e-002
 8.2509808e-002
 8.2671583e-002
 8.2809851e-002
 8.2925312e-002
 8.3035804e-002
 8.3146371e-002
 8.3240785e-002
 8.3302706e-002
 8.3341412e-002
 8.3396085e-002
 8.3514079e-002
 8.3714940e-002
 8.3964914e-002
 8.4192730e-002
 8.4347911e-002
 8.4449627e-002
 8.4567539e-002
 8.4747747e-002
 8.4965587e-002
 8.5159324e-002
 8.5302599e-002
 8.5426509e-002
 8.5568100e-002
 8.5720435e-002
 8.5855491e-002
 8.5981481e-002
 8.6141877e-002
 8.6350828e-002
 8.6557657e-002
 8.6695664e-002
 8.6756028e-002
 8.6795613e-002
 8.6873434e-002
 8.6999021e-002
 8.7150432e-002
 8.7316051e-002
 8.7490045e-002
 8.7643653e-002
 8.7744884e-002
 8.7811530e-002
 8.7906897e-002
 8.8062681e-002
 8.8230602e-002
 8.8344492e-002
 8.8432454e-002
 8.8629790e-002
 8.9038320e-002
 8.9574166e-002
 8.9995861e-002
 9.0113208e-002
 8.9967325e-002
 8.9793764e-002
 8.9808524e-002
 9.0041608e-002
 9.0375625e-002
 9.0697184e-002
 9.0962976e-002
 9.1154046e-002
 9.1249339e-002
 9.1265678e-002
 9.1275141e-002
 9.1351077e-002
 9.1507874e-002
 9.1704950e-002
 9.1901012e-002
 9.2093349e-002
 9.2309564e-002
 9.2582338e-002
 9.2939481e-002
 9.3384340e-002
 9.3851417e-002
 9.4213292e-002
 9.4391957e-002
 9.4452746e-002
 9.4534270e-002
 9.4707340e-002
 9.4962046e-002
 9.5289223e-002
 9.5676236e-002
 9.6043736e-002
 9.6293412e-002
 9.6424125e-002
 9.6521877e-002
 9.6637711e-002
 9.6750028e-002
 9.6846424e-002
 9.6973278e-002
 9.7187601e-002
 9.7496964e-002
 9.7856358e-002
 9.8202467e-002
 9.8489732e-002
 9.8716810e-002
 9.8931581e-002
 9.9200346e-002
 9.9551171e-002
 9.9937007e-002
 1.0026604e-001
 1.0048795e-001
 1.0064018e-001
 1.0078727e-001
 1.0094402e-001
 1.0110322e-001
 1.0129692e-001
 1.0154790e-001
 1.0178690e-001
 1.0191079e-001
 1.0192139e-001
 1.0191721e-001
 1.0196009e-001
 1.0203665e-001
 1.0214149e-001
 1.0231498e-001
 1.0255732e-001
 1.0278612e-001
 1.0294510e-001
 1.0305496e-001
 1.0311306e-001
 1.0308423e-001
 1.0300478e-001
 1.0298271e-001
 1.0313958e-001
 1.0354955e-001
 1.0409956e-001
 1.0450654e-001
 1.0463136e-001
 1.0462505e-001
 1.0466077e-001
 1.0471421e-001
 1.0470837e-001
 1.0468960e-001
 1.0473478e-001
 1.0484158e-001
 1.0498925e-001
 1.0513592e-001
 1.0518675e-001
 1.0514148e-001
 1.0513389e-001
 1.0522745e-001
 1.0536999e-001
 1.0555928e-001
 1.0584679e-001
 1.0618445e-001
 1.0643876e-001
 1.0653924e-001
 1.0654486e-001
 1.0654960e-001
 1.0655106e-001
 1.0648635e-001
 1.0640280e-001
 1.0647387e-001
 1.0678566e-001
 1.0719419e-001
 1.0744825e-001
 1.0741734e-001
 1.0719409e-001
 1.0699698e-001
 1.0697247e-001
 1.0709014e-001
 1.0721546e-001
 1.0725746e-001
 1.0724555e-001
 1.0726881e-001
 1.0735387e-001
 1.0744912e-001
 1.0752806e-001
 1.0762516e-001
 1.0774755e-001
 1.0784169e-001
 1.0788644e-001
 1.0794616e-001
 1.0809462e-001
 1.0833678e-001
 1.0862483e-001
 1.0891543e-001
 1.0918828e-001
 1.0942120e-001
 1.0955740e-001
 1.0951688e-001
 1.0928477e-001
 1.0899355e-001
 1.0885932e-001
 1.0900611e-001
 1.0935799e-001
 1.0970011e-001
 1.0985435e-001
 1.0980949e-001
 1.0969408e-001
 1.0964565e-001
 1.0971304e-001
 1.0985821e-001
 1.1001702e-001
 1.1014810e-001
 1.1024474e-001
 1.1032755e-001
 1.1043379e-001
 1.1059558e-001
 1.1080504e-001
 1.1099592e-001
 1.1107846e-001
 1.1101668e-001
 1.1087880e-001
 1.1080093e-001
 1.1088676e-001
 1.1113267e-001
 1.1143824e-001
 1.1166725e-001
 1.1170465e-001
 1.1151294e-001
 1.1119437e-001
 1.1098095e-001
 1.1101300e-001
 1.1110111e-001
 1.1108492e-001
 1.1110202e-001
 1.1128666e-001
 1.1148029e-001
 1.1150492e-001
 1.1147317e-001
 1.1157778e-001
 1.1178419e-001
 1.1191621e-001
 1.1190104e-001
 1.1183264e-001
 1.1186057e-001
 1.1202335e-001
 1.1219510e-001
 1.1223964e-001
 1.1216983e-001
 1.1211246e-001
 1.1216825e-001
 1.1231907e-001
 1.1246624e-001
 1.1259019e-001
 1.1278878e-001
 1.1305475e-001
 1.1318021e-001
 1.1307533e-001
 1.1298081e-001
 1.1312883e-001
 1.1340715e-001
 1.1357109e-001
 1.1357281e-001
 1.1351564e-001
 1.1345960e-001
 1.1339935e-001
 1.1334112e-001
 1.1332373e-001
 1.1337730e-001
 1.1347242e-001
 1.1352625e-001
 1.1349003e-001
 1.1341583e-001
 1.1341687e-001
 1.1355447e-001
 1.1379071e-001
 1.1401636e-001
 1.1408865e-001
 1.1398195e-001
 1.1384067e-001
 1.1379354e-001
 1.1386316e-001
 1.1402518e-001
 1.1421973e-001
 1.1435837e-001
 1.1436903e-001
 1.1426444e-001
 1.1414193e-001
 1.1409995e-001
 1.1416104e-001
 1.1427251e-001
 1.1437055e-001
 1.1443248e-001
 1.1447763e-001
 1.1452658e-001
 1.1456290e-001
 1.1453649e-001
 1.1441644e-001
 1.1425534e-001
 1.1418530e-001
 1.1431821e-001
 1.1462411e-001
 1.1494856e-001
 1.1514737e-001
 1.1517381e-001
 1.1508930e-001
 1.1501324e-001
 1.1501712e-001
 1.1506415e-001
 1.1509629e-001
 1.1506343e-001
 1.1496850e-001
 1.1483566e-001
 1.1468915e-001
 1.1455406e-001
 1.1446099e-001
 1.1444275e-001
 1.1453222e-001
 1.1474959e-001
 1.1503177e-001
 1.1528204e-001
 1.1540361e-001
 1.1532051e-001
 1.1509501e-001
 1.1484537e-001
 1.1469005e-001
 1.1472692e-001
 1.1491701e-001
 1.1520620e-001
 1.1540344e-001
 1.1545672e-001
 1.1534805e-001
 1.1513302e-001
 1.1487045e-001
 1.1461920e-001
 1.1443630e-001
 1.1433888e-001
 1.1430449e-001
 1.1430896e-001
 1.1432812e-001
 1.1433854e-001
 1.1433314e-001
 1.1432095e-001
 1.1431174e-001
 1.1431520e-001
 1.1434076e-001
 1.1439047e-001
 1.1445921e-001
 1.1454154e-001
 1.1463203e-001
 1.1472523e-001
 1.1481553e-001
 1.1489636e-001
 1.1496101e-001
 1.1500274e-001
 1.1501481e-001
 1.1499050e-001
 1.1492565e-001
 1.1482614e-001
 1.1470018e-001
 1.1455610e-001
 1.1440208e-001
 1.1424644e-001
 1.1409738e-001
 1.1396150e-001
 1.1383904e-001
 1.1372867e-001
 1.1362913e-001
 1.1353908e-001
 1.1345725e-001
 1.1338231e-001
 1.1331300e-001
 1.1324794e-001
 1.1318573e-001
 1.1312481e-001
 1.1306375e-001
 1.1300103e-001
 1.1293519e-001
 1.1286470e-001
 1.1278812e-001
 1.1270405e-001
 1.1261160e-001
 1.1250997e-001
 1.1239837e-001
 1.1227601e-001
 1.1214207e-001
 1.1199579e-001
 1.1183634e-001
 1.1166354e-001
 1.1147917e-001
 1.1128563e-001
 1.1108524e-001
 1.1088029e-001
 1.1067317e-001
 1.1046617e-001
 1.1026166e-001
 1.1006195e-001
 1.0986939e-001
 1.0968629e-001
 1.0951503e-001
 1.0935759e-001
 1.0921504e-001
 1.0908811e-001
 1.0897758e-001
 1.0888421e-001
 1.0880879e-001
 1.0875206e-001
 1.0871481e-001
 1.0869779e-001
 1.0870179e-001
 1.0872757e-001
 1.0877589e-001
 1.0884654e-001
 1.0893575e-001
 1.0903895e-001
 1.0915163e-001
 1.0926920e-001
 1.0938714e-001
 1.0950087e-001
 1.0960584e-001
 1.0969751e-001
 1.0977133e-001
 1.0982274e-001
 1.0984780e-001
 1.0984468e-001
 1.0981204e-001
 1.0974853e-001
 1.0965279e-001
 1.0952347e-001
 1.0935923e-001
 1.0915869e-001
 1.0892054e-001
 1.0864338e-001
 1.0832830e-001
 1.0798448e-001
 1.0762289e-001
 1.0725463e-001
 1.0689060e-001
 1.0654192e-001
 1.0621951e-001
 1.0593443e-001
 1.0569766e-001
 1.0552024e-001
 1.0540932e-001
 1.0535903e-001
 1.0536069e-001
 1.0540564e-001
 1.0548519e-001
 1.0559066e-001
 1.0571338e-001
 1.0584471e-001
 1.0597592e-001
 1.0609837e-001
 1.0620467e-001
 1.0629192e-001
 1.0635807e-001
 1.0640112e-001
 1.0641905e-001
 1.0640987e-001
 1.0637156e-001
 1.0630210e-001
 1.0619950e-001
 1.0606375e-001
 1.0590154e-001
 1.0572104e-001
 1.0553031e-001
 1.0533749e-001
 1.0515069e-001
 1.0497803e-001
 1.0482759e-001
 1.0470302e-001
 1.0459302e-001
 1.0448335e-001
 1.0435967e-001
 1.0420769e-001
 1.0401310e-001
 1.0376164e-001
 1.0343898e-001
 1.0304190e-001
 1.0260341e-001
 1.0216375e-001
 1.0176334e-001
 1.0144239e-001
 1.0124131e-001
 1.0120036e-001
 1.0135987e-001
 1.0173711e-001
 1.0227481e-001
 1.0290094e-001
 1.0349231e-001
 1.0404889e-001
 1.0446800e-001
 1.0470060e-001
 1.0473738e-001
 1.0460310e-001
 1.0434538e-001
 1.0402266e-001
 1.0369563e-001
 1.0341794e-001
 1.0322265e-001
 1.0311361e-001
 1.0307341e-001
 1.0307596e-001
 1.0309432e-001
 1.0310532e-001
 1.0309337e-001
 1.0305157e-001
 1.0297954e-001
 1.0288025e-001
 1.0275828e-001
 1.0261986e-001
 1.0247363e-001
 1.0233100e-001
 1.0220537e-001
 1.0211062e-001
 1.0205846e-001
 1.0205473e-001
 1.0209566e-001
 1.0216665e-001
 1.0224468e-001
 1.0230311e-001
 1.0231741e-001
 1.0227150e-001
 1.0216303e-001
 1.0200488e-001
 1.0182223e-001
 1.0164645e-001
 1.0150807e-001
 1.0142992e-001
 1.0170766e-001
 1.0171372e-001
 1.0173575e-001
 1.0176830e-001
 1.0180428e-001
 1.0183594e-001
 1.0185596e-001
 1.0185835e-001
 1.0183929e-001
 1.0179784e-001
 1.0173625e-001
 1.0165994e-001
 1.0157683e-001
 1.0149632e-001
 1.0142775e-001
 1.0137905e-001
 1.0135579e-001
 1.0136055e-001
 1.0139289e-001
 1.0144977e-001
 1.0152637e-001
 1.0161708e-001
 1.0171636e-001
 1.0181937e-001
 1.0192239e-001
 1.0202300e-001
 1.0211993e-001
 1.0221297e-001
 1.0230233e-001
 1.0238805e-001
 1.0246949e-001
 1.0254490e-001
 1.0261162e-001
 1.0266640e-001
 1.0270616e-001
 1.0272882e-001
 1.0273401e-001
 1.0272366e-001
 1.0270202e-001
 1.0267524e-001
 1.0265041e-001
 1.0263430e-001
 1.0263216e-001
 1.0264678e-001
 1.0267807e-001
 1.0272337e-001
 1.0277833e-001
 1.0283805e-001
 1.0289838e-001
 1.0295685e-001
 1.0301309e-001
 1.0306863e-001
 1.0312621e-001
 1.0318887e-001
 1.0325900e-001
 1.0333770e-001
 1.0342455e-001
 1.0351787e-001
 1.0361534e-001
 1.0371460e-001
 1.0381407e-001
 1.0391326e-001
 1.0401285e-001
 1.0411447e-001
 1.0422003e-001
 1.0433105e-001
 1.0444801e-001
 1.0456983e-001
 1.0469383e-001
 1.0481600e-001
 1.0493169e-001
 1.0503662e-001
 1.0512777e-001
 1.0520420e-001
 1.0526750e-001
 1.0532168e-001
 1.0537269e-001
 1.0542749e-001
 1.0549302e-001
 1.0557517e-001
 1.0567802e-001
 1.0580351e-001
 1.0595128e-001
 1.0611916e-001
 1.0630354e-001
 1.0650007e-001
 1.0670432e-001
 1.0691206e-001
 1.0711966e-001
 1.0732427e-001
 1.0752369e-001
 1.0771640e-001
 1.0790128e-001
 1.0807751e-001
 1.0824449e-001
 1.0840163e-001
 1.0854845e-001
 1.0868450e-001
 1.0880940e-001
 1.0892309e-001
 1.0902575e-001
 1.0911813e-001
 1.0920145e-001
 1.0927770e-001
 1.0934956e-001
 1.0942035e-001
 1.0949395e-001
 1.0957436e-001
 1.0966534e-001
 1.0976993e-001
 1.0988970e-001
 1.1002452e-001
 1.1017207e-001
 1.1032801e-001
 1.1048641e-001
 1.1064037e-001
 1.1078309e-001
 1.1090895e-001
 1.1101424e-001
 1.1109788e-001
 1.1116142e-001
 1.1120872e-001
 1.1124526e-001
 1.1127712e-001
 1.1131010e-001
 1.1134886e-001
 1.1139645e-001
 1.1145412e-001
 1.1152147e-001
 1.1159684e-001
 1.1167780e-001
 1.1176171e-001
 1.1184622e-001
 1.1192953e-001
 1.1201074e-001
 1.1208975e-001
 1.1216726e-001
 1.1224452e-001
 1.1232306e-001
 1.1240439e-001
 1.1248974e-001
 1.1257973e-001
 1.1267436e-001
 1.1277281e-001
 1.1287361e-001
 1.1297477e-001
 1.1307395e-001
 1.1316877e-001
 1.1325698e-001
 1.1333663e-001
 1.1340623e-001
 1.1346466e-001
 1.1351131e-001
 1.1354593e-001
 1.1356874e-001
 1.1358041e-001
 1.1358221e-001
 1.1357604e-001
 1.1356454e-001
 1.1355098e-001
 1.1353917e-001
 1.1353302e-001
 1.1353622e-001
 1.1355160e-001
 1.1358068e-001
 1.1362324e-001
 1.1367713e-001
 1.1373846e-001
 1.1380211e-001
 1.1386249e-001
 1.1391462e-001
 1.1395515e-001
 1.1398314e-001
 1.1400048e-001
 1.1401173e-001
 1.1402334e-001
 1.1404251e-001
 1.1407585e-001
 1.1412819e-001
 1.1420180e-001
 1.1429609e-001
 1.1440800e-001
 1.1453269e-001
 1.1466456e-001
 1.1479793e-001
 1.1492771e-001
 1.1504948e-001
 1.1515939e-001
 1.1525394e-001
 1.1532963e-001
 1.1538307e-001
 1.1541118e-001
 1.1541171e-001
 1.1538376e-001
 1.1532836e-001
 1.1524872e-001
 1.1515013e-001
 1.1503969e-001
 1.1492553e-001
 1.1481620e-001
 1.1471974e-001
 1.1464305e-001
 1.1459134e-001
 1.1456773e-001
 1.1457315e-001
 1.1460623e-001
 1.1466353e-001
 1.1473975e-001
 1.1482830e-001
 1.1492179e-001
 1.1501276e-001
 1.1509445e-001
 1.1516148e-001
 1.1521034e-001
 1.1523978e-001
 1.1525071e-001
 1.1524597e-001
 1.1522967e-001
 1.1520651e-001
 1.1518089e-001
 1.1515630e-001
 1.1513480e-001
 1.1511686e-001
 1.1510161e-001
 1.1508726e-001
 1.1507186e-001
 1.1505406e-001
 1.1503363e-001
 1.1501183e-001
 1.1499121e-001
 1.1497524e-001
 1.1496739e-001
 1.1497045e-001
 1.1498571e-001
 1.1501276e-001
 1.1504950e-001
 1.1509274e-001
 1.1513888e-001
 1.1518470e-001
 1.1522787e-001
 1.1526708e-001
 1.1530185e-001
 1.1533197e-001
 1.1535686e-001
 1.1537520e-001
 1.1538474e-001
 1.1538256e-001
 1.1536575e-001
 1.1533215e-001
 1.1528116e-001
 1.1521436e-001
 1.1513559e-001
 1.1505069e-001
 1.1496682e-001
 1.1489139e-001
 1.1483097e-001
 1.1479025e-001
 1.1477132e-001
 1.1477342e-001
 1.1479320e-001
 1.1482538e-001
 1.1486381e-001
 1.1490257e-001
 1.1493696e-001
 1.1496412e-001
 1.1498322e-001
 1.1499526e-001
 1.1500244e-001
 1.1500749e-001
 1.1501301e-001
 1.1502098e-001
 1.1503261e-001
 1.1504833e-001
 1.1506797e-001
 1.1509098e-001
 1.1511657e-001
 1.1514372e-001
 1.1517119e-001
 1.1519751e-001
 1.1522105e-001
 1.1524025e-001
 1.1525387e-001
 1.1526135e-001
 1.1526298e-001
 1.1525990e-001
 1.1525392e-001
 1.1524708e-001
 1.1524114e-001
 1.1523724e-001
 1.1523567e-001
 1.1523598e-001
 1.1523730e-001
 1.1523879e-001
 1.1523998e-001
 1.1524096e-001
 1.1524219e-001
 1.1524410e-001
 1.1524656e-001
 1.1524843e-001
 1.1524741e-001
 1.1524027e-001
 1.1522346e-001
 1.1519400e-001
 1.1515030e-001
 1.1509287e-001
 1.1502454e-001
 1.1495018e-001
 1.1487603e-001
 1.1480866e-001
 1.1475400e-001
 1.1471635e-001
 1.1469794e-001
 1.1469873e-001
 1.1471672e-001
 1.1474857e-001
 1.1479039e-001
 1.1483853e-001
 1.1489013e-001
 1.1494348e-001
 1.1499797e-001
 1.1505369e-001
 1.1511092e-001
 1.1516941e-001
 1.1522792e-001
 1.1528392e-001
 1.1533371e-001
 1.1537281e-001
 1.1539671e-001
 1.1540157e-001
 1.1538503e-001
 1.1534671e-001
 1.1528838e-001
 1.1521385e-001
 1.1512852e-001
 1.1503872e-001
 1.1495101e-001
 1.1487138e-001
 1.1480480e-001
 1.1475474e-001
 1.1472304e-001
 1.1471001e-001
 1.1471459e-001
 1.1473468e-001
 1.1476753e-001
 1.1481003e-001
 1.1485891e-001
 1.1491098e-001
 1.1496311e-001
 1.1501236e-001
 1.1505597e-001
 1.1509145e-001
 1.1511667e-001
 1.1513000e-001
 1.1513048e-001
 1.1511792e-001
 1.1509296e-001
 1.1505707e-001
 1.1501243e-001
 1.1496179e-001
 1.1490819e-001
 1.1485472e-001
 1.1480426e-001
 1.1475923e-001
 1.1472139e-001
 1.1469175e-001
 1.1467047e-001
 1.1465689e-001
 1.1464956e-001
 1.1464638e-001
 1.1464470e-001
 1.1464154e-001
 1.1463374e-001
 1.1461818e-001
 1.1459199e-001
 1.1455278e-001
 1.1449881e-001
 1.1442924e-001
 1.1434419e-001
 1.1424492e-001
 1.1413371e-001
 1.1401384e-001
 1.1388931e-001
 1.1376451e-001
 1.1364382e-001
 1.1353109e-001
 1.1342932e-001
 1.1334022e-001
 1.1326402e-001
 1.1319959e-001
 1.1314466e-001
 1.1309626e-001
 1.1305144e-001
 1.1300783e-001
 1.1296424e-001
 1.1292095e-001
 1.1287972e-001
 1.1284354e-001
 1.1281593e-001
 1.1280026e-001
 1.1279881e-001
 1.1281214e-001
 1.1283860e-001
 1.1287430e-001
 1.1291349e-001
 1.1294933e-001
 1.1297498e-001
 1.1298478e-001
 1.1297524e-001
 1.1294573e-001
 1.1289866e-001
 1.1283910e-001
 1.1277391e-001
 1.1271061e-001
 1.1265622e-001
 1.1261626e-001
 1.1259417e-001
 1.1259117e-001
 1.1260646e-001
 1.1263777e-001
 1.1268192e-001
 1.1273545e-001
 1.1279497e-001
 1.1285749e-001
 1.1292069e-001
 1.1298291e-001
 1.1304343e-001
 1.1310247e-001
 1.1316116e-001
 1.1322134e-001
 1.1328508e-001
 1.1335403e-001
 1.1342863e-001
 1.1350742e-001
 1.1358672e-001
 1.1366064e-001
 1.1372188e-001
 1.1376282e-001
 1.1377697e-001
 1.1376051e-001
 1.1371333e-001
 1.1363959e-001
 1.1354740e-001
 1.1344790e-001
 1.1335349e-001
 1.1327600e-001
 1.1322466e-001
 1.1320458e-001
 1.1321593e-001
 1.1325402e-001
 1.1331022e-001
 1.1337369e-001
 1.1343350e-001
 1.1348058e-001
 1.1350933e-001
 1.1351825e-001
 1.1350965e-001
 1.1348852e-001
 1.1346085e-001
 1.1343187e-001
 1.1340470e-001
 1.1337977e-001
 1.1335506e-001
 1.1332714e-001
 1.1329257e-001
 1.1324938e-001
 1.1319818e-001
 1.1314259e-001
 1.1308890e-001
 1.1304504e-001
 1.1301911e-001
 1.1301769e-001
 1.1304452e-001
 1.1309950e-001
 1.1317866e-001
 1.1327473e-001
 1.1337849e-001
 1.1348056e-001
 1.1357306e-001
 1.1365115e-001
 1.1371374e-001
 1.1376337e-001
 1.1380536e-001
 1.1384626e-001
 1.1389214e-001
 1.1394704e-001
 1.1401185e-001
 1.1408408e-001
 1.1415822e-001
 1.1422700e-001
 1.1428295e-001
 1.1432002e-001
 1.1433510e-001
 1.1432884e-001
 1.1430585e-001
 1.1427405e-001
 1.1424336e-001
 1.1422397e-001
 1.1422448e-001
 1.1425029e-001
 1.1430261e-001
 1.1437817e-001
 1.1446974e-001
 1.1456735e-001
 1.1465985e-001
 1.1473662e-001
 1.1478911e-001
 1.1481187e-001
 1.1480315e-001
 1.1476491e-001
 1.1470231e-001
 1.1462290e-001
 1.1453561e-001
 1.1444965e-001
 1.1437368e-001
 1.1431502e-001
 1.1427911e-001
 1.1426921e-001
 1.1428621e-001
 1.1432865e-001
 1.1439291e-001
 1.1447382e-001
 1.1456522e-001
 1.1466061e-001
 1.1475349e-001
 1.1483774e-001
 1.1490788e-001
 1.1495941e-001
 1.1498938e-001
 1.1499661e-001
 1.1498199e-001
 1.1494827e-001
 1.1489969e-001
 1.1484122e-001
 1.1477787e-001
 1.1471386e-001
 1.1465206e-001
 1.1459395e-001
 1.1453985e-001
 1.1448956e-001
 1.1444278e-001
 1.1439961e-001
 1.1436085e-001
 1.1432803e-001
 1.1430328e-001
 1.1428913e-001
 1.1428801e-001
 1.1430189e-001
 1.1433185e-001
 1.1437783e-001
 1.1443850e-001
 1.1451122e-001
 1.1459228e-001
 1.1467719e-001
 1.1476120e-001
 1.1483976e-001
 1.1490903e-001
 1.1496611e-001
 1.1500929e-001
 1.1503798e-001
 1.1505265e-001
 1.1505469e-001
 1.1504611e-001
 1.1502915e-001
 1.1500569e-001
 1.1497689e-001
 1.1494284e-001
 1.1490256e-001
 1.1485437e-001
 1.1479646e-001
 1.1472773e-001
 1.1464860e-001
 1.1456150e-001
 1.1447087e-001
 1.1438255e-001
 1.1430305e-001
 1.1423847e-001
 1.1419355e-001
 1.1417110e-001
 1.1417156e-001
 1.1419306e-001
 1.1423144e-001
 1.1428095e-001
 1.1433482e-001
 1.1438625e-001
 1.1442903e-001
 1.1445832e-001
 1.1447100e-001
 1.1446584e-001
 1.1444356e-001
 1.1440658e-001
 1.1435875e-001
 1.1430499e-001
 1.1425090e-001
 1.1420228e-001
 1.1416460e-001
 1.1414253e-001
 1.1413942e-001
 1.1415686e-001
 1.1419447e-001
 1.1424972e-001
 1.1431815e-001
 1.1439375e-001
 1.1446948e-001
 1.1453800e-001
 1.1459235e-001
 1.1462657e-001
 1.1463626e-001
 1.1461880e-001
 1.1457361e-001
 1.1450207e-001
 1.1440740e-001
 1.1429438e-001
 1.1416911e-001
 1.1403860e-001
 1.1391019e-001
 1.1379124e-001
 1.1368843e-001
 1.1360727e-001
 1.1355161e-001
 1.1352334e-001
 1.1352222e-001
 1.1354597e-001
 1.1359059e-001
 1.1365083e-001
 1.1372083e-001
 1.1379468e-001
 1.1386702e-001
 1.1393341e-001
 1.1399052e-001
 1.1403622e-001
 1.1406947e-001
 1.1409009e-001
 1.1409858e-001
 1.1409589e-001
 1.1408335e-001
 1.1406264e-001
 1.1403586e-001
 1.1400573e-001
 1.1397574e-001
 1.1395025e-001
 1.1393446e-001
 1.1393417e-001
 1.1395527e-001
 1.1400305e-001
 1.1408126e-001
 1.1419130e-001
 1.1433131e-001
 1.1449584e-001
 1.1467580e-001
 1.1485896e-001
 1.1503109e-001
 1.1517747e-001
 1.1528482e-001
 1.1534296e-001
 1.1534632e-001
 1.1529480e-001
 1.1519349e-001
 1.1505152e-001
 1.1488063e-001
 1.1469340e-001
 1.1450161e-001
 1.1431503e-001
 1.1414047e-001
 1.1398153e-001
 1.1383834e-001
 1.1370791e-001
 1.1358504e-001
 1.1346337e-001
 1.1333654e-001
 1.1319945e-001
 1.1304901e-001
 1.1288468e-001
 1.1270853e-001
 1.1252489e-001
 1.1234001e-001
 1.1216136e-001
 1.1199716e-001
 1.1185566e-001
 1.1174467e-001
 1.1167114e-001
 1.1164064e-001
 1.1165693e-001
 1.1172150e-001
 1.1183333e-001
 1.1198876e-001
 1.1218168e-001
 1.1240366e-001
 1.1264458e-001
 1.1289360e-001
 1.1313990e-001
 1.1337382e-001
 1.1358780e-001
 1.1377672e-001
 1.1393847e-001
 1.1407353e-001
 1.1418455e-001
 1.1427563e-001
 1.1435128e-001
 1.1441562e-001
 1.1447155e-001
 1.1452029e-001
 1.1456112e-001
 1.1459154e-001
 1.1460769e-001
 1.1460503e-001
 1.1457909e-001
 1.1452629e-001
 1.1444461e-001
 1.1433407e-001
 1.1419687e-001
 1.1403728e-001
 1.1386116e-001
 1.1367537e-001
 1.1348700e-001
 1.1330251e-001
 1.1312728e-001
 1.1296497e-001
 1.1281746e-001
 1.1268502e-001
 1.1256658e-001
 1.1246040e-001
 1.1236478e-001
 1.1227871e-001
 1.1220249e-001
 1.1213801e-001
 1.1208890e-001
 1.1206017e-001
 1.1205765e-001
 1.1208709e-001
 1.1215322e-001
 1.1225867e-001
 1.1240320e-001
 1.1258311e-001
 1.1279114e-001
 1.1301699e-001
 1.1324797e-001
 1.1347043e-001
 1.1367098e-001
 1.1383804e-001
 1.1396305e-001
 1.1404125e-001
 1.1407211e-001
 1.1405911e-001
 1.1400915e-001
 1.1393157e-001
 1.1383698e-001
 1.1373612e-001
 1.1363876e-001
 1.1355302e-001
 1.1348475e-001
 1.1343741e-001
 1.1341197e-001
 1.1340704e-001
 1.1341904e-001
 1.1344244e-001
 1.1346988e-001
 1.1349252e-001
 1.1350037e-001
 1.1348289e-001
 1.1342973e-001
 1.1333174e-001
 1.1318206e-001
 1.1297718e-001
 1.1271796e-001
 1.1241011e-001
 1.1206421e-001
 1.1169525e-001
 1.1132137e-001
 1.1096259e-001
 1.1063890e-001
 1.1036854e-001
 1.1016670e-001
 1.1004426e-001
 1.1000747e-001
 1.1005756e-001
 1.1019108e-001
 1.1040045e-001
 1.1067489e-001
 1.1100105e-001
 1.1136384e-001
 1.1174721e-001
 1.1213471e-001
 1.1251064e-001
 1.1286023e-001
 1.1317026e-001
 1.1342971e-001
 1.1362984e-001
 1.1376475e-001
 1.1383092e-001
 1.1382733e-001
 1.1375587e-001
 1.1362127e-001
 1.1343092e-001
 1.1319416e-001
 1.1292182e-001
 1.1262513e-001
 1.1231518e-001
 1.1200207e-001
 1.1169444e-001
 1.1139949e-001
 1.1109260e-001
 1.1083521e-001
 1.1060549e-001
 1.1040638e-001
 1.1023983e-001
 1.1010602e-001
 1.1000314e-001
 1.0992762e-001
 1.0987455e-001
 1.0983847e-001
 1.0981368e-001
 1.0979462e-001
 1.0977618e-001
 1.0975415e-001
 1.0972562e-001
 1.0968945e-001
 1.0964619e-001
 1.0959806e-001
 1.0954842e-001
 1.0950141e-001
 1.0946150e-001
 1.0943316e-001
 1.0942058e-001
 1.0942719e-001
 1.0945516e-001
 1.0950489e-001
 1.0957478e-001
 1.0966143e-001
 1.0976019e-001
 1.0986557e-001
 1.0997175e-001
 1.1007296e-001
 1.1016357e-001
 1.1023866e-001
 1.1029427e-001
 1.1032782e-001
 1.1033824e-001
 1.1032584e-001
 1.1029194e-001
 1.1023843e-001
 1.1016756e-001
 1.1008167e-001
 1.0998320e-001
 1.0987464e-001
 1.0975860e-001
 1.0963784e-001
 1.0951525e-001
 1.0939388e-001
 1.0927689e-001
 1.0916746e-001
 1.0906881e-001
 1.0898400e-001
 1.0891584e-001
 1.0886653e-001
 1.0883726e-001
 1.0882791e-001
 1.0883684e-001
 1.0886107e-001
 1.0889664e-001
 1.0893899e-001
 1.0898330e-001
 1.0902474e-001
 1.0905868e-001
 1.0908098e-001
 1.0908835e-001
 1.0907862e-001
 1.0905090e-001
 1.0900542e-001
 1.0894326e-001
 1.0886598e-001
 1.0877535e-001
 1.0867320e-001
 1.0856110e-001
 1.0844020e-001
 1.0831084e-001
 1.0817236e-001
 1.0802291e-001
 1.0785955e-001
 1.0767867e-001
 1.0747608e-001
 1.0724753e-001
 1.0698891e-001
 1.0669658e-001
 1.0636816e-001
 1.0600306e-001
 1.0560344e-001
 1.0517438e-001
 1.0472343e-001
 1.0426022e-001
 1.0379553e-001
 1.0334045e-001
 1.0290629e-001
 1.0250353e-001
 1.0214155e-001
 1.0182752e-001
 1.0156554e-001
 1.0135654e-001
 1.0119841e-001
 1.0108690e-001
 1.0101645e-001
 1.0098086e-001
 1.0097373e-001
 1.0098876e-001
 1.0101992e-001
 1.0106173e-001
 1.0110947e-001
 1.0115921e-001
 1.0120774e-001
 1.0125243e-001
 1.0129096e-001
 1.0132119e-001
 1.0134117e-001
 1.0134915e-001
 1.0134383e-001
 1.0132468e-001
 1.0129210e-001
 1.0124766e-001
 1.0119388e-001
 1.0113400e-001
 1.0107175e-001
 1.0101095e-001
 1.0095542e-001
 1.0090867e-001
 1.0087348e-001
 1.0085147e-001
 1.0084269e-001
 1.0084543e-001
 1.0085639e-001
 1.0087110e-001
 1.0088442e-001
 1.0089092e-001
 1.0088527e-001
 1.0086265e-001
 1.0081936e-001
 1.0075358e-001
 1.0066604e-001
 1.0056031e-001
 1.0044256e-001
 1.0032074e-001
 1.0020400e-001
 1.0010191e-001
 1.0002395e-001
 9.9978924e-002
 9.9974059e-002
 1.0001401e-001
 1.0009988e-001
 1.0022888e-001
 1.0039468e-001
 1.0058838e-001
 1.0079949e-001
 1.0101684e-001
 1.0122927e-001
 1.0142608e-001
 1.0159796e-001
 1.0173771e-001
 1.0184114e-001
 1.0190737e-001
 1.0193846e-001
 1.0193869e-001
 1.0191368e-001
 1.0186959e-001
 1.0181280e-001
 1.0174949e-001
 1.0168535e-001
 1.0162516e-001
 1.0157252e-001
 1.0152971e-001
 1.0149782e-001
 1.0147706e-001
 1.0146709e-001
 1.0146733e-001
 1.0147712e-001
 1.0149582e-001
 1.0152289e-001
 1.0155798e-001
 1.0160097e-001
 1.0165207e-001
 1.0171168e-001
 1.0178040e-001
 1.0185897e-001
 1.0194808e-001
 1.0204835e-001
 1.0216001e-001
 1.0228252e-001
 1.0241418e-001
 1.0255153e-001
 1.0268936e-001
 1.0282069e-001
 1.0293736e-001
 1.0303050e-001
 1.0309101e-001
 1.0311010e-001
 1.0308006e-001
 1.0299540e-001
 1.0285442e-001
 1.0266048e-001
 1.0242270e-001
 1.0215516e-001
 1.0187580e-001
 1.0160470e-001
 1.0136290e-001
 1.0117107e-001
 1.0104848e-001
 1.0101078e-001
 1.0106786e-001
 1.0122167e-001
 1.0146543e-001
 1.0178443e-001
 1.0215826e-001
 1.0256280e-001
 1.0297266e-001
 1.0336253e-001
 1.0370833e-001
 1.0398989e-001
 1.0419298e-001
 1.0431144e-001
 1.0434834e-001
 1.0431486e-001
 1.0422821e-001
 1.0410924e-001
 1.0398030e-001
 1.0386382e-001
 1.0378085e-001
 1.0374910e-001
 1.0378073e-001
 1.0388034e-001
 1.0404415e-001
 1.0426089e-001
 1.0451356e-001
 1.0478201e-001
 1.0504457e-001
 1.0527960e-001
 1.0546657e-001
 1.0558810e-001
 1.0563187e-001
 1.0559240e-001
 1.0547192e-001
 1.0527947e-001
 1.0502931e-001
 1.0473860e-001
 1.0442589e-001
 1.0410983e-001
 1.0380834e-001
 1.0353689e-001
 1.0330717e-001
 1.0312586e-001
 1.0299379e-001
 1.0290663e-001
 1.0285634e-001
 1.0283254e-001
 1.0282390e-001
 1.0281900e-001
 1.0280735e-001
 1.0278043e-001
 1.0273314e-001
 1.0266508e-001
 1.0258093e-001
 1.0249001e-001
 1.0240512e-001
 1.0234100e-001
 1.0231322e-001
 1.0233708e-001
 1.0242634e-001
 1.0259144e-001
 1.0283729e-001
 1.0316099e-001
 1.0355144e-001
 1.0398995e-001
 1.0445196e-001
 1.0490989e-001
 1.0533480e-001
 1.0569761e-001
 1.0597145e-001
 1.0613360e-001
 1.0616847e-001
 1.0607012e-001
 1.0584339e-001
 1.0550270e-001
 1.0506985e-001
 1.0457065e-001
 1.0403280e-001
 1.0348470e-001
 1.0295326e-001
 1.0246273e-001
 1.0203313e-001
 1.0167789e-001
 1.0140367e-001
 1.0121088e-001
 1.0109544e-001
 1.0105038e-001
 1.0106743e-001
 1.0113769e-001
 1.0125204e-001
 1.0140117e-001
 1.0157537e-001
 1.0176464e-001
 1.0195854e-001
 1.0214627e-001
 1.0231664e-001
 1.0245847e-001
 1.0256062e-001
 1.0261232e-001
 1.0260410e-001
 1.0252885e-001
 1.0238361e-001
 1.0217091e-001
 1.0189929e-001
 1.0158306e-001
 1.0124035e-001
 1.0089178e-001
 1.0055891e-001
 1.0026342e-001
 1.0002542e-001
 9.9862151e-002
 9.9785984e-002
 9.9802427e-002
 9.9909626e-002
 1.0009889e-001
 1.0035662e-001
 1.0066627e-001
 1.0101001e-001
 1.0136951e-001
 1.0172737e-001
 1.0206790e-001
 1.0237812e-001
 1.0264928e-001
 1.0287698e-001
 1.0306070e-001
 1.0320298e-001
 1.0330811e-001
 1.0338115e-001
 1.0342746e-001
 1.0345225e-001
 1.0346022e-001
 1.0345518e-001
 1.0343979e-001
 1.0341534e-001
 1.0338198e-001
 1.0333897e-001
 1.0328499e-001
 1.0321856e-001
 1.0313806e-001
 1.0304192e-001
 1.0292872e-001
 1.0279734e-001
 1.0264693e-001
 1.0247704e-001
 1.0228767e-001
 1.0207893e-001
 1.0185113e-001
 1.0160483e-001
 1.0134061e-001
 1.0105933e-001
 1.0076275e-001
 1.0045349e-001
 1.0013574e-001
 9.9815212e-002
 9.9499360e-002
 9.9196471e-002
 9.8915480e-002
 9.8665729e-002
 9.8456182e-002
 9.8295107e-002
 9.8189294e-002
 9.8142780e-002
 9.8156087e-002
 9.8225772e-002
 9.8344788e-002
 9.8503493e-002
 9.8690696e-002
 9.8894380e-002
 9.9102534e-002
 9.9303603e-002
 9.9486887e-002
 9.9643618e-002
 9.9767387e-002
 9.9854328e-002
 9.9903092e-002
 9.9914029e-002
 9.9888578e-002
 9.9828690e-002
 9.9736542e-002
 9.9614389e-002
 9.9464655e-002
 9.9289827e-002
 9.9092506e-002
 9.8875649e-002
 9.8642215e-002
 9.8395348e-002
 9.8138191e-002
 9.7874127e-002
 9.7606398e-002
 9.7338319e-002
 9.7073548e-002
 9.6815802e-002
 9.6569128e-002
 9.6338131e-002
 9.6127555e-002
 9.5942467e-002
 9.5788002e-002
 9.5669389e-002
 9.5591456e-002
 9.5558293e-002
 9.5572457e-002
 9.5633850e-002
 9.5738843e-002
 9.5879830e-002
 9.6045703e-002
 9.6222773e-002
 9.6395701e-002
 9.6548684e-002
 9.6666098e-002
 9.6733660e-002
 9.6739821e-002
 9.6677803e-002
 9.6547134e-002
 9.6354529e-002
 9.6112981e-002
 9.5840149e-002
 9.5556647e-002
 9.5284082e-002
 9.5043994e-002
 9.4856367e-002
 9.4737902e-002
 9.4699435e-002
 9.4744071e-002
 9.4866253e-002
 9.5052652e-002
 9.5284283e-002
 9.5538579e-002
 9.5791698e-002
 9.6019886e-002
 9.6200928e-002
 9.6316628e-002
 9.6355237e-002
 9.6313789e-002
 9.6199133e-002
 9.6026912e-002
 9.5819198e-002
 9.5602058e-002
 9.5403031e-002
 9.5249526e-002
 9.5167011e-002
 9.5176235e-002
 9.5290229e-002
 9.5511571e-002
 9.5830999e-002
 9.6228883e-002
 9.6677907e-002
 9.7145833e-002
 9.7598776e-002
 9.8002888e-002
 9.8326162e-002
 9.8541766e-002
 9.8630980e-002
 9.8586179e-002
 9.8412178e-002
 9.8124899e-002
 9.7748376e-002
 9.7311832e-002
 9.6846431e-002
 9.6383624e-002
 9.5953867e-002
 9.5584013e-002
 9.5295385e-002
 9.5101960e-002
 9.5009103e-002
 9.5014706e-002
 9.5111102e-002
 9.5287181e-002
 9.5530234e-002
 9.5826909e-002
 9.6163325e-002
 9.6525528e-002
 9.6899234e-002
 9.7269401e-002
 9.7620741e-002
 9.7937472e-002
 9.8203257e-002
 9.8401822e-002
 9.8517016e-002
 9.8533370e-002
 9.8437384e-002
 9.8219573e-002
 9.7876929e-002
 9.7415708e-002
 9.6851856e-002
 9.6210204e-002
 9.5522650e-002
 9.4824523e-002
 9.4152883e-002
 9.3544327e-002
 9.3033336e-002
 9.2648298e-002
 9.2408270e-002
 9.2319585e-002
 9.2374183e-002
 9.2551291e-002
 9.2820518e-002
 9.3145989e-002
 9.3489431e-002
 9.3812294e-002
 9.4078623e-002
 9.4257802e-002
 9.4328366e-002
 9.4281271e-002
 9.4121292e-002
 9.3865551e-002
 9.3540542e-002
 9.3178004e-002
 9.2812091e-002
 9.2477418e-002
 9.2206500e-002
 9.2027605e-002
 9.1961600e-002
 9.2019364e-002
 9.2200592e-002
 9.2495091e-002
 9.2885025e-002
 9.3348354e-002
 9.3861058e-002
 9.4398282e-002
 9.4936252e-002
 9.5453098e-002
 9.5930487e-002
 9.6354425e-002
 9.6716456e-002
 9.7012728e-002
 9.7242676e-002
 9.7408012e-002
 9.7511441e-002
 9.7556107e-002
 9.7545557e-002
 9.7483747e-002
 9.7375385e-002
 9.7226076e-002
 9.7042494e-002
 9.6832171e-002
 9.6603490e-002
 9.6365072e-002
 9.6125640e-002
 9.5893949e-002
 9.5678009e-002
 9.5484667e-002
 9.5318951e-002
 9.5183104e-002
 9.5076479e-002
 9.4995767e-002
 9.4935730e-002
 9.4889872e-002
 9.4851203e-002
 9.4812840e-002
 9.4768576e-002
 9.4713837e-002
 9.4646871e-002
 9.4569705e-002
 9.4488546e-002
 9.4413295e-002
 9.4356351e-002
 9.4331495e-002
 9.4352953e-002
 9.4434433e-002
 9.4588079e-002
 9.4823033e-002
 9.5143437e-002
 9.5547222e-002
 9.6025273e-002
 9.6561499e-002
 9.7134985e-002
 9.7721547e-002
 9.8295704e-002
 9.8831356e-002
 9.9303201e-002
 9.9686623e-002
 9.9957615e-002
 1.0009304e-001
 1.0006978e-001
 9.9903047e-002
 9.9626251e-002
 9.9260882e-002
 9.8828517e-002
 9.8350577e-002
 9.7848855e-002
 9.7344756e-002
 9.6859850e-002
 9.6415691e-002
 9.6031949e-002
 9.5711976e-002
 9.5449805e-002
 9.5239453e-002
 9.5074907e-002
 9.4950259e-002
 9.4859511e-002
 9.4796643e-002
 9.4755717e-002
 9.4730742e-002
 9.4715752e-002
 9.4704747e-002
 9.4691761e-002
 9.4670810e-002
 9.4636440e-002
 9.4587795e-002
 9.4526537e-002
 9.4454288e-002
 9.4372787e-002
 9.4283663e-002
 9.4188601e-002
 9.4089247e-002
 9.3987294e-002
 9.3884416e-002
 9.3782276e-002
 9.3682513e-002
 9.3586847e-002
 9.3496919e-002
 9.3414411e-002
 9.3340985e-002
 9.3278296e-002
 9.3228035e-002
 9.3191691e-002
 9.3169026e-002
 9.3158923e-002
 9.3160301e-002
 9.3172006e-002
 9.3192950e-002
 9.3222015e-002
 9.3258083e-002
 9.3300037e-002
 9.3346745e-002
 9.3397111e-002
 9.3450040e-002
 9.3504377e-002
 9.3559027e-002
 9.3612857e-002
 9.3664795e-002
 9.3713671e-002
 9.3758404e-002
 9.3797863e-002
 9.3830958e-002
 9.3856543e-002
 9.3873523e-002
 9.3880892e-002
 9.3878560e-002
 9.3866982e-002
 9.3846582e-002
 9.3817748e-002
 9.3780950e-002
 9.3736574e-002
 9.3685068e-002
 9.3626849e-002
 9.3562342e-002
 9.3491949e-002
 9.3416132e-002
 9.3335301e-002
 9.3249872e-002
 9.3160257e-002
 9.3066923e-002
 9.2970259e-002
 9.2870705e-002
 9.2768677e-002
 9.2664555e-002
 9.2558861e-002
 9.2451952e-002
 9.2344269e-002
 9.2236206e-002
 9.2128247e-002
 9.2020772e-002
 9.1914199e-002
 9.1808729e-002
 9.1704555e-002
 9.1601789e-002
 9.1500588e-002
 9.1401070e-002
 9.1303378e-002
 9.1207676e-002
 9.1114111e-002
 9.1022797e-002
 9.0933889e-002
 9.0847537e-002
 9.0763882e-002
 9.0683050e-002
 9.0605184e-002
 9.0530455e-002
 9.0458989e-002
 9.0390913e-002
 9.0326369e-002
 9.0265535e-002
 9.0208530e-002
 9.0155490e-002
 9.0106562e-002
 9.0061888e-002
 9.0021618e-002
 8.9985885e-002
 8.9954831e-002
 8.9928597e-002
 8.9907348e-002
 8.9891188e-002
 8.9880265e-002
 8.9874484e-002
 8.9873679e-002
 8.9877680e-002
