s07_ASD Record=12310: Actinolite-Hornfels BR93-5a   BECKc AREF
 3.9590318e-002
 3.9857931e-002
 4.0166192e-002
 4.0510654e-002
 4.0882513e-002
 4.1272301e-002
 4.1673165e-002
 4.2081315e-002
 4.2494755e-002
 4.2911217e-002
 4.3326959e-002
 4.3736398e-002
 4.4132624e-002
 4.4508040e-002
 4.4856243e-002
 4.5174703e-002
 4.5466490e-002
 4.5739833e-002
 4.6006761e-002
 4.6281546e-002
 4.6578791e-002
 4.6910774e-002
 4.7284536e-002
 4.7699671e-002
 4.8147809e-002
 4.8612956e-002
 4.9074311e-002
 4.9513560e-002
 4.9922444e-002
 5.0303999e-002
 5.0668661e-002
 5.1028650e-002
 5.1394183e-002
 5.1773027e-002
 5.2169885e-002
 5.2585643e-002
 5.3019088e-002
 5.3468268e-002
 5.3930126e-002
 5.4399125e-002
 5.4866482e-002
 5.5320825e-002
 5.5750642e-002
 5.6147765e-002
 5.6510005e-002
 5.6842022e-002
 5.7153735e-002
 5.7457108e-002
 5.7762071e-002
 5.8073182e-002
 5.8388323e-002
 5.8700606e-002
 5.9002962e-002
 5.9292864e-002
 5.9574205e-002
 5.9855130e-002
 6.0143705e-002
 6.0443319e-002
 6.0752660e-002
 6.1068077e-002
 6.1385363e-002
 6.1706305e-002
 6.2035743e-002
 6.2382039e-002
 6.2762655e-002
 6.3190661e-002
 6.3663214e-002
 6.4164966e-002
 6.4673245e-002
 6.5162443e-002
 6.5614700e-002
 6.6029325e-002
 6.6423237e-002
 6.6823885e-002
 6.7259759e-002
 6.7752734e-002
 6.8313628e-002
 6.8941541e-002
 6.9625624e-002
 7.0348464e-002
 7.1091026e-002
 7.1837522e-002
 7.2578989e-002
 7.3312394e-002
 7.4036092e-002
 7.4743524e-002
 7.5419575e-002
 7.6042525e-002
 7.6590426e-002
 7.7049516e-002
 7.7420302e-002
 7.7719651e-002
 7.7977970e-002
 7.8232497e-002
 7.8518726e-002
 7.8862056e-002
 7.9271778e-002
 7.9740889e-002
 8.0254123e-002
 8.0799736e-002
 8.1376173e-002
 8.1989489e-002
 8.2645178e-002
 8.3341174e-002
 8.4064029e-002
 8.4789313e-002
 8.5484713e-002
 8.6115077e-002
 8.6651154e-002
 8.7081917e-002
 8.7422222e-002
 8.7707743e-002
 8.7980106e-002
 8.8273391e-002
 8.8609956e-002
 8.9000471e-002
 8.9440808e-002
 8.9909159e-002
 9.0373270e-002
 9.0807542e-002
 9.1205455e-002
 9.1576539e-002
 9.1933541e-002
 9.2284523e-002
 9.2637323e-002
 9.3009308e-002
 9.3430124e-002
 9.3929149e-002
 9.4514184e-002
 9.5158100e-002
 9.5807828e-002
 9.6412018e-002
 9.6947134e-002
 9.7424395e-002
 9.7874597e-002
 9.8323166e-002
 9.8771527e-002
 9.9197149e-002
 9.9572115e-002
 9.9886037e-002
 1.0015401e-001
 1.0040335e-001
 1.0065586e-001
 1.0092670e-001
 1.0123719e-001
 1.0161495e-001
 1.0206974e-001
 1.0257453e-001
 1.0308523e-001
 1.0358337e-001
 1.0409185e-001
 1.0464688e-001
 1.0525968e-001
 1.0590421e-001
 1.0653222e-001
 1.0709944e-001
 1.0758892e-001
 1.0802209e-001
 1.0844931e-001
 1.0892588e-001
 1.0948549e-001
 1.1011822e-001
 1.1076272e-001
 1.1133375e-001
 1.1178514e-001
 1.1215468e-001
 1.1253435e-001
 1.1298520e-001
 1.1347983e-001
 1.1392314e-001
 1.1422141e-001
 1.1434147e-001
 1.1433014e-001
 1.1429438e-001
 1.1434965e-001
 1.1455247e-001
 1.1485769e-001
 1.1514773e-001
 1.1532752e-001
 1.1540084e-001
 1.1545344e-001
 1.1557403e-001
 1.1580197e-001
 1.1612418e-001
 1.1648030e-001
 1.1677553e-001
 1.1693738e-001
 1.1698768e-001
 1.1703760e-001
 1.1718109e-001
 1.1738959e-001
 1.1753446e-001
 1.1752959e-001
 1.1743375e-001
 1.1739033e-001
 1.1748958e-001
 1.1772148e-001
 1.1802340e-001
 1.1830726e-001
 1.1846377e-001
 1.1842784e-001
 1.1825739e-001
 1.1809316e-001
 1.1802822e-001
 1.1805228e-001
 1.1811329e-001
 1.1818092e-001
 1.1824390e-001
 1.1829054e-001
 1.1831506e-001
 1.1832651e-001
 1.1833669e-001
 1.1834062e-001
 1.1830992e-001
 1.1820618e-001
 1.1801542e-001
 1.1778444e-001
 1.1760803e-001
 1.1754715e-001
 1.1755425e-001
 1.1750109e-001
 1.1728690e-001
 1.1691274e-001
 1.1646508e-001
 1.1604853e-001
 1.1572632e-001
 1.1549460e-001
 1.1529838e-001
 1.1508182e-001
 1.1483833e-001
 1.1461767e-001
 1.1448254e-001
 1.1445168e-001
 1.1447987e-001
 1.1449289e-001
 1.1444037e-001
 1.1431441e-001
 1.1412973e-001
 1.1390389e-001
 1.1366243e-001
 1.1345265e-001
 1.1333273e-001
 1.1332941e-001
 1.1340713e-001
 1.1349164e-001
 1.1352226e-001
 1.1347597e-001
 1.1336493e-001
 1.1323976e-001
 1.1316893e-001
 1.1316940e-001
 1.1318144e-001
 1.1314550e-001
 1.1306824e-001
 1.1299505e-001
 1.1296056e-001
 1.1297374e-001
 1.1300263e-001
 1.1299487e-001
 1.1293306e-001
 1.1281072e-001
 1.1260055e-001
 1.1235246e-001
 1.1222793e-001
 1.1229824e-001
 1.1240465e-001
 1.1237107e-001
 1.1225557e-001
 1.1220516e-001
 1.1219087e-001
 1.1210282e-001
 1.1194590e-001
 1.1175159e-001
 1.1147372e-001
 1.1112740e-001
 1.1086546e-001
 1.1075965e-001
 1.1066201e-001
 1.1042991e-001
 1.1010487e-001
 1.0978773e-001
 1.0955245e-001
 1.0945588e-001
 1.0942961e-001
 1.0928470e-001
 1.0899730e-001
 1.0879081e-001
 1.0881707e-001
 1.0892937e-001
 1.0887701e-001
 1.0859576e-001
 1.0824080e-001
 1.0800176e-001
 1.0792347e-001
 1.0789857e-001
 1.0781009e-001
 1.0764185e-001
 1.0745406e-001
 1.0729973e-001
 1.0717858e-001
 1.0704701e-001
 1.0686681e-001
 1.0666508e-001
 1.0654416e-001
 1.0658079e-001
 1.0669790e-001
 1.0671576e-001
 1.0656466e-001
 1.0635363e-001
 1.0619850e-001
 1.0609082e-001
 1.0597028e-001
 1.0582699e-001
 1.0569006e-001
 1.0557656e-001
 1.0548247e-001
 1.0539110e-001
 1.0527255e-001
 1.0509645e-001
 1.0487128e-001
 1.0466921e-001
 1.0458703e-001
 1.0468043e-001
 1.0493506e-001
 1.0526863e-001
 1.0554539e-001
 1.0562675e-001
 1.0546225e-001
 1.0514855e-001
 1.0487297e-001
 1.0477201e-001
 1.0483328e-001
 1.0493011e-001
 1.0494402e-001
 1.0485379e-001
 1.0472156e-001
 1.0461380e-001
 1.0454436e-001
 1.0448614e-001
 1.0442709e-001
 1.0440715e-001
 1.0449196e-001
 1.0470098e-001
 1.0496225e-001
 1.0515486e-001
 1.0521778e-001
 1.0521761e-001
 1.0528088e-001
 1.0543642e-001
 1.0553093e-001
 1.0534641e-001
 1.0485821e-001
 1.0436412e-001
 1.0420346e-001
 1.0426227e-001
 1.0426062e-001
 1.0420060e-001
 1.0427801e-001
 1.0457806e-001
 1.0493956e-001
 1.0508855e-001
 1.0494755e-001
 1.0476000e-001
 1.0478029e-001
 1.0497002e-001
 1.0512535e-001
 1.0515355e-001
 1.0513517e-001
 1.0519825e-001
 1.0535122e-001
 1.0545256e-001
 1.0539964e-001
 1.0527477e-001
 1.0522381e-001
 1.0528613e-001
 1.0541261e-001
 1.0555657e-001
 1.0568640e-001
 1.0577488e-001
 1.0583741e-001
 1.0594618e-001
 1.0615166e-001
 1.0640860e-001
 1.0661069e-001
 1.0669083e-001
 1.0670082e-001
 1.0679077e-001
 1.0706361e-001
 1.0745060e-001
 1.0775275e-001
 1.0781266e-001
 1.0769302e-001
 1.0764092e-001
 1.0777379e-001
 1.0792325e-001
 1.0793934e-001
 1.0795826e-001
 1.0814993e-001
 1.0850264e-001
 1.0880142e-001
 1.0891401e-001
 1.0898612e-001
 1.0916748e-001
 1.0946638e-001
 1.0983922e-001
 1.1022365e-001
 1.1054324e-001
 1.1073861e-001
 1.1082188e-001
 1.1087691e-001
 1.1099450e-001
 1.1121859e-001
 1.1154373e-001
 1.1193777e-001
 1.1234004e-001
 1.1266743e-001
 1.1285866e-001
 1.1293542e-001
 1.1299752e-001
 1.1314308e-001
 1.1339273e-001
 1.1368893e-001
 1.1396550e-001
 1.1421449e-001
 1.1448137e-001
 1.1480633e-001
 1.1518328e-001
 1.1555197e-001
 1.1582372e-001
 1.1593720e-001
 1.1599496e-001
 1.1604967e-001
 1.1616886e-001
 1.1636562e-001
 1.1663106e-001
 1.1695635e-001
 1.1732951e-001
 1.1771889e-001
 1.1808486e-001
 1.1838784e-001
 1.1859509e-001
 1.1871994e-001
 1.1879431e-001
 1.1885017e-001
 1.1891755e-001
 1.1901382e-001
 1.1915117e-001
 1.1934184e-001
 1.1959337e-001
 1.1988269e-001
 1.2022063e-001
 1.2047001e-001
 1.2064569e-001
 1.2074410e-001
 1.2079226e-001
 1.2081854e-001
 1.2085132e-001
 1.2091821e-001
 1.2102971e-001
 1.2117934e-001
 1.2135994e-001
 1.2156425e-001
 1.2178484e-001
 1.2200746e-001
 1.2221134e-001
 1.2237538e-001
 1.2247853e-001
 1.2250080e-001
 1.2244707e-001
 1.2234662e-001
 1.2222968e-001
 1.2212655e-001
 1.2206749e-001
 1.2207461e-001
 1.2213855e-001
 1.2224226e-001
 1.2236868e-001
 1.2250081e-001
 1.2262156e-001
 1.2271690e-001
 1.2278420e-001
 1.2282356e-001
 1.2283514e-001
 1.2281904e-001
 1.2277542e-001
 1.2270438e-001
 1.2260760e-001
 1.2249267e-001
 1.2236851e-001
 1.2224413e-001
 1.2212849e-001
 1.2203056e-001
 1.2195929e-001
 1.2192369e-001
 1.2192980e-001
 1.2197297e-001
 1.2204589e-001
 1.2214129e-001
 1.2225194e-001
 1.2237053e-001
 1.2248980e-001
 1.2260252e-001
 1.2270233e-001
 1.2278650e-001
 1.2285306e-001
 1.2290006e-001
 1.2292557e-001
 1.2292764e-001
 1.2290435e-001
 1.2285373e-001
 1.2277507e-001
 1.2267209e-001
 1.2254961e-001
 1.2241240e-001
 1.2226522e-001
 1.2211289e-001
 1.2196015e-001
 1.2181182e-001
 1.2167267e-001
 1.2154750e-001
 1.2144104e-001
 1.2135813e-001
 1.2130193e-001
 1.2126989e-001
 1.2125808e-001
 1.2126263e-001
 1.2127964e-001
 1.2130526e-001
 1.2133554e-001
 1.2136663e-001
 1.2139463e-001
 1.2141566e-001
 1.2142581e-001
 1.2142120e-001
 1.2139931e-001
 1.2136234e-001
 1.2131366e-001
 1.2125657e-001
 1.2119439e-001
 1.2113046e-001
 1.2106809e-001
 1.2101061e-001
 1.2096133e-001
 1.2092359e-001
 1.2090070e-001
 1.2089425e-001
 1.2089977e-001
 1.2091147e-001
 1.2092351e-001
 1.2093011e-001
 1.2092544e-001
 1.2090369e-001
 1.2085908e-001
 1.2078578e-001
 1.2067798e-001
 1.2053256e-001
 1.2035563e-001
 1.2015533e-001
 1.1993983e-001
 1.1971718e-001
 1.1949564e-001
 1.1928322e-001
 1.1908816e-001
 1.1891852e-001
 1.1878251e-001
 1.1868639e-001
 1.1863037e-001
 1.1861330e-001
 1.1863407e-001
 1.1869149e-001
 1.1878445e-001
 1.1891178e-001
 1.1907240e-001
 1.1926509e-001
 1.1948878e-001
 1.1974106e-001
 1.2001559e-001
 1.2030502e-001
 1.2060218e-001
 1.2089972e-001
 1.2119045e-001
 1.2146703e-001
 1.2172228e-001
 1.2194885e-001
 1.2214193e-001
 1.2230473e-001
 1.2244207e-001
 1.2255884e-001
 1.2265986e-001
 1.2275004e-001
 1.2283421e-001
 1.2291722e-001
 1.2300172e-001
 1.2308294e-001
 1.2315465e-001
 1.2321061e-001
 1.2324452e-001
 1.2325016e-001
 1.2322127e-001
 1.2315160e-001
 1.2303995e-001
 1.2290169e-001
 1.2275555e-001
 1.2262025e-001
 1.2251448e-001
 1.2245701e-001
 1.2246654e-001
 1.2256178e-001
 1.2275254e-001
 1.2301969e-001
 1.2333843e-001
 1.2365995e-001
 1.2399867e-001
 1.2431075e-001
 1.2457813e-001
 1.2479565e-001
 1.2496875e-001
 1.2510982e-001
 1.2523456e-001
 1.2535915e-001
 1.2549728e-001
 1.2565540e-001
 1.2583011e-001
 1.2601079e-001
 1.2618403e-001
 1.2633689e-001
 1.2645994e-001
 1.2655059e-001
 1.2661406e-001
 1.2666148e-001
 1.2670654e-001
 1.2676232e-001
 1.2683766e-001
 1.2693372e-001
 1.2704271e-001
 1.2714987e-001
 1.2723736e-001
 1.2728840e-001
 1.2729158e-001
 1.2724483e-001
 1.2715662e-001
 1.2704375e-001
 1.2692735e-001
 1.2682875e-001
 1.2676586e-001
 1.2675053e-001
 1.2678772e-001
 1.2687649e-001
 1.2701191e-001
 1.2718600e-001
 1.2738779e-001
 1.2754859e-001
 1.2765519e-001
 1.2774637e-001
 1.2781540e-001
 1.2785791e-001
 1.2787257e-001
 1.2786137e-001
 1.2782954e-001
 1.2778535e-001
 1.2773934e-001
 1.2770315e-001
 1.2768809e-001
 1.2770365e-001
 1.2775601e-001
 1.2784748e-001
 1.2797642e-001
 1.2813772e-001
 1.2832379e-001
 1.2852539e-001
 1.2873307e-001
 1.2893829e-001
 1.2913416e-001
 1.2931624e-001
 1.2948239e-001
 1.2963277e-001
 1.2976953e-001
 1.2989639e-001
 1.3001794e-001
 1.3013874e-001
 1.3026245e-001
 1.3039117e-001
 1.3052516e-001
 1.3066313e-001
 1.3080259e-001
 1.3094056e-001
 1.3107416e-001
 1.3120115e-001
 1.3132028e-001
 1.3143149e-001
 1.3153571e-001
 1.3163476e-001
 1.3173077e-001
 1.3182580e-001
 1.3192166e-001
 1.3201950e-001
 1.3211998e-001
 1.3222331e-001
 1.3232952e-001
 1.3243878e-001
 1.3255158e-001
 1.3266887e-001
 1.3279200e-001
 1.3292253e-001
 1.3306203e-001
 1.3321175e-001
 1.3337232e-001
 1.3354366e-001
 1.3372482e-001
 1.3391417e-001
 1.3410935e-001
 1.3430768e-001
 1.3450624e-001
 1.3470209e-001
 1.3489257e-001
 1.3507529e-001
 1.3524823e-001
 1.3541001e-001
 1.3555972e-001
 1.3569723e-001
 1.3582325e-001
 1.3593946e-001
 1.3604863e-001
 1.3615449e-001
 1.3626158e-001
 1.3637480e-001
 1.3649879e-001
 1.3663749e-001
 1.3679333e-001
 1.3696714e-001
 1.3715795e-001
 1.3736330e-001
 1.3757996e-001
 1.3780443e-001
 1.3803382e-001
 1.3826615e-001
 1.3850056e-001
 1.3873722e-001
 1.3897678e-001
 1.3921979e-001
 1.3946638e-001
 1.3971566e-001
 1.3996601e-001
 1.4021513e-001
 1.4046052e-001
 1.4070024e-001
 1.4093314e-001
 1.4115946e-001
 1.4138067e-001
 1.4159934e-001
 1.4181878e-001
 1.4204216e-001
 1.4227217e-001
 1.4251034e-001
 1.4275680e-001
 1.4301056e-001
 1.4326952e-001
 1.4353137e-001
 1.4379381e-001
 1.4405514e-001
 1.4431450e-001
 1.4457141e-001
 1.4482576e-001
 1.4507706e-001
 1.4532433e-001
 1.4556602e-001
 1.4580028e-001
 1.4602552e-001
 1.4624131e-001
 1.4644855e-001
 1.4665000e-001
 1.4684968e-001
 1.4705226e-001
 1.4726217e-001
 1.4748238e-001
 1.4771394e-001
 1.4795560e-001
 1.4820413e-001
 1.4845525e-001
 1.4870422e-001
 1.4894708e-001
 1.4918101e-001
 1.4940481e-001
 1.4961891e-001
 1.4982493e-001
 1.5002556e-001
 1.5022407e-001
 1.5042411e-001
 1.5062962e-001
 1.5084456e-001
 1.5107261e-001
 1.5131693e-001
 1.5157948e-001
 1.5186080e-001
 1.5215948e-001
 1.5247232e-001
 1.5279470e-001
 1.5312110e-001
 1.5344605e-001
 1.5376474e-001
 1.5407372e-001
 1.5437117e-001
 1.5465662e-001
 1.5493071e-001
 1.5519452e-001
 1.5544917e-001
 1.5569557e-001
 1.5593429e-001
 1.5616588e-001
 1.5639105e-001
 1.5661104e-001
 1.5682785e-001
 1.5704405e-001
 1.5726279e-001
 1.5748714e-001
 1.5771993e-001
 1.5796332e-001
 1.5821858e-001
 1.5848607e-001
 1.5876548e-001
 1.5905593e-001
 1.5935647e-001
 1.5966623e-001
 1.5998457e-001
 1.6031143e-001
 1.6064686e-001
 1.6099121e-001
 1.6134465e-001
 1.6170700e-001
 1.6207786e-001
 1.6245614e-001
 1.6284068e-001
 1.6322997e-001
 1.6362257e-001
 1.6401729e-001
 1.6441284e-001
 1.6480815e-001
 1.6520172e-001
 1.6559163e-001
 1.6597554e-001
 1.6635063e-001
 1.6671404e-001
 1.6706344e-001
 1.6739731e-001
 1.6771550e-001
 1.6801918e-001
 1.6831063e-001
 1.6859302e-001
 1.6886951e-001
 1.6914314e-001
 1.6941634e-001
 1.6969113e-001
 1.6996957e-001
 1.7025393e-001
 1.7054722e-001
 1.7085293e-001
 1.7117473e-001
 1.7151588e-001
 1.7187794e-001
 1.7226052e-001
 1.7266059e-001
 1.7307284e-001
 1.7349075e-001
 1.7390738e-001
 1.7431693e-001
 1.7471591e-001
 1.7510346e-001
 1.7548159e-001
 1.7585431e-001
 1.7622657e-001
 1.7660315e-001
 1.7698725e-001
 1.7737995e-001
 1.7777988e-001
 1.7818365e-001
 1.7858697e-001
 1.7898558e-001
 1.7937674e-001
 1.7975995e-001
 1.8013734e-001
 1.8051350e-001
 1.8089414e-001
 1.8128513e-001
 1.8169065e-001
 1.8211226e-001
 1.8254864e-001
 1.8299548e-001
 1.8344697e-001
 1.8389679e-001
 1.8433969e-001
 1.8477248e-001
 1.8519409e-001
 1.8560536e-001
 1.8600824e-001
 1.8640444e-001
 1.8679507e-001
 1.8717998e-001
 1.8755823e-001
 1.8792880e-001
 1.8829121e-001
 1.8864653e-001
 1.8899725e-001
 1.8934719e-001
 1.8970089e-001
 1.9006239e-001
 1.9043477e-001
 1.9081922e-001
 1.9121514e-001
 1.9162051e-001
 1.9203217e-001
 1.9244692e-001
 1.9286172e-001
 1.9327429e-001
 1.9368343e-001
 1.9408871e-001
 1.9449058e-001
 1.9489031e-001
 1.9528954e-001
 1.9569068e-001
 1.9609633e-001
 1.9650921e-001
 1.9693202e-001
 1.9736668e-001
 1.9781436e-001
 1.9827485e-001
 1.9874661e-001
 1.9922720e-001
 1.9971320e-001
 2.0020120e-001
 2.0068789e-001
 2.0117056e-001
 2.0164753e-001
 2.0211755e-001
 2.0258017e-001
 2.0303513e-001
 2.0348242e-001
 2.0392245e-001
 2.0435584e-001
 2.0478401e-001
 2.0520894e-001
 2.0563327e-001
 2.0605998e-001
 2.0649168e-001
 2.0693012e-001
 2.0737576e-001
 2.0782731e-001
 2.0828216e-001
 2.0873654e-001
 2.0918646e-001
 2.0962864e-001
 2.1006082e-001
 2.1048263e-001
 2.1089531e-001
 2.1130155e-001
 2.1170519e-001
 2.1211034e-001
 2.1252112e-001
 2.1294101e-001
 2.1337257e-001
 2.1381748e-001
 2.1427597e-001
 2.1474719e-001
 2.1522878e-001
 2.1571711e-001
 2.1620768e-001
 2.1669525e-001
 2.1717459e-001
 2.1764144e-001
 2.1809283e-001
 2.1852803e-001
 2.1894847e-001
 2.1935758e-001
 2.1976046e-001
 2.2016262e-001
 2.2056939e-001
 2.2098468e-001
 2.2141056e-001
 2.2184706e-001
 2.2229193e-001
 2.2274160e-001
 2.2319140e-001
 2.2363642e-001
 2.2407244e-001
 2.2449604e-001
 2.2490530e-001
 2.2529957e-001
 2.2567950e-001
 2.2604696e-001
 2.2640449e-001
 2.2675514e-001
 2.2710243e-001
 2.2744995e-001
 2.2780156e-001
 2.2816105e-001
 2.2853205e-001
 2.2891797e-001
 2.2932133e-001
 2.2974364e-001
 2.3018481e-001
 2.3064294e-001
 2.3111466e-001
 2.3159483e-001
 2.3207764e-001
 2.3255686e-001
 2.3302665e-001
 2.3348232e-001
 2.3392038e-001
 2.3433904e-001
 2.3473771e-001
 2.3511687e-001
 2.3547779e-001
 2.3582183e-001
 2.3615040e-001
 2.3646450e-001
 2.3676457e-001
 2.3705064e-001
 2.3732208e-001
 2.3757783e-001
 2.3781669e-001
 2.3803744e-001
 2.3823935e-001
 2.3842248e-001
 2.3858802e-001
 2.3873839e-001
 2.3887675e-001
 2.3900639e-001
 2.3912920e-001
 2.3924403e-001
 2.3934463e-001
 2.3941784e-001
 2.3944236e-001
 2.3938864e-001
 2.3922025e-001
 2.3889701e-001
 2.3838015e-001
 2.3763819e-001
 2.3665422e-001
 2.3543197e-001
 2.3399952e-001
 2.3241127e-001
 2.3074496e-001
 2.2909440e-001
 2.2756130e-001
 2.2624263e-001
 2.2522108e-001
 2.2455567e-001
 2.2427648e-001
 2.2438420e-001
 2.2485286e-001
 2.2563599e-001
 2.2667442e-001
 2.2790492e-001
 2.2926643e-001
 2.3070648e-001
 2.3218304e-001
 2.3366565e-001
 2.3513485e-001
 2.3657869e-001
 2.3799108e-001
 2.3936796e-001
 2.4070568e-001
 2.4200024e-001
 2.4324585e-001
 2.4443673e-001
 2.4556690e-001
 2.4663183e-001
 2.4762949e-001
 2.4856019e-001
 2.4942675e-001
 2.5023437e-001
 2.5098902e-001
 2.5169742e-001
 2.5236544e-001
 2.5299802e-001
 2.5359911e-001
 2.5417134e-001
 2.5471717e-001
 2.5523889e-001
 2.5573957e-001
 2.5622362e-001
 2.5669640e-001
 2.5716463e-001
 2.5763524e-001
 2.5811484e-001
 2.5860909e-001
 2.5912142e-001
 2.5965315e-001
 2.6020297e-001
 2.6076740e-001
 2.6134163e-001
 2.6191998e-001
 2.6249695e-001
 2.6306829e-001
 2.6363096e-001
 2.6418391e-001
 2.6472738e-001
 2.6526254e-001
 2.6579103e-001
 2.6631358e-001
 2.6683006e-001
 2.6733857e-001
 2.6783580e-001
 2.6831773e-001
 2.6877990e-001
 2.6921886e-001
 2.6963273e-001
 2.7002183e-001
 2.7038923e-001
 2.7073997e-001
 2.7108085e-001
 2.7141896e-001
 2.7176076e-001
 2.7211097e-001
 2.7247170e-001
 2.7284238e-001
 2.7322021e-001
 2.7360100e-001
 2.7398056e-001
 2.7435577e-001
 2.7472571e-001
 2.7509204e-001
 2.7545840e-001
 2.7582985e-001
 2.7621141e-001
 2.7660683e-001
 2.7701795e-001
 2.7744418e-001
 2.7788317e-001
 2.7833131e-001
 2.7878484e-001
 2.7924094e-001
 2.7969781e-001
 2.8015500e-001
 2.8061256e-001
 2.8107062e-001
 2.8152883e-001
 2.8198555e-001
 2.8243843e-001
 2.8288421e-001
 2.8331983e-001
 2.8374302e-001
 2.8415295e-001
 2.8455046e-001
 2.8493828e-001
 2.8532031e-001
 2.8570122e-001
 2.8608525e-001
 2.8647560e-001
 2.8687400e-001
 2.8728002e-001
 2.8769162e-001
 2.8810531e-001
 2.8851703e-001
 2.8892311e-001
 2.8932065e-001
 2.8970844e-001
 2.9008663e-001
 2.9045671e-001
 2.9082108e-001
 2.9118210e-001
 2.9154181e-001
 2.9190126e-001
 2.9226044e-001
 2.9261866e-001
 2.9297474e-001
 2.9332763e-001
 2.9367715e-001
 2.9402414e-001
 2.9437086e-001
 2.9472059e-001
 2.9507715e-001
 2.9544401e-001
 2.9582340e-001
 2.9621589e-001
 2.9661992e-001
 2.9703173e-001
 2.9744563e-001
 2.9785374e-001
 2.9824725e-001
 2.9861701e-001
 2.9895499e-001
 2.9925588e-001
 2.9951772e-001
 2.9974282e-001
 2.9993764e-001
 3.0011237e-001
 3.0027980e-001
 3.0045357e-001
 3.0064699e-001
 3.0087155e-001
 3.0113623e-001
 3.0144697e-001
 3.0180618e-001
 3.0221245e-001
 3.0266055e-001
 3.0314150e-001
 3.0364349e-001
 3.0415246e-001
 3.0465353e-001
 3.0513266e-001
 3.0557778e-001
 3.0598068e-001
 3.0633768e-001
 3.0665037e-001
 3.0692533e-001
 3.0717257e-001
 3.0740419e-001
 3.0763254e-001
 3.0786860e-001
 3.0812129e-001
 3.0839634e-001
 3.0869630e-001
 3.0902013e-001
 3.0936372e-001
 3.0972096e-001
 3.1008458e-001
 3.1044754e-001
 3.1080410e-001
 3.1115034e-001
 3.1148452e-001
 3.1180677e-001
 3.1211880e-001
 3.1242335e-001
 3.1272343e-001
 3.1302211e-001
 3.1332198e-001
 3.1362504e-001
 3.1393263e-001
 3.1424528e-001
 3.1456301e-001
 3.1488505e-001
 3.1521010e-001
 3.1553659e-001
 3.1586251e-001
 3.1618592e-001
 3.1650496e-001
 3.1681794e-001
 3.1712383e-001
 3.1742194e-001
 3.1771237e-001
 3.1799597e-001
 3.1827423e-001
 3.1854957e-001
 3.1882480e-001
 3.1910312e-001
 3.1938800e-001
 3.1968236e-001
 3.1998861e-001
 3.2030797e-001
 3.2064036e-001
 3.2098430e-001
 3.2133684e-001
 3.2169393e-001
 3.2205069e-001
 3.2240191e-001
 3.2274276e-001
 3.2306892e-001
 3.2337728e-001
 3.2366610e-001
 3.2393509e-001
 3.2418585e-001
 3.2442132e-001
 3.2464615e-001
 3.2486606e-001
 3.2508770e-001
 3.2531816e-001
 3.2556427e-001
 3.2583192e-001
 3.2612544e-001
 3.2644686e-001
 3.2679570e-001
 3.2716849e-001
 3.2755923e-001
 3.2796001e-001
 3.2836142e-001
 3.2875395e-001
 3.2912868e-001
 3.2947829e-001
 3.2979769e-001
 3.3008432e-001
 3.3033842e-001
 3.3056259e-001
 3.3076161e-001
 3.3094209e-001
 3.3111167e-001
 3.3127874e-001
 3.3145186e-001
 3.3163923e-001
 3.3184832e-001
 3.3208543e-001
 3.3235508e-001
 3.3266011e-001
 3.3300114e-001
 3.3337674e-001
 3.3378336e-001
 3.3421552e-001
 3.3466628e-001
 3.3512726e-001
 3.3558938e-001
 3.3604300e-001
 3.3647865e-001
 3.3688763e-001
 3.3726245e-001
 3.3759782e-001
 3.3789083e-001
 3.3814162e-001
 3.3835340e-001
 3.3853197e-001
 3.3868504e-001
 3.3882132e-001
 3.3894968e-001
 3.3907819e-001
 3.3921358e-001
 3.3936080e-001
 3.3952272e-001
 3.3970004e-001
 3.3989146e-001
 3.4009397e-001
 3.4030324e-001
 3.4051439e-001
 3.4072226e-001
 3.4092236e-001
 3.4111077e-001
 3.4128487e-001
 3.4144339e-001
 3.4158665e-001
 3.4171680e-001
 3.4183767e-001
 3.4195498e-001
 3.4207565e-001
 3.4220752e-001
 3.4235868e-001
 3.4253693e-001
 3.4274897e-001
 3.4300026e-001
 3.4329438e-001
 3.4363329e-001
 3.4401679e-001
 3.4444278e-001
 3.4490749e-001
 3.4540534e-001
 3.4592915e-001
 3.4647059e-001
 3.4702000e-001
 3.4756702e-001
 3.4810072e-001
 3.4861016e-001
 3.4908548e-001
 3.4951806e-001
 3.4990174e-001
 3.5023308e-001
 3.5051197e-001
 3.5074168e-001
 3.5092846e-001
 3.5108089e-001
 3.5120901e-001
 3.5132328e-001
 3.5143337e-001
 3.5154745e-001
 3.5167134e-001
 3.5180837e-001
 3.5195941e-001
 3.5212323e-001
 3.5229719e-001
 3.5247794e-001
 3.5266232e-001
 3.5284781e-001
 3.5303324e-001
 3.5321870e-001
 3.5340577e-001
 3.5359707e-001
 3.5379592e-001
 3.5400566e-001
 3.5422927e-001
 3.5446876e-001
 3.5472488e-001
 3.5499707e-001
 3.5528338e-001
 3.5558087e-001
 3.5588580e-001
 3.5619444e-001
 3.5650298e-001
 3.5680860e-001
 3.5710910e-001
 3.5740331e-001
 3.5769105e-001
 3.5797262e-001
 3.5824874e-001
 3.5851979e-001
 3.5878548e-001
 3.5904464e-001
 3.5929477e-001
 3.5953218e-001
 3.5975236e-001
 3.5995021e-001
 3.6012110e-001
 3.6026141e-001
 3.6036953e-001
 3.6044645e-001
 3.6049622e-001
 3.6052591e-001
 3.6054510e-001
 3.6056513e-001
 3.6059773e-001
 3.6065361e-001
 3.6074108e-001
 3.6086482e-001
 3.6102507e-001
 3.6121765e-001
 3.6143416e-001
 3.6166340e-001
 3.6189264e-001
 3.6210975e-001
 3.6230499e-001
 3.6247259e-001
 3.6261171e-001
 3.6272690e-001
 3.6282751e-001
 3.6292651e-001
 3.6303875e-001
 3.6317891e-001
 3.6335960e-001
 3.6358938e-001
 3.6387202e-001
 3.6420566e-001
 3.6458302e-001
 3.6499250e-001
 3.6541921e-001
 3.6584726e-001
 3.6626124e-001
 3.6664799e-001
 3.6699814e-001
 3.6730638e-001
 3.6757162e-001
 3.6779580e-001
 3.6798322e-001
 3.6813954e-001
 3.6827084e-001
 3.6838302e-001
 3.6848119e-001
 3.6856952e-001
 3.6865121e-001
 3.6872819e-001
 3.6880144e-001
 3.6887112e-001
 3.6893690e-001
 3.6899844e-001
 3.6905569e-001
 3.6910942e-001
 3.6916122e-001
 3.6921361e-001
 3.6925900e-001
 3.6931825e-001
 3.6938930e-001
 3.6947569e-001
 3.6957958e-001
 3.6970109e-001
 3.6983758e-001
 3.6998415e-001
 3.7013420e-001
 3.7028024e-001
 3.7041461e-001
 3.7052992e-001
 3.7061954e-001
 3.7067854e-001
 3.7070453e-001
 3.7069821e-001
 3.7066364e-001
 3.7060797e-001
 3.7054065e-001
 3.7047252e-001
 3.7041509e-001
 3.7037987e-001
 3.7037757e-001
 3.7041733e-001
 3.7050533e-001
 3.7064368e-001
 3.7083000e-001
 3.7105778e-001
 3.7131751e-001
 3.7159798e-001
 3.7188706e-001
 3.7217271e-001
 3.7244338e-001
 3.7268889e-001
 3.7290129e-001
 3.7307566e-001
 3.7321055e-001
 3.7330741e-001
 3.7336999e-001
 3.7340340e-001
 3.7341335e-001
 3.7340578e-001
 3.7338644e-001
 3.7336060e-001
 3.7333289e-001
 3.7330672e-001
 3.7328443e-001
 3.7326726e-001
 3.7325567e-001
 3.7324968e-001
 3.7324902e-001
 3.7325335e-001
 3.7326226e-001
 3.7327519e-001
 3.7329158e-001
 3.7331060e-001
 3.7333128e-001
 3.7335244e-001
 3.7337279e-001
 3.7339097e-001
 3.7340561e-001
 3.7341514e-001
 3.7341803e-001
 3.7341243e-001
 3.7339604e-001
 3.7336612e-001
 3.7331921e-001
 3.7325144e-001
 3.7315840e-001
 3.7303549e-001
 3.7287804e-001
 3.7268132e-001
 3.7244046e-001
 3.7215075e-001
 3.7180731e-001
 3.7140527e-001
 3.7093988e-001
 3.7040603e-001
 3.6979896e-001
 3.6911359e-001
 3.6834508e-001
 3.6748865e-001
 3.6653951e-001
 3.6549363e-001
 3.6434725e-001
 3.6309785e-001
 3.6174408e-001
 3.6028495e-001
 3.5872069e-001
 3.5705206e-001
 3.5527945e-001
 3.5340476e-001
 3.5143003e-001
 3.4936026e-001
 3.4720430e-001
 3.4497529e-001
 3.4269306e-001
 3.4038141e-001
 3.3806875e-001
 3.3578575e-001
 3.3356309e-001
 3.3143264e-001
 3.2942408e-001
 3.2756543e-001
 3.2588068e-001
 3.2438764e-001
 3.2309881e-001
 3.2202050e-001
 3.2115543e-001
 3.2050371e-001
 3.2006395e-001
 3.1983408e-001
 3.1981075e-001
 3.1998849e-001
 3.2035837e-001
 3.2090694e-001
 3.2161537e-001
 3.2246014e-001
 3.2341465e-001
 3.2444978e-001
 3.2553613e-001
 3.2664406e-001
 3.2774541e-001
 3.2881543e-001
 3.2983410e-001
 3.3078894e-001
 3.3167490e-001
 3.3249402e-001
 3.3325380e-001
 3.3396447e-001
 3.3463809e-001
 3.3528674e-001
 3.3592203e-001
 3.3655435e-001
 3.3719128e-001
 3.3783743e-001
 3.3849347e-001
 3.3915669e-001
 3.3982217e-001
 3.4048331e-001
 3.4113282e-001
 3.4176353e-001
 3.4236830e-001
 3.4294131e-001
 3.4347799e-001
 3.4397590e-001
 3.4443519e-001
 3.4485778e-001
 3.4524754e-001
 3.4560901e-001
 3.4594715e-001
 3.4626716e-001
 3.4657404e-001
 3.4687227e-001
 3.4716558e-001
 3.4745669e-001
 3.4774721e-001
 3.4803751e-001
 3.4832746e-001
 3.4861624e-001
 3.4890291e-001
 3.4918657e-001
 3.4946635e-001
 3.4974170e-001
 3.5001266e-001
 3.5027993e-001
 3.5054508e-001
 3.5081029e-001
 3.5107836e-001
 3.5135239e-001
 3.5163549e-001
 3.5193089e-001
 3.5224125e-001
 3.5256860e-001
 3.5291380e-001
 3.5327590e-001
 3.5365224e-001
 3.5403842e-001
 3.5442874e-001
 3.5481697e-001
 3.5519636e-001
 3.5556042e-001
 3.5590300e-001
 3.5621896e-001
 3.5650504e-001
 3.5676017e-001
 3.5698602e-001
 3.5718656e-001
 3.5736740e-001
 3.5753536e-001
 3.5769761e-001
 3.5786134e-001
 3.5803345e-001
 3.5822001e-001
 3.5842562e-001
 3.5865304e-001
 3.5890281e-001
 3.5917369e-001
 3.5946286e-001
 3.5976684e-001
 3.6008158e-001
 3.6040321e-001
 3.6072767e-001
 3.6105159e-001
 3.6137241e-001
 3.6168826e-001
 3.6199868e-001
 3.6230415e-001
 3.6260596e-001
 3.6290559e-001
 3.6320505e-001
 3.6350623e-001
 3.6381078e-001
 3.6412027e-001
 3.6443573e-001
 3.6475727e-001
 3.6508447e-001
 3.6541620e-001
 3.6575079e-001
 3.6608616e-001
 3.6642027e-001
 3.6675104e-001
 3.6707643e-001
 3.6739489e-001
 3.6770552e-001
 3.6800790e-001
 3.6830282e-001
 3.6859182e-001
 3.6887681e-001
 3.6916026e-001
 3.6944470e-001
 3.6973271e-001
 3.7002626e-001
 3.7032700e-001
 3.7063542e-001
 3.7095031e-001
 3.7126908e-001
 3.7158763e-001
 3.7190056e-001
 3.7220207e-001
 3.7248597e-001
 3.7274617e-001
 3.7297684e-001
 3.7317309e-001
 3.7333143e-001
 3.7345007e-001
 3.7352958e-001
 3.7357223e-001
 3.7358171e-001
 3.7356260e-001
 3.7351984e-001
 3.7345856e-001
 3.7338376e-001
 3.7330043e-001
 3.7321323e-001
 3.7312654e-001
 3.7304431e-001
 3.7297019e-001
 3.7290758e-001
 3.7285975e-001
 3.7282971e-001
 3.7282044e-001
 3.7283430e-001
 3.7287283e-001
 3.7293604e-001
 3.7302181e-001
 3.7312579e-001
 3.7324166e-001
 3.7336138e-001
 3.7347618e-001
 3.7357694e-001
 3.7365451e-001
 3.7370053e-001
 3.7370801e-001
 3.7367243e-001
 3.7359247e-001
 3.7347049e-001
 3.7331209e-001
 3.7312537e-001
 3.7291980e-001
 3.7270540e-001
 3.7249237e-001
 3.7229019e-001
 3.7210703e-001
 3.7194890e-001
 3.7181854e-001
 3.7171537e-001
 3.7163571e-001
 3.7157363e-001
 3.7152177e-001
 3.7147215e-001
 3.7141672e-001
 3.7134752e-001
 3.7125716e-001
 3.7113917e-001
 3.7098843e-001
 3.7080118e-001
 3.7057483e-001
 3.7030801e-001
 3.6999968e-001
 3.6964914e-001
 3.6925626e-001
 3.6882114e-001
 3.6834484e-001
 3.6783040e-001
 3.6728263e-001
 3.6670879e-001
 3.6611870e-001
 3.6552334e-001
 3.6493483e-001
 3.6436549e-001
 3.6382803e-001
 3.6333415e-001
 3.6289430e-001
 3.6251703e-001
 3.6220774e-001
 3.6196858e-001
 3.6179891e-001
 3.6169580e-001
 3.6165503e-001
 3.6167175e-001
 3.6174086e-001
 3.6185703e-001
 3.6201495e-001
 3.6220890e-001
 3.6243302e-001
 3.6268118e-001
 3.6294684e-001
 3.6322334e-001
 3.6350402e-001
 3.6378193e-001
 3.6405054e-001
 3.6430350e-001
 3.6453527e-001
 3.6474141e-001
 3.6491922e-001
 3.6506781e-001
 3.6518785e-001
 3.6528131e-001
 3.6535087e-001
 3.6539954e-001
 3.6543044e-001
 3.6544684e-001
 3.6545187e-001
 3.6544868e-001
 3.6544040e-001
 3.6543000e-001
 3.6542049e-001
 3.6541480e-001
 3.6541581e-001
 3.6542642e-001
 3.6544934e-001
 3.6548713e-001
 3.6554193e-001
 3.6561516e-001
 3.6570713e-001
 3.6581728e-001
 3.6594385e-001
 3.6608446e-001
 3.6623636e-001
 3.6639640e-001
 3.6656159e-001
 3.6672893e-001
 3.6689553e-001
 3.6705884e-001
 3.6721677e-001
 3.6736768e-001
 3.6751026e-001
 3.6764356e-001
 3.6776689e-001
 3.6787942e-001
 3.6798051e-001
 3.6806938e-001
 3.6814493e-001
 3.6820576e-001
 3.6824995e-001
 3.6827490e-001
 3.6827764e-001
 3.6825466e-001
 3.6820236e-001
 3.6811703e-001
 3.6799517e-001
 3.6783373e-001
 3.6763096e-001
 3.6738682e-001
 3.6710373e-001
 3.6678717e-001
 3.6644492e-001
 3.6608663e-001
 3.6572304e-001
 3.6536559e-001
 3.6502528e-001
 3.6471248e-001
 3.6443618e-001
 3.6420247e-001
 3.6401388e-001
 3.6386898e-001
 3.6376271e-001
 3.6368728e-001
 3.6363333e-001
 3.6359081e-001
 3.6354947e-001
 3.6349934e-001
 3.6343116e-001
 3.6333698e-001
 3.6321053e-001
 3.6304751e-001
 3.6284530e-001
 3.6260253e-001
 3.6231875e-001
 3.6199382e-001
 3.6162791e-001
 3.6122152e-001
 3.6077636e-001
 3.6029509e-001
 3.5978222e-001
 3.5924459e-001
 3.5869047e-001
 3.5812956e-001
 3.5757259e-001
 3.5703018e-001
 3.5651276e-001
 3.5602948e-001
 3.5558739e-001
 3.5518909e-001
 3.5483167e-001
 3.5450631e-001
 3.5419840e-001
 3.5388920e-001
 3.5355785e-001
 3.5318226e-001
 3.5274038e-001
 3.5221195e-001
 3.5157955e-001
 3.5083112e-001
 3.4996161e-001
 3.4897459e-001
 3.4788013e-001
 3.4669355e-001
 3.4543422e-001
 3.4412220e-001
 3.4277785e-001
 3.4142223e-001
 3.4007436e-001
 3.3875188e-001
 3.3746970e-001
 3.3624098e-001
 3.3507550e-001
 3.3398136e-001
 3.3296633e-001
 3.3203670e-001
 3.3119816e-001
 3.3045572e-001
 3.2981139e-001
 3.2926336e-001
 3.2880479e-001
 3.2842246e-001
 3.2809794e-001
 3.2780883e-001
 3.2753047e-001
 3.2723698e-001
 3.2690218e-001
 3.2650045e-001
 3.2600701e-001
 3.2539871e-001
 3.2465529e-001
 3.2375866e-001
 3.2269326e-001
 3.2144496e-001
 3.2000175e-001
 3.1835142e-001
 3.1648266e-001
 3.1438738e-001
 3.1206021e-001
 3.0950204e-001
 3.0672446e-001
 3.0374703e-001
 3.0059794e-001
 2.9731414e-001
 2.9393423e-001
 2.9049921e-001
 2.8704929e-001
 2.8362572e-001
 2.8026366e-001
 2.7699238e-001
 2.7383539e-001
 2.7080476e-001
 2.6790467e-001
 2.6513529e-001
 2.6249117e-001
 2.5996581e-001
 2.5755170e-001
 2.5524327e-001
 2.5303423e-001
 2.5092009e-001
 2.4890019e-001
 2.4697499e-001
 2.4514736e-001
 2.4342321e-001
 2.4180810e-001
 2.4030818e-001
 2.3893045e-001
 2.3768008e-001
 2.3656090e-001
 2.3557372e-001
 2.3471616e-001
 2.3398085e-001
 2.3335667e-001
 2.3283014e-001
 2.3238565e-001
 2.3200715e-001
 2.3167935e-001
 2.3138879e-001
 2.3112652e-001
 2.3089093e-001
 2.3069063e-001
 2.3054510e-001
 2.3048398e-001
 2.3054427e-001
 2.3076721e-001
 2.3119587e-001
 2.3187225e-001
 2.3283483e-001
 2.3411389e-001
 2.3572643e-001
 2.3766974e-001
 2.3992163e-001
 2.4244168e-001
 2.4517395e-001
 2.4805610e-001
 2.5102234e-001
 2.5400439e-001
 2.5693876e-001
 2.5976855e-001
 2.6244581e-001
 2.6493961e-001
 2.6723498e-001
 2.6933250e-001
 2.7124223e-001
 2.7298230e-001
 2.7457383e-001
 2.7603766e-001
 2.7739513e-001
 2.7866530e-001
 2.7986273e-001
 2.8099793e-001
 2.8207549e-001
 2.8309527e-001
 2.8405264e-001
 2.8494149e-001
 2.8575453e-001
 2.8648344e-001
 2.8712040e-001
 2.8765771e-001
 2.8808752e-001
 2.8840283e-001
 2.8859714e-001
 2.8866449e-001
 2.8859934e-001
 2.8839642e-001
 2.8805050e-001
 2.8755698e-001
 2.8691161e-001
 2.8611115e-001
 2.8515464e-001
 2.8404284e-001
 2.8277889e-001
 2.8136924e-001
 2.7982128e-001
 2.7814385e-001
 2.7634594e-001
 2.7443793e-001
 2.7242905e-001
 2.7032831e-001
 2.6814657e-001
 2.6597542e-001
 2.6421949e-001
 2.6189664e-001
 2.5959805e-001
 2.5735724e-001
 2.5520849e-001
 2.5318557e-001
 2.5132358e-001
 2.4965629e-001
 2.4821787e-001
 2.4704255e-001
 2.4616066e-001
 2.4556905e-001
 2.4524526e-001
 2.4516688e-001
 2.4531153e-001
 2.4565674e-001
 2.4618012e-001
 2.4685919e-001
 2.4767184e-001
 2.4859522e-001
 2.4960709e-001
 2.5068504e-001
 2.5180689e-001
 2.5294977e-001
 2.5409275e-001
 2.5522673e-001
 2.5634894e-001
 2.5745690e-001
 2.5854746e-001
 2.5961813e-001
 2.6066622e-001
 2.6168925e-001
 2.6268411e-001
 2.6364827e-001
 2.6457906e-001
 2.6547402e-001
 2.6632997e-001
 2.6714444e-001
 2.6791477e-001
 2.6863828e-001
 2.6931235e-001
 2.6993397e-001
 2.7050096e-001
 2.7101341e-001
 2.7147299e-001
 2.7188095e-001
 2.7223891e-001
 2.7254838e-001
 2.7281097e-001
 2.7302802e-001
 2.7320111e-001
 2.7333182e-001
 2.7342162e-001
 2.7347198e-001
 2.7348447e-001
 2.7346057e-001
 2.7340177e-001
 2.7330965e-001
 2.7318567e-001
 2.7303135e-001
 2.7284825e-001
 2.7263778e-001
 2.7240154e-001
 2.7214101e-001
 2.7185774e-001
 2.7155313e-001
 2.7122882e-001
 2.7088633e-001
 2.7052712e-001
 2.7015272e-001
 2.6976454e-001
 2.6936427e-001
 2.6895335e-001
 2.6853332e-001
 2.6810557e-001
 2.6767182e-001
 2.6723349e-001
 2.6679209e-001
 2.6634902e-001
 2.6590601e-001
 2.6546451e-001
 2.6502597e-001
 2.6459196e-001
 2.6416385e-001
 2.6374343e-001
 2.6333204e-001
 2.6293120e-001
 2.6254240e-001
 2.6216727e-001
 2.6180723e-001
 2.6146373e-001
 2.6113689e-001
 2.6082668e-001
 2.6053265e-001
 2.6025459e-001
 2.5999221e-001
 2.5974518e-001
 2.5951332e-001
 2.5929633e-001
 2.5909385e-001
 2.5890568e-001
 2.5873154e-001
 2.5857118e-001
 2.5842425e-001
 2.5829050e-001
 2.5816971e-001
 2.5806156e-001
 2.5796574e-001
 2.5788203e-001
 2.5781018e-001
 2.5774983e-001
 2.5770074e-001
 2.5766262e-001
 2.5763527e-001
 2.5761831e-001
 2.5761151e-001
 2.5761458e-001
 2.5762731e-001
 2.5764936e-001
 2.5768045e-001
 2.5772029e-001
 2.5776842e-001
 2.5782424e-001
 2.5788721e-001
