s07_ASD Record=14294: Zincite+Franklin HS147.3B     BECKb AREF
 5.2105382e-002
 5.2386045e-002
 5.2649308e-002
 5.2891433e-002
 5.3113539e-002
 5.3320877e-002
 5.3520858e-002
 5.3721201e-002
 5.3929016e-002
 5.4150146e-002
 5.4388586e-002
 5.4645561e-002
 5.4918569e-002
 5.5199746e-002
 5.5473898e-002
 5.5719282e-002
 5.5912606e-002
 5.6035217e-002
 5.6077469e-002
 5.6040045e-002
 5.5932317e-002
 5.5768274e-002
 5.5562235e-002
 5.5326775e-002
 5.5072919e-002
 5.4811697e-002
 5.4554556e-002
 5.4311566e-002
 5.4089513e-002
 5.3892780e-002
 5.3724963e-002
 5.3588908e-002
 5.3485814e-002
 5.3413823e-002
 5.3363450e-002
 5.3315628e-002
 5.3247958e-002
 5.3143527e-002
 5.2998748e-002
 5.2826196e-002
 5.2649029e-002
 5.2490178e-002
 5.2362561e-002
 5.2265774e-002
 5.2190639e-002
 5.2127648e-002
 5.2073188e-002
 5.2029159e-002
 5.1996849e-002
 5.1970653e-002
 5.1937733e-002
 5.1885098e-002
 5.1809192e-002
 5.1720414e-002
 5.1638354e-002
 5.1581960e-002
 5.1560197e-002
 5.1568631e-002
 5.1596876e-002
 5.1634420e-002
 5.1670779e-002
 5.1699355e-002
 5.1715743e-002
 5.1712997e-002
 5.1679723e-002
 5.1614087e-002
 5.1526468e-002
 5.1430751e-002
 5.1340364e-002
 5.1267657e-002
 5.1223483e-002
 5.1216245e-002
 5.1248956e-002
 5.1314939e-002
 5.1396377e-002
 5.1468819e-002
 5.1510781e-002
 5.1513094e-002
 5.1482152e-002
 5.1435594e-002
 5.1393420e-002
 5.1369585e-002
 5.1367786e-002
 5.1382460e-002
 5.1403280e-002
 5.1420227e-002
 5.1426772e-002
 5.1420558e-002
 5.1402755e-002
 5.1377818e-002
 5.1354229e-002
 5.1344883e-002
 5.1364943e-002
 5.1426664e-002
 5.1533066e-002
 5.1673539e-002
 5.1823780e-002
 5.1952019e-002
 5.2030511e-002
 5.2046627e-002
 5.2008413e-002
 5.1941060e-002
 5.1874891e-002
 5.1830895e-002
 5.1809665e-002
 5.1790893e-002
 5.1748581e-002
 5.1671464e-002
 5.1573977e-002
 5.1490303e-002
 5.1455721e-002
 5.1488105e-002
 5.1580332e-002
 5.1706091e-002
 5.1833566e-002
 5.1938828e-002
 5.2013446e-002
 5.2065287e-002
 5.2113272e-002
 5.2177448e-002
 5.2267704e-002
 5.2377898e-002
 5.2490298e-002
 5.2587401e-002
 5.2661479e-002
 5.2715030e-002
 5.2754100e-002
 5.2781854e-002
 5.2798029e-002
 5.2804239e-002
 5.2809741e-002
 5.2831188e-002
 5.2884709e-002
 5.2976169e-002
 5.3096663e-002
 5.3224619e-002
 5.3331479e-002
 5.3390980e-002
 5.3392444e-002
 5.3351402e-002
 5.3305723e-002
 5.3295281e-002
 5.3340256e-002
 5.3436674e-002
 5.3570550e-002
 5.3732436e-002
 5.3915977e-002
 5.4105587e-002
 5.4272398e-002
 5.4387253e-002
 5.4438695e-002
 5.4439634e-002
 5.4420225e-002
 5.4416556e-002
 5.4461200e-002
 5.4572914e-002
 5.4746468e-002
 5.4954477e-002
 5.5166762e-002
 5.5369969e-002
 5.5564996e-002
 5.5747814e-002
 5.5900428e-002
 5.6002460e-002
 5.6046974e-002
 5.6045078e-002
 5.6024041e-002
 5.6026515e-002
 5.6102622e-002
 5.6283031e-002
 5.6547593e-002
 5.6828365e-002
 5.7059478e-002
 5.7226412e-002
 5.7357829e-002
 5.7473890e-002
 5.7559639e-002
 5.7594329e-002
 5.7592638e-002
 5.7601810e-002
 5.7658039e-002
 5.7757050e-002
 5.7874754e-002
 5.8007762e-002
 5.8178015e-002
 5.8397472e-002
 5.8643103e-002
 5.8876220e-002
 5.9078835e-002
 5.9256248e-002
 5.9402112e-002
 5.9482403e-002
 5.9476592e-002
 5.9424717e-002
 5.9404250e-002
 5.9455439e-002
 5.9550595e-002
 5.9645377e-002
 5.9744634e-002
 5.9901021e-002
 6.0147803e-002
 6.0447592e-002
 6.0721852e-002
 6.0926639e-002
 6.1084308e-002
 6.1240517e-002
 6.1405025e-002
 6.1544280e-002
 6.1628751e-002
 6.1675571e-002
 6.1737712e-002
 6.1860848e-002
 6.2061265e-002
 6.2331360e-002
 6.2643409e-002
 6.2955409e-002
 6.3242331e-002
 6.3527681e-002
 6.3862123e-002
 6.4256802e-002
 6.4650096e-002
 6.4963631e-002
 6.5199845e-002
 6.5454051e-002
 6.5796621e-002
 6.6176564e-002
 6.6503413e-002
 6.6796973e-002
 6.7172065e-002
 6.7678206e-002
 6.8230174e-002
 6.8717413e-002
 6.9137700e-002
 6.9587447e-002
 7.0121333e-002
 7.0662506e-002
 7.1098372e-002
 7.1444198e-002
 7.1846828e-002
 7.2414622e-002
 7.3085032e-002
 7.3690578e-002
 7.4157655e-002
 7.4602529e-002
 7.5182967e-002
 7.5890176e-002
 7.6566212e-002
 7.7101126e-002
 7.7532686e-002
 7.7967346e-002
 7.8479476e-002
 7.9098664e-002
 7.9822630e-002
 8.0599897e-002
 8.1342541e-002
 8.2024857e-002
 8.2722142e-002
 8.3481550e-002
 8.4244967e-002
 8.4963702e-002
 8.5658714e-002
 8.6335927e-002
 8.6976491e-002
 8.7614849e-002
 8.8334829e-002
 8.9186810e-002
 9.0123877e-002
 9.1027156e-002
 9.1835037e-002
 9.2611894e-002
 9.3419708e-002
 9.4190679e-002
 9.4818518e-002
 9.5329255e-002
 9.5884532e-002
 9.6623138e-002
 9.7529881e-002
 9.8447151e-002
 9.9206604e-002
 9.9783584e-002
 1.0030931e-001
 1.0090355e-001
 1.0152713e-001
 1.0207302e-001
 1.0254531e-001
 1.0304757e-001
 1.0363653e-001
 1.0424250e-001
 1.0475745e-001
 1.0519487e-001
 1.0569768e-001
 1.0636027e-001
 1.0709878e-001
 1.0773718e-001
 1.0821057e-001
 1.0865669e-001
 1.0924691e-001
 1.0992185e-001
 1.1042919e-001
 1.1066693e-001
 1.1082046e-001
 1.1110140e-001
 1.1152314e-001
 1.1199135e-001
 1.1246466e-001
 1.1296077e-001
 1.1349750e-001
 1.1407671e-001
 1.1467188e-001
 1.1520771e-001
 1.1561523e-001
 1.1593637e-001
 1.1630045e-001
 1.1675351e-001
 1.1717168e-001
 1.1738633e-001
 1.1737364e-001
 1.1729889e-001
 1.1740185e-001
 1.1780091e-001
 1.1837789e-001
 1.1891871e-001
 1.1933739e-001
 1.1970120e-001
 1.2008504e-001
 1.2046692e-001
 1.2075622e-001
 1.2090643e-001
 1.2099414e-001
 1.2117229e-001
 1.2153326e-001
 1.2201602e-001
 1.2245348e-001
 1.2271739e-001
 1.2282163e-001
 1.2289320e-001
 1.2305598e-001
 1.2334463e-001
 1.2371018e-001
 1.2408092e-001
 1.2440982e-001
 1.2468065e-001
 1.2489195e-001
 1.2504488e-001
 1.2514399e-001
 1.2520678e-001
 1.2526898e-001
 1.2537245e-001
 1.2554109e-001
 1.2576650e-001
 1.2602030e-001
 1.2628131e-001
 1.2653808e-001
 1.2673473e-001
 1.2677787e-001
 1.2672722e-001
 1.2682366e-001
 1.2719944e-001
 1.2765613e-001
 1.2791635e-001
 1.2795380e-001
 1.2796097e-001
 1.2812218e-001
 1.2846065e-001
 1.2884070e-001
 1.2911144e-001
 1.2923759e-001
 1.2928690e-001
 1.2934485e-001
 1.2945472e-001
 1.2960340e-001
 1.2974776e-001
 1.2985711e-001
 1.2994720e-001
 1.3008565e-001
 1.3035057e-001
 1.3075064e-001
 1.3115320e-001
 1.3135175e-001
 1.3131244e-001
 1.3126205e-001
 1.3138606e-001
 1.3158996e-001
 1.3171892e-001
 1.3181464e-001
 1.3198158e-001
 1.3217016e-001
 1.3224512e-001
 1.3218245e-001
 1.3213207e-001
 1.3228633e-001
 1.3263968e-001
 1.3294384e-001
 1.3301800e-001
 1.3297762e-001
 1.3303545e-001
 1.3321817e-001
 1.3344967e-001
 1.3369954e-001
 1.3400356e-001
 1.3433950e-001
 1.3456671e-001
 1.3462102e-001
 1.3459618e-001
 1.3460511e-001
 1.3469492e-001
 1.3485567e-001
 1.3505952e-001
 1.3528056e-001
 1.3549827e-001
 1.3569902e-001
 1.3588353e-001
 1.3606538e-001
 1.3625450e-001
 1.3643831e-001
 1.3658290e-001
 1.3665958e-001
 1.3667484e-001
 1.3667023e-001
 1.3669685e-001
 1.3679928e-001
 1.3701229e-001
 1.3734886e-001
 1.3777061e-001
 1.3819686e-001
 1.3855028e-001
 1.3878308e-001
 1.3887666e-001
 1.3883030e-001
 1.3870053e-001
 1.3851669e-001
 1.3838807e-001
 1.3838768e-001
 1.3851027e-001
 1.3871917e-001
 1.3897771e-001
 1.3925174e-001
 1.3952467e-001
 1.3978693e-001
 1.4002897e-001
 1.4024216e-001
 1.4042392e-001
 1.4057422e-001
 1.4069299e-001
 1.4078215e-001
 1.4085677e-001
 1.4093733e-001
 1.4104430e-001
 1.4119437e-001
 1.4137959e-001
 1.4161606e-001
 1.4181562e-001
 1.4199357e-001
 1.4214532e-001
 1.4227898e-001
 1.4240338e-001
 1.4252716e-001
 1.4265892e-001
 1.4280251e-001
 1.4295708e-001
 1.4312166e-001
 1.4329518e-001
 1.4347668e-001
 1.4366508e-001
 1.4385930e-001
 1.4405818e-001
 1.4426072e-001
 1.4446567e-001
 1.4466955e-001
 1.4486663e-001
 1.4505115e-001
 1.4521725e-001
 1.4535916e-001
 1.4547384e-001
 1.4556892e-001
 1.4565477e-001
 1.4574164e-001
 1.4583981e-001
 1.4595957e-001
 1.4610778e-001
 1.4627795e-001
 1.4646053e-001
 1.4664583e-001
 1.4682423e-001
 1.4698611e-001
 1.4712183e-001
 1.4722586e-001
 1.4730822e-001
 1.4738263e-001
 1.4746283e-001
 1.4756256e-001
 1.4769556e-001
 1.4787558e-001
 1.4811629e-001
 1.4842536e-001
 1.4878714e-001
 1.4918071e-001
 1.4958492e-001
 1.4997883e-001
 1.5034136e-001
 1.5065148e-001
 1.5088825e-001
 1.5103789e-001
 1.5111427e-001
 1.5113749e-001
 1.5112777e-001
 1.5110527e-001
 1.5109015e-001
 1.5110259e-001
 1.5116277e-001
 1.5128526e-001
 1.5146421e-001
 1.5168880e-001
 1.5194845e-001
 1.5223248e-001
 1.5253018e-001
 1.5283093e-001
 1.5312394e-001
 1.5339868e-001
 1.5364435e-001
 1.5385033e-001
 1.5400593e-001
 1.5410407e-001
 1.5415050e-001
 1.5415405e-001
 1.5412343e-001
 1.5406740e-001
 1.5399472e-001
 1.5391414e-001
 1.5383442e-001
 1.5376431e-001
 1.5371254e-001
 1.5368792e-001
 1.5369913e-001
 1.5375277e-001
 1.5384762e-001
 1.5398061e-001
 1.5414883e-001
 1.5434922e-001
 1.5457883e-001
 1.5483463e-001
 1.5511367e-001
 1.5541290e-001
 1.5572934e-001
 1.5606007e-001
 1.5640035e-001
 1.5673986e-001
 1.5706687e-001
 1.5736976e-001
 1.5763679e-001
 1.5785636e-001
 1.5801676e-001
 1.5810634e-001
 1.5811343e-001
 1.5802634e-001
 1.5783913e-001
 1.5756576e-001
 1.5722431e-001
 1.5683311e-001
 1.5641023e-001
 1.5597400e-001
 1.5554249e-001
 1.5513402e-001
 1.5476669e-001
 1.5445878e-001
 1.5422434e-001
 1.5406355e-001
 1.5397356e-001
 1.5395156e-001
 1.5399468e-001
 1.5410011e-001
 1.5426497e-001
 1.5448652e-001
 1.5476182e-001
 1.5508814e-001
 1.5546036e-001
 1.5586630e-001
 1.5629198e-001
 1.5672366e-001
 1.5714742e-001
 1.5754950e-001
 1.5791596e-001
 1.5823303e-001
 1.5848680e-001
 1.5866683e-001
 1.5877391e-001
 1.5881114e-001
 1.5878165e-001
 1.5868852e-001
 1.5853487e-001
 1.5832384e-001
 1.5805854e-001
 1.5774640e-001
 1.5740888e-001
 1.5707050e-001
 1.5675561e-001
 1.5648873e-001
 1.5629423e-001
 1.5619661e-001
 1.5622023e-001
 1.5637578e-001
 1.5662867e-001
 1.5693535e-001
 1.5725206e-001
 1.5753523e-001
 1.5774111e-001
 1.5782614e-001
 1.5774658e-001
 1.5748148e-001
 1.5708280e-001
 1.5661724e-001
 1.5619132e-001
 1.5582073e-001
 1.5559193e-001
 1.5554889e-001
 1.5569763e-001
 1.5601104e-001
 1.5643974e-001
 1.5692368e-001
 1.5740050e-001
 1.5781447e-001
 1.5812948e-001
 1.5833750e-001
 1.5845104e-001
 1.5849087e-001
 1.5847868e-001
 1.5843256e-001
 1.5836330e-001
 1.5827323e-001
 1.5815856e-001
 1.5801258e-001
 1.5782914e-001
 1.5760580e-001
 1.5734714e-001
 1.5706591e-001
 1.5678115e-001
 1.5651456e-001
 1.5628664e-001
 1.5611233e-001
 1.5599701e-001
 1.5593533e-001
 1.5591341e-001
 1.5591308e-001
 1.5591630e-001
 1.5590921e-001
 1.5588517e-001
 1.5584573e-001
 1.5579890e-001
 1.5575561e-001
 1.5572535e-001
 1.5571159e-001
 1.5557204e-001
 1.5547524e-001
 1.5535274e-001
 1.5520206e-001
 1.5502340e-001
 1.5482041e-001
 1.5460050e-001
 1.5437436e-001
 1.5415545e-001
 1.5395831e-001
 1.5379657e-001
 1.5368094e-001
 1.5361722e-001
 1.5360551e-001
 1.5364079e-001
 1.5371443e-001
 1.5381585e-001
 1.5393415e-001
 1.5405937e-001
 1.5418312e-001
 1.5429893e-001
 1.5440208e-001
 1.5448935e-001
 1.5455885e-001
 1.5460971e-001
 1.5464218e-001
 1.5465774e-001
 1.5465935e-001
 1.5465128e-001
 1.5463895e-001
 1.5462798e-001
 1.5462339e-001
 1.5462850e-001
 1.5464421e-001
 1.5466858e-001
 1.5469700e-001
 1.5472268e-001
 1.5473783e-001
 1.5473488e-001
 1.5470792e-001
 1.5465368e-001
 1.5457222e-001
 1.5446688e-001
 1.5434381e-001
 1.5421093e-001
 1.5407658e-001
 1.5394840e-001
 1.5383208e-001
 1.5373074e-001
 1.5364483e-001
 1.5357253e-001
 1.5351060e-001
 1.5345544e-001
 1.5340401e-001
 1.5335475e-001
 1.5330760e-001
 1.5326402e-001
 1.5322623e-001
 1.5319644e-001
 1.5317601e-001
 1.5316480e-001
 1.5316094e-001
 1.5316091e-001
 1.5316013e-001
 1.5315361e-001
 1.5313694e-001
 1.5310684e-001
 1.5306179e-001
 1.5300202e-001
 1.5292932e-001
 1.5284649e-001
 1.5275660e-001
 1.5266249e-001
 1.5256621e-001
 1.5246914e-001
 1.5237229e-001
 1.5227683e-001
 1.5218493e-001
 1.5210010e-001
 1.5202738e-001
 1.5197289e-001
 1.5194286e-001
 1.5194243e-001
 1.5197428e-001
 1.5203755e-001
 1.5212728e-001
 1.5223457e-001
 1.5234734e-001
 1.5245183e-001
 1.5253448e-001
 1.5258381e-001
 1.5259218e-001
 1.5255708e-001
 1.5248154e-001
 1.5237394e-001
 1.5224682e-001
 1.5211514e-001
 1.5199414e-001
 1.5189715e-001
 1.5183349e-001
 1.5180731e-001
 1.5181689e-001
 1.5185511e-001
 1.5191068e-001
 1.5197013e-001
 1.5202014e-001
 1.5204978e-001
 1.5205233e-001
 1.5202628e-001
 1.5197535e-001
 1.5190735e-001
 1.5183254e-001
 1.5176140e-001
 1.5170282e-001
 1.5166262e-001
 1.5164304e-001
 1.5164313e-001
 1.5165967e-001
 1.5168837e-001
 1.5172502e-001
 1.5176614e-001
 1.5180901e-001
 1.5185151e-001
 1.5189143e-001
 1.5192613e-001
 1.5195231e-001
 1.5196635e-001
 1.5196483e-001
 1.5194531e-001
 1.5190701e-001
 1.5185110e-001
 1.5178065e-001
 1.5170012e-001
 1.5161468e-001
 1.5152939e-001
 1.5144847e-001
 1.5137497e-001
 1.5131047e-001
 1.5125531e-001
 1.5120873e-001
 1.5116930e-001
 1.5113515e-001
 1.5110423e-001
 1.5107447e-001
 1.5104392e-001
 1.5101087e-001
 1.5097396e-001
 1.5093237e-001
 1.5088604e-001
 1.5083583e-001
 1.5078352e-001
 1.5073194e-001
 1.5068455e-001
 1.5064526e-001
 1.5061776e-001
 1.5060501e-001
 1.5060869e-001
 1.5062881e-001
 1.5066363e-001
 1.5070985e-001
 1.5076326e-001
 1.5081935e-001
 1.5087435e-001
 1.5092584e-001
 1.5097335e-001
 1.5101825e-001
 1.5106352e-001
 1.5111285e-001
 1.5116978e-001
 1.5123650e-001
 1.5131326e-001
 1.5139772e-001
 1.5148528e-001
 1.5156966e-001
 1.5164405e-001
 1.5170255e-001
 1.5174145e-001
 1.5176018e-001
 1.5176181e-001
 1.5175247e-001
 1.5174027e-001
 1.5173364e-001
 1.5173955e-001
 1.5176214e-001
 1.5180193e-001
 1.5185589e-001
 1.5191849e-001
 1.5198302e-001
 1.5204331e-001
 1.5209487e-001
 1.5213564e-001
 1.5216590e-001
 1.5218763e-001
 1.5220344e-001
 1.5221570e-001
 1.5222581e-001
 1.5223399e-001
 1.5223965e-001
 1.5224196e-001
 1.5224048e-001
 1.5223582e-001
 1.5222977e-001
 1.5222526e-001
 1.5222585e-001
 1.5223511e-001
 1.5225583e-001
 1.5228951e-001
 1.5233579e-001
 1.5239246e-001
 1.5245552e-001
 1.5251963e-001
 1.5257879e-001
 1.5262717e-001
 1.5266006e-001
 1.5267469e-001
 1.5267095e-001
 1.5265165e-001
 1.5262245e-001
 1.5259102e-001
 1.5256594e-001
 1.5255512e-001
 1.5256423e-001
 1.5259552e-001
 1.5264721e-001
 1.5271381e-001
 1.5278725e-001
 1.5285869e-001
 1.5292038e-001
 1.5296735e-001
 1.5299827e-001
 1.5301530e-001
 1.5302326e-001
 1.5302800e-001
 1.5303479e-001
 1.5304722e-001
 1.5306661e-001
 1.5309238e-001
 1.5312290e-001
 1.5315655e-001
 1.5319262e-001
 1.5323161e-001
 1.5327495e-001
 1.5332440e-001
 1.5338098e-001
 1.5344456e-001
 1.5351346e-001
 1.5358497e-001
 1.5365604e-001
 1.5372418e-001
 1.5378824e-001
 1.5384871e-001
 1.5390743e-001
 1.5396707e-001
 1.5403016e-001
 1.5409848e-001
 1.5417245e-001
 1.5425107e-001
 1.5433227e-001
 1.5441330e-001
 1.5449129e-001
 1.5456362e-001
 1.5462802e-001
 1.5468276e-001
 1.5472646e-001
 1.5475820e-001
 1.5477772e-001
 1.5478568e-001
 1.5478395e-001
 1.5477590e-001
 1.5476622e-001
 1.5476045e-001
 1.5476426e-001
 1.5478241e-001
 1.5481779e-001
 1.5487073e-001
 1.5493889e-001
 1.5501744e-001
 1.5509994e-001
 1.5517959e-001
 1.5525045e-001
 1.5530862e-001
 1.5535307e-001
 1.5538585e-001
 1.5541184e-001
 1.5543783e-001
 1.5547127e-001
 1.5551886e-001
 1.5558520e-001
 1.5567170e-001
 1.5577622e-001
 1.5589319e-001
 1.5601449e-001
 1.5613069e-001
 1.5623279e-001
 1.5631373e-001
 1.5636985e-001
 1.5640146e-001
 1.5641312e-001
 1.5641287e-001
 1.5641096e-001
 1.5641810e-001
 1.5644373e-001
 1.5649433e-001
 1.5657263e-001
 1.5667728e-001
 1.5680358e-001
 1.5694471e-001
 1.5709332e-001
 1.5724313e-001
 1.5738994e-001
 1.5753211e-001
 1.5767018e-001
 1.5780604e-001
 1.5794185e-001
 1.5807885e-001
 1.5821677e-001
 1.5835363e-001
 1.5848596e-001
 1.5860973e-001
 1.5872101e-001
 1.5881696e-001
 1.5889637e-001
 1.5895982e-001
 1.5900974e-001
 1.5904999e-001
 1.5908529e-001
 1.5912074e-001
 1.5916117e-001
 1.5921067e-001
 1.5927225e-001
 1.5934762e-001
 1.5943711e-001
 1.5953977e-001
 1.5965378e-001
 1.5977675e-001
 1.5990625e-001
 1.6004048e-001
 1.6017842e-001
 1.6032016e-001
 1.6046681e-001
 1.6061997e-001
 1.6078141e-001
 1.6095217e-001
 1.6113210e-001
 1.6131970e-001
 1.6151196e-001
 1.6170493e-001
 1.6189434e-001
 1.6207650e-001
 1.6224924e-001
 1.6241236e-001
 1.6256815e-001
 1.6272113e-001
 1.6287753e-001
 1.6304460e-001
 1.6322939e-001
 1.6343789e-001
 1.6367401e-001
 1.6393915e-001
 1.6423213e-001
 1.6454931e-001
 1.6488527e-001
 1.6523346e-001
 1.6558686e-001
 1.6593872e-001
 1.6628267e-001
 1.6661300e-001
 1.6692492e-001
 1.6721462e-001
 1.6747986e-001
 1.6772035e-001
 1.6793846e-001
 1.6813956e-001
 1.6833182e-001
 1.6852549e-001
 1.6873142e-001
 1.6895920e-001
 1.6921531e-001
 1.6950142e-001
 1.6981395e-001
 1.7014413e-001
 1.7047961e-001
 1.7080675e-001
 1.7111290e-001
 1.7138894e-001
 1.7163071e-001
 1.7183971e-001
 1.7202275e-001
 1.7219047e-001
 1.7235552e-001
 1.7253041e-001
 1.7272563e-001
 1.7294823e-001
 1.7320108e-001
 1.7348301e-001
 1.7378955e-001
 1.7411393e-001
 1.7444883e-001
 1.7478733e-001
 1.7512414e-001
 1.7545623e-001
 1.7578265e-001
 1.7610449e-001
 1.7642401e-001
 1.7674400e-001
 1.7706729e-001
 1.7739613e-001
 1.7773232e-001
 1.7807700e-001
 1.7843103e-001
 1.7879547e-001
 1.7917131e-001
 1.7955989e-001
 1.7996228e-001
 1.8037906e-001
 1.8080987e-001
 1.8125269e-001
 1.8170384e-001
 1.8215829e-001
 1.8261001e-001
 1.8305334e-001
 1.8348388e-001
 1.8389972e-001
 1.8430220e-001
 1.8469568e-001
 1.8508720e-001
 1.8548489e-001
 1.8589652e-001
 1.8632823e-001
 1.8678311e-001
 1.8726119e-001
 1.8775961e-001
 1.8827349e-001
 1.8879759e-001
 1.8932691e-001
 1.8985808e-001
 1.9038917e-001
 1.9091974e-001
 1.9145028e-001
 1.9198117e-001
 1.9251204e-001
 1.9304164e-001
 1.9356731e-001
 1.9408578e-001
 1.9459343e-001
 1.9508718e-001
 1.9556551e-001
 1.9602852e-001
 1.9647877e-001
 1.9692072e-001
 1.9736058e-001
 1.9780563e-001
 1.9826320e-001
 1.9874011e-001
 1.9924162e-001
 1.9977111e-001
 2.0032986e-001
 2.0091665e-001
 2.0152837e-001
 2.0215976e-001
 2.0280397e-001
 2.0345321e-001
 2.0409887e-001
 2.0473239e-001
 2.0534633e-001
 2.0593467e-001
 2.0649418e-001
 2.0702448e-001
 2.0752837e-001
 2.0801167e-001
 2.0848195e-001
 2.0894775e-001
 2.0941681e-001
 2.0989497e-001
 2.1038559e-001
 2.1088877e-001
 2.1140221e-001
 2.1192157e-001
 2.1244171e-001
 2.1295792e-001
 2.1346638e-001
 2.1396506e-001
 2.1445338e-001
 2.1493223e-001
 2.1540354e-001
 2.1586944e-001
 2.1633226e-001
 2.1679376e-001
 2.1725519e-001
 2.1771741e-001
 2.1818063e-001
 2.1864487e-001
 2.1911034e-001
 2.1957742e-001
 2.2004738e-001
 2.2052230e-001
 2.2100514e-001
 2.2149985e-001
 2.2201024e-001
 2.2253974e-001
 2.2308980e-001
 2.2365917e-001
 2.2424346e-001
 2.2483461e-001
 2.2542217e-001
 2.2599435e-001
 2.2654022e-001
 2.2705205e-001
 2.2752669e-001
 2.2796699e-001
 2.2838125e-001
 2.2878197e-001
 2.2918390e-001
 2.2960091e-001
 2.3004360e-001
 2.3051737e-001
 2.3102072e-001
 2.3154584e-001
 2.3207942e-001
 2.3260562e-001
 2.3310956e-001
 2.3357978e-001
 2.3401047e-001
 2.3440182e-001
 2.3475984e-001
 2.3509625e-001
 2.3542707e-001
 2.3577078e-001
 2.3614512e-001
 2.3656397e-001
 2.3703496e-001
 2.3755784e-001
 2.3812519e-001
 2.3872370e-001
 2.3933707e-001
 2.3994936e-001
 2.4054681e-001
 2.4111943e-001
 2.4166057e-001
 2.4216653e-001
 2.4263604e-001
 2.4306914e-001
 2.4346726e-001
 2.4383321e-001
 2.4417098e-001
 2.4448609e-001
 2.4478547e-001
 2.4507728e-001
 2.4537060e-001
 2.4567439e-001
 2.4599688e-001
 2.4634436e-001
 2.4672040e-001
 2.4712554e-001
 2.4755700e-001
 2.4800952e-001
 2.4847560e-001
 2.4894640e-001
 2.4941267e-001
 2.4986477e-001
 2.5029373e-001
 2.5069156e-001
 2.5105190e-001
 2.5137082e-001
 2.5164676e-001
 2.5188097e-001
 2.5207767e-001
 2.5224340e-001
 2.5238699e-001
 2.5251886e-001
 2.5265050e-001
 2.5279343e-001
 2.5295839e-001
 2.5315461e-001
 2.5338894e-001
 2.5366548e-001
 2.5398526e-001
 2.5434598e-001
 2.5474265e-001
 2.5516754e-001
 2.5561097e-001
 2.5606254e-001
 2.5651184e-001
 2.5694993e-001
 2.5737005e-001
 2.5776836e-001
 2.5814405e-001
 2.5849903e-001
 2.5883713e-001
 2.5916353e-001
 2.5948343e-001
 2.5980154e-001
 2.6012132e-001
 2.6044461e-001
 2.6077196e-001
 2.6110226e-001
 2.6143372e-001
 2.6176390e-001
 2.6209033e-001
 2.6241079e-001
 2.6272351e-001
 2.6302716e-001
 2.6332086e-001
 2.6360393e-001
 2.6387584e-001
 2.6413596e-001
 2.6438361e-001
 2.6461801e-001
 2.6483846e-001
 2.6504466e-001
 2.6523671e-001
 2.6541567e-001
 2.6558343e-001
 2.6574296e-001
 2.6589814e-001
 2.6605350e-001
 2.6621383e-001
 2.6638380e-001
 2.6656744e-001
 2.6676777e-001
 2.6698649e-001
 2.6722366e-001
 2.6747796e-001
 2.6774639e-001
 2.6802486e-001
 2.6830807e-001
 2.6859021e-001
 2.6886529e-001
 2.6912770e-001
 2.6937300e-001
 2.6959839e-001
 2.6980355e-001
 2.6999092e-001
 2.7016598e-001
 2.7033693e-001
 2.7051383e-001
 2.7070749e-001
 2.7092785e-001
 2.7118212e-001
 2.7147347e-001
 2.7179992e-001
 2.7215397e-001
 2.7252361e-001
 2.7289349e-001
 2.7324757e-001
 2.7357164e-001
 2.7385551e-001
 2.7409521e-001
 2.7429348e-001
 2.7445963e-001
 2.7460808e-001
 2.7475566e-001
 2.7491871e-001
 2.7510965e-001
 2.7533463e-001
 2.7559194e-001
 2.7587235e-001
 2.7616084e-001
 2.7643898e-001
 2.7668783e-001
 2.7689090e-001
 2.7703601e-001
 2.7711666e-001
 2.7713269e-001
 2.7709082e-001
 2.7700359e-001
 2.7688807e-001
 2.7676356e-001
 2.7664939e-001
 2.7656284e-001
 2.7651730e-001
 2.7652165e-001
 2.7657989e-001
 2.7669170e-001
 2.7685332e-001
 2.7705836e-001
 2.7729884e-001
 2.7756575e-001
 2.7785027e-001
 2.7814382e-001
 2.7843884e-001
 2.7872896e-001
 2.7900937e-001
 2.7927727e-001
 2.7953157e-001
 2.7977332e-001
 2.8000519e-001
 2.8023145e-001
 2.8045747e-001
 2.8068915e-001
 2.8093252e-001
 2.8119332e-001
 2.8147638e-001
 2.8178543e-001
 2.8212276e-001
 2.8248888e-001
 2.8288239e-001
 2.8329945e-001
 2.8373364e-001
 2.8417563e-001
 2.8461331e-001
 2.8503227e-001
 2.8541631e-001
 2.8574908e-001
 2.8601554e-001
 2.8620392e-001
 2.8630781e-001
 2.8632751e-001
 2.8627115e-001
 2.8615463e-001
 2.8600055e-001
 2.8583622e-001
 2.8569078e-001
 2.8559193e-001
 2.8556252e-001
 2.8561789e-001
 2.8576392e-001
 2.8599653e-001
 2.8630215e-001
 2.8665996e-001
 2.8704441e-001
 2.8742903e-001
 2.8778946e-001
 2.8810647e-001
 2.8836805e-001
 2.8857020e-001
 2.8871679e-001
 2.8881806e-001
 2.8888869e-001
 2.8894514e-001
 2.8900322e-001
 2.8907591e-001
 2.8917181e-001
 2.8929451e-001
 2.8944266e-001
 2.8961104e-001
 2.8979203e-001
 2.8997731e-001
 2.9015976e-001
 2.9033515e-001
 2.9050285e-001
 2.9066634e-001
 2.9083285e-001
 2.9101208e-001
 2.9121482e-001
 2.9145077e-001
 2.9172662e-001
 2.9204467e-001
 2.9240140e-001
 2.9278758e-001
 2.9318836e-001
 2.9358491e-001
 2.9395646e-001
 2.9428226e-001
 2.9454419e-001
 2.9472861e-001
 2.9482779e-001
 2.9484063e-001
 2.9477260e-001
 2.9463476e-001
 2.9444268e-001
 2.9421479e-001
 2.9397076e-001
 2.9373020e-001
 2.9351151e-001
 2.9333085e-001
 2.9320186e-001
 2.9313508e-001
 2.9313761e-001
 2.9321289e-001
 2.9336047e-001
 2.9357564e-001
 2.9384959e-001
 2.9416957e-001
 2.9451948e-001
 2.9488096e-001
 2.9523474e-001
 2.9556257e-001
 2.9584879e-001
 2.9608193e-001
 2.9625618e-001
 2.9637158e-001
 2.9643324e-001
 2.9645026e-001
 2.9643443e-001
 2.9639864e-001
 2.9635593e-001
 2.9631829e-001
 2.9629621e-001
 2.9629856e-001
 2.9633206e-001
 2.9640114e-001
 2.9650784e-001
 2.9665199e-001
 2.9683143e-001
 2.9704213e-001
 2.9727843e-001
 2.9753307e-001
 2.9779753e-001
 2.9806203e-001
 2.9834729e-001
 2.9859215e-001
 2.9880318e-001
 2.9897043e-001
 2.9908690e-001
 2.9915059e-001
 2.9916561e-001
 2.9914153e-001
 2.9909176e-001
 2.9903170e-001
 2.9897740e-001
 2.9894435e-001
 2.9894650e-001
 2.9899484e-001
 2.9909545e-001
 2.9924867e-001
 2.9944849e-001
 2.9968324e-001
 2.9993695e-001
 3.0019102e-001
 3.0042565e-001
 3.0062106e-001
 3.0075881e-001
 3.0082357e-001
 3.0080533e-001
 3.0070159e-001
 3.0051818e-001
 3.0026853e-001
 2.9997152e-001
 2.9964930e-001
 2.9932550e-001
 2.9902363e-001
 2.9876623e-001
 2.9857287e-001
 2.9845855e-001
 2.9843196e-001
 2.9849479e-001
 2.9864255e-001
 2.9886597e-001
 2.9915321e-001
 2.9949081e-001
 2.9986519e-001
 3.0026266e-001
 3.0067024e-001
 3.0107614e-001
 3.0146983e-001
 3.0184272e-001
 3.0218753e-001
 3.0249813e-001
 3.0276915e-001
 3.0299550e-001
 3.0317262e-001
 3.0329645e-001
 3.0336431e-001
 3.0337545e-001
 3.0333206e-001
 3.0323926e-001
 3.0310506e-001
 3.0293950e-001
 3.0275378e-001
 3.0255970e-001
 3.0236897e-001
 3.0219275e-001
 3.0204085e-001
 3.0192074e-001
 3.0183694e-001
 3.0179042e-001
 3.0177915e-001
 3.0179879e-001
 3.0184367e-001
 3.0190748e-001
 3.0198371e-001
 3.0206615e-001
 3.0214912e-001
 3.0222794e-001
 3.0229938e-001
 3.0236158e-001
 3.0241421e-001
 3.0245787e-001
 3.0249381e-001
 3.0252349e-001
 3.0254859e-001
 3.0257067e-001
 3.0259120e-001
 3.0261150e-001
 3.0263251e-001
 3.0265498e-001
 3.0267930e-001
 3.0270568e-001
 3.0273420e-001
 3.0276492e-001
 3.0279785e-001
 3.0283296e-001
 3.0287027e-001
 3.0290979e-001
 3.0295154e-001
 3.0299553e-001
 3.0304185e-001
 3.0309048e-001
 3.0314150e-001
 3.0319500e-001
 3.0325106e-001
 3.0330980e-001
 3.0337149e-001
 3.0343664e-001
 3.0350596e-001
 3.0358046e-001
 3.0366153e-001
 3.0375063e-001
 3.0384940e-001
 3.0395946e-001
 3.0408233e-001
 3.0421922e-001
 3.0437055e-001
 3.0453560e-001
 3.0471203e-001
 3.0489573e-001
 3.0508095e-001
 3.0526078e-001
 3.0542761e-001
 3.0557361e-001
 3.0569097e-001
 3.0577260e-001
 3.0581272e-001
 3.0580771e-001
 3.0575711e-001
 3.0566373e-001
 3.0553347e-001
 3.0537444e-001
 3.0519614e-001
 3.0500850e-001
 3.0482173e-001
 3.0464542e-001
 3.0448818e-001
 3.0435681e-001
 3.0425566e-001
 3.0418640e-001
 3.0414829e-001
 3.0413878e-001
 3.0415422e-001
 3.0419043e-001
 3.0424318e-001
 3.0430824e-001
 3.0438173e-001
 3.0446023e-001
 3.0454114e-001
 3.0462265e-001
 3.0470359e-001
 3.0478343e-001
 3.0486193e-001
 3.0493903e-001
 3.0501470e-001
 3.0508900e-001
 3.0516219e-001
 3.0523458e-001
 3.0530676e-001
 3.0537966e-001
 3.0545434e-001
 3.0553210e-001
 3.0561432e-001
 3.0570239e-001
 3.0579779e-001
 3.0590177e-001
 3.0601555e-001
 3.0613998e-001
 3.0627549e-001
 3.0642220e-001
 3.0657974e-001
 3.0674744e-001
 3.0692452e-001
 3.0710998e-001
 3.0730286e-001
 3.0750185e-001
 3.0770528e-001
 3.0791089e-001
 3.0811539e-001
 3.0831462e-001
 3.0850336e-001
 3.0867586e-001
 3.0882594e-001
 3.0894732e-001
 3.0903393e-001
 3.0908027e-001
 3.0908221e-001
 3.0903792e-001
 3.0894852e-001
 3.0881846e-001
 3.0865535e-001
 3.0846891e-001
 3.0827025e-001
 3.0807102e-001
 3.0788302e-001
 3.0771741e-001
 3.0758440e-001
 3.0749223e-001
 3.0744666e-001
 3.0745053e-001
 3.0750427e-001
 3.0760628e-001
 3.0775395e-001
 3.0794400e-001
 3.0817291e-001
 3.0843678e-001
 3.0873138e-001
 3.0905178e-001
 3.0939186e-001
 3.0974469e-001
 3.1010231e-001
 3.1045613e-001
 3.1079692e-001
 3.1111556e-001
 3.1140319e-001
 3.1165141e-001
 3.1185368e-001
 3.1200594e-001
 3.1210762e-001
 3.1216210e-001
 3.1217629e-001
 3.1215966e-001
 3.1212327e-001
 3.1207877e-001
 3.1203797e-001
 3.1201193e-001
 3.1201041e-001
 3.1204069e-001
 3.1210682e-001
 3.1220934e-001
 3.1234547e-001
 3.1250998e-001
 3.1269634e-001
 3.1289729e-001
 3.1310549e-001
 3.1331384e-001
 3.1351614e-001
 3.1370762e-001
 3.1388524e-001
 3.1404826e-001
 3.1419772e-001
 3.1433600e-001
 3.1446651e-001
 3.1459287e-001
 3.1471881e-001
 3.1484774e-001
 3.1498250e-001
 3.1512496e-001
 3.1527540e-001
 3.1543267e-001
 3.1559420e-001
 3.1575623e-001
 3.1591457e-001
 3.1606469e-001
 3.1620198e-001
 3.1632233e-001
 3.1642228e-001
 3.1649968e-001
 3.1655389e-001
 3.1658635e-001
 3.1660005e-001
 3.1659928e-001
 3.1658903e-001
 3.1657469e-001
 3.1656164e-001
 3.1655511e-001
 3.1655985e-001
 3.1657982e-001
 3.1661797e-001
 3.1667596e-001
 3.1675452e-001
 3.1685340e-001
 3.1697208e-001
 3.1710964e-001
 3.1726500e-001
 3.1743687e-001
 3.1762356e-001
 3.1782264e-001
 3.1803069e-001
 3.1824335e-001
 3.1845531e-001
 3.1866041e-001
 3.1885228e-001
 3.1902435e-001
 3.1917024e-001
 3.1928426e-001
 3.1936207e-001
 3.1940168e-001
 3.1940421e-001
 3.1937432e-001
 3.1931973e-001
 3.1925052e-001
 3.1917813e-001
 3.1911460e-001
 3.1907186e-001
 3.1906113e-001
 3.1909186e-001
 3.1917068e-001
 3.1930035e-001
 3.1947932e-001
 3.1970224e-001
 3.1996065e-001
 3.2024464e-001
 3.2054353e-001
 3.2084626e-001
 3.2114249e-001
 3.2142305e-001
 3.2168052e-001
 3.2191026e-001
 3.2211062e-001
 3.2228243e-001
 3.2242867e-001
 3.2255334e-001
 3.2266104e-001
 3.2275641e-001
 3.2284370e-001
 3.2292646e-001
 3.2300666e-001
 3.2308447e-001
 3.2315791e-001
 3.2322302e-001
 3.2327449e-001
 3.2330617e-001
 3.2331169e-001
 3.2328486e-001
 3.2322061e-001
 3.2311597e-001
 3.2297185e-001
 3.2279408e-001
 3.2259399e-001
 3.2238808e-001
 3.2219642e-001
 3.2204127e-001
 3.2194567e-001
 3.2193208e-001
 3.2202056e-001
 3.2222623e-001
 3.2255557e-001
 3.2300377e-001
 3.2355329e-001
 3.2417485e-001
 3.2483104e-001
 3.2547954e-001
 3.2607549e-001
 3.2657501e-001
 3.2693714e-001
 3.2712814e-001
 3.2712612e-001
 3.2692558e-001
 3.2653871e-001
 3.2599437e-001
 3.2533303e-001
 3.2460216e-001
 3.2385287e-001
 3.2313594e-001
 3.2249942e-001
 3.2198557e-001
 3.2162541e-001
 3.2143557e-001
 3.2141674e-001
 3.2155496e-001
 3.2182559e-001
 3.2219774e-001
 3.2263723e-001
 3.2310972e-001
 3.2358214e-001
 3.2402474e-001
 3.2441413e-001
 3.2473508e-001
 3.2498148e-001
 3.2515535e-001
 3.2526496e-001
 3.2532212e-001
 3.2534039e-001
 3.2533371e-001
 3.2531554e-001
 3.2529792e-001
 3.2529041e-001
 3.2529920e-001
 3.2532668e-001
 3.2537198e-001
 3.2543162e-001
 3.2550076e-001
 3.2557374e-001
 3.2564497e-001
 3.2570913e-001
 3.2576185e-001
 3.2580045e-001
 3.2582438e-001
 3.2583556e-001
 3.2583803e-001
 3.2583758e-001
 3.2584086e-001
 3.2585493e-001
 3.2588661e-001
 3.2594207e-001
 3.2602572e-001
 3.2613912e-001
 3.2628000e-001
 3.2644179e-001
 3.2661411e-001
 3.2678369e-001
 3.2693568e-001
 3.2705447e-001
 3.2712471e-001
 3.2713243e-001
 3.2706642e-001
 3.2692027e-001
 3.2669407e-001
 3.2639512e-001
 3.2603717e-001
 3.2563862e-001
 3.2522103e-001
 3.2480684e-001
 3.2441857e-001
 3.2407722e-001
 3.2380092e-001
 3.2360217e-001
 3.2348639e-001
 3.2345101e-001
 3.2348618e-001
 3.2357675e-001
 3.2370442e-001
 3.2384947e-001
 3.2399204e-001
 3.2411352e-001
 3.2419774e-001
 3.2423306e-001
 3.2421386e-001
 3.2414120e-001
 3.2402217e-001
 3.2386827e-001
 3.2369375e-001
 3.2351393e-001
 3.2334426e-001
 3.2319960e-001
 3.2309276e-001
 3.2303345e-001
 3.2302710e-001
 3.2307431e-001
 3.2317141e-001
 3.2331154e-001
 3.2348588e-001
 3.2368478e-001
 3.2389846e-001
 3.2411712e-001
 3.2433188e-001
 3.2453504e-001
 3.2472059e-001
 3.2488430e-001
 3.2502362e-001
 3.2513738e-001
 3.2522494e-001
 3.2528618e-001
 3.2532111e-001
 3.2532975e-001
 3.2531217e-001
 3.2526854e-001
 3.2519904e-001
 3.2510397e-001
 3.2498369e-001
 3.2483855e-001
 3.2466903e-001
 3.2447571e-001
 3.2425919e-001
 3.2402092e-001
 3.2376319e-001
 3.2349011e-001
 3.2320842e-001
 3.2292733e-001
 3.2265857e-001
 3.2241562e-001
 3.2221314e-001
 3.2206595e-001
 3.2198861e-001
 3.2199425e-001
 3.2209304e-001
 3.2229033e-001
 3.2258466e-001
 3.2296726e-001
 3.2342285e-001
 3.2393083e-001
 3.2446805e-001
 3.2500991e-001
 3.2553184e-001
 3.2600975e-001
 3.2642207e-001
 3.2675084e-001
 3.2698295e-001
 3.2711092e-001
 3.2713223e-001
 3.2704800e-001
 3.2686168e-001
 3.2657775e-001
 3.2620150e-001
 3.2573923e-001
 3.2519862e-001
 3.2458973e-001
 3.2392651e-001
 3.2322615e-001
 3.2250929e-001
 3.2179952e-001
 3.2112134e-001
 3.2049987e-001
 3.1996024e-001
 3.1952548e-001
 3.1921530e-001
 3.1904364e-001
 3.1901661e-001
 3.1913146e-001
 3.1937778e-001
 3.1973907e-001
 3.2019556e-001
 3.2072586e-001
 3.2130781e-001
 3.2191995e-001
 3.2254174e-001
 3.2315481e-001
 3.2374287e-001
 3.2429296e-001
 3.2479477e-001
 3.2523948e-001
 3.2561994e-001
 3.2592949e-001
 3.2616207e-001
 3.2631275e-001
 3.2637876e-001
 3.2636064e-001
 3.2626358e-001
 3.2609797e-001
 3.2587862e-001
 3.2562411e-001
 3.2535470e-001
 3.2509154e-001
 3.2485577e-001
 3.2466689e-001
 3.2454133e-001
 3.2449049e-001
 3.2451850e-001
 3.2462174e-001
 3.2478955e-001
 3.2500601e-001
 3.2525223e-001
 3.2550803e-001
 3.2575303e-001
 3.2596838e-001
 3.2613823e-001
 3.2625169e-001
 3.2630488e-001
 3.2630149e-001
 3.2625207e-001
 3.2617253e-001
 3.2608166e-001
 3.2599977e-001
 3.2594720e-001
 3.2594293e-001
 3.2600281e-001
 3.2613727e-001
 3.2634932e-001
 3.2663375e-001
 3.2697800e-001
 3.2736465e-001
 3.2777333e-001
 3.2818270e-001
 3.2857126e-001
 3.2891908e-001
 3.2920870e-001
 3.2942662e-001
 3.2956484e-001
 3.2962120e-001
 3.2959911e-001
 3.2950646e-001
 3.2935372e-001
 3.2915270e-001
 3.2891575e-001
 3.2865494e-001
 3.2838210e-001
 3.2810900e-001
 3.2785559e-001
 3.2767430e-001
 3.2746091e-001
 3.2727310e-001
 3.2711169e-001
 3.2697764e-001
 3.2687178e-001
 3.2679519e-001
 3.2674864e-001
 3.2673311e-001
 3.2674947e-001
 3.2679844e-001
 3.2687744e-001
 3.2698268e-001
 3.2710999e-001
 3.2725546e-001
 3.2741490e-001
 3.2758442e-001
 3.2775992e-001
 3.2793742e-001
 3.2811287e-001
 3.2828224e-001
 3.2844153e-001
 3.2858670e-001
 3.2871369e-001
 3.2881889e-001
 3.2890180e-001
 3.2896367e-001
 3.2900587e-001
 3.2902962e-001
 3.2903621e-001
 3.2902694e-001
 3.2900310e-001
 3.2896599e-001
 3.2891688e-001
 3.2885706e-001
 3.2878780e-001
 3.2871041e-001
 3.2862619e-001
 3.2853642e-001
 3.2844239e-001
 3.2834533e-001
 3.2824659e-001
 3.2814735e-001
 3.2804829e-001
 3.2794952e-001
 3.2785150e-001
 3.2775441e-001
 3.2765847e-001
 3.2756397e-001
 3.2747129e-001
 3.2738060e-001
 3.2729217e-001
 3.2720628e-001
 3.2712322e-001
 3.2704324e-001
 3.2696664e-001
 3.2689363e-001
 3.2682455e-001
 3.2675958e-001
 3.2669911e-001
 3.2664326e-001
 3.2659248e-001
 3.2654691e-001
 3.2650682e-001
 3.2647249e-001
 3.2644385e-001
 3.2642072e-001
 3.2640278e-001
 3.2638997e-001
 3.2638195e-001
 3.2637855e-001
 3.2637957e-001
 3.2638478e-001
 3.2639399e-001
 3.2640699e-001
 3.2642350e-001
 3.2644337e-001
 3.2646638e-001
 3.2649231e-001
 3.2652095e-001
 3.2655209e-001
 3.2658547e-001
 3.2662097e-001
 3.2665831e-001
 3.2669726e-001
 3.2673767e-001
 3.2677925e-001
 3.2682189e-001
 3.2686532e-001
 3.2690927e-001
 3.2695362e-001
 3.2699797e-001
 3.2704204e-001
 3.2708541e-001
 3.2712775e-001
 3.2716867e-001
 3.2720786e-001
 3.2724494e-001
 3.2727954e-001
 3.2731128e-001
 3.2733986e-001
 3.2736492e-001
 3.2738602e-001
 3.2740283e-001
 3.2741505e-001
 3.2742232e-001
 3.2742423e-001
 3.2742041e-001
 3.2741055e-001
 3.2739425e-001
 3.2737118e-001
 3.2734096e-001
 3.2730326e-001
 3.2725769e-001
 3.2720393e-001
 3.2714158e-001
 3.2707036e-001
 3.2698977e-001
 3.2689953e-001
 3.2679930e-001
 3.2668883e-001
 3.2656837e-001
 3.2643872e-001
 3.2630056e-001
