s07_ASD Record=12550: Alunite_NH4+Jaro NMNH145596A  BECKb AREF
 1.2617384e-001
 1.2803973e-001
 1.2999235e-001
 1.3203898e-001
 1.3418964e-001
 1.3645375e-001
 1.3883804e-001
 1.4134370e-001
 1.4396545e-001
 1.4669104e-001
 1.4950414e-001
 1.5238595e-001
 1.5531741e-001
 1.5827882e-001
 1.6124871e-001
 1.6420516e-001
 1.6712706e-001
 1.6999683e-001
 1.7280215e-001
 1.7553931e-001
 1.7821574e-001
 1.8085031e-001
 1.8347086e-001
 1.8610793e-001
 1.8879049e-001
 1.9154234e-001
 1.9438049e-001
 1.9731542e-001
 2.0035525e-001
 2.0351188e-001
 2.0679989e-001
 2.1023507e-001
 2.1383448e-001
 2.1762252e-001
 2.2162770e-001
 2.2587350e-001
 2.3038012e-001
 2.3516513e-001
 2.4024014e-001
 2.4560468e-001
 2.5124601e-001
 2.5714108e-001
 2.6326159e-001
 2.6958281e-001
 2.7608880e-001
 2.8277534e-001
 2.8964368e-001
 2.9669258e-001
 3.0390668e-001
 3.1125212e-001
 3.1867716e-001
 3.2611874e-001
 3.3351478e-001
 3.4081113e-001
 3.4796646e-001
 3.5494533e-001
 3.6171576e-001
 3.6825374e-001
 3.7453419e-001
 3.8048375e-001
 3.8601488e-001
 3.9116377e-001
 3.9593872e-001
 4.0028343e-001
 4.0409470e-001
 4.0734640e-001
 4.1006362e-001
 4.1227502e-001
 4.1399884e-001
 4.1526186e-001
 4.1609636e-001
 4.1653338e-001
 4.1659307e-001
 4.1628402e-001
 4.1560522e-001
 4.1455007e-001
 4.1311148e-001
 4.1129199e-001
 4.0912035e-001
 4.0667135e-001
 4.0407932e-001
 4.0153816e-001
 3.9928108e-001
 3.9754534e-001
 3.9653048e-001
 3.9636636e-001
 3.9710060e-001
 3.9870816e-001
 4.0111360e-001
 4.0421358e-001
 4.0788925e-001
 4.1201243e-001
 4.1645128e-001
 4.2108437e-001
 4.2581716e-001
 4.3059379e-001
 4.3539762e-001
 4.4023389e-001
 4.4510323e-001
 4.4997960e-001
 4.5481098e-001
 4.5953947e-001
 4.6412590e-001
 4.6856204e-001
 4.7286296e-001
 4.7704494e-001
 4.8109913e-001
 4.8498586e-001
 4.8865211e-001
 4.9206021e-001
 4.9521050e-001
 4.9814174e-001
 5.0091392e-001
 5.0358325e-001
 5.0618732e-001
 5.0874281e-001
 5.1125133e-001
 5.1370585e-001
 5.1609623e-001
 5.1841831e-001
 5.2067941e-001
 5.2289325e-001
 5.2506387e-001
 5.2717566e-001
 5.2920634e-001
 5.3115237e-001
 5.3304350e-001
 5.3492802e-001
 5.3684700e-001
 5.3881896e-001
 5.4084247e-001
 5.4289865e-001
 5.4494685e-001
 5.4693192e-001
 5.4881382e-001
 5.5059963e-001
 5.5234039e-001
 5.5409497e-001
 5.5590087e-001
 5.5777353e-001
 5.5971587e-001
 5.6170779e-001
 5.6369120e-001
 5.6558317e-001
 5.6732595e-001
 5.6892818e-001
 5.7045275e-001
 5.7196325e-001
 5.7347929e-001
 5.7497770e-001
 5.7642597e-001
 5.7781857e-001
 5.7918888e-001
 5.8058709e-001
 5.8203650e-001
 5.8351225e-001
 5.8496851e-001
 5.8638513e-001
 5.8777660e-001
 5.8915800e-001
 5.9051549e-001
 5.9181422e-001
 5.9302753e-001
 5.9416068e-001
 5.9526044e-001
 5.9640443e-001
 5.9766442e-001
 5.9906095e-001
 6.0054815e-001
 6.0204977e-001
 6.0351324e-001
 6.0492975e-001
 6.0630202e-001
 6.0760868e-001
 6.0881275e-001
 6.0990548e-001
 6.1092454e-001
 6.1192304e-001
 6.1292589e-001
 6.1392117e-001
 6.1488789e-001
 6.1582768e-001
 6.1677653e-001
 6.1780101e-001
 6.1897659e-001
 6.2032968e-001
 6.2177086e-001
 6.2312251e-001
 6.2427348e-001
 6.2530816e-001
 6.2643296e-001
 6.2777019e-001
 6.2926120e-001
 6.3075817e-001
 6.3215709e-001
 6.3343406e-001
 6.3461161e-001
 6.3573253e-001
 6.3685656e-001
 6.3803470e-001
 6.3925529e-001
 6.4043373e-001
 6.4149302e-001
 6.4245689e-001
 6.4343393e-001
 6.4451087e-001
 6.4570194e-001
 6.4702338e-001
 6.4858562e-001
 6.5053272e-001
 6.5283793e-001
 6.5520674e-001
 6.5727609e-001
 6.5890729e-001
 6.6022319e-001
 6.6140568e-001
 6.6255188e-001
 6.6368133e-001
 6.6475046e-001
 6.6565764e-001
 6.6634691e-001
 6.6692597e-001
 6.6760039e-001
 6.6846752e-001
 6.6942662e-001
 6.7029995e-001
 6.7100817e-001
 6.7162663e-001
 6.7229551e-001
 6.7307699e-001
 6.7388672e-001
 6.7457342e-001
 6.7508703e-001
 6.7554694e-001
 6.7609596e-001
 6.7670941e-001
 6.7721528e-001
 6.7749608e-001
 6.7761165e-001
 6.7772782e-001
 6.7796791e-001
 6.7832798e-001
 6.7869908e-001
 6.7896044e-001
 6.7907292e-001
 6.7909878e-001
 6.7912960e-001
 6.7920405e-001
 6.7930639e-001
 6.7942208e-001
 6.7956424e-001
 6.7976040e-001
 6.8002337e-001
 6.8029583e-001
 6.8044585e-001
 6.8042165e-001
 6.8036479e-001
 6.8044889e-001
 6.8070412e-001
 6.8108022e-001
 6.8149632e-001
 6.8179488e-001
 6.8185836e-001
 6.8177319e-001
 6.8173492e-001
 6.8183208e-001
 6.8202031e-001
 6.8226516e-001
 6.8260378e-001
 6.8304735e-001
 6.8350500e-001
 6.8387997e-001
 6.8419856e-001
 6.8455493e-001
 6.8496656e-001
 6.8537575e-001
 6.8576616e-001
 6.8618286e-001
 6.8663180e-001
 6.8704808e-001
 6.8739861e-001
 6.8775314e-001
 6.8820339e-001
 6.8873060e-001
 6.8924898e-001
 6.8977910e-001
 6.9043696e-001
 6.9122517e-001
 6.9198042e-001
 6.9258934e-001
 6.9311213e-001
 6.9364351e-001
 6.9419706e-001
 6.9477403e-001
 6.9540906e-001
 6.9608682e-001
 6.9673949e-001
 6.9738579e-001
 6.9816339e-001
 6.9915760e-001
 7.0027804e-001
 7.0134759e-001
 7.0226020e-001
 7.0303875e-001
 7.0378000e-001
 7.0456469e-001
 7.0541358e-001
 7.0630395e-001
 7.0719457e-001
 7.0803624e-001
 7.0880234e-001
 7.0953733e-001
 7.1035296e-001
 7.1134806e-001
 7.1252197e-001
 7.1375698e-001
 7.1489793e-001
 7.1586543e-001
 7.1670586e-001
 7.1756846e-001
 7.1861565e-001
 7.1990919e-001
 7.2134542e-001
 7.2272390e-001
 7.2390610e-001
 7.2491282e-001
 7.2588032e-001
 7.2692537e-001
 7.2804749e-001
 7.2916007e-001
 7.3020762e-001
 7.3124564e-001
 7.3239499e-001
 7.3371017e-001
 7.3509026e-001
 7.3633671e-001
 7.3731571e-001
 7.3807383e-001
 7.3880267e-001
 7.3970491e-001
 7.4088681e-001
 7.4232888e-001
 7.4389207e-001
 7.4533778e-001
 7.4640793e-001
 7.4696851e-001
 7.4710625e-001
 7.4706227e-001
 7.4706346e-001
 7.4720693e-001
 7.4747103e-001
 7.4780637e-001
 7.4821937e-001
 7.4880826e-001
 7.4968839e-001
 7.5084704e-001
 7.5210625e-001
 7.5321949e-001
 7.5405902e-001
 7.5475597e-001
 7.5560975e-001
 7.5673342e-001
 7.5788301e-001
 7.5880754e-001
 7.5954670e-001
 7.6017660e-001
 7.6057136e-001
 7.6071179e-001
 7.6092923e-001
 7.6150471e-001
 7.6226807e-001
 7.6286733e-001
 7.6323897e-001
 7.6367205e-001
 7.6450723e-001
 7.6573968e-001
 7.6693028e-001
 7.6764154e-001
 7.6786000e-001
 7.6789474e-001
 7.6802361e-001
 7.6829183e-001
 7.6857305e-001
 7.6882398e-001
 7.6919436e-001
 7.6977873e-001
 7.7040333e-001
 7.7080745e-001
 7.7092457e-001
 7.7090299e-001
 7.7093959e-001
 7.7111423e-001
 7.7134925e-001
 7.7152985e-001
 7.7162355e-001
 7.7166730e-001
 7.7168518e-001
 7.7165818e-001
 7.7154237e-001
 7.7131104e-001
 7.7105600e-001
 7.7097082e-001
 7.7109462e-001
 7.7122855e-001
 7.7118266e-001
 7.7096111e-001
 7.7073449e-001
 7.7068168e-001
 7.7082980e-001
 7.7104676e-001
 7.7117252e-001
 7.7111650e-001
 7.7086413e-001
 7.7045286e-001
 7.6999402e-001
 7.6966029e-001
 7.6957476e-001
 7.6966321e-001
 7.6966614e-001
 7.6933777e-001
 7.6864147e-001
 7.6775473e-001
 7.6691109e-001
 7.6626986e-001
 7.6589793e-001
 7.6580447e-001
 7.6594311e-001
 7.6620895e-001
 7.6646084e-001
 7.6657259e-001
 7.6656562e-001
 7.6641178e-001
 7.6611221e-001
 7.6569998e-001
 7.6522118e-001
 7.6472175e-001
 7.6424205e-001
 7.6378262e-001
 7.6332867e-001
 7.6286513e-001
 7.6238143e-001
 7.6189399e-001
 7.6143062e-001
 7.6101929e-001
 7.6068074e-001
 7.6038778e-001
 7.6009387e-001
 7.5975275e-001
 7.5932789e-001
 7.5884879e-001
 7.5829679e-001
 7.5789410e-001
 7.5761390e-001
 7.5744677e-001
 7.5731999e-001
 7.5715822e-001
 7.5688589e-001
 7.5643080e-001
 7.5578815e-001
 7.5502080e-001
 7.5419438e-001
 7.5337470e-001
 7.5262582e-001
 7.5198328e-001
 7.5145340e-001
 7.5104129e-001
 7.5075245e-001
 7.5059068e-001
 7.5053084e-001
 7.5051993e-001
 7.5050294e-001
 7.5042546e-001
 7.5023305e-001
 7.4988872e-001
 7.4942523e-001
 7.4889159e-001
 7.4833721e-001
 7.4781144e-001
 7.4736339e-001
 7.4702823e-001
 7.4678630e-001
 7.4660468e-001
 7.4645060e-001
 7.4629110e-001
 7.4609357e-001
 7.4582499e-001
 7.4546212e-001
 7.4501818e-001
 7.4451488e-001
 7.4397409e-001
 7.4341750e-001
 7.4286711e-001
 7.4234462e-001
 7.4187189e-001
 7.4146473e-001
 7.4111730e-001
 7.4081820e-001
 7.4055594e-001
 7.4031949e-001
 7.4009752e-001
 7.3987865e-001
 7.3965156e-001
 7.3940718e-001
 7.3914379e-001
 7.3886168e-001
 7.3856103e-001
 7.3824215e-001
 7.3790503e-001
 7.3755020e-001
 7.3717767e-001
 7.3678869e-001
 7.3638833e-001
 7.3598230e-001
 7.3557657e-001
 7.3517692e-001
 7.3478919e-001
 7.3441917e-001
 7.3407280e-001
 7.3375589e-001
 7.3347414e-001
 7.3323357e-001
 7.3303998e-001
 7.3289663e-001
 7.3279768e-001
 7.3273498e-001
 7.3270053e-001
 7.3268646e-001
 7.3268479e-001
 7.3268729e-001
 7.3268604e-001
 7.3267317e-001
 7.3264050e-001
 7.3258024e-001
 7.3248410e-001
 7.3234713e-001
 7.3217481e-001
 7.3197466e-001
 7.3175442e-001
 7.3152190e-001
 7.3128468e-001
 7.3105049e-001
 7.3082703e-001
 7.3062205e-001
 7.3044312e-001
 7.3029810e-001
 7.3019195e-001
 7.3012131e-001
 7.3008043e-001
 7.3006368e-001
 7.3006564e-001
 7.3008066e-001
 7.3010308e-001
 7.3012757e-001
 7.3014820e-001
 7.3015964e-001
 7.3015797e-001
 7.3014528e-001
 7.3012483e-001
 7.3010004e-001
 7.3007423e-001
 7.3005080e-001
 7.3003298e-001
 7.3002428e-001
 7.3002797e-001
 7.3004740e-001
 7.3008436e-001
 7.3013622e-001
 7.3019844e-001
 7.3026729e-001
 7.3033851e-001
 7.3040819e-001
 7.3047215e-001
 7.3052645e-001
 7.3056692e-001
 7.3058957e-001
 7.3059261e-001
 7.3058265e-001
 7.3056746e-001
 7.3055536e-001
 7.3055434e-001
 7.3057246e-001
 7.3061776e-001
 7.3069841e-001
 7.3082238e-001
 7.3099113e-001
 7.3118377e-001
 7.3137492e-001
 7.3153925e-001
 7.3165101e-001
 7.3168504e-001
 7.3161572e-001
 7.3141766e-001
 7.3108244e-001
 7.3065680e-001
 7.3019952e-001
 7.2976887e-001
 7.2942334e-001
 7.2922164e-001
 7.2922188e-001
 7.2948283e-001
 7.3003429e-001
 7.3081297e-001
 7.3173684e-001
 7.3272359e-001
 7.3369122e-001
 7.3455739e-001
 7.3524016e-001
 7.3565716e-001
 7.3576105e-001
 7.3561639e-001
 7.3531020e-001
 7.3495740e-001
 7.3461741e-001
 7.3439229e-001
 7.3434079e-001
 7.3447841e-001
 7.3478156e-001
 7.3520100e-001
 7.3567539e-001
 7.3614120e-001
 7.3654348e-001
 7.3685181e-001
 7.3707026e-001
 7.3722810e-001
 7.3736423e-001
 7.3751718e-001
 7.3771572e-001
 7.3797023e-001
 7.3826975e-001
 7.3858726e-001
 7.3888850e-001
 7.3913944e-001
 7.3931324e-001
 7.3939723e-001
 7.3939502e-001
 7.3932284e-001
 7.3920405e-001
 7.3906481e-001
 7.3893219e-001
 7.3883384e-001
 7.3879790e-001
 7.3885244e-001
 7.3902369e-001
 7.3933232e-001
 7.3978668e-001
 7.4037665e-001
 7.4107188e-001
 7.4182552e-001
 7.4258310e-001
 7.4329168e-001
 7.4391055e-001
 7.4391896e-001
 7.4435401e-001
 7.4475300e-001
 7.4511993e-001
 7.4546236e-001
 7.4578989e-001
 7.4611282e-001
 7.4644125e-001
 7.4678338e-001
 7.4714559e-001
 7.4753124e-001
 7.4794084e-001
 7.4837244e-001
 7.4882185e-001
 7.4928367e-001
 7.4975282e-001
 7.5022459e-001
 7.5069606e-001
 7.5116622e-001
 7.5163633e-001
 7.5210989e-001
 7.5259167e-001
 7.5308758e-001
 7.5360316e-001
 7.5414288e-001
 7.5470948e-001
 7.5530219e-001
 7.5591648e-001
 7.5654328e-001
 7.5716949e-001
 7.5778013e-001
 7.5836015e-001
 7.5889671e-001
 7.5938123e-001
 7.5981021e-001
 7.6018596e-001
 7.6051557e-001
 7.6080972e-001
 7.6108044e-001
 7.6133913e-001
 7.6159471e-001
 7.6185220e-001
 7.6211298e-001
 7.6237488e-001
 7.6263398e-001
 7.6288611e-001
 7.6312858e-001
 7.6336145e-001
 7.6358837e-001
 7.6381576e-001
 7.6405191e-001
 7.6430476e-001
 7.6458037e-001
 7.6488096e-001
 7.6520443e-001
 7.6554453e-001
 7.6589197e-001
 7.6623648e-001
 7.6656902e-001
 7.6688319e-001
 7.6717663e-001
 7.6745081e-001
 7.6771063e-001
 7.6796275e-001
 7.6821423e-001
 7.6847082e-001
 7.6873618e-001
 7.6901132e-001
 7.6929474e-001
 7.6958275e-001
 7.6987040e-001
 7.7015263e-001
 7.7042449e-001
 7.7068210e-001
 7.7092326e-001
 7.7114731e-001
 7.7135545e-001
 7.7155048e-001
 7.7173662e-001
 7.7191889e-001
 7.7210271e-001
 7.7229327e-001
 7.7249485e-001
 7.7271038e-001
 7.7294081e-001
 7.7318501e-001
 7.7343994e-001
 7.7370036e-001
 7.7395970e-001
 7.7421075e-001
 7.7444631e-001
 7.7466023e-001
 7.7484798e-001
 7.7500755e-001
 7.7513987e-001
 7.7524853e-001
 7.7533972e-001
 7.7542132e-001
 7.7550179e-001
 7.7558923e-001
 7.7568990e-001
 7.7580762e-001
 7.7594316e-001
 7.7609444e-001
 7.7625746e-001
 7.7642751e-001
 7.7660054e-001
 7.7677476e-001
 7.7695096e-001
 7.7713287e-001
 7.7732599e-001
 7.7753633e-001
 7.7776861e-001
 7.7802461e-001
 7.7830279e-001
 7.7859801e-001
 7.7890307e-001
 7.7920991e-001
 7.7951187e-001
 7.7980459e-001
 7.8008717e-001
 7.8036153e-001
 7.8063142e-001
 7.8090107e-001
 7.8117323e-001
 7.8144819e-001
 7.8172302e-001
 7.8199202e-001
 7.8224748e-001
 7.8248113e-001
 7.8268600e-001
 7.8285742e-001
 7.8299469e-001
 7.8310090e-001
 7.8318310e-001
 7.8325093e-001
 7.8331560e-001
 7.8338814e-001
 7.8347784e-001
 7.8359121e-001
 7.8373110e-001
 7.8389674e-001
 7.8408426e-001
 7.8428751e-001
 7.8449923e-001
 7.8471226e-001
 7.8492022e-001
 7.8511846e-001
 7.8530401e-001
 7.8547579e-001
 7.8563374e-001
 7.8577888e-001
 7.8591251e-001
 7.8603595e-001
 7.8615063e-001
 7.8625834e-001
 7.8636128e-001
 7.8646272e-001
 7.8656656e-001
 7.8667736e-001
 7.8679961e-001
 7.8693676e-001
 7.8709024e-001
 7.8725892e-001
 7.8743875e-001
 7.8762341e-001
 7.8780508e-001
 7.8797597e-001
 7.8812969e-001
 7.8826249e-001
 7.8837389e-001
 7.8846693e-001
 7.8854775e-001
 7.8862447e-001
 7.8870636e-001
 7.8880274e-001
 7.8892189e-001
 7.8907049e-001
 7.8925318e-001
 7.8947204e-001
 7.8972661e-001
 7.9001367e-001
 7.9032707e-001
 7.9065824e-001
 7.9099602e-001
 7.9132771e-001
 7.9163980e-001
 7.9191864e-001
 7.9215211e-001
 7.9233032e-001
 7.9244655e-001
 7.9249781e-001
 7.9248512e-001
 7.9241312e-001
 7.9228950e-001
 7.9212421e-001
 7.9192805e-001
 7.9171187e-001
 7.9148507e-001
 7.9125506e-001
 7.9102665e-001
 7.9080206e-001
 7.9058135e-001
 7.9036307e-001
 7.9014552e-001
 7.8992772e-001
 7.8971022e-001
 7.8949589e-001
 7.8928941e-001
 7.8909677e-001
 7.8892392e-001
 7.8877497e-001
 7.8865087e-001
 7.8854823e-001
 7.8845918e-001
 7.8837180e-001
 7.8827184e-001
 7.8814501e-001
 7.8797913e-001
 7.8776622e-001
 7.8750408e-001
 7.8719616e-001
 7.8685153e-001
 7.8648299e-001
 7.8610486e-001
 7.8573120e-001
 7.8537327e-001
 7.8503847e-001
 7.8472972e-001
 7.8444535e-001
 7.8418076e-001
 7.8392971e-001
 7.8368586e-001
 7.8344476e-001
 7.8320426e-001
 7.8296500e-001
 7.8272957e-001
 7.8250170e-001
 7.8228432e-001
 7.8207856e-001
 7.8188270e-001
 7.8169179e-001
 7.8149784e-001
 7.8129101e-001
 7.8106087e-001
 7.8079784e-001
 7.8049481e-001
 7.8014809e-001
 7.7975833e-001
 7.7933049e-001
 7.7887386e-001
 7.7840120e-001
 7.7792776e-001
 7.7747071e-001
 7.7704775e-001
 7.7667665e-001
 7.7637428e-001
 7.7615607e-001
 7.7603501e-001
 7.7602136e-001
 7.7612138e-001
 7.7633685e-001
 7.7666461e-001
 7.7709663e-001
 7.7762020e-001
 7.7821970e-001
 7.7887756e-001
 7.7957648e-001
 7.8030092e-001
 7.8103828e-001
 7.8177983e-001
 7.8252023e-001
 7.8325754e-001
 7.8399163e-001
 7.8472346e-001
 7.8545445e-001
 7.8618526e-001
 7.8691614e-001
 7.8764623e-001
 7.8837413e-001
 7.8909779e-001
 7.8981429e-001
 7.9052061e-001
 7.9121280e-001
 7.9188669e-001
 7.9253823e-001
 7.9316342e-001
 7.9375935e-001
 7.9432416e-001
 7.9485738e-001
 7.9536027e-001
 7.9583508e-001
 7.9628479e-001
 7.9671293e-001
 7.9712260e-001
 7.9751664e-001
 7.9789692e-001
 7.9826462e-001
 7.9862046e-001
 7.9896420e-001
 7.9929554e-001
 7.9961348e-001
 7.9991668e-001
 8.0020362e-001
 8.0047256e-001
 8.0072200e-001
 8.0095088e-001
 8.0115902e-001
 8.0134726e-001
 8.0151761e-001
 8.0167300e-001
 8.0181664e-001
 8.0195147e-001
 8.0207938e-001
 8.0220002e-001
 8.0231082e-001
 8.0240631e-001
 8.0247879e-001
 8.0251873e-001
 8.0251640e-001
 8.0246305e-001
 8.0235237e-001
 8.0218172e-001
 8.0195284e-001
 8.0167168e-001
 8.0134785e-001
 8.0099332e-001
 8.0062127e-001
 8.0024427e-001
 7.9987389e-001
 7.9951990e-001
 7.9919052e-001
 7.9889262e-001
 7.9863244e-001
 7.9841566e-001
 7.9824740e-001
 7.9813182e-001
 7.9807168e-001
 7.9806775e-001
 7.9811877e-001
 7.9822195e-001
 7.9837334e-001
 7.9856920e-001
 7.9880637e-001
 7.9908299e-001
 7.9939806e-001
 7.9975080e-001
 8.0013937e-001
 8.0055964e-001
 8.0100489e-001
 8.0146509e-001
 8.0192816e-001
 8.0238056e-001
 8.0280924e-001
 8.0320328e-001
 8.0355513e-001
 8.0386132e-001
 8.0412281e-001
 8.0434448e-001
 8.0453473e-001
 8.0470407e-001
 8.0486411e-001
 8.0502599e-001
 8.0519897e-001
 8.0538905e-001
 8.0559742e-001
 8.0581975e-001
 8.0604601e-001
 8.0626065e-001
 8.0644470e-001
 8.0657762e-001
 8.0664015e-001
 8.0661708e-001
 8.0649883e-001
 8.0628270e-001
 8.0597216e-001
 8.0557543e-001
 8.0510306e-001
 8.0456620e-001
 8.0397469e-001
 8.0333662e-001
 8.0265880e-001
 8.0194730e-001
 8.0120945e-001
 8.0045360e-001
 7.9968989e-001
 7.9892862e-001
 7.9817826e-001
 7.9744375e-001
 7.9672432e-001
 7.9601204e-001
 7.9529250e-001
 7.9454446e-001
 7.9374236e-001
 7.9285777e-001
 7.9186004e-001
 7.9071826e-001
 7.8939939e-001
 7.8786844e-001
 7.8608650e-001
 7.8400880e-001
 7.8158617e-001
 7.7876526e-001
 7.7549547e-001
 7.7173543e-001
 7.6746106e-001
 7.6267922e-001
 7.5743234e-001
 7.5180805e-001
 7.4593860e-001
 7.3999321e-001
 7.3417205e-001
 7.2868514e-001
 7.2373837e-001
 7.1951264e-001
 7.1614552e-001
 7.1372181e-001
 7.1226490e-001
 7.1173531e-001
 7.1203756e-001
 7.1302933e-001
 7.1453536e-001
 7.1636295e-001
 7.1831828e-001
 7.2021860e-001
 7.2190517e-001
 7.2324890e-001
 7.2415495e-001
 7.2456318e-001
 7.2444516e-001
 7.2380030e-001
 7.2265047e-001
 7.2103488e-001
 7.1900409e-001
 7.1661675e-001
 7.1393394e-001
 7.1101803e-001
 7.0792836e-001
 7.0471764e-001
 7.0143086e-001
 6.9810122e-001
 6.9474578e-001
 6.9136614e-001
 6.8794435e-001
 6.8444616e-001
 6.8082362e-001
 6.7701972e-001
 6.7298007e-001
 6.6866034e-001
 6.6404128e-001
 6.5913898e-001
 6.5401179e-001
 6.4876992e-001
 6.4356983e-001
 6.3861150e-001
 6.3412327e-001
 6.3034123e-001
 6.2749135e-001
 6.2576306e-001
 6.2529266e-001
 6.2614638e-001
 6.2831426e-001
 6.3171011e-001
 6.3617963e-001
 6.4151812e-001
 6.4748687e-001
 6.5383977e-001
 6.6034007e-001
 6.6678005e-001
 6.7299545e-001
 6.7886645e-001
 6.8432283e-001
 6.8933380e-001
 6.9390160e-001
 6.9805288e-001
 7.0182562e-001
 7.0526522e-001
 7.0841610e-001
 7.1131921e-001
 7.1401149e-001
 7.1652257e-001
 7.1887654e-001
 7.2108954e-001
 7.2317058e-001
 7.2512209e-001
 7.2693884e-001
 7.2861111e-001
 7.3012483e-001
 7.3146462e-001
 7.3261666e-001
 7.3356986e-001
 7.3431820e-001
 7.3486209e-001
 7.3520768e-001
 7.3536742e-001
 7.3535842e-001
 7.3520118e-001
 7.3491758e-001
 7.3452955e-001
 7.3405659e-001
 7.3351532e-001
 7.3291790e-001
 7.3227185e-001
 7.3158067e-001
 7.3084420e-001
 7.3006058e-001
 7.2922790e-001
 7.2834587e-001
 7.2741801e-001
 7.2645235e-001
 7.2546273e-001
 7.2446823e-001
 7.2349167e-001
 7.2255880e-001
 7.2169566e-001
 7.2092605e-001
 7.2026968e-001
 7.1973985e-001
 7.1934271e-001
 7.1907651e-001
 7.1893334e-001
 7.1890187e-001
 7.1896911e-001
 7.1912241e-001
 7.1935046e-001
 7.1964365e-001
 7.1999305e-001
 7.2039056e-001
 7.2082734e-001
 7.2129321e-001
 7.2177625e-001
 7.2226304e-001
 7.2274065e-001
 7.2319865e-001
 7.2363198e-001
 7.2404295e-001
 7.2444069e-001
 7.2484016e-001
 7.2525924e-001
 7.2571671e-001
 7.2622997e-001
 7.2681379e-001
 7.2747928e-001
 7.2823381e-001
 7.2908074e-001
 7.3002064e-001
 7.3105121e-001
 7.3216784e-001
 7.3336405e-001
 7.3463023e-001
 7.3595446e-001
 7.3732114e-001
 7.3871189e-001
 7.4010724e-001
 7.4148721e-001
 7.4283463e-001
 7.4413574e-001
 7.4538201e-001
 7.4657077e-001
 7.4770468e-001
 7.4879217e-001
 7.4984568e-001
 7.5087988e-001
 7.5190955e-001
 7.5294620e-001
 7.5399595e-001
 7.5505918e-001
 7.5612932e-001
 7.5719601e-001
 7.5824630e-001
 7.5926828e-001
 7.6025361e-001
 7.6119870e-001
 7.6210481e-001
 7.6297665e-001
 7.6382083e-001
 7.6464438e-001
 7.6545274e-001
 7.6624942e-001
 7.6703495e-001
 7.6780754e-001
 7.6856369e-001
 7.6929861e-001
 7.7000779e-001
 7.7068734e-001
 7.7133489e-001
 7.7194989e-001
 7.7253294e-001
 7.7308547e-001
 7.7360892e-001
 7.7410364e-001
 7.7456886e-001
 7.7500176e-001
 7.7539784e-001
 7.7575183e-001
 7.7605796e-001
 7.7631128e-001
 7.7650881e-001
 7.7665001e-001
 7.7673769e-001
 7.7677745e-001
 7.7677763e-001
 7.7674824e-001
 7.7669972e-001
 7.7664220e-001
 7.7658397e-001
 7.7653134e-001
 7.7648789e-001
 7.7645481e-001
 7.7643114e-001
 7.7641463e-001
 7.7640206e-001
 7.7639037e-001
 7.7637690e-001
 7.7635992e-001
 7.7633899e-001
 7.7631474e-001
 7.7628922e-001
 7.7626544e-001
 7.7624750e-001
 7.7624029e-001
 7.7624923e-001
 7.7628022e-001
 7.7633923e-001
 7.7643228e-001
 7.7656496e-001
 7.7674240e-001
 7.7696890e-001
 7.7724755e-001
 7.7758026e-001
 7.7796710e-001
 7.7840632e-001
 7.7889425e-001
 7.7942491e-001
 7.7999079e-001
 7.8058243e-001
 7.8118950e-001
 7.8180170e-001
 7.8240883e-001
 7.8300232e-001
 7.8357548e-001
 7.8412396e-001
 7.8464615e-001
 7.8514266e-001
 7.8561604e-001
 7.8607070e-001
 7.8651148e-001
 7.8694379e-001
 7.8737253e-001
 7.8780168e-001
 7.8823400e-001
 7.8867030e-001
 7.8910953e-001
 7.8954828e-001
 7.8998077e-001
 7.9039937e-001
 7.9079491e-001
 7.9115766e-001
 7.9147786e-001
 7.9174680e-001
 7.9195744e-001
 7.9210502e-001
 7.9218709e-001
 7.9220372e-001
 7.9215819e-001
 7.9205608e-001
 7.9190570e-001
 7.9171693e-001
 7.9150087e-001
 7.9126942e-001
 7.9103446e-001
 7.9080772e-001
 7.9060030e-001
 7.9042262e-001
 7.9028440e-001
 7.9019421e-001
 7.9015958e-001
 7.9018664e-001
 7.9027969e-001
 7.9044145e-001
 7.9067242e-001
 7.9097044e-001
 7.9133052e-001
 7.9174459e-001
 7.9220134e-001
 7.9268646e-001
 7.9318321e-001
 7.9367310e-001
 7.9413748e-001
 7.9455853e-001
 7.9492116e-001
 7.9521418e-001
 7.9543108e-001
 7.9557055e-001
 7.9563582e-001
 7.9563397e-001
 7.9557419e-001
 7.9546648e-001
 7.9531986e-001
 7.9514098e-001
 7.9493326e-001
 7.9469651e-001
 7.9442728e-001
 7.9411954e-001
 7.9376602e-001
 7.9335964e-001
 7.9289478e-001
 7.9236901e-001
 7.9178333e-001
 7.9114294e-001
 7.9045671e-001
 7.8973609e-001
 7.8899419e-001
 7.8824401e-001
 7.8749657e-001
 7.8676027e-001
 7.8603923e-001
 7.8533340e-001
 7.8463870e-001
 7.8394729e-001
 7.8324938e-001
 7.8253382e-001
 7.8179008e-001
 7.8100902e-001
 7.8018361e-001
 7.7930993e-001
 7.7838659e-001
 7.7741510e-001
 7.7639925e-001
 7.7534437e-001
 7.7425706e-001
 7.7314430e-001
 7.7201355e-001
 7.7087229e-001
 7.6972705e-001
 7.6858419e-001
 7.6744854e-001
 7.6632404e-001
 7.6521295e-001
 7.6411533e-001
 7.6302946e-001
 7.6195163e-001
 7.6087594e-001
 7.5979555e-001
 7.5870204e-001
 7.5758713e-001
 7.5644279e-001
 7.5526112e-001
 7.5403631e-001
 7.5276345e-001
 7.5143981e-001
 7.5006497e-001
 7.4864042e-001
 7.4717075e-001
 7.4566293e-001
 7.4412769e-001
 7.4257898e-001
 7.4103320e-001
 7.3951042e-001
 7.3803198e-001
 7.3662096e-001
 7.3530060e-001
 7.3409271e-001
 7.3301798e-001
 7.3209447e-001
 7.3133701e-001
 7.3075765e-001
 7.3036528e-001
 7.3016602e-001
 7.3016316e-001
 7.3035747e-001
 7.3074740e-001
 7.3132932e-001
 7.3209727e-001
 7.3304325e-001
 7.3415738e-001
 7.3542726e-001
 7.3683929e-001
 7.3837751e-001
 7.4002403e-001
 7.4175996e-001
 7.4356407e-001
 7.4541551e-001
 7.4729294e-001
 7.4917549e-001
 7.5104392e-001
 7.5287962e-001
 7.5466681e-001
 7.5639045e-001
 7.5803697e-001
 7.5959527e-001
 7.6105547e-001
 7.6240963e-001
 7.6365238e-001
 7.6477957e-001
 7.6578975e-001
 7.6668316e-001
 7.6746273e-001
 7.6813370e-001
 7.6870334e-001
 7.6927620e-001
 7.6965839e-001
 7.6996982e-001
 7.7022159e-001
 7.7042305e-001
 7.7058136e-001
 7.7070081e-001
 7.7078265e-001
 7.7082616e-001
 7.7082944e-001
 7.7079010e-001
 7.7070606e-001
 7.7057564e-001
 7.7039832e-001
 7.7017558e-001
 7.6991111e-001
 7.6961124e-001
 7.6928455e-001
 7.6894134e-001
 7.6859319e-001
 7.6825202e-001
 7.6792926e-001
 7.6763552e-001
 7.6737863e-001
 7.6716202e-001
 7.6698327e-001
 7.6683271e-001
 7.6669496e-001
 7.6654983e-001
 7.6637471e-001
 7.6614594e-001
 7.6584011e-001
 7.6543570e-001
 7.6491517e-001
 7.6426792e-001
 7.6349264e-001
 7.6259768e-001
 7.6160091e-001
 7.6052707e-001
 7.5940442e-001
 7.5826347e-001
 7.5713444e-001
 7.5604612e-001
 7.5502384e-001
 7.5408620e-001
 7.5324368e-001
 7.5249702e-001
 7.5183868e-001
 7.5125480e-001
 7.5072759e-001
 7.5023776e-001
 7.4976569e-001
 7.4929267e-001
 7.4880242e-001
 7.4828249e-001
 7.4772596e-001
 7.4713176e-001
 7.4650437e-001
 7.4585223e-001
 7.4518603e-001
 7.4451768e-001
 7.4385887e-001
 7.4322063e-001
 7.4261194e-001
 7.4203801e-001
 7.4149930e-001
 7.4099118e-001
 7.4050385e-001
 7.4002427e-001
 7.3953700e-001
 7.3902601e-001
 7.3847502e-001
 7.3786843e-001
 7.3719263e-001
 7.3643678e-001
 7.3559445e-001
 7.3466367e-001
 7.3364627e-001
 7.3254764e-001
 7.3137456e-001
 7.3013484e-001
 7.2883677e-001
 7.2748816e-001
 7.2609705e-001
 7.2467017e-001
 7.2321409e-001
 7.2173440e-001
 7.2023553e-001
 7.1872163e-001
 7.1719658e-001
 7.1566367e-001
 7.1412677e-001
 7.1258897e-001
 7.1105397e-001
 7.0952576e-001
 7.0800781e-001
 7.0650440e-001
 7.0501947e-001
 7.0355749e-001
 7.0212287e-001
 7.0071965e-001
 6.9935215e-001
 6.9802332e-001
 6.9673508e-001
 6.9548714e-001
 6.9427508e-001
 6.9309181e-001
 6.9192606e-001
 6.9076467e-001
 6.8959308e-001
 6.8839574e-001
 6.8715793e-001
 6.8586540e-001
 6.8450707e-001
 6.8307626e-001
 6.8157148e-001
 6.7999846e-001
 6.7836881e-001
 6.7669779e-001
 6.7500412e-001
 6.7330694e-001
 6.7162591e-001
 6.6997999e-001
 6.6838545e-001
 6.6685569e-001
 6.6539896e-001
 6.6401845e-001
 6.6271287e-001
 6.6147691e-001
 6.6030359e-001
 6.5918452e-001
 6.5811121e-001
 6.5707469e-001
 6.5606546e-001
 6.5507388e-001
 6.5408903e-001
 6.5309972e-001
 6.5209383e-001
 6.5105850e-001
 6.4998078e-001
 6.4884782e-001
 6.4764655e-001
 6.4636546e-001
 6.4499402e-001
 6.4352518e-001
 6.4195597e-001
 6.4028716e-001
 6.3852435e-001
 6.3667518e-001
 6.3474965e-001
 6.3275868e-001
 6.3071227e-001
 6.2862062e-001
 6.2649083e-001
 6.2432766e-001
 6.2213129e-001
 6.1989611e-001
 6.1761326e-001
 6.1526930e-001
 6.1284977e-001
 6.1033952e-001
 6.0772288e-001
 6.0498643e-001
 6.0212046e-001
 5.9912014e-001
 5.9598982e-001
 5.9274131e-001
 5.8939534e-001
 5.8597869e-001
 5.8252025e-001
 5.7905179e-001
 5.7560325e-001
 5.7220310e-001
 5.6887424e-001
 5.6562901e-001
 5.6246859e-001
 5.5937856e-001
 5.5633277e-001
 5.5329579e-001
 5.5022568e-001
 5.4707932e-001
 5.4381257e-001
 5.4038525e-001
 5.3676397e-001
 5.3292501e-001
 5.2886182e-001
 5.2458268e-001
 5.2011251e-001
 5.1548737e-001
 5.1074845e-001
 5.0594187e-001
 5.0111443e-001
 4.9631059e-001
 4.9157494e-001
 4.8694596e-001
 4.8245859e-001
 4.7814196e-001
 4.7401839e-001
 4.7010845e-001
 4.6642837e-001
 4.6299487e-001
 4.5982164e-001
 4.5692345e-001
 4.5431006e-001
 4.5198664e-001
 4.4995379e-001
 4.4820330e-001
 4.4672120e-001
 4.4548866e-001
 4.4448486e-001
 4.4368678e-001
 4.4307140e-001
 4.4261658e-001
 4.4230139e-001
 4.4210747e-001
 4.4202018e-001
 4.4202849e-001
 4.4212505e-001
 4.4230506e-001
 4.4256514e-001
 4.4290280e-001
 4.4331583e-001
 4.4380173e-001
 4.4435796e-001
 4.4498155e-001
 4.4566843e-001
 4.4641417e-001
 4.4721380e-001
 4.4806114e-001
 4.4895038e-001
 4.4987521e-001
 4.5082936e-001
 4.5180520e-001
 4.5279476e-001
 4.5378813e-001
 4.5477223e-001
 4.5573187e-001
 4.5664933e-001
 4.5750433e-001
 4.5827630e-001
 4.5894411e-001
 4.5948732e-001
 4.5988706e-001
 4.6012905e-001
 4.6020561e-001
 4.6011835e-001
 4.5987928e-001
 4.5950946e-001
 4.5903713e-001
 4.5849422e-001
 4.5791441e-001
 4.5733151e-001
 4.5677656e-001
 4.5627570e-001
 4.5584616e-001
 4.5549378e-001
 4.5521098e-001
 4.5497850e-001
 4.5476845e-001
 4.5454779e-001
 4.5428109e-001
 4.5393318e-001
 4.5347092e-001
 4.5286623e-001
 4.5209956e-001
 4.5116347e-001
 4.5006299e-001
 4.4881463e-001
 4.4744444e-001
 4.4598264e-001
 4.4446164e-001
 4.4291490e-001
 4.4137275e-001
 4.3986079e-001
 4.3839601e-001
 4.3698496e-001
 4.3562064e-001
 4.3428463e-001
 4.3295112e-001
 4.3158838e-001
 4.3016234e-001
 4.2863983e-001
 4.2698815e-001
 4.2517838e-001
 4.2318928e-001
 4.2100719e-001
 4.1862848e-001
 4.1605774e-001
 4.1330773e-001
 4.1039345e-001
 4.0733162e-001
 4.0414184e-001
 4.0084186e-001
 3.9744934e-001
 3.9398444e-001
 3.9046478e-001
 3.8690874e-001
 3.8333392e-001
 3.7976038e-001
 3.7620565e-001
 3.7268737e-001
 3.6922598e-001
 3.6584020e-001
 3.6255047e-001
 3.5938209e-001
 3.5636169e-001
 3.5351986e-001
 3.5089290e-001
 3.4851763e-001
 3.4643301e-001
 3.4467816e-001
 3.4329265e-001
 3.4231240e-001
 3.4176853e-001
 3.4168398e-001
 3.4206975e-001
 3.4292430e-001
 3.4423402e-001
 3.4597719e-001
 3.4812680e-001
 3.5065371e-001
 3.5352528e-001
 3.5670865e-001
 3.6016780e-001
 3.6385858e-001
 3.6773178e-001
 3.7172997e-001
 3.7578517e-001
 3.7982684e-001
 3.8378119e-001
 3.8757065e-001
 3.9112195e-001
 3.9436591e-001
 3.9724460e-001
 3.9971581e-001
 4.0176356e-001
 4.0339816e-001
 4.0465277e-001
 4.0557963e-001
 4.0624115e-001
 4.0670422e-001
 4.0703702e-001
 4.0730512e-001
 4.0756786e-001
 4.0787393e-001
 4.0825763e-001
 4.0873745e-001
 4.0931711e-001
 4.0998992e-001
 4.1074306e-001
 4.1155988e-001
 4.1242325e-001
 4.1331601e-001
 4.1422096e-001
 4.1512269e-001
 4.1600725e-001
 4.1686264e-001
 4.1767791e-001
 4.1844389e-001
 4.1915223e-001
 4.1979456e-001
 4.2036387e-001
 4.2085481e-001
 4.2126504e-001
 4.2159820e-001
 4.2186549e-001
 4.2208648e-001
 4.2228827e-001
 4.2250368e-001
 4.2276889e-001
 4.2312121e-001
 4.2359787e-001
 4.2423424e-001
 4.2506054e-001
 4.2609984e-001
 4.2736492e-001
 4.2885613e-001
 4.3056425e-001
 4.3247214e-001
 4.3455848e-001
 4.3679819e-001
 4.3916678e-001
 4.4163957e-001
 4.4418988e-001
 4.4679275e-001
 4.4942319e-001
 4.5205417e-001
 4.5466051e-001
 4.5721623e-001
 4.5969611e-001
 4.6207365e-001
 4.6432579e-001
 4.6643326e-001
 4.6838361e-001
 4.7017941e-001
 4.7184163e-001
 4.7341046e-001
 4.7494575e-001
 4.7652045e-001
 4.7821590e-001
 4.8011535e-001
 4.8230207e-001
 4.8485312e-001
 4.8782972e-001
 4.9127135e-001
 4.9518606e-001
 4.9954367e-001
 5.0428492e-001
 5.0932747e-001
 5.1457119e-001
 5.1991338e-001
 5.2524948e-001
 5.3048062e-001
 5.3551459e-001
 5.4028076e-001
 5.4473245e-001
 5.4884678e-001
 5.5262816e-001
 5.5609870e-001
 5.5928850e-001
 5.6223553e-001
 5.6497794e-001
 5.6755352e-001
 5.6999439e-001
 5.7232815e-001
 5.7457370e-001
 5.7673842e-001
 5.7882279e-001
 5.8082074e-001
 5.8272088e-001
 5.8451164e-001
 5.8618093e-001
 5.8771658e-001
 5.8911002e-001
 5.9035641e-001
 5.9145695e-001
 5.9241825e-001
 5.9325331e-001
 5.9397942e-001
 5.9461558e-001
 5.9518260e-001
 5.9570110e-001
 5.9619045e-001
 5.9666806e-001
 5.9714717e-001
 5.9763587e-001
 5.9813601e-001
 5.9864432e-001
 5.9915382e-001
 5.9965456e-001
 6.0013610e-001
 6.0058796e-001
 6.0100013e-001
 6.0136527e-001
 6.0167950e-001
 6.0194367e-001
 6.0216439e-001
 6.0235316e-001
 6.0252506e-001
 6.0269731e-001
 6.0288805e-001
 6.0311526e-001
 6.0339558e-001
 6.0374272e-001
 6.0416555e-001
 6.0466594e-001
 6.0523862e-001
 6.0587144e-001
 6.0654765e-001
 6.0724676e-001
 6.0794777e-001
 6.0862923e-001
 6.0927022e-001
 6.0985202e-001
 6.1035943e-001
 6.1078143e-001
 6.1111230e-001
 6.1135083e-001
 6.1149907e-001
 6.1156124e-001
 6.1154264e-001
 6.1144918e-001
 6.1128777e-001
 6.1106664e-001
 6.1079669e-001
 6.1049205e-001
 6.1017066e-001
 6.0985374e-001
 6.0956502e-001
 6.0932952e-001
 6.0917246e-001
 6.0911751e-001
 6.0918438e-001
 6.0938400e-001
 6.0971278e-001
 6.1014736e-001
 6.1064297e-001
 6.1113513e-001
 6.1154461e-001
 6.1178416e-001
 6.1176312e-001
 6.1139262e-001
 6.1059135e-001
 6.0929501e-001
 6.0746664e-001
 6.0510904e-001
 6.0226583e-001
 5.9901834e-001
 5.9547848e-001
 5.9177244e-001
 5.8803385e-001
 5.8439976e-001
 5.8099926e-001
 5.7794988e-001
 5.7534713e-001
 5.7325923e-001
 5.7172060e-001
 5.7073683e-001
 5.7029289e-001
 5.7036018e-001
 5.7090396e-001
 5.7188648e-001
 5.7326901e-001
 5.7501167e-001
 5.7707345e-001
 5.7940966e-001
 5.8197486e-001
 5.8472174e-001
 5.8759946e-001
 5.9055811e-001
 5.9354788e-001
 5.9651726e-001
 5.9941888e-001
 6.0220951e-001
 6.0485047e-001
 6.0731459e-001
 6.0958409e-001
 6.1165112e-001
 6.1351293e-001
 6.1517251e-001
 6.1663473e-001
 6.1790437e-001
 6.1898828e-001
 6.1989409e-001
 6.2063086e-001
 6.2121058e-001
 6.2164795e-001
 6.2196016e-001
 6.2216598e-001
 6.2228566e-001
 6.2233955e-001
 6.2234724e-001
 6.2232572e-001
 6.2228650e-001
 6.2223160e-001
 6.2215048e-001
 6.2201846e-001
 6.2179899e-001
 6.2144685e-001
 6.2091219e-001
 6.2014371e-001
 6.1909175e-001
 6.1771101e-001
 6.1596471e-001
 6.1383170e-001
 6.1130816e-001
 6.0841066e-001
 6.0517758e-001
 6.0166013e-001
 5.9791970e-001
 5.9402108e-001
 5.9003276e-001
 5.8601958e-001
 5.8204496e-001
 5.7817322e-001
 5.7459027e-001
 5.7195050e-001
 5.6869459e-001
 5.6563777e-001
 5.6276560e-001
 5.6006455e-001
 5.5752045e-001
 5.5512094e-001
 5.5285186e-001
 5.5069953e-001
 5.4865044e-001
 5.4669088e-001
 5.4481035e-001
 5.4299819e-001
 5.4124433e-001
 5.3953797e-001
 5.3786987e-001
 5.3622937e-001
 5.3460634e-001
 5.3299016e-001
 5.3137147e-001
 5.2973962e-001
 5.2808440e-001
 5.2639526e-001
 5.2466285e-001
 5.2287793e-001
 5.2104473e-001
 5.1917422e-001
 5.1727712e-001
 5.1536560e-001
 5.1345026e-001
 5.1154214e-001
 5.0965214e-001
 5.0779212e-001
 5.0597292e-001
 5.0420564e-001
 5.0250101e-001
 5.0087094e-001
 4.9932626e-001
 4.9787810e-001
 4.9653760e-001
 4.9531549e-001
 4.9422371e-001
 4.9327153e-001
 4.9245617e-001
 4.9176776e-001
 4.9119729e-001
 4.9073482e-001
 4.9037087e-001
 4.9009573e-001
 4.8989996e-001
 4.8977393e-001
 4.8970813e-001
 4.8969281e-001
 4.8971850e-001
 4.8977563e-001
 4.8985457e-001
 4.8994574e-001
 4.9003962e-001
 4.9012649e-001
 4.9019688e-001
 4.9024123e-001
 4.9024990e-001
 4.9021325e-001
 4.9012184e-001
 4.8996669e-001
 4.8974472e-001
 4.8945615e-001
 4.8910084e-001
 4.8867899e-001
 4.8819062e-001
 4.8763555e-001
 4.8701411e-001
 4.8632628e-001
 4.8557210e-001
 4.8475131e-001
 4.8386443e-001
 4.8291138e-001
 4.8189202e-001
 4.8080629e-001
 4.7965473e-001
 4.7843710e-001
 4.7715339e-001
 4.7580376e-001
 4.7438782e-001
 4.7290635e-001
 4.7135901e-001
 4.6974590e-001
 4.6806666e-001
 4.6632206e-001
 4.6451184e-001
 4.6263653e-001
 4.6070069e-001
 4.5871258e-001
 4.5667899e-001
 4.5460716e-001
 4.5250440e-001
 4.5037746e-001
 4.4823465e-001
 4.4608268e-001
 4.4392887e-001
 4.4178000e-001
 4.3964437e-001
 4.3752864e-001
 4.3544018e-001
 4.3338579e-001
 4.3137360e-001
 4.2941061e-001
 4.2750385e-001
 4.2566028e-001
 4.2388812e-001
 4.2219403e-001
 4.2058542e-001
 4.1906950e-001
 4.1765329e-001
 4.1634461e-001
 4.1515049e-001
 4.1407815e-001
 4.1313472e-001
 4.1232786e-001
 4.1166458e-001
 4.1115117e-001
 4.1078481e-001
 4.1055900e-001
 4.1046682e-001
