s07_ASD Record=13194: Dolomite.5+Ca-Mont.5 AMX10    BECKb AREF
 5.7368594e-001
 5.7565528e-001
 5.7749033e-001
 5.7921183e-001
 5.8083922e-001
 5.8238488e-001
 5.8385164e-001
 5.8523476e-001
 5.8652914e-001
 5.8773535e-001
 5.8886278e-001
 5.8992666e-001
 5.9094375e-001
 5.9192675e-001
 5.9287864e-001
 5.9379035e-001
 5.9464675e-001
 5.9543926e-001
 5.9617597e-001
 5.9688389e-001
 5.9760088e-001
 5.9836012e-001
 5.9917730e-001
 6.0004723e-001
 6.0095084e-001
 6.0186440e-001
 6.0276836e-001
 6.0365152e-001
 6.0450953e-001
 6.0534292e-001
 6.0615838e-001
 6.0697049e-001
 6.0780048e-001
 6.0867542e-001
 6.0962415e-001
 6.1066216e-001
 6.1178219e-001
 6.1295414e-001
 6.1413103e-001
 6.1526120e-001
 6.1630231e-001
 6.1723083e-001
 6.1804438e-001
 6.1875749e-001
 6.1939281e-001
 6.1997318e-001
 6.2051767e-001
 6.2104404e-001
 6.2157094e-001
 6.2211704e-001
 6.2269372e-001
 6.2329590e-001
 6.2390018e-001
 6.2447423e-001
 6.2499416e-001
 6.2545788e-001
 6.2588775e-001
 6.2631583e-001
 6.2676394e-001
 6.2723821e-001
 6.2771541e-001
 6.2817252e-001
 6.2860525e-001
 6.2901253e-001
 6.2940568e-001
 6.2980866e-001
 6.3023061e-001
 6.3066131e-001
 6.3107771e-001
 6.3145107e-001
 6.3175833e-001
 6.3199192e-001
 6.3216043e-001
 6.3228387e-001
 6.3238883e-001
 6.3250571e-001
 6.3266492e-001
 6.3289076e-001
 6.3319260e-001
 6.3355947e-001
 6.3396353e-001
 6.3437337e-001
 6.3477027e-001
 6.3515699e-001
 6.3555270e-001
 6.3597780e-001
 6.3643867e-001
 6.3692218e-001
 6.3740253e-001
 6.3785630e-001
 6.3827670e-001
 6.3868082e-001
 6.3910687e-001
 6.3960284e-001
 6.4021260e-001
 6.4096260e-001
 6.4184982e-001
 6.4283246e-001
 6.4382982e-001
 6.4474159e-001
 6.4548612e-001
 6.4604241e-001
 6.4646482e-001
 6.4685780e-001
 6.4731848e-001
 6.4787263e-001
 6.4845753e-001
 6.4897209e-001
 6.4935160e-001
 6.4961225e-001
 6.4983553e-001
 6.5010947e-001
 6.5047842e-001
 6.5093690e-001
 6.5146369e-001
 6.5205133e-001
 6.5269756e-001
 6.5337408e-001
 6.5401888e-001
 6.5457278e-001
 6.5502721e-001
 6.5543330e-001
 6.5586054e-001
 6.5634477e-001
 6.5687054e-001
 6.5739560e-001
 6.5788841e-001
 6.5834904e-001
 6.5880769e-001
 6.5930939e-001
 6.5988904e-001
 6.6054308e-001
 6.6121268e-001
 6.6180253e-001
 6.6223431e-001
 6.6249913e-001
 6.6266221e-001
 6.6281670e-001
 6.6302854e-001
 6.6331768e-001
 6.6367978e-001
 6.6411424e-001
 6.6463214e-001
 6.6524923e-001
 6.6597784e-001
 6.6681528e-001
 6.6772068e-001
 6.6860133e-001
 6.6933918e-001
 6.6985428e-001
 6.7015314e-001
 6.7032021e-001
 6.7046690e-001
 6.7069066e-001
 6.7106652e-001
 6.7164415e-001
 6.7242289e-001
 6.7333150e-001
 6.7425770e-001
 6.7511362e-001
 6.7586976e-001
 6.7652345e-001
 6.7704701e-001
 6.7738473e-001
 6.7751467e-001
 6.7751491e-001
 6.7755884e-001
 6.7781633e-001
 6.7832857e-001
 6.7896885e-001
 6.7953753e-001
 6.7991740e-001
 6.8015039e-001
 6.8037671e-001
 6.8071455e-001
 6.8120199e-001
 6.8183118e-001
 6.8258590e-001
 6.8341529e-001
 6.8420726e-001
 6.8485153e-001
 6.8533218e-001
 6.8571544e-001
 6.8604189e-001
 6.8627846e-001
 6.8639988e-001
 6.8648332e-001
 6.8668079e-001
 6.8709731e-001
 6.8773097e-001
 6.8854183e-001
 6.8951148e-001
 6.9057339e-001
 6.9154620e-001
 6.9225413e-001
 6.9270778e-001
 6.9307715e-001
 6.9349790e-001
 6.9399005e-001
 6.9452894e-001
 6.9507194e-001
 6.9552034e-001
 6.9578373e-001
 6.9593126e-001
 6.9619673e-001
 6.9676459e-001
 6.9756544e-001
 6.9833595e-001
 6.9889838e-001
 6.9932503e-001
 6.9977468e-001
 7.0024502e-001
 7.0060867e-001
 7.0084161e-001
 7.0106518e-001
 7.0136911e-001
 7.0172644e-001
 7.0209581e-001
 7.0250833e-001
 7.0304048e-001
 7.0377654e-001
 7.0480484e-001
 7.0615429e-001
 7.0765066e-001
 7.0886797e-001
 7.0938218e-001
 7.0920962e-001
 7.0889008e-001
 7.0892429e-001
 7.0919961e-001
 7.0921987e-001
 7.0882595e-001
 7.0839971e-001
 7.0838380e-001
 7.0885336e-001
 7.0956129e-001
 7.1022040e-001
 7.1072692e-001
 7.1123320e-001
 7.1200114e-001
 7.1307063e-001
 7.1408981e-001
 7.1460694e-001
 7.1451670e-001
 7.1409500e-001
 7.1365660e-001
 7.1333635e-001
 7.1315837e-001
 7.1313769e-001
 7.1327209e-001
 7.1351480e-001
 7.1378267e-001
 7.1399570e-001
 7.1418053e-001
 7.1455497e-001
 7.1535701e-001
 7.1649235e-001
 7.1751207e-001
 7.1809506e-001
 7.1837586e-001
 7.1858221e-001
 7.1864808e-001
 7.1848875e-001
 7.1827549e-001
 7.1815711e-001
 7.1809840e-001
 7.1813637e-001
 7.1841478e-001
 7.1886647e-001
 7.1919125e-001
 7.1927696e-001
 7.1934927e-001
 7.1959418e-001
 7.1993458e-001
 7.2028583e-001
 7.2071272e-001
 7.2116792e-001
 7.2141129e-001
 7.2141463e-001
 7.2147506e-001
 7.2175735e-001
 7.2210288e-001
 7.2239614e-001
 7.2281992e-001
 7.2355920e-001
 7.2443146e-001
 7.2500807e-001
 7.2509181e-001
 7.2490841e-001
 7.2478372e-001
 7.2483331e-001
 7.2501940e-001
 7.2531116e-001
 7.2567844e-001
 7.2601438e-001
 7.2616827e-001
 7.2610211e-001
 7.2600877e-001
 7.2619426e-001
 7.2679347e-001
 7.2766507e-001
 7.2855151e-001
 7.2919881e-001
 7.2935891e-001
 7.2896934e-001
 7.2842479e-001
 7.2834545e-001
 7.2890240e-001
 7.2966659e-001
 7.3024005e-001
 7.3068410e-001
 7.3121107e-001
 7.3178357e-001
 7.3215270e-001
 7.3209202e-001
 7.3152864e-001
 7.3058981e-001
 7.2958809e-001
 7.2890115e-001
 7.2873479e-001
 7.2897887e-001
 7.2941655e-001
 7.3003268e-001
 7.3098600e-001
 7.3229390e-001
 7.3363405e-001
 7.3450166e-001
 7.3462540e-001
 7.3425823e-001
 7.3400915e-001
 7.3434800e-001
 7.3524761e-001
 7.3624891e-001
 7.3679382e-001
 7.3650205e-001
 7.3528779e-001
 7.3342091e-001
 7.3152423e-001
 7.3033535e-001
 7.3025542e-001
 7.3105264e-001
 7.3206496e-001
 7.3275024e-001
 7.3306847e-001
 7.3336327e-001
 7.3390877e-001
 7.3459625e-001
 7.3507255e-001
 7.3516321e-001
 7.3513031e-001
 7.3547202e-001
 7.3640275e-001
 7.3751485e-001
 7.3807597e-001
 7.3792148e-001
 7.3754132e-001
 7.3746866e-001
 7.3778528e-001
 7.3805684e-001
 7.3796421e-001
 7.3775655e-001
 7.3781449e-001
 7.3810101e-001
 7.3831338e-001
 7.3828316e-001
 7.3803818e-001
 7.3769110e-001
 7.3742115e-001
 7.3744678e-001
 7.3786813e-001
 7.3857611e-001
 7.3940760e-001
 7.4031520e-001
 7.4130249e-001
 7.4222094e-001
 7.4266082e-001
 7.4221939e-001
 7.4113548e-001
 7.4033618e-001
 7.4034154e-001
 7.4062902e-001
 7.4070483e-001
 7.4102134e-001
 7.4204385e-001
 7.4318081e-001
 7.4340290e-001
 7.4245191e-001
 7.4110419e-001
 7.4046153e-001
 7.4089009e-001
 7.4170172e-001
 7.4212790e-001
 7.4219084e-001
 7.4225730e-001
 7.4237716e-001
 7.4251741e-001
 7.4288481e-001
 7.4354452e-001
 7.4415982e-001
 7.4414337e-001
 7.4368960e-001
 7.4403006e-001
 7.4558252e-001
 7.4724954e-001
 7.4787009e-001
 7.4721760e-001
 7.4587387e-001
 7.4460286e-001
 7.4388170e-001
 7.4384302e-001
 7.4442530e-001
 7.4533659e-001
 7.4608815e-001
 7.4626136e-001
 7.4583000e-001
 7.4515331e-001
 7.4463969e-001
 7.4446309e-001
 7.4455374e-001
 7.4477792e-001
 7.4505842e-001
 7.4538302e-001
 7.4574840e-001
 7.4611092e-001
 7.4639863e-001
 7.4658293e-001
 7.4674666e-001
 7.4710447e-001
 7.4793077e-001
 7.4902707e-001
 7.5032556e-001
 7.5105250e-001
 7.5075138e-001
 7.4966443e-001
 7.4831480e-001
 7.4722594e-001
 7.4684155e-001
 7.4707764e-001
 7.4763727e-001
 7.4822342e-001
 7.4857831e-001
 7.4870539e-001
 7.4871361e-001
 7.4871254e-001
 7.4879628e-001
 7.4895757e-001
 7.4914861e-001
 7.4932116e-001
 7.4943459e-001
 7.4949723e-001
 7.4954402e-001
 7.4959439e-001
 7.4968296e-001
 7.4981290e-001
 7.4996215e-001
 7.5010806e-001
 7.5022757e-001
 7.5029868e-001
 7.5031590e-001
 7.5029010e-001
 7.5023288e-001
 7.5015593e-001
 7.5007027e-001
 7.4997479e-001
 7.4985605e-001
 7.4970019e-001
 7.4949312e-001
 7.4922276e-001
 7.4891198e-001
 7.4861860e-001
 7.4840158e-001
 7.4832034e-001
 7.4843383e-001
 7.4877810e-001
 7.4929976e-001
 7.4992359e-001
 7.5057423e-001
 7.5117683e-001
 7.5165588e-001
 7.5195450e-001
 7.5208592e-001
 7.5208014e-001
 7.5196713e-001
 7.5177711e-001
 7.5154001e-001
 7.5128597e-001
 7.5103915e-001
 7.5080204e-001
 7.5057179e-001
 7.5034553e-001
 7.5012034e-001
 7.4989349e-001
 7.4966204e-001
 7.4942321e-001
 7.4917555e-001
 7.4892288e-001
 7.4867034e-001
 7.4842310e-001
 7.4818623e-001
 7.4796498e-001
 7.4776429e-001
 7.4758935e-001
 7.4744523e-001
 7.4733633e-001
 7.4726731e-001
 7.4724251e-001
 7.4726629e-001
 7.4734324e-001
 7.4747771e-001
 7.4767423e-001
 7.4793339e-001
 7.4824220e-001
 7.4858415e-001
 7.4894303e-001
 7.4930263e-001
 7.4964637e-001
 7.4995810e-001
 7.5022137e-001
 7.5042003e-001
 7.5053763e-001
 7.5055790e-001
 7.5046444e-001
 7.5024742e-001
 7.4992001e-001
 7.4950057e-001
 7.4900764e-001
 7.4845946e-001
 7.4787486e-001
 7.4727190e-001
 7.4666923e-001
 7.4608523e-001
 7.4553835e-001
 7.4504703e-001
 7.4462968e-001
 7.4430019e-001
 7.4405563e-001
 7.4388951e-001
 7.4379534e-001
 7.4376667e-001
 7.4379694e-001
 7.4387956e-001
 7.4400818e-001
 7.4417615e-001
 7.4437708e-001
 7.4460423e-001
 7.4485075e-001
 7.4510747e-001
 7.4536461e-001
 7.4561274e-001
 7.4584216e-001
 7.4604338e-001
 7.4620664e-001
 7.4632251e-001
 7.4638122e-001
 7.4637341e-001
 7.4629343e-001
 7.4615079e-001
 7.4595773e-001
 7.4572682e-001
 7.4547035e-001
 7.4520093e-001
 7.4493080e-001
 7.4467266e-001
 7.4443865e-001
 7.4424142e-001
 7.4408841e-001
 7.4397093e-001
 7.4387634e-001
 7.4379230e-001
 7.4370623e-001
 7.4360591e-001
 7.4347866e-001
 7.4331212e-001
 7.4309403e-001
 7.4281168e-001
 7.4245834e-001
 7.4204576e-001
 7.4158973e-001
 7.4110579e-001
 7.4061000e-001
 7.4011785e-001
 7.3964530e-001
 7.3920786e-001
 7.3882145e-001
 7.3849684e-001
 7.3822778e-001
 7.3800516e-001
 7.3781943e-001
 7.3766118e-001
 7.3752093e-001
 7.3738927e-001
 7.3725688e-001
 7.3711491e-001
 7.3695630e-001
 7.3677480e-001
 7.3656392e-001
 7.3631716e-001
 7.3602802e-001
 7.3569024e-001
 7.3529708e-001
 7.3484778e-001
 7.3435897e-001
 7.3385102e-001
 7.3334432e-001
 7.3285919e-001
 7.3241627e-001
 7.3203564e-001
 7.3173785e-001
 7.3153412e-001
 7.3140609e-001
 7.3132962e-001
 7.3128432e-001
 7.3123211e-001
 7.3115385e-001
 7.3103482e-001
 7.3087317e-001
 7.3067993e-001
 7.3047435e-001
 7.3027974e-001
 7.3012024e-001
 7.3001760e-001
 7.2998637e-001
 7.3003036e-001
 7.3014581e-001
 7.3032576e-001
 7.3056221e-001
 7.3084611e-001
 7.3116678e-001
 7.3151165e-001
 7.3186660e-001
 7.3221678e-001
 7.3254746e-001
 7.3284501e-001
 7.3309767e-001
 7.3329598e-001
 7.3343241e-001
 7.3350108e-001
 7.3349941e-001
 7.3343110e-001
 7.3331034e-001
 7.3316270e-001
 7.3302269e-001
 7.3292822e-001
 7.3291355e-001
 7.3300147e-001
 7.3319584e-001
 7.3347998e-001
 7.3382032e-001
 7.3417455e-001
 7.3450053e-001
 7.3476481e-001
 7.3458415e-001
 7.3470289e-001
 7.3479515e-001
 7.3486328e-001
 7.3491251e-001
 7.3495001e-001
 7.3498380e-001
 7.3502213e-001
 7.3507249e-001
 7.3514104e-001
 7.3523211e-001
 7.3534769e-001
 7.3548734e-001
 7.3564804e-001
 7.3582441e-001
 7.3600906e-001
 7.3619324e-001
 7.3636717e-001
 7.3652101e-001
 7.3664564e-001
 7.3673350e-001
 7.3677927e-001
 7.3678011e-001
 7.3673612e-001
 7.3664987e-001
 7.3652637e-001
 7.3637325e-001
 7.3619986e-001
 7.3601651e-001
 7.3583376e-001
 7.3566067e-001
 7.3550463e-001
 7.3537058e-001
 7.3526138e-001
 7.3517799e-001
 7.3511994e-001
 7.3508614e-001
 7.3507512e-001
 7.3508555e-001
 7.3511654e-001
 7.3516715e-001
 7.3523623e-001
 7.3532218e-001
 7.3542237e-001
 7.3553330e-001
 7.3565078e-001
 7.3577052e-001
 7.3588878e-001
 7.3600334e-001
 7.3611361e-001
 7.3622149e-001
 7.3633039e-001
 7.3644477e-001
 7.3656899e-001
 7.3670578e-001
 7.3685521e-001
 7.3701370e-001
 7.3717415e-001
 7.3732656e-001
 7.3745984e-001
 7.3756373e-001
 7.3763132e-001
 7.3766059e-001
 7.3765558e-001
 7.3762554e-001
 7.3758370e-001
 7.3754424e-001
 7.3751938e-001
 7.3751712e-001
 7.3753959e-001
 7.3758340e-001
 7.3764080e-001
 7.3770249e-001
 7.3775995e-001
 7.3780769e-001
 7.3784417e-001
 7.3787194e-001
 7.3789608e-001
 7.3792267e-001
 7.3795718e-001
 7.3800325e-001
 7.3806214e-001
 7.3813295e-001
 7.3821324e-001
 7.3829925e-001
 7.3838651e-001
 7.3846990e-001
 7.3854333e-001
 7.3860031e-001
 7.3863441e-001
 7.3864037e-001
 7.3861587e-001
 7.3856258e-001
 7.3848712e-001
 7.3840070e-001
 7.3831749e-001
 7.3825186e-001
 7.3821557e-001
 7.3821479e-001
 7.3824859e-001
 7.3830861e-001
 7.3838079e-001
 7.3844779e-001
 7.3849297e-001
 7.3850328e-001
 7.3847210e-001
 7.3840004e-001
 7.3829472e-001
 7.3816931e-001
 7.3803997e-001
 7.3792320e-001
 7.3783314e-001
 7.3777968e-001
 7.3776722e-001
 7.3779392e-001
 7.3785263e-001
 7.3793173e-001
 7.3801684e-001
 7.3809302e-001
 7.3814678e-001
 7.3816800e-001
 7.3815137e-001
 7.3809683e-001
 7.3800951e-001
 7.3789823e-001
 7.3777342e-001
 7.3764533e-001
 7.3752117e-001
 7.3740435e-001
 7.3729354e-001
 7.3718369e-001
 7.3706722e-001
 7.3693609e-001
 7.3678315e-001
 7.3660302e-001
 7.3639196e-001
 7.3614675e-001
 7.3586333e-001
 7.3553586e-001
 7.3515660e-001
 7.3471659e-001
 7.3420805e-001
 7.3362660e-001
 7.3297387e-001
 7.3225880e-001
 7.3149723e-001
 7.3071128e-001
 7.2992563e-001
 7.2916561e-001
 7.2845393e-001
 7.2780854e-001
 7.2724289e-001
 7.2676539e-001
 7.2638094e-001
 7.2609150e-001
 7.2589713e-001
 7.2579587e-001
 7.2578359e-001
 7.2585362e-001
 7.2599626e-001
 7.2619939e-001
 7.2644907e-001
 7.2673142e-001
 7.2703379e-001
 7.2734630e-001
 7.2766262e-001
 7.2798002e-001
 7.2829837e-001
 7.2861886e-001
 7.2894228e-001
 7.2926760e-001
 7.2959077e-001
 7.2990435e-001
 7.3019820e-001
 7.3046046e-001
 7.3067927e-001
 7.3084474e-001
 7.3095065e-001
 7.3099560e-001
 7.3098361e-001
 7.3092365e-001
 7.3082852e-001
 7.3071349e-001
 7.3059440e-001
 7.3048633e-001
 7.3040229e-001
 7.3035240e-001
 7.3034394e-001
 7.3038119e-001
 7.3046553e-001
 7.3059571e-001
 7.3076779e-001
 7.3097533e-001
 7.3120958e-001
 7.3146003e-001
 7.3171496e-001
 7.3196310e-001
 7.3219407e-001
 7.3240036e-001
 7.3257738e-001
 7.3272431e-001
 7.3284370e-001
 7.3294079e-001
 7.3302257e-001
 7.3309648e-001
 7.3316950e-001
 7.3324704e-001
 7.3333251e-001
 7.3342657e-001
 7.3352724e-001
 7.3362982e-001
 7.3372710e-001
 7.3381007e-001
 7.3386890e-001
 7.3389417e-001
 7.3387814e-001
 7.3381656e-001
 7.3370987e-001
 7.3356408e-001
 7.3339063e-001
 7.3320574e-001
 7.3302853e-001
 7.3287928e-001
 7.3277634e-001
 7.3273385e-001
 7.3276013e-001
 7.3285639e-001
 7.3301655e-001
 7.3322839e-001
 7.3347509e-001
 7.3373753e-001
 7.3399681e-001
 7.3423636e-001
 7.3444349e-001
 7.3461056e-001
 7.3473495e-001
 7.3481822e-001
 7.3486531e-001
 7.3488271e-001
 7.3487782e-001
 7.3485762e-001
 7.3482811e-001
 7.3479438e-001
 7.3475999e-001
 7.3472732e-001
 7.3469734e-001
 7.3466915e-001
 7.3464012e-001
 7.3460621e-001
 7.3456228e-001
 7.3450333e-001
 7.3442543e-001
 7.3432726e-001
 7.3421079e-001
 7.3408121e-001
 7.3394662e-001
 7.3381668e-001
 7.3370111e-001
 7.3360819e-001
 7.3354405e-001
 7.3351210e-001
 7.3351359e-001
 7.3354846e-001
 7.3361588e-001
 7.3371476e-001
 7.3384351e-001
 7.3399907e-001
 7.3417658e-001
 7.3436773e-001
 7.3456144e-001
 7.3474407e-001
 7.3490083e-001
 7.3501819e-001
 7.3508507e-001
 7.3509455e-001
 7.3504436e-001
 7.3493624e-001
 7.3477483e-001
 7.3456657e-001
 7.3431814e-001
 7.3403597e-001
 7.3372650e-001
 7.3339599e-001
 7.3305184e-001
 7.3270267e-001
 7.3235786e-001
 7.3202735e-001
 7.3172015e-001
 7.3144299e-001
 7.3119938e-001
 7.3098904e-001
 7.3080808e-001
 7.3064983e-001
 7.3050618e-001
 7.3036891e-001
 7.3023087e-001
 7.3008674e-001
 7.2993302e-001
 7.2976798e-001
 7.2959077e-001
 7.2940099e-001
 7.2919768e-001
 7.2897929e-001
 7.2874361e-001
 7.2848839e-001
 7.2821188e-001
 7.2791368e-001
 7.2759551e-001
 7.2726107e-001
 7.2691619e-001
 7.2656792e-001
 7.2622335e-001
 7.2588843e-001
 7.2556686e-001
 7.2525978e-001
 7.2496521e-001
 7.2467905e-001
 7.2439581e-001
 7.2410953e-001
 7.2381514e-001
 7.2350878e-001
 7.2318798e-001
 7.2285205e-001
 7.2250110e-001
 7.2213626e-001
 7.2175914e-001
 7.2137183e-001
 7.2097695e-001
 7.2057766e-001
 7.2017759e-001
 7.1978050e-001
 7.1938962e-001
 7.1900719e-001
 7.1863359e-001
 7.1826714e-001
 7.1790427e-001
 7.1753931e-001
 7.1716613e-001
 7.1677870e-001
 7.1637231e-001
 7.1594495e-001
 7.1549737e-001
 7.1503377e-001
 7.1456134e-001
 7.1408910e-001
 7.1362728e-001
 7.1318495e-001
 7.1276945e-001
 7.1238446e-001
 7.1202904e-001
 7.1169746e-001
 7.1137923e-001
 7.1106023e-001
 7.1072382e-001
 7.1035290e-001
 7.0993215e-001
 7.0944971e-001
 7.0889890e-001
 7.0827919e-001
 7.0759571e-001
 7.0685899e-001
 7.0608234e-001
 7.0528007e-001
 7.0446444e-001
 7.0364302e-001
 7.0281690e-001
 7.0197934e-001
 7.0111561e-001
 7.0020431e-001
 6.9921917e-001
 6.9813234e-001
 6.9691753e-001
 6.9555271e-001
 6.9402373e-001
 6.9232440e-001
 6.9045818e-001
 6.8843639e-001
 6.8627471e-001
 6.8399203e-001
 6.8160421e-001
 6.7912263e-001
 6.7655098e-001
 6.7388302e-001
 6.7110562e-001
 6.6819853e-001
 6.6514063e-001
 6.6191423e-001
 6.5850830e-001
 6.5492457e-001
 6.5117896e-001
 6.4729953e-001
 6.4332753e-001
 6.3930953e-001
 6.3529539e-001
 6.3133150e-001
 6.2745500e-001
 6.2369406e-001
 6.2006330e-001
 6.1656797e-001
 6.1320508e-001
 6.0996610e-001
 6.0684347e-001
 6.0383129e-001
 6.0092992e-001
 5.9814614e-001
 5.9549171e-001
 5.9298402e-001
 5.9064168e-001
 5.8848464e-001
 5.8653212e-001
 5.8480150e-001
 5.8331031e-001
 5.8207524e-001
 5.8111376e-001
 5.8044279e-001
 5.8007699e-001
 5.8002698e-001
 5.8029586e-001
 5.8087742e-001
 5.8175462e-001
 5.8290070e-001
 5.8428079e-001
 5.8585519e-001
 5.8758414e-001
 5.8942902e-001
 5.9135634e-001
 5.9333670e-001
 5.9534478e-001
 5.9735847e-001
 5.9935623e-001
 6.0131788e-001
 6.0322291e-001
 6.0505253e-001
 6.0679162e-001
 6.0842913e-001
 6.0996109e-001
 6.1138958e-001
 6.1272275e-001
 6.1397374e-001
 6.1515719e-001
 6.1628664e-001
 6.1737251e-001
 6.1841887e-001
 6.1942369e-001
 6.2037808e-001
 6.2126863e-001
 6.2207997e-001
 6.2279725e-001
 6.2340987e-001
 6.2391299e-001
 6.2430900e-001
 6.2460786e-001
 6.2482560e-001
 6.2498295e-001
 6.2510318e-001
 6.2521005e-001
 6.2532634e-001
 6.2547231e-001
 6.2566525e-001
 6.2591875e-001
 6.2624246e-001
 6.2664205e-001
 6.2711948e-001
 6.2767345e-001
 6.2830013e-001
 6.2899423e-001
 6.2975055e-001
 6.3056433e-001
 6.3143265e-001
 6.3235432e-001
 6.3332909e-001
 6.3435727e-001
 6.3543749e-001
 6.3656610e-001
 6.3773668e-001
 6.3893896e-001
 6.4016074e-001
 6.4138800e-001
 6.4260685e-001
 6.4380568e-001
 6.4497513e-001
 6.4610970e-001
 6.4720720e-001
 6.4826822e-001
 6.4929605e-001
 6.5029478e-001
 6.5126973e-001
 6.5222579e-001
 6.5316743e-001
 6.5409911e-001
 6.5502417e-001
 6.5594512e-001
 6.5686375e-001
 6.5777975e-001
 6.5869141e-001
 6.5959406e-001
 6.6048062e-001
 6.6134202e-001
 6.6216737e-001
 6.6294622e-001
 6.6366965e-001
 6.6433263e-001
 6.6493565e-001
 6.6548520e-001
 6.6599411e-001
 6.6647953e-001
 6.6696119e-001
 6.6745871e-001
 6.6798836e-001
 6.6856170e-001
 6.6918373e-001
 6.6985339e-001
 6.7056459e-001
 6.7130733e-001
 6.7206973e-001
 6.7283964e-001
 6.7360526e-001
 6.7435670e-001
 6.7508578e-001
 6.7578721e-001
 6.7645890e-001
 6.7710125e-001
 6.7771780e-001
 6.7831433e-001
 6.7889780e-001
 6.7947650e-001
 6.8005776e-001
 6.8064713e-001
 6.8124568e-001
 6.8184876e-001
 6.8244594e-001
 6.8302125e-001
 6.8355691e-001
 6.8403614e-001
 6.8444842e-001
 6.8479276e-001
 6.8507785e-001
 6.8532163e-001
 6.8554801e-001
 6.8578357e-001
 6.8605447e-001
 6.8638331e-001
 6.8678683e-001
 6.8727374e-001
 6.8784362e-001
 6.8848699e-001
 6.8918592e-001
 6.8991619e-001
 6.9065040e-001
 6.9136071e-001
 6.9202286e-001
 6.9261867e-001
 6.9313818e-001
 6.9358075e-001
 6.9395339e-001
 6.9426876e-001
 6.9454277e-001
 6.9479173e-001
 6.9503069e-001
 6.9527161e-001
 6.9552308e-001
 6.9578916e-001
 6.9606984e-001
 6.9636184e-001
 6.9665968e-001
 6.9695729e-001
 6.9724911e-001
 6.9753104e-001
 6.9780105e-001
 6.9805872e-001
 6.9830525e-001
 6.9854283e-001
 6.9877422e-001
 6.9900203e-001
 6.9922870e-001
 6.9945604e-001
 6.9968557e-001
 6.9991815e-001
 7.0015424e-001
 7.0039409e-001
 7.0063776e-001
 7.0088559e-001
 7.0113796e-001
 7.0139599e-001
 7.0166093e-001
 7.0193452e-001
 7.0221823e-001
 7.0251298e-001
 7.0281827e-001
 7.0313179e-001
 7.0344841e-001
 7.0376056e-001
 7.0405817e-001
 7.0432955e-001
 7.0456278e-001
 7.0474762e-001
 7.0487702e-001
 7.0494908e-001
 7.0496815e-001
 7.0494515e-001
 7.0489651e-001
 7.0484281e-001
 7.0480591e-001
 7.0480615e-001
 7.0485932e-001
 7.0497441e-001
 7.0515263e-001
 7.0538700e-001
 7.0566380e-001
 7.0596468e-001
 7.0626962e-001
 7.0655996e-001
 7.0682043e-001
 7.0704126e-001
 7.0721895e-001
 7.0735532e-001
 7.0745683e-001
 7.0753264e-001
 7.0759249e-001
 7.0764524e-001
 7.0769745e-001
 7.0775282e-001
 7.0781237e-001
 7.0787489e-001
 7.0793796e-001
 7.0799929e-001
 7.0805728e-001
 7.0811188e-001
 7.0816493e-001
 7.0821971e-001
 7.0828056e-001
 7.0835221e-001
 7.0843887e-001
 7.0854366e-001
 7.0866823e-001
 7.0881259e-001
 7.0897549e-001
 7.0915502e-001
 7.0934910e-001
 7.0955622e-001
 7.0977598e-001
 7.1000916e-001
 7.1025753e-001
 7.1052325e-001
 7.1080792e-001
 7.1111178e-001
 7.1143240e-001
 7.1176440e-001
 7.1209908e-001
 7.1242470e-001
 7.1272743e-001
 7.1299267e-001
 7.1320683e-001
 7.1335864e-001
 7.1344107e-001
 7.1345204e-001
 7.1339464e-001
 7.1327609e-001
 7.1310705e-001
 7.1290022e-001
 7.1266890e-001
 7.1242613e-001
 7.1218365e-001
 7.1195161e-001
 7.1173805e-001
 7.1154857e-001
 7.1138626e-001
 7.1125215e-001
 7.1114504e-001
 7.1106201e-001
 7.1099889e-001
 7.1095079e-001
 7.1091270e-001
 7.1087998e-001
 7.1084946e-001
 7.1081960e-001
 7.1079129e-001
 7.1076751e-001
 7.1075308e-001
 7.1075374e-001
 7.1077466e-001
 7.1081930e-001
 7.1088815e-001
 7.1097773e-001
 7.1108013e-001
 7.1118343e-001
 7.1127188e-001
 7.1132767e-001
 7.1133280e-001
 7.1127141e-001
 7.1113217e-001
 7.1091026e-001
 7.1060878e-001
 7.1023899e-001
 7.0981944e-001
 7.0937401e-001
 7.0892900e-001
 7.0851028e-001
 7.0813948e-001
 7.0783180e-001
 7.0759416e-001
 7.0742410e-001
 7.0731097e-001
 7.0723695e-001
 7.0718032e-001
 7.0711792e-001
 7.0702857e-001
 7.0689541e-001
 7.0670795e-001
 7.0646298e-001
 7.0616418e-001
 7.0582122e-001
 7.0544809e-001
 7.0506078e-001
 7.0467538e-001
 7.0430607e-001
 7.0396399e-001
 7.0365632e-001
 7.0338619e-001
 7.0315289e-001
 7.0295280e-001
 7.0278007e-001
 7.0262760e-001
 7.0248777e-001
 7.0235306e-001
 7.0221663e-001
 7.0207232e-001
 7.0191526e-001
 7.0174164e-001
 7.0154881e-001
 7.0133561e-001
 7.0110226e-001
 7.0085037e-001
 7.0058280e-001
 7.0030332e-001
 7.0001644e-001
 6.9972652e-001
 6.9943750e-001
 6.9915217e-001
 6.9887149e-001
 6.9859475e-001
 6.9831902e-001
 6.9803965e-001
 6.9775099e-001
 6.9744676e-001
 6.9712120e-001
 6.9676995e-001
 6.9639063e-001
 6.9598365e-001
 6.9555217e-001
 6.9510227e-001
 6.9464231e-001
 6.9418234e-001
 6.9373345e-001
 6.9330704e-001
 6.9291401e-001
 6.9256407e-001
 6.9226545e-001
 6.9202423e-001
 6.9184399e-001
 6.9172496e-001
 6.9166386e-001
 6.9165301e-001
 6.9167989e-001
 6.9172734e-001
 6.9177383e-001
 6.9179475e-001
 6.9176418e-001
 6.9165736e-001
 6.9145358e-001
 6.9113839e-001
 6.9070637e-001
 6.9016194e-001
 6.8952012e-001
 6.8880552e-001
 6.8804967e-001
 6.8728852e-001
 6.8655735e-001
 6.8588734e-001
 6.8530148e-001
 6.8481147e-001
 6.8441749e-001
 6.8410927e-001
 6.8386912e-001
 6.8367499e-001
 6.8350369e-001
 6.8333387e-001
 6.8314821e-001
 6.8293446e-001
 6.8268657e-001
 6.8240470e-001
 6.8209583e-001
 6.8177265e-001
 6.8145168e-001
 6.8115097e-001
 6.8088722e-001
 6.8067265e-001
 6.8051243e-001
 6.8040353e-001
 6.8033469e-001
 6.8029952e-001
 6.8028170e-001
 6.8023533e-001
 6.8013442e-001
 6.7995834e-001
 6.7969537e-001
 6.7934501e-001
 6.7891711e-001
 6.7842835e-001
 6.7789960e-001
 6.7735267e-001
 6.7680943e-001
 6.7628998e-001
 6.7581141e-001
 6.7538589e-001
 6.7501986e-001
 6.7471325e-001
 6.7446059e-001
 6.7425197e-001
 6.7407501e-001
 6.7391604e-001
 6.7376101e-001
 6.7359632e-001
 6.7340976e-001
 6.7319137e-001
 6.7293459e-001
 6.7263633e-001
 6.7229706e-001
 6.7191952e-001
 6.7150795e-001
 6.7106730e-001
 6.7060226e-001
 6.7011744e-001
 6.6961557e-001
 6.6909766e-001
 6.6856164e-001
 6.6800207e-001
 6.6741067e-001
 6.6677719e-001
 6.6608977e-001
 6.6533637e-001
 6.6450489e-001
 6.6358471e-001
 6.6256797e-001
 6.6145068e-001
 6.6023552e-001
 6.5893114e-001
 6.5755260e-001
 6.5611941e-001
 6.5465325e-001
 6.5317738e-001
 6.5171421e-001
 6.5028477e-001
 6.4890635e-001
 6.4758891e-001
 6.4633417e-001
 6.4513332e-001
 6.4396900e-001
 6.4281738e-001
 6.4165002e-001
 6.4043742e-001
 6.3914937e-001
 6.3775724e-001
 6.3623530e-001
 6.3456243e-001
 6.3272470e-001
 6.3071573e-001
 6.2853521e-001
 6.2618887e-001
 6.2368423e-001
 6.2103105e-001
 6.1823922e-001
 6.1531669e-001
 6.1227041e-001
 6.0910201e-001
 6.0580885e-001
 6.0238254e-001
 5.9880793e-001
 5.9506774e-001
 5.9114063e-001
 5.8700585e-001
 5.8264315e-001
 5.7803327e-001
 5.7316428e-001
 5.6803048e-001
 5.6263995e-001
 5.5701381e-001
 5.5118299e-001
 5.4518914e-001
 5.3907919e-001
 5.3290021e-001
 5.2670318e-001
 5.2053565e-001
 5.1444608e-001
 5.0848061e-001
 5.0268000e-001
 4.9708447e-001
 4.9172810e-001
 4.8664477e-001
 4.8186681e-001
 4.7742385e-001
 4.7334674e-001
 4.6966249e-001
 4.6639594e-001
 4.6356577e-001
 4.6118161e-001
 4.5924541e-001
 4.5774993e-001
 4.5668277e-001
 4.5602766e-001
 4.5576623e-001
 4.5587921e-001
 4.5634606e-001
 4.5714414e-001
 4.5824715e-001
 4.5962465e-001
 4.6124062e-001
 4.6305436e-001
 4.6502241e-001
 4.6709841e-001
 4.6923634e-001
 4.7138986e-001
 4.7351491e-001
 4.7557285e-001
 4.7753203e-001
 4.7937235e-001
 4.8108494e-001
 4.8267165e-001
 4.8414281e-001
 4.8551273e-001
 4.8679861e-001
 4.8801768e-001
 4.8918650e-001
 4.9032006e-001
 4.9142945e-001
 4.9252167e-001
 4.9359819e-001
 4.9465585e-001
 4.9568856e-001
 4.9668774e-001
 4.9764401e-001
 4.9854830e-001
 4.9939209e-001
 5.0016934e-001
 5.0087720e-001
 5.0151777e-001
 5.0209868e-001
 5.0263196e-001
 5.0313371e-001
 5.0362164e-001
 5.0411451e-001
 5.0463098e-001
 5.0518799e-001
 5.0579965e-001
 5.0647455e-001
 5.0721407e-001
 5.0801176e-001
 5.0885385e-001
 5.0972140e-001
 5.1059222e-001
 5.1144278e-001
 5.1224989e-001
 5.1299179e-001
 5.1365042e-001
 5.1421452e-001
 5.1468098e-001
 5.1505643e-001
 5.1535624e-001
 5.1560181e-001
 5.1581860e-001
 5.1603365e-001
 5.1627433e-001
 5.1656681e-001
 5.1693457e-001
 5.1739681e-001
 5.1796639e-001
 5.1864964e-001
 5.1944667e-001
 5.2035296e-001
 5.2136165e-001
 5.2246398e-001
 5.2365130e-001
 5.2491421e-001
 5.2624303e-001
 5.2762836e-001
 5.2905977e-001
 5.3052700e-001
 5.3201902e-001
 5.3352445e-001
 5.3503233e-001
 5.3653115e-001
 5.3800970e-001
 5.3945804e-001
 5.4086691e-001
 5.4223013e-001
 5.4354447e-001
 5.4481030e-001
 5.4603165e-001
 5.4721457e-001
 5.4836690e-001
 5.4949695e-001
 5.5061352e-001
 5.5172479e-001
 5.5283904e-001
 5.5396408e-001
 5.5510598e-001
 5.5627078e-001
 5.5746317e-001
 5.5868757e-001
 5.5994713e-001
 5.6124562e-001
 5.6258631e-001
 5.6397063e-001
 5.6539923e-001
 5.6686985e-001
 5.6837523e-001
 5.6990474e-001
 5.7144338e-001
 5.7297361e-001
 5.7447505e-001
 5.7592785e-001
 5.7731223e-001
 5.7860863e-001
 5.7980150e-001
 5.8087975e-001
 5.8183783e-001
 5.8267820e-001
 5.8340955e-001
 5.8404469e-001
 5.8459985e-001
 5.8509231e-001
 5.8553976e-001
 5.8595908e-001
 5.8636612e-001
 5.8677441e-001
 5.8719409e-001
 5.8763212e-001
 5.8809221e-001
 5.8857554e-001
 5.8908224e-001
 5.8961153e-001
 5.9016246e-001
 5.9073341e-001
 5.9132284e-001
 5.9192848e-001
 5.9254694e-001
 5.9317422e-001
 5.9380561e-001
 5.9443539e-001
 5.9505785e-001
 5.9566712e-001
 5.9625703e-001
 5.9682214e-001
 5.9735769e-001
 5.9786004e-001
 5.9832686e-001
 5.9875816e-001
 5.9915525e-001
 5.9952050e-001
 5.9985733e-001
 6.0016930e-001
 6.0046005e-001
 6.0073328e-001
 6.0099238e-001
 6.0124052e-001
 6.0148025e-001
 6.0171366e-001
 6.0194236e-001
 6.0216767e-001
 6.0239053e-001
 6.0261202e-001
 6.0283285e-001
 6.0305387e-001
 6.0327566e-001
 6.0349852e-001
 6.0372239e-001
 6.0394675e-001
 6.0417086e-001
 6.0439336e-001
 6.0461307e-001
 6.0482866e-001
 6.0503852e-001
 6.0524154e-001
 6.0543650e-001
 6.0562247e-001
 6.0579896e-001
 6.0596597e-001
 6.0612375e-001
 6.0627276e-001
 6.0641384e-001
 6.0654777e-001
 6.0667533e-001
 6.0679728e-001
 6.0691452e-001
 6.0702765e-001
 6.0713726e-001
 6.0724372e-001
 6.0734743e-001
 6.0744864e-001
 6.0754746e-001
 6.0764414e-001
 6.0773885e-001
 6.0783213e-001
 6.0792470e-001
 6.0801792e-001
 6.0811394e-001
 6.0821581e-001
 6.0832727e-001
 6.0845280e-001
 6.0859710e-001
 6.0876501e-001
 6.0896099e-001
 6.0918880e-001
 6.0945058e-001
 6.0974550e-001
 6.1006916e-001
 6.1041307e-001
 6.1076456e-001
 6.1110866e-001
 6.1142856e-001
 6.1170697e-001
 6.1192662e-001
 6.1207205e-001
 6.1213070e-001
 6.1209542e-001
 6.1196631e-001
 6.1175120e-001
 6.1146533e-001
 6.1112916e-001
 6.1076623e-001
 6.1040151e-001
 6.1005998e-001
 6.0976517e-001
 6.0953748e-001
 6.0939217e-001
 6.0933721e-001
 6.0937262e-001
 6.0949129e-001
 6.0968077e-001
 6.0992557e-001
 6.1020851e-001
 6.1051238e-001
 6.1082035e-001
 6.1111760e-001
 6.1139166e-001
 6.1163414e-001
 6.1184096e-001
 6.1201155e-001
 6.1214852e-001
 6.1225599e-001
 6.1233878e-001
 6.1240208e-001
 6.1245084e-001
 6.1248940e-001
 6.1252099e-001
 6.1254764e-001
 6.1256951e-001
 6.1258566e-001
 6.1259395e-001
 6.1259156e-001
 6.1257553e-001
 6.1254257e-001
 6.1248946e-001
 6.1241275e-001
 6.1230892e-001
 6.1217427e-001
 6.1200464e-001
 6.1179590e-001
 6.1154377e-001
 6.1124361e-001
 6.1089116e-001
 6.1048186e-001
 6.1001146e-001
 6.0947651e-001
 6.0887384e-001
 6.0820138e-001
 6.0745865e-001
 6.0664570e-001
 6.0576349e-001
 6.0481316e-001
 6.0379672e-001
 6.0271519e-001
 6.0156870e-001
 6.0035652e-001
 5.9907430e-001
 5.9771371e-001
 5.9626299e-001
 5.9470582e-001
 5.9302306e-001
 5.9119374e-001
 5.8919740e-001
 5.8701324e-001
 5.8462220e-001
 5.8201212e-001
 5.7917702e-001
 5.7612163e-001
 5.7286507e-001
 5.6943530e-001
 5.6586897e-001
 5.6220663e-001
 5.5849379e-001
 5.5477405e-001
 5.5109054e-001
 5.4748750e-001
 5.4400402e-001
 5.4067582e-001
 5.3753722e-001
 5.3461653e-001
 5.3193980e-001
 5.2953321e-001
 5.2741998e-001
 5.2562261e-001
 5.2416033e-001
 5.2304780e-001
 5.2228934e-001
 5.2187693e-001
 5.2178878e-001
 5.2199030e-001
 5.2243769e-001
 5.2308142e-001
 5.2386975e-001
 5.2475065e-001
 5.2567416e-001
 5.2659404e-001
 5.2747238e-001
 5.2828109e-001
 5.2900314e-001
 5.2963197e-001
 5.3016859e-001
 5.3061813e-001
 5.3098822e-001
 5.3128707e-001
 5.3152227e-001
 5.3170061e-001
 5.3182650e-001
 5.3190166e-001
 5.3192437e-001
 5.3189033e-001
 5.3179300e-001
 5.3162450e-001
 5.3137660e-001
 5.3104103e-001
 5.3061038e-001
 5.3007889e-001
 5.2944368e-001
 5.2870542e-001
 5.2786982e-001
 5.2694583e-001
 5.2594513e-001
 5.2488190e-001
 5.2377027e-001
 5.2262467e-001
 5.2145958e-001
 5.2028781e-001
 5.1912010e-001
 5.1796538e-001
 5.1682895e-001
 5.1571375e-001
 5.1462048e-001
 5.1354951e-001
 5.1249981e-001
 5.1147026e-001
 5.1046032e-001
 5.0946879e-001
 5.0849462e-001
 5.0753772e-001
 5.0659728e-001
 5.0567305e-001
 5.0476456e-001
 5.0387222e-001
 5.0299555e-001
 5.0213408e-001
 5.0128764e-001
 5.0045460e-001
 4.9963209e-001
 4.9881610e-001
 4.9800029e-001
 4.9717641e-001
 4.9633572e-001
 4.9546808e-001
 4.9456328e-001
 4.9361107e-001
 4.9260256e-001
 4.9152985e-001
 4.9038750e-001
 4.8917449e-001
 4.8789299e-001
 4.8654857e-001
 4.8515049e-001
 4.8370853e-001
 4.8223352e-001
 4.8073590e-001
 4.7922647e-001
 4.7771350e-001
 4.7620252e-001
 4.7469661e-001
 4.7319385e-001
 4.7168875e-001
 4.7017419e-001
 4.6864054e-001
 4.6707743e-001
 4.6547592e-001
 4.6382695e-001
 4.6212441e-001
 4.6036595e-001
 4.5855615e-001
 4.5670459e-001
 4.5482650e-001
 4.5294267e-001
 4.5107508e-001
 4.4924676e-001
 4.4748253e-001
 4.4580540e-001
 4.4423792e-001
 4.4280061e-001
 4.4151273e-001
 4.4038990e-001
 4.3944564e-001
 4.3869239e-001
 4.3814090e-001
 4.3780136e-001
 4.3768364e-001
 4.3779621e-001
 4.3814534e-001
 4.3873402e-001
 4.3955973e-001
 4.4061506e-001
 4.4188783e-001
 4.4336131e-001
 4.4501761e-001
 4.4683784e-001
 4.4880176e-001
 4.5089081e-001
 4.5308775e-001
 4.5537588e-001
 4.5774281e-001
 4.6017876e-001
 4.6267739e-001
 4.6523261e-001
 4.6784133e-001
 4.7050092e-001
 4.7320670e-001
 4.7595474e-001
 4.7873878e-001
 4.8154670e-001
 4.8436308e-001
 4.8716584e-001
 4.8992825e-001
 4.9261740e-001
 4.9520013e-001
 4.9764210e-001
 4.9990746e-001
 5.0196415e-001
 5.0378406e-001
 5.0534517e-001
 5.0663680e-001
 5.0765955e-001
 5.0842327e-001
 5.0894541e-001
 5.0924712e-001
 5.0935119e-001
 5.0928086e-001
 5.0905842e-001
 5.0870472e-001
 5.0823814e-001
 5.0767362e-001
 5.0702214e-001
 5.0629187e-001
 5.0548762e-001
 5.0461268e-001
 5.0366926e-001
 5.0265968e-001
 5.0158578e-001
 5.0044930e-001
 4.9925283e-001
 4.9804473e-001
 4.9704590e-001
 4.9568886e-001
 4.9430272e-001
 4.9289840e-001
 4.9148741e-001
 4.9008071e-001
 4.8869050e-001
 4.8732767e-001
 4.8600367e-001
 4.8472995e-001
 4.8351628e-001
 4.8236200e-001
 4.8125920e-001
 4.8020032e-001
 4.7917739e-001
 4.7818330e-001
 4.7721010e-001
 4.7625023e-001
 4.7529581e-001
 4.7433963e-001
 4.7337386e-001
 4.7239083e-001
 4.7138259e-001
 4.7034213e-001
 4.6926197e-001
 4.6813932e-001
 4.6697366e-001
 4.6576434e-001
 4.6451148e-001
 4.6321437e-001
 4.6187246e-001
 4.6048510e-001
 4.5905244e-001
 4.5757377e-001
 4.5604864e-001
 4.5447618e-001
 4.5285672e-001
 4.5118949e-001
 4.4947404e-001
 4.4770986e-001
 4.4589612e-001
 4.4403329e-001
 4.4212070e-001
 4.4016048e-001
 4.3815541e-001
 4.3610990e-001
 4.3402666e-001
 4.3190905e-001
 4.2975989e-001
 4.2758352e-001
 4.2538273e-001
 4.2316085e-001
 4.2092127e-001
 4.1866666e-001
 4.1640148e-001
 4.1412854e-001
 4.1185102e-001
 4.0957192e-001
 4.0729544e-001
 4.0502444e-001
 4.0276223e-001
 4.0051168e-001
 3.9827704e-001
 3.9606121e-001
 3.9386716e-001
 3.9169541e-001
 3.8954675e-001
 3.8742056e-001
 3.8531658e-001
 3.8323477e-001
 3.8117439e-001
 3.7913620e-001
 3.7711966e-001
 3.7512454e-001
 3.7315020e-001
 3.7119749e-001
 3.6926565e-001
 3.6735454e-001
 3.6546361e-001
 3.6359352e-001
 3.6174372e-001
 3.5991400e-001
 3.5810414e-001
 3.5631362e-001
 3.5454315e-001
 3.5279208e-001
 3.5106021e-001
 3.4934705e-001
 3.4765318e-001
 3.4597805e-001
 3.4432146e-001
 3.4268293e-001
 3.4106281e-001
 3.3946070e-001
 3.3787623e-001
 3.3630928e-001
 3.3475921e-001
 3.3322653e-001
 3.3171064e-001
 3.3021128e-001
 3.2872805e-001
 3.2726127e-001
 3.2581037e-001
 3.2437521e-001
 3.2295516e-001
 3.2155070e-001
 3.2016131e-001
 3.1878671e-001
 3.1742638e-001
 3.1608075e-001
 3.1474924e-001
 3.1343165e-001
 3.1212780e-001
 3.1083709e-001
 3.0955991e-001
 3.0829582e-001
 3.0704451e-001
 3.0580556e-001
 3.0457917e-001
 3.0336502e-001
 3.0216318e-001
 3.0097699e-001
 2.9981208e-001
 2.9867342e-001
