s07_ASD Record=12325: Actinolite-Tremolit BR93-22C  BECKb AREF
 6.3876145e-002
 6.4040400e-002
 6.4236134e-002
 6.4465165e-002
 6.4723559e-002
 6.5001860e-002
 6.5288402e-002
 6.5572791e-002
 6.5848090e-002
 6.6110864e-002
 6.6359840e-002
 6.6594318e-002
 6.6813119e-002
 6.7014270e-002
 6.7195684e-002
 6.7356668e-002
 6.7499094e-002
 6.7627385e-002
 6.7747764e-002
 6.7867249e-002
 6.7992367e-002
 6.8127573e-002
 6.8273634e-002
 6.8426743e-002
 6.8578891e-002
 6.8719395e-002
 6.8838626e-002
 6.8932928e-002
 6.9005899e-002
 6.9064513e-002
 6.9114752e-002
 6.9159642e-002
 6.9199875e-002
 6.9235325e-002
 6.9266960e-002
 6.9298357e-002
 6.9335036e-002
 6.9382377e-002
 6.9443695e-002
 6.9519468e-002
 6.9608279e-002
 6.9708414e-002
 6.9818616e-002
 6.9937378e-002
 7.0061184e-002
 7.0183262e-002
 7.0294052e-002
 7.0383616e-002
 7.0444793e-002
 7.0475370e-002
 7.0478141e-002
 7.0459530e-002
 7.0428208e-002
 7.0394821e-002
 7.0372149e-002
 7.0374623e-002
 7.0415050e-002
 7.0497893e-002
 7.0618689e-002
 7.0766345e-002
 7.0916496e-002
 7.1055822e-002
 7.1185566e-002
 7.1310848e-002
 7.1448848e-002
 7.1618848e-002
 7.1821637e-002
 7.2042100e-002
 7.2257131e-002
 7.2442591e-002
 7.2583914e-002
 7.2683342e-002
 7.2757468e-002
 7.2828658e-002
 7.2915755e-002
 7.3028296e-002
 7.3166601e-002
 7.3327705e-002
 7.3512763e-002
 7.3730193e-002
 7.3991001e-002
 7.4298076e-002
 7.4637070e-002
 7.4976295e-002
 7.5277597e-002
 7.5511485e-002
 7.5666375e-002
 7.5746477e-002
 7.5761974e-002
 7.5720787e-002
 7.5628482e-002
 7.5494714e-002
 7.5339057e-002
 7.5190298e-002
 7.5080059e-002
 7.5035602e-002
 7.5074144e-002
 7.5198188e-002
 7.5391471e-002
 7.5619556e-002
 7.5839296e-002
 7.6015547e-002
 7.6134354e-002
 7.6204956e-002
 7.6253362e-002
 7.6312587e-002
 7.6413319e-002
 7.6574169e-002
 7.6789647e-002
 7.7026568e-002
 7.7241927e-002
 7.7412285e-002
 7.7547543e-002
 7.7675365e-002
 7.7814750e-002
 7.7966116e-002
 7.8122169e-002
 7.8279942e-002
 7.8438886e-002
 7.8592636e-002
 7.8729957e-002
 7.8845873e-002
 7.8948967e-002
 7.9057604e-002
 7.9192162e-002
 7.9370998e-002
 7.9605512e-002
 7.9888411e-002
 8.0185585e-002
 8.0450743e-002
 8.0660380e-002
 8.0835015e-002
 8.1017248e-002
 8.1224494e-002
 8.1426732e-002
 8.1574477e-002
 8.1646927e-002
 8.1671201e-002
 8.1696607e-002
 8.1751712e-002
 8.1823520e-002
 8.1873447e-002
 8.1871912e-002
 8.1821248e-002
 8.1751123e-002
 8.1695728e-002
 8.1673980e-002
 8.1685774e-002
 8.1722036e-002
 8.1778385e-002
 8.1862062e-002
 8.1985213e-002
 8.2147844e-002
 8.2326315e-002
 8.2482636e-002
 8.2590640e-002
 8.2656138e-002
 8.2713403e-002
 8.2801633e-002
 8.2940608e-002
 8.3120070e-002
 8.3304390e-002
 8.3447807e-002
 8.3517089e-002
 8.3513975e-002
 8.3480060e-002
 8.3472811e-002
 8.3526477e-002
 8.3628356e-002
 8.3726980e-002
 8.3764501e-002
 8.3713315e-002
 8.3594419e-002
 8.3459564e-002
 8.3346963e-002
 8.3256133e-002
 8.3174258e-002
 8.3120838e-002
 8.3144985e-002
 8.3267651e-002
 8.3436385e-002
 8.3553880e-002
 8.3558410e-002
 8.3471790e-002
 8.3364397e-002
 8.3283506e-002
 8.3225906e-002
 8.3167672e-002
 8.3096802e-002
 8.3017707e-002
 8.2948484e-002
 8.2926445e-002
 8.3000906e-002
 8.3194390e-002
 8.3457097e-002
 8.3668508e-002
 8.3707370e-002
 8.3538637e-002
 8.3238646e-002
 8.2936667e-002
 8.2726933e-002
 8.2621396e-002
 8.2569219e-002
 8.2513668e-002
 8.2434788e-002
 8.2348339e-002
 8.2272232e-002
 8.2198285e-002
 8.2098886e-002
 8.1961505e-002
 8.1812300e-002
 8.1697106e-002
 8.1634372e-002
 8.1597820e-002
 8.1557505e-002
 8.1522845e-002
 8.1520766e-002
 8.1543118e-002
 8.1544556e-002
 8.1481807e-002
 8.1330463e-002
 8.1093237e-002
 8.0836989e-002
 8.0682538e-002
 8.0679387e-002
 8.0713674e-002
 8.0628000e-002
 8.0416262e-002
 8.0210917e-002
 8.0097362e-002
 8.0036312e-002
 7.9958446e-002
 7.9846501e-002
 7.9716958e-002
 7.9585575e-002
 7.9465330e-002
 7.9360023e-002
 7.9253249e-002
 7.9131067e-002
 7.9014882e-002
 7.8943826e-002
 7.8923285e-002
 7.8913070e-002
 7.8866959e-002
 7.8767806e-002
 7.8625962e-002
 7.8460708e-002
 7.8293763e-002
 7.8159638e-002
 7.8108460e-002
 7.8172669e-002
 7.8314111e-002
 7.8420550e-002
 7.8391366e-002
 7.8237787e-002
 7.8060344e-002
 7.7929199e-002
 7.7849604e-002
 7.7813886e-002
 7.7806316e-002
 7.7779926e-002
 7.7703692e-002
 7.7613585e-002
 7.7552781e-002
 7.7515930e-002
 7.7533379e-002
 7.7696167e-002
 7.7971719e-002
 7.8125365e-002
 7.7978179e-002
 7.7638574e-002
 7.7321097e-002
 7.7058911e-002
 7.6791368e-002
 7.6575033e-002
 7.6492660e-002
 7.6497294e-002
 7.6472744e-002
 7.6341502e-002
 7.6092973e-002
 7.5774148e-002
 7.5450592e-002
 7.5174116e-002
 7.5011395e-002
 7.5027049e-002
 7.5172789e-002
 7.5271800e-002
 7.5175725e-002
 7.4903868e-002
 7.4601747e-002
 7.4393384e-002
 7.4286267e-002
 7.4214019e-002
 7.4153833e-002
 7.4155457e-002
 7.4245296e-002
 7.4357428e-002
 7.4387796e-002
 7.4291177e-002
 7.4111223e-002
 7.3921286e-002
 7.3744081e-002
 7.3551722e-002
 7.3342226e-002
 7.3167942e-002
 7.3072962e-002
 7.3047407e-002
 7.3058538e-002
 7.3085800e-002
 7.3108293e-002
 7.3090211e-002
 7.3004581e-002
 7.2867550e-002
 7.2734468e-002
 7.2641447e-002
 7.2549976e-002
 7.2399147e-002
 7.2217681e-002
 7.2125293e-002
 7.2189204e-002
 7.2305933e-002
 7.2314389e-002
 7.2195768e-002
 7.2076418e-002
 7.2059371e-002
 7.2108589e-002
 7.2089732e-002
 7.1913168e-002
 7.1636789e-002
 7.1423277e-002
 7.1396470e-002
 7.1539529e-002
 7.1725272e-002
 7.1833104e-002
 7.1834363e-002
 7.1778722e-002
 7.1718015e-002
 7.1651898e-002
 7.1542099e-002
 7.1372025e-002
 7.1187548e-002
 7.1074255e-002
 7.1089789e-002
 7.1215145e-002
 7.1366385e-002
 7.1446650e-002
 7.1392871e-002
 7.1205229e-002
 7.0973150e-002
 7.0870198e-002
 7.1053766e-002
 7.1488142e-002
 7.1863629e-002
 7.1834408e-002
 7.1477294e-002
 7.1141779e-002
 7.1064897e-002
 7.1268208e-002
 7.1602181e-002
 7.1850166e-002
 7.1846828e-002
 7.1591333e-002
 7.1265355e-002
 7.1084656e-002
 7.1125001e-002
 7.1279056e-002
 7.1357138e-002
 7.1274348e-002
 7.1137726e-002
 7.1103260e-002
 7.1198903e-002
 7.1323149e-002
 7.1367726e-002
 7.1339116e-002
 7.1353875e-002
 7.1468659e-002
 7.1584538e-002
 7.1605638e-002
 7.1585663e-002
 7.1615510e-002
 7.1680717e-002
 7.1727008e-002
 7.1759775e-002
 7.1787424e-002
 7.1755789e-002
 7.1630485e-002
 7.1488485e-002
 7.1460590e-002
 7.1601667e-002
 7.1821392e-002
 7.1941204e-002
 7.1867757e-002
 7.1704894e-002
 7.1656108e-002
 7.1840785e-002
 7.2171509e-002
 7.2418794e-002
 7.2432749e-002
 7.2220139e-002
 7.1952015e-002
 7.1825229e-002
 7.1915857e-002
 7.2194822e-002
 7.2563089e-002
 7.2915591e-002
 7.3169738e-002
 7.3261663e-002
 7.3163211e-002
 7.2940707e-002
 7.2750174e-002
 7.2733484e-002
 7.2908372e-002
 7.3170610e-002
 7.3393635e-002
 7.3505066e-002
 7.3493458e-002
 7.3386639e-002
 7.3263623e-002
 7.3243983e-002
 7.3413312e-002
 7.3727861e-002
 7.4020363e-002
 7.4142389e-002
 7.4129142e-002
 7.4173599e-002
 7.4434549e-002
 7.4898355e-002
 7.5353362e-002
 7.5485423e-002
 7.5221837e-002
 7.4722700e-002
 7.4359685e-002
 7.4404493e-002
 7.4781157e-002
 7.5274050e-002
 7.5667217e-002
 7.5779907e-002
 7.5663306e-002
 7.5462013e-002
 7.5320877e-002
 7.5362615e-002
 7.5563826e-002
 7.5842008e-002
 7.6114565e-002
 7.6309539e-002
 7.6426394e-002
 7.6493435e-002
 7.6539077e-002
 7.6589026e-002
 7.6650895e-002
 7.6738544e-002
 7.6827273e-002
 7.6928556e-002
 7.7036940e-002
 7.7141471e-002
 7.7231005e-002
 7.7294350e-002
 7.7321053e-002
 7.7316843e-002
 7.7303499e-002
 7.7303514e-002
 7.7339351e-002
 7.7432305e-002
 7.7576779e-002
 7.7740744e-002
 7.7890977e-002
 7.7994324e-002
 7.8019001e-002
 7.7964887e-002
 7.7862874e-002
 7.7745102e-002
 7.7643804e-002
 7.7591114e-002
 7.7609718e-002
 7.7685364e-002
 7.7794872e-002
 7.7915050e-002
 7.8022711e-002
 7.8094646e-002
 7.8113951e-002
 7.8087844e-002
 7.8029312e-002
 7.7951401e-002
 7.7867098e-002
 7.7789441e-002
 7.7731431e-002
 7.7702761e-002
 7.7700444e-002
 7.7718481e-002
 7.7750884e-002
 7.7791639e-002
 7.7834748e-002
 7.7874221e-002
 7.7904053e-002
 7.7919766e-002
 7.7922665e-002
 7.7915400e-002
 7.7900633e-002
 7.7881023e-002
 7.7859201e-002
 7.7837862e-002
 7.7819623e-002
 7.7805661e-002
 7.7791512e-002
 7.7771440e-002
 7.7739663e-002
 7.7690460e-002
 7.7618040e-002
 7.7516690e-002
 7.7380620e-002
 7.7206701e-002
 7.7001363e-002
 7.6773316e-002
 7.6531194e-002
 7.6283641e-002
 7.6039374e-002
 7.5807005e-002
 7.5595245e-002
 7.5412735e-002
 7.5268164e-002
 7.5170174e-002
 7.5127438e-002
 7.5145341e-002
 7.5217314e-002
 7.5334124e-002
 7.5486489e-002
 7.5665198e-002
 7.5860940e-002
 7.6064475e-002
 7.6266594e-002
 7.6458000e-002
 7.6629452e-002
 7.6771677e-002
 7.6875448e-002
 7.6934367e-002
 7.6952361e-002
 7.6935641e-002
 7.6890409e-002
 7.6822884e-002
 7.6739252e-002
 7.6645747e-002
 7.6548547e-002
 7.6453902e-002
 7.6367974e-002
 7.6297000e-002
 7.6244958e-002
 7.6207988e-002
 7.6180555e-002
 7.6157093e-002
 7.6132029e-002
 7.6099820e-002
 7.6054893e-002
 7.5991698e-002
 7.5904675e-002
 7.5788260e-002
 7.5639389e-002
 7.5463593e-002
 7.5268239e-002
 7.5060785e-002
 7.4848570e-002
 7.4639045e-002
 7.4439563e-002
 7.4257568e-002
 7.4100420e-002
 7.3975556e-002
 7.3888257e-002
 7.3836736e-002
 7.3817648e-002
 7.3827676e-002
 7.3863491e-002
 7.3921755e-002
 7.3999137e-002
 7.4092336e-002
 7.4197985e-002
 7.4312799e-002
 7.4433543e-002
 7.4557669e-002
 7.4682616e-002
 7.4805908e-002
 7.4925005e-002
 7.5037420e-002
 7.5140633e-002
 7.5232156e-002
 7.5309448e-002
 7.5370245e-002
 7.5413018e-002
 7.5436383e-002
 7.5438961e-002
 7.5419389e-002
 7.5376272e-002
 7.5308248e-002
 7.5213924e-002
 7.5093918e-002
 7.4955158e-002
 7.4806042e-002
 7.4654825e-002
 7.4509874e-002
 7.4379481e-002
 7.4271999e-002
 7.4195713e-002
 7.4157037e-002
 7.4156083e-002
 7.4191682e-002
 7.4262679e-002
 7.4367911e-002
 7.4506201e-002
 7.4676432e-002
 7.4877359e-002
 7.5105995e-002
 7.5352959e-002
 7.5607806e-002
 7.5840883e-002
 7.6074138e-002
 7.6283045e-002
 7.6458879e-002
 7.6597705e-002
 7.6698683e-002
 7.6763086e-002
 7.6793179e-002
 7.6791599e-002
 7.6761179e-002
 7.6705106e-002
 7.6627024e-002
 7.6530747e-002
 7.6420218e-002
 7.6299742e-002
 7.6174870e-002
 7.6053500e-002
 7.5946301e-002
 7.5866014e-002
 7.5825945e-002
 7.5837769e-002
 7.5907685e-002
 7.6032259e-002
 7.6196887e-002
 7.6378316e-002
 7.6549478e-002
 7.6684542e-002
 7.6764375e-002
 7.6781362e-002
 7.6740898e-002
 7.6658711e-002
 7.6555938e-002
 7.6454170e-002
 7.6371200e-002
 7.6317959e-002
 7.6297589e-002
 7.6306708e-002
 7.6337904e-002
 7.6381765e-002
 7.6428160e-002
 7.6364510e-002
 7.6340862e-002
 7.6305978e-002
 7.6259293e-002
 7.6202430e-002
 7.6139376e-002
 7.6076277e-002
 7.6020993e-002
 7.5982355e-002
 7.5968951e-002
 7.5987823e-002
 7.6043084e-002
 7.6134868e-002
 7.6258883e-002
 7.6407097e-002
 7.6569058e-002
 7.6733239e-002
 7.6888666e-002
 7.7026121e-002
 7.7139214e-002
 7.7224828e-002
 7.7283025e-002
 7.7316701e-002
 7.7330887e-002
 7.7331901e-002
 7.7326670e-002
 7.7321947e-002
 7.7323332e-002
 7.7334538e-002
 7.7356815e-002
 7.7389091e-002
 7.7428609e-002
 7.7471800e-002
 7.7515252e-002
 7.7556461e-002
 7.7594414e-002
 7.7629678e-002
 7.7664271e-002
 7.7701084e-002
 7.7743217e-002
 7.7793278e-002
 7.7852741e-002
 7.7921607e-002
 7.7998377e-002
 7.8080274e-002
 7.8163773e-002
 7.8245200e-002
 7.8321375e-002
 7.8390218e-002
 7.8450933e-002
 7.8504153e-002
 7.8551620e-002
 7.8595832e-002
 7.8639522e-002
 7.8685164e-002
 7.8734621e-002
 7.8788906e-002
 7.8848116e-002
 7.8911506e-002
 7.8977577e-002
 7.9044282e-002
 7.9109155e-002
 7.9169542e-002
 7.9222903e-002
 7.9267092e-002
 7.9300746e-002
 7.9323709e-002
 7.9337284e-002
 7.9344369e-002
 7.9349384e-002
 7.9357840e-002
 7.9375811e-002
 7.9409130e-002
 7.9462729e-002
 7.9539962e-002
 7.9642266e-002
 7.9769082e-002
 7.9917893e-002
 8.0084682e-002
 8.0264278e-002
 8.0450855e-002
 8.0638520e-002
 8.0821589e-002
 8.0995269e-002
 8.1155874e-002
 8.1301279e-002
 8.1431240e-002
 8.1547305e-002
 8.1652671e-002
 8.1751689e-002
 8.1849009e-002
 8.1948757e-002
 8.2053632e-002
 8.2164377e-002
 8.2279660e-002
 8.2396299e-002
 8.2510166e-002
 8.2617000e-002
 8.2713477e-002
 8.2797900e-002
 8.2870409e-002
 8.2932912e-002
 8.2988419e-002
 8.3040349e-002
 8.3091788e-002
 8.3144940e-002
 8.3200961e-002
 8.3260015e-002
 8.3321646e-002
 8.3385251e-002
 8.3450437e-002
 8.3517320e-002
 8.3586551e-002
 8.3659142e-002
 8.3736263e-002
 8.3818890e-002
 8.3907530e-002
 8.4002152e-002
 8.4102117e-002
 8.4206469e-002
 8.4314145e-002
 8.4424295e-002
 8.4536619e-002
 8.4651396e-002
 8.4769510e-002
 8.4892131e-002
 8.5020363e-002
 8.5154831e-002
 8.5295245e-002
 8.5440293e-002
 8.5587554e-002
 8.5733801e-002
 8.5875556e-002
 8.6009450e-002
 8.6132951e-002
 8.6244650e-002
 8.6344495e-002
 8.6433873e-002
 8.6515211e-002
 8.6591676e-002
 8.6666673e-002
 8.6743258e-002
 8.6823806e-002
 8.6909659e-002
 8.7001048e-002
 8.7097183e-002
 8.7196410e-002
 8.7296613e-002
 8.7395497e-002
 8.7490946e-002
 8.7581351e-002
 8.7665699e-002
 8.7743819e-002
 8.7816298e-002
 8.7884583e-002
 8.7950870e-002
 8.8018015e-002
 8.8089332e-002
 8.8168278e-002
 8.8258058e-002
 8.8361204e-002
 8.8479079e-002
 8.8611610e-002
 8.8757120e-002
 8.8912517e-002
 8.9073785e-002
 8.9236580e-002
 8.9397006e-002
 8.9552410e-002
 8.9701705e-002
 8.9845620e-002
 8.9986376e-002
 9.0127155e-002
 9.0271384e-002
 9.0421863e-002
 9.0580247e-002
 9.0746559e-002
 9.0919316e-002
 9.1095909e-002
 9.1273211e-002
 9.1448516e-002
 9.1620162e-002
 9.1788135e-002
 9.1954209e-002
 9.2121482e-002
 9.2293762e-002
 9.2474423e-002
 9.2665419e-002
 9.2866674e-002
 9.3075611e-002
 9.3287580e-002
 9.3496718e-002
 9.3696915e-002
 9.3883105e-002
 9.4052024e-002
 9.4202712e-002
 9.4336480e-002
 9.4456337e-002
 9.4566427e-002
 9.4671220e-002
 9.4775043e-002
 9.4881840e-002
 9.4994999e-002
 9.5117472e-002
 9.5251657e-002
 9.5399268e-002
 9.5561065e-002
 9.5736355e-002
 9.5922902e-002
 9.6116729e-002
 9.6312501e-002
 9.6504286e-002
 9.6686348e-002
 9.6854232e-002
 9.7005688e-002
 9.7141080e-002
 9.7263657e-002
 9.7379029e-002
 9.7494490e-002
 9.7618014e-002
 9.7757034e-002
 9.7917557e-002
 9.8103225e-002
 9.8314926e-002
 9.8550767e-002
 9.8806202e-002
 9.9074788e-002
 9.9348813e-002
 9.9620245e-002
 9.9881709e-002
 1.0012703e-001
 1.0035205e-001
 1.0055472e-001
 1.0073534e-001
 1.0089640e-001
 1.0104209e-001
 1.0117786e-001
 1.0130965e-001
 1.0144318e-001
 1.0158330e-001
 1.0173334e-001
 1.0189478e-001
 1.0206728e-001
 1.0224887e-001
 1.0243674e-001
 1.0262791e-001
 1.0282025e-001
 1.0301328e-001
 1.0320837e-001
 1.0340884e-001
 1.0361917e-001
 1.0384404e-001
 1.0408713e-001
 1.0434984e-001
 1.0463070e-001
 1.0492500e-001
 1.0522524e-001
 1.0552230e-001
 1.0580651e-001
 1.0606942e-001
 1.0630486e-001
 1.0650995e-001
 1.0668558e-001
 1.0683607e-001
 1.0696859e-001
 1.0709212e-001
 1.0721613e-001
 1.0734947e-001
 1.0749916e-001
 1.0766975e-001
 1.0786307e-001
 1.0807820e-001
 1.0831218e-001
 1.0856061e-001
 1.0881865e-001
 1.0908197e-001
 1.0934728e-001
 1.0961287e-001
 1.0987850e-001
 1.1014502e-001
 1.1041394e-001
 1.1068644e-001
 1.1096303e-001
 1.1124297e-001
 1.1152436e-001
 1.1180465e-001
 1.1208107e-001
 1.1235160e-001
 1.1261529e-001
 1.1287254e-001
 1.1312495e-001
 1.1337448e-001
 1.1362267e-001
 1.1387004e-001
 1.1411537e-001
 1.1435602e-001
 1.1458824e-001
 1.1480819e-001
 1.1501309e-001
 1.1520189e-001
 1.1537604e-001
 1.1553933e-001
 1.1569747e-001
 1.1585734e-001
 1.1602575e-001
 1.1620864e-001
 1.1641012e-001
 1.1663214e-001
 1.1687438e-001
 1.1713441e-001
 1.1740839e-001
 1.1769151e-001
 1.1797883e-001
 1.1826602e-001
 1.1854972e-001
 1.1882789e-001
 1.1910012e-001
 1.1936723e-001
 1.1963128e-001
 1.1989484e-001
 1.2016056e-001
 1.2043077e-001
 1.2070670e-001
 1.2098849e-001
 1.2127479e-001
 1.2156300e-001
 1.2184967e-001
 1.2213072e-001
 1.2240232e-001
 1.2266119e-001
 1.2290521e-001
 1.2313377e-001
 1.2334774e-001
 1.2354948e-001
 1.2374246e-001
 1.2393077e-001
 1.2411880e-001
 1.2431056e-001
 1.2450948e-001
 1.2471826e-001
 1.2493873e-001
 1.2517215e-001
 1.2541917e-001
 1.2567994e-001
 1.2595424e-001
 1.2624109e-001
 1.2653877e-001
 1.2684436e-001
 1.2715383e-001
 1.2746236e-001
 1.2776448e-001
 1.2805516e-001
 1.2833023e-001
 1.2858729e-001
 1.2882622e-001
 1.2904902e-001
 1.2925978e-001
 1.2946384e-001
 1.2966698e-001
 1.2987478e-001
 1.3009149e-001
 1.3031986e-001
 1.3056067e-001
 1.3081273e-001
 1.3107325e-001
 1.3133791e-001
 1.3160147e-001
 1.3185832e-001
 1.3210294e-001
 1.3233067e-001
 1.3253820e-001
 1.3272405e-001
 1.3288896e-001
 1.3303548e-001
 1.3316767e-001
 1.3328971e-001
 1.3340467e-001
 1.3351275e-001
 1.3360965e-001
 1.3368550e-001
 1.3372426e-001
 1.3370436e-001
 1.3360029e-001
 1.3338536e-001
 1.3303520e-001
 1.3253193e-001
 1.3186812e-001
 1.3104959e-001
 1.3009757e-001
 1.2904856e-001
 1.2795162e-001
 1.2686540e-001
 1.2585172e-001
 1.2497041e-001
 1.2427305e-001
 1.2379790e-001
 1.2356718e-001
 1.2358540e-001
 1.2384050e-001
 1.2430643e-001
 1.2494766e-001
 1.2572359e-001
 1.2659413e-001
 1.2752326e-001
 1.2848222e-001
 1.2945129e-001
 1.3041876e-001
 1.3138038e-001
 1.3233629e-001
 1.3328883e-001
 1.3424051e-001
 1.3519160e-001
 1.3614014e-001
 1.3708116e-001
 1.3800761e-001
 1.3891174e-001
 1.3978556e-001
 1.4062227e-001
 1.4141718e-001
 1.4216731e-001
 1.4287205e-001
 1.4353208e-001
 1.4414905e-001
 1.4472513e-001
 1.4526218e-001
 1.4576203e-001
 1.4622609e-001
 1.4665592e-001
 1.4705357e-001
 1.4742172e-001
 1.4776409e-001
 1.4808519e-001
 1.4839023e-001
 1.4868480e-001
 1.4897422e-001
 1.4926340e-001
 1.4955623e-001
 1.4985548e-001
 1.5016277e-001
 1.5047836e-001
 1.5080141e-001
 1.5113018e-001
 1.5146218e-001
 1.5179472e-001
 1.5212512e-001
 1.5245113e-001
 1.5277141e-001
 1.5308538e-001
 1.5339342e-001
 1.5369628e-001
 1.5399469e-001
 1.5428895e-001
 1.5457822e-001
 1.5486073e-001
 1.5513383e-001
 1.5539466e-001
 1.5564121e-001
 1.5587297e-001
 1.5609166e-001
 1.5630119e-001
 1.5650712e-001
 1.5671587e-001
 1.5693317e-001
 1.5716311e-001
 1.5740745e-001
 1.5766525e-001
 1.5793370e-001
 1.5820859e-001
 1.5848568e-001
 1.5876147e-001
 1.5903357e-001
 1.5930103e-001
 1.5956390e-001
 1.5982300e-001
 1.6007979e-001
 1.6033620e-001
 1.6059507e-001
 1.6086027e-001
 1.6113676e-001
 1.6143054e-001
 1.6174749e-001
 1.6209258e-001
 1.6246840e-001
 1.6287424e-001
 1.6330589e-001
 1.6375574e-001
 1.6421427e-001
 1.6467118e-001
 1.6511726e-001
 1.6554579e-001
 1.6595273e-001
 1.6633695e-001
 1.6669969e-001
 1.6704328e-001
 1.6737071e-001
 1.6768473e-001
 1.6798781e-001
 1.6828229e-001
 1.6857021e-001
 1.6885363e-001
 1.6913404e-001
 1.6941199e-001
 1.6968660e-001
 1.6995518e-001
 1.7021364e-001
 1.7045718e-001
 1.7068172e-001
 1.7088543e-001
 1.7106985e-001
 1.7124054e-001
 1.7140654e-001
 1.7157917e-001
 1.7177007e-001
 1.7198907e-001
 1.7224246e-001
 1.7253198e-001
 1.7285429e-001
 1.7320193e-001
 1.7356463e-001
 1.7393123e-001
 1.7429192e-001
 1.7463924e-001
 1.7496881e-001
 1.7527892e-001
 1.7557013e-001
 1.7584488e-001
 1.7610656e-001
 1.7635907e-001
 1.7660564e-001
 1.7684846e-001
 1.7708842e-001
 1.7732529e-001
 1.7755857e-001
 1.7778820e-001
 1.7801540e-001
 1.7824294e-001
 1.7847456e-001
 1.7871431e-001
 1.7896533e-001
 1.7922923e-001
 1.7950584e-001
 1.7979327e-001
 1.8008848e-001
 1.8038850e-001
 1.8069132e-001
 1.8099721e-001
 1.8130903e-001
 1.8163213e-001
 1.8197352e-001
 1.8233991e-001
 1.8273619e-001
 1.8316332e-001
 1.8361732e-001
 1.8408960e-001
 1.8456782e-001
 1.8503836e-001
 1.8548799e-001
 1.8590608e-001
 1.8628591e-001
 1.8662491e-001
 1.8692552e-001
 1.8719432e-001
 1.8744101e-001
 1.8767647e-001
 1.8791056e-001
 1.8815020e-001
 1.8839851e-001
 1.8865454e-001
 1.8891467e-001
 1.8917423e-001
 1.8942975e-001
 1.8968062e-001
 1.8992966e-001
 1.9018255e-001
 1.9044629e-001
 1.9072737e-001
 1.9103014e-001
 1.9135533e-001
 1.9169980e-001
 1.9205649e-001
 1.9241533e-001
 1.9276498e-001
 1.9309455e-001
 1.9339582e-001
 1.9366474e-001
 1.9390239e-001
 1.9411500e-001
 1.9431283e-001
 1.9450851e-001
 1.9471490e-001
 1.9494283e-001
 1.9519950e-001
 1.9548725e-001
 1.9580336e-001
 1.9614092e-001
 1.9648989e-001
 1.9683921e-001
 1.9717844e-001
 1.9749951e-001
 1.9779798e-001
 1.9807322e-001
 1.9832848e-001
 1.9856983e-001
 1.9880508e-001
 1.9904259e-001
 1.9928980e-001
 1.9955255e-001
 1.9983432e-001
 2.0013602e-001
 2.0045640e-001
 2.0079201e-001
 2.0113814e-001
 2.0148908e-001
 2.0183881e-001
 2.0218167e-001
 2.0251255e-001
 2.0282750e-001
 2.0312406e-001
 2.0340137e-001
 2.0366046e-001
 2.0390403e-001
 2.0413642e-001
 2.0436312e-001
 2.0459028e-001
 2.0482421e-001
 2.0507061e-001
 2.0533417e-001
 2.0561819e-001
 2.0592409e-001
 2.0625159e-001
 2.0659848e-001
 2.0696087e-001
 2.0733358e-001
 2.0771022e-001
 2.0808403e-001
 2.0844811e-001
 2.0879635e-001
 2.0912419e-001
 2.0942916e-001
 2.0971163e-001
 2.0997514e-001
 2.1022615e-001
 2.1047379e-001
 2.1072863e-001
 2.1100153e-001
 2.1130228e-001
 2.1163803e-001
 2.1201241e-001
 2.1242474e-001
 2.1286996e-001
 2.1333933e-001
 2.1382095e-001
 2.1430160e-001
 2.1476772e-001
 2.1520703e-001
 2.1560982e-001
 2.1596935e-001
 2.1628238e-001
 2.1654870e-001
 2.1677099e-001
 2.1695435e-001
 2.1710566e-001
 2.1723309e-001
 2.1734571e-001
 2.1745306e-001
 2.1756449e-001
 2.1768841e-001
 2.1783166e-001
 2.1799891e-001
 2.1819215e-001
 2.1841072e-001
 2.1865146e-001
 2.1890959e-001
 2.1917982e-001
 2.1945739e-001
 2.1973969e-001
 2.2002685e-001
 2.2032230e-001
 2.2063240e-001
 2.2096531e-001
 2.2132982e-001
 2.2173348e-001
 2.2218126e-001
 2.2267458e-001
 2.2321033e-001
 2.2378124e-001
 2.2437578e-001
 2.2497936e-001
 2.2557598e-001
 2.2614971e-001
 2.2668651e-001
 2.2717619e-001
 2.2761300e-001
 2.2799657e-001
 2.2833133e-001
 2.2862568e-001
 2.2889082e-001
 2.2913887e-001
 2.2938150e-001
 2.2962840e-001
 2.2988641e-001
 2.3015909e-001
 2.3044652e-001
 2.3074608e-001
 2.3105291e-001
 2.3136102e-001
 2.3166430e-001
 2.3195717e-001
 2.3223543e-001
 2.3249637e-001
 2.3273897e-001
 2.3296383e-001
 2.3317270e-001
 2.3336817e-001
 2.3355334e-001
 2.3373133e-001
 2.3390518e-001
 2.3407753e-001
 2.3425061e-001
 2.3442622e-001
 2.3460574e-001
 2.3479025e-001
 2.3498046e-001
 2.3517685e-001
 2.3537979e-001
 2.3558947e-001
 2.3580615e-001
 2.3603016e-001
 2.3626201e-001
 2.3650274e-001
 2.3675375e-001
 2.3701724e-001
 2.3729594e-001
 2.3759316e-001
 2.3791260e-001
 2.3825777e-001
 2.3863180e-001
 2.3903656e-001
 2.3947215e-001
 2.3993668e-001
 2.4042563e-001
 2.4093197e-001
 2.4144679e-001
 2.4195942e-001
 2.4245888e-001
 2.4293445e-001
 2.4337700e-001
 2.4377993e-001
 2.4413943e-001
 2.4445522e-001
 2.4472994e-001
 2.4496883e-001
 2.4517903e-001
 2.4536842e-001
 2.4554491e-001
 2.4571547e-001
 2.4588564e-001
 2.4605927e-001
 2.4623843e-001
 2.4642366e-001
 2.4661443e-001
 2.4680954e-001
 2.4700783e-001
 2.4720837e-001
 2.4741100e-001
 2.4761643e-001
 2.4782622e-001
 2.4804285e-001
 2.4826930e-001
 2.4850900e-001
 2.4876554e-001
 2.4904236e-001
 2.4934275e-001
 2.4966948e-001
 2.5002465e-001
 2.5040963e-001
 2.5082457e-001
 2.5126836e-001
 2.5173807e-001
 2.5222886e-001
 2.5273409e-001
 2.5324520e-001
 2.5375274e-001
 2.5424674e-001
 2.5471765e-001
 2.5515729e-001
 2.5555909e-001
 2.5591910e-001
 2.5623554e-001
 2.5650921e-001
 2.5674394e-001
 2.5694615e-001
 2.5712460e-001
 2.5728968e-001
 2.5745204e-001
 2.5762171e-001
 2.5780639e-001
 2.5801045e-001
 2.5823447e-001
 2.5847507e-001
 2.5872850e-001
 2.5899234e-001
 2.5924629e-001
 2.5947976e-001
 2.5968394e-001
 2.5985357e-001
 2.5998747e-001
 2.6008835e-001
 2.6016164e-001
 2.6021415e-001
 2.6025331e-001
 2.6028645e-001
 2.6032054e-001
 2.6036173e-001
 2.6041496e-001
 2.6048359e-001
 2.6056954e-001
 2.6067317e-001
 2.6079389e-001
 2.6093045e-001
 2.6108122e-001
 2.6124460e-001
 2.6141909e-001
 2.6160362e-001
 2.6179773e-001
 2.6200193e-001
 2.6221782e-001
 2.6244786e-001
 2.6269531e-001
 2.6296371e-001
 2.6325679e-001
 2.6357803e-001
 2.6393029e-001
 2.6431504e-001
 2.6473141e-001
 2.6517531e-001
 2.6563942e-001
 2.6611313e-001
 2.6658347e-001
 2.6703635e-001
 2.6745692e-001
 2.6783076e-001
 2.6814443e-001
 2.6838708e-001
 2.6855215e-001
 2.6863870e-001
 2.6865232e-001
 2.6860419e-001
 2.6850989e-001
 2.6838735e-001
 2.6825571e-001
 2.6813397e-001
 2.6804018e-001
 2.6798975e-001
 2.6799378e-001
 2.6805758e-001
 2.6818007e-001
 2.6835427e-001
 2.6856890e-001
 2.6881021e-001
 2.6906320e-001
 2.6931277e-001
 2.6954445e-001
 2.6974547e-001
 2.6990598e-001
 2.7001995e-001
 2.7008566e-001
 2.7010536e-001
 2.7008414e-001
 2.7002877e-001
 2.6994678e-001
 2.6984587e-001
 2.6973322e-001
 2.6961485e-001
 2.6949474e-001
 2.6937422e-001
 2.6925164e-001
 2.6912251e-001
 2.6898050e-001
 2.6881799e-001
 2.6862687e-001
 2.6839885e-001
 2.6812589e-001
 2.6780066e-001
 2.6741669e-001
 2.6696900e-001
 2.6645428e-001
 2.6587042e-001
 2.6521653e-001
 2.6449236e-001
 2.6369789e-001
 2.6283383e-001
 2.6190129e-001
 2.6090315e-001
 2.5984490e-001
 2.5873500e-001
 2.5758615e-001
 2.5641397e-001
 2.5523689e-001
 2.5407490e-001
 2.5294816e-001
 2.5187728e-001
 2.5088155e-001
 2.4997872e-001
 2.4918337e-001
 2.4850552e-001
 2.4795081e-001
 2.4752028e-001
 2.4721204e-001
 2.4702220e-001
 2.4694584e-001
 2.4697763e-001
 2.4711171e-001
 2.4734154e-001
 2.4765937e-001
 2.4805602e-001
 2.4852049e-001
 2.4904022e-001
 2.4960165e-001
 2.5019038e-001
 2.5079203e-001
 2.5139225e-001
 2.5197759e-001
 2.5253665e-001
 2.5306103e-001
 2.5354671e-001
 2.5399435e-001
 2.5440881e-001
 2.5479829e-001
 2.5517267e-001
 2.5554284e-001
 2.5591949e-001
 2.5631261e-001
 2.5673047e-001
 2.5717804e-001
 2.5765643e-001
 2.5816184e-001
 2.5868639e-001
 2.5921929e-001
 2.5974771e-001
 2.6025814e-001
 2.6073724e-001
 2.6117250e-001
 2.6155382e-001
 2.6187471e-001
 2.6213372e-001
 2.6233524e-001
 2.6248860e-001
 2.6260692e-001
 2.6270550e-001
 2.6280066e-001
 2.6290870e-001
 2.6304486e-001
 2.6322222e-001
 2.6344991e-001
 2.6373184e-001
 2.6406631e-001
 2.6444614e-001
 2.6486063e-001
 2.6529652e-001
 2.6573959e-001
 2.6617566e-001
 2.6659107e-001
 2.6697394e-001
 2.6731539e-001
 2.6761034e-001
 2.6785827e-001
 2.6806247e-001
 2.6822922e-001
 2.6836649e-001
 2.6848313e-001
 2.6858813e-001
 2.6869011e-001
 2.6879695e-001
 2.6891509e-001
 2.6904896e-001
 2.6920092e-001
 2.6937136e-001
 2.6955920e-001
 2.6976258e-001
 2.6997909e-001
 2.7020615e-001
 2.7044106e-001
 2.7068061e-001
 2.7092135e-001
 2.7115902e-001
 2.7138874e-001
 2.7160496e-001
 2.7180156e-001
 2.7197239e-001
 2.7211103e-001
 2.7221143e-001
 2.7226844e-001
 2.7227840e-001
 2.7224061e-001
 2.7215803e-001
 2.7203789e-001
 2.7189118e-001
 2.7173170e-001
 2.7157480e-001
 2.7143657e-001
 2.7133301e-001
 2.7127898e-001
 2.7128711e-001
 2.7136603e-001
 2.7151909e-001
 2.7174377e-001
 2.7203232e-001
 2.7237308e-001
 2.7275181e-001
 2.7315354e-001
 2.7356321e-001
 2.7396607e-001
 2.7434963e-001
 2.7470419e-001
 2.7502400e-001
 2.7530795e-001
 2.7555898e-001
 2.7578303e-001
 2.7598768e-001
 2.7618146e-001
 2.7637297e-001
 2.7657005e-001
 2.7677920e-001
 2.7700454e-001
 2.7724662e-001
 2.7750254e-001
 2.7776599e-001
 2.7802810e-001
 2.7827871e-001
 2.7850693e-001
 2.7870211e-001
 2.7885413e-001
 2.7895492e-001
 2.7899936e-001
 2.7898645e-001
 2.7891979e-001
 2.7880701e-001
 2.7865899e-001
 2.7848816e-001
 2.7830786e-001
 2.7813137e-001
 2.7797118e-001
 2.7783778e-001
 2.7773839e-001
 2.7767593e-001
 2.7764827e-001
 2.7764896e-001
 2.7766824e-001
 2.7769446e-001
 2.7771512e-001
 2.7771768e-001
 2.7769044e-001
 2.7762353e-001
 2.7751023e-001
 2.7734807e-001
 2.7713940e-001
 2.7689058e-001
 2.7661148e-001
 2.7631357e-001
 2.7600914e-001
 2.7571082e-001
 2.7543041e-001
 2.7517843e-001
 2.7496293e-001
 2.7478889e-001
 2.7465761e-001
 2.7456713e-001
 2.7451324e-001
 2.7449018e-001
 2.7449149e-001
 2.7451044e-001
 2.7454010e-001
 2.7457333e-001
 2.7460274e-001
 2.7462047e-001
 2.7461836e-001
 2.7458772e-001
 2.7451968e-001
 2.7440521e-001
 2.7423534e-001
 2.7400160e-001
 2.7369669e-001
 2.7331576e-001
 2.7285832e-001
 2.7232927e-001
 2.7173987e-001
 2.7110675e-001
 2.7045116e-001
 2.6979637e-001
 2.6916650e-001
 2.6858565e-001
 2.6807523e-001
 2.6765186e-001
 2.6732421e-001
 2.6708969e-001
 2.6693350e-001
 2.6682973e-001
 2.6674449e-001
 2.6663890e-001
 2.6647219e-001
 2.6620403e-001
 2.6579717e-001
 2.6522094e-001
 2.6445663e-001
 2.6350072e-001
 2.6236671e-001
 2.6108459e-001
 2.5969493e-001
 2.5824538e-001
 2.5678626e-001
 2.5536925e-001
 2.5404242e-001
 2.5284833e-001
 2.5182071e-001
 2.5097930e-001
 2.5032958e-001
 2.4986427e-001
 2.4956602e-001
 2.4941188e-001
 2.4937613e-001
 2.4943241e-001
 2.4955492e-001
 2.4971996e-001
 2.4990723e-001
 2.5010124e-001
 2.5029182e-001
 2.5047344e-001
 2.5064418e-001
 2.5080425e-001
 2.5095475e-001
 2.5109741e-001
 2.5123408e-001
 2.5136676e-001
 2.5149763e-001
 2.5162914e-001
 2.5176412e-001
 2.5190556e-001
 2.5205669e-001
 2.5222087e-001
 2.5240138e-001
 2.5260144e-001
 2.5282377e-001
 2.5307035e-001
 2.5334147e-001
 2.5363559e-001
 2.5394902e-001
 2.5427586e-001
 2.5460899e-001
 2.5494039e-001
 2.5526145e-001
 2.5556388e-001
 2.5583979e-001
 2.5608218e-001
 2.5628603e-001
 2.5644872e-001
 2.5657025e-001
 2.5665307e-001
 2.5670147e-001
 2.5672072e-001
 2.5671661e-001
 2.5669503e-001
 2.5666153e-001
 2.5662106e-001
 2.5657728e-001
 2.5653234e-001
 2.5648654e-001
 2.5643864e-001
 2.5638616e-001
 2.5632593e-001
 2.5625455e-001
 2.5616854e-001
 2.5606474e-001
 2.5594079e-001
 2.5579551e-001
 2.5562933e-001
 2.5544468e-001
 2.5524551e-001
 2.5503704e-001
 2.5482512e-001
 2.5461608e-001
 2.5441590e-001
 2.5422984e-001
 2.5406176e-001
 2.5391275e-001
 2.5378048e-001
 2.5365874e-001
 2.5353771e-001
 2.5340506e-001
 2.5324693e-001
 2.5304893e-001
 2.5279707e-001
 2.5247896e-001
 2.5208595e-001
 2.5161517e-001
 2.5107172e-001
 2.5047007e-001
 2.4983241e-001
 2.4918693e-001
 2.4856518e-001
 2.4800055e-001
 2.4752547e-001
 2.4716972e-001
 2.4695738e-001
 2.4690224e-001
 2.4700463e-001
 2.4724978e-001
 2.4760939e-001
 2.4804527e-001
 2.4851298e-001
 2.4896587e-001
 2.4935736e-001
 2.4964383e-001
 2.4978818e-001
 2.4976477e-001
 2.4956308e-001
 2.4918969e-001
 2.4866632e-001
 2.4802582e-001
 2.4730816e-001
 2.4655581e-001
 2.4581134e-001
 2.4511446e-001
 2.4449882e-001
 2.4398668e-001
 2.4358550e-001
 2.4328656e-001
 2.4306604e-001
 2.4288921e-001
 2.4271497e-001
 2.4249926e-001
 2.4219781e-001
 2.4176903e-001
 2.4117695e-001
 2.4039534e-001
 2.3941100e-001
 2.3822613e-001
 2.3685546e-001
 2.3532335e-001
 2.3366112e-001
 2.3190182e-001
 2.3007938e-001
 2.2822876e-001
 2.2638260e-001
 2.2457205e-001
 2.2282521e-001
 2.2116850e-001
 2.1962443e-001
 2.1821363e-001
 2.1695648e-001
 2.1587136e-001
 2.1497536e-001
 2.1428308e-001
 2.1380232e-001
 2.1353084e-001
 2.1345271e-001
 2.1353647e-001
 2.1373691e-001
 2.1399865e-001
 2.1426016e-001
 2.1445753e-001
 2.1452707e-001
 2.1440835e-001
 2.1404846e-001
 2.1340679e-001
 2.1246019e-001
 2.1120392e-001
 2.0965034e-001
 2.0782386e-001
 2.0575774e-001
 2.0348756e-001
 2.0104973e-001
 1.9848187e-001
 1.9581786e-001
 1.9308797e-001
 1.9031963e-001
 1.8753298e-001
 1.8474330e-001
 1.8196434e-001
 1.7920569e-001
 1.7647651e-001
 1.7378470e-001
 1.7113960e-001
 1.6854768e-001
 1.6601409e-001
 1.6354387e-001
 1.6113813e-001
 1.5879619e-001
 1.5651764e-001
 1.5429953e-001
 1.5213913e-001
 1.5003324e-001
 1.4798059e-001
 1.4597926e-001
 1.4402896e-001
 1.4213288e-001
 1.4029513e-001
 1.3852197e-001
 1.3682245e-001
 1.3520525e-001
 1.3367952e-001
 1.3225536e-001
 1.3094108e-001
 1.2974393e-001
 1.2866847e-001
 1.2771666e-001
 1.2688597e-001
 1.2617068e-001
 1.2556313e-001
 1.2505363e-001
 1.2463205e-001
 1.2428866e-001
 1.2401436e-001
 1.2380224e-001
 1.2364890e-001
 1.2355579e-001
 1.2352953e-001
 1.2358160e-001
 1.2372690e-001
 1.2398247e-001
 1.2436626e-001
 1.2489584e-001
 1.2558778e-001
 1.2645581e-001
 1.2750930e-001
 1.2875052e-001
 1.3017549e-001
 1.3177411e-001
 1.3353047e-001
 1.3542697e-001
 1.3744476e-001
 1.3956305e-001
 1.4176244e-001
 1.4402387e-001
 1.4632706e-001
 1.4865406e-001
 1.5098703e-001
 1.5330940e-001
 1.5560342e-001
 1.5785331e-001
 1.6004351e-001
 1.6215733e-001
 1.6418047e-001
 1.6610026e-001
 1.6790539e-001
 1.6958976e-001
 1.7115080e-001
 1.7259011e-001
 1.7391098e-001
 1.7511947e-001
 1.7622231e-001
 1.7722547e-001
 1.7813513e-001
 1.7895588e-001
 1.7968917e-001
 1.8033361e-001
 1.8088402e-001
 1.8133157e-001
 1.8166555e-001
 1.8187377e-001
 1.8194357e-001
 1.8186241e-001
 1.8161866e-001
 1.8120207e-001
 1.8060523e-001
 1.7982368e-001
 1.7885646e-001
 1.7770670e-001
 1.7637958e-001
 1.7488214e-001
 1.7322190e-001
 1.7140788e-001
 1.6944799e-001
 1.6735017e-001
 1.6512416e-001
 1.6286531e-001
 1.6099882e-001
 1.5848729e-001
 1.5596461e-001
 1.5347067e-001
 1.5104596e-001
 1.4873049e-001
 1.4656588e-001
 1.4459203e-001
 1.4284946e-001
 1.4137870e-001
 1.4021607e-001
 1.3936169e-001
 1.3879479e-001
 1.3849458e-001
 1.3844040e-001
 1.3861147e-001
 1.3898706e-001
 1.3954644e-001
 1.4026904e-001
 1.4113380e-001
 1.4212014e-001
 1.4320731e-001
 1.4437488e-001
 1.4560157e-001
 1.4686787e-001
 1.4816290e-001
 1.4948058e-001
 1.5081519e-001
 1.5216000e-001
 1.5350933e-001
 1.5485705e-001
 1.5619750e-001
 1.5752397e-001
 1.5883069e-001
 1.6011167e-001
 1.6136108e-001
 1.6257232e-001
 1.6373961e-001
 1.6485693e-001
 1.6591820e-001
 1.6691762e-001
 1.6784863e-001
 1.6870607e-001
 1.6949001e-001
 1.7020358e-001
 1.7084943e-001
 1.7143074e-001
 1.7195047e-001
 1.7241180e-001
 1.7281742e-001
 1.7317049e-001
 1.7347397e-001
 1.7373091e-001
 1.7394428e-001
 1.7411701e-001
 1.7425215e-001
 1.7435269e-001
 1.7442164e-001
 1.7446195e-001
 1.7447665e-001
 1.7446873e-001
 1.7444119e-001
 1.7439698e-001
 1.7433915e-001
 1.7427050e-001
 1.7419240e-001
 1.7410555e-001
 1.7401056e-001
 1.7390810e-001
 1.7379877e-001
 1.7368324e-001
 1.7356217e-001
 1.7343618e-001
 1.7330593e-001
 1.7317203e-001
 1.7303520e-001
 1.7289601e-001
 1.7275515e-001
 1.7261322e-001
 1.7247093e-001
 1.7232887e-001
 1.7218772e-001
 1.7204809e-001
 1.7191060e-001
 1.7177600e-001
 1.7164487e-001
 1.7151782e-001
 1.7139553e-001
 1.7127866e-001
 1.7116785e-001
 1.7106368e-001
 1.7096637e-001
 1.7087603e-001
 1.7079268e-001
 1.7071638e-001
 1.7064716e-001
 1.7058507e-001
 1.7053020e-001
 1.7048259e-001
 1.7044227e-001
 1.7040931e-001
 1.7038375e-001
 1.7036568e-001
 1.7035508e-001
 1.7035207e-001
 1.7035668e-001
 1.7036895e-001
 1.7038894e-001
 1.7041671e-001
 1.7045231e-001
 1.7049579e-001
 1.7054720e-001
 1.7060658e-001
 1.7067403e-001
 1.7074955e-001
 1.7083319e-001
 1.7092502e-001
 1.7102514e-001
 1.7113353e-001
 1.7125027e-001
 1.7137535e-001
 1.7150851e-001
 1.7164922e-001
 1.7179698e-001
