s07_ASD Record=13009: Chlorite_Phyllite CU91-238A   BECKb AREF
 7.7379555e-002
 7.7451520e-002
 7.7520028e-002
 7.7584416e-002
 7.7643663e-002
 7.7696785e-002
 7.7744022e-002
 7.7787891e-002
 7.7833064e-002
 7.7884965e-002
 7.7947952e-002
 7.8024313e-002
 7.8114294e-002
 7.8216679e-002
 7.8329541e-002
 7.8451477e-002
 7.8582168e-002
 7.8721628e-002
 7.8868777e-002
 7.9020746e-002
 7.9173364e-002
 7.9322927e-002
 7.9468027e-002
 7.9610132e-002
 7.9752810e-002
 7.9900339e-002
 8.0055937e-002
 8.0220506e-002
 8.0392741e-002
 8.0570467e-002
 8.0751434e-002
 8.0933817e-002
 8.1116274e-002
 8.1297889e-002
 8.1478365e-002
 8.1658490e-002
 8.1840314e-002
 8.2026616e-002
 8.2219779e-002
 8.2420073e-002
 8.2624525e-002
 8.2827270e-002
 8.3021440e-002
 8.3201803e-002
 8.3366595e-002
 8.3517991e-002
 8.3661236e-002
 8.3803214e-002
 8.3950587e-002
 8.4107980e-002
 8.4276557e-002
 8.4453851e-002
 8.4635139e-002
 8.4815770e-002
 8.4993228e-002
 8.5167959e-002
 8.5343175e-002
 8.5523054e-002
 8.5710473e-002
 8.5905947e-002
 8.6100765e-002
 8.6283661e-002
 8.6449556e-002
 8.6592913e-002
 8.6710617e-002
 8.6813323e-002
 8.6916998e-002
 8.7034680e-002
 8.7176174e-002
 8.7347142e-002
 8.7548181e-002
 8.7775014e-002
 8.8020362e-002
 8.8276125e-002
 8.8534981e-002
 8.8791512e-002
 8.9043073e-002
 8.9290470e-002
 8.9538209e-002
 8.9793451e-002
 9.0063296e-002
 9.0351000e-002
 9.0653338e-002
 9.0961076e-002
 9.1263205e-002
 9.1552183e-002
 9.1827102e-002
 9.2092693e-002
 9.2355013e-002
 9.2617221e-002
 9.2877954e-002
 9.3133233e-002
 9.3379915e-002
 9.3618564e-002
 9.3853667e-002
 9.4091401e-002
 9.4335817e-002
 9.4585381e-002
 9.4832599e-002
 9.5067568e-002
 9.5283523e-002
 9.5480233e-002
 9.5662624e-002
 9.5835447e-002
 9.5997348e-002
 9.6139044e-002
 9.6248977e-002
 9.6322626e-002
 9.6367799e-002
 9.6401766e-002
 9.6442699e-002
 9.6502341e-002
 9.6584164e-002
 9.6685469e-002
 9.6799850e-002
 9.6918829e-002
 9.7034663e-002
 9.7144663e-002
 9.7252853e-002
 9.7364761e-002
 9.7478464e-002
 9.7582027e-002
 9.7663149e-002
 9.7723104e-002
 9.7779624e-002
 9.7853415e-002
 9.7951710e-002
 9.8065957e-002
 9.8185278e-002
 9.8309726e-002
 9.8449901e-002
 9.8617233e-002
 9.8817244e-002
 9.9048257e-002
 9.9298812e-002
 9.9544860e-002
 9.9756941e-002
 9.9919535e-002
 1.0004711e-001
 1.0017995e-001
 1.0035972e-001
 1.0060254e-001
 1.0089029e-001
 1.0118798e-001
 1.0147379e-001
 1.0175564e-001
 1.0205783e-001
 1.0239101e-001
 1.0273748e-001
 1.0306940e-001
 1.0337928e-001
 1.0368624e-001
 1.0401031e-001
 1.0434865e-001
 1.0468454e-001
 1.0501318e-001
 1.0534601e-001
 1.0569147e-001
 1.0604440e-001
 1.0639624e-001
 1.0674377e-001
 1.0708252e-001
 1.0740119e-001
 1.0769147e-001
 1.0796270e-001
 1.0824235e-001
 1.0856109e-001
 1.0893633e-001
 1.0936391e-001
 1.0981827e-001
 1.1026042e-001
 1.1065798e-001
 1.1101056e-001
 1.1135507e-001
 1.1173671e-001
 1.1217131e-001
 1.1263765e-001
 1.1309960e-001
 1.1352932e-001
 1.1391968e-001
 1.1429173e-001
 1.1468419e-001
 1.1511774e-001
 1.1557330e-001
 1.1602253e-001
 1.1647192e-001
 1.1695208e-001
 1.1746854e-001
 1.1799023e-001
 1.1848876e-001
 1.1896965e-001
 1.1946753e-001
 1.2002686e-001
 1.2067092e-001
 1.2135968e-001
 1.2199263e-001
 1.2249803e-001
 1.2291945e-001
 1.2337814e-001
 1.2395015e-001
 1.2461276e-001
 1.2530339e-001
 1.2598631e-001
 1.2665208e-001
 1.2728857e-001
 1.2788351e-001
 1.2845252e-001
 1.2903881e-001
 1.2966783e-001
 1.3031170e-001
 1.3091913e-001
 1.3147528e-001
 1.3201325e-001
 1.3257460e-001
 1.3318196e-001
 1.3384366e-001
 1.3455389e-001
 1.3527918e-001
 1.3596262e-001
 1.3655512e-001
 1.3704602e-001
 1.3746822e-001
 1.3787809e-001
 1.3831814e-001
 1.3878165e-001
 1.3921387e-001
 1.3956490e-001
 1.3984708e-001
 1.4013299e-001
 1.4049752e-001
 1.4096472e-001
 1.4149466e-001
 1.4200540e-001
 1.4242199e-001
 1.4273685e-001
 1.4302552e-001
 1.4338005e-001
 1.4381906e-001
 1.4427635e-001
 1.4467333e-001
 1.4498866e-001
 1.4526129e-001
 1.4554210e-001
 1.4585137e-001
 1.4617832e-001
 1.4650156e-001
 1.4679427e-001
 1.4702746e-001
 1.4720218e-001
 1.4737824e-001
 1.4763004e-001
 1.4795986e-001
 1.4828189e-001
 1.4851326e-001
 1.4867026e-001
 1.4883426e-001
 1.4903541e-001
 1.4923522e-001
 1.4939655e-001
 1.4951199e-001
 1.4959747e-001
 1.4969881e-001
 1.4985971e-001
 1.5004793e-001
 1.5016271e-001
 1.5015826e-001
 1.5010777e-001
 1.5010566e-001
 1.5016535e-001
 1.5023884e-001
 1.5028028e-001
 1.5027738e-001
 1.5025735e-001
 1.5026923e-001
 1.5033881e-001
 1.5042776e-001
 1.5044597e-001
 1.5033433e-001
 1.5014340e-001
 1.4999257e-001
 1.4995173e-001
 1.4999253e-001
 1.5002309e-001
 1.4993943e-001
 1.4970100e-001
 1.4940362e-001
 1.4921337e-001
 1.4918663e-001
 1.4922617e-001
 1.4923991e-001
 1.4923356e-001
 1.4921555e-001
 1.4912941e-001
 1.4893846e-001
 1.4869736e-001
 1.4849493e-001
 1.4837544e-001
 1.4833489e-001
 1.4834738e-001
 1.4837351e-001
 1.4837612e-001
 1.4835025e-001
 1.4831895e-001
 1.4828950e-001
 1.4823994e-001
 1.4815895e-001
 1.4807223e-001
 1.4801380e-001
 1.4798540e-001
 1.4795415e-001
 1.4789242e-001
 1.4781922e-001
 1.4778800e-001
 1.4782405e-001
 1.4788575e-001
 1.4789478e-001
 1.4780433e-001
 1.4763571e-001
 1.4745715e-001
 1.4732400e-001
 1.4723100e-001
 1.4713714e-001
 1.4702310e-001
 1.4690608e-001
 1.4681490e-001
 1.4676793e-001
 1.4676549e-001
 1.4678724e-001
 1.4679426e-001
 1.4674592e-001
 1.4663073e-001
 1.4648469e-001
 1.4637044e-001
 1.4632669e-001
 1.4633362e-001
 1.4632943e-001
 1.4626198e-001
 1.4612678e-001
 1.4596233e-001
 1.4581911e-001
 1.4573456e-001
 1.4572430e-001
 1.4578032e-001
 1.4587255e-001
 1.4596300e-001
 1.4603175e-001
 1.4609155e-001
 1.4616667e-001
 1.4624780e-001
 1.4627178e-001
 1.4617045e-001
 1.4596751e-001
 1.4581509e-001
 1.4584197e-001
 1.4593114e-001
 1.4591046e-001
 1.4578007e-001
 1.4563975e-001
 1.4554542e-001
 1.4551558e-001
 1.4557350e-001
 1.4568265e-001
 1.4572431e-001
 1.4564808e-001
 1.4556405e-001
 1.4557804e-001
 1.4563812e-001
 1.4564912e-001
 1.4561953e-001
 1.4559470e-001
 1.4555788e-001
 1.4549549e-001
 1.4546546e-001
 1.4550507e-001
 1.4555091e-001
 1.4553735e-001
 1.4549308e-001
 1.4546041e-001
 1.4540912e-001
 1.4531501e-001
 1.4524297e-001
 1.4527009e-001
 1.4538836e-001
 1.4553778e-001
 1.4567004e-001
 1.4573535e-001
 1.4568694e-001
 1.4557476e-001
 1.4555146e-001
 1.4567167e-001
 1.4577273e-001
 1.4567478e-001
 1.4540885e-001
 1.4515981e-001
 1.4508152e-001
 1.4519170e-001
 1.4538236e-001
 1.4552481e-001
 1.4552341e-001
 1.4535429e-001
 1.4514370e-001
 1.4511916e-001
 1.4535317e-001
 1.4567827e-001
 1.4590839e-001
 1.4598083e-001
 1.4593898e-001
 1.4585300e-001
 1.4576715e-001
 1.4569399e-001
 1.4563547e-001
 1.4559327e-001
 1.4556950e-001
 1.4556272e-001
 1.4556077e-001
 1.4554220e-001
 1.4549199e-001
 1.4542224e-001
 1.4537044e-001
 1.4537162e-001
 1.4543065e-001
 1.4552101e-001
 1.4560403e-001
 1.4564145e-001
 1.4560264e-001
 1.4547877e-001
 1.4530151e-001
 1.4514928e-001
 1.4512444e-001
 1.4523825e-001
 1.4543298e-001
 1.4556473e-001
 1.4553119e-001
 1.4536706e-001
 1.4516194e-001
 1.4500567e-001
 1.4497368e-001
 1.4504649e-001
 1.4516649e-001
 1.4527594e-001
 1.4532396e-001
 1.4530525e-001
 1.4523280e-001
 1.4511973e-001
 1.4497972e-001
 1.4483024e-001
 1.4469036e-001
 1.4457910e-001
 1.4451148e-001
 1.4447543e-001
 1.4444259e-001
 1.4439589e-001
 1.4430860e-001
 1.4417753e-001
 1.4401874e-001
 1.4384903e-001
 1.4368525e-001
 1.4354362e-001
 1.4342645e-001
 1.4332230e-001
 1.4321908e-001
 1.4310473e-001
 1.4296770e-001
 1.4280802e-001
 1.4263697e-001
 1.4246649e-001
 1.4230835e-001
 1.4217401e-001
 1.4206350e-001
 1.4196609e-001
 1.4187050e-001
 1.4176546e-001
 1.4163975e-001
 1.4148481e-001
 1.4130302e-001
 1.4109926e-001
 1.4087847e-001
 1.4064556e-001
 1.4040551e-001
 1.4016268e-001
 1.3991988e-001
 1.3967933e-001
 1.3944341e-001
 1.3921434e-001
 1.3899447e-001
 1.3878606e-001
 1.3859172e-001
 1.3841540e-001
 1.3826124e-001
 1.3813348e-001
 1.3803625e-001
 1.3797383e-001
 1.3795036e-001
 1.3797005e-001
 1.3803352e-001
 1.3812803e-001
 1.3823761e-001
 1.3834631e-001
 1.3843824e-001
 1.3849743e-001
 1.3850795e-001
 1.3845384e-001
 1.3832451e-001
 1.3812904e-001
 1.3788120e-001
 1.3759470e-001
 1.3728334e-001
 1.3696074e-001
 1.3664076e-001
 1.3633706e-001
 1.3606042e-001
 1.3581073e-001
 1.3558537e-001
 1.3538170e-001
 1.3519704e-001
 1.3502878e-001
 1.3487428e-001
 1.3473092e-001
 1.3459602e-001
 1.3446699e-001
 1.3434115e-001
 1.3421589e-001
 1.3408910e-001
 1.3396055e-001
 1.3383049e-001
 1.3369918e-001
 1.3356680e-001
 1.3343364e-001
 1.3329992e-001
 1.3316585e-001
 1.3303168e-001
 1.3289765e-001
 1.3276398e-001
 1.3263090e-001
 1.3249892e-001
 1.3236941e-001
 1.3224401e-001
 1.3212429e-001
 1.3201185e-001
 1.3190830e-001
 1.3181522e-001
 1.3173425e-001
 1.3166696e-001
 1.3161495e-001
 1.3157983e-001
 1.3156137e-001
 1.3155292e-001
 1.3154644e-001
 1.3153388e-001
 1.3150716e-001
 1.3145827e-001
 1.3137913e-001
 1.3126169e-001
 1.3109791e-001
 1.3087973e-001
 1.3060363e-001
 1.3028161e-001
 1.2992907e-001
 1.2956147e-001
 1.2919414e-001
 1.2884261e-001
 1.2852214e-001
 1.2824830e-001
 1.2803639e-001
 1.2790191e-001
 1.2785430e-001
 1.2788309e-001
 1.2797344e-001
 1.2811048e-001
 1.2827943e-001
 1.2846543e-001
 1.2865363e-001
 1.2882926e-001
 1.2897743e-001
 1.2908337e-001
 1.2913699e-001
 1.2914447e-001
 1.2911537e-001
 1.2905921e-001
 1.2898560e-001
 1.2890406e-001
 1.2882416e-001
 1.2875547e-001
 1.2870750e-001
 1.2868586e-001
 1.2868285e-001
 1.2868802e-001
 1.2869094e-001
 1.2868111e-001
 1.2864812e-001
 1.2858151e-001
 1.2847081e-001
 1.2831025e-001
 1.2810916e-001
 1.2788016e-001
 1.2763576e-001
 1.2738857e-001
 1.2715104e-001
 1.2693584e-001
 1.2675545e-001
 1.2661888e-001
 1.2652361e-001
 1.2646480e-001
 1.2643757e-001
 1.2643704e-001
 1.2645838e-001
 1.2649667e-001
 1.2654708e-001
 1.2660374e-001
 1.2665758e-001
 1.2669891e-001
 1.2671317e-001
 1.2669398e-001
 1.2663272e-001
 1.2652490e-001
 1.2637465e-001
 1.2619421e-001
 1.2600142e-001
 1.2581672e-001
 1.2566075e-001
 1.2555030e-001
 1.2549189e-001
 1.2547770e-001
 1.2548971e-001
 1.2550595e-001
 1.2550522e-001
 1.2547162e-001
 1.2539954e-001
 1.2529506e-001
 1.2517311e-001
 1.2505247e-001
 1.2495106e-001
 1.2488072e-001
 1.2484206e-001
 1.2482264e-001
 1.2480007e-001
 1.2474777e-001
 1.2464184e-001
 1.2446909e-001
 1.2423439e-001
 1.2396295e-001
 1.2369585e-001
 1.2348134e-001
 1.2336449e-001
 1.2337621e-001
 1.2352432e-001
 1.2379080e-001
 1.2413651e-001
 1.2451065e-001
 1.2486038e-001
 1.2513949e-001
 1.2465642e-001
 1.2463912e-001
 1.2455619e-001
 1.2440712e-001
 1.2419754e-001
 1.2393880e-001
 1.2364667e-001
 1.2333972e-001
 1.2303787e-001
 1.2275986e-001
 1.2252112e-001
 1.2233172e-001
 1.2219495e-001
 1.2210745e-001
 1.2206082e-001
 1.2204396e-001
 1.2204544e-001
 1.2205540e-001
 1.2206674e-001
 1.2207545e-001
 1.2208017e-001
 1.2208146e-001
 1.2208084e-001
 1.2208001e-001
 1.2208040e-001
 1.2208283e-001
 1.2208752e-001
 1.2209423e-001
 1.2210245e-001
 1.2211175e-001
 1.2212180e-001
 1.2213228e-001
 1.2214254e-001
 1.2215126e-001
 1.2215627e-001
 1.2215447e-001
 1.2214211e-001
 1.2211520e-001
 1.2207010e-001
 1.2200398e-001
 1.2191525e-001
 1.2180375e-001
 1.2167070e-001
 1.2151854e-001
 1.2135080e-001
 1.2117170e-001
 1.2098616e-001
 1.2079952e-001
 1.2061724e-001
 1.2044480e-001
 1.2028719e-001
 1.2014856e-001
 1.2003178e-001
 1.1993799e-001
 1.1986652e-001
 1.1981486e-001
 1.1977891e-001
 1.1975347e-001
 1.1973278e-001
 1.1971113e-001
 1.1968339e-001
 1.1964545e-001
 1.1959450e-001
 1.1952913e-001
 1.1944944e-001
 1.1935695e-001
 1.1925443e-001
 1.1914577e-001
 1.1903550e-001
 1.1892862e-001
 1.1882995e-001
 1.1874370e-001
 1.1867305e-001
 1.1861980e-001
 1.1858422e-001
 1.1856507e-001
 1.1855982e-001
 1.1856499e-001
 1.1857650e-001
 1.1859008e-001
 1.1860146e-001
 1.1860669e-001
 1.1860228e-001
 1.1858542e-001
 1.1855415e-001
 1.1850769e-001
 1.1844663e-001
 1.1837308e-001
 1.1829062e-001
 1.1820386e-001
 1.1811795e-001
 1.1803774e-001
 1.1796700e-001
 1.1790785e-001
 1.1786039e-001
 1.1782290e-001
 1.1779229e-001
 1.1776491e-001
 1.1773736e-001
 1.1770722e-001
 1.1767344e-001
 1.1763646e-001
 1.1759798e-001
 1.1756054e-001
 1.1752701e-001
 1.1750020e-001
 1.1748254e-001
 1.1747593e-001
 1.1748163e-001
 1.1750018e-001
 1.1753129e-001
 1.1757376e-001
 1.1762529e-001
 1.1768249e-001
 1.1774097e-001
 1.1779572e-001
 1.1784147e-001
 1.1787339e-001
 1.1788754e-001
 1.1788137e-001
 1.1785383e-001
 1.1780538e-001
 1.1773772e-001
 1.1765343e-001
 1.1755553e-001
 1.1744722e-001
 1.1733170e-001
 1.1721203e-001
 1.1709131e-001
 1.1697259e-001
 1.1685910e-001
 1.1675408e-001
 1.1666068e-001
 1.1658177e-001
 1.1651959e-001
 1.1647562e-001
 1.1645034e-001
 1.1644322e-001
 1.1645288e-001
 1.1647730e-001
 1.1651422e-001
 1.1656148e-001
 1.1661723e-001
 1.1668004e-001
 1.1674866e-001
 1.1682177e-001
 1.1689743e-001
 1.1697275e-001
 1.1704359e-001
 1.1710475e-001
 1.1715045e-001
 1.1717508e-001
 1.1717427e-001
 1.1714578e-001
 1.1709028e-001
 1.1701158e-001
 1.1691651e-001
 1.1681404e-001
 1.1671436e-001
 1.1662745e-001
 1.1656176e-001
 1.1652326e-001
 1.1651465e-001
 1.1653525e-001
 1.1658138e-001
 1.1664709e-001
 1.1672531e-001
 1.1680893e-001
 1.1689193e-001
 1.1697002e-001
 1.1704097e-001
 1.1710448e-001
 1.1716165e-001
 1.1721434e-001
 1.1726437e-001
 1.1731298e-001
 1.1736048e-001
 1.1740619e-001
 1.1744878e-001
 1.1748668e-001
 1.1751872e-001
 1.1754460e-001
 1.1756525e-001
 1.1758297e-001
 1.1760109e-001
 1.1762355e-001
 1.1765411e-001
 1.1769554e-001
 1.1774892e-001
 1.1781306e-001
 1.1788440e-001
 1.1795732e-001
 1.1802474e-001
 1.1807927e-001
 1.1811439e-001
 1.1812562e-001
 1.1811157e-001
 1.1807444e-001
 1.1801992e-001
 1.1795654e-001
 1.1789443e-001
 1.1784369e-001
 1.1781288e-001
 1.1780753e-001
 1.1782944e-001
 1.1787650e-001
 1.1794325e-001
 1.1802191e-001
 1.1810375e-001
 1.1818034e-001
 1.1824461e-001
 1.1829152e-001
 1.1831822e-001
 1.1832404e-001
 1.1831020e-001
 1.1827944e-001
 1.1823580e-001
 1.1818427e-001
 1.1813064e-001
 1.1808112e-001
 1.1804198e-001
 1.1801900e-001
 1.1801685e-001
 1.1803856e-001
 1.1808503e-001
 1.1815475e-001
 1.1824399e-001
 1.1834705e-001
 1.1845697e-001
 1.1856636e-001
 1.1866824e-001
 1.1875694e-001
 1.1882854e-001
 1.1888136e-001
 1.1891586e-001
 1.1893437e-001
 1.1894054e-001
 1.1893869e-001
 1.1893320e-001
 1.1892798e-001
 1.1892612e-001
 1.1892981e-001
 1.1894032e-001
 1.1895812e-001
 1.1898302e-001
 1.1901427e-001
 1.1905060e-001
 1.1909033e-001
 1.1913140e-001
 1.1917172e-001
 1.1920940e-001
 1.1924314e-001
 1.1927263e-001
 1.1929867e-001
 1.1932318e-001
 1.1934879e-001
 1.1937829e-001
 1.1941399e-001
 1.1945694e-001
 1.1950662e-001
 1.1956073e-001
 1.1961556e-001
 1.1966659e-001
 1.1970937e-001
 1.1974043e-001
 1.1975811e-001
 1.1976296e-001
 1.1975790e-001
 1.1974768e-001
 1.1973823e-001
 1.1973548e-001
 1.1974432e-001
 1.1976755e-001
 1.1980533e-001
 1.1985503e-001
 1.1991174e-001
 1.1996915e-001
 1.2002092e-001
 1.2006196e-001
 1.2008966e-001
 1.2010456e-001
 1.2011052e-001
 1.2011413e-001
 1.2012360e-001
 1.2014724e-001
 1.2019174e-001
 1.2026075e-001
 1.2035397e-001
 1.2046681e-001
 1.2059114e-001
 1.2071662e-001
 1.2083253e-001
 1.2092970e-001
 1.2100219e-001
 1.2104816e-001
 1.2106993e-001
 1.2107319e-001
 1.2106553e-001
 1.2105484e-001
 1.2104771e-001
 1.2104846e-001
 1.2105880e-001
 1.2107814e-001
 1.2110440e-001
 1.2113505e-001
 1.2116802e-001
 1.2120244e-001
 1.2123876e-001
 1.2127860e-001
 1.2132411e-001
 1.2137726e-001
 1.2143908e-001
 1.2150912e-001
 1.2158531e-001
 1.2166409e-001
 1.2174102e-001
 1.2181155e-001
 1.2187184e-001
 1.2191953e-001
 1.2195411e-001
 1.2197694e-001
 1.2199089e-001
 1.2199963e-001
 1.2200687e-001
 1.2201557e-001
 1.2202741e-001
 1.2204252e-001
 1.2205961e-001
 1.2207638e-001
 1.2209004e-001
 1.2209798e-001
 1.2209833e-001
 1.2209029e-001
 1.2207433e-001
 1.2205205e-001
 1.2202592e-001
 1.2199875e-001
 1.2197329e-001
 1.2195178e-001
 1.2193568e-001
 1.2192558e-001
 1.2192129e-001
 1.2192217e-001
 1.2192739e-001
 1.2193635e-001
 1.2194894e-001
 1.2196563e-001
 1.2198754e-001
 1.2201613e-001
 1.2205302e-001
 1.2209951e-001
 1.2215632e-001
 1.2222324e-001
 1.2229899e-001
 1.2238134e-001
 1.2246720e-001
 1.2255309e-001
 1.2263549e-001
 1.2271140e-001
 1.2277869e-001
 1.2283634e-001
 1.2288455e-001
 1.2292449e-001
 1.2295803e-001
 1.2298717e-001
 1.2301359e-001
 1.2303820e-001
 1.2306093e-001
 1.2308084e-001
 1.2309643e-001
 1.2310622e-001
 1.2310937e-001
 1.2310614e-001
 1.2309802e-001
 1.2308743e-001
 1.2307703e-001
 1.2306876e-001
 1.2306287e-001
 1.2305729e-001
 1.2304758e-001
 1.2302744e-001
 1.2298990e-001
 1.2292855e-001
 1.2283896e-001
 1.2271938e-001
 1.2257093e-001
 1.2239707e-001
 1.2220220e-001
 1.2199050e-001
 1.2176452e-001
 1.2152421e-001
 1.2126702e-001
 1.2098812e-001
 1.2068176e-001
 1.2034261e-001
 1.1996702e-001
 1.1955449e-001
 1.1910794e-001
 1.1863402e-001
 1.1814240e-001
 1.1764444e-001
 1.1715235e-001
 1.1667742e-001
 1.1622942e-001
 1.1581600e-001
 1.1544263e-001
 1.1511357e-001
 1.1483239e-001
 1.1460328e-001
 1.1443152e-001
 1.1432371e-001
 1.1428751e-001
 1.1433060e-001
 1.1445951e-001
 1.1467805e-001
 1.1498627e-001
 1.1537950e-001
 1.1584823e-001
 1.1637887e-001
 1.1695462e-001
 1.1755761e-001
 1.1817031e-001
 1.1877733e-001
 1.1936683e-001
 1.1993037e-001
 1.2046320e-001
 1.2096287e-001
 1.2142824e-001
 1.2185860e-001
 1.2225264e-001
 1.2260877e-001
 1.2292524e-001
 1.2320116e-001
 1.2343734e-001
 1.2363645e-001
 1.2380321e-001
 1.2394351e-001
 1.2406349e-001
 1.2416852e-001
 1.2426231e-001
 1.2434673e-001
 1.2442214e-001
 1.2448806e-001
 1.2454409e-001
 1.2459061e-001
 1.2462911e-001
 1.2466206e-001
 1.2469235e-001
 1.2472270e-001
 1.2475499e-001
 1.2479001e-001
 1.2482762e-001
 1.2486710e-001
 1.2490787e-001
 1.2494991e-001
 1.2499411e-001
 1.2504221e-001
 1.2509635e-001
 1.2515847e-001
 1.2522957e-001
 1.2530923e-001
 1.2539542e-001
 1.2548462e-001
 1.2557235e-001
 1.2565412e-001
 1.2572610e-001
 1.2578616e-001
 1.2583408e-001
 1.2587176e-001
 1.2590270e-001
 1.2593107e-001
 1.2596072e-001
 1.2599413e-001
 1.2603173e-001
 1.2607165e-001
 1.2611024e-001
 1.2614289e-001
 1.2616521e-001
 1.2617409e-001
 1.2616847e-001
 1.2614961e-001
 1.2612072e-001
 1.2608628e-001
 1.2605120e-001
 1.2601997e-001
 1.2599623e-001
 1.2598263e-001
 1.2598093e-001
 1.2599228e-001
 1.2601744e-001
 1.2605678e-001
 1.2611000e-001
 1.2617595e-001
 1.2625220e-001
 1.2633505e-001
 1.2641974e-001
 1.2650105e-001
 1.2657416e-001
 1.2663540e-001
 1.2668294e-001
 1.2671705e-001
 1.2673996e-001
 1.2675546e-001
 1.2676811e-001
 1.2678257e-001
 1.2680286e-001
 1.2683202e-001
 1.2687187e-001
 1.2692286e-001
 1.2698427e-001
 1.2705426e-001
 1.2713002e-001
 1.2720811e-001
 1.2728469e-001
 1.2735590e-001
 1.2741853e-001
 1.2747043e-001
 1.2751102e-001
 1.2754135e-001
 1.2756389e-001
 1.2758169e-001
 1.2759741e-001
 1.2761261e-001
 1.2762713e-001
 1.2763906e-001
 1.2764466e-001
 1.2763891e-001
 1.2761644e-001
 1.2757295e-001
 1.2750675e-001
 1.2741993e-001
 1.2731902e-001
 1.2721446e-001
 1.2711951e-001
 1.2704796e-001
 1.2701155e-001
 1.2701829e-001
 1.2707122e-001
 1.2716827e-001
 1.2730262e-001
 1.2746380e-001
 1.2763874e-001
 1.2781310e-001
 1.2797290e-001
 1.2810609e-001
 1.2820409e-001
 1.2826274e-001
 1.2828279e-001
 1.2826976e-001
 1.2823318e-001
 1.2818524e-001
 1.2813936e-001
 1.2810832e-001
 1.2810269e-001
 1.2812960e-001
 1.2819231e-001
 1.2828997e-001
 1.2841795e-001
 1.2856865e-001
 1.2873189e-001
 1.2889598e-001
 1.2904860e-001
 1.2917842e-001
 1.2927657e-001
 1.2933783e-001
 1.2936169e-001
 1.2935232e-001
 1.2931806e-001
 1.2926996e-001
 1.2922002e-001
 1.2917918e-001
 1.2915555e-001
 1.2915346e-001
 1.2917358e-001
 1.2921347e-001
 1.2926871e-001
 1.2933403e-001
 1.2940426e-001
 1.2947504e-001
 1.2954322e-001
 1.2960693e-001
 1.2966569e-001
 1.2971997e-001
 1.2977104e-001
 1.2982042e-001
 1.2986979e-001
 1.2992059e-001
 1.2997404e-001
 1.3003108e-001
 1.3009240e-001
 1.3015854e-001
 1.3022995e-001
 1.3030696e-001
 1.3038979e-001
 1.3047850e-001
 1.3057284e-001
 1.3067214e-001
 1.3077520e-001
 1.3088015e-001
 1.3098465e-001
 1.3108580e-001
 1.3118047e-001
 1.3126551e-001
 1.3133812e-001
 1.3139616e-001
 1.3143833e-001
 1.3146445e-001
 1.3147542e-001
 1.3147318e-001
 1.3146059e-001
 1.3144113e-001
 1.3141869e-001
 1.3139723e-001
 1.3138062e-001
 1.3137232e-001
 1.3137530e-001
 1.3139181e-001
 1.3142331e-001
 1.3147040e-001
 1.3153282e-001
 1.3160942e-001
 1.3169844e-001
 1.3179760e-001
 1.3190427e-001
 1.3201597e-001
 1.3213037e-001
 1.3224556e-001
 1.3236016e-001
 1.3247319e-001
 1.3258399e-001
 1.3269192e-001
 1.3279605e-001
 1.3289507e-001
 1.3298695e-001
 1.3306911e-001
 1.3313852e-001
 1.3319217e-001
 1.3322757e-001
 1.3324332e-001
 1.3323972e-001
 1.3321905e-001
 1.3318586e-001
 1.3314660e-001
 1.3310921e-001
 1.3308242e-001
 1.3307472e-001
 1.3309357e-001
 1.3314457e-001
 1.3323097e-001
 1.3335319e-001
 1.3350895e-001
 1.3369332e-001
 1.3389924e-001
 1.3411795e-001
 1.3433965e-001
 1.3455434e-001
 1.3475247e-001
 1.3492574e-001
 1.3506757e-001
 1.3517360e-001
 1.3524212e-001
 1.3527402e-001
 1.3527270e-001
 1.3524400e-001
 1.3519587e-001
 1.3513760e-001
 1.3507901e-001
 1.3502927e-001
 1.3499583e-001
 1.3498358e-001
 1.3499428e-001
 1.3502650e-001
 1.3507609e-001
 1.3513696e-001
 1.3520223e-001
 1.3526528e-001
 1.3532074e-001
 1.3536523e-001
 1.3539749e-001
 1.3541831e-001
 1.3543007e-001
 1.3543643e-001
 1.3544185e-001
 1.3545123e-001
 1.3546959e-001
 1.3550191e-001
 1.3555278e-001
 1.3562617e-001
 1.3572508e-001
 1.3585110e-001
 1.3600408e-001
 1.3618188e-001
 1.3638006e-001
 1.3659221e-001
 1.3681014e-001
 1.3702464e-001
 1.3722651e-001
 1.3740732e-001
 1.3756071e-001
 1.3768306e-001
 1.3777407e-001
 1.3783686e-001
 1.3787758e-001
 1.3790466e-001
 1.3792753e-001
 1.3795534e-001
 1.3799554e-001
 1.3805281e-001
 1.3812818e-001
 1.3821888e-001
 1.3831861e-001
 1.3841850e-001
 1.3850816e-001
 1.3857739e-001
 1.3861755e-001
 1.3862279e-001
 1.3859104e-001
 1.3852423e-001
 1.3842827e-001
 1.3831210e-001
 1.3818689e-001
 1.3806452e-001
 1.3795647e-001
 1.3787264e-001
 1.3782045e-001
 1.3780454e-001
 1.3782652e-001
 1.3788527e-001
 1.3797741e-001
 1.3809775e-001
 1.3823992e-001
 1.3839687e-001
 1.3856125e-001
 1.3872574e-001
 1.3888349e-001
 1.3902821e-001
 1.3915469e-001
 1.3925898e-001
 1.3933875e-001
 1.3939361e-001
 1.3942517e-001
 1.3943699e-001
 1.3943431e-001
 1.3942350e-001
 1.3941148e-001
 1.3940485e-001
 1.3940912e-001
 1.3942809e-001
 1.3946344e-001
 1.3951449e-001
 1.3957845e-001
 1.3965084e-001
 1.3972621e-001
 1.3979885e-001
 1.3986371e-001
 1.3991699e-001
 1.3995656e-001
 1.3998240e-001
 1.3999625e-001
 1.4000149e-001
 1.4000256e-001
 1.4000438e-001
 1.4001167e-001
 1.4002854e-001
 1.4005795e-001
 1.4010158e-001
 1.4015979e-001
 1.4023165e-001
 1.4031526e-001
 1.4040789e-001
 1.4050636e-001
 1.4060715e-001
 1.4070673e-001
 1.4080165e-001
 1.4088869e-001
 1.4096515e-001
 1.4102896e-001
 1.4107904e-001
 1.4111547e-001
 1.4113969e-001
 1.4115466e-001
 1.4116465e-001
 1.4117481e-001
 1.4119074e-001
 1.4121784e-001
 1.4126086e-001
 1.4132333e-001
 1.4140722e-001
 1.4151292e-001
 1.4163896e-001
 1.4178202e-001
 1.4193670e-001
 1.4209603e-001
 1.4225186e-001
 1.4239554e-001
 1.4251877e-001
 1.4261442e-001
 1.4267734e-001
 1.4270465e-001
 1.4269578e-001
 1.4268954e-001
 1.4260909e-001
 1.4250083e-001
 1.4236967e-001
 1.4222090e-001
 1.4206003e-001
 1.4189294e-001
 1.4172567e-001
 1.4156431e-001
 1.4141499e-001
 1.4128369e-001
 1.4117612e-001
 1.4109729e-001
 1.4105096e-001
 1.4103892e-001
 1.4106056e-001
 1.4111272e-001
 1.4118986e-001
 1.4128466e-001
 1.4138873e-001
 1.4149314e-001
 1.4158911e-001
 1.4166833e-001
 1.4172409e-001
 1.4175212e-001
 1.4175163e-001
 1.4172576e-001
 1.4168118e-001
 1.4162707e-001
 1.4157419e-001
 1.4153390e-001
 1.4151739e-001
 1.4153501e-001
 1.4159510e-001
 1.4170259e-001
 1.4185792e-001
 1.4205657e-001
 1.4228944e-001
 1.4254412e-001
 1.4280629e-001
 1.4306070e-001
 1.4329220e-001
 1.4348660e-001
 1.4363195e-001
 1.4372011e-001
 1.4374803e-001
 1.4371839e-001
 1.4363903e-001
 1.4352156e-001
 1.4337981e-001
 1.4322865e-001
 1.4308292e-001
 1.4295660e-001
 1.4286163e-001
 1.4280640e-001
 1.4279455e-001
 1.4282450e-001
 1.4288990e-001
 1.4298089e-001
 1.4308558e-001
 1.4319108e-001
 1.4328450e-001
 1.4335364e-001
 1.4338802e-001
 1.4338011e-001
 1.4332628e-001
 1.4322735e-001
 1.4308807e-001
 1.4291610e-001
 1.4272082e-001
 1.4251244e-001
 1.4230125e-001
 1.4209692e-001
 1.4190800e-001
 1.4174074e-001
 1.4159849e-001
 1.4148141e-001
 1.4138660e-001
 1.4130908e-001
 1.4124253e-001
 1.4118007e-001
 1.4111468e-001
 1.4103964e-001
 1.4094894e-001
 1.4083780e-001
 1.4070316e-001
 1.4054374e-001
 1.4036001e-001
 1.4015363e-001
 1.3992706e-001
 1.3968304e-001
 1.3942456e-001
 1.3915458e-001
 1.3887621e-001
 1.3859265e-001
 1.3830702e-001
 1.3802278e-001
 1.3774329e-001
 1.3747211e-001
 1.3721280e-001
 1.3696884e-001
 1.3674368e-001
 1.3654040e-001
 1.3636148e-001
 1.3620837e-001
 1.3608108e-001
 1.3597806e-001
 1.3589633e-001
 1.3583189e-001
 1.3578013e-001
 1.3573615e-001
 1.3569514e-001
 1.3565265e-001
 1.3560507e-001
 1.3555023e-001
 1.3548790e-001
 1.3541999e-001
 1.3535035e-001
 1.3528423e-001
 1.3522777e-001
 1.3518742e-001
 1.3516964e-001
 1.3518047e-001
 1.3522497e-001
 1.3530658e-001
 1.3542663e-001
 1.3558392e-001
 1.3577510e-001
 1.3599528e-001
 1.3623846e-001
 1.3649832e-001
 1.3676834e-001
 1.3704209e-001
 1.3731354e-001
 1.3757709e-001
 1.3782802e-001
 1.3806234e-001
 1.3827680e-001
 1.3846882e-001
 1.3863604e-001
 1.3877632e-001
 1.3888776e-001
 1.3896863e-001
 1.3901778e-001
 1.3903482e-001
 1.3902055e-001
 1.3897698e-001
 1.3890725e-001
 1.3881533e-001
 1.3870569e-001
 1.3858305e-001
 1.3845217e-001
 1.3831785e-001
 1.3818476e-001
 1.3805738e-001
 1.3794003e-001
 1.3783672e-001
 1.3775128e-001
 1.3768733e-001
 1.3764836e-001
 1.3763781e-001
 1.3765877e-001
 1.3771382e-001
 1.3780430e-001
 1.3792962e-001
 1.3808647e-001
 1.3826868e-001
 1.3846733e-001
 1.3867155e-001
 1.3886939e-001
 1.3904835e-001
 1.3919620e-001
 1.3930158e-001
 1.3935517e-001
 1.3935111e-001
 1.3928816e-001
 1.3917017e-001
 1.3900568e-001
 1.3880667e-001
 1.3858704e-001
 1.3836169e-001
 1.3814546e-001
 1.3795239e-001
 1.3779461e-001
 1.3768098e-001
 1.3761592e-001
 1.3759898e-001
 1.3762532e-001
 1.3768680e-001
 1.3777336e-001
 1.3787410e-001
 1.3797790e-001
 1.3807431e-001
 1.3815410e-001
 1.3821036e-001
 1.3823919e-001
 1.3824011e-001
 1.3821571e-001
 1.3817079e-001
 1.3811153e-001
 1.3804474e-001
 1.3797738e-001
 1.3791618e-001
 1.3786735e-001
 1.3783605e-001
 1.3782616e-001
 1.3784005e-001
 1.3787872e-001
 1.3794224e-001
 1.3803004e-001
 1.3814126e-001
 1.3827495e-001
 1.3842998e-001
 1.3860521e-001
 1.3879932e-001
 1.3901073e-001
 1.3923767e-001
 1.3947819e-001
 1.3973022e-001
 1.3999139e-001
 1.4025953e-001
 1.4053245e-001
 1.4080782e-001
 1.4108364e-001
 1.4135811e-001
 1.4162950e-001
 1.4189661e-001
 1.4215851e-001
 1.4241429e-001
 1.4266336e-001
 1.4290512e-001
 1.4313906e-001
 1.4336461e-001
 1.4358136e-001
 1.4378908e-001
 1.4398757e-001
 1.4417696e-001
 1.4435755e-001
 1.4452964e-001
 1.4469378e-001
 1.4485045e-001
 1.4500019e-001
 1.4514337e-001
 1.4528042e-001
 1.4541151e-001
 1.4553650e-001
 1.4565511e-001
 1.4576681e-001
 1.4587076e-001
 1.4596619e-001
 1.4605221e-001
 1.4612800e-001
 1.4619297e-001
 1.4624692e-001
 1.4629039e-001
 1.4632480e-001
 1.4635268e-001
 1.4637747e-001
 1.4640334e-001
 1.4643483e-001
 1.4647664e-001
 1.4653337e-001
 1.4660919e-001
 1.4670736e-001
 1.4682958e-001
 1.4697538e-001
 1.4714210e-001
 1.4732490e-001
 1.4751737e-001
 1.4771220e-001
 1.4790179e-001
 1.4807837e-001
 1.4823477e-001
 1.4836477e-001
 1.4846388e-001
 1.4852989e-001
 1.4856318e-001
 1.4856645e-001
 1.4854410e-001
 1.4850155e-001
 1.4844464e-001
 1.4837934e-001
 1.4831132e-001
 1.4824548e-001
 1.4818567e-001
 1.4813405e-001
 1.4809103e-001
 1.4805543e-001
 1.4802489e-001
 1.4799632e-001
 1.4796637e-001
 1.4793162e-001
 1.4788887e-001
 1.4783543e-001
 1.4776956e-001
 1.4769068e-001
 1.4759955e-001
 1.4749815e-001
 1.4738938e-001
 1.4727665e-001
 1.4716357e-001
 1.4705385e-001
 1.4695092e-001
 1.4685780e-001
 1.4677677e-001
 1.4670904e-001
 1.4665468e-001
 1.4661278e-001
 1.4658161e-001
 1.4655900e-001
 1.4654255e-001
 1.4652987e-001
 1.4651853e-001
 1.4650631e-001
 1.4649126e-001
 1.4647178e-001
 1.4644670e-001
 1.4641525e-001
 1.4637685e-001
 1.4633118e-001
 1.4627795e-001
 1.4621708e-001
 1.4614861e-001
 1.4607306e-001
 1.4599164e-001
 1.4590648e-001
 1.4582077e-001
 1.4573866e-001
 1.4566496e-001
 1.4560488e-001
 1.4556377e-001
 1.4554675e-001
 1.4555828e-001
 1.4560142e-001
 1.4567681e-001
 1.4578187e-001
 1.4591056e-001
 1.4605345e-001
 1.4619887e-001
 1.4633375e-001
 1.4644438e-001
 1.4651722e-001
 1.4653967e-001
 1.4650115e-001
 1.4639452e-001
 1.4621729e-001
 1.4597207e-001
 1.4566632e-001
 1.4531070e-001
 1.4491794e-001
 1.4450188e-001
 1.4407612e-001
 1.4365339e-001
 1.4324477e-001
 1.4285770e-001
 1.4249520e-001
 1.4215520e-001
 1.4183141e-001
 1.4151393e-001
 1.4119089e-001
 1.4084975e-001
 1.4047770e-001
 1.4006245e-001
 1.3959359e-001
 1.3906287e-001
 1.3846560e-001
 1.3780078e-001
 1.3707127e-001
 1.3628204e-001
 1.3543949e-001
 1.3455138e-001
 1.3362508e-001
 1.3266774e-001
 1.3168678e-001
 1.3068810e-001
 1.2967651e-001
 1.2865631e-001
 1.2763000e-001
 1.2659946e-001
 1.2556590e-001
 1.2453105e-001
 1.2349591e-001
 1.2246180e-001
 1.2143136e-001
 1.2040754e-001
 1.1939476e-001
 1.1839966e-001
 1.1742961e-001
 1.1649326e-001
 1.1559970e-001
 1.1475891e-001
 1.1398026e-001
 1.1327309e-001
 1.1264683e-001
 1.1210979e-001
 1.1166954e-001
 1.1133302e-001
 1.1110599e-001
 1.1099374e-001
 1.1100111e-001
 1.1113265e-001
 1.1139239e-001
 1.1178343e-001
 1.1230642e-001
 1.1295880e-001
 1.1373330e-001
 1.1461684e-001
 1.1559209e-001
 1.1663831e-001
 1.1773189e-001
 1.1884909e-001
 1.1996592e-001
 1.2105957e-001
 1.2210856e-001
 1.2309575e-001
 1.2400880e-001
 1.2484010e-001
 1.2558752e-001
 1.2625244e-001
 1.2683791e-001
 1.2734847e-001
 1.2778887e-001
 1.2816383e-001
 1.2847742e-001
 1.2873326e-001
 1.2893392e-001
 1.2908070e-001
 1.2917407e-001
 1.2921375e-001
 1.2919895e-001
 1.2912875e-001
 1.2900217e-001
 1.2881850e-001
 1.2857731e-001
 1.2827893e-001
 1.2792447e-001
 1.2751634e-001
 1.2705760e-001
 1.2655196e-001
 1.2600388e-001
 1.2541772e-001
 1.2479796e-001
 1.2414969e-001
 1.2347795e-001
 1.2278855e-001
 1.2208793e-001
 1.2138393e-001
 1.2068472e-001
 1.1999906e-001
 1.1933657e-001
 1.1870644e-001
 1.1811778e-001
 1.1757956e-001
 1.1709920e-001
 1.1668234e-001
 1.1633229e-001
 1.1604930e-001
 1.1583116e-001
 1.1567376e-001
 1.1557197e-001
 1.1552002e-001
 1.1551213e-001
 1.1554269e-001
 1.1560676e-001
 1.1570044e-001
 1.1582122e-001
 1.1596821e-001
 1.1614195e-001
 1.1634404e-001
 1.1657662e-001
 1.1684215e-001
 1.1714313e-001
 1.1748140e-001
 1.1785813e-001
 1.1827303e-001
 1.1872349e-001
 1.1920489e-001
 1.1971066e-001
 1.2023235e-001
 1.2076095e-001
 1.2128694e-001
 1.2180084e-001
 1.2229294e-001
 1.2275434e-001
 1.2317683e-001
 1.2355294e-001
 1.2387659e-001
 1.2414265e-001
 1.2434655e-001
 1.2448440e-001
 1.2455253e-001
 1.2454764e-001
 1.2446710e-001
 1.2430973e-001
 1.2407652e-001
 1.2377173e-001
 1.2340292e-001
 1.2298064e-001
 1.2251806e-001
 1.2202939e-001
 1.2152933e-001
 1.2103283e-001
 1.2055354e-001
 1.2010315e-001
 1.1968985e-001
 1.1931741e-001
 1.1898414e-001
 1.1868370e-001
 1.1840648e-001
 1.1814067e-001
 1.1787352e-001
 1.1759242e-001
 1.1728537e-001
 1.1694216e-001
 1.1655553e-001
 1.1612257e-001
 1.1564464e-001
 1.1512716e-001
 1.1457893e-001
 1.1401018e-001
 1.1343189e-001
 1.1285561e-001
 1.1229189e-001
 1.1175010e-001
 1.1123726e-001
 1.1075772e-001
 1.1031213e-001
 1.0989810e-001
 1.0951129e-001
 1.0914574e-001
 1.0879490e-001
 1.0845234e-001
 1.0811167e-001
 1.0776728e-001
 1.0741508e-001
 1.0705249e-001
 1.0667895e-001
 1.0629556e-001
 1.0590501e-001
 1.0551046e-001
 1.0511548e-001
 1.0472412e-001
 1.0434031e-001
 1.0396827e-001
 1.0361290e-001
 1.0327937e-001
 1.0297363e-001
 1.0270210e-001
 1.0247190e-001
 1.0229013e-001
 1.0216400e-001
 1.0210050e-001
 1.0210564e-001
 1.0218362e-001
 1.0233540e-001
 1.0255765e-001
 1.0284225e-001
 1.0317667e-001
 1.0354571e-001
 1.0393252e-001
 1.0431979e-001
 1.0469026e-001
 1.0502818e-001
 1.0532019e-001
 1.0555652e-001
 1.0573259e-001
 1.0584932e-001
 1.0591276e-001
 1.0593310e-001
 1.0592301e-001
 1.0589636e-001
 1.0586733e-001
 1.0584989e-001
 1.0585769e-001
 1.0590387e-001
 1.0599588e-001
 1.0612033e-001
 1.0633872e-001
 1.0660113e-001
 1.0689878e-001
 1.0722290e-001
 1.0756476e-001
 1.0791543e-001
 1.0826618e-001
 1.0860822e-001
 1.0893276e-001
 1.0923167e-001
 1.0950200e-001
 1.0974402e-001
 1.0995796e-001
 1.1014401e-001
 1.1030237e-001
 1.1043324e-001
 1.1053684e-001
 1.1061343e-001
 1.1066314e-001
 1.1068623e-001
 1.1068289e-001
 1.1065333e-001
 1.1059777e-001
 1.1051653e-001
 1.1041072e-001
 1.1028192e-001
 1.1013169e-001
 1.0996168e-001
 1.0977345e-001
 1.0956857e-001
 1.0934859e-001
 1.0911519e-001
 1.0886991e-001
 1.0861433e-001
 1.0834998e-001
 1.0807858e-001
 1.0780162e-001
 1.0752071e-001
 1.0723746e-001
 1.0695333e-001
 1.0667008e-001
 1.0638915e-001
 1.0611143e-001
 1.0583735e-001
 1.0556760e-001
 1.0530264e-001
 1.0504301e-001
 1.0478918e-001
 1.0454179e-001
 1.0430131e-001
 1.0406831e-001
 1.0384328e-001
 1.0362673e-001
 1.0341928e-001
 1.0322142e-001
 1.0303368e-001
 1.0285655e-001
 1.0269064e-001
 1.0253645e-001
 1.0239451e-001
 1.0226532e-001
 1.0214947e-001
 1.0204747e-001
 1.0195976e-001
 1.0188590e-001
 1.0182509e-001
 1.0177650e-001
 1.0173925e-001
 1.0171253e-001
 1.0169549e-001
 1.0168728e-001
 1.0168709e-001
 1.0169405e-001
 1.0170734e-001
 1.0172611e-001
 1.0174952e-001
 1.0177673e-001
 1.0180693e-001
 1.0183923e-001
 1.0187282e-001
 1.0190686e-001
 1.0194051e-001
 1.0197292e-001
 1.0200325e-001
 1.0203067e-001
 1.0205434e-001
 1.0207343e-001
 1.0208707e-001
 1.0209444e-001
 1.0209481e-001
 1.0208823e-001
 1.0207517e-001
 1.0205612e-001
 1.0203154e-001
 1.0200190e-001
 1.0196766e-001
 1.0192932e-001
 1.0188734e-001
 1.0184218e-001
 1.0179432e-001
 1.0174426e-001
 1.0169243e-001
 1.0163931e-001
 1.0158539e-001
 1.0153114e-001
 1.0147703e-001
 1.0142352e-001
 1.0137107e-001
 1.0132019e-001
 1.0127135e-001
 1.0122499e-001
 1.0118160e-001
 1.0114165e-001
 1.0110562e-001
 1.0107397e-001
 1.0104717e-001
 1.0102571e-001
 1.0101005e-001
 1.0100066e-001
 1.0099795e-001
 1.0100181e-001
 1.0101190e-001
 1.0102785e-001
