s07_ASD Record=13380: Hematite.02+Quartz.98 GDS76   BECKa AREF
 2.5981691e-001
 2.5962225e-001
 2.5942454e-001
 2.5921914e-001
 2.5900277e-001
 2.5877413e-001
 2.5853398e-001
 2.5828493e-001
 2.5803065e-001
 2.5777495e-001
 2.5752071e-001
 2.5726962e-001
 2.5702229e-001
 2.5677845e-001
 2.5653741e-001
 2.5629833e-001
 2.5606027e-001
 2.5582132e-001
 2.5557798e-001
 2.5532523e-001
 2.5505760e-001
 2.5477216e-001
 2.5447097e-001
 2.5416249e-001
 2.5386053e-001
 2.5358164e-001
 2.5334015e-001
 2.5314182e-001
 2.5298208e-001
 2.5285086e-001
 2.5273773e-001
 2.5263461e-001
 2.5253606e-001
 2.5243741e-001
 2.5233328e-001
 2.5221702e-001
 2.5208226e-001
 2.5192457e-001
 2.5174299e-001
 2.5154024e-001
 2.5132206e-001
 2.5109562e-001
 2.5086871e-001
 2.5064853e-001
 2.5044078e-001
 2.5024852e-001
 2.5007197e-001
 2.4990834e-001
 2.4975210e-001
 2.4959567e-001
 2.4943106e-001
 2.4925293e-001
 2.4906173e-001
 2.4886492e-001
 2.4867432e-001
 2.4850146e-001
 2.4835266e-001
 2.4822636e-001
 2.4811691e-001
 2.4801749e-001
 2.4791624e-001
 2.4780168e-001
 2.4766704e-001
 2.4750325e-001
 2.4730028e-001
 2.4706830e-001
 2.4683341e-001
 2.4662063e-001
 2.4644630e-001
 2.4631155e-001
 2.4619949e-001
 2.4608257e-001
 2.4593589e-001
 2.4574715e-001
 2.4551998e-001
 2.4527051e-001
 2.4501982e-001
 2.4478593e-001
 2.4457863e-001
 2.4439850e-001
 2.4423867e-001
 2.4408811e-001
 2.4393539e-001
 2.4377257e-001
 2.4359806e-001
 2.4341735e-001
 2.4324031e-001
 2.4307626e-001
 2.4292973e-001
 2.4280000e-001
 2.4268459e-001
 2.4258302e-001
 2.4249692e-001
 2.4242543e-001
 2.4236043e-001
 2.4228734e-001
 2.4219379e-001
 2.4208243e-001
 2.4197756e-001
 2.4191839e-001
 2.4194227e-001
 2.4206649e-001
 2.4227794e-001
 2.4253324e-001
 2.4276812e-001
 2.4292013e-001
 2.4295592e-001
 2.4288513e-001
 2.4275227e-001
 2.4261071e-001
 2.4249424e-001
 2.4240656e-001
 2.4233422e-001
 2.4227020e-001
 2.4222575e-001
 2.4221924e-001
 2.4225298e-001
 2.4230188e-001
 2.4232747e-001
 2.4230513e-001
 2.4224044e-001
 2.4216205e-001
 2.4210089e-001
 2.4207357e-001
 2.4207839e-001
 2.4210155e-001
 2.4212731e-001
 2.4214807e-001
 2.4216995e-001
 2.4220942e-001
 2.4228217e-001
 2.4239227e-001
 2.4253061e-001
 2.4268188e-001
 2.4283221e-001
 2.4297228e-001
 2.4309789e-001
 2.4321175e-001
 2.4332273e-001
 2.4343838e-001
 2.4355657e-001
 2.4366891e-001
 2.4377486e-001
 2.4388629e-001
 2.4401078e-001
 2.4413386e-001
 2.4422765e-001
 2.4427876e-001
 2.4430451e-001
 2.4434577e-001
 2.4444909e-001
 2.4464399e-001
 2.4491696e-001
 2.4520628e-001
 2.4543990e-001
 2.4558926e-001
 2.4568261e-001
 2.4576981e-001
 2.4588351e-001
 2.4602798e-001
 2.4618487e-001
 2.4632299e-001
 2.4641721e-001
 2.4646981e-001
 2.4651073e-001
 2.4657311e-001
 2.4667150e-001
 2.4680382e-001
 2.4696642e-001
 2.4716064e-001
 2.4738760e-001
 2.4764492e-001
 2.4792925e-001
 2.4823253e-001
 2.4853152e-001
 2.4879785e-001
 2.4903759e-001
 2.4931264e-001
 2.4969572e-001
 2.5019541e-001
 2.5073713e-001
 2.5121963e-001
 2.5158474e-001
 2.5184745e-001
 2.5208402e-001
 2.5238979e-001
 2.5281891e-001
 2.5334850e-001
 2.5391078e-001
 2.5447029e-001
 2.5506490e-001
 2.5576469e-001
 2.5659680e-001
 2.5752628e-001
 2.5851053e-001
 2.5953856e-001
 2.6059586e-001
 2.6163691e-001
 2.6265544e-001
 2.6375410e-001
 2.6506522e-001
 2.6660749e-001
 2.6828599e-001
 2.7002364e-001
 2.7182370e-001
 2.7371588e-001
 2.7573410e-001
 2.7797481e-001
 2.8061289e-001
 2.8378430e-001
 2.8743476e-001
 2.9131526e-001
 2.9517499e-001
 2.9896080e-001
 3.0280346e-001
 3.0683437e-001
 3.1106651e-001
 3.1545737e-001
 3.2003582e-001
 3.2492459e-001
 3.3022746e-001
 3.3589748e-001
 3.4173790e-001
 3.4754679e-001
 3.5327780e-001
 3.5906297e-001
 3.6507964e-001
 3.7139422e-001
 3.7793297e-001
 3.8457650e-001
 3.9124358e-001
 3.9790779e-001
 4.0458262e-001
 4.1130248e-001
 4.1809708e-001
 4.2495370e-001
 4.3180430e-001
 4.3855032e-001
 4.4511628e-001
 4.5149168e-001
 4.5773381e-001
 4.6391484e-001
 4.7003746e-001
 4.7599769e-001
 4.8164368e-001
 4.8689827e-001
 4.9183506e-001
 4.9665013e-001
 5.0154084e-001
 5.0655276e-001
 5.1150650e-001
 5.1610100e-001
 5.2014172e-001
 5.2367872e-001
 5.2691936e-001
 5.3000718e-001
 5.3296351e-001
 5.3584385e-001
 5.3877240e-001
 5.4175472e-001
 5.4461604e-001
 5.4720491e-001
 5.4953289e-001
 5.5167699e-001
 5.5366504e-001
 5.5551463e-001
 5.5728918e-001
 5.5903798e-001
 5.6074125e-001
 5.6237125e-001
 5.6396580e-001
 5.6558210e-001
 5.6717014e-001
 5.6854624e-001
 5.6956935e-001
 5.7034343e-001
 5.7116485e-001
 5.7226980e-001
 5.7366776e-001
 5.7515544e-001
 5.7645303e-001
 5.7739484e-001
 5.7804078e-001
 5.7856888e-001
 5.7913810e-001
 5.7990366e-001
 5.8100104e-001
 5.8239114e-001
 5.8380079e-001
 5.8492208e-001
 5.8569360e-001
 5.8637631e-001
 5.8729154e-001
 5.8845693e-001
 5.8959317e-001
 5.9052086e-001
 5.9137684e-001
 5.9237951e-001
 5.9354842e-001
 5.9472954e-001
 5.9580672e-001
 5.9682572e-001
 5.9790146e-001
 5.9904528e-001
 6.0018981e-001
 6.0137814e-001
 6.0273343e-001
 6.0419339e-001
 6.0552061e-001
 6.0666233e-001
 6.0783803e-001
 6.0917193e-001
 6.1051553e-001
 6.1173576e-001
 6.1292058e-001
 6.1419505e-001
 6.1553746e-001
 6.1687487e-001
 6.1820292e-001
 6.1955565e-001
 6.2091380e-001
 6.2221378e-001
 6.2342590e-001
 6.2458187e-001
 6.2574768e-001
 6.2699538e-001
 6.2838370e-001
 6.2993366e-001
 6.3161397e-001
 6.3335842e-001
 6.3510674e-001
 6.3683379e-001
 6.3854104e-001
 6.4022672e-001
 6.4186621e-001
 6.4343059e-001
 6.4493179e-001
 6.4644885e-001
 6.4808857e-001
 6.4989334e-001
 6.5178311e-001
 6.5360308e-001
 6.5524930e-001
 6.5675443e-001
 6.5824938e-001
 6.5983897e-001
 6.6151160e-001
 6.6316170e-001
 6.6468042e-001
 6.6603166e-001
 6.6728520e-001
 6.6861975e-001
 6.7024487e-001
 6.7210990e-001
 6.7376602e-001
 6.7504483e-001
 6.7637414e-001
 6.7813504e-001
 6.8008268e-001
 6.8182850e-001
 6.8342221e-001
 6.8502909e-001
 6.8650270e-001
 6.8770653e-001
 6.8889695e-001
 6.9041562e-001
 6.9224739e-001
 6.9410592e-001
 6.9577533e-001
 6.9726962e-001
 6.9872564e-001
 7.0013624e-001
 7.0130676e-001
 7.0223594e-001
 7.0330614e-001
 7.0479459e-001
 7.0643473e-001
 7.0773578e-001
 7.0853049e-001
 7.0907998e-001
 7.0979345e-001
 7.1084350e-001
 7.1200889e-001
 7.1292782e-001
 7.1345079e-001
 7.1374494e-001
 7.1412814e-001
 7.1476310e-001
 7.1551764e-001
 7.1617186e-001
 7.1664095e-001
 7.1692091e-001
 7.1700573e-001
 7.1700531e-001
 7.1718252e-001
 7.1766198e-001
 7.1823376e-001
 7.1865338e-001
 7.1885526e-001
 7.1895969e-001
 7.1900874e-001
 7.1880847e-001
 7.1826774e-001
 7.1755064e-001
 7.1687371e-001
 7.1640784e-001
 7.1628332e-001
 7.1655762e-001
 7.1709764e-001
 7.1758789e-001
 7.1772504e-001
 7.1741009e-001
 7.1674883e-001
 7.1591139e-001
 7.1505278e-001
 7.1429902e-001
 7.1371770e-001
 7.1324205e-001
 7.1268725e-001
 7.1191645e-001
 7.1103269e-001
 7.1036696e-001
 7.1018660e-001
 7.1034062e-001
 7.1032298e-001
 7.0970315e-001
 7.0842582e-001
 7.0685762e-001
 7.0559108e-001
 7.0504457e-001
 7.0472431e-001
 7.0435184e-001
 7.0359904e-001
 7.0253634e-001
 7.0139480e-001
 7.0040578e-001
 6.9976199e-001
 6.9940120e-001
 6.9915837e-001
 6.9886833e-001
 6.9838774e-001
 6.9771761e-001
 6.9691694e-001
 6.9604510e-001
 6.9516218e-001
 6.9433033e-001
 6.9361287e-001
 6.9307321e-001
 6.9275582e-001
 6.9257885e-001
 6.9237232e-001
 6.9204253e-001
 6.9143647e-001
 6.9055086e-001
 6.8950772e-001
 6.8843395e-001
 6.8745679e-001
 6.8669879e-001
 6.8617803e-001
 6.8580925e-001
 6.8550253e-001
 6.8516815e-001
 6.8471909e-001
 6.8413222e-001
 6.8344694e-001
 6.8270564e-001
 6.8195051e-001
 6.8122303e-001
 6.8054217e-001
 6.7990625e-001
 6.7931169e-001
 6.7875594e-001
 6.7823565e-001
 6.7774874e-001
 6.7729664e-001
 6.7688155e-001
 6.7650563e-001
 6.7617112e-001
 6.7588025e-001
 6.7563391e-001
 6.7542791e-001
 6.7525697e-001
 6.7511564e-001
 6.7499858e-001
 6.7490041e-001
 6.7481571e-001
 6.7473710e-001
 6.7464966e-001
 6.7453653e-001
 6.7438090e-001
 6.7416602e-001
 6.7387509e-001
 6.7349106e-001
 6.7299747e-001
 6.7238700e-001
 6.7168981e-001
 6.7094421e-001
 6.7018890e-001
 6.6946226e-001
 6.6880316e-001
 6.6824996e-001
 6.6784102e-001
 6.6760373e-001
 6.6752160e-001
 6.6756845e-001
 6.6771793e-001
 6.6794395e-001
 6.6821998e-001
 6.6851991e-001
 6.6881752e-001
 6.6909093e-001
 6.6933542e-001
 6.6954994e-001
 6.6973352e-001
 6.6988522e-001
 6.7000395e-001
 6.7008901e-001
 6.7013901e-001
 6.7015332e-001
 6.7013079e-001
 6.7007041e-001
 6.6997135e-001
 6.6983461e-001
 6.6966873e-001
 6.6948384e-001
 6.6929024e-001
 6.6909802e-001
 6.6891760e-001
 6.6875881e-001
 6.6863233e-001
 6.6854799e-001
 6.6851616e-001
 6.6854697e-001
 6.6865075e-001
 6.6883439e-001
 6.6909385e-001
 6.6942239e-001
 6.6981333e-001
 6.7026007e-001
 6.7075580e-001
 6.7129380e-001
 6.7186767e-001
 6.7247039e-001
 6.7309541e-001
 6.7373621e-001
 6.7438591e-001
 6.7503875e-001
 6.7568839e-001
 6.7632896e-001
 6.7695415e-001
 6.7755830e-001
 6.7813504e-001
 6.7867851e-001
 6.7918253e-001
 6.7964119e-001
 6.8005264e-001
 6.8043089e-001
 6.8079269e-001
 6.8115509e-001
 6.8153501e-001
 6.8194956e-001
 6.8241572e-001
 6.8295044e-001
 6.8357068e-001
 6.8429357e-001
 6.8512797e-001
 6.8605566e-001
 6.8705267e-001
 6.8809479e-001
 6.8915796e-001
 6.9021827e-001
 6.9125128e-001
 6.9223338e-001
 6.9314009e-001
 6.9394773e-001
 6.9464278e-001
 6.9524956e-001
 6.9579965e-001
 6.9632500e-001
 6.9685721e-001
 6.9742823e-001
 6.9806975e-001
 6.9881368e-001
 6.9969165e-001
 7.0072144e-001
 7.0187455e-001
 7.0311213e-001
 7.0439613e-001
 7.0568758e-001
 7.0694858e-001
 7.0814019e-001
 7.0922422e-001
 7.1017772e-001
 7.1102917e-001
 7.1181780e-001
 7.1258265e-001
 7.1336263e-001
 7.1419722e-001
 7.1512520e-001
 7.1618569e-001
 7.1740282e-001
 7.1875000e-001
 7.2019148e-001
 7.2169054e-001
 7.2321135e-001
 7.2471732e-001
 7.2617257e-001
 7.2754049e-001
 7.2879642e-001
 7.2995090e-001
 7.3102278e-001
 7.3195446e-001
 7.3291063e-001
 7.3384875e-001
 7.3478043e-001
 7.3572016e-001
 7.3668152e-001
 7.3767787e-001
 7.3872268e-001
 7.3982853e-001
 7.4100405e-001
 7.4224728e-001
 7.4354231e-001
 7.4486315e-001
 7.4618012e-001
 7.4746466e-001
 7.4869347e-001
 7.4985451e-001
 7.5094789e-001
 7.5198323e-001
 7.5297451e-001
 7.5393671e-001
 7.5488377e-001
 7.5582671e-001
 7.5677329e-001
 7.5772870e-001
 7.5869691e-001
 7.5968212e-001
 7.6068991e-001
 7.6172858e-001
 7.6280910e-001
 7.6394469e-001
 7.6514870e-001
 7.6643139e-001
 7.6779538e-001
 7.6923132e-001
 7.7071708e-001
 7.7222002e-001
 7.7370220e-001
 7.7512616e-001
 7.7646124e-001
 7.7704012e-001
 7.7814531e-001
 7.7918762e-001
 7.8017038e-001
 7.8110158e-001
 7.8199232e-001
 7.8285557e-001
 7.8370523e-001
 7.8455389e-001
 7.8541148e-001
 7.8628343e-001
 7.8716975e-001
 7.8806549e-001
 7.8896147e-001
 7.8984761e-001
 7.9071534e-001
 7.9155922e-001
 7.9237849e-001
 7.9317576e-001
 7.9395574e-001
 7.9472363e-001
 7.9548287e-001
 7.9623532e-001
 7.9698074e-001
 7.9771864e-001
 7.9845017e-001
 7.9918003e-001
 7.9991871e-001
 8.0068272e-001
 8.0149275e-001
 8.0236906e-001
 8.0332482e-001
 8.0436164e-001
 8.0546528e-001
 8.0660552e-001
 8.0774021e-001
 8.0882049e-001
 8.0980051e-001
 8.1064475e-001
 8.1133455e-001
 8.1187093e-001
 8.1227255e-001
 8.1257117e-001
 8.1280518e-001
 8.1301302e-001
 8.1322843e-001
 8.1347728e-001
 8.1377751e-001
 8.1413984e-001
 8.1456953e-001
 8.1506753e-001
 8.1563103e-001
 8.1625319e-001
 8.1692326e-001
 8.1762630e-001
 8.1834465e-001
 8.1905991e-001
 8.1975549e-001
 8.2041997e-001
 8.2104802e-001
 8.2164168e-001
 8.2220858e-001
 8.2275987e-001
 8.2330739e-001
 8.2386082e-001
 8.2442564e-001
 8.2500321e-001
 8.2559085e-001
 8.2618409e-001
 8.2677853e-001
 8.2737130e-001
 8.2796282e-001
 8.2855612e-001
 8.2915652e-001
 8.2976943e-001
 8.3039856e-001
 8.3104455e-001
 8.3170313e-001
 8.3236581e-001
 8.3302045e-001
 8.3365333e-001
 8.3425170e-001
 8.3480585e-001
 8.3531135e-001
 8.3576912e-001
 8.3618528e-001
 8.3656996e-001
 8.3693445e-001
 8.3728999e-001
 8.3764589e-001
 8.3800948e-001
 8.3838642e-001
 8.3878160e-001
 8.3920044e-001
 8.3964956e-001
 8.4013605e-001
 8.4066689e-001
 8.4124672e-001
 8.4187621e-001
 8.4255135e-001
 8.4326231e-001
 8.4399533e-001
 8.4473401e-001
 8.4546191e-001
 8.4616536e-001
 8.4683484e-001
 8.4746683e-001
 8.4806323e-001
 8.4863085e-001
 8.4918028e-001
 8.4972340e-001
 8.5027242e-001
 8.5083783e-001
 8.5142761e-001
 8.5204673e-001
 8.5269636e-001
 8.5337466e-001
 8.5407704e-001
 8.5479635e-001
 8.5552424e-001
 8.5625136e-001
 8.5696846e-001
 8.5766709e-001
 8.5833997e-001
 8.5898185e-001
 8.5958940e-001
 8.6016154e-001
 8.6069989e-001
 8.6120772e-001
 8.6169028e-001
 8.6215389e-001
 8.6260581e-001
 8.6305344e-001
 8.6350387e-001
 8.6396366e-001
 8.6443818e-001
 8.6493158e-001
 8.6544681e-001
 8.6598504e-001
 8.6654592e-001
 8.6712772e-001
 8.6772698e-001
 8.6833942e-001
 8.6895990e-001
 8.6958343e-001
 8.7020618e-001
 8.7082547e-001
 8.7144136e-001
 8.7205589e-001
 8.7267327e-001
 8.7329900e-001
 8.7393832e-001
 8.7459576e-001
 8.7527317e-001
 8.7596947e-001
 8.7668097e-001
 8.7740123e-001
 8.7812263e-001
 8.7883693e-001
 8.7953657e-001
 8.8021559e-001
 8.8086945e-001
 8.8149577e-001
 8.8209349e-001
 8.8266307e-001
 8.8320643e-001
 8.8372642e-001
 8.8422716e-001
 8.8471365e-001
 8.8519084e-001
 8.8566357e-001
 8.8613510e-001
 8.8660693e-001
 8.8707829e-001
 8.8754636e-001
 8.8800788e-001
 8.8845962e-001
 8.8890052e-001
 8.8933241e-001
 8.8976014e-001
 8.9019084e-001
 8.9063233e-001
 8.9109093e-001
 8.9156991e-001
 8.9206761e-001
 8.9257777e-001
 8.9308995e-001
 8.9359170e-001
 8.9407092e-001
 8.9451778e-001
 8.9492691e-001
 8.9529806e-001
 8.9563590e-001
 8.9594913e-001
 8.9624876e-001
 8.9654630e-001
 8.9685202e-001
 8.9717335e-001
 8.9751428e-001
 8.9787483e-001
 8.9825147e-001
 8.9863831e-001
 8.9902753e-001
 8.9941138e-001
 8.9978325e-001
 9.0013862e-001
 9.0047628e-001
 9.0079790e-001
 9.0110844e-001
 9.0141457e-001
 9.0172356e-001
 9.0204203e-001
 9.0237421e-001
 9.0272069e-001
 9.0307862e-001
 9.0344125e-001
 9.0379936e-001
 9.0414274e-001
 9.0446192e-001
 9.0475005e-001
 9.0500402e-001
 9.0522534e-001
 9.0541977e-001
 9.0559644e-001
 9.0576625e-001
 9.0594006e-001
 9.0612662e-001
 9.0633106e-001
 9.0655416e-001
 9.0679252e-001
 9.0703928e-001
 9.0728587e-001
 9.0752345e-001
 9.0774477e-001
 9.0794522e-001
 9.0812290e-001
 9.0827864e-001
 9.0841472e-001
 9.0853429e-001
 9.0864056e-001
 9.0873635e-001
 9.0882456e-001
 9.0890861e-001
 9.0899301e-001
 9.0908343e-001
 9.0918648e-001
 9.0930891e-001
 9.0945596e-001
 9.0963030e-001
 9.0983063e-001
 9.1005129e-001
 9.1028255e-001
 9.1051179e-001
 9.1072547e-001
 9.1091096e-001
 9.1105878e-001
 9.1116422e-001
 9.1122812e-001
 9.1125661e-001
 9.1126025e-001
 9.1125214e-001
 9.1124547e-001
 9.1125149e-001
 9.1127747e-001
 9.1132563e-001
 9.1139299e-001
 9.1147208e-001
 9.1155279e-001
 9.1162395e-001
 9.1167557e-001
 9.1170079e-001
 9.1169649e-001
 9.1166425e-001
 9.1160971e-001
 9.1154182e-001
 9.1147172e-001
 9.1141117e-001
 9.1137099e-001
 9.1136003e-001
 9.1138387e-001
 9.1144460e-001
 9.1154009e-001
 9.1166478e-001
 9.1180992e-001
 9.1196477e-001
 9.1211790e-001
 9.1225839e-001
 9.1237718e-001
 9.1246784e-001
 9.1252744e-001
 9.1255653e-001
 9.1255867e-001
 9.1254014e-001
 9.1250896e-001
 9.1247380e-001
 9.1244352e-001
 9.1242611e-001
 9.1242844e-001
 9.1245544e-001
 9.1250980e-001
 9.1259170e-001
 9.1269839e-001
 9.1282445e-001
 9.1296202e-001
 9.1310120e-001
 9.1323149e-001
 9.1334301e-001
 9.1342771e-001
 9.1348082e-001
 9.1350174e-001
 9.1349417e-001
 9.1346562e-001
 9.1342652e-001
 9.1338855e-001
 9.1336274e-001
 9.1335768e-001
 9.1337818e-001
 9.1342437e-001
 9.1349173e-001
 9.1357177e-001
 9.1365367e-001
 9.1372597e-001
 9.1377860e-001
 9.1380459e-001
 9.1380107e-001
 9.1376966e-001
 9.1371608e-001
 9.1364908e-001
 9.1357923e-001
 9.1351789e-001
 9.1347587e-001
 9.1346246e-001
 9.1348541e-001
 9.1354966e-001
 9.1365737e-001
 9.1380709e-001
 9.1399336e-001
 9.1420656e-001
 9.1443354e-001
 9.1465837e-001
 9.1486424e-001
 9.1503596e-001
 9.1516173e-001
 9.1523504e-001
 9.1525549e-001
 9.1522831e-001
 9.1516292e-001
 9.1507059e-001
 9.1496217e-001
 9.1484588e-001
 9.1472632e-001
 9.1460425e-001
 9.1447759e-001
 9.1434294e-001
 9.1419750e-001
 9.1404074e-001
 9.1387510e-001
 9.1370666e-001
 9.1354406e-001
 9.1339725e-001
 9.1327596e-001
 9.1318768e-001
 9.1313654e-001
 9.1312218e-001
 9.1313994e-001
 9.1318142e-001
 9.1323566e-001
 9.1329080e-001
 9.1333568e-001
 9.1336095e-001
 9.1336006e-001
 9.1332966e-001
 9.1326910e-001
 9.1318041e-001
 9.1306746e-001
 9.1293561e-001
 9.1279131e-001
 9.1264153e-001
 9.1249371e-001
 9.1235507e-001
 9.1223192e-001
 9.1212928e-001
 9.1204983e-001
 9.1199350e-001
 9.1195744e-001
 9.1193628e-001
 9.1192281e-001
 9.1190928e-001
 9.1188848e-001
 9.1185504e-001
 9.1180605e-001
 9.1174179e-001
 9.1166562e-001
 9.1158342e-001
 9.1150326e-001
 9.1143435e-001
 9.1138589e-001
 9.1136616e-001
 9.1138148e-001
 9.1143471e-001
 9.1152501e-001
 9.1164684e-001
 9.1179031e-001
 9.1194183e-001
 9.1208595e-001
 9.1220713e-001
 9.1229230e-001
 9.1233295e-001
 9.1232651e-001
 9.1227645e-001
 9.1219175e-001
 9.1208482e-001
 9.1196936e-001
 9.1185796e-001
 9.1176051e-001
 9.1168356e-001
 9.1163039e-001
 9.1160208e-001
 9.1159827e-001
 9.1161805e-001
 9.1166002e-001
 9.1172189e-001
 9.1179961e-001
 9.1188711e-001
 9.1197604e-001
 9.1205704e-001
 9.1212130e-001
 9.1216260e-001
 9.1217965e-001
 9.1217661e-001
 9.1216344e-001
 9.1215438e-001
 9.1216552e-001
 9.1221184e-001
 9.1230440e-001
 9.1244817e-001
 9.1264123e-001
 9.1287482e-001
 9.1313493e-001
 9.1340387e-001
 9.1366285e-001
 9.1389424e-001
 9.1408306e-001
 9.1421860e-001
 9.1429502e-001
 9.1431123e-001
 9.1427088e-001
 9.1418177e-001
 9.1405481e-001
 9.1390336e-001
 9.1374201e-001
 9.1358548e-001
 9.1344780e-001
 9.1334087e-001
 9.1327399e-001
 9.1325253e-001
 9.1327792e-001
 9.1334724e-001
 9.1345376e-001
 9.1358775e-001
 9.1373795e-001
 9.1389304e-001
 9.1404307e-001
 9.1418082e-001
 9.1430259e-001
 9.1440803e-001
 9.1450018e-001
 9.1458398e-001
 9.1466528e-001
 9.1474998e-001
 9.1484261e-001
 9.1494590e-001
 9.1506076e-001
 9.1518587e-001
 9.1531837e-001
 9.1545379e-001
 9.1558653e-001
 9.1571051e-001
 9.1581947e-001
 9.1590792e-001
 9.1597205e-001
 9.1601026e-001
 9.1602409e-001
 9.1601831e-001
 9.1600060e-001
 9.1598070e-001
 9.1596860e-001
 9.1597289e-001
 9.1599888e-001
 9.1604710e-001
 9.1611290e-001
 9.1618639e-001
 9.1625404e-001
 9.1630083e-001
 9.1631281e-001
 9.1627991e-001
 9.1619807e-001
 9.1607064e-001
 9.1590768e-001
 9.1572499e-001
 9.1554064e-001
 9.1537231e-001
 9.1523367e-001
 9.1513264e-001
 9.1507053e-001
 9.1504318e-001
 9.1504341e-001
 9.1506368e-001
 9.1509873e-001
 9.1514695e-001
 9.1521001e-001
 9.1529131e-001
 9.1539371e-001
 9.1551715e-001
 9.1565740e-001
 9.1580641e-001
 9.1595381e-001
 9.1608930e-001
 9.1620547e-001
 9.1629952e-001
 9.1637295e-001
 9.1643000e-001
 9.1647524e-001
 9.1651148e-001
 9.1653866e-001
 9.1655314e-001
 9.1654855e-001
 9.1651750e-001
 9.1645467e-001
 9.1636032e-001
 9.1624260e-001
 9.1611797e-001
 9.1600907e-001
 9.1593987e-001
 9.1592997e-001
 9.1598952e-001
 9.1611755e-001
 9.1630304e-001
 9.1652805e-001
 9.1677201e-001
 9.1701519e-001
 9.1724139e-001
 9.1743964e-001
 9.1760516e-001
 9.1773856e-001
 9.1784477e-001
 9.1793120e-001
 9.1800588e-001
 9.1807544e-001
 9.1814405e-001
 9.1821247e-001
 9.1827816e-001
 9.1833550e-001
 9.1837710e-001
 9.1839498e-001
 9.1838217e-001
 9.1833377e-001
 9.1824764e-001
 9.1812503e-001
 9.1797042e-001
 9.1779155e-001
 9.1759884e-001
 9.1740459e-001
 9.1722107e-001
 9.1705966e-001
 9.1692901e-001
 9.1683435e-001
 9.1677755e-001
 9.1675711e-001
 9.1676927e-001
 9.1680914e-001
 9.1687161e-001
 9.1695219e-001
 9.1704732e-001
 9.1715413e-001
 9.1727012e-001
 9.1739261e-001
 9.1751850e-001
 9.1764402e-001
 9.1776484e-001
 9.1787618e-001
 9.1797322e-001
 9.1805190e-001
 9.1810918e-001
 9.1814357e-001
 9.1815555e-001
 9.1814715e-001
 9.1812199e-001
 9.1808432e-001
 9.1803873e-001
 9.1798919e-001
 9.1793877e-001
 9.1788912e-001
 9.1784054e-001
 9.1779226e-001
 9.1774303e-001
 9.1769153e-001
 9.1763705e-001
 9.1758019e-001
 9.1752285e-001
 9.1746849e-001
 9.1742182e-001
 9.1738808e-001
 9.1737288e-001
 9.1738093e-001
 9.1741592e-001
 9.1747957e-001
 9.1757178e-001
 9.1769016e-001
 9.1783017e-001
 9.1798538e-001
 9.1814786e-001
 9.1830844e-001
 9.1845727e-001
 9.1858476e-001
 9.1868204e-001
 9.1874212e-001
 9.1876024e-001
 9.1873497e-001
 9.1866839e-001
 9.1856623e-001
 9.1843718e-001
 9.1829240e-001
 9.1814393e-001
 9.1800368e-001
 9.1788191e-001
 9.1778624e-001
 9.1772103e-001
 9.1768759e-001
 9.1768444e-001
 9.1770834e-001
 9.1775560e-001
 9.1782320e-001
 9.1790938e-001
 9.1801417e-001
 9.1813904e-001
 9.1828591e-001
 9.1845578e-001
 9.1864717e-001
 9.1885483e-001
 9.1906857e-001
 9.1927373e-001
 9.1945195e-001
 9.1958350e-001
 9.1964978e-001
 9.1963702e-001
 9.1953886e-001
 9.1935843e-001
 9.1910934e-001
 9.1881502e-001
 9.1850621e-001
 9.1821772e-001
 9.1798359e-001
 9.1783291e-001
 9.1778558e-001
 9.1784954e-001
 9.1802049e-001
 9.1828328e-001
 9.1861451e-001
 9.1898561e-001
 9.1936606e-001
 9.1972613e-001
 9.2003912e-001
 9.2028224e-001
 9.2043859e-001
 9.2049760e-001
 9.2045563e-001
 9.2031556e-001
 9.2008680e-001
 9.1978425e-001
 9.1942751e-001
 9.1903937e-001
 9.1864449e-001
 9.1826707e-001
 9.1792911e-001
 9.1764838e-001
 9.1743666e-001
 9.1729885e-001
 9.1723371e-001
 9.1723478e-001
 9.1729230e-001
 9.1739494e-001
 9.1753185e-001
 9.1769379e-001
 9.1787416e-001
 9.1806942e-001
 9.1827863e-001
 9.1850305e-001
 9.1874522e-001
 9.1900772e-001
 9.1929168e-001
 9.1959631e-001
 9.1991752e-001
 9.2024815e-001
 9.2057788e-001
 9.2089421e-001
 9.2118347e-001
 9.2143178e-001
 9.2162699e-001
 9.2175913e-001
 9.2182153e-001
 9.2181134e-001
 9.2172968e-001
 9.2158115e-001
 9.2137390e-001
 9.2111892e-001
 9.2082942e-001
 9.2052078e-001
 9.2020959e-001
 9.1991329e-001
 9.1964942e-001
 9.1943443e-001
 9.1928250e-001
 9.1920435e-001
 9.1920549e-001
 9.1928560e-001
 9.1943741e-001
 9.1964722e-001
 9.1989583e-001
 9.2016017e-001
 9.2041612e-001
 9.2064101e-001
 9.2081684e-001
 9.2093247e-001
 9.2098528e-001
 9.2098153e-001
 9.2093563e-001
 9.2086786e-001
 9.2080182e-001
 9.2076075e-001
 9.2076427e-001
 9.2082548e-001
 9.2094886e-001
 9.2112964e-001
 9.2135459e-001
 9.2160338e-001
 9.2185175e-001
 9.2207450e-001
 9.2224872e-001
 9.2235684e-001
 9.2238814e-001
 9.2234004e-001
 9.2221767e-001
 9.2203265e-001
 9.2180127e-001
 9.2154199e-001
 9.2127335e-001
 9.2101151e-001
 9.2076916e-001
 9.2055446e-001
 9.2037112e-001
 9.2021877e-001
 9.2009383e-001
 9.1999066e-001
 9.1990268e-001
 9.1982359e-001
 9.1974771e-001
 9.1967082e-001
 9.1959047e-001
 9.1950577e-001
 9.1941768e-001
 9.1932875e-001
 9.1924304e-001
 9.1916609e-001
 9.1910452e-001
 9.1906583e-001
 9.1905791e-001
 9.1908830e-001
 9.1916329e-001
 9.1928697e-001
 9.1946036e-001
 9.1968054e-001
 9.1994023e-001
 9.2022800e-001
 9.2052847e-001
 9.2082369e-001
 9.2109466e-001
 9.2132354e-001
 9.2149550e-001
 9.2160058e-001
 9.2163539e-001
 9.2160314e-001
 9.2151260e-001
 9.2137682e-001
 9.2121142e-001
 9.2103249e-001
 9.2085522e-001
 9.2069292e-001
 9.2055595e-001
 9.2045182e-001
 9.2038435e-001
 9.2035383e-001
 9.2035699e-001
 9.2038757e-001
 9.2043722e-001
 9.2049640e-001
 9.2055511e-001
 9.2060375e-001
 9.2063361e-001
 9.2063707e-001
 9.2065740e-001
 9.2059404e-001
 9.2048603e-001
 9.2032987e-001
 9.2012447e-001
 9.1987222e-001
 9.1958010e-001
 9.1925907e-001
 9.1892248e-001
 9.1858548e-001
 9.1826320e-001
 9.1797060e-001
 9.1772133e-001
 9.1752642e-001
 9.1739351e-001
 9.1732538e-001
 9.1732013e-001
 9.1737145e-001
 9.1746956e-001
 9.1760290e-001
 9.1775852e-001
 9.1792357e-001
 9.1808522e-001
 9.1823184e-001
 9.1835320e-001
 9.1844165e-001
 9.1849220e-001
 9.1850221e-001
 9.1847080e-001
 9.1839832e-001
 9.1828561e-001
 9.1813391e-001
 9.1794527e-001
 9.1772276e-001
 9.1747165e-001
 9.1719985e-001
 9.1691816e-001
 9.1664022e-001
 9.1638166e-001
 9.1615903e-001
 9.1598964e-001
 9.1588998e-001
 9.1587532e-001
 9.1595733e-001
 9.1614228e-001
 9.1642874e-001
 9.1680700e-001
 9.1725969e-001
 9.1776383e-001
 9.1829324e-001
 9.1882008e-001
 9.1931689e-001
 9.1975737e-001
 9.2011845e-001
 9.2038298e-001
 9.2054105e-001
 9.2059141e-001
 9.2054009e-001
 9.2039895e-001
 9.2018306e-001
 9.1990912e-001
 9.1959399e-001
 9.1925406e-001
 9.1890401e-001
 9.1855550e-001
 9.1821653e-001
 9.1789067e-001
 9.1757756e-001
 9.1727400e-001
 9.1697496e-001
 9.1667479e-001
 9.1636765e-001
 9.1604769e-001
 9.1571003e-001
 9.1535091e-001
 9.1496825e-001
 9.1456193e-001
 9.1413319e-001
 9.1368490e-001
 9.1322035e-001
 9.1274339e-001
 9.1225809e-001
 9.1176862e-001
 9.1127980e-001
 9.1079676e-001
 9.1032571e-001
 9.0987396e-001
 9.0944934e-001
 9.0906060e-001
 9.0871668e-001
 9.0842664e-001
 9.0819925e-001
 9.0804225e-001
 9.0796161e-001
 9.0795970e-001
 9.0803474e-001
 9.0817988e-001
 9.0838391e-001
 9.0863222e-001
 9.0890837e-001
 9.0919501e-001
 9.0947485e-001
 9.0973145e-001
 9.0995014e-001
 9.1011959e-001
 9.1023284e-001
 9.1028792e-001
 9.1028696e-001
 9.1023564e-001
 9.1014147e-001
 9.1001272e-001
 9.0985823e-001
 9.0968645e-001
 9.0950543e-001
 9.0932238e-001
 9.0914321e-001
 9.0897244e-001
 9.0881348e-001
 9.0866876e-001
 9.0854025e-001
 9.0842950e-001
 9.0833807e-001
 9.0826750e-001
 9.0821892e-001
 9.0819371e-001
 9.0819275e-001
 9.0821677e-001
 9.0826631e-001
 9.0834177e-001
 9.0844339e-001
 9.0857142e-001
 9.0872580e-001
 9.0890604e-001
 9.0911090e-001
 9.0933758e-001
 9.0958154e-001
 9.0983599e-001
 9.1009218e-001
 9.1034001e-001
 9.1056854e-001
 9.1076654e-001
 9.1092330e-001
 9.1102910e-001
 9.1107672e-001
 9.1106337e-001
 9.1099173e-001
 9.1087097e-001
 9.1071600e-001
 9.1054571e-001
 9.1038173e-001
 9.1024655e-001
 9.1016233e-001
 9.1014946e-001
 9.1022444e-001
 9.1039699e-001
 9.1066784e-001
 9.1102785e-001
 9.1145849e-001
 9.1193503e-001
 9.1242856e-001
 9.1290838e-001
 9.1334438e-001
 9.1370833e-001
 9.1397685e-001
 9.1413492e-001
 9.1417873e-001
 9.1411656e-001
 9.1396803e-001
 9.1376102e-001
 9.1352808e-001
 9.1330403e-001
 9.1312355e-001
 9.1301912e-001
 9.1301817e-001
 9.1313940e-001
 9.1338992e-001
 9.1376400e-001
 9.1424412e-001
 9.1480404e-001
 9.1541278e-001
 9.1603667e-001
 9.1664207e-001
 9.1719693e-001
 9.1767299e-001
 9.1804880e-001
 9.1831195e-001
 9.1846013e-001
 9.1849983e-001
 9.1844451e-001
 9.1831148e-001
 9.1811997e-001
 9.1788971e-001
 9.1763991e-001
 9.1738862e-001
 9.1715127e-001
 9.1694021e-001
 9.1676414e-001
 9.1662842e-001
 9.1653627e-001
 9.1648918e-001
 9.1648805e-001
 9.1653329e-001
 9.1662484e-001
 9.1676188e-001
 9.1694242e-001
 9.1716242e-001
 9.1741633e-001
 9.1769671e-001
 9.1799486e-001
 9.1830134e-001
 9.1860646e-001
 9.1890061e-001
 9.1917455e-001
 9.1942042e-001
 9.1963226e-001
 9.1980660e-001
 9.1994315e-001
 9.2004406e-001
 9.2011356e-001
 9.2015702e-001
 9.2018032e-001
 9.2018968e-001
 9.2019147e-001
 9.2019206e-001
 9.2019808e-001
 9.2021644e-001
 9.2025423e-001
 9.2031872e-001
 9.2041743e-001
 9.2055792e-001
 9.2074764e-001
 9.2099345e-001
 9.2130083e-001
 9.2167270e-001
 9.2210734e-001
 9.2259675e-001
 9.2312616e-001
 9.2367488e-001
 9.2421716e-001
 9.2472500e-001
 9.2516929e-001
 9.2552143e-001
 9.2575496e-001
 9.2584878e-001
 9.2579031e-001
 9.2557859e-001
 9.2522550e-001
 9.2475450e-001
 9.2419791e-001
 9.2359275e-001
 9.2297828e-001
 9.2239428e-001
 9.2187804e-001
 9.2146200e-001
 9.2117065e-001
 9.2101759e-001
 9.2100394e-001
 9.2111993e-001
 9.2134768e-001
 9.2166430e-001
 9.2204487e-001
 9.2246366e-001
 9.2289573e-001
 9.2331797e-001
 9.2371058e-001
 9.2405802e-001
 9.2434984e-001
 9.2457998e-001
 9.2474550e-001
 9.2484558e-001
 9.2488045e-001
 9.2485082e-001
 9.2475820e-001
 9.2460513e-001
 9.2439592e-001
 9.2413747e-001
 9.2383927e-001
 9.2351323e-001
 9.2317313e-001
 9.2283380e-001
 9.2251033e-001
 9.2221791e-001
 9.2197043e-001
 9.2177999e-001
 9.2165536e-001
 9.2160046e-001
 9.2161423e-001
 9.2169112e-001
 9.2182201e-001
 9.2199588e-001
 9.2220062e-001
 9.2242408e-001
 9.2265445e-001
 9.2288101e-001
 9.2309457e-001
 9.2328864e-001
 9.2345911e-001
 9.2360461e-001
 9.2372507e-001
 9.2382181e-001
 9.2389673e-001
 9.2395186e-001
 9.2398959e-001
 9.2401284e-001
 9.2402536e-001
 9.2403191e-001
 9.2403841e-001
 9.2405194e-001
 9.2408037e-001
 9.2413193e-001
 9.2421502e-001
 9.2433774e-001
 9.2450720e-001
 9.2472875e-001
 9.2500418e-001
 9.2533123e-001
 9.2570263e-001
 9.2610645e-001
 9.2652798e-001
 9.2695034e-001
 9.2735595e-001
 9.2772722e-001
 9.2804796e-001
 9.2830467e-001
 9.2848825e-001
 9.2859590e-001
 9.2863148e-001
 9.2860508e-001
 9.2853135e-001
 9.2842752e-001
 9.2831206e-001
 9.2820334e-001
 9.2811877e-001
 9.2807287e-001
 9.2807567e-001
 9.2813110e-001
 9.2823631e-001
 9.2838216e-001
 9.2855501e-001
 9.2873871e-001
 9.2891562e-001
 9.2906827e-001
 9.2918020e-001
 9.2923748e-001
 9.2923021e-001
 9.2915434e-001
 9.2901188e-001
 9.2881078e-001
 9.2856294e-001
 9.2828274e-001
 9.2798591e-001
 9.2768794e-001
 9.2740369e-001
 9.2714602e-001
 9.2692417e-001
 9.2674297e-001
 9.2660177e-001
 9.2649573e-001
 9.2641616e-001
 9.2635256e-001
 9.2629349e-001
 9.2622721e-001
 9.2614239e-001
 9.2602885e-001
 9.2587829e-001
 9.2568475e-001
 9.2544508e-001
 9.2515880e-001
 9.2482698e-001
 9.2445183e-001
 9.2403650e-001
 9.2358387e-001
 9.2309701e-001
 9.2257947e-001
 9.2203426e-001
 9.2146474e-001
 9.2087448e-001
 9.2026681e-001
 9.1964531e-001
 9.1901338e-001
 9.1837502e-001
 9.1773367e-001
 9.1709340e-001
 9.1645902e-001
 9.1583616e-001
 9.1523159e-001
 9.1465414e-001
 9.1411358e-001
 9.1362071e-001
 9.1318691e-001
 9.1282392e-001
 9.1254270e-001
 9.1235310e-001
 9.1226226e-001
 9.1227263e-001
 9.1238070e-001
 9.1257584e-001
 9.1284144e-001
 9.1315639e-001
 9.1349685e-001
 9.1383767e-001
 9.1415399e-001
 9.1442239e-001
 9.1462225e-001
 9.1473871e-001
 9.1476375e-001
 9.1469753e-001
 9.1454732e-001
 9.1432565e-001
 9.1404837e-001
 9.1373265e-001
 9.1339624e-001
 9.1305614e-001
 9.1272849e-001
 9.1242719e-001
 9.1216314e-001
 9.1194427e-001
 9.1177541e-001
 9.1165948e-001
 9.1159797e-001
 9.1159171e-001
 9.1164082e-001
 9.1174483e-001
 9.1190159e-001
 9.1210639e-001
 9.1235125e-001
 9.1262412e-001
 9.1290975e-001
 9.1319036e-001
 9.1344655e-001
 9.1365862e-001
 9.1380721e-001
 9.1387475e-001
 9.1384751e-001
 9.1371834e-001
 9.1348839e-001
 9.1316891e-001
 9.1277951e-001
 9.1234618e-001
 9.1189891e-001
 9.1146922e-001
 9.1108817e-001
 9.1078538e-001
 9.1058534e-001
 9.1050512e-001
 9.1055125e-001
 9.1071874e-001
 9.1099215e-001
 9.1134834e-001
 9.1175944e-001
 9.1219580e-001
 9.1262746e-001
 9.1302592e-001
 9.1336662e-001
 9.1363108e-001
 9.1380936e-001
 9.1390103e-001
 9.1391414e-001
 9.1386294e-001
 9.1376549e-001
 9.1364163e-001
 9.1351146e-001
 9.1339433e-001
 9.1330779e-001
 9.1326588e-001
 9.1327816e-001
 9.1334933e-001
 9.1347939e-001
 9.1366506e-001
 9.1390103e-001
 9.1418105e-001
 9.1449827e-001
 9.1484535e-001
 9.1521442e-001
 9.1559666e-001
 9.1598153e-001
 9.1635734e-001
 9.1671091e-001
 9.1702783e-001
 9.1729343e-001
 9.1749281e-001
 9.1761166e-001
 9.1763735e-001
 9.1756052e-001
 9.1737771e-001
 9.1709304e-001
 9.1671920e-001
 9.1627640e-001
 9.1579098e-001
 9.1529214e-001
 9.1481078e-001
 9.1437733e-001
 9.1402054e-001
 9.1376442e-001
 9.1362548e-001
 9.1361010e-001
 9.1371328e-001
 9.1391993e-001
 9.1420710e-001
 9.1454774e-001
 9.1491270e-001
 9.1527253e-001
 9.1559982e-001
 9.1587096e-001
 9.1606909e-001
 9.1618633e-001
 9.1622519e-001
 9.1619700e-001
 9.1612005e-001
 9.1601652e-001
 9.1591036e-001
 9.1582584e-001
 9.1578591e-001
 9.1581047e-001
 9.1591454e-001
 9.1610622e-001
 9.1638595e-001
 9.1674745e-001
 9.1717929e-001
 9.1766703e-001
 9.1819489e-001
 9.1874647e-001
 9.1930562e-001
 9.1985708e-001
 9.2038697e-001
 9.2088288e-001
 9.2133468e-001
 9.2173421e-001
 9.2207426e-001
 9.2234880e-001
 9.2255217e-001
 9.2267913e-001
 9.2272544e-001
 9.2268848e-001
 9.2256850e-001
 9.2236936e-001
 9.2209935e-001
 9.2177022e-001
 9.2139679e-001
 9.2099535e-001
 9.2058277e-001
 9.2017621e-001
 9.1979194e-001
 9.1944438e-001
 9.1914564e-001
 9.1890377e-001
 9.1872263e-001
 9.1860253e-001
 9.1854089e-001
 9.1853350e-001
 9.1857523e-001
 9.1866058e-001
 9.1878372e-001
 9.1893888e-001
 9.1911966e-001
 9.1931933e-001
 9.1953069e-001
 9.1974610e-001
 9.1995776e-001
 9.2015773e-001
 9.2033821e-001
 9.2049158e-001
 9.2061090e-001
 9.2069060e-001
 9.2072660e-001
 9.2071760e-001
 9.2066479e-001
 9.2057192e-001
 9.2044479e-001
 9.2029035e-001
 9.2011613e-001
 9.1992986e-001
 9.1973919e-001
 9.1955143e-001
 9.1937387e-001
 9.1921854e-001
 9.1911620e-001
 9.1900533e-001
 9.1891617e-001
 9.1884738e-001
 9.1879773e-001
 9.1876560e-001
 9.1874987e-001
 9.1874892e-001
 9.1876155e-001
 9.1878635e-001
 9.1882181e-001
 9.1886574e-001
 9.1891551e-001
 9.1896850e-001
 9.1902196e-001
 9.1907322e-001
 9.1911966e-001
 9.1915858e-001
 9.1918737e-001
 9.1920346e-001
 9.1920394e-001
 9.1918635e-001
 9.1914791e-001
 9.1908610e-001
 9.1899848e-001
 9.1888589e-001
 9.1875064e-001
 9.1859508e-001
 9.1842169e-001
 9.1823304e-001
 9.1803104e-001
 9.1781855e-001
 9.1759777e-001
 9.1737121e-001
 9.1714120e-001
 9.1691011e-001
 9.1668046e-001
 9.1645455e-001
 9.1623479e-001
 9.1602361e-001
 9.1582328e-001
 9.1563642e-001
 9.1546512e-001
 9.1530943e-001
 9.1516823e-001
 9.1504079e-001
 9.1492575e-001
 9.1482234e-001
 9.1472936e-001
 9.1464603e-001
 9.1457105e-001
 9.1450351e-001
 9.1444254e-001
 9.1438687e-001
 9.1433561e-001
 9.1428781e-001
 9.1424227e-001
 9.1419816e-001
 9.1415423e-001
 9.1410965e-001
 9.1406339e-001
 9.1401434e-001
 9.1396153e-001
 9.1390395e-001
 9.1384059e-001
 9.1377139e-001
 9.1369653e-001
 9.1361630e-001
 9.1353089e-001
 9.1344064e-001
 9.1334563e-001
 9.1324627e-001
 9.1314274e-001
 9.1303521e-001
 9.1292399e-001
 9.1280943e-001
 9.1269159e-001
 9.1257077e-001
 9.1244721e-001
 9.1232121e-001
 9.1219306e-001
 9.1206288e-001
 9.1193092e-001
 9.1179740e-001
 9.1166270e-001
 9.1152704e-001
 9.1139048e-001
 9.1125339e-001
 9.1111612e-001
 9.1097879e-001
 9.1084158e-001
 9.1070449e-001
 9.1056776e-001
 9.1043097e-001
 9.1029429e-001
 9.1015762e-001
 9.1002065e-001
 9.0988374e-001
 9.0974659e-001
 9.0960908e-001
 9.0947121e-001
 9.0933311e-001
 9.0919441e-001
 9.0905523e-001
 9.0891546e-001
 9.0877503e-001
 9.0863407e-001
 9.0849221e-001
 9.0834945e-001
 9.0820599e-001
 9.0806156e-001
 9.0791601e-001
 9.0776950e-001
 9.0762186e-001
 9.0747303e-001
 9.0732288e-001
 9.0717155e-001
 9.0701884e-001
 9.0686458e-001
 9.0670902e-001
 9.0655184e-001
 9.0639299e-001
 9.0623260e-001
 9.0607041e-001
