s07_ASD Record=13733: Microcline+others HS107.3B    BECKa AREF
 4.3394265e-001
 4.3616262e-001
 4.3854070e-001
 4.4104117e-001
 4.4359556e-001
 4.4611716e-001
 4.4852740e-001
 4.5077640e-001
 4.5285276e-001
 4.5477912e-001
 4.5659781e-001
 4.5835465e-001
 4.6008882e-001
 4.6182778e-001
 4.6358487e-001
 4.6536157e-001
 4.6715489e-001
 4.6896526e-001
 4.7079769e-001
 4.7265843e-001
 4.7454947e-001
 4.7646555e-001
 4.7839823e-001
 4.8034286e-001
 4.8230606e-001
 4.8430753e-001
 4.8637426e-001
 4.8852339e-001
 4.9074599e-001
 4.9300712e-001
 4.9525693e-001
 4.9744847e-001
 4.9954784e-001
 5.0153577e-001
 5.0341636e-001
 5.0522125e-001
 5.0699365e-001
 5.0876856e-001
 5.1055944e-001
 5.1235265e-001
 5.1411432e-001
 5.1580596e-001
 5.1740158e-001
 5.1889998e-001
 5.2032548e-001
 5.2171999e-001
 5.2313024e-001
 5.2459741e-001
 5.2614897e-001
 5.2779293e-001
 5.2951473e-001
 5.3127807e-001
 5.3303224e-001
 5.3472340e-001
 5.3630692e-001
 5.3775501e-001
 5.3906703e-001
 5.4027557e-001
 5.4142952e-001
 5.4258627e-001
 5.4379225e-001
 5.4503030e-001
 5.4627788e-001
 5.4751486e-001
 5.4872078e-001
 5.4991013e-001
 5.5111849e-001
 5.5236650e-001
 5.5364966e-001
 5.5493724e-001
 5.5618978e-001
 5.5739045e-001
 5.5856526e-001
 5.5977732e-001
 5.6109655e-001
 5.6255960e-001
 5.6414032e-001
 5.6575185e-001
 5.6728220e-001
 5.6864500e-001
 5.6981790e-001
 5.7084805e-001
 5.7182533e-001
 5.7283843e-001
 5.7393920e-001
 5.7512784e-001
 5.7636285e-001
 5.7758659e-001
 5.7875168e-001
 5.7983661e-001
 5.8084565e-001
 5.8179736e-001
 5.8271050e-001
 5.8359826e-001
 5.8447349e-001
 5.8536160e-001
 5.8630913e-001
 5.8737284e-001
 5.8858597e-001
 5.8992296e-001
 5.9129387e-001
 5.9258115e-001
 5.9369439e-001
 5.9460771e-001
 5.9536284e-001
 5.9603745e-001
 5.9669477e-001
 5.9735644e-001
 5.9800744e-001
 5.9861863e-001
 5.9916997e-001
 5.9966379e-001
 6.0012323e-001
 6.0057503e-001
 6.0102779e-001
 6.0146618e-001
 6.0187620e-001
 6.0228515e-001
 6.0277271e-001
 6.0342652e-001
 6.0426599e-001
 6.0520190e-001
 6.0608006e-001
 6.0678613e-001
 6.0732538e-001
 6.0779899e-001
 6.0829681e-001
 6.0881400e-001
 6.0928589e-001
 6.0970926e-001
 6.1021036e-001
 6.1096084e-001
 6.1200988e-001
 6.1321235e-001
 6.1433625e-001
 6.1523539e-001
 6.1591244e-001
 6.1644876e-001
 6.1691946e-001
 6.1737472e-001
 6.1784559e-001
 6.1833137e-001
 6.1880237e-001
 6.1925238e-001
 6.1974460e-001
 6.2036771e-001
 6.2112743e-001
 6.2190700e-001
 6.2256283e-001
 6.2304980e-001
 6.2342513e-001
 6.2374234e-001
 6.2399060e-001
 6.2415510e-001
 6.2429988e-001
 6.2455302e-001
 6.2501240e-001
 6.2568820e-001
 6.2653899e-001
 6.2753963e-001
 6.2868273e-001
 6.2991232e-001
 6.3107449e-001
 6.3196081e-001
 6.3243240e-001
 6.3254094e-001
 6.3253736e-001
 6.3271236e-001
 6.3316399e-001
 6.3371688e-001
 6.3410461e-001
 6.3423193e-001
 6.3423675e-001
 6.3433492e-001
 6.3466340e-001
 6.3524383e-001
 6.3600743e-001
 6.3683707e-001
 6.3764602e-001
 6.3842452e-001
 6.3916945e-001
 6.3979566e-001
 6.4019877e-001
 6.4041436e-001
 6.4063531e-001
 6.4103472e-001
 6.4160585e-001
 6.4220250e-001
 6.4270741e-001
 6.4312720e-001
 6.4352220e-001
 6.4388156e-001
 6.4411020e-001
 6.4414829e-001
 6.4409399e-001
 6.4420450e-001
 6.4475101e-001
 6.4580053e-001
 6.4707643e-001
 6.4807183e-001
 6.4840806e-001
 6.4813614e-001
 6.4766741e-001
 6.4741570e-001
 6.4752793e-001
 6.4790314e-001
 6.4836335e-001
 6.4877129e-001
 6.4904791e-001
 6.4917094e-001
 6.4920419e-001
 6.4930284e-001
 6.4962763e-001
 6.5022373e-001
 6.5099388e-001
 6.5179312e-001
 6.5253657e-001
 6.5321565e-001
 6.5383559e-001
 6.5438402e-001
 6.5488416e-001
 6.5542662e-001
 6.5607786e-001
 6.5677881e-001
 6.5741789e-001
 6.5799689e-001
 6.5863574e-001
 6.5937519e-001
 6.6003209e-001
 6.6034800e-001
 6.6032016e-001
 6.6027504e-001
 6.6046816e-001
 6.6071540e-001
 6.6066134e-001
 6.6037041e-001
 6.6039568e-001
 6.6122699e-001
 6.6281861e-001
 6.6467488e-001
 6.6628468e-001
 6.6740340e-001
 6.6797185e-001
 6.6800791e-001
 6.6777772e-001
 6.6784954e-001
 6.6857767e-001
 6.6962475e-001
 6.7036867e-001
 6.7067617e-001
 6.7083484e-001
 6.7098385e-001
 6.7110795e-001
 6.7129391e-001
 6.7159784e-001
 6.7189097e-001
 6.7213106e-001
 6.7256218e-001
 6.7345703e-001
 6.7475075e-001
 6.7599446e-001
 6.7675972e-001
 6.7712742e-001
 6.7755008e-001
 6.7814159e-001
 6.7844224e-001
 6.7809916e-001
 6.7748868e-001
 6.7729956e-001
 6.7760748e-001
 6.7783624e-001
 6.7777264e-001
 6.7807305e-001
 6.7928714e-001
 6.8084902e-001
 6.8172818e-001
 6.8179578e-001
 6.8183833e-001
 6.8237889e-001
 6.8328947e-001
 6.8442732e-001
 6.8572956e-001
 6.8685669e-001
 6.8756860e-001
 6.8811697e-001
 6.8863231e-001
 6.8872267e-001
 6.8808758e-001
 6.8705493e-001
 6.8622565e-001
 6.8595141e-001
 6.8629664e-001
 6.8715990e-001
 6.8826467e-001
 6.8928510e-001
 6.9013232e-001
 6.9091904e-001
 6.9157308e-001
 6.9179010e-001
 6.9150245e-001
 6.9111222e-001
 6.9110560e-001
 6.9161081e-001
 6.9238412e-001
 6.9306326e-001
 6.9340426e-001
 6.9341713e-001
 6.9335771e-001
 6.9350308e-001
 6.9385964e-001
 6.9416523e-001
 6.9422376e-001
 6.9413167e-001
 6.9416010e-001
 6.9453931e-001
 6.9534528e-001
 6.9644135e-001
 6.9747555e-001
 6.9801092e-001
 6.9781572e-001
 6.9709837e-001
 6.9639045e-001
 6.9623190e-001
 6.9690597e-001
 6.9824183e-001
 6.9956869e-001
 7.0004475e-001
 6.9931734e-001
 6.9795799e-001
 6.9710755e-001
 6.9754201e-001
 6.9902939e-001
 7.0058650e-001
 7.0134228e-001
 7.0116842e-001
 7.0058447e-001
 7.0020533e-001
 7.0031816e-001
 7.0085067e-001
 7.0155817e-001
 7.0218414e-001
 7.0253915e-001
 7.0255649e-001
 7.0232522e-001
 7.0205677e-001
 7.0200217e-001
 7.0236343e-001
 7.0318198e-001
 7.0419085e-001
 7.0479387e-001
 7.0442647e-001
 7.0320612e-001
 7.0220363e-001
 7.0249790e-001
 7.0358598e-001
 7.0430768e-001
 7.0437735e-001
 7.0438325e-001
 7.0494670e-001
 7.0590758e-001
 7.0635104e-001
 7.0568258e-001
 7.0441622e-001
 7.0353222e-001
 7.0350933e-001
 7.0424396e-001
 7.0538324e-001
 7.0643032e-001
 7.0691800e-001
 7.0690382e-001
 7.0700496e-001
 7.0746171e-001
 7.0766526e-001
 7.0725638e-001
 7.0694673e-001
 7.0744056e-001
 7.0835638e-001
 7.0901787e-001
 7.0953298e-001
 7.1040213e-001
 7.1161175e-001
 7.1254629e-001
 7.1259868e-001
 7.1185017e-001
 7.1106201e-001
 7.1072268e-001
 7.1050048e-001
 7.1007949e-001
 7.0984268e-001
 7.1008718e-001
 7.1035939e-001
 7.1034330e-001
 7.1063179e-001
 7.1179610e-001
 7.1334386e-001
 7.1420366e-001
 7.1395946e-001
 7.1303242e-001
 7.1223414e-001
 7.1242732e-001
 7.1360755e-001
 7.1470362e-001
 7.1488160e-001
 7.1414256e-001
 7.1282119e-001
 7.1146566e-001
 7.1079761e-001
 7.1138769e-001
 7.1312249e-001
 7.1520245e-001
 7.1676958e-001
 7.1743828e-001
 7.1731025e-001
 7.1667778e-001
 7.1590805e-001
 7.1540445e-001
 7.1544421e-001
 7.1591580e-001
 7.1634817e-001
 7.1630734e-001
 7.1579444e-001
 7.1524876e-001
 7.1516126e-001
 7.1569705e-001
 7.1668935e-001
 7.1786690e-001
 7.1894568e-001
 7.1961766e-001
 7.1956915e-001
 7.1890336e-001
 7.1785909e-001
 7.1713310e-001
 7.1720380e-001
 7.1792555e-001
 7.1890181e-001
 7.1973556e-001
 7.2009128e-001
 7.2003883e-001
 7.1981126e-001
 7.1964210e-001
 7.1972746e-001
 7.2001469e-001
 7.2035098e-001
 7.2058332e-001
 7.2058058e-001
 7.2035831e-001
 7.1999109e-001
 7.1955389e-001
 7.1912259e-001
 7.1877885e-001
 7.1860075e-001
 7.1873552e-001
 7.1921998e-001
 7.2002476e-001
 7.2101152e-001
 7.2203737e-001
 7.2295922e-001
 7.2363871e-001
 7.2403830e-001
 7.2422093e-001
 7.2425371e-001
 7.2420382e-001
 7.2413647e-001
 7.2407037e-001
 7.2397852e-001
 7.2383219e-001
 7.2360224e-001
 7.2326231e-001
 7.2283262e-001
 7.2238034e-001
 7.2197419e-001
 7.2168320e-001
 7.2157621e-001
 7.2169799e-001
 7.2199970e-001
 7.2241020e-001
 7.2285765e-001
 7.2327077e-001
 7.2357833e-001
 7.2372544e-001
 7.2372264e-001
 7.2359604e-001
 7.2337139e-001
 7.2307503e-001
 7.2273266e-001
 7.2237051e-001
 7.2201091e-001
 7.2166330e-001
 7.2133332e-001
 7.2102737e-001
 7.2075105e-001
 7.2051054e-001
-1.2300000e+034
-1.2300000e+034
 7.2006392e-001
 7.2002667e-001
 7.2005516e-001
 7.2015530e-001
 7.2033340e-001
 7.2059512e-001
 7.2094661e-001
 7.2139394e-001
 7.2193611e-001
 7.2254688e-001
 7.2319376e-001
 7.2384459e-001
 7.2446686e-001
 7.2502851e-001
 7.2549695e-001
 7.2584003e-001
 7.2603470e-001
 7.2609270e-001
 7.2603345e-001
 7.2587663e-001
 7.2564197e-001
 7.2534877e-001
 7.2501683e-001
 7.2466564e-001
 7.2431487e-001
 7.2398406e-001
 7.2369272e-001
 7.2346061e-001
 7.2330225e-001
 7.2321349e-001
 7.2318655e-001
 7.2321314e-001
 7.2328532e-001
 7.2339511e-001
 7.2353417e-001
 7.2369474e-001
 7.2386861e-001
 7.2404766e-001
 7.2422397e-001
 7.2438931e-001
 7.2453773e-001
 7.2466999e-001
 7.2478831e-001
 7.2489524e-001
 7.2499317e-001
 7.2508430e-001
 7.2517109e-001
 7.2525591e-001
 7.2534114e-001
 7.2542912e-001
 7.2552222e-001
 7.2562158e-001
 7.2572476e-001
 7.2582787e-001
 7.2592747e-001
 7.2601992e-001
 7.2610158e-001
 7.2616881e-001
 7.2621828e-001
 7.2624624e-001
 7.2624916e-001
 7.2622532e-001
 7.2618073e-001
 7.2612262e-001
 7.2605848e-001
 7.2599554e-001
 7.2594118e-001
 7.2590280e-001
 7.2588778e-001
 7.2590339e-001
 7.2595710e-001
 7.2605258e-001
 7.2618139e-001
 7.2633243e-001
 7.2649461e-001
 7.2665668e-001
 7.2680777e-001
 7.2693658e-001
 7.2703212e-001
 7.2708333e-001
 7.2707909e-001
 7.2701234e-001
 7.2689104e-001
 7.2672570e-001
 7.2652686e-001
 7.2630537e-001
 7.2607189e-001
 7.2583699e-001
 7.2561139e-001
 7.2540563e-001
 7.2522968e-001
 7.2509068e-001
 7.2499532e-001
 7.2495008e-001
 7.2496158e-001
 7.2503662e-001
 7.2518170e-001
 7.2540343e-001
 7.2569817e-001
 7.2602862e-001
 7.2635055e-001
 7.2661978e-001
 7.2679186e-001
 7.2682279e-001
 7.2666812e-001
 7.2628379e-001
 7.2564787e-001
 7.2481221e-001
 7.2384334e-001
 7.2280818e-001
 7.2177297e-001
 7.2080475e-001
 7.1996987e-001
 7.1933514e-001
 7.1894556e-001
 7.1877640e-001
 7.1878910e-001
 7.1894568e-001
 7.1920586e-001
 7.1952051e-001
 7.1986157e-001
 7.2021532e-001
 7.2058189e-001
 7.2096974e-001
 7.2139108e-001
 7.2185826e-001
 7.2237897e-001
 7.2294921e-001
 7.2354889e-001
 7.2414684e-001
 7.2470760e-001
 7.2519797e-001
 7.2559410e-001
 7.2589064e-001
 7.2610289e-001
 7.2626203e-001
 7.2640574e-001
 7.2656941e-001
 7.2677541e-001
 7.2702175e-001
 7.2727895e-001
 7.2749573e-001
 7.2761226e-001
 7.2757393e-001
 7.2734886e-001
 7.2694308e-001
 7.2640556e-001
 7.2581875e-001
 7.2528130e-001
 7.2488791e-001
 7.2470981e-001
 7.2477853e-001
 7.2508150e-001
 7.2556978e-001
 7.2617412e-001
 7.2682077e-001
 7.2744513e-001
 7.2761708e-001
 7.2794747e-001
 7.2823662e-001
 7.2847176e-001
 7.2864562e-001
 7.2875541e-001
 7.2880274e-001
 7.2879314e-001
 7.2873569e-001
 7.2864324e-001
 7.2853196e-001
 7.2842062e-001
 7.2832972e-001
 7.2827888e-001
 7.2828472e-001
 7.2835851e-001
 7.2850406e-001
 7.2871679e-001
 7.2898370e-001
 7.2928429e-001
 7.2959298e-001
 7.2988200e-001
 7.3012441e-001
 7.3029703e-001
 7.3038220e-001
 7.3037016e-001
 7.3026121e-001
 7.3006696e-001
 7.2981018e-001
 7.2952271e-001
 7.2924095e-001
 7.2900051e-001
 7.2883177e-001
 7.2875613e-001
 7.2878420e-001
 7.2891545e-001
 7.2913957e-001
 7.2943902e-001
 7.2979206e-001
 7.3017621e-001
 7.3057085e-001
 7.3095852e-001
 7.3132563e-001
 7.3166263e-001
 7.3196304e-001
 7.3222327e-001
 7.3244196e-001
 7.3261970e-001
 7.3275882e-001
 7.3286283e-001
 7.3293561e-001
 7.3298073e-001
 7.3300040e-001
 7.3299509e-001
 7.3296356e-001
 7.3290324e-001
 7.3281193e-001
 7.3268884e-001
 7.3253608e-001
 7.3235923e-001
 7.3216742e-001
 7.3197210e-001
 7.3178577e-001
 7.3161972e-001
 7.3148292e-001
 7.3138040e-001
 7.3131329e-001
 7.3127884e-001
 7.3127145e-001
 7.3128361e-001
 7.3130709e-001
 7.3133355e-001
 7.3135549e-001
 7.3136610e-001
 7.3135996e-001
 7.3133326e-001
 7.3128366e-001
 7.3121142e-001
 7.3111886e-001
 7.3101109e-001
 7.3089540e-001
 7.3078084e-001
 7.3067743e-001
 7.3059475e-001
 7.3054087e-001
 7.3052120e-001
 7.3053771e-001
 7.3058844e-001
 7.3066801e-001
 7.3076820e-001
 7.3087925e-001
 7.3099130e-001
 7.3109591e-001
 7.3118711e-001
 7.3126227e-001
 7.3132199e-001
 7.3137003e-001
 7.3141199e-001
 7.3145467e-001
 7.3150480e-001
 7.3156834e-001
 7.3164988e-001
 7.3175228e-001
 7.3187673e-001
 7.3202258e-001
 7.3218721e-001
 7.3236644e-001
 7.3255420e-001
 7.3274297e-001
 7.3292446e-001
 7.3309010e-001
 7.3323226e-001
 7.3334485e-001
 7.3342431e-001
 7.3346972e-001
 7.3348290e-001
 7.3346782e-001
 7.3343015e-001
 7.3337638e-001
 7.3331374e-001
 7.3324972e-001
 7.3319221e-001
 7.3314917e-001
 7.3312825e-001
 7.3313582e-001
 7.3317564e-001
 7.3324770e-001
 7.3334718e-001
 7.3346424e-001
 7.3358554e-001
 7.3369616e-001
 7.3378301e-001
 7.3383749e-001
 7.3385805e-001
 7.3385060e-001
 7.3382747e-001
 7.3380446e-001
 7.3379707e-001
 7.3381662e-001
 7.3386782e-001
 7.3394763e-001
 7.3404634e-001
 7.3415017e-001
 7.3424500e-001
 7.3431969e-001
 7.3436880e-001
 7.3439354e-001
 7.3440135e-001
 7.3440403e-001
 7.3441482e-001
 7.3444563e-001
 7.3450446e-001
 7.3459381e-001
 7.3471004e-001
 7.3484385e-001
 7.3498213e-001
 7.3510963e-001
 7.3521119e-001
 7.3527408e-001
 7.3528910e-001
 7.3525149e-001
 7.3516136e-001
 7.3502290e-001
 7.3484385e-001
 7.3463440e-001
 7.3440605e-001
 7.3417121e-001
 7.3394161e-001
 7.3372805e-001
 7.3353934e-001
 7.3338127e-001
 7.3325640e-001
 7.3316336e-001
 7.3309726e-001
 7.3305047e-001
 7.3301417e-001
 7.3298025e-001
 7.3294324e-001
 7.3290199e-001
 7.3286057e-001
 7.3282808e-001
 7.3281759e-001
 7.3284388e-001
 7.3292142e-001
 7.3306125e-001
 7.3326933e-001
 7.3354495e-001
 7.3388034e-001
 7.3426151e-001
 7.3466927e-001
 7.3508155e-001
 7.3547620e-001
 7.3583257e-001
 7.3613471e-001
 7.3637259e-001
 7.3654306e-001
 7.3665029e-001
 7.3670435e-001
 7.3671973e-001
 7.3671257e-001
 7.3669803e-001
 7.3668724e-001
 7.3668569e-001
 7.3669195e-001
 7.3669869e-001
 7.3669416e-001
 7.3666537e-001
 7.3660105e-001
 7.3649472e-001
 7.3634630e-001
 7.3616254e-001
 7.3595595e-001
 7.3574257e-001
 7.3553950e-001
 7.3536193e-001
 7.3522174e-001
 7.3512620e-001
 7.3507810e-001
 7.3507619e-001
 7.3511642e-001
 7.3519242e-001
 7.3529649e-001
 7.3541987e-001
 7.3555326e-001
 7.3568720e-001
 7.3581284e-001
 7.3592275e-001
 7.3601198e-001
 7.3607880e-001
 7.3612505e-001
 7.3615581e-001
 7.3617858e-001
 7.3620212e-001
 7.3623461e-001
 7.3628241e-001
 7.3634923e-001
 7.3643541e-001
 7.3653841e-001
 7.3665285e-001
 7.3677176e-001
 7.3688728e-001
 7.3699152e-001
 7.3707730e-001
 7.3713881e-001
 7.3717219e-001
 7.3717606e-001
 7.3715216e-001
 7.3710549e-001
 7.3704451e-001
 7.3698062e-001
 7.3692745e-001
 7.3689920e-001
 7.3690939e-001
 7.3696816e-001
 7.3708117e-001
 7.3724759e-001
 7.3745984e-001
 7.3770398e-001
 7.3796111e-001
 7.3821014e-001
 7.3843086e-001
 7.3860687e-001
 7.3872858e-001
 7.3879415e-001
 7.3880935e-001
 7.3878580e-001
 7.3873806e-001
 7.3868024e-001
 7.3862344e-001
 7.3857379e-001
 7.3853248e-001
 7.3849732e-001
 7.3846447e-001
 7.3843062e-001
 7.3839462e-001
 7.3835701e-001
 7.3831904e-001
 7.3828071e-001
 7.3823863e-001
 7.3818505e-001
 7.3810780e-001
 7.3799258e-001
 7.3782545e-001
 7.3759669e-001
 7.3730361e-001
 7.3695242e-001
 7.3655850e-001
 7.3614454e-001
 7.3573828e-001
 7.3536831e-001
 7.3506069e-001
 7.3483551e-001
 7.3470491e-001
 7.3467147e-001
 7.3472863e-001
 7.3486143e-001
 7.3504865e-001
 7.3526514e-001
 7.3548484e-001
 7.3568350e-001
 7.3584175e-001
 7.3594654e-001
 7.3599273e-001
 7.3598289e-001
 7.3592639e-001
 7.3583734e-001
 7.3573190e-001
 7.3562586e-001
 7.3553264e-001
 7.3546177e-001
 7.3541915e-001
 7.3540741e-001
 7.3542738e-001
 7.3547894e-001
 7.3556161e-001
 7.3567432e-001
 7.3581457e-001
 7.3597699e-001
 7.3615259e-001
 7.3632848e-001
 7.3648888e-001
 7.3661715e-001
 7.3669839e-001
 7.3672193e-001
 7.3668367e-001
 7.3658651e-001
 7.3644024e-001
 7.3625988e-001
 7.3606306e-001
 7.3586822e-001
 7.3569196e-001
 7.3554778e-001
 7.3544520e-001
 7.3538965e-001
 7.3538232e-001
 7.3542047e-001
 7.3549771e-001
 7.3560447e-001
 7.3572868e-001
 7.3585743e-001
 7.3597777e-001
 7.3607928e-001
 7.3615474e-001
 7.3620135e-001
 7.3622036e-001
 7.3621565e-001
 7.3619181e-001
 7.3615146e-001
 7.3609364e-001
 7.3601264e-001
 7.3589867e-001
 7.3573977e-001
 7.3552454e-001
 7.3524535e-001
 7.3490095e-001
 7.3449790e-001
 7.3405057e-001
 7.3357958e-001
 7.3310935e-001
 7.3266470e-001
 7.3226786e-001
 7.3193580e-001
 7.3167866e-001
 7.3149925e-001
 7.3139334e-001
 7.3135072e-001
 7.3135698e-001
 7.3139483e-001
 7.3144549e-001
 7.3148960e-001
 7.3150772e-001
 7.3148024e-001
 7.3138773e-001
 7.3121130e-001
 7.3093319e-001
 7.3053831e-001
 7.3001611e-001
 7.2936213e-001
 7.2857994e-001
 7.2768027e-001
 7.2667998e-001
 7.2559762e-001
 7.2444612e-001
 7.2322518e-001
 7.2191101e-001
 7.2044933e-001
 7.1875083e-001
 7.1669227e-001
 7.1412694e-001
 7.1090084e-001
 7.0687437e-001
 7.0194978e-001
 6.9609004e-001
 6.8933797e-001
 6.8181872e-001
 6.7372781e-001
 6.6531736e-001
 6.5686059e-001
 6.4862883e-001
 6.4086235e-001
 6.3375008e-001
 6.2742919e-001
 6.2198192e-001
 6.1745316e-001
 6.1386281e-001
 6.1122060e-001
 6.0953999e-001
 6.0884082e-001
 6.0915005e-001
 6.1049372e-001
 6.1288768e-001
 6.1632478e-001
 6.2076759e-001
 6.2613958e-001
 6.3232440e-001
 6.3917279e-001
 6.4650631e-001
 6.5413070e-001
 6.6185176e-001
 6.6948080e-001
 6.7685217e-001
 6.8382388e-001
 6.9028509e-001
 6.9615942e-001
 7.0139951e-001
 7.0599067e-001
 7.0994353e-001
 7.1329248e-001
 7.1609187e-001
 7.1840805e-001
 7.2031534e-001
 7.2188765e-001
 7.2319299e-001
 7.2428924e-001
 7.2522020e-001
 7.2601658e-001
 7.2669727e-001
 7.2727364e-001
 7.2775400e-001
 7.2814709e-001
 7.2846538e-001
 7.2872519e-001
 7.2894615e-001
 7.2914863e-001
 7.2935063e-001
 7.2956562e-001
 7.2980028e-001
 7.3005420e-001
 7.3032069e-001
 7.3058856e-001
 7.3084491e-001
 7.3107761e-001
 7.3127812e-001
 7.3144293e-001
 7.3157430e-001
 7.3168010e-001
 7.3177230e-001
 7.3186517e-001
 7.3197299e-001
 7.3210770e-001
 7.3227715e-001
 7.3248428e-001
 7.3272657e-001
 7.3299682e-001
 7.3328435e-001
 7.3357666e-001
 7.3386121e-001
 7.3412681e-001
 7.3436475e-001
 7.3456913e-001
 7.3473680e-001
 7.3486674e-001
 7.3495919e-001
 7.3501509e-001
 7.3503613e-001
 7.3502445e-001
 7.3498380e-001
 7.3491949e-001
 7.3483932e-001
 7.3475307e-001
 7.3467153e-001
 7.3460513e-001
 7.3456216e-001
 7.3454684e-001
 7.3455822e-001
 7.3459017e-001
 7.3463207e-001
 7.3467082e-001
 7.3469305e-001
 7.3468834e-001
 7.3465115e-001
 7.3458254e-001
 7.3449057e-001
 7.3438954e-001
 7.3429799e-001
 7.3423588e-001
 7.3422140e-001
 7.3426819e-001
 7.3438293e-001
 7.3456448e-001
 7.3480427e-001
 7.3508781e-001
 7.3539728e-001
 7.3571432e-001
 7.3602307e-001
 7.3631185e-001
 7.3657435e-001
 7.3680896e-001
 7.3701763e-001
 7.3720360e-001
 7.3736870e-001
 7.3751152e-001
 7.3762625e-001
 7.3770255e-001
 7.3772734e-001
 7.3768699e-001
 7.3757094e-001
 7.3737508e-001
 7.3710430e-001
 7.3677361e-001
 7.3640579e-001
 7.3602831e-001
 7.3566920e-001
 7.3535383e-001
 7.3510283e-001
 7.3493010e-001
 7.3484123e-001
 7.3483264e-001
 7.3489279e-001
 7.3500395e-001
 7.3514593e-001
 7.3529917e-001
 7.3544794e-001
 7.3558193e-001
 7.3569679e-001
 7.3579353e-001
 7.3587668e-001
 7.3595196e-001
 7.3602504e-001
 7.3609978e-001
 7.3617780e-001
 7.3625833e-001
 7.3633868e-001
 7.3641467e-001
 7.3648173e-001
 7.3653620e-001
 7.3657572e-001
 7.3660040e-001
 7.3661256e-001
 7.3661655e-001
 7.3661828e-001
 7.3662412e-001
 7.3663986e-001
 7.3667002e-001
 7.3671710e-001
 7.3678136e-001
 7.3686081e-001
 7.3695171e-001
 7.3704892e-001
 7.3714620e-001
 7.3723710e-001
 7.3731542e-001
 7.3737621e-001
 7.3741651e-001
 7.3743600e-001
 7.3743719e-001
 7.3742533e-001
 7.3740721e-001
 7.3739028e-001
 7.3738092e-001
 7.3738313e-001
 7.3739725e-001
 7.3742050e-001
 7.3744744e-001
 7.3747158e-001
 7.3748708e-001
 7.3749042e-001
 7.3748112e-001
 7.3746228e-001
 7.3744041e-001
 7.3742461e-001
 7.3742473e-001
 7.3745024e-001
 7.3750776e-001
 7.3760015e-001
 7.3772562e-001
 7.3787767e-001
 7.3804665e-001
 7.3822117e-001
 7.3839027e-001
 7.3854560e-001
 7.3868275e-001
 7.3880202e-001
 7.3890829e-001
 7.3900962e-001
 7.3911524e-001
 7.3923331e-001
 7.3936850e-001
 7.3952007e-001
 7.3968166e-001
 7.3984140e-001
 7.3998398e-001
 7.4009287e-001
 7.4015409e-001
 7.4015868e-001
 7.4010515e-001
 7.4000025e-001
 7.3985839e-001
 7.3969924e-001
 7.3954421e-001
 7.3941272e-001
 7.3931766e-001
 7.3926312e-001
 7.3924255e-001
 7.3924011e-001
 7.3923284e-001
 7.3919553e-001
 7.3910546e-001
 7.3894763e-001
 7.3871845e-001
 7.3842788e-001
 7.3809874e-001
 7.3776394e-001
 7.3746192e-001
 7.3723060e-001
 7.3710155e-001
 7.3709518e-001
 7.3721790e-001
 7.3746109e-001
 7.3780310e-001
 7.3821247e-001
 7.3865300e-001
 7.3908859e-001
 7.3948777e-001
 7.3982698e-001
 7.4009192e-001
 7.4027783e-001
 7.4038774e-001
 7.4043041e-001
 7.4041760e-001
 7.4036151e-001
 7.4027330e-001
 7.4016184e-001
 7.4003386e-001
 7.3989481e-001
 7.3974973e-001
 7.3960471e-001
 7.3946768e-001
 7.3934919e-001
 7.3926187e-001
 7.3921955e-001
 7.3923600e-001
 7.3932254e-001
 7.3948669e-001
 7.3972994e-001
 7.4004734e-001
 7.4042737e-001
 7.4085355e-001
 7.4130577e-001
 7.4176222e-001
 7.4220163e-001
 7.4260408e-001
 7.4295259e-001
 7.4323326e-001
 7.4343634e-001
 7.4355614e-001
 7.4359089e-001
 7.4354231e-001
 7.4341512e-001
 7.4321622e-001
 7.4295408e-001
 7.4263811e-001
 7.4227816e-001
 7.4188393e-001
 7.4146479e-001
 7.4102896e-001
 7.4058384e-001
 7.4013561e-001
 7.3968971e-001
 7.3925138e-001
 7.3882651e-001
 7.3842251e-001
 7.3804933e-001
 7.3771948e-001
 7.3744869e-001
 7.3725539e-001
 7.3715955e-001
 7.3718089e-001
 7.3733646e-001
 7.3763764e-001
 7.3808706e-001
 7.3867667e-001
 7.3938543e-001
 7.4018002e-001
 7.4101603e-001
 7.4184155e-001
 7.4260199e-001
 7.4324477e-001
 7.4372524e-001
 7.4401069e-001
 7.4408358e-001
 7.4394310e-001
 7.4360406e-001
 7.4309516e-001
 7.4245507e-001
 7.4172837e-001
 7.4096107e-001
 7.4019724e-001
 7.3947579e-001
 7.3882890e-001
 7.3828101e-001
 7.3784858e-001
 7.3754090e-001
 7.3736018e-001
 7.3730236e-001
 7.3735756e-001
 7.3751092e-001
 7.3774314e-001
 7.3803133e-001
 7.3835045e-001
 7.3867464e-001
 7.3897916e-001
 7.3924166e-001
 7.3944384e-001
 7.3957241e-001
 7.3961985e-001
 7.3958415e-001
 7.3946875e-001
 7.3928183e-001
 7.3903567e-001
 7.3874563e-001
 7.3842973e-001
 7.3810774e-001
 7.3780084e-001
 7.3753011e-001
 7.3731601e-001
 7.3717672e-001
 7.3712689e-001
 7.3717606e-001
 7.3732740e-001
 7.3757732e-001
 7.3791498e-001
 7.3832363e-001
 7.3878163e-001
 7.3926502e-001
 7.3974967e-001
 7.4021387e-001
 7.4064064e-001
 7.4101877e-001
 7.4134362e-001
 7.4161679e-001
 7.4184459e-001
 7.4203670e-001
 7.4220353e-001
 7.4235451e-001
 7.4249589e-001
 7.4262953e-001
 7.4275291e-001
 7.4285877e-001
 7.4293691e-001
 7.4297547e-001
 7.4296314e-001
 7.4289119e-001
 7.4275523e-001
 7.4255651e-001
 7.4230200e-001
 7.4200445e-001
 7.4168062e-001
 7.4134994e-001
 7.4103230e-001
 7.4074590e-001
 7.4050575e-001
 7.4032211e-001
 7.4020028e-001
 7.4014026e-001
 7.4013722e-001
 7.4018282e-001
 7.4026620e-001
 7.4037546e-001
 7.4049872e-001
 7.4062514e-001
 7.4074560e-001
 7.4085295e-001
 7.4094164e-001
 7.4100769e-001
 7.4104828e-001
 7.4106145e-001
 7.4104595e-001
 7.4100077e-001
 7.4092507e-001
 7.4081838e-001
 7.4068046e-001
 7.4051148e-001
 7.4031198e-001
 7.4008322e-001
 7.3982733e-001
 7.3954761e-001
 7.3924863e-001
 7.3893625e-001
 7.3861790e-001
 7.3828393e-001
 7.3796839e-001
 7.3767412e-001
 7.3741031e-001
 7.3718452e-001
 7.3700184e-001
 7.3686403e-001
 7.3676991e-001
 7.3671627e-001
 7.3669887e-001
 7.3671281e-001
 7.3675323e-001
 7.3681504e-001
 7.3689306e-001
 7.3698157e-001
 7.3707461e-001
 7.3716539e-001
 7.3724675e-001
 7.3731095e-001
 7.3735005e-001
 7.3735601e-001
 7.3732114e-001
 7.3723823e-001
 7.3710167e-001
 7.3690832e-001
 7.3665857e-001
 7.3635662e-001
 7.3601025e-001
 7.3562980e-001
 7.3522693e-001
 7.3481441e-001
 7.3440468e-001
 7.3401016e-001
 7.3364246e-001
 7.3331177e-001
 7.3302686e-001
 7.3279417e-001
 7.3261875e-001
 7.3250425e-001
 7.3245353e-001
 7.3246884e-001
 7.3255211e-001
 7.3270404e-001
 7.3292333e-001
 7.3320532e-001
 7.3354065e-001
 7.3391509e-001
 7.3430973e-001
 7.3470211e-001
 7.3506820e-001
 7.3538291e-001
 7.3562181e-001
 7.3576266e-001
 7.3578745e-001
 7.3568618e-001
 7.3545879e-001
 7.3511672e-001
 7.3468167e-001
 7.3418301e-001
 7.3365438e-001
 7.3313147e-001
 7.3264951e-001
 7.3224133e-001
 7.3193395e-001
 7.3174471e-001
 7.3167777e-001
 7.3172271e-001
 7.3185593e-001
 7.3204428e-001
 7.3224872e-001
 7.3242795e-001
 7.3254073e-001
 7.3254913e-001
 7.3242205e-001
 7.3214012e-001
 7.3170000e-001
 7.3111612e-001
 7.3041838e-001
 7.2964901e-001
 7.2885668e-001
 7.2809309e-001
 7.2740966e-001
 7.2685313e-001
 7.2646123e-001
 7.2625548e-001
 7.2623610e-001
 7.2637933e-001
 7.2664005e-001
 7.2695702e-001
 7.2725993e-001
 7.2747439e-001
 7.2752666e-001
 7.2734857e-001
 7.2688425e-001
 7.2609884e-001
 7.2498524e-001
 7.2356832e-001
 7.2190040e-001
 7.2005510e-001
 7.1811849e-001
 7.1618140e-001
 7.1433568e-001
 7.1266723e-001
 7.1125120e-001
 7.1014321e-001
 7.0937204e-001
 7.0893753e-001
 7.0881289e-001
 7.0895201e-001
 7.0929712e-001
 7.0978504e-001
 7.1035165e-001
 7.1093553e-001
 7.1148163e-001
 7.1194607e-001
 7.1230042e-001
 7.1253300e-001
 7.1264732e-001
 7.1265823e-001
 7.1258718e-001
 7.1245891e-001
 7.1229881e-001
 7.1213150e-001
 7.1197891e-001
 7.1185869e-001
 7.1178234e-001
 7.1175462e-001
 7.1177423e-001
 7.1183556e-001
 7.1193016e-001
 7.1204835e-001
 7.1218014e-001
 7.1231568e-001
 7.1244586e-001
 7.1256298e-001
 7.1266091e-001
 7.1273571e-001
 7.1278512e-001
 7.1280813e-001
 7.1280462e-001
 7.1277481e-001
 7.1271920e-001
 7.1263856e-001
 7.1253389e-001
 7.1240693e-001
 7.1226013e-001
 7.1209693e-001
 7.1192151e-001
 7.1173877e-001
 7.1155375e-001
 7.1137190e-001
 7.1119851e-001
 7.1103859e-001
 7.1089679e-001
 7.1077710e-001
 7.1068227e-001
 7.1061414e-001
 7.1057326e-001
 7.1055961e-001
 7.1057266e-001
 7.1061164e-001
 7.1067548e-001
 7.1076292e-001
 7.1087205e-001
 7.1100014e-001
 7.1114308e-001
 7.1129549e-001
 7.1145064e-001
 7.1160096e-001
 7.1173835e-001
 7.1185428e-001
 7.1194047e-001
 7.1198869e-001
 7.1199119e-001
 7.1194112e-001
 7.1183270e-001
 7.1166134e-001
 7.1142364e-001
 7.1111697e-001
 7.1073925e-001
 7.1028888e-001
 7.0976436e-001
 7.0916557e-001
 7.0849407e-001
 7.0775437e-001
 7.0695555e-001
 7.0611084e-001
 7.0523798e-001
 7.0435798e-001
 7.0349312e-001
 7.0266688e-001
 7.0190239e-001
 7.0122135e-001
 7.0064306e-001
 7.0018166e-001
 6.9984525e-001
 6.9963485e-001
 6.9954503e-001
 6.9956565e-001
 6.9968385e-001
 6.9988531e-001
 7.0015556e-001
 7.0047975e-001
 7.0084399e-001
 7.0123541e-001
 7.0164222e-001
 7.0205450e-001
 7.0246345e-001
 7.0286167e-001
 7.0324183e-001
 7.0359737e-001
 7.0392221e-001
 7.0421034e-001
 7.0445734e-001
 7.0466048e-001
 7.0481938e-001
 7.0493662e-001
 7.0501721e-001
 7.0506799e-001
 7.0509696e-001
 7.0511246e-001
 7.0512301e-001
 7.0513660e-001
 7.0516050e-001
 7.0520020e-001
 7.0525914e-001
 7.0533848e-001
 7.0543718e-001
 7.0555258e-001
 7.0568109e-001
 7.0581883e-001
 7.0596164e-001
 7.0610547e-001
 7.0624655e-001
 7.0638150e-001
 7.0650768e-001
 7.0662308e-001
 7.0672637e-001
 7.0681661e-001
 7.0689315e-001
 7.0695549e-001
 7.0700341e-001
 7.0703650e-001
 7.0705485e-001
 7.0705885e-001
 7.0704943e-001
 7.0702809e-001
 7.0699686e-001
 7.0695812e-001
 7.0691460e-001
 7.0686889e-001
 7.0682347e-001
 7.0678025e-001
 7.0673996e-001
 7.0670128e-001
 7.0666003e-001
 7.0660925e-001
 7.0653903e-001
 7.0643765e-001
 7.0629197e-001
 7.0608878e-001
 7.0581520e-001
 7.0546007e-001
 7.0501614e-001
 7.0448178e-001
 7.0386451e-001
 7.0318049e-001
 7.0245415e-001
 7.0171666e-001
 7.0100224e-001
 7.0034647e-001
 6.9978493e-001
 6.9934934e-001
 6.9906497e-001
 6.9894576e-001
 6.9899023e-001
 6.9917965e-001
 6.9948012e-001
 6.9984615e-001
 7.0022565e-001
 7.0056385e-001
 7.0080566e-001
 7.0089966e-001
 7.0080155e-001
 7.0047981e-001
 6.9991964e-001
 6.9912505e-001
 6.9811678e-001
 6.9692880e-001
 6.9560176e-001
 6.9417983e-001
 6.9270879e-001
 6.9123232e-001
 6.8979055e-001
 6.8841892e-001
 6.8714386e-001
 6.8598336e-001
 6.8494713e-001
 6.8403983e-001
 6.8326187e-001
 6.8261182e-001
 6.8208772e-001
 6.8168610e-001
 6.8140191e-001
 6.8122756e-001
 6.8115139e-001
 6.8115783e-001
 6.8122756e-001
 6.8133849e-001
 6.8146700e-001
 6.8158889e-001
 6.8168026e-001
 6.8171930e-001
 6.8168777e-001
 6.8157411e-001
 6.8137532e-001
 6.8109816e-001
 6.8075830e-001
 6.8037754e-001
 6.7998165e-001
 6.7959809e-001
 6.7925423e-001
 6.7897552e-001
 6.7878342e-001
 6.7869228e-001
 6.7870700e-001
 6.7882204e-001
 6.7902231e-001
 6.7928565e-001
 6.7958605e-001
 6.7989528e-001
 6.8018526e-001
 6.8042940e-001
 6.8060488e-001
 6.8069482e-001
 6.8069077e-001
 6.8059355e-001
 6.8041247e-001
 6.8016279e-001
 6.7986345e-001
 6.7953503e-001
 6.7919731e-001
 6.7886770e-001
 6.7855752e-001
 6.7826849e-001
 6.7798877e-001
 6.7769182e-001
 6.7733788e-001
 6.7687714e-001
 6.7625403e-001
 6.7541099e-001
 6.7429072e-001
 6.7283970e-001
 6.7101449e-001
 6.6878545e-001
 6.6614383e-001
 6.6310251e-001
 6.5969682e-001
 6.5597522e-001
 6.5199453e-001
 6.4781839e-001
 6.4350802e-001
 6.3912106e-001
 6.3471049e-001
 6.3031322e-001
 6.2594920e-001
 6.2161767e-001
 6.1730319e-001
 6.1297399e-001
 6.0859060e-001
 6.0411322e-001
 5.9949899e-001
 5.9470814e-001
 5.8971196e-001
 5.8449113e-001
 5.7904351e-001
 5.7339031e-001
 5.6756604e-001
 5.6161958e-001
 5.5560583e-001
 5.4958791e-001
 5.4362583e-001
 5.3777951e-001
 5.3211200e-001
 5.2668017e-001
 5.2153808e-001
 5.1674044e-001
 5.1233554e-001
 5.0837070e-001
 5.0489104e-001
 5.0194287e-001
 4.9956748e-001
 4.9780124e-001
 4.9667081e-001
 4.9618331e-001
 4.9632174e-001
 4.9704167e-001
 4.9827412e-001
 4.9993190e-001
 5.0191790e-001
 5.0412917e-001
 5.0646597e-001
 5.0883710e-001
 5.1116866e-001
 5.1341993e-001
 5.1559305e-001
 5.1773608e-001
 5.1994133e-001
 5.2233279e-001
 5.2505124e-001
 5.2824646e-001
 5.3206509e-001
 5.3664118e-001
 5.4207420e-001
 5.4841501e-001
 5.5564487e-001
 5.6366193e-001
 5.7229900e-001
 5.8133751e-001
 5.9052163e-001
 5.9958893e-001
 6.0827512e-001
 6.1633170e-001
 6.2353671e-001
 6.2972832e-001
 6.3481760e-001
 6.3879359e-001
 6.4172298e-001
 6.4372569e-001
 6.4495301e-001
 6.4557260e-001
 6.4575517e-001
 6.4566612e-001
 6.4545625e-001
 6.4525157e-001
 6.4514387e-001
 6.4518756e-001
 6.4540273e-001
 6.4578480e-001
 6.4631361e-001
 6.4696211e-001
 6.4770067e-001
 6.4849919e-001
 6.4932954e-001
 6.5016663e-001
 6.5098965e-001
 6.5178204e-001
 6.5253186e-001
 6.5323049e-001
 6.5387046e-001
 6.5444607e-001
 6.5495217e-001
 6.5538454e-001
 6.5574116e-001
 6.5602344e-001
 6.5623719e-001
 6.5639317e-001
 6.5650690e-001
 6.5659708e-001
 6.5668422e-001
 6.5678984e-001
 6.5693486e-001
 6.5713817e-001
 6.5741444e-001
 6.5777147e-001
 6.5820712e-001
 6.5870881e-001
 6.5925425e-001
 6.5981436e-001
 6.6035527e-001
 6.6084188e-001
 6.6123933e-001
 6.6151476e-001
 6.6164094e-001
 6.6159958e-001
 6.6138458e-001
 6.6100335e-001
 6.6047531e-001
 6.5982926e-001
 6.5909904e-001
 6.5832078e-001
 6.5753037e-001
 6.5676183e-001
 6.5604275e-001
 6.5539140e-001
 6.5481305e-001
 6.5429842e-001
 6.5382493e-001
 6.5336078e-001
 6.5286821e-001
 6.5230697e-001
 6.5163672e-001
 6.5081996e-001
 6.4982462e-001
 6.4862776e-001
 6.4722061e-001
 6.4560771e-001
 6.4380670e-001
 6.4184582e-001
 6.3975799e-001
 6.3757855e-001
 6.3534498e-001
 6.3309205e-001
 6.3085198e-001
 6.2865144e-001
 6.2651181e-001
 6.2444496e-001
 6.2245601e-001
 6.2054640e-001
 6.1871296e-001
 6.1695099e-001
 6.1525619e-001
 6.1362213e-001
 6.1204171e-001
 6.1050504e-001
 6.0900074e-001
 6.0751307e-001
 6.0602349e-001
 6.0451251e-001
 6.0295832e-001
 6.0133880e-001
 5.9963393e-001
 5.9782487e-001
 5.9589857e-001
 5.9385014e-001
 5.9168810e-001
 5.8943284e-001
 5.8711642e-001
 5.8478141e-001
 5.8247387e-001
 5.8024198e-001
 5.7813525e-001
 5.7619810e-001
 5.7446784e-001
 5.7297069e-001
 5.7171482e-001
 5.7069010e-001
 5.6986970e-001
 5.6921494e-001
 5.6867927e-001
 5.6821316e-001
 5.6776744e-001
 5.6729537e-001
 5.6675738e-001
 5.6612569e-001
 5.6538808e-001
 5.6454974e-001
 5.6363159e-001
 5.6266695e-001
 5.6169564e-001
 5.6076080e-001
 5.5990660e-001
 5.5917412e-001
 5.5859905e-001
 5.5820769e-001
 5.5801249e-001
 5.5801111e-001
 5.5818808e-001
 5.5851865e-001
 5.5897295e-001
 5.5951905e-001
 5.6012446e-001
 5.6075847e-001
 5.6139350e-001
 5.6200635e-001
 5.6258076e-001
 5.6310731e-001
 5.6358314e-001
 5.6401074e-001
 5.6439602e-001
 5.6474644e-001
 5.6506974e-001
 5.6537408e-001
 5.6566727e-001
 5.6595653e-001
 5.6623840e-001
 5.6646556e-001
 5.6676108e-001
 5.6704414e-001
 5.6730592e-001
 5.6753755e-001
 5.6773013e-001
 5.6787473e-001
 5.6796247e-001
 5.6798434e-001
 5.6793177e-001
 5.6779659e-001
 5.6758022e-001
 5.6728911e-001
 5.6692976e-001
 5.6650853e-001
 5.6603199e-001
 5.6550652e-001
 5.6493872e-001
 5.6433475e-001
 5.6370151e-001
 5.6304526e-001
 5.6237245e-001
 5.6168932e-001
 5.6100273e-001
 5.6031835e-001
 5.5963540e-001
 5.5894941e-001
 5.5825597e-001
 5.5755121e-001
 5.5683053e-001
 5.5608970e-001
 5.5532414e-001
 5.5452996e-001
 5.5370271e-001
 5.5283791e-001
 5.5193114e-001
 5.5097854e-001
 5.4997551e-001
 5.4891777e-001
 5.4780096e-001
 5.4662061e-001
 5.4537284e-001
 5.4405397e-001
 5.4266852e-001
 5.4122484e-001
 5.3973222e-001
 5.3819895e-001
 5.3663391e-001
 5.3504527e-001
 5.3344250e-001
 5.3183401e-001
 5.3022826e-001
 5.2863419e-001
 5.2705991e-001
 5.2551496e-001
 5.2400774e-001
 5.2254677e-001
 5.2114046e-001
 5.1979816e-001
 5.1852828e-001
 5.1733941e-001
 5.1624012e-001
 5.1523948e-001
 5.1434600e-001
 5.1356739e-001
 5.1290292e-001
 5.1234829e-001
 5.1189864e-001
 5.1154917e-001
 5.1129520e-001
 5.1113182e-001
 5.1105458e-001
 5.1105851e-001
 5.1113904e-001
 5.1129138e-001
 5.1151079e-001
 5.1179254e-001
 5.1213187e-001
 5.1252419e-001
 5.1296455e-001
 5.1344830e-001
 5.1397073e-001
 5.1452714e-001
 5.1511282e-001
 5.1572293e-001
 5.1635277e-001
 5.1699758e-001
 5.1765287e-001
 5.1831359e-001
 5.1897508e-001
 5.1963311e-001
 5.2028650e-001
 5.2093548e-001
 5.2158064e-001
 5.2222240e-001
 5.2286112e-001
 5.2349734e-001
 5.2413130e-001
 5.2476352e-001
 5.2539444e-001
 5.2602458e-001
 5.2665412e-001
 5.2728367e-001
 5.2791345e-001
 5.2854431e-001
 5.2917618e-001
 5.2980965e-001
 5.3044522e-001
 5.3108346e-001
 5.3172439e-001
 5.3236872e-001
 5.3301680e-001
 5.3366905e-001
 5.3432596e-001
 5.3498781e-001
 5.3565508e-001
 5.3632826e-001
 5.3700787e-001
 5.3769404e-001
 5.3838730e-001
 5.3908801e-001
 5.3979534e-001
 5.4050761e-001
 5.4122329e-001
