s07_ASD Record=13449: Kaol+Muscov_intimate CU93-5C ASDNGa AREF
-1.2300000e+034
 2.6507312e-001
 2.6337940e-001
 2.6257318e-001
 2.6199016e-001
 2.6022044e-001
 2.5955656e-001
 2.5848576e-001
 2.5622404e-001
 2.5570914e-001
 2.5616285e-001
 2.5689298e-001
 2.5738242e-001
 2.5784978e-001
 2.5836149e-001
 2.5894964e-001
 2.5961566e-001
 2.6067466e-001
 2.6180825e-001
 2.6283765e-001
 2.6439744e-001
 2.6579350e-001
 2.6702207e-001
 2.6844057e-001
 2.7024034e-001
 2.7204448e-001
 2.7376089e-001
 2.7570766e-001
 2.7780318e-001
 2.7994975e-001
 2.8206569e-001
 2.8413036e-001
 2.8635877e-001
 2.8863937e-001
 2.9073340e-001
 2.9288965e-001
 2.9518208e-001
 2.9758382e-001
 2.9998016e-001
 3.0236298e-001
 3.0474117e-001
 3.0711573e-001
 3.0943120e-001
 3.1169724e-001
 3.1398848e-001
 3.1636837e-001
 3.1849656e-001
 3.2040447e-001
 3.2223603e-001
 3.2422018e-001
 3.2616687e-001
 3.2810569e-001
 3.3009091e-001
 3.3206895e-001
 3.3394536e-001
 3.3571604e-001
 3.3744106e-001
 3.3913657e-001
 3.4087405e-001
 3.4267673e-001
 3.4449360e-001
 3.4614471e-001
 3.4772772e-001
 3.4938887e-001
 3.5108873e-001
 3.5279134e-001
 3.5445803e-001
 3.5606334e-001
 3.5778216e-001
 3.5954484e-001
 3.6126894e-001
 3.6290449e-001
 3.6459500e-001
 3.6634505e-001
 3.6810729e-001
 3.6984202e-001
 3.7164044e-001
 3.7348685e-001
 3.7526128e-001
 3.7711111e-001
 3.7898466e-001
 3.8083252e-001
 3.8271058e-001
 3.8461649e-001
 3.8652802e-001
 3.8842174e-001
 3.9034957e-001
 3.9227134e-001
 3.9416477e-001
 3.9603829e-001
 3.9789110e-001
 3.9971074e-001
 4.0148774e-001
 4.0323886e-001
 4.0496102e-001
 4.0667048e-001
 4.0839210e-001
 4.1005659e-001
 4.1172823e-001
 4.1342285e-001
 4.1503960e-001
 4.1665584e-001
 4.1823375e-001
 4.1972288e-001
 4.2120242e-001
 4.2265624e-001
 4.2405429e-001
 4.2536041e-001
 4.2662266e-001
 4.2783540e-001
 4.2899671e-001
 4.3014112e-001
 4.3122795e-001
 4.3225500e-001
 4.3324414e-001
 4.3421799e-001
 4.3518430e-001
 4.3613398e-001
 4.3704125e-001
 4.3796268e-001
 4.3888655e-001
 4.3979782e-001
 4.4074437e-001
 4.4167402e-001
 4.4258130e-001
 4.4349411e-001
 4.4443217e-001
 4.4538197e-001
 4.4633916e-001
 4.4732893e-001
 4.4831616e-001
 4.4931591e-001
 4.5035177e-001
 4.5140767e-001
 4.5248577e-001
 4.5358345e-001
 4.5469019e-001
 4.5581016e-001
 4.5694202e-001
 4.5808575e-001
 4.5923531e-001
 4.6043181e-001
 4.6165368e-001
 4.6286020e-001
 4.6411130e-001
 4.6536818e-001
 4.6661666e-001
 4.6788731e-001
 4.6918154e-001
 4.7049725e-001
 4.7182363e-001
 4.7312713e-001
 4.7443110e-001
 4.7573665e-001
 4.7702631e-001
 4.7833353e-001
 4.7965583e-001
 4.8098236e-001
 4.8229754e-001
 4.8360637e-001
 4.8491067e-001
 4.8621050e-001
 4.8748261e-001
 4.8876262e-001
 4.9006295e-001
 4.9136314e-001
 4.9264857e-001
 4.9391392e-001
 4.9515793e-001
 4.9638051e-001
 4.9759224e-001
 4.9879614e-001
 4.9999103e-001
 5.0117016e-001
 5.0237179e-001
 5.0360322e-001
 5.0481737e-001
 5.0604546e-001
 5.0727171e-001
 5.0847048e-001
 5.0962788e-001
 5.1078832e-001
 5.1196486e-001
 5.1313812e-001
 5.1428580e-001
 5.1540774e-001
 5.1651841e-001
 5.1765782e-001
 5.1879555e-001
 5.1992297e-001
 5.2103782e-001
 5.2212226e-001
 5.2317554e-001
 5.2421373e-001
 5.2527368e-001
 5.2631301e-001
 5.2732819e-001
 5.2832764e-001
 5.2932000e-001
 5.3027856e-001
 5.3120083e-001
 5.3210455e-001
 5.3302681e-001
 5.3395003e-001
 5.3486174e-001
 5.3578413e-001
 5.3667629e-001
 5.3753841e-001
 5.3838843e-001
 5.3924614e-001
 5.4009068e-001
 5.4090470e-001
 5.4167813e-001
 5.4245579e-001
 5.4322171e-001
 5.4396015e-001
 5.4470378e-001
 5.4541314e-001
 5.4607260e-001
 5.4668421e-001
 5.4729128e-001
 5.4787004e-001
 5.4840583e-001
 5.4891533e-001
 5.4941344e-001
 5.4990005e-001
 5.5037099e-001
 5.5083257e-001
 5.5128306e-001
 5.5172521e-001
 5.5216795e-001
 5.5266637e-001
 5.5316460e-001
 5.5361831e-001
 5.5406308e-001
 5.5450118e-001
 5.5492646e-001
 5.5532277e-001
 5.5565000e-001
 5.5598223e-001
 5.5634946e-001
 5.5671257e-001
 5.5707312e-001
 5.5741000e-001
 5.5771118e-001
 5.5801320e-001
 5.5833721e-001
 5.5866551e-001
 5.5895483e-001
 5.5922860e-001
 5.5948508e-001
 5.5972111e-001
 5.5993617e-001
 5.6015587e-001
 5.6039166e-001
 5.6064534e-001
 5.6090450e-001
 5.6114155e-001
 5.6135482e-001
 5.6157011e-001
 5.6180680e-001
 5.6203061e-001
 5.6221968e-001
 5.6241870e-001
 5.6261748e-001
 5.6281126e-001
 5.6299555e-001
 5.6315035e-001
 5.6332344e-001
 5.6353831e-001
 5.6377655e-001
 5.6399453e-001
 5.6419879e-001
 5.6441301e-001
 5.6466192e-001
 5.6490183e-001
 5.6511760e-001
 5.6531966e-001
 5.6553835e-001
 5.6578416e-001
 5.6604725e-001
 5.6629020e-001
 5.6649375e-001
 5.6668323e-001
 5.6690049e-001
 5.6715351e-001
 5.6743002e-001
 5.6771433e-001
 5.6799543e-001
 5.6824148e-001
 5.6848586e-001
 5.6874955e-001
 5.6899554e-001
 5.6926149e-001
 5.6953418e-001
 5.6978446e-001
 5.7003367e-001
 5.7028252e-001
 5.7052261e-001
 5.7074261e-001
 5.7098418e-001
 5.7124907e-001
 5.7152641e-001
 5.7179844e-001
 5.7204711e-001
 5.7228053e-001
 5.7251978e-001
 5.7275891e-001
 5.7301039e-001
 5.7327586e-001
 5.7353580e-001
 5.7376915e-001
 5.7400173e-001
 5.7426190e-001
 5.7453281e-001
 5.7478470e-001
 5.7502586e-001
 5.7528937e-001
 5.7553202e-001
 5.7577533e-001
 5.7602960e-001
 5.7626587e-001
 5.7652485e-001
 5.7681441e-001
 5.7712317e-001
 5.7740927e-001
 5.7767946e-001
 5.7794321e-001
 5.7821113e-001
 5.7850379e-001
 5.7882577e-001
 5.7916391e-001
 5.7947367e-001
 5.7979661e-001
 5.8014470e-001
 5.8051836e-001
 5.8090550e-001
 5.8131963e-001
 5.8176756e-001
 5.8224559e-001
 5.8270681e-001
 5.8316696e-001
 5.8363998e-001
 5.8411014e-001
 5.8456892e-001
 5.8503240e-001
 5.8551389e-001
 5.8595484e-001
 5.8637118e-001
 5.8677894e-001
 5.8718592e-001
 5.8760571e-001
 5.8801574e-001
 5.8840430e-001
 5.8880079e-001
 5.8918732e-001
 5.8955944e-001
 5.8992034e-001
 5.9029377e-001
 5.9066904e-001
 5.9101474e-001
 5.9128696e-001
 5.9154528e-001
 5.9181064e-001
 5.9209400e-001
 5.9240454e-001
 5.9271765e-001
 5.9303397e-001
 5.9335792e-001
 5.9365541e-001
 5.9392107e-001
 5.9418100e-001
 5.9448338e-001
 5.9477919e-001
 5.9506375e-001
 5.9534067e-001
 5.9561139e-001
 5.9588289e-001
 5.9615833e-001
 5.9643245e-001
 5.9667146e-001
 5.9688348e-001
 5.9708685e-001
 5.9730697e-001
 5.9755611e-001
 5.9780556e-001
 5.9803993e-001
 5.9828162e-001
 5.9854990e-001
 5.9882683e-001
 5.9907788e-001
 5.9926194e-001
 5.9941846e-001
 5.9959167e-001
 5.9981990e-001
 6.0008162e-001
 6.0035032e-001
 6.0060102e-001
 6.0081226e-001
 6.0103351e-001
 6.0128939e-001
 6.0157740e-001
 6.0183650e-001
 6.0208172e-001
 6.0231936e-001
 6.0255313e-001
 6.0277957e-001
 6.0299361e-001
 6.0320216e-001
 6.0342628e-001
 6.0364395e-001
 6.0383946e-001
 6.0400933e-001
 6.0417622e-001
 6.0436195e-001
 6.0456556e-001
 6.0477048e-001
 6.0494936e-001
 6.0512191e-001
 6.0530430e-001
 6.0550356e-001
 6.0568714e-001
 6.0584706e-001
 6.0598814e-001
 6.0612869e-001
 6.0627908e-001
 6.0642010e-001
 6.0653800e-001
 6.0667515e-001
 6.0683322e-001
 6.0700816e-001
 6.0718870e-001
 6.0733706e-001
 6.0746247e-001
 6.0757399e-001
 6.0767180e-001
 6.0778123e-001
 6.0788625e-001
 6.0797608e-001
 6.0807955e-001
 6.0815662e-001
 6.0821712e-001
 6.0829073e-001
 6.0839796e-001
 6.0850745e-001
 6.0861194e-001
 6.0872418e-001
 6.0881090e-001
 6.0888076e-001
 6.0894746e-001
 6.0902274e-001
 6.0911238e-001
 6.0921139e-001
 6.0930562e-001
 6.0936248e-001
 6.0942382e-001
 6.0950482e-001
 6.0960615e-001
 6.0971731e-001
 6.0980213e-001
 6.0985309e-001
 6.0989201e-001
 6.0996574e-001
 6.1006302e-001
 6.1016083e-001
 6.1023319e-001
 6.1028266e-001
 6.1031294e-001
 6.1033297e-001
 6.1036175e-001
 6.1040252e-001
 6.1044806e-001
 6.1048323e-001
 6.1048943e-001
 6.1048317e-001
 6.1047786e-001
 6.1048120e-001
 6.1048466e-001
 6.1048865e-001
 6.1049241e-001
 6.1049312e-001
 6.1049819e-001
 6.1050099e-001
 6.1049259e-001
 6.1046344e-001
 6.1042410e-001
 6.1038405e-001
 6.1034751e-001
 6.1030322e-001
 6.1027223e-001
 6.1024266e-001
 6.1019969e-001
 6.1020088e-001
 6.1020660e-001
 6.1020571e-001
 6.1021304e-001
 6.1022323e-001
 6.1022037e-001
 6.1019057e-001
 6.1012661e-001
 6.1006820e-001
 6.1003608e-001
 6.1003304e-001
 6.1004114e-001
 6.1003578e-001
 6.1001503e-001
 6.0998285e-001
 6.0992974e-001
 6.0986638e-001
 6.0981530e-001
 6.0979205e-001
 6.0977173e-001
 6.0973531e-001
 6.0968363e-001
 6.0963517e-001
 6.0961854e-001
 6.0961699e-001
 6.0961002e-001
 6.0958242e-001
 6.0955894e-001
 6.0952407e-001
 6.0947913e-001
 6.0946131e-001
 6.0947573e-001
 6.0950619e-001
 6.0953730e-001
 6.0957354e-001
 6.0959101e-001
 6.0959697e-001
 6.0960364e-001
 6.0960180e-001
 6.0961205e-001
 6.0963166e-001
 6.0964519e-001
 6.0963625e-001
 6.0961920e-001
 6.0960656e-001
 6.0960853e-001
 6.0962933e-001
 6.0966498e-001
 6.0970056e-001
 6.0971624e-001
 6.0972387e-001
 6.0974962e-001
 6.0979331e-001
 6.0982287e-001
 6.0981882e-001
 6.0982788e-001
 6.0987324e-001
 6.0992050e-001
 6.0994834e-001
 6.0996920e-001
 6.0998863e-001
 6.0997063e-001
 6.0997981e-001
 6.1001790e-001
 6.1006498e-001
 6.1009157e-001
 6.1012572e-001
 6.1015761e-001
 6.1017740e-001
 6.1021960e-001
 6.1027789e-001
 6.1033964e-001
 6.1039376e-001
 6.1045182e-001
 6.1051273e-001
 6.1059010e-001
 6.1069369e-001
 6.1076880e-001
 6.1085212e-001
 6.1095041e-001
 6.1104727e-001
 6.1115283e-001
 6.1123866e-001
 6.1129880e-001
 6.1135250e-001
 6.1143917e-001
 6.1150849e-001
 6.1156696e-001
 6.1167192e-001
 6.1171865e-001
 6.1177176e-001
 6.1184639e-001
 6.1188596e-001
 6.1196023e-001
 6.1202073e-001
 6.1206234e-001
 6.1214674e-001
 6.1219388e-001
 6.1223429e-001
 6.1227900e-001
 6.1229032e-001
 6.1230129e-001
 6.1231172e-001
 6.1231738e-001
 6.1231750e-001
 6.1233914e-001
 6.1237866e-001
 6.1241329e-001
 6.1240655e-001
 6.1241877e-001
 6.1244899e-001
 6.1246914e-001
 6.1243218e-001
 6.1239237e-001
 6.1238593e-001
 6.1239636e-001
 6.1233079e-001
 6.1227161e-001
 6.1222947e-001
 6.1220050e-001
 6.1218822e-001
 6.1222088e-001
 6.1227566e-001
 6.1234707e-001
 6.1248702e-001
 6.1265546e-001
 6.1287129e-001
 6.1314595e-001
 6.1345309e-001
 6.1374176e-001
 6.1407000e-001
 6.1442482e-001
 6.1463892e-001
 6.1488277e-001
 6.1515212e-001
 6.1539716e-001
 6.1556476e-001
 6.1574584e-001
 6.1593789e-001
 6.1610192e-001
 6.1618721e-001
 6.1636126e-001
 6.1651444e-001
 6.1661118e-001
 6.1677843e-001
 6.1686826e-001
 6.1695826e-001
 6.1706364e-001
 6.1708856e-001
 6.1719966e-001
 6.1729980e-001
 6.1734587e-001
 6.1740285e-001
 6.1750537e-001
 6.1757517e-001
 6.1761594e-001
 6.1771357e-001
 6.1784577e-001
 6.1796725e-001
 6.1799103e-001
 6.1806267e-001
 6.1812937e-001
 6.1819065e-001
 6.1824656e-001
 6.1829752e-001
 6.1834413e-001
 6.1838722e-001
 6.1842775e-001
 6.1846656e-001
 6.1850446e-001
 6.1854225e-001
 6.1858058e-001
 6.1861968e-001
 6.1865973e-001
 6.1870044e-001
 6.1874127e-001
 6.1878145e-001
 6.1882013e-001
 6.1885667e-001
 6.1889046e-001
 6.1892116e-001
 6.1894876e-001
 6.1897337e-001
 6.1899513e-001
 6.1901420e-001
 6.1903089e-001
 6.1904544e-001
 6.1905813e-001
 6.1906946e-001
 6.1907995e-001
 6.1909020e-001
 6.1910057e-001
 6.1911148e-001
 6.1912298e-001
 6.1913490e-001
 6.1914700e-001
 6.1915874e-001
 6.1916971e-001
 6.1917943e-001
 6.1918753e-001
 6.1919391e-001
 6.1919862e-001
 6.1920178e-001
 6.1920387e-001
 6.1920518e-001
 6.1920637e-001
 6.1920774e-001
 6.1920989e-001
 6.1921299e-001
 6.1921740e-001
 6.1922318e-001
 6.1923033e-001
 6.1923879e-001
 6.1924851e-001
 6.1925930e-001
 6.1927098e-001
 6.1928344e-001
 6.1929637e-001
 6.1930954e-001
 6.1932278e-001
 6.1933577e-001
 6.1934823e-001
 6.1936009e-001
 6.1937118e-001
 6.1938155e-001
 6.1939126e-001
 6.1940062e-001
 6.1940986e-001
 6.1941934e-001
 6.1942947e-001
 6.1944056e-001
 6.1945295e-001
 6.1946690e-001
 6.1948258e-001
 6.1950010e-001
 6.1951941e-001
 6.1954045e-001
 6.1956275e-001
 6.1958575e-001
 6.1960870e-001
 6.1963075e-001
 6.1965096e-001
 6.1966842e-001
 6.1968261e-001
 6.1969310e-001
 6.1969995e-001
 6.1970359e-001
 6.1970454e-001
 6.1970365e-001
 6.1970156e-001
 6.1969900e-001
 6.1969650e-001
 6.1969441e-001
 6.1969316e-001
 6.1969310e-001
 6.1969465e-001
 6.1969817e-001
 6.1970407e-001
 6.1971271e-001
 6.1972427e-001
 6.1973882e-001
 6.1975616e-001
 6.1977601e-001
 6.1979806e-001
 6.1982214e-001
 6.1984795e-001
 6.1987555e-001
 6.1990476e-001
 6.1993581e-001
 6.1996865e-001
 6.2000346e-001
 6.2004012e-001
 6.2007862e-001
 6.2011874e-001
 6.2016022e-001
 6.2020260e-001
 6.2024552e-001
 6.2028831e-001
 6.2033063e-001
 6.2037194e-001
 6.2041199e-001
 6.2045062e-001
 6.2048769e-001
 6.2052321e-001
 6.2055719e-001
 6.2058938e-001
 6.2061965e-001
 6.2064773e-001
 6.2067336e-001
 6.2069619e-001
 6.2071604e-001
 6.2073267e-001
 6.2074572e-001
 6.2075490e-001
 6.2075973e-001
 6.2075973e-001
 6.2075448e-001
 6.2074369e-001
 6.2072736e-001
 6.2070584e-001
 6.2067986e-001
 6.2065035e-001
 6.2061858e-001
 6.2058604e-001
 6.2055397e-001
 6.2052375e-001
 6.2049633e-001
 6.2047267e-001
 6.2045348e-001
 6.2043917e-001
 6.2043017e-001
 6.2042683e-001
 6.2042940e-001
 6.2043816e-001
 6.2045348e-001
 6.2047565e-001
 6.2050503e-001
 6.2054211e-001
 6.2058711e-001
 6.2064022e-001
 6.2070155e-001
 6.2077099e-001
 6.2084812e-001
 6.2093228e-001
 6.2102264e-001
 6.2111807e-001
 6.2121725e-001
 6.2131894e-001
 6.2142164e-001
 6.2152421e-001
 6.2162572e-001
 6.2172550e-001
 6.2182325e-001
 6.2191904e-001
 6.2201309e-001
 6.2210572e-001
 6.2219715e-001
 6.2228751e-001
 6.2237674e-001
 6.2246448e-001
 6.2255019e-001
 6.2263316e-001
 6.2271273e-001
 6.2278837e-001
 6.2285984e-001
 6.2292719e-001
 6.2299073e-001
 6.2305117e-001
 6.2310946e-001
 6.2316656e-001
 6.2322336e-001
 6.2328053e-001
 6.2333846e-001
 6.2339729e-001
 6.2345695e-001
 6.2351722e-001
 6.2357795e-001
 6.2363917e-001
 6.2370110e-001
 6.2376386e-001
 6.2382776e-001
 6.2389261e-001
 6.2395823e-001
 6.2402391e-001
 6.2408876e-001
 6.2415177e-001
 6.2421203e-001
 6.2426895e-001
 6.2432230e-001
 6.2437212e-001
 6.2441891e-001
 6.2446308e-001
 6.2450522e-001
 6.2454557e-001
 6.2458432e-001
 6.2462121e-001
 6.2465584e-001
 6.2468785e-001
 6.2471670e-001
 6.2474215e-001
 6.2476403e-001
 6.2478256e-001
 6.2479818e-001
 6.2481141e-001
 6.2482315e-001
 6.2483406e-001
 6.2484515e-001
 6.2485719e-001
 6.2487090e-001
 6.2488711e-001
 6.2490642e-001
 6.2492955e-001
 6.2495703e-001
 6.2498939e-001
 6.2502706e-001
 6.2507045e-001
 6.2511981e-001
 6.2517518e-001
 6.2523651e-001
 6.2530351e-001
 6.2537581e-001
 6.2545288e-001
 6.2553382e-001
 6.2561792e-001
 6.2570417e-001
 6.2579155e-001
 6.2587911e-001
 6.2596601e-001
 6.2605155e-001
 6.2613511e-001
 6.2621635e-001
 6.2629497e-001
 6.2637055e-001
 6.2644285e-001
 6.2651145e-001
 6.2657589e-001
 6.2663585e-001
 6.2669110e-001
 6.2674183e-001
 6.2678838e-001
 6.2683123e-001
 6.2687129e-001
 6.2690908e-001
 6.2694514e-001
 6.2697965e-001
 6.2701225e-001
 6.2704241e-001
 6.2706906e-001
 6.2709111e-001
 6.2710726e-001
 6.2711656e-001
 6.2711811e-001
 6.2711126e-001
 6.2709552e-001
 6.2707061e-001
 6.2703609e-001
 6.2699157e-001
 6.2693638e-001
 6.2687021e-001
 6.2679267e-001
 6.2670386e-001
 6.2660426e-001
 6.2649488e-001
 6.2637740e-001
 6.2625360e-001
 6.2612557e-001
 6.2599552e-001
 6.2586528e-001
 6.2573653e-001
 6.2561029e-001
 6.2548733e-001
 6.2536788e-001
 6.2525159e-001
 6.2513798e-001
 6.2502635e-001
 6.2491596e-001
 6.2480617e-001
 6.2469667e-001
 6.2458760e-001
 6.2447923e-001
 6.2437248e-001
 6.2426829e-001
 6.2416786e-001
 6.2407207e-001
 6.2398165e-001
 6.2389678e-001
 6.2381703e-001
 6.2374157e-001
 6.2366903e-001
 6.2359768e-001
 6.2352592e-001
 6.2345189e-001
 6.2337434e-001
 6.2329209e-001
 6.2320453e-001
 6.2311161e-001
 6.2301350e-001
 6.2291086e-001
 6.2280458e-001
 6.2269580e-001
 6.2258559e-001
 6.2247491e-001
 6.2236464e-001
 6.2225538e-001
 6.2214762e-001
 6.2204170e-001
 6.2193769e-001
 6.2183577e-001
 6.2173593e-001
 6.2163788e-001
 6.2154096e-001
 6.2144411e-001
 6.2134552e-001
 6.2124270e-001
 6.2113261e-001
 6.2101144e-001
 6.2087530e-001
 6.2072021e-001
 6.2054229e-001
 6.2033838e-001
 6.2010598e-001
 6.1984360e-001
 6.1955094e-001
 6.1922878e-001
 6.1887920e-001
 6.1850560e-001
 6.1811227e-001
 6.1770451e-001
 6.1728793e-001
 6.1686832e-001
 6.1645067e-001
 6.1603928e-001
 6.1563712e-001
 6.1524540e-001
 6.1486387e-001
 6.1449021e-001
 6.1412078e-001
 6.1375040e-001
 6.1337227e-001
 6.1297846e-001
 6.1255956e-001
 6.1210507e-001
 6.1160320e-001
 6.1104059e-001
 6.1040282e-001
 6.0967416e-001
 6.0883760e-001
 6.0787559e-001
 6.0676974e-001
 6.0550261e-001
 6.0405803e-001
 6.0242200e-001
 6.0058534e-001
 5.9854347e-001
 5.9629923e-001
 5.9386319e-001
 5.9125292e-001
 5.8849484e-001
 5.8562052e-001
 5.8266735e-001
 5.7967478e-001
 5.7668108e-001
 5.7372248e-001
 5.7082826e-001
 5.6802118e-001
 5.6531507e-001
 5.6271386e-001
 5.6021386e-001
 5.5780387e-001
 5.5546623e-001
 5.5318040e-001
 5.5092281e-001
 5.4867011e-001
 5.4639977e-001
 5.4408973e-001
 5.4172093e-001
 5.3927499e-001
 5.3673637e-001
 5.3409255e-001
 5.3133410e-001
 5.2845961e-001
 5.2547663e-001
 5.2240825e-001
 5.1929700e-001
 5.1620704e-001
 5.1322901e-001
 5.1047540e-001
 5.0807762e-001
 5.0617570e-001
 5.0490433e-001
 5.0437999e-001
 5.0468552e-001
 5.0585985e-001
 5.0789094e-001
 5.1071793e-001
 5.1423597e-001
 5.1830852e-001
 5.2278376e-001
 5.2750605e-001
 5.3233343e-001
 5.3714275e-001
 5.4183662e-001
 5.4634595e-001
 5.5062377e-001
 5.5464536e-001
 5.5839944e-001
 5.6188542e-001
 5.6511050e-001
 5.6808418e-001
 5.7081950e-001
 5.7332981e-001
 5.7562906e-001
 5.7773232e-001
 5.7965374e-001
 5.8140838e-001
 5.8301014e-001
 5.8447212e-001
 5.8580726e-001
 5.8702672e-001
 5.8814043e-001
 5.8915758e-001
 5.9008557e-001
 5.9093100e-001
 5.9169948e-001
 5.9239560e-001
 5.9302372e-001
 5.9358758e-001
 5.9409088e-001
 5.9453738e-001
 5.9493095e-001
 5.9527618e-001
 5.9557784e-001
 5.9584147e-001
 5.9607297e-001
 5.9627879e-001
 5.9646559e-001
 5.9664035e-001
 5.9681004e-001
 5.9698164e-001
 5.9716177e-001
 5.9735668e-001
 5.9757179e-001
 5.9781170e-001
 5.9807992e-001
 5.9837854e-001
 5.9870845e-001
 5.9906912e-001
 5.9945863e-001
 5.9987414e-001
 6.0031152e-001
 6.0076636e-001
 6.0123348e-001
 6.0170788e-001
 6.0218489e-001
 6.0266030e-001
 6.0313070e-001
 6.0359347e-001
 6.0404682e-001
 6.0448968e-001
 6.0492116e-001
 6.0534096e-001
 6.0574859e-001
 6.0614359e-001
 6.0652566e-001
 6.0689443e-001
 6.0724980e-001
 6.0759181e-001
 6.0792077e-001
 6.0823733e-001
 6.0854226e-001
 6.0883635e-001
 6.0912055e-001
 6.0939544e-001
 6.0966158e-001
 6.0991925e-001
 6.1016864e-001
 6.1040998e-001
 6.1064351e-001
 6.1086977e-001
 6.1108947e-001
 6.1130357e-001
 6.1151332e-001
 6.1171991e-001
 6.1192453e-001
 6.1212826e-001
 6.1233181e-001
 6.1253595e-001
 6.1274099e-001
 6.1294705e-001
 6.1315393e-001
 6.1336118e-001
 6.1356801e-001
 6.1377341e-001
 6.1397594e-001
 6.1417413e-001
 6.1436641e-001
 6.1455131e-001
 6.1472762e-001
 6.1489457e-001
 6.1505193e-001
 6.1519974e-001
 6.1533862e-001
 6.1546934e-001
 6.1559296e-001
 6.1571056e-001
 6.1582321e-001
 6.1593199e-001
 6.1603779e-001
 6.1614144e-001
 6.1624372e-001
 6.1634505e-001
 6.1644578e-001
 6.1654621e-001
 6.1664617e-001
 6.1674559e-001
 6.1684436e-001
 6.1694229e-001
 6.1703926e-001
 6.1713529e-001
 6.1723047e-001
 6.1732483e-001
 6.1741823e-001
 6.1751068e-001
 6.1760175e-001
 6.1769116e-001
 6.1777830e-001
 6.1786288e-001
 6.1794454e-001
 6.1802322e-001
 6.1809909e-001
 6.1817276e-001
 6.1824489e-001
 6.1831641e-001
 6.1838830e-001
 6.1846149e-001
 6.1853671e-001
 6.1861461e-001
 6.1869538e-001
 6.1877900e-001
 6.1886531e-001
 6.1895365e-001
 6.1904341e-001
 6.1913371e-001
 6.1922359e-001
 6.1931205e-001
 6.1939806e-001
 6.1948067e-001
 6.1955917e-001
 6.1963284e-001
 6.1970145e-001
 6.1976486e-001
 6.1982328e-001
 6.1987692e-001
 6.1992621e-001
 6.1997169e-001
 6.2001377e-001
 6.2005299e-001
 6.2008995e-001
 6.2012541e-001
 6.2016022e-001
 6.2019545e-001
 6.2023211e-001
 6.2027127e-001
 6.2031353e-001
 6.2035942e-001
 6.2040877e-001
 6.2046134e-001
 6.2051624e-001
 6.2057263e-001
 6.2062949e-001
 6.2068599e-001
 6.2074155e-001
 6.2079561e-001
 6.2084824e-001
 6.2089950e-001
 6.2094980e-001
 6.2099946e-001
 6.2104881e-001
 6.2109834e-001
 6.2114811e-001
 6.2119812e-001
 6.2124825e-001
 6.2129807e-001
 6.2134707e-001
 6.2139457e-001
 6.2143975e-001
 6.2148160e-001
 6.2151921e-001
 6.2155163e-001
 6.2157822e-001
 6.2159848e-001
 6.2161219e-001
 6.2161976e-001
 6.2162161e-001
 6.2161881e-001
 6.2161237e-001
 6.2160367e-001
 6.2159383e-001
 6.2158400e-001
 6.2157512e-001
 6.2156790e-001
 6.2156278e-001
 6.2155998e-001
 6.2155974e-001
 6.2156200e-001
 6.2156671e-001
 6.2157375e-001
 6.2158293e-001
 6.2159389e-001
 6.2160611e-001
 6.2161899e-001
 6.2163174e-001
 6.2164366e-001
 6.2165391e-001
 6.2166190e-001
 6.2166697e-001
 6.2166888e-001
 6.2166762e-001
 6.2166321e-001
 6.2165618e-001
 6.2164718e-001
 6.2163693e-001
 6.2162662e-001
 6.2161720e-001
 6.2160981e-001
 6.2160534e-001
 6.2160450e-001
 6.2160754e-001
 6.2161446e-001
 6.2162465e-001
 6.2163723e-001
 6.2165087e-001
 6.2166429e-001
 6.2167591e-001
 6.2168443e-001
 6.2168878e-001
 6.2168831e-001
 6.2168288e-001
 6.2167275e-001
 6.2165874e-001
 6.2164181e-001
 6.2162328e-001
 6.2160426e-001
 6.2158573e-001
 6.2156826e-001
 6.2155217e-001
 6.2153721e-001
 6.2152302e-001
 6.2150902e-001
 6.2149471e-001
 6.2147981e-001
 6.2146407e-001
 6.2144744e-001
 6.2143004e-001
 6.2141174e-001
 6.2139237e-001
 6.2137169e-001
 6.2134928e-001
 6.2132508e-001
 6.2129897e-001
 6.2127131e-001
 6.2124294e-001
 6.2121475e-001
 6.2118775e-001
 6.2116301e-001
 6.2114114e-001
 6.2112266e-001
 6.2110746e-001
 6.2109524e-001
 6.2108523e-001
 6.2107664e-001
 6.2106818e-001
 6.2105876e-001
 6.2104696e-001
 6.2103158e-001
 6.2101156e-001
 6.2098610e-001
 6.2095469e-001
 6.2091744e-001
 6.2087500e-001
 6.2082845e-001
 6.2077940e-001
 6.2072974e-001
 6.2068123e-001
 6.2063545e-001
 6.2059325e-001
 6.2055480e-001
 6.2051916e-001
 6.2048471e-001
 6.2044913e-001
 6.2040967e-001
 6.2036371e-001
 6.2030911e-001
 6.2024409e-001
 6.2016797e-001
 6.2008065e-001
 6.1998290e-001
 6.1987585e-001
 6.1976087e-001
 6.1963969e-001
 6.1951381e-001
 6.1938453e-001
 6.1925310e-001
 6.1912024e-001
 6.1898649e-001
 6.1885190e-001
 6.1871612e-001
 6.1857849e-001
 6.1843830e-001
 6.1829466e-001
 6.1814708e-001
 6.1799532e-001
 6.1783963e-001
 6.1768037e-001
 6.1751837e-001
 6.1735415e-001
 6.1718827e-001
 6.1702091e-001
 6.1685181e-001
 6.1668056e-001
 6.1650658e-001
 6.1632925e-001
 6.1614817e-001
 6.1596328e-001
 6.1577481e-001
 6.1558360e-001
 6.1539060e-001
 6.1519730e-001
 6.1500502e-001
 6.1481524e-001
 6.1462921e-001
 6.1444777e-001
 6.1427146e-001
 6.1410028e-001
 6.1393410e-001
 6.1377245e-001
 6.1361468e-001
 6.1346018e-001
 6.1330813e-001
 6.1315805e-001
 6.1300921e-001
 6.1286116e-001
 6.1271334e-001
 6.1256540e-001
 6.1241680e-001
 6.1226708e-001
 6.1211580e-001
 6.1196262e-001
 6.1180735e-001
 6.1164993e-001
 6.1149085e-001
 6.1133075e-001
 6.1117047e-001
 6.1101109e-001
 6.1085343e-001
 6.1069816e-001
 6.1054546e-001
 6.1039513e-001
 6.1024654e-001
 6.1009884e-001
 6.0995108e-001
 6.0980242e-001
 6.0965222e-001
 6.0950041e-001
 6.0934699e-001
 6.0919273e-001
 6.0903835e-001
 6.0888475e-001
 6.0873282e-001
 6.0858303e-001
 6.0843581e-001
 6.0829109e-001
 6.0814893e-001
 6.0800916e-001
 6.0787201e-001
 6.0773778e-001
 6.0760707e-001
 6.0748035e-001
 6.0735804e-001
 6.0723811e-001
 6.0712498e-001
 6.0701567e-001
 6.0690945e-001
 6.0680544e-001
 6.0670286e-001
 6.0660142e-001
 6.0650086e-001
 6.0640126e-001
 6.0630286e-001
 6.0620582e-001
 6.0611039e-001
 6.0601646e-001
 6.0592377e-001
 6.0583168e-001
 6.0573936e-001
 6.0564542e-001
 6.0554874e-001
 6.0544789e-001
 6.0534191e-001
 6.0523027e-001
 6.0511297e-001
 6.0499030e-001
 6.0486293e-001
 6.0473150e-001
 6.0459644e-001
 6.0445768e-001
 6.0431504e-001
 6.0416794e-001
 6.0401583e-001
 6.0385835e-001
 6.0369557e-001
 6.0352784e-001
 6.0335571e-001
 6.0317999e-001
 6.0300136e-001
 6.0282016e-001
 6.0263664e-001
 6.0245091e-001
 6.0226309e-001
 6.0207361e-001
 6.0188299e-001
 6.0169196e-001
 6.0150146e-001
 6.0131192e-001
 6.0112327e-001
 6.0093451e-001
 6.0074329e-001
 6.0054624e-001
 6.0033864e-001
 6.0011506e-001
 5.9986991e-001
 5.9959763e-001
 5.9929329e-001
 5.9895277e-001
 5.9857273e-001
 5.9815061e-001
 5.9768409e-001
 5.9717095e-001
 5.9660822e-001
 5.9599233e-001
 5.9531826e-001
 5.9458011e-001
 5.9377068e-001
 5.9288168e-001
 5.9190464e-001
 5.9083092e-001
 5.8965206e-001
 5.8836055e-001
 5.8694899e-001
 5.8541119e-001
 5.8374077e-001
 5.8193064e-001
 5.7997358e-001
 5.7786012e-001
 5.7558012e-001
 5.7312196e-001
 5.7047212e-001
 5.6761736e-001
 5.6454271e-001
 5.6123447e-001
 5.5767971e-001
 5.5386508e-001
 5.4978073e-001
 5.4541719e-001
 5.4076940e-001
 5.3583658e-001
 5.3062135e-001
 5.2513468e-001
 5.1939523e-001
 5.1342821e-001
 5.0727063e-001
 5.0096589e-001
 4.9456841e-001
 4.8814079e-001
 4.8175034e-001
 4.7547266e-001
 4.6938369e-001
 4.6356225e-001
 4.5808485e-001
 4.5302081e-001
 4.4843370e-001
 4.4437405e-001
 4.4088134e-001
 4.3798098e-001
 4.3568319e-001
 4.3398565e-001
 4.3287233e-001
 4.3231657e-001
 4.3228209e-001
 4.3272510e-001
 4.3359655e-001
 4.3484455e-001
 4.3641573e-001
 4.3825716e-001
 4.4031844e-001
 4.4255155e-001
 4.4491196e-001
 4.4736007e-001
 4.4985932e-001
 4.5237875e-001
 4.5489097e-001
 4.5737290e-001
 4.5980671e-001
 4.6217728e-001
 4.6447414e-001
 4.6668896e-001
 4.6881592e-001
 4.7085181e-001
 4.7279391e-001
 4.7464168e-001
 4.7639495e-001
 4.7805461e-001
 4.7962323e-001
 4.8110345e-001
 4.8249957e-001
 4.8381612e-001
 4.8505807e-001
 4.8623115e-001
 4.8734066e-001
 4.8839170e-001
 4.8938957e-001
 4.9033868e-001
 4.9124366e-001
 4.9210858e-001
 4.9293748e-001
 4.9373445e-001
 4.9450314e-001
 4.9524730e-001
 4.9596995e-001
 4.9667367e-001
 4.9736068e-001
 4.9803242e-001
 4.9869022e-001
 4.9933505e-001
 4.9996784e-001
 5.0058991e-001
 5.0120252e-001
 5.0180745e-001
 5.0240654e-001
 5.0300175e-001
 5.0359547e-001
 5.0418973e-001
 5.0478661e-001
 5.0538796e-001
 5.0599504e-001
 5.0660896e-001
 5.0722998e-001
 5.0785804e-001
 5.0849301e-001
 5.0913423e-001
 5.0978154e-001
 5.1043463e-001
 5.1109332e-001
 5.1175803e-001
 5.1242882e-001
 5.1310581e-001
 5.1378882e-001
 5.1447707e-001
 5.1516962e-001
 5.1586473e-001
 5.1656061e-001
 5.1725495e-001
 5.1794535e-001
 5.1862979e-001
 5.1930618e-001
 5.1997316e-001
 5.2062994e-001
 5.2127635e-001
 5.2191341e-001
 5.2254266e-001
 5.2316636e-001
 5.2378756e-001
 5.2440929e-001
 5.2503502e-001
 5.2566773e-001
 5.2630979e-001
 5.2696323e-001
 5.2762860e-001
 5.2830571e-001
 5.2899283e-001
 5.2968764e-001
 5.3038651e-001
 5.3108579e-001
 5.3178173e-001
 5.3247046e-001
 5.3314912e-001
 5.3381550e-001
 5.3446829e-001
 5.3510654e-001
 5.3573030e-001
 5.3634030e-001
 5.3693718e-001
 5.3752255e-001
 5.3809804e-001
 5.3866500e-001
 5.3922498e-001
 5.3977901e-001
 5.4032743e-001
 5.4086977e-001
 5.4140514e-001
 5.4193234e-001
 5.4244953e-001
 5.4295570e-001
 5.4344988e-001
 5.4393125e-001
 5.4439962e-001
 5.4485476e-001
 5.4529601e-001
 5.4572284e-001
 5.4613447e-001
 5.4653007e-001
 5.4690868e-001
 5.4726988e-001
 5.4761356e-001
 5.4793966e-001
 5.4824847e-001
 5.4854059e-001
 5.4881644e-001
 5.4907703e-001
 5.4932344e-001
 5.4955685e-001
 5.4977846e-001
 5.4998952e-001
 5.5019093e-001
 5.5038327e-001
 5.5056679e-001
 5.5074185e-001
 5.5090845e-001
 5.5106676e-001
 5.5121702e-001
 5.5135906e-001
 5.5149293e-001
 5.5161804e-001
 5.5173355e-001
 5.5183804e-001
 5.5192995e-001
 5.5200720e-001
 5.5206770e-001
 5.5210942e-001
 5.5213064e-001
 5.5212998e-001
 5.5210674e-001
 5.5206084e-001
 5.5199283e-001
 5.5190384e-001
 5.5179560e-001
 5.5166990e-001
 5.5152881e-001
 5.5137396e-001
 5.5120659e-001
 5.5102730e-001
 5.5083591e-001
 5.5063182e-001
 5.5041420e-001
 5.5018228e-001
 5.4993564e-001
 5.4967433e-001
 5.4939926e-001
 5.4911172e-001
 5.4881340e-001
 5.4850650e-001
 5.4819316e-001
 5.4787523e-001
 5.4755449e-001
 5.4723209e-001
 5.4690886e-001
 5.4658496e-001
 5.4626065e-001
 5.4593569e-001
 5.4560977e-001
 5.4528254e-001
 5.4495347e-001
 5.4462165e-001
 5.4428619e-001
 5.4394561e-001
 5.4359823e-001
 5.4324186e-001
 5.4287463e-001
 5.4249448e-001
 5.4209995e-001
 5.4169077e-001
 5.4126769e-001
 5.4083294e-001
 5.4039067e-001
 5.3994608e-001
 5.3950548e-001
 5.3907609e-001
 5.3866482e-001
 5.3827780e-001
 5.3792006e-001
 5.3759480e-001
 5.3730297e-001
 5.3704321e-001
 5.3681219e-001
 5.3660452e-001
 5.3641349e-001
 5.3623164e-001
 5.3605145e-001
 5.3586578e-001
 5.3566849e-001
 5.3545475e-001
 5.3522086e-001
 5.3496397e-001
 5.3468210e-001
 5.3437293e-001
 5.3403378e-001
 5.3366107e-001
 5.3324986e-001
 5.3279376e-001
 5.3228569e-001
 5.3171712e-001
 5.3107929e-001
 5.3036290e-001
 5.2955955e-001
 5.2866071e-001
 5.2765834e-001
 5.2654618e-001
 5.2531821e-001
 5.2396953e-001
 5.2249759e-001
 5.2090102e-001
 5.1918077e-001
 5.1734012e-001
 5.1538652e-001
 5.1332945e-001
 5.1118112e-001
 5.0895816e-001
 5.0667799e-001
 5.0435972e-001
 5.0202519e-001
 4.9969479e-001
 4.9738830e-001
 4.9512583e-001
 4.9292371e-001
 4.9079600e-001
 4.8875329e-001
 4.8680416e-001
 4.8495248e-001
 4.8319897e-001
 4.8154274e-001
 4.7997892e-001
 4.7850046e-001
 4.7709903e-001
 4.7576308e-001
 4.7447932e-001
 4.7323206e-001
 4.7200471e-001
 4.7077835e-001
 4.6953326e-001
 4.6825060e-001
 4.6691138e-001
 4.6549791e-001
 4.6399561e-001
 4.6239120e-001
 4.6067381e-001
 4.5883653e-001
 4.5687389e-001
 4.5478365e-001
 4.5256585e-001
 4.5022509e-001
 4.4776723e-001
 4.4520065e-001
 4.4253790e-001
 4.3979138e-001
 4.3697405e-001
 4.3410072e-001
 4.3118265e-001
 4.2822912e-001
 4.2524520e-001
 4.2223412e-001
 4.1919336e-001
 4.1611806e-001
 4.1300562e-001
 4.0985438e-001
 4.0667003e-001
 4.0347177e-001
 4.0029189e-001
 3.9718124e-001
 3.9420903e-001
 3.9146399e-001
 3.8904610e-001
 3.8706222e-001
 3.8561827e-001
 3.8480616e-001
 3.8469598e-001
 3.8532698e-001
 3.8670230e-001
 3.8878810e-001
 3.9151433e-001
 3.9478427e-001
 3.9848199e-001
 4.0248454e-001
 4.0666866e-001
 4.1092557e-001
 4.1516462e-001
 4.1931367e-001
 4.2332578e-001
 4.2717412e-001
 4.3084565e-001
 4.3434209e-001
 4.3767151e-001
 4.4084594e-001
 4.4387507e-001
 4.4676876e-001
 4.4953373e-001
 4.5217156e-001
 4.5468354e-001
 4.5706952e-001
 4.5932740e-001
 4.6145752e-001
 4.6346140e-001
 4.6534079e-001
 4.6710059e-001
 4.6874672e-001
 4.7028685e-001
 4.7172856e-001
 4.7308141e-001
 4.7435498e-001
 4.7555786e-001
 4.7669864e-001
 4.7778448e-001
 4.7882009e-001
 4.7980899e-001
 4.8075292e-001
 4.8165253e-001
 4.8250738e-001
 4.8331776e-001
 4.8408467e-001
 4.8480946e-001
 4.8549512e-001
 4.8614526e-001
 4.8676312e-001
 4.8735210e-001
 4.8791450e-001
 4.8845088e-001
 4.8896062e-001
 4.8944139e-001
 4.8988965e-001
 4.9030048e-001
 4.9066857e-001
 4.9098825e-001
 4.9125382e-001
 4.9146023e-001
 4.9160323e-001
 4.9167991e-001
 4.9168897e-001
 4.9163076e-001
 4.9150732e-001
 4.9132213e-001
 4.9107960e-001
 4.9078456e-001
 4.9044225e-001
 4.9005738e-001
 4.8963407e-001
 4.8917612e-001
 4.8868620e-001
 4.8816597e-001
 4.8761657e-001
 4.8703787e-001
 4.8642901e-001
 4.8578867e-001
 4.8511612e-001
 4.8441079e-001
 4.8367310e-001
 4.8290533e-001
 4.8211014e-001
 4.8129082e-001
 4.8045099e-001
 4.7959283e-001
 4.7871718e-001
 4.7782290e-001
 4.7690761e-001
 4.7596669e-001
 4.7499442e-001
 4.7398543e-001
 4.7293401e-001
 4.7183564e-001
 4.7068837e-001
 4.6949187e-001
 4.6824831e-001
 4.6696308e-001
 4.6564260e-001
 4.6429482e-001
 4.6292773e-001
 4.6154985e-001
 4.6016783e-001
 4.5878690e-001
 4.5741194e-001
 4.5604542e-001
 4.5468855e-001
 4.5334250e-001
 4.5200643e-001
 4.5067894e-001
 4.4935766e-001
 4.4804066e-001
 4.4672516e-001
 4.4540876e-001
 4.4409090e-001
 4.4277140e-001
 4.4145140e-001
 4.4013411e-001
 4.3882263e-001
 4.3752035e-001
 4.3622997e-001
 4.3495387e-001
 4.3369210e-001
 4.3244299e-001
 4.3120444e-001
 4.2997214e-001
 4.2874095e-001
 4.2750633e-001
 4.2626286e-001
 4.2500588e-001
 4.2373300e-001
 4.2244300e-001
 4.2113778e-001
 4.1982201e-001
 4.1850409e-001
 4.1719395e-001
 4.1590267e-001
 4.1464269e-001
 4.1342473e-001
 4.1225842e-001
 4.1115287e-001
 4.1011539e-001
 4.0915272e-001
 4.0827104e-001
 4.0747669e-001
 4.0677458e-001
 4.0616846e-001
 4.0566066e-001
 4.0525070e-001
 4.0493548e-001
 4.0470943e-001
 4.0456408e-001
 4.0448871e-001
 4.0447035e-001
 4.0449408e-001
 4.0454331e-001
 4.0460029e-001
 4.0464669e-001
 4.0466455e-001
 4.0463716e-001
 4.0455022e-001
 4.0439245e-001
 4.0415606e-001
 4.0383711e-001
 4.0343499e-001
 4.0295196e-001
 4.0239239e-001
 4.0176272e-001
 4.0107009e-001
 4.0032265e-001
 3.9953029e-001
 3.9870387e-001
 3.9785597e-001
 3.9700145e-001
 3.9615607e-001
 3.9533615e-001
 3.9455810e-001
 3.9383593e-001
 3.9318091e-001
 3.9260009e-001
 3.9209652e-001
 3.9166820e-001
 3.9130917e-001
 3.9101055e-001
 3.9076108e-001
 3.9054856e-001
 3.9036089e-001
 3.9018658e-001
 3.9001510e-001
 3.8983715e-001
 3.8964462e-001
 3.8943034e-001
 3.8918781e-001
 3.8891128e-001
 3.8859534e-001
 3.8823521e-001
 3.8782707e-001
 3.8736776e-001
 3.8685539e-001
 3.8628963e-001
 3.8567120e-001
 3.8500229e-001
 3.8428599e-001
 3.8352674e-001
 3.8272887e-001
 3.8189629e-001
 3.8103241e-001
 3.8013858e-001
 3.7921420e-001
 3.7825781e-001
 3.7726647e-001
 3.7623772e-001
 3.7517008e-001
 3.7406471e-001
 3.7292415e-001
 3.7175247e-001
 3.7055561e-001
 3.6933881e-001
 3.6810690e-001
 3.6686489e-001
 3.6561611e-001
 3.6436346e-001
 3.6311051e-001
 3.6185992e-001
 3.6061499e-001
 3.5937914e-001
 3.5815755e-001
 3.5695547e-001
 3.5577941e-001
 3.5463777e-001
 3.5353887e-001
 3.5249120e-001
 3.5150337e-001
 3.5058191e-001
 3.4973177e-001
 3.4895545e-001
 3.4825379e-001
 3.4762478e-001
 3.4706447e-001
 3.4656754e-001
 3.4612700e-001
 3.4573513e-001
 3.4538427e-001
 3.4506682e-001
 3.4477589e-001
 3.4450546e-001
 3.4425068e-001
 3.4400752e-001
 3.4377295e-001
 3.4354505e-001
 3.4332246e-001
 3.4310409e-001
 3.4288898e-001
 3.4267548e-001
 3.4246111e-001
 3.4224275e-001
 3.4201673e-001
 3.4177938e-001
 3.4152737e-001
 3.4125832e-001
 3.4097061e-001
 3.4066343e-001
 3.4033707e-001
 3.3999205e-001
 3.3962896e-001
 3.3924848e-001
 3.3885041e-001
 3.3843407e-001
 3.3799830e-001
 3.3754244e-001
 3.3706638e-001
 3.3657190e-001
 3.3606333e-001
 3.3554736e-001
 3.3503276e-001
 3.3453003e-001
 3.3404893e-001
 3.3359751e-001
 3.3318096e-001
 3.3280018e-001
 3.3245233e-001
 3.3213151e-001
 3.3183023e-001
 3.3154097e-001
 3.3125761e-001
 3.3097711e-001
 3.3069944e-001
 3.3042774e-001
 3.3016750e-001
 3.2992497e-001
 3.2970592e-001
 3.2951444e-001
 3.2935253e-001
 3.2921991e-001
 3.2911456e-001
-1.2300000e+034
