s07_ASD Record=12446: Alunite.5+MuscCU91-250A AMX4  BECKa AREF
-1.2300000e+034
-1.2300000e+034
-1.2300000e+034
 2.1869943e-001
 2.1997388e-001
 2.2155640e-001
 2.2341278e-001
 2.2549030e-001
 2.2773156e-001
 2.3008431e-001
 2.3250838e-001
 2.3497538e-001
 2.3746717e-001
 2.3997249e-001
 2.4248405e-001
 2.4499731e-001
 2.4750902e-001
 2.5001809e-001
 2.5252593e-001
 2.5503704e-001
 2.5755763e-001
 2.6009232e-001
 2.6264116e-001
 2.6519752e-001
 2.6774985e-001
 2.7028480e-001
 2.7279460e-001
 2.7528325e-001
 2.7776563e-001
 2.8025985e-001
 2.8277880e-001
 2.8532773e-001
 2.8790608e-001
 2.9051164e-001
 2.9314312e-001
 2.9580361e-001
 2.9850349e-001
 3.0125797e-001
 3.0408144e-001
 3.0697832e-001
 3.0993661e-001
 3.1292570e-001
 3.1590122e-001
 3.1881687e-001
 3.2163730e-001
 3.2434902e-001
 3.2696277e-001
 3.2950902e-001
 3.3202523e-001
 3.3454195e-001
 3.3707052e-001
 3.3959809e-001
 3.4209326e-001
 3.4451947e-001
 3.4685099e-001
 3.4908009e-001
 3.5121700e-001
 3.5327917e-001
 3.5527471e-001
 3.5718626e-001
 3.5898131e-001
 3.6067256e-001
 3.6227417e-001
 3.6379081e-001
 3.6523888e-001
 3.6665335e-001
 3.6805716e-001
 3.6945724e-001
 3.7085173e-001
 3.7223381e-001
 3.7359497e-001
 3.7492856e-001
 3.7623268e-001
 3.7751216e-001
 3.7877750e-001
 3.8004130e-001
 3.8131249e-001
 3.8259310e-001
 3.8387907e-001
 3.8516501e-001
 3.8645014e-001
 3.8774106e-001
 3.8905057e-001
 3.9039239e-001
 3.9177540e-001
 3.9319900e-001
 3.9465219e-001
 3.9611641e-001
 3.9756948e-001
 3.9899006e-001
 4.0035936e-001
 4.0166214e-001
 4.0288639e-001
 4.0402445e-001
 4.0507448e-001
 4.0604258e-001
 4.0694538e-001
 4.0780994e-001
 4.0866989e-001
 4.0955710e-001
 4.1049236e-001
 4.1147813e-001
 4.1249797e-001
 4.1352344e-001
 4.1452518e-001
 4.1548693e-001
 4.1641229e-001
 4.1732076e-001
 4.1823724e-001
 4.1918263e-001
 4.2016920e-001
 4.2119962e-001
 4.2226654e-001
 4.2335179e-001
 4.2442805e-001
 4.2546487e-001
 4.2643800e-001
 4.2733917e-001
 4.2818043e-001
 4.2899117e-001
 4.2980650e-001
 4.3065360e-001
 4.3154249e-001
 4.3246648e-001
 4.3341097e-001
 4.3436313e-001
 4.3531868e-001
 4.3628246e-001
 4.3726498e-001
 4.3827730e-001
 4.3932652e-001
 4.4041249e-001
 4.4152492e-001
 4.4264480e-001
 4.4375107e-001
 4.4483182e-001
 4.4589251e-001
 4.4695580e-001
 4.4805095e-001
 4.4919816e-001
 4.5039678e-001
 4.5162371e-001
 4.5284480e-001
 4.5403025e-001
 4.5516640e-001
 4.5625979e-001
 4.5733556e-001
 4.5843020e-001
 4.5957625e-001
 4.6078467e-001
 4.6203658e-001
 4.6329364e-001
 4.6452120e-001
 4.6570757e-001
 4.6686566e-001
 4.6801850e-001
 4.6918222e-001
 4.7036076e-001
 4.7155261e-001
 4.7275943e-001
 4.7398537e-001
 4.7523066e-001
 4.7649032e-001
 4.7776055e-001
 4.7904503e-001
 4.8034841e-001
 4.8166317e-001
 4.8296633e-001
 4.8423475e-001
 4.8546359e-001
 4.8666412e-001
 4.8784310e-001
 4.8899066e-001
 4.9009728e-001
 4.9118254e-001
 4.9229929e-001
 4.9349973e-001
 4.9479517e-001
 4.9615166e-001
 4.9751809e-001
 4.9885178e-001
 5.0012505e-001
 5.0132704e-001
 5.0247365e-001
 5.0361049e-001
 5.0479472e-001
 5.0606197e-001
 5.0740129e-001
 5.0875658e-001
 5.1005656e-001
 5.1125753e-001
 5.1237774e-001
 5.1349902e-001
 5.1472002e-001
 5.1608193e-001
 5.1752698e-001
 5.1893979e-001
 5.2024126e-001
 5.2144921e-001
 5.2265263e-001
 5.2392948e-001
 5.2528429e-001
 5.2665126e-001
 5.2794451e-001
 5.2910805e-001
 5.3014416e-001
 5.3111762e-001
 5.3211284e-001
 5.3315634e-001
 5.3419405e-001
 5.3518403e-001
 5.3619528e-001
 5.3736049e-001
 5.3872150e-001
 5.4016280e-001
 5.4151130e-001
 5.4268521e-001
 5.4374522e-001
 5.4482216e-001
 5.4600924e-001
 5.4731995e-001
 5.4872155e-001
 5.5018002e-001
 5.5167192e-001
 5.5317044e-001
 5.5463278e-001
 5.5600619e-001
 5.5725604e-001
 5.5839831e-001
 5.5950397e-001
 5.6065565e-001
 5.6188715e-001
 5.6316090e-001
 5.6439817e-001
 5.6553507e-001
 5.6656915e-001
 5.6757176e-001
 5.6864285e-001
 5.6982595e-001
 5.7106054e-001
 5.7224333e-001
 5.7334602e-001
 5.7445222e-001
 5.7565212e-001
 5.7689148e-001
 5.7797313e-001
 5.7877123e-001
 5.7940620e-001
 5.8011693e-001
 5.8098775e-001
 5.8191961e-001
 5.8282089e-001
 5.8369583e-001
 5.8459324e-001
 5.8555806e-001
 5.8659410e-001
 5.8761787e-001
 5.8850276e-001
 5.8924001e-001
 5.8999294e-001
 5.9089810e-001
 5.9189898e-001
 5.9286702e-001
 5.9375662e-001
 5.9457785e-001
 5.9536505e-001
 5.9618193e-001
 5.9706026e-001
 5.9798282e-001
 5.9893548e-001
 5.9988976e-001
 6.0079181e-001
 6.0164911e-001
 6.0255080e-001
 6.0355395e-001
 6.0460347e-001
 6.0558772e-001
 6.0644776e-001
 6.0720444e-001
 6.0786700e-001
 6.0839224e-001
 6.0880679e-001
 6.0928577e-001
 6.0997373e-001
 6.1082196e-001
 6.1170822e-001
 6.1256862e-001
 6.1335105e-001
 6.1398768e-001
 6.1450183e-001
 6.1504811e-001
 6.1577040e-001
 6.1665261e-001
 6.1753762e-001
 6.1828691e-001
 6.1891508e-001
 6.1954790e-001
 6.2024921e-001
 6.2095481e-001
 6.2159091e-001
 6.2218058e-001
 6.2280345e-001
 6.2350339e-001
 6.2426054e-001
 6.2503010e-001
 6.2578839e-001
 6.2653655e-001
 6.2726778e-001
 6.2795764e-001
 6.2859178e-001
 6.2917995e-001
 6.2974262e-001
 6.3032007e-001
 6.3099962e-001
 6.3187420e-001
 6.3292903e-001
 6.3400501e-001
 6.3490480e-001
 6.3551664e-001
 6.3589293e-001
 6.3622910e-001
 6.3671923e-001
 6.3741046e-001
 6.3820964e-001
 6.3900381e-001
 6.3974512e-001
 6.4044672e-001
 6.4112961e-001
 6.4178294e-001
 6.4237446e-001
 6.4289540e-001
 6.4339042e-001
 6.4393497e-001
 6.4457583e-001
 6.4528912e-001
 6.4599854e-001
 6.4663410e-001
 6.4717644e-001
 6.4765733e-001
 6.4813405e-001
 6.4866441e-001
 6.4927894e-001
 6.4994425e-001
 6.5054780e-001
 6.5095764e-001
 6.5114778e-001
 6.5127558e-001
 6.5159637e-001
 6.5226877e-001
 6.5322745e-001
 6.5423465e-001
 6.5505487e-001
 6.5559465e-001
 6.5593541e-001
 6.5624475e-001
 6.5664542e-001
 6.5717804e-001
 6.5780026e-001
 6.5842134e-001
 6.5898657e-001
 6.5951121e-001
 6.6000611e-001
 6.6043025e-001
 6.6078097e-001
 6.6115749e-001
 6.6164958e-001
 6.6221976e-001
 6.6275835e-001
 6.6320860e-001
 6.6361338e-001
 6.6406220e-001
 6.6457540e-001
 6.6505170e-001
 6.6536885e-001
 6.6552109e-001
 6.6564900e-001
 6.6593111e-001
 6.6639376e-001
 6.6686541e-001
 6.6720980e-001
 6.6750485e-001
 6.6788596e-001
 6.6835213e-001
 6.6883397e-001
 6.6929471e-001
 6.6963822e-001
 6.6968203e-001
 6.6940820e-001
 6.6911495e-001
 6.6913402e-001
 6.6949737e-001
 6.6996861e-001
 6.7030174e-001
 6.7044461e-001
 6.7054552e-001
 6.7075849e-001
 6.7107171e-001
 6.7139572e-001
 6.7167324e-001
 6.7190582e-001
 6.7211246e-001
 6.7228895e-001
 6.7245775e-001
 6.7268586e-001
 6.7301506e-001
 6.7338979e-001
 6.7367262e-001
 6.7375457e-001
 6.7370385e-001
 6.7376029e-001
 6.7412382e-001
 6.7471761e-001
 6.7520189e-001
 6.7525840e-001
 6.7488533e-001
 6.7439401e-001
 6.7412001e-001
 6.7416441e-001
 6.7439008e-001
 6.7461598e-001
 6.7476493e-001
 6.7487091e-001
 6.7498481e-001
 6.7509031e-001
 6.7511183e-001
 6.7499226e-001
 6.7475206e-001
 6.7450070e-001
 6.7439675e-001
 6.7450380e-001
 6.7479587e-001
 6.7516214e-001
 6.7551976e-001
 6.7585826e-001
 6.7619604e-001
 6.7655182e-001
 6.7693466e-001
 6.7729187e-001
 6.7754591e-001
 6.7761916e-001
 6.7745507e-001
 6.7713600e-001
 6.7680055e-001
 6.7658740e-001
 6.7661327e-001
 6.7684829e-001
 6.7720282e-001
 6.7758751e-001
 6.7792225e-001
 6.7818993e-001
 6.7842919e-001
 6.7858154e-001
 6.7869431e-001
 6.7877543e-001
 6.7883182e-001
 6.7887050e-001
 6.7889833e-001
 6.7892247e-001
 6.7895395e-001
 6.7900735e-001
 6.7909753e-001
 6.7923915e-001
 6.7944622e-001
 6.7970592e-001
 6.7998034e-001
 6.8023008e-001
 6.8041593e-001
 6.8050021e-001
 6.8048167e-001
 6.8039483e-001
 6.8027586e-001
 6.8016052e-001
 6.8008494e-001
 6.8007612e-001
 6.8012649e-001
 6.8021971e-001
 6.8033999e-001
 6.8047106e-001
 6.8059695e-001
 6.8070507e-001
 6.8079704e-001
 6.8087786e-001
 6.8095231e-001
 6.8102527e-001
 6.8110180e-001
 6.8118674e-001
 6.8128347e-001
 6.8139011e-001
 6.8150294e-001
 6.8161893e-001
 6.8173438e-001
 6.8184608e-001
 6.8195051e-001
 6.8204439e-001
 6.8212605e-001
 6.8220001e-001
 6.8227279e-001
 6.8235046e-001
 6.8243933e-001
 6.8254566e-001
 6.8267572e-001
 6.8283582e-001
 6.8302840e-001
 6.8324298e-001
 6.8346554e-001
 6.8368214e-001
 6.8387908e-001
 6.8404227e-001
 6.8415791e-001
 6.8421215e-001
 6.8419540e-001
 6.8411410e-001
 6.8397826e-001
 6.8379790e-001
 6.8358314e-001
 6.8334401e-001
 6.8309069e-001
 6.8283308e-001
 6.8258137e-001
 6.8234563e-001
 6.8213570e-001
 6.8196189e-001
 6.8183130e-001
 6.8174064e-001
 6.8168437e-001
 6.8165666e-001
 6.8165201e-001
 6.8166482e-001
 6.8168926e-001
 6.8171984e-001
 6.8175083e-001
 6.8177676e-001
 6.8179184e-001
 6.8179041e-001
 6.8176883e-001
 6.8173021e-001
 6.8167925e-001
 6.8162072e-001
 6.8155932e-001
 6.8149954e-001
 6.8144625e-001
 6.8140405e-001
 6.8137777e-001
 6.8137193e-001
 6.8139124e-001
 6.8143803e-001
 6.8150592e-001
 6.8158686e-001
 6.8167257e-001
 6.8175483e-001
 6.8182546e-001
 6.8187630e-001
 6.8189919e-001
 6.8188584e-001
 6.8182820e-001
 6.8172163e-001
 6.8157458e-001
 6.8139791e-001
 6.8120295e-001
 6.8100059e-001
 6.8080205e-001
 6.8061811e-001
 6.8046010e-001
 6.8033904e-001
 6.8026596e-001
 6.8024921e-001
 6.8028802e-001
 6.8037951e-001
 6.8052083e-001
 6.8070918e-001
 6.8094176e-001
 6.8121558e-001
 6.8152803e-001
 6.8187618e-001
 6.8225724e-001
 6.8266600e-001
 6.8309009e-001
 6.8351501e-001
 6.8392682e-001
 6.8431115e-001
 6.8465376e-001
 6.8494052e-001
 6.8515724e-001
 6.8528962e-001
 6.8532807e-001
 6.8527794e-001
 6.8514788e-001
 6.8494648e-001
 6.8468237e-001
 6.8436408e-001
 6.8400013e-001
 6.8359929e-001
 6.8317193e-001
 6.8273407e-001
 6.8230349e-001
 6.8189752e-001
 6.8153369e-001
 6.8122959e-001
 6.8100256e-001
 6.8087018e-001
 6.8084162e-001
 6.8089831e-001
 6.8101662e-001
 6.8117261e-001
 6.8134242e-001
 6.8150210e-001
 6.8162799e-001
 6.8169600e-001
 6.8168765e-001
 6.8160170e-001
 6.8144023e-001
 6.8121392e-001
 6.8090153e-001
 6.8052256e-001
 6.8008339e-001
 6.7959660e-001
 6.7908138e-001
 6.7856205e-001
 6.7806518e-001
 6.7761713e-001
 6.7723817e-001
 6.7693281e-001
 6.7668390e-001
 6.7645884e-001
 6.7621911e-001
 6.7592698e-001
 6.7555243e-001
 6.7507958e-001
 6.7450869e-001
 6.7385238e-001
 6.7312908e-001
 6.7235845e-001
 6.7155802e-001
 6.7074072e-001
 6.6991407e-001
 6.6908157e-001
 6.6824454e-001
 6.6740423e-001
 6.6656321e-001
 6.6572666e-001
 6.6490304e-001
 6.6410303e-001
 6.6333842e-001
 6.6262078e-001
 6.6196018e-001
 6.6136390e-001
 6.6083628e-001
 6.6037905e-001
 6.5999246e-001
 6.5967602e-001
 6.5942866e-001
 6.5975904e-001
 6.5964472e-001
 6.5959996e-001
 6.5962642e-001
 6.5972602e-001
 6.5990162e-001
 6.6015649e-001
 6.6049510e-001
 6.6092211e-001
 6.6144228e-001
 6.6205972e-001
 6.6277730e-001
 6.6359603e-001
 6.6451365e-001
 6.6552466e-001
 6.6662085e-001
 6.6779059e-001
 6.6902012e-001
 6.7029321e-001
 6.7159265e-001
 6.7290151e-001
 6.7420304e-001
 6.7548227e-001
 6.7672569e-001
 6.7792130e-001
 6.7905921e-001
 6.8013042e-001
 6.8112850e-001
 6.8204832e-001
 6.8288702e-001
 6.8364418e-001
 6.8432099e-001
 6.8492079e-001
 6.8544859e-001
 6.8591040e-001
 6.8631339e-001
 6.8666428e-001
 6.8696958e-001
 6.8723422e-001
 6.8746185e-001
 6.8765485e-001
 6.8781483e-001
 6.8794322e-001
 6.8804228e-001
 6.8811554e-001
 6.8816751e-001
 6.8820405e-001
 6.8823117e-001
 6.8825436e-001
 6.8827790e-001
 6.8830407e-001
 6.8833327e-001
 6.8836385e-001
 6.8839294e-001
 6.8841732e-001
 6.8843406e-001
 6.8844169e-001
 6.8844020e-001
 6.8843156e-001
 6.8841916e-001
 6.8840748e-001
 6.8840098e-001
 6.8840337e-001
 6.8841720e-001
 6.8844295e-001
 6.8847966e-001
 6.8852490e-001
 6.8857545e-001
 6.8862778e-001
 6.8867886e-001
 6.8872601e-001
 6.8876743e-001
 6.8880165e-001
 6.8882728e-001
 6.8884307e-001
 6.8884784e-001
 6.8884039e-001
 6.8881994e-001
 6.8878639e-001
 6.8874079e-001
 6.8868512e-001
 6.8862236e-001
 6.8855608e-001
 6.8848985e-001
 6.8842679e-001
 6.8836904e-001
 6.8831748e-001
 6.8827152e-001
 6.8822968e-001
 6.8818969e-001
 6.8814909e-001
 6.8810618e-001
 6.8806005e-001
 6.8801099e-001
 6.8796057e-001
 6.8791109e-001
 6.8786514e-001
 6.8782479e-001
 6.8779117e-001
 6.8776393e-001
 6.8774104e-001
 6.8771929e-001
 6.8769473e-001
 6.8766344e-001
 6.8762225e-001
 6.8756974e-001
 6.8750638e-001
 6.8743509e-001
 6.8736076e-001
 6.8728989e-001
 6.8722999e-001
 6.8718863e-001
 6.8717259e-001
 6.8718731e-001
 6.8723631e-001
 6.8732119e-001
 6.8744123e-001
 6.8759429e-001
 6.8777668e-001
 6.8798405e-001
 6.8821126e-001
 6.8845326e-001
 6.8870479e-001
 6.8896073e-001
 6.8921620e-001
 6.8946636e-001
 6.8970674e-001
 6.8993336e-001
 6.9014263e-001
 6.9033182e-001
 6.9049907e-001
 6.9064379e-001
 6.9076627e-001
 6.9086814e-001
 6.9095165e-001
 6.9101983e-001
 6.9107586e-001
 6.9112283e-001
 6.9116336e-001
 6.9119930e-001
 6.9123185e-001
 6.9126105e-001
 6.9128644e-001
 6.9130677e-001
 6.9132048e-001
 6.9132560e-001
 6.9132036e-001
 6.9130296e-001
 6.9127166e-001
 6.9122523e-001
 6.9116265e-001
 6.9108349e-001
 6.9098788e-001
 6.9087660e-001
 6.9075125e-001
 6.9061422e-001
 6.9046855e-001
 6.9031781e-001
 6.9016570e-001
 6.9001597e-001
 6.8987143e-001
 6.8973446e-001
 6.8960595e-001
 6.8948609e-001
 6.8937421e-001
 6.8926942e-001
 6.8917120e-001
 6.8907994e-001
 6.8899739e-001
 6.8892658e-001
 6.8887174e-001
 6.8883747e-001
 6.8882799e-001
 6.8884617e-001
 6.8889272e-001
 6.8896592e-001
 6.8906128e-001
 6.8917215e-001
 6.8929017e-001
 6.8940639e-001
 6.8951225e-001
 6.8960023e-001
 6.8966454e-001
 6.8970168e-001
 6.8971008e-001
 6.8968999e-001
 6.8964291e-001
 6.8957102e-001
 6.8947655e-001
 6.8936145e-001
 6.8922704e-001
 6.8907392e-001
 6.8890220e-001
 6.8871140e-001
 6.8850100e-001
 6.8827009e-001
 6.8801785e-001
 6.8774360e-001
 6.8744677e-001
 6.8712729e-001
 6.8678612e-001
 6.8642503e-001
 6.8604726e-001
 6.8565720e-001
 6.8526006e-001
 6.8486124e-001
 6.8446499e-001
 6.8407410e-001
 6.8368876e-001
 6.8330622e-001
 6.8292129e-001
 6.8252647e-001
 6.8211335e-001
 6.8167347e-001
 6.8119913e-001
 6.8068445e-001
 6.8012494e-001
 6.7951816e-001
 6.7886311e-001
 6.7815983e-001
 6.7741007e-001
 6.7661631e-001
 6.7578310e-001
 6.7491668e-001
 6.7402494e-001
 6.7311788e-001
 6.7220646e-001
 6.7130244e-001
 6.7041677e-001
 6.6955864e-001
 6.6873491e-001
 6.6794896e-001
 6.6720104e-001
 6.6648835e-001
 6.6580576e-001
 6.6514724e-001
 6.6450673e-001
 6.6387910e-001
 6.6326094e-001
 6.6264999e-001
 6.6204500e-001
 6.6144449e-001
 6.6084522e-001
 6.6024148e-001
 6.5962398e-001
 6.5898007e-001
 6.5829402e-001
 6.5754753e-001
 6.5672189e-001
 6.5579814e-001
 6.5475917e-001
 6.5359056e-001
 6.5228117e-001
 6.5082520e-001
 6.4922267e-001
 6.4748174e-001
 6.4561981e-001
 6.4366359e-001
 6.4165080e-001
 6.3962740e-001
 6.3764691e-001
 6.3576680e-001
 6.3404411e-001
 6.3253325e-001
 6.3128257e-001
 6.3033181e-001
 6.2971210e-001
 6.2944508e-001
 6.2954336e-001
 6.3001055e-001
 6.3084131e-001
 6.3202095e-001
 6.3352573e-001
 6.3532293e-001
 6.3737178e-001
 6.3962728e-001
 6.4204091e-001
 6.4456630e-001
 6.4715999e-001
 6.4978433e-001
 6.5240854e-001
 6.5500575e-001
 6.5755385e-001
 6.6003078e-001
 6.6241425e-001
 6.6468143e-001
 6.6680795e-001
 6.6877127e-001
 6.7055124e-001
 6.7213315e-001
 6.7350978e-001
 6.7468089e-001
 6.7565387e-001
 6.7644244e-001
 6.7706442e-001
 6.7754036e-001
 6.7789125e-001
 6.7813730e-001
 6.7829680e-001
 6.7838526e-001
 6.7841524e-001
 6.7839581e-001
 6.7833245e-001
 6.7822677e-001
 6.7807651e-001
 6.7787528e-001
 6.7761314e-001
 6.7727727e-001
 6.7685342e-001
 6.7632782e-001
 6.7568934e-001
 6.7493206e-001
 6.7405725e-001
 6.7307419e-001
 6.7200089e-001
 6.7086267e-001
 6.6968918e-001
 6.6851193e-001
 6.6735917e-001
 6.6625309e-001
 6.6520619e-001
 6.6421908e-001
 6.6328079e-001
 6.6236943e-001
 6.6145545e-001
 6.6050595e-001
 6.5948856e-001
 6.5837759e-001
 6.5715730e-001
 6.5582591e-001
 6.5439689e-001
 6.5289789e-001
 6.5137005e-001
 6.4986247e-001
 6.4842844e-001
 6.4711952e-001
 6.4597929e-001
 6.4504009e-001
 6.4431918e-001
 6.4381737e-001
 6.4352024e-001
 6.4340031e-001
 6.4342082e-001
 6.4354050e-001
 6.4371800e-001
 6.4391571e-001
 6.4410323e-001
 6.4425910e-001
 6.4437139e-001
 6.4443773e-001
 6.4446402e-001
 6.4446294e-001
 6.4445221e-001
 6.4445239e-001
 6.4448494e-001
 6.4457017e-001
 6.4472532e-001
 6.4496297e-001
 6.4528906e-001
 6.4570212e-001
 6.4619213e-001
 6.4674062e-001
 6.4732116e-001
 6.4790070e-001
 6.4844209e-001
 6.4890683e-001
 6.4925832e-001
 6.4946544e-001
 6.4950520e-001
 6.4936471e-001
 6.4904219e-001
 6.4854646e-001
 6.4789468e-001
 6.4711022e-001
 6.4621824e-001
 6.4524233e-001
 6.4420062e-001
 6.4310247e-001
 6.4194709e-001
 6.4072186e-001
 6.3940340e-001
 6.3795912e-001
 6.3634861e-001
 6.3452780e-001
 6.3245022e-001
 6.3007146e-001
 6.2735081e-001
 6.2425280e-001
 6.2075067e-001
 6.1682767e-001
 6.1247677e-001
 6.0770518e-001
 6.0253078e-001
 5.9698552e-001
 5.9111327e-001
 5.8496469e-001
 5.7859981e-001
 5.7207876e-001
 5.6546354e-001
 5.5881310e-001
 5.5217898e-001
 5.4560953e-001
 5.3914374e-001
 5.3281665e-001
 5.2665770e-001
 5.2068794e-001
 5.1492423e-001
 5.0937068e-001
 5.0402039e-001
 4.9884903e-001
 4.9381033e-001
 4.8883948e-001
 4.8385140e-001
 4.7875276e-001
 4.7345293e-001
 4.6787834e-001
 4.6199426e-001
 4.5581889e-001
 4.4943187e-001
 4.4298211e-001
 4.3667504e-001
 4.3076223e-001
 4.2551637e-001
 4.2120343e-001
 4.1806152e-001
 4.1627505e-001
 4.1596261e-001
 4.1716674e-001
 4.1985425e-001
 4.2391941e-001
 4.2919534e-001
 4.3546310e-001
 4.4246632e-001
 4.4992921e-001
 4.5756605e-001
 4.6510351e-001
 4.7228879e-001
 4.7890514e-001
 4.8478308e-001
 4.8980123e-001
 4.9388966e-001
 4.9702778e-001
 4.9923432e-001
 5.0056171e-001
 5.0108480e-001
 5.0089377e-001
 5.0008690e-001
 4.9876624e-001
 4.9703398e-001
 4.9499163e-001
 4.9273837e-001
 4.9036849e-001
 4.8797113e-001
 4.8562506e-001
 4.8339686e-001
 4.8133615e-001
 4.7947091e-001
 4.7780618e-001
 4.7632033e-001
 4.7496617e-001
 4.7367209e-001
 4.7234493e-001
 4.7087643e-001
 4.6915004e-001
 4.6704888e-001
 4.6446788e-001
 4.6132323e-001
 4.5756683e-001
 4.5319834e-001
 4.4827482e-001
 4.4292250e-001
 4.3733558e-001
 4.3177629e-001
 4.2655978e-001
 4.2203015e-001
 4.1853490e-001
 4.1638643e-001
 4.1583124e-001
 4.1701922e-001
 4.1998622e-001
 4.2464703e-001
 4.3080670e-001
 4.3817806e-001
 4.4641286e-001
 4.5513961e-001
 4.6399069e-001
 4.7263998e-001
 4.8081747e-001
 4.8832589e-001
 4.9504751e-001
 5.0093502e-001
 5.0600517e-001
 5.1032650e-001
 5.1400036e-001
 5.1714975e-001
 5.1990294e-001
 5.2238399e-001
 5.2470541e-001
 5.2696151e-001
 5.2922761e-001
 5.3155810e-001
 5.3398758e-001
 5.3653353e-001
 5.3919613e-001
 5.4196310e-001
 5.4480928e-001
 5.4770070e-001
 5.5059797e-001
 5.5345714e-001
 5.5623645e-001
 5.5889726e-001
 5.6140870e-001
 5.6375098e-001
 5.6591487e-001
 5.6790221e-001
 5.6972480e-001
 5.7139993e-001
 5.7294792e-001
 5.7438660e-001
 5.7572883e-001
 5.7698095e-001
 5.7814163e-001
 5.7920504e-001
 5.8016211e-001
 5.8100307e-001
 5.8172011e-001
 5.8231008e-001
 5.8277726e-001
 5.8313435e-001
 5.8340287e-001
 5.8361131e-001
 5.8379191e-001
 5.8397651e-001
 5.8419222e-001
 5.8445758e-001
 5.8478004e-001
 5.8515650e-001
 5.8557588e-001
 5.8602184e-001
 5.8647639e-001
 5.8692253e-001
 5.8734608e-001
 5.8773679e-001
 5.8808881e-001
 5.8840054e-001
 5.8867401e-001
 5.8891374e-001
 5.8912593e-001
 5.8931786e-001
 5.8949727e-001
 5.8967209e-001
 5.8984995e-001
 5.9003788e-001
 5.9024161e-001
 5.9046447e-001
 5.9070712e-001
 5.9096664e-001
 5.9123659e-001
 5.9150708e-001
 5.9176517e-001
 5.9199589e-001
 5.9218359e-001
 5.9231406e-001
 5.9237689e-001
 5.9236747e-001
 5.9228873e-001
 5.9215087e-001
 5.9197056e-001
 5.9176826e-001
 5.9156483e-001
 5.9137833e-001
 5.9122050e-001
 5.9109610e-001
 5.9100282e-001
 5.9093344e-001
 5.9087807e-001
 5.9082657e-001
 5.9077066e-001
 5.9070492e-001
 5.9062785e-001
 5.9054112e-001
 5.9044951e-001
 5.9035933e-001
 5.9027749e-001
 5.9020996e-001
 5.9016091e-001
 5.9013230e-001
 5.9012371e-001
 5.9013271e-001
 5.9015560e-001
 5.9018773e-001
 5.9022462e-001
 5.9026217e-001
 5.9029686e-001
 5.9032619e-001
 5.9034830e-001
 5.9036201e-001
 5.9036630e-001
 5.9036052e-001
 5.9034395e-001
 5.9031594e-001
 5.9027606e-001
 5.9022444e-001
 5.9016180e-001
 5.9008992e-001
 5.9001160e-001
 5.8993077e-001
 5.8985221e-001
 5.8978105e-001
 5.8972210e-001
 5.8967948e-001
 5.8965570e-001
 5.8965129e-001
 5.8966440e-001
 5.8969128e-001
 5.8972609e-001
 5.8976209e-001
 5.8979189e-001
 5.8980864e-001
 5.8980644e-001
 5.8978099e-001
 5.8972996e-001
 5.8965278e-001
 5.8955067e-001
 5.8942622e-001
 5.8928305e-001
 5.8912534e-001
 5.8895743e-001
 5.8878368e-001
 5.8860779e-001
 5.8843291e-001
 5.8826154e-001
 5.8809489e-001
 5.8793354e-001
 5.8777678e-001
 5.8762324e-001
 5.8747077e-001
 5.8731681e-001
 5.8715850e-001
 5.8699316e-001
 5.8681822e-001
 5.8663183e-001
 5.8643234e-001
 5.8621871e-001
 5.8599049e-001
 5.8574724e-001
 5.8548898e-001
 5.8521557e-001
 5.8492708e-001
 5.8462358e-001
 5.8430511e-001
 5.8397216e-001
 5.8362514e-001
 5.8326530e-001
 5.8289409e-001
 5.8251333e-001
 5.8212519e-001
 5.8173150e-001
 5.8133388e-001
 5.8093315e-001
 5.8052897e-001
 5.8012021e-001
 5.7970417e-001
 5.7927728e-001
 5.7883537e-001
 5.7837355e-001
 5.7788742e-001
 5.7737362e-001
 5.7683033e-001
 5.7625818e-001
 5.7566011e-001
 5.7504165e-001
 5.7441038e-001
 5.7377481e-001
 5.7314402e-001
 5.7252604e-001
 5.7192761e-001
 5.7135308e-001
 5.7080472e-001
 5.7028282e-001
 5.6978637e-001
 5.6931347e-001
 5.6886202e-001
 5.6842995e-001
 5.6801587e-001
 5.6761891e-001
 5.6723899e-001
 5.6687635e-001
 5.6653178e-001
 5.6620598e-001
 5.6589973e-001
 5.6561315e-001
 5.6534588e-001
 5.6509662e-001
 5.6486315e-001
 5.6464213e-001
 5.6442881e-001
 5.6421709e-001
 5.6399918e-001
 5.6376547e-001
 5.6350470e-001
 5.6320405e-001
 5.6284976e-001
 5.6242758e-001
 5.6192416e-001
 5.6132799e-001
 5.6063038e-001
 5.5982685e-001
 5.5891699e-001
 5.5790550e-001
 5.5680102e-001
 5.5561531e-001
 5.5436194e-001
 5.5305493e-001
 5.5170625e-001
 5.5032587e-001
 5.4891914e-001
 5.4748797e-001
 5.4603034e-001
 5.4454058e-001
 5.4301178e-001
 5.4143584e-001
 5.3980589e-001
 5.3811729e-001
 5.3636760e-001
 5.3455836e-001
 5.3269339e-001
 5.3077954e-001
 5.2882534e-001
 5.2683884e-001
 5.2482837e-001
 5.2279973e-001
 5.2075714e-001
 5.1870227e-001
 5.1663417e-001
 5.1455122e-001
 5.1245064e-001
 5.1033133e-001
 5.0819445e-001
 5.0604355e-001
 5.0388706e-001
 5.0173712e-001
 4.9960855e-001
 4.9751920e-001
 4.9548620e-001
 4.9352565e-001
 4.9164984e-001
 4.8986486e-001
 4.8817107e-001
 4.8656136e-001
 4.8502344e-001
 4.8354092e-001
 4.8209566e-001
 4.8067173e-001
 4.7925738e-001
 4.7784847e-001
 4.7644997e-001
 4.7507566e-001
 4.7374886e-001
 4.7249892e-001
 4.7135955e-001
 4.7036496e-001
 4.6954608e-001
 4.6892849e-001
 4.6852967e-001
 4.6835822e-001
 4.6841446e-001
 4.6869162e-001
 4.6917817e-001
 4.6986011e-001
 4.7072393e-001
 4.7175819e-001
 4.7295582e-001
 4.7431403e-001
 4.7583446e-001
 4.7752264e-001
 4.7938535e-001
 4.8142996e-001
 4.8366106e-001
 4.8607895e-001
 4.8867869e-001
 4.9144751e-001
 4.9436814e-001
 4.9741763e-001
 5.0056911e-001
 5.0379407e-001
 5.0706089e-001
 5.1033854e-001
 5.1359421e-001
 5.1679450e-001
 5.1990616e-001
 5.2289510e-001
 5.2572799e-001
 5.2837425e-001
 5.3080553e-001
 5.3299952e-001
 5.3494066e-001
 5.3662264e-001
 5.3804964e-001
 5.3923446e-001
 5.4042286e-001
 5.4115587e-001
 5.4172647e-001
 5.4216725e-001
 5.4250777e-001
 5.4277319e-001
 5.4298228e-001
 5.4314762e-001
 5.4327732e-001
 5.4337704e-001
 5.4345113e-001
 5.4350346e-001
 5.4353738e-001
 5.4355538e-001
 5.4355890e-001
 5.4354775e-001
 5.4352027e-001
 5.4347336e-001
 5.4340279e-001
 5.4330373e-001
 5.4317123e-001
 5.4300010e-001
 5.4278576e-001
 5.4252458e-001
 5.4221439e-001
 5.4185551e-001
 5.4145062e-001
 5.4100484e-001
 5.4052484e-001
 5.4001832e-001
 5.3949344e-001
 5.3895831e-001
 5.3842074e-001
 5.3788763e-001
 5.3736478e-001
 5.3685594e-001
 5.3636283e-001
 5.3588557e-001
 5.3542280e-001
 5.3497225e-001
 5.3453159e-001
 5.3409797e-001
 5.3366882e-001
 5.3324193e-001
 5.3281516e-001
 5.3238720e-001
 5.3195697e-001
 5.3152430e-001
 5.3108925e-001
 5.3065193e-001
 5.3021276e-001
 5.2977186e-001
 5.2932888e-001
 5.2888262e-001
 5.2842993e-001
 5.2796578e-001
 5.2748227e-001
 5.2696943e-001
 5.2641577e-001
 5.2580845e-001
 5.2513462e-001
 5.2438122e-001
 5.2353615e-001
 5.2258879e-001
 5.2153075e-001
 5.2035755e-001
 5.1906842e-001
 5.1766574e-001
 5.1615506e-001
 5.1454276e-001
 5.1283634e-001
 5.1104361e-001
 5.0917113e-001
 5.0722545e-001
 5.0521046e-001
 5.0312829e-001
 5.0097847e-001
 4.9875736e-001
 4.9646074e-001
 4.9408215e-001
 4.9161556e-001
 4.8905495e-001
 4.8639378e-001
 4.8362786e-001
 4.8075330e-001
 4.7776961e-001
 4.7467890e-001
 4.7148448e-001
 4.6819249e-001
 4.6481016e-001
 4.6134409e-001
 4.5780316e-001
 4.5419541e-001
 4.5053190e-001
 4.4682661e-001
 4.4309610e-001
 4.3936297e-001
 4.3565199e-001
 4.3199208e-001
 4.2841384e-001
 4.2494723e-001
 4.2162353e-001
 4.1847086e-001
 4.1551518e-001
 4.1277674e-001
 4.1026720e-001
 4.0799099e-001
 4.0594378e-001
 4.0411648e-001
 4.0249643e-001
 4.0106878e-001
 3.9981884e-001
 3.9873114e-001
 3.9779091e-001
 3.9698371e-001
 3.9629540e-001
 3.9571282e-001
 3.9522335e-001
 3.9481461e-001
 3.9447477e-001
 3.9419201e-001
 3.9395484e-001
 3.9375246e-001
 3.9357504e-001
 3.9341483e-001
 3.9326653e-001
 3.9312780e-001
 3.9299893e-001
 3.9288199e-001
 3.9278027e-001
 3.9269757e-001
 3.9263770e-001
 3.9260396e-001
 3.9259875e-001
 3.9262271e-001
 3.9267412e-001
 3.9274877e-001
 3.9284009e-001
 3.9293975e-001
 3.9303848e-001
 3.9312655e-001
 3.9319429e-001
 3.9323252e-001
 3.9323333e-001
 3.9319080e-001
 3.9310181e-001
 3.9296624e-001
 3.9278680e-001
 3.9256820e-001
 3.9231643e-001
 3.9203805e-001
 3.9173993e-001
 3.9142933e-001
 3.9111370e-001
 3.9080134e-001
 3.9050135e-001
 3.9022368e-001
 3.8997930e-001
 3.8977972e-001
 3.8963681e-001
 3.8956246e-001
 3.8956815e-001
 3.8966405e-001
 3.8985780e-001
 3.9015275e-001
 3.9054635e-001
 3.9102978e-001
 3.9158815e-001
 3.9220238e-001
 3.9285094e-001
 3.9351097e-001
 3.9415973e-001
 3.9477509e-001
 3.9533696e-001
 3.9582875e-001
 3.9623821e-001
 3.9655834e-001
 3.9678660e-001
 3.9692381e-001
 3.9697289e-001
 3.9693773e-001
 3.9682263e-001
 3.9663219e-001
 3.9637125e-001
 3.9604491e-001
 3.9565891e-001
 3.9521939e-001
 3.9473298e-001
 3.9420685e-001
 3.9364806e-001
 3.9306402e-001
 3.9246213e-001
 3.9184955e-001
 3.9123353e-001
 3.9062086e-001
 3.9001811e-001
 3.8943151e-001
 3.8886684e-001
 3.8832974e-001
 3.8782555e-001
 3.8735968e-001
 3.8693714e-001
 3.8656291e-001
 3.8624114e-001
 3.8597476e-001
 3.8576564e-001
 3.8561362e-001
 3.8551733e-001
 3.8547418e-001
 3.8548103e-001
 3.8553435e-001
 3.8563040e-001
 3.8576519e-001
 3.8593444e-001
 3.8613328e-001
 3.8635585e-001
 3.8659549e-001
 3.8684472e-001
 3.8709554e-001
 3.8733935e-001
 3.8756773e-001
 3.8777235e-001
 3.8794538e-001
 3.8808042e-001
 3.8817319e-001
 3.8822231e-001
 3.8822961e-001
 3.8819987e-001
 3.8814002e-001
 3.8805825e-001
 3.8796332e-001
 3.8786384e-001
 3.8776797e-001
 3.8768220e-001
 3.8761064e-001
 3.8755405e-001
 3.8750944e-001
 3.8747042e-001
 3.8742822e-001
 3.8737249e-001
 3.8729241e-001
 3.8717705e-001
 3.8701648e-001
 3.8680246e-001
 3.8652986e-001
 3.8619789e-001
 3.8581017e-001
 3.8537449e-001
 3.8490200e-001
 3.8440543e-001
 3.8389826e-001
 3.8339442e-001
 3.8290694e-001
 3.8244754e-001
 3.8202545e-001
 3.8164708e-001
 3.8131490e-001
 3.8102826e-001
 3.8078430e-001
 3.8057855e-001
 3.8040587e-001
 3.8026094e-001
 3.8013834e-001
 3.8003257e-001
 3.7993824e-001
 3.7985012e-001
 3.7976298e-001
 3.7967166e-001
 3.7957120e-001
 3.7945649e-001
 3.7932259e-001
 3.7916461e-001
 3.7897769e-001
 3.7875727e-001
 3.7849915e-001
 3.7819976e-001
 3.7785602e-001
 3.7746528e-001
 3.7702563e-001
 3.7653512e-001
 3.7599182e-001
 3.7539434e-001
 3.7474093e-001
 3.7402999e-001
 3.7326068e-001
 3.7243199e-001
 3.7154344e-001
 3.7059468e-001
 3.6958626e-001
 3.6851829e-001
 3.6739081e-001
 3.6620480e-001
 3.6496055e-001
 3.6365849e-001
 3.6230031e-001
 3.6088726e-001
 3.5942140e-001
 3.5790482e-001
 3.5634112e-001
 3.5473299e-001
 3.5308304e-001
 3.5139513e-001
 3.4967145e-001
 3.4791359e-001
 3.4612322e-001
 3.4429917e-001
 3.4243849e-001
 3.4053808e-001
 3.3859235e-001
 3.3659545e-001
 3.3454090e-001
 3.3242410e-001
 3.3024028e-001
 3.2798719e-001
 3.2566872e-001
 3.2329324e-001
 3.2087561e-001
 3.1843856e-001
 3.1600749e-001
 3.1361103e-001
 3.1127834e-001
 3.0903998e-001
 3.0692324e-001
 3.0495188e-001
 3.0314487e-001
 3.0151156e-001
 3.0005208e-001
 2.9875940e-001
 2.9761925e-001
 2.9661381e-001
 2.9572418e-001
 2.9493007e-001
 2.9421151e-001
 2.9354867e-001
 2.9292306e-001
 2.9231668e-001
 2.9171276e-001
 2.9109597e-001
 2.9045138e-001
 2.8976446e-001
 2.8902164e-001
 2.8820935e-001
 2.8731534e-001
 2.8632942e-001
 2.8524584e-001
 2.8406331e-001
 2.8278616e-001
 2.8142476e-001
 2.7999225e-001
 2.7850407e-001
 2.7697769e-001
 2.7542943e-001
 2.7387482e-001
 2.7232832e-001
 2.7079973e-001
 2.6929441e-001
 2.6781195e-001
 2.6634824e-001
 2.6489452e-001
 2.6343983e-001
 2.6197335e-001
 2.6048285e-001
 2.5895637e-001
 2.5738376e-001
 2.5575495e-001
 2.5406191e-001
 2.5229809e-001
 2.5045985e-001
 2.4854352e-001
 2.4654616e-001
 2.4446684e-001
 2.4230391e-001
 2.4005707e-001
 2.3773047e-001
 2.3533146e-001
 2.3287368e-001
 2.3037967e-001
 2.2787659e-001
 2.2539689e-001
 2.2297522e-001
 2.2064903e-001
 2.1845350e-001
 2.1642151e-001
 2.1458212e-001
 2.1295404e-001
 2.1154425e-001
 2.1034735e-001
 2.0934497e-001
 2.0851026e-001
 2.0781095e-001
 2.0721290e-001
 2.0668110e-001
 2.0618220e-001
 2.0568678e-001
 2.0517136e-001
 2.0462090e-001
 2.0403014e-001
 2.0340192e-001
 2.0274550e-001
 2.0207377e-001
 2.0140228e-001
 2.0074774e-001
 2.0012940e-001
 1.9957161e-001
 1.9910592e-001
 1.9877438e-001
 1.9863077e-001
 1.9873896e-001
 1.9917069e-001
 2.0000170e-001
 2.0130923e-001
 2.0316848e-001
 2.0564805e-001
 2.0879966e-001
 2.1265143e-001
 2.1719798e-001
 2.2239272e-001
 2.2815801e-001
 2.3439150e-001
 2.4097130e-001
 2.4777323e-001
 2.5467077e-001
 2.6154312e-001
 2.6827493e-001
 2.7477318e-001
 2.8096849e-001
 2.8681323e-001
 2.9228801e-001
 2.9739061e-001
 3.0212584e-001
 3.0650732e-001
 3.1055051e-001
 3.1426880e-001
 3.1767914e-001
 3.2079801e-001
 3.2364345e-001
 3.2623222e-001
 3.2858405e-001
 3.3071899e-001
 3.3265594e-001
 3.3441538e-001
 3.3601755e-001
 3.3748105e-001
 3.3882448e-001
 3.4006429e-001
 3.4121469e-001
 3.4228632e-001
 3.4328815e-001
 3.4422737e-001
 3.4510931e-001
 3.4593946e-001
 3.4672305e-001
 3.4746477e-001
 3.4816986e-001
 3.4884366e-001
 3.4949115e-001
 3.5011801e-001
 3.5072982e-001
 3.5133246e-001
 3.5193142e-001
 3.5253245e-001
 3.5314107e-001
 3.5376135e-001
 3.5439593e-001
 3.5504434e-001
 3.5570142e-001
 3.5635778e-001
 3.5699967e-001
 3.5761023e-001
 3.5817051e-001
 3.5866117e-001
 3.5906297e-001
 3.5935780e-001
 3.5953063e-001
 3.5957113e-001
 3.5947546e-001
 3.5924709e-001
 3.5889578e-001
 3.5843644e-001
 3.5788652e-001
 3.5726479e-001
 3.5658965e-001
 3.5587847e-001
 3.5514474e-001
 3.5439596e-001
 3.5363221e-001
 3.5284433e-001
 3.5201505e-001
 3.5112190e-001
 3.5013834e-001
 3.4903643e-001
 3.4778768e-001
 3.4636542e-001
 3.4474444e-001
 3.4290320e-001
 3.4082690e-001
 3.3850524e-001
 3.3593306e-001
 3.3311099e-001
 3.3004028e-001
 3.2672343e-001
 3.2316673e-001
 3.1937653e-001
 3.1536466e-001
 3.1114972e-001
 3.0676389e-001
 3.0224803e-001
 2.9765329e-001
 2.9304200e-001
 2.8847772e-001
 2.8402585e-001
 2.7975443e-001
 2.7572519e-001
 2.7199370e-001
 2.6860291e-001
 2.6558182e-001
 2.6293913e-001
 2.6066756e-001
 2.5874951e-001
 2.5715861e-001
 2.5586519e-001
 2.5483945e-001
 2.5405082e-001
 2.5347039e-001
 2.5307134e-001
 2.5283033e-001
 2.5272718e-001
 2.5274491e-001
 2.5286892e-001
 2.5308594e-001
 2.5338352e-001
 2.5374937e-001
 2.5417182e-001
 2.5463986e-001
 2.5514323e-001
 2.5567329e-001
 2.5622290e-001
 2.5678644e-001
 2.5735888e-001
 2.5793621e-001
 2.5851473e-001
 2.5909048e-001
 2.5965995e-001
 2.6021957e-001
 2.6076549e-001
 2.6129425e-001
 2.6180226e-001
 2.6228604e-001
 2.6274177e-001
 2.6316598e-001
 2.6355523e-001
 2.6390567e-001
 2.6421383e-001
 2.6447621e-001
 2.6468909e-001
 2.6484901e-001
 2.6495257e-001
 2.6499647e-001
 2.6497748e-001
 2.6489237e-001
 2.6473790e-001
 2.6451075e-001
 2.6420718e-001
 2.6382273e-001
 2.6335210e-001
 2.6278821e-001
 2.6212233e-001
 2.6134461e-001
 2.6044366e-001
 2.5940749e-001
 2.5822371e-001
 2.5688085e-001
 2.5536698e-001
 2.5367057e-001
 2.5178221e-001
 2.4977264e-001
 2.4801517e-001
 2.4553774e-001
 2.4294260e-001
 2.4026932e-001
 2.3755816e-001
 2.3484865e-001
 2.3218234e-001
 2.2959873e-001
 2.2713804e-001
 2.2484051e-001
 2.2274207e-001
 2.2084491e-001
 2.1913044e-001
 2.1758041e-001
 2.1617623e-001
 2.1490033e-001
 2.1373408e-001
 2.1265921e-001
 2.1165730e-001
 2.1071048e-001
 2.0980033e-001
 2.0890854e-001
 2.0801665e-001
 2.0710684e-001
 2.0616211e-001
 2.0517898e-001
 2.0416123e-001
 2.0311239e-001
 2.0203677e-001
 2.0093793e-001
 1.9981961e-001
 1.9868544e-001
 1.9753969e-001
 1.9638588e-001
 1.9522786e-001
 1.9406915e-001
 1.9291405e-001
 1.9176616e-001
 1.9062920e-001
 1.8950707e-001
 1.8840320e-001
 1.8732199e-001
 1.8626676e-001
 1.8523933e-001
 1.8424042e-001
 1.8327144e-001
 1.8233302e-001
 1.8142606e-001
 1.8055132e-001
 1.7971015e-001
 1.7890318e-001
 1.7813139e-001
 1.7739564e-001
 1.7669673e-001
 1.7603588e-001
 1.7541388e-001
 1.7483158e-001
 1.7428981e-001
 1.7378972e-001
 1.7333214e-001
 1.7291795e-001
 1.7254797e-001
 1.7222330e-001
 1.7194480e-001
 1.7171307e-001
 1.7152637e-001
 1.7138191e-001
 1.7127670e-001
 1.7120785e-001
 1.7117245e-001
 1.7116755e-001
 1.7119028e-001
 1.7123772e-001
 1.7130694e-001
 1.7139506e-001
 1.7149916e-001
 1.7161629e-001
 1.7174356e-001
 1.7187810e-001
 1.7201692e-001
 1.7215714e-001
 1.7229588e-001
 1.7243017e-001
 1.7255718e-001
 1.7267391e-001
 1.7277747e-001
 1.7286499e-001
 1.7293355e-001
 1.7298019e-001
 1.7300202e-001
 1.7299651e-001
 1.7296408e-001
 1.7290671e-001
 1.7282636e-001
 1.7272496e-001
 1.7260449e-001
 1.7246684e-001
 1.7231405e-001
 1.7214803e-001
 1.7197073e-001
 1.7178409e-001
 1.7159013e-001
 1.7139077e-001
 1.7118792e-001
 1.7098357e-001
 1.7077969e-001
 1.7057824e-001
 1.7038113e-001
 1.7019030e-001
 1.7000780e-001
 1.6983552e-001
 1.6967541e-001
 1.6952944e-001
 1.6939953e-001
 1.6928770e-001
 1.6919585e-001
 1.6912594e-001
 1.6907996e-001
 1.6905983e-001
 1.6906752e-001
 1.6910470e-001
 1.6917084e-001
 1.6926439e-001
 1.6938375e-001
