s07_ASD Record=13319: Gyp.3+jr.1+msc.4+dic.2 AMX22  BECKa AREF
 5.0205708e-001
 5.0401789e-001
 5.0600016e-001
 5.0800776e-001
 5.1004678e-001
 5.1212126e-001
 5.1423037e-001
 5.1636660e-001
 5.1851803e-001
 5.2067089e-001
 5.2281368e-001
 5.2493840e-001
 5.2704096e-001
 5.2912062e-001
 5.3118026e-001
 5.3322649e-001
 5.3526980e-001
 5.3732431e-001
 5.3940582e-001
 5.4152817e-001
 5.4369694e-001
 5.4590470e-001
 5.4813206e-001
 5.5035436e-001
 5.5255115e-001
 5.5471253e-001
 5.5684406e-001
 5.5896169e-001
 5.6107920e-001
 5.6319958e-001
 5.6531477e-001
 5.6741291e-001
 5.6948441e-001
 5.7152474e-001
 5.7353884e-001
 5.7554227e-001
 5.7755589e-001
 5.7959807e-001
 5.8168149e-001
 5.8381128e-001
 5.8598614e-001
 5.8820069e-001
 5.9044594e-001
 5.9271121e-001
 5.9498453e-001
 5.9725517e-001
 5.9951413e-001
 6.0175502e-001
 6.0397285e-001
 6.0616446e-001
 6.0832870e-001
 6.1046755e-001
 6.1258590e-001
 6.1468923e-001
 6.1678088e-001
 6.1885828e-001
 6.2091321e-001
 6.2293482e-001
 6.2491208e-001
 6.2682348e-001
 6.2863582e-001
 6.3034105e-001
 6.3193291e-001
 6.3338983e-001
 6.3468862e-001
 6.3586050e-001
 6.3696331e-001
 6.3804436e-001
 6.3913411e-001
 6.4024568e-001
 6.4137810e-001
 6.4252186e-001
 6.4366341e-001
 6.4478385e-001
 6.4585751e-001
 6.4685625e-001
 6.4775813e-001
 6.4855659e-001
 6.4926225e-001
 6.4989823e-001
 6.5049207e-001
 6.5107000e-001
 6.5165651e-001
 6.5227723e-001
 6.5296161e-001
 6.5373874e-001
 6.5462649e-001
 6.5561891e-001
 6.5668100e-001
 6.5776020e-001
 6.5881103e-001
 6.5982252e-001
 6.6082966e-001
 6.6190112e-001
 6.6310883e-001
 6.6449654e-001
 6.6605943e-001
 6.6774380e-001
 6.6946942e-001
 6.7116076e-001
 6.7277211e-001
 6.7429596e-001
 6.7575270e-001
 6.7717093e-001
 6.7856646e-001
 6.7992967e-001
 6.8122768e-001
 6.8242019e-001
 6.8347973e-001
 6.8441033e-001
 6.8525440e-001
 6.8607885e-001
 6.8694168e-001
 6.8785924e-001
 6.8879884e-001
 6.8970245e-001
 6.9052202e-001
 6.9124168e-001
 6.9187856e-001
 6.9246900e-001
 6.9305032e-001
 6.9364554e-001
 6.9426137e-001
 6.9490242e-001
 6.9558942e-001
 6.9636148e-001
 6.9725227e-001
 6.9826072e-001
 6.9934833e-001
 7.0046818e-001
 7.0159644e-001
 7.0272994e-001
 7.0385194e-001
 7.0491189e-001
 7.0585406e-001
 7.0667839e-001
 7.0746869e-001
 7.0834726e-001
 7.0938474e-001
 7.1054357e-001
 7.1170288e-001
 7.1273553e-001
 7.1356750e-001
 7.1418303e-001
 7.1459937e-001
 7.1484858e-001
 7.1497458e-001
 7.1502823e-001
 7.1504736e-001
 7.1503705e-001
 7.1497416e-001
 7.1484226e-001
 7.1466947e-001
 7.1453214e-001
 7.1451437e-001
 7.1465826e-001
 7.1494621e-001
 7.1532202e-001
 7.1572709e-001
 7.1613127e-001
 7.1654564e-001
 7.1700579e-001
 7.1753073e-001
 7.1810633e-001
 7.1871901e-001
 7.1938533e-001
 7.2011793e-001
 7.2086924e-001
 7.2155213e-001
 7.2212946e-001
 7.2265613e-001
 7.2321343e-001
 7.2381157e-001
 7.2437400e-001
 7.2481942e-001
 7.2515529e-001
 7.2548968e-001
 7.2595370e-001
 7.2660518e-001
 7.2739244e-001
 7.2819823e-001
 7.2892416e-001
 7.2955161e-001
 7.3013955e-001
 7.3076123e-001
 7.3142934e-001
 7.3207319e-001
 7.3260444e-001
 7.3301929e-001
 7.3342639e-001
 7.3394990e-001
 7.3461223e-001
 7.3533249e-001
 7.3602366e-001
 7.3665571e-001
 7.3723972e-001
 7.3780090e-001
 7.3837584e-001
 7.3899972e-001
 7.3967546e-001
 7.4036807e-001
 7.4103212e-001
 7.4163723e-001
 7.4218225e-001
 7.4270421e-001
 7.4325424e-001
 7.4383533e-001
 7.4438739e-001
 7.4487877e-001
 7.4538225e-001
 7.4599051e-001
 7.4666965e-001
 7.4727863e-001
 7.4774331e-001
 7.4815196e-001
 7.4866116e-001
 7.4933755e-001
 7.5010294e-001
 7.5081760e-001
 7.5141186e-001
 7.5194514e-001
 7.5253451e-001
 7.5321662e-001
 7.5389320e-001
 7.5443888e-001
 7.5484830e-001
 7.5523829e-001
 7.5571328e-001
 7.5627100e-001
 7.5684518e-001
 7.5740415e-001
 7.5797755e-001
 7.5858581e-001
 7.5918961e-001
 7.5975108e-001
 7.6030207e-001
 7.6088786e-001
 7.6149839e-001
 7.6215446e-001
 7.6299274e-001
 7.6410168e-001
 7.6529729e-001
 7.6622438e-001
 7.6669806e-001
 7.6684886e-001
 7.6696628e-001
 7.6729870e-001
 7.6795238e-001
 7.6884377e-001
 7.6976120e-001
 7.7058274e-001
 7.7137518e-001
 7.7220953e-001
 7.7301013e-001
 7.7369708e-001
 7.7436393e-001
 7.7515596e-001
 7.7605659e-001
 7.7692389e-001
 7.7769476e-001
 7.7843392e-001
 7.7918363e-001
 7.7987027e-001
 7.8040254e-001
 7.8080428e-001
 7.8120267e-001
 7.8171647e-001
 7.8239655e-001
 7.8323573e-001
 7.8416115e-001
 7.8504115e-001
 7.8580618e-001
 7.8654647e-001
 7.8736216e-001
 7.8815269e-001
 7.8873086e-001
 7.8913432e-001
 7.8961742e-001
 7.9029626e-001
 7.9103309e-001
 7.9167622e-001
 7.9216117e-001
 7.9247248e-001
 7.9276431e-001
 7.9332882e-001
 7.9421026e-001
 7.9510421e-001
 7.9577696e-001
 7.9633397e-001
 7.9694855e-001
 7.9756951e-001
 7.9803008e-001
 7.9831213e-001
 7.9860693e-001
 7.9913461e-001
 7.9992485e-001
 8.0079448e-001
 8.0153823e-001
 8.0209732e-001
 8.0255616e-001
 8.0305064e-001
 8.0367792e-001
 8.0440730e-001
 8.0505484e-001
 8.0545443e-001
 8.0570334e-001
 8.0610245e-001
 8.0678934e-001
 8.0758601e-001
 8.0826575e-001
 8.0880874e-001
 8.0934495e-001
 8.0997866e-001
 8.1071955e-001
 8.1150472e-001
 8.1224060e-001
 8.1286049e-001
 8.1337285e-001
 8.1385243e-001
 8.1437814e-001
 8.1496859e-001
 8.1559181e-001
 8.1621492e-001
 8.1682146e-001
 8.1739384e-001
 8.1790143e-001
 8.1831765e-001
 8.1866115e-001
 8.1901944e-001
 8.1950909e-001
 8.2018554e-001
 8.2098323e-001
 8.2175332e-001
 8.2236999e-001
 8.2280982e-001
 8.2314700e-001
 8.2349694e-001
 8.2396573e-001
 8.2460821e-001
 8.2537836e-001
 8.2611012e-001
 8.2659978e-001
 8.2677490e-001
 8.2680053e-001
 8.2698584e-001
 8.2753927e-001
 8.2839787e-001
 8.2930046e-001
 8.3001167e-001
 8.3047628e-001
 8.3079636e-001
 8.3109975e-001
 8.3143961e-001
 8.3179951e-001
 8.3216310e-001
 8.3251446e-001
 8.3280963e-001
 8.3301353e-001
 8.3315104e-001
 8.3329666e-001
 8.3351105e-001
 8.3377028e-001
 8.3397382e-001
 8.3407795e-001
 8.3420020e-001
 8.3454210e-001
 8.3519793e-001
 8.3599305e-001
 8.3654457e-001
 8.3661520e-001
 8.3635664e-001
 8.3609861e-001
 8.3602208e-001
 8.3609897e-001
 8.3620423e-001
 8.3622253e-001
 8.3612186e-001
 8.3599293e-001
 8.3599019e-001
 8.3615965e-001
 8.3636051e-001
 8.3643645e-001
 8.3640003e-001
 8.3638495e-001
 8.3647317e-001
 8.3658659e-001
 8.3655560e-001
 8.3634472e-001
 8.3612084e-001
 8.3598137e-001
 8.3579820e-001
 8.3551818e-001
 8.3535147e-001
 8.3539408e-001
 8.3535564e-001
 8.3497578e-001
 8.3445340e-001
 8.3411205e-001
 8.3407867e-001
 8.3421397e-001
 8.3433354e-001
 8.3443153e-001
 8.3453888e-001
 8.3463448e-001
 8.3468139e-001
 8.3464313e-001
 8.3448523e-001
 8.3420068e-001
 8.3386636e-001
 8.3363420e-001
 8.3360535e-001
 8.3366400e-001
 8.3349484e-001
 8.3284086e-001
 8.3180457e-001
 8.3083463e-001
 8.3035928e-001
 8.3041525e-001
 8.3065373e-001
 8.3068711e-001
 8.3038205e-001
 8.2987338e-001
 8.2937402e-001
 8.2902986e-001
 8.2889897e-001
 8.2897794e-001
 8.2919490e-001
 8.2940173e-001
 8.2940727e-001
 8.2915610e-001
 8.2862103e-001
 8.2794583e-001
 8.2722801e-001
 8.2654488e-001
 8.2596606e-001
 8.2556093e-001
 8.2538015e-001
 8.2535034e-001
 8.2534808e-001
 8.2524973e-001
 8.2495666e-001
 8.2453120e-001
 8.2410139e-001
 8.2379538e-001
 8.2371664e-001
 8.2380337e-001
 8.2392740e-001
 8.2396013e-001
 8.2379341e-001
 8.2345349e-001
 8.2294673e-001
 8.2251066e-001
 8.2215708e-001
 8.2190824e-001
 8.2172960e-001
 8.2158422e-001
 8.2143509e-001
 8.2124639e-001
 8.2100636e-001
 8.2072717e-001
 8.2042205e-001
 8.2010418e-001
 8.1978643e-001
 8.1946886e-001
 8.1913900e-001
 8.1878436e-001
 8.1839198e-001
 8.1794953e-001
 8.1745344e-001
 8.1690919e-001
 8.1632203e-001
 8.1569785e-001
 8.1504226e-001
 8.1437951e-001
 8.1380749e-001
 8.1344151e-001
 8.1339717e-001
 8.1378973e-001
 8.1473470e-001
 8.1624943e-001
 8.1797314e-001
 8.1945461e-001
 8.2024217e-001
 8.1988454e-001
 8.1793028e-001
 8.1392813e-001
 8.0763984e-001
 7.9964447e-001
 7.9071236e-001
 7.8161740e-001
 7.7312964e-001
 7.6602316e-001
 7.6106811e-001
 7.5903785e-001
 7.6043481e-001
 7.6474828e-001
 7.7122992e-001
 7.7912879e-001
 7.8769732e-001
 7.9618430e-001
 8.0384135e-001
 8.0991983e-001
 8.1386596e-001
 8.1586260e-001
 8.1626207e-001
 8.1541771e-001
 8.1368232e-001
 8.1140858e-001
 8.0895019e-001
 8.0665934e-001
 8.0481666e-001
 8.0343348e-001
 8.0245972e-001
 8.0184489e-001
 8.0153871e-001
 8.0149096e-001
 8.0165142e-001
 8.0196953e-001
 8.0239540e-001
 8.0287826e-001
 8.0336821e-001
 8.0381471e-001
 8.0417794e-001
 8.0445510e-001
 8.0465215e-001
 8.0477482e-001
 8.0482906e-001
 8.0482072e-001
 8.0475545e-001
 8.0463922e-001
 8.0447793e-001
 8.0427724e-001
 8.0404305e-001
 8.0378127e-001
 8.0349785e-001
 8.0319929e-001
 8.0289227e-001
 8.0258352e-001
 8.0227989e-001
 8.0198771e-001
 8.0171376e-001
 8.0146492e-001
 8.0124772e-001
 8.0106878e-001
 8.0093491e-001
 8.0084914e-001
 8.0080223e-001
 8.0078208e-001
 8.0077654e-001
 8.0077356e-001
 8.0076122e-001
 8.0072725e-001
 8.0065972e-001
 8.0054647e-001
 8.0037552e-001
 8.0013919e-001
 7.9984581e-001
 7.9950660e-001
 7.9913312e-001
 7.9873693e-001
 7.9832965e-001
 7.9792237e-001
 7.9752707e-001
 7.9715484e-001
 7.9681742e-001
 7.9652435e-001
 7.9627967e-001
 7.9608554e-001
 7.9594457e-001
 7.9585922e-001
 7.9583198e-001
 7.9586518e-001
 7.9596150e-001
 7.9612321e-001
 7.9635298e-001
 7.9664671e-001
 7.9697967e-001
 7.9732209e-001
 7.9764456e-001
 7.9791754e-001
 7.9811156e-001
 7.9819709e-001
 7.9814446e-001
 7.9792440e-001
 7.9752111e-001
 7.9696482e-001
 7.9629558e-001
 7.9555315e-001
 7.9477751e-001
 7.9400855e-001
 7.9328614e-001
 7.9265016e-001
 7.9212892e-001
 7.9171109e-001
 7.9137796e-001
 7.9111069e-001
 7.9089010e-001
 7.9069746e-001
 7.9051369e-001
 7.9031992e-001
 7.9010081e-001
 7.8985250e-001
 7.8957361e-001
 7.8926271e-001
 7.8891820e-001
 7.8853905e-001
 7.8812355e-001
 7.8767037e-001
 7.8717792e-001
 7.8664482e-001
 7.8606927e-001
 7.8548777e-001
 7.8481996e-001
 7.8410470e-001
 7.8335458e-001
 7.8260195e-001
 7.8190202e-001
 7.8132582e-001
 7.8095180e-001
 7.8085721e-001
 7.8109992e-001
 7.8168762e-001
 7.8255862e-001
 7.8360224e-001
 7.8468943e-001
 7.8569525e-001
 7.8652191e-001
 7.8712332e-001
 7.8751284e-001
 7.8774810e-001
 7.8790724e-001
 7.8806812e-001
 7.8828889e-001
 7.8859031e-001
 7.8894961e-001
 7.8931028e-001
 7.8960055e-001
 7.8975219e-001
 7.8972095e-001
 7.8950316e-001
 7.8914148e-001
 7.8871495e-001
 7.8832042e-001
 7.8805202e-001
 7.8798115e-001
 7.8814125e-001
 7.8852290e-001
 7.8908163e-001
 7.8975308e-001
 7.9046869e-001
 7.9116875e-001
 7.9154402e-001
 7.9201347e-001
 7.9246461e-001
 7.9289079e-001
 7.9329091e-001
 7.9366833e-001
 7.9403019e-001
 7.9438639e-001
 7.9474795e-001
 7.9512650e-001
 7.9553223e-001
 7.9597312e-001
 7.9645437e-001
 7.9697710e-001
 7.9753906e-001
 7.9813516e-001
 7.9875785e-001
 7.9939818e-001
 8.0004603e-001
 8.0069089e-001
 8.0132270e-001
 8.0193204e-001
 8.0251080e-001
 8.0305237e-001
 8.0355197e-001
 8.0400705e-001
 8.0441761e-001
 8.0478692e-001
 8.0512083e-001
 8.0542803e-001
 8.0571830e-001
 8.0600142e-001
 8.0628598e-001
 8.0657822e-001
 8.0688184e-001
 8.0719817e-001
 8.0752605e-001
 8.0786312e-001
 8.0820632e-001
 8.0855232e-001
 8.0889827e-001
 8.0924129e-001
 8.0957878e-001
 8.0990797e-001
 8.1022602e-001
 8.1053036e-001
 8.1081891e-001
 8.1109059e-001
 8.1134570e-001
 8.1158549e-001
 8.1181204e-001
 8.1202728e-001
 8.1223190e-001
 8.1242514e-001
 8.1260461e-001
 8.1276673e-001
 8.1290811e-001
 8.1302679e-001
 8.1312335e-001
 8.1320167e-001
 8.1326866e-001
 8.1333327e-001
 8.1340486e-001
 8.1349170e-001
 8.1359899e-001
 8.1372839e-001
 8.1387782e-001
 8.1404191e-001
 8.1421363e-001
 8.1438529e-001
 8.1455004e-001
 8.1470293e-001
 8.1484103e-001
 8.1496376e-001
 8.1507194e-001
 8.1516767e-001
 8.1525326e-001
 8.1533098e-001
 8.1540251e-001
 8.1546891e-001
 8.1553078e-001
 8.1558836e-001
 8.1564194e-001
 8.1569171e-001
 8.1573802e-001
 8.1578106e-001
 8.1582069e-001
 8.1585640e-001
 8.1588709e-001
 8.1591117e-001
 8.1592715e-001
 8.1593353e-001
 8.1592965e-001
 8.1591564e-001
 8.1589228e-001
 8.1586093e-001
 8.1582254e-001
 8.1577742e-001
 8.1572479e-001
 8.1566280e-001
 8.1558895e-001
 8.1550097e-001
 8.1539780e-001
 8.1528032e-001
 8.1515175e-001
 8.1501758e-001
 8.1488478e-001
 8.1476063e-001
 8.1465167e-001
 8.1456238e-001
 8.1449497e-001
 8.1444889e-001
 8.1442165e-001
 8.1440908e-001
 8.1440651e-001
 8.1440920e-001
 8.1441301e-001
 8.1441432e-001
 8.1441051e-001
 8.1439954e-001
 8.1437999e-001
 8.1435108e-001
 8.1431276e-001
 8.1426537e-001
 8.1420964e-001
 8.1414646e-001
 8.1407624e-001
 8.1399888e-001
 8.1391358e-001
 8.1381851e-001
 8.1371188e-001
 8.1359172e-001
 8.1345701e-001
 8.1330800e-001
 8.1314588e-001
 8.1297308e-001
 8.1279206e-001
 8.1260437e-001
 8.1241000e-001
 8.1220663e-001
 8.1198931e-001
 8.1175089e-001
 8.1148279e-001
 8.1117594e-001
 8.1082195e-001
 8.1041360e-001
 8.0994570e-001
 8.0941480e-001
 8.0881912e-001
 8.0815822e-001
 8.0743200e-001
 8.0664074e-001
 8.0578488e-001
 8.0486542e-001
 8.0388439e-001
 8.0284524e-001
 8.0175447e-001
 8.0062115e-001
 7.9945761e-001
 7.9827875e-001
 7.9710060e-001
 7.9593980e-001
 7.9481083e-001
 7.9372597e-001
 7.9269385e-001
 7.9171890e-001
 7.9080266e-001
 7.8994453e-001
 7.8914231e-001
 7.8839427e-001
 7.8769910e-001
 7.8705686e-001
 7.8646857e-001
 7.8593564e-001
 7.8545994e-001
 7.8504258e-001
 7.8468424e-001
 7.8438467e-001
 7.8414267e-001
 7.8395635e-001
 7.8382283e-001
 7.8373837e-001
 7.8369820e-001
 7.8369635e-001
 7.8372568e-001
 7.8377807e-001
 7.8384477e-001
 7.8391677e-001
 7.8398538e-001
 7.8404272e-001
 7.8408217e-001
 7.8409863e-001
 7.8408903e-001
 7.8405231e-001
 7.8398955e-001
 7.8390455e-001
 7.8380340e-001
 7.8369510e-001
 7.8359067e-001
 7.8350312e-001
 7.8344643e-001
 7.8343433e-001
 7.8347915e-001
 7.8359038e-001
 7.8377372e-001
 7.8403026e-001
 7.8435636e-001
 7.8474343e-001
 7.8517938e-001
 7.8564906e-001
 7.8613573e-001
 7.8662276e-001
 7.8709435e-001
 7.8753716e-001
 7.8794086e-001
 7.8829837e-001
 7.8860617e-001
 7.8886384e-001
 7.8907365e-001
 7.8923988e-001
 7.8936821e-001
 7.8946483e-001
 7.8953630e-001
 7.8958893e-001
 7.8962892e-001
 7.8966200e-001
 7.8969395e-001
 7.8973031e-001
 7.8977674e-001
 7.8983861e-001
 7.8992116e-001
 7.9002899e-001
 7.9016536e-001
 7.9033238e-001
 7.9053020e-001
 7.9075730e-001
 7.9101092e-001
 7.9128712e-001
 7.9158241e-001
 7.9189432e-001
 7.9222256e-001
 7.9256940e-001
 7.9294026e-001
 7.9334211e-001
 7.9378301e-001
 7.9426938e-001
 7.9480428e-001
 7.9538602e-001
 7.9600686e-001
 7.9665422e-001
 7.9731178e-001
 7.9796249e-001
 7.9859173e-001
 7.9918927e-001
 7.9975140e-001
 8.0028033e-001
 8.0078286e-001
 8.0126846e-001
 8.0174547e-001
 8.0221963e-001
 8.0269206e-001
 8.0315912e-001
 8.0361378e-001
 8.0404687e-001
 8.0444914e-001
 8.0481350e-001
 8.0513525e-001
 8.0541295e-001
 8.0564755e-001
 8.0584162e-001
 8.0599827e-001
 8.0611980e-001
 8.0620742e-001
 8.0626047e-001
 8.0627668e-001
 8.0625254e-001
 8.0618382e-001
 8.0606616e-001
 8.0589604e-001
 8.0567122e-001
 8.0539143e-001
 8.0505884e-001
 8.0467772e-001
 8.0425507e-001
 8.0379951e-001
 8.0332077e-001
 8.0282873e-001
 8.0233186e-001
 8.0183637e-001
 8.0134511e-001
 8.0085623e-001
 8.0036390e-001
 7.9985869e-001
 7.9932857e-001
 7.9876167e-001
 7.9814821e-001
 7.9748350e-001
 7.9676926e-001
 7.9601461e-001
 7.9523557e-001
 7.9445302e-001
 7.9368991e-001
 7.9296792e-001
 7.9230398e-001
 7.9170865e-001
 7.9118454e-001
 7.9072744e-001
 7.9032749e-001
 7.8997147e-001
 7.8964508e-001
 7.8933442e-001
 7.8902763e-001
 7.8871489e-001
 7.8838831e-001
 7.8804225e-001
 7.8767306e-001
 7.8727925e-001
 7.8686184e-001
 7.8642464e-001
 7.8597414e-001
 7.8551865e-001
 7.8506720e-001
 7.8462809e-001
 7.8420711e-001
 7.8380632e-001
 7.8342360e-001
 7.8305244e-001
 7.8268325e-001
 7.8230441e-001
 7.8190446e-001
 7.8147346e-001
 7.8100401e-001
 7.8049225e-001
 7.7993709e-001
 7.7933967e-001
 7.7870208e-001
 7.7802557e-001
 7.7730989e-001
 7.7655232e-001
 7.7574760e-001
 7.7488917e-001
 7.7396959e-001
 7.7298242e-001
 7.7192307e-001
 7.7078855e-001
 7.6957834e-001
 7.6829243e-001
 7.6693153e-001
 7.6549637e-001
 7.6398724e-001
 7.6240635e-001
 7.6075816e-001
 7.5905234e-001
 7.5730479e-001
 7.5553709e-001
 7.5377631e-001
 7.5205058e-001
 7.5038624e-001
 7.4880254e-001
 7.4730664e-001
 7.4589169e-001
 7.4453413e-001
 7.4319518e-001
 7.4182361e-001
 7.4035966e-001
 7.3874182e-001
 7.3691291e-001
 7.3482561e-001
 7.3244971e-001
 7.2977412e-001
 7.2681105e-001
 7.2359633e-001
 7.2018683e-001
 7.1666032e-001
 7.1310800e-001
 7.0963216e-001
 7.0633823e-001
 7.0332628e-001
 7.0068592e-001
 6.9848555e-001
 6.9676709e-001
 6.9553882e-001
 6.9477141e-001
 6.9439793e-001
 6.9431567e-001
 6.9439334e-001
 6.9448006e-001
 6.9441730e-001
 6.9405150e-001
 6.9324619e-001
 6.9189173e-001
 6.8991292e-001
 6.8727118e-001
 6.8396562e-001
 6.8002838e-001
 6.7551613e-001
 6.7050415e-001
 6.6507208e-001
 6.5929800e-001
 6.5324831e-001
 6.4697033e-001
 6.4049619e-001
 6.3384068e-001
 6.2701583e-001
 6.2004185e-001
 6.1296010e-001
 6.0585386e-001
 5.9885257e-001
 5.9214139e-001
 5.8595276e-001
 5.8054924e-001
 5.7620466e-001
 5.7317084e-001
 5.7165307e-001
 5.7178354e-001
 5.7360649e-001
 5.7707256e-001
 5.8204299e-001
 5.8830673e-001
 5.9559625e-001
 6.0361695e-001
 6.1206460e-001
 6.2064838e-001
 6.2911016e-001
 6.3722843e-001
 6.4483196e-001
 6.5179384e-001
 6.5803242e-001
 6.6350800e-001
 6.6821140e-001
 6.7216265e-001
 6.7540020e-001
 6.7797786e-001
 6.7996114e-001
 6.8142211e-001
 6.8243957e-001
 6.8309617e-001
 6.8347782e-001
 6.8367195e-001
 6.8376547e-001
 6.8384194e-001
 6.8397832e-001
 6.8424141e-001
 6.8468457e-001
 6.8534511e-001
 6.8624240e-001
 6.8737841e-001
 6.8873757e-001
 6.9029063e-001
 6.9199669e-001
 6.9380742e-001
 6.9567192e-001
 6.9753861e-001
 6.9936061e-001
 7.0109600e-001
 7.0271075e-001
 7.0417970e-001
 7.0548582e-001
 7.0662141e-001
 7.0758706e-001
 7.0839149e-001
 7.0905149e-001
 7.0959061e-001
 7.1003819e-001
 7.1042770e-001
 7.1079415e-001
 7.1117163e-001
 7.1158975e-001
 7.1207112e-001
 7.1262914e-001
 7.1326590e-001
 7.1397275e-001
 7.1473026e-001
 7.1551090e-001
 7.1628207e-001
 7.1700919e-001
 7.1766019e-001
 7.1820837e-001
 7.1863592e-001
 7.1893579e-001
 7.1911269e-001
 7.1918273e-001
 7.1917200e-001
 7.1911466e-001
 7.1904945e-001
 7.1901661e-001
 7.1905446e-001
 7.1919614e-001
 7.1946734e-001
 7.1988440e-001
 7.2045356e-001
 7.2117114e-001
 7.2202480e-001
 7.2299492e-001
 7.2405761e-001
 7.2518659e-001
 7.2635567e-001
 7.2754145e-001
 7.2872365e-001
 7.2988647e-001
 7.3101777e-001
 7.3210824e-001
 7.3315102e-001
 7.3413950e-001
 7.3506737e-001
 7.3592758e-001
 7.3671317e-001
 7.3741812e-001
 7.3803794e-001
 7.3857135e-001
 7.3902053e-001
 7.3939151e-001
 7.3969364e-001
 7.3993814e-001
 7.4013680e-001
 7.4029982e-001
 7.4043417e-001
 7.4054229e-001
 7.4062133e-001
 7.4066412e-001
 7.4066091e-001
 7.4060154e-001
 7.4047768e-001
 7.4028480e-001
 7.4002284e-001
 7.3969728e-001
 7.3932064e-001
 7.3891199e-001
 7.3849618e-001
 7.3810220e-001
 7.3775995e-001
 7.3749864e-001
 7.3734379e-001
 7.3731613e-001
 7.3742986e-001
 7.3769230e-001
 7.3810476e-001
 7.3866415e-001
 7.3936379e-001
 7.4019420e-001
 7.4114472e-001
 7.4220341e-001
 7.4335730e-001
 7.4459308e-001
 7.4589652e-001
 7.4725372e-001
 7.4865049e-001
 7.5007302e-001
 7.5150877e-001
 7.5294578e-001
 7.5437409e-001
 7.5578523e-001
 7.5717270e-001
 7.5853252e-001
 7.5986201e-001
 7.6116049e-001
 7.6242787e-001
 7.6366460e-001
 7.6487195e-001
 7.6605022e-001
 7.6720035e-001
 7.6832259e-001
 7.6941687e-001
 7.7048326e-001
 7.7152151e-001
 7.7253133e-001
 7.7351290e-001
 7.7446616e-001
 7.7539164e-001
 7.7628982e-001
 7.7716124e-001
 7.7800709e-001
 7.7882850e-001
 7.7962720e-001
 7.8040528e-001
 7.8116566e-001
 7.8191221e-001
 7.8264934e-001
 7.8338242e-001
 7.8411716e-001
 7.8485930e-001
 7.8561455e-001
 7.8638703e-001
 7.8717977e-001
 7.8799337e-001
 7.8882623e-001
 7.8967476e-001
 7.9053330e-001
 7.9139513e-001
 7.9225314e-001
 7.9310024e-001
 7.9393065e-001
 7.9473966e-001
 7.9552430e-001
 7.9628342e-001
 7.9701716e-001
 7.9772717e-001
 7.9841566e-001
 7.9908544e-001
 7.9973990e-001
 8.0038214e-001
 8.0101568e-001
 8.0164379e-001
 8.0226976e-001
 8.0289727e-001
 8.0352962e-001
 8.0417049e-001
 8.0482262e-001
 8.0548811e-001
 8.0616808e-001
 8.0686128e-001
 8.0756497e-001
 8.0827361e-001
 8.0897951e-001
 8.0967349e-001
 8.1034541e-001
 8.1098533e-001
 8.1158507e-001
 8.1213897e-001
 8.1264526e-001
 8.1310624e-001
 8.1352830e-001
 8.1392145e-001
 8.1429815e-001
 8.1467223e-001
 8.1505722e-001
 8.1546521e-001
 8.1590587e-001
 8.1638533e-001
 8.1690615e-001
 8.1746686e-001
 8.1806231e-001
 8.1868416e-001
 8.1932098e-001
 8.1995964e-001
 8.2058597e-001
 8.2118618e-001
 8.2174850e-001
 8.2226408e-001
 8.2272846e-001
 8.2314235e-001
 8.2351142e-001
 8.2384580e-001
 8.2415861e-001
 8.2446361e-001
 8.2477349e-001
 8.2509738e-001
 8.2543939e-001
 8.2579768e-001
 8.2616502e-001
 8.2652980e-001
 8.2687801e-001
 8.2719606e-001
 8.2747316e-001
 8.2770336e-001
 8.2788694e-001
 8.2802957e-001
 8.2814121e-001
 8.2823348e-001
 8.2831746e-001
 8.2840109e-001
 8.2848805e-001
 8.2857639e-001
 8.2865864e-001
 8.2872242e-001
 8.2875228e-001
 8.2873225e-001
 8.2864892e-001
 8.2849455e-001
 8.2826978e-001
 8.2798439e-001
 8.2765716e-001
 8.2731324e-001
 8.2698035e-001
 8.2668406e-001
 8.2644290e-001
 8.2626456e-001
 8.2614374e-001
 8.2606310e-001
 8.2599592e-001
 8.2591021e-001
 8.2577306e-001
 8.2555526e-001
 8.2523435e-001
 8.2479680e-001
 8.2423860e-001
 8.2356554e-001
 8.2279140e-001
 8.2193577e-001
 8.2102132e-001
 8.2007104e-001
 8.1910491e-001
 8.1813902e-001
 8.1718343e-001
 8.1624252e-001
 8.1531513e-001
 8.1439519e-001
 8.1347346e-001
 8.1253773e-001
 8.1157482e-001
 8.1057107e-001
 8.0951250e-001
 8.0838650e-001
 8.0718148e-001
 8.0588841e-001
 8.0450141e-001
 8.0301774e-001
 8.0143964e-001
 7.9977345e-001
 7.9803050e-001
 7.9622597e-001
 7.9437727e-001
 7.9250354e-001
 7.9062331e-001
 7.8875214e-001
 7.8690255e-001
 7.8508145e-001
 7.8329098e-001
 7.8152865e-001
 7.7978730e-001
 7.7805829e-001
 7.7633148e-001
 7.7459848e-001
 7.7285337e-001
 7.7109343e-001
 7.6932073e-001
 7.6754051e-001
 7.6576185e-001
 7.6399606e-001
 7.6225454e-001
 7.6054925e-001
 7.5888956e-001
 7.5728321e-001
 7.5573528e-001
 7.5424767e-001
 7.5282133e-001
 7.5145519e-001
 7.5014907e-001
 7.4890375e-001
 7.4772167e-001
 7.4660838e-001
 7.4557203e-001
 7.4462289e-001
 7.4377286e-001
 7.4303383e-001
 7.4241632e-001
 7.4192804e-001
 7.4157226e-001
 7.4134725e-001
 7.4124575e-001
 7.4125546e-001
 7.4135989e-001
 7.4153954e-001
 7.4177372e-001
 7.4204189e-001
 7.4232513e-001
 7.4260706e-001
 7.4287456e-001
 7.4311781e-001
 7.4333018e-001
 7.4350774e-001
 7.4364871e-001
 7.4375314e-001
 7.4382222e-001
 7.4385816e-001
 7.4386388e-001
 7.4384308e-001
 7.4380016e-001
 7.4374062e-001
 7.4367106e-001
 7.4359947e-001
 7.4353540e-001
 7.4348992e-001
 7.4347544e-001
 7.4350512e-001
 7.4359202e-001
 7.4374747e-001
 7.4398005e-001
 7.4429351e-001
 7.4468571e-001
 7.4514759e-001
 7.4566352e-001
 7.4621302e-001
 7.4677253e-001
 7.4731803e-001
 7.4782723e-001
 7.4828124e-001
 7.4866676e-001
 7.4897581e-001
 7.4920654e-001
 7.4936408e-001
 7.4946022e-001
 7.4951243e-001
 7.4954253e-001
 7.4957395e-001
 7.4962914e-001
 7.4972659e-001
 7.4987853e-001
 7.5008959e-001
 7.5035655e-001
 7.5063753e-001
 7.5100374e-001
 7.5138396e-001
 7.5175917e-001
 7.5211263e-001
 7.5243151e-001
 7.5270784e-001
 7.5293833e-001
 7.5312316e-001
 7.5326425e-001
 7.5336415e-001
 7.5342578e-001
 7.5345212e-001
 7.5344598e-001
 7.5341004e-001
 7.5334686e-001
 7.5325876e-001
 7.5314808e-001
 7.5301689e-001
 7.5286740e-001
 7.5270182e-001
 7.5252193e-001
 7.5232953e-001
 7.5212550e-001
 7.5190973e-001
 7.5168061e-001
 7.5143468e-001
 7.5116706e-001
 7.5087166e-001
 7.5054169e-001
 7.5017041e-001
 7.4975085e-001
 7.4927717e-001
 7.4874485e-001
 7.4815220e-001
 7.4750113e-001
 7.4679732e-001
 7.4605024e-001
 7.4527198e-001
 7.4447596e-001
 7.4367660e-001
 7.4288791e-001
 7.4212319e-001
 7.4139357e-001
 7.4070656e-001
 7.4006510e-001
 7.3946667e-001
 7.3890400e-001
 7.3836643e-001
 7.3784101e-001
 7.3731393e-001
 7.3677099e-001
 7.3619843e-001
 7.3558331e-001
 7.3491383e-001
 7.3418039e-001
 7.3337513e-001
 7.3249251e-001
 7.3152822e-001
 7.3047853e-001
 7.2934067e-001
 7.2811168e-001
 7.2678953e-001
 7.2537297e-001
 7.2386175e-001
 7.2225815e-001
 7.2056651e-001
 7.1879250e-001
 7.1694416e-001
 7.1502942e-001
 7.1305728e-001
 7.1103674e-001
 7.0897561e-001
 7.0688200e-001
 7.0476145e-001
 7.0261824e-001
 7.0045459e-001
 6.9826984e-001
 6.9606304e-001
 6.9383126e-001
 6.9157183e-001
 6.8928224e-001
 6.8695897e-001
 6.8460006e-001
 6.8220282e-001
 6.7976606e-001
 6.7728937e-001
 6.7477214e-001
 6.7221504e-001
 6.6961902e-001
 6.6698450e-001
 6.6431302e-001
 6.6160548e-001
 6.5886408e-001
 6.5609223e-001
 6.5329355e-001
 6.5047473e-001
 6.4764225e-001
 6.4480478e-001
 6.4197147e-001
 6.3915080e-001
 6.3635248e-001
 6.3358450e-001
 6.3085496e-001
 6.2817061e-001
 6.2553525e-001
 6.2295187e-001
 6.2042010e-001
 6.1793917e-001
 6.1550754e-001
 6.1312234e-001
 6.1078179e-001
 6.0848343e-001
 6.0622668e-001
 6.0401231e-001
 6.0184246e-001
 5.9972239e-001
 5.9765935e-001
 5.9566146e-001
 5.9373862e-001
 5.9190029e-001
 5.9015626e-001
 5.8851576e-001
 5.8698553e-001
 5.8557039e-001
 5.8427072e-001
 5.8308315e-001
 5.8200043e-001
 5.8101219e-001
 5.8010691e-001
 5.7927191e-001
 5.7849479e-001
 5.7776397e-001
 5.7706934e-001
 5.7640409e-001
 5.7576507e-001
 5.7515395e-001
 5.7457626e-001
 5.7404041e-001
 5.7355672e-001
 5.7313627e-001
 5.7278997e-001
 5.7252842e-001
 5.7236034e-001
 5.7229209e-001
 5.7232642e-001
 5.7246214e-001
 5.7269448e-001
 5.7301617e-001
 5.7341826e-001
 5.7389098e-001
 5.7442456e-001
 5.7500875e-001
 5.7563370e-001
 5.7628936e-001
 5.7696563e-001
 5.7765299e-001
 5.7834154e-001
 5.7902181e-001
 5.7968414e-001
 5.8031899e-001
 5.8091730e-001
 5.8147049e-001
 5.8197141e-001
 5.8241534e-001
 5.8280045e-001
 5.8312851e-001
 5.8340442e-001
 5.8363527e-001
 5.8382958e-001
 5.8399647e-001
 5.8414561e-001
 5.8428651e-001
 5.8442885e-001
 5.8458251e-001
 5.8475751e-001
 5.8496404e-001
 5.8521247e-001
 5.8551323e-001
 5.8587694e-001
 5.8631396e-001
 5.8683455e-001
 5.8744818e-001
 5.8816278e-001
 5.8898401e-001
 5.8991385e-001
 5.9095097e-001
 5.9209049e-001
 5.9332484e-001
 5.9464568e-001
 5.9604323e-001
 5.9750772e-001
 5.9903008e-001
 6.0060096e-001
 6.0221285e-001
 6.0385895e-001
 6.0553384e-001
 6.0723406e-001
 6.0895640e-001
 6.1069888e-001
 6.1245900e-001
 6.1423540e-001
 6.1602479e-001
 6.1782444e-001
 6.1963052e-001
 6.2143618e-001
 6.2323433e-001
 6.2501556e-001
 6.2676978e-001
 6.2848514e-001
 6.3015050e-001
 6.3175499e-001
 6.3328701e-001
 6.3473737e-001
 6.3609880e-001
 6.3736594e-001
 6.3853717e-001
 6.3961357e-001
 6.4059824e-001
 6.4149493e-001
 6.4230871e-001
 6.4304465e-001
 6.4370739e-001
 6.4430207e-001
 6.4483339e-001
 6.4530545e-001
 6.4572251e-001
 6.4608824e-001
 6.4640599e-001
 6.4667922e-001
 6.4691120e-001
 6.4710510e-001
 6.4726377e-001
 6.4739007e-001
 6.4748597e-001
 6.4755297e-001
 6.4759165e-001
 6.4760172e-001
 6.4758259e-001
 6.4753324e-001
 6.4745241e-001
 6.4733899e-001
 6.4719182e-001
 6.4701003e-001
 6.4679295e-001
 6.4654070e-001
 6.4625371e-001
 6.4593279e-001
 6.4557946e-001
 6.4519519e-001
 6.4478141e-001
 6.4433998e-001
 6.4387238e-001
 6.4337993e-001
 6.4286357e-001
 6.4232409e-001
 6.4176154e-001
 6.4117551e-001
 6.4056557e-001
 6.3993090e-001
 6.3927037e-001
 6.3858366e-001
 6.3787025e-001
 6.3713056e-001
 6.3636625e-001
 6.3558131e-001
 6.3478100e-001
 6.3397264e-001
 6.3316530e-001
 6.3236821e-001
 6.3159090e-001
 6.3084316e-001
 6.3013303e-001
 6.2946635e-001
 6.2884498e-001
 6.2826556e-001
 6.2771851e-001
 6.2718868e-001
 6.2665755e-001
 6.2610364e-001
 6.2550461e-001
 6.2483883e-001
 6.2408561e-001
 6.2322789e-001
 6.2225479e-001
 6.2116277e-001
 6.1995727e-001
 6.1865115e-001
 6.1726403e-001
 6.1581802e-001
 6.1433667e-001
 6.1284477e-001
 6.1136454e-001
 6.0991502e-001
 6.0851085e-001
 6.0715848e-001
 6.0585630e-001
 6.0459524e-001
 6.0336173e-001
 6.0213804e-001
 6.0090506e-001
 5.9964472e-001
 5.9833962e-001
 5.9697616e-001
 5.9554785e-001
 5.9405547e-001
 5.9250945e-001
 5.9092939e-001
 5.8934021e-001
 5.8777082e-001
 5.8625120e-001
 5.8481234e-001
 5.8348215e-001
 5.8228379e-001
 5.8123380e-001
 5.8033711e-001
 5.7958734e-001
 5.7896799e-001
 5.7845426e-001
 5.7801700e-001
 5.7762486e-001
 5.7724625e-001
 5.7685059e-001
 5.7640976e-001
 5.7590079e-001
 5.7530659e-001
 5.7461691e-001
 5.7382840e-001
 5.7294172e-001
 5.7196033e-001
 5.7088983e-001
 5.6973553e-001
 5.6850338e-001
 5.6719917e-001
 5.6582987e-001
 5.6440198e-001
 5.6292230e-001
 5.6139898e-001
 5.5983937e-001
 5.5825096e-001
 5.5664241e-001
 5.5502051e-001
 5.5339140e-001
 5.5175835e-001
 5.5012149e-001
 5.4847425e-001
 5.4680383e-001
 5.4509294e-001
 5.4331899e-001
 5.4145676e-001
 5.3948158e-001
 5.3736764e-001
 5.3509063e-001
 5.3263175e-001
 5.2997684e-001
 5.2712077e-001
 5.2406716e-001
 5.2083045e-001
 5.1742917e-001
 5.1388544e-001
 5.1022553e-001
 5.0647372e-001
 5.0265312e-001
 4.9878740e-001
 4.9489352e-001
 4.9098414e-001
 4.8706514e-001
 4.8313996e-001
 4.7920531e-001
 4.7525561e-001
 4.7128716e-001
 4.6729362e-001
 4.6327001e-001
 4.5921731e-001
 4.5513874e-001
 4.5104471e-001
 4.4695625e-001
 4.4289854e-001
 4.3890288e-001
 4.3500277e-001
 4.3123546e-001
 4.2763487e-001
 4.2423192e-001
 4.2105353e-001
 4.1811323e-001
 4.1541004e-001
 4.1292846e-001
 4.1063634e-001
 4.0849128e-001
 4.0644410e-001
 4.0444443e-001
 4.0244117e-001
 4.0038791e-001
 3.9824986e-001
 3.9600781e-001
 3.9366561e-001
 3.9125454e-001
 3.8882729e-001
 3.8645419e-001
 3.8421518e-001
 3.8219634e-001
 3.8048264e-001
 3.7915611e-001
 3.7829211e-001
 3.7795189e-001
 3.7817964e-001
 3.7899980e-001
 3.8041922e-001
 3.8243228e-001
 3.8502392e-001
 3.8817629e-001
 3.9186841e-001
 3.9607719e-001
 4.0077063e-001
 4.0591031e-001
 4.1144562e-001
 4.1730791e-001
 4.2341980e-001
 4.2969480e-001
 4.3603647e-001
 4.4235072e-001
 4.4854286e-001
 4.5452407e-001
 4.6021101e-001
 4.6554112e-001
 4.7047383e-001
 4.7498959e-001
 4.7909480e-001
 4.8281190e-001
 4.8617047e-001
 4.8920751e-001
 4.9196079e-001
 4.9446499e-001
 4.9675316e-001
 4.9885142e-001
 5.0077772e-001
 5.0253928e-001
 5.0413615e-001
 5.0556189e-001
 5.0680542e-001
 5.0785494e-001
 5.0869828e-001
 5.0932401e-001
 5.0972426e-001
 5.0989574e-001
 5.0984204e-001
 5.0957417e-001
 5.0910974e-001
 5.0847137e-001
 5.0768495e-001
 5.0677747e-001
 5.0577611e-001
 5.0470865e-001
 5.0360143e-001
 5.0247926e-001
 5.0136614e-001
 5.0028300e-001
 4.9924937e-001
 4.9828315e-001
 4.9740204e-001
 4.9662250e-001
 4.9596047e-001
 4.9543113e-001
 4.9504679e-001
 4.9481598e-001
 4.9474198e-001
 4.9482206e-001
 4.9504817e-001
 4.9540848e-001
 4.9588847e-001
 4.9647266e-001
 4.9714521e-001
 4.9788940e-001
 4.9868852e-001
 4.9952540e-001
 5.0038129e-001
 5.0123721e-001
 5.0207329e-001
 5.0286841e-001
 5.0360179e-001
 5.0425243e-001
 5.0479954e-001
 5.0522321e-001
 5.0550568e-001
 5.0563246e-001
 5.0559354e-001
 5.0538385e-001
 5.0500280e-001
 5.0445336e-001
 5.0374019e-001
 5.0286931e-001
 5.0184721e-001
 5.0068259e-001
 4.9938574e-001
 4.9797103e-001
 4.9645922e-001
 4.9487615e-001
 4.9325308e-001
 4.9162644e-001
 4.9003384e-001
 4.8851365e-001
 4.8710462e-001
 4.8584124e-001
 4.8475212e-001
 4.8385480e-001
 4.8315302e-001
 4.8263371e-001
 4.8226941e-001
 4.8202217e-001
 4.8184747e-001
 4.8169801e-001
 4.8152635e-001
 4.8128721e-001
 4.8094070e-001
 4.8045573e-001
 4.7981384e-001
 4.7900978e-001
 4.7805029e-001
 4.7695196e-001
 4.7573596e-001
 4.7442591e-001
 4.7304693e-001
 4.7162235e-001
 4.7017336e-001
 4.6871662e-001
 4.6726424e-001
 4.6582094e-001
 4.6438581e-001
 4.6295476e-001
 4.6152020e-001
 4.6007344e-001
 4.5860666e-001
 4.5711169e-001
 4.5558205e-001
 4.5401534e-001
 4.5241204e-001
 4.5077741e-001
 4.4912022e-001
 4.4745353e-001
 4.4579077e-001
 4.4414628e-001
 4.4253576e-001
 4.4097355e-001
 4.3947333e-001
 4.3804887e-001
 4.3671128e-001
 4.3547055e-001
 4.3433487e-001
 4.3331227e-001
 4.3240917e-001
 4.3163165e-001
 4.3098554e-001
 4.3047455e-001
 4.3009928e-001
 4.2985505e-001
 4.2972949e-001
 4.2970201e-001
 4.2974493e-001
 4.2982560e-001
 4.2990878e-001
 4.2995834e-001
 4.2993882e-001
 4.2981696e-001
 4.2956382e-001
 4.2915741e-001
 4.2858452e-001
 4.2784163e-001
 4.2693520e-001
 4.2587832e-001
 4.2468888e-001
 4.2338660e-001
 4.2199287e-001
 4.2052796e-001
 4.1901177e-001
 4.1746479e-001
 4.1596150e-001
 4.1478267e-001
 4.1325068e-001
 4.1174570e-001
 4.1027474e-001
 4.0884522e-001
 4.0746421e-001
 4.0613979e-001
 4.0487906e-001
 4.0368935e-001
 4.0257823e-001
 4.0155160e-001
 4.0060544e-001
 3.9972910e-001
 3.9891222e-001
 3.9814401e-001
 3.9741439e-001
 3.9671278e-001
 3.9602867e-001
 3.9535144e-001
 3.9467096e-001
 3.9397660e-001
 3.9325786e-001
 3.9250416e-001
 3.9170530e-001
 3.9085174e-001
 3.8994324e-001
 3.8898444e-001
 3.8797989e-001
 3.8693488e-001
 3.8585380e-001
 3.8474157e-001
 3.8360259e-001
 3.8244218e-001
 3.8126478e-001
 3.8007528e-001
 3.7887803e-001
 3.7767839e-001
 3.7648088e-001
 3.7529016e-001
 3.7411109e-001
 3.7294811e-001
 3.7180656e-001
 3.7069052e-001
 3.6960146e-001
 3.6853883e-001
 3.6750287e-001
 3.6649314e-001
 3.6550942e-001
 3.6455119e-001
 3.6361870e-001
 3.6271149e-001
 3.6182928e-001
 3.6097181e-001
 3.6013874e-001
 3.5933018e-001
 3.5854566e-001
 3.5778496e-001
 3.5704771e-001
 3.5633397e-001
 3.5564330e-001
 3.5497555e-001
 3.5433030e-001
 3.5370752e-001
 3.5310695e-001
 3.5252827e-001
 3.5197112e-001
 3.5143554e-001
 3.5092118e-001
 3.5042775e-001
 3.4995502e-001
 3.4950262e-001
 3.4907061e-001
 3.4865853e-001
 3.4826618e-001
 3.4789324e-001
 3.4753969e-001
 3.4720510e-001
 3.4688929e-001
 3.4659195e-001
 3.4631294e-001
 3.4605196e-001
 3.4580880e-001
 3.4558320e-001
 3.4537482e-001
 3.4518361e-001
 3.4500924e-001
 3.4485143e-001
 3.4470993e-001
 3.4458461e-001
 3.4447512e-001
 3.4438124e-001
 3.4430271e-001
 3.4423935e-001
 3.4419090e-001
 3.4415710e-001
 3.4413773e-001
 3.4413248e-001
 3.4414122e-001
 3.4416363e-001
 3.4419945e-001
 3.4424853e-001
 3.4431058e-001
 3.4438536e-001
 3.4447256e-001
 3.4457213e-001
 3.4468359e-001
 3.4480691e-001
 3.4494165e-001
 3.4508774e-001
 3.4524488e-001
 3.4541276e-001
 3.4559122e-001
 3.4578001e-001
 3.4597889e-001
 3.4618762e-001
 3.4640589e-001
 3.4663355e-001
 3.4687036e-001
 3.4711602e-001
 3.4737027e-001
 3.4763288e-001
 3.4790319e-001
 3.4818029e-001
 3.4846336e-001
