s07_ASD Record=12594: Basalt_weathered BR93-43      BECKb AREF
 6.5505721e-002
 6.6158302e-002
 6.6800587e-002
 6.7431971e-002
 6.8052329e-002
 6.8660885e-002
 6.9254711e-002
 6.9827504e-002
 7.0369951e-002
 7.0871323e-002
 7.1321867e-002
 7.1714714e-002
 7.2046757e-002
 7.2319455e-002
 7.2540745e-002
 7.2724991e-002
 7.2890036e-002
 7.3053427e-002
 7.3230349e-002
 7.3433213e-002
 7.3672034e-002
 7.3954649e-002
 7.4286290e-002
 7.4668474e-002
 7.5098298e-002
 7.5567856e-002
 7.6064996e-002
 7.6577634e-002
 7.7098981e-002
 7.7628836e-002
 7.8170434e-002
 7.8727014e-002
 7.9300240e-002
 7.9890423e-002
 8.0495782e-002
 8.1111997e-002
 8.1733063e-002
 8.2351521e-002
 8.2958922e-002
 8.3546855e-002
 8.4108487e-002
 8.4639452e-002
 8.5138373e-002
 8.5607328e-002
 8.6051971e-002
 8.6481102e-002
 8.6905099e-002
 8.7333567e-002
 8.7772794e-002
 8.8224143e-002
 8.8683829e-002
 8.9144461e-002
 8.9598082e-002
 9.0039507e-002
 9.0468816e-002
 9.0891950e-002
 9.1319859e-002
 9.1764003e-002
 9.2231534e-002
 9.2724383e-002
 9.3224302e-002
 9.3706697e-002
 9.4160974e-002
 9.4576240e-002
 9.4943784e-002
 9.5274091e-002
 9.5584057e-002
 9.5886245e-002
 9.6188322e-002
 9.6492231e-002
 9.6791804e-002
 9.7073354e-002
 9.7321577e-002
 9.7528331e-002
 9.7699076e-002
 9.7853348e-002
 9.8017566e-002
 9.8213673e-002
 9.8449647e-002
 9.8716788e-002
 9.8994963e-002
 9.9262625e-002
 9.9506326e-002
 9.9724367e-002
 9.9923402e-002
 1.0011071e-001
 1.0028771e-001
 1.0044859e-001
 1.0058416e-001
 1.0068789e-001
 1.0076027e-001
 1.0080983e-001
 1.0085084e-001
 1.0089953e-001
 1.0097037e-001
 1.0107371e-001
 1.0121536e-001
 1.0139863e-001
 1.0162793e-001
 1.0191036e-001
 1.0225231e-001
 1.0265338e-001
 1.0310343e-001
 1.0358581e-001
 1.0408313e-001
 1.0458243e-001
 1.0507549e-001
 1.0555742e-001
 1.0602758e-001
 1.0649066e-001
 1.0695238e-001
 1.0741176e-001
 1.0785857e-001
 1.0827859e-001
 1.0866109e-001
 1.0900225e-001
 1.0930578e-001
 1.0958185e-001
 1.0984375e-001
 1.1010277e-001
 1.1036529e-001
 1.1063331e-001
 1.1090401e-001
 1.1116613e-001
 1.1140057e-001
 1.1159129e-001
 1.1173931e-001
 1.1186251e-001
 1.1197794e-001
 1.1208615e-001
 1.1217763e-001
 1.1225314e-001
 1.1233045e-001
 1.1242978e-001
 1.1255915e-001
 1.1271989e-001
 1.1292059e-001
 1.1317348e-001
 1.1347131e-001
 1.1377520e-001
 1.1403739e-001
 1.1424077e-001
 1.1441217e-001
 1.1459365e-001
 1.1480082e-001
 1.1500771e-001
 1.1516608e-001
 1.1523788e-001
 1.1521847e-001
 1.1514572e-001
 1.1509433e-001
 1.1514848e-001
 1.1535418e-001
 1.1568072e-001
 1.1602966e-001
 1.1629532e-001
 1.1643183e-001
 1.1647467e-001
 1.1650369e-001
 1.1658343e-001
 1.1672826e-001
 1.1691204e-001
 1.1710358e-001
 1.1729459e-001
 1.1750173e-001
 1.1774854e-001
 1.1804613e-001
 1.1838733e-001
 1.1875822e-001
 1.1915937e-001
 1.1961312e-001
 1.2013645e-001
 1.2069578e-001
 1.2120223e-001
 1.2157443e-001
 1.2180712e-001
 1.2196261e-001
 1.2209936e-001
 1.2223089e-001
 1.2235571e-001
 1.2250321e-001
 1.2273264e-001
 1.2308679e-001
 1.2354691e-001
 1.2402995e-001
 1.2443827e-001
 1.2473060e-001
 1.2495345e-001
 1.2519601e-001
 1.2550656e-001
 1.2585159e-001
 1.2615523e-001
 1.2637408e-001
 1.2652965e-001
 1.2667429e-001
 1.2684347e-001
 1.2705414e-001
 1.2733313e-001
 1.2771592e-001
 1.2820728e-001
 1.2875266e-001
 1.2925133e-001
 1.2960166e-001
 1.2976333e-001
 1.2980592e-001
 1.2988061e-001
 1.3010244e-001
 1.3045821e-001
 1.3085304e-001
 1.3122328e-001
 1.3156052e-001
 1.3185740e-001
 1.3210306e-001
 1.3232537e-001
 1.3257104e-001
 1.3284165e-001
 1.3309935e-001
 1.3332933e-001
 1.3354409e-001
 1.3373533e-001
 1.3388085e-001
 1.3400377e-001
 1.3417597e-001
 1.3444674e-001
 1.3479210e-001
 1.3514288e-001
 1.3544810e-001
 1.3570540e-001
 1.3594022e-001
 1.3617063e-001
 1.3639842e-001
 1.3662066e-001
 1.3682963e-001
 1.3700156e-001
 1.3710563e-001
 1.3714066e-001
 1.3716285e-001
 1.3725689e-001
 1.3745463e-001
 1.3768393e-001
 1.3782604e-001
 1.3783586e-001
 1.3779427e-001
 1.3783149e-001
 1.3799408e-001
 1.3819653e-001
 1.3832244e-001
 1.3835709e-001
 1.3838881e-001
 1.3849196e-001
 1.3865253e-001
 1.3880931e-001
 1.3892885e-001
 1.3903497e-001
 1.3918017e-001
 1.3938348e-001
 1.3959107e-001
 1.3971211e-001
 1.3971351e-001
 1.3965607e-001
 1.3961107e-001
 1.3960630e-001
 1.3969319e-001
 1.3994353e-001
 1.4030840e-001
 1.4059637e-001
 1.4065823e-001
 1.4052598e-001
 1.4034675e-001
 1.4023933e-001
 1.4023978e-001
 1.4032958e-001
 1.4046800e-001
 1.4062665e-001
 1.4083083e-001
 1.4111716e-001
 1.4141175e-001
 1.4157371e-001
 1.4161932e-001
 1.4170103e-001
 1.4183667e-001
 1.4189543e-001
 1.4184238e-001
 1.4178462e-001
 1.4181159e-001
 1.4195991e-001
 1.4224437e-001
 1.4261153e-001
 1.4292793e-001
 1.4308716e-001
 1.4310971e-001
 1.4311814e-001
 1.4322582e-001
 1.4344612e-001
 1.4370042e-001
 1.4391120e-001
 1.4407943e-001
 1.4426707e-001
 1.4450097e-001
 1.4470713e-001
 1.4479353e-001
 1.4480454e-001
 1.4489347e-001
 1.4511096e-001
 1.4534518e-001
 1.4551458e-001
 1.4568552e-001
 1.4594422e-001
 1.4626162e-001
 1.4653958e-001
 1.4673094e-001
 1.4688131e-001
 1.4707023e-001
 1.4732748e-001
 1.4762218e-001
 1.4792600e-001
 1.4824471e-001
 1.4858258e-001
 1.4892608e-001
 1.4928357e-001
 1.4970727e-001
 1.5021229e-001
 1.5068032e-001
 1.5091978e-001
 1.5085289e-001
 1.5062808e-001
 1.5053344e-001
 1.5076791e-001
 1.5127710e-001
 1.5181814e-001
 1.5218155e-001
 1.5234959e-001
 1.5246025e-001
 1.5264651e-001
 1.5291971e-001
 1.5319328e-001
 1.5339692e-001
 1.5355721e-001
 1.5376857e-001
 1.5409012e-001
 1.5447488e-001
 1.5480524e-001
 1.5500188e-001
 1.5510045e-001
 1.5522571e-001
 1.5549576e-001
 1.5594710e-001
 1.5652840e-001
 1.5713091e-001
 1.5761960e-001
 1.5787666e-001
 1.5786886e-001
 1.5770090e-001
 1.5760925e-001
 1.5779223e-001
 1.5821598e-001
 1.5864941e-001
 1.5888701e-001
 1.5896031e-001
 1.5908380e-001
 1.5943021e-001
 1.5993811e-001
 1.6034491e-001
 1.6051136e-001
 1.6061032e-001
 1.6084634e-001
 1.6115956e-001
 1.6136457e-001
 1.6141611e-001
 1.6141982e-001
 1.6148770e-001
 1.6163811e-001
 1.6181324e-001
 1.6199659e-001
 1.6225383e-001
 1.6259004e-001
 1.6287227e-001
 1.6301247e-001
 1.6310088e-001
 1.6322456e-001
 1.6331509e-001
 1.6333257e-001
 1.6341697e-001
 1.6366661e-001
 1.6393171e-001
 1.6400728e-001
 1.6390224e-001
 1.6380531e-001
 1.6387655e-001
 1.6410837e-001
 1.6435629e-001
 1.6451851e-001
 1.6463377e-001
 1.6474932e-001
 1.6481464e-001
 1.6481207e-001
 1.6485067e-001
 1.6499674e-001
 1.6516809e-001
 1.6516620e-001
 1.6498348e-001
 1.6491958e-001
 1.6512081e-001
 1.6539016e-001
 1.6550109e-001
 1.6540626e-001
 1.6521375e-001
 1.6505899e-001
 1.6499947e-001
 1.6500650e-001
 1.6503005e-001
 1.6504009e-001
 1.6502993e-001
 1.6500662e-001
 1.6499400e-001
 1.6502936e-001
 1.6513711e-001
 1.6529265e-001
 1.6542469e-001
 1.6545860e-001
 1.6535407e-001
 1.6511014e-001
 1.6476738e-001
 1.6443874e-001
 1.6428359e-001
 1.6440870e-001
 1.6478483e-001
 1.6522959e-001
 1.6547750e-001
 1.6540362e-001
 1.6510162e-001
 1.6474953e-001
 1.6449532e-001
 1.6435473e-001
 1.6429044e-001
 1.6426504e-001
 1.6424620e-001
 1.6423513e-001
 1.6424653e-001
 1.6429518e-001
 1.6439022e-001
 1.6450360e-001
 1.6459224e-001
 1.6461305e-001
 1.6453195e-001
 1.6437446e-001
 1.6419038e-001
 1.6402954e-001
 1.6393416e-001
 1.6389552e-001
 1.6388291e-001
 1.6386625e-001
 1.6381378e-001
 1.6371353e-001
 1.6357036e-001
 1.6338982e-001
 1.6317752e-001
 1.6293944e-001
 1.6269073e-001
 1.6245578e-001
 1.6225922e-001
 1.6212584e-001
 1.6207905e-001
 1.6211431e-001
 1.6219933e-001
 1.6230074e-001
 1.6238509e-001
 1.6242020e-001
 1.6240148e-001
 1.6235144e-001
 1.6229363e-001
 1.6225171e-001
 1.6224922e-001
 1.6230319e-001
 1.6240478e-001
 1.6253895e-001
 1.6269068e-001
 1.6284493e-001
 1.6298662e-001
 1.6310339e-001
 1.6319291e-001
 1.6325535e-001
 1.6329077e-001
 1.6329938e-001
 1.6328128e-001
 1.6323660e-001
 1.6316627e-001
 1.6307430e-001
 1.6296539e-001
 1.6284424e-001
 1.6271555e-001
 1.6258408e-001
 1.6245450e-001
 1.6233155e-001
 1.6221815e-001
 1.6211078e-001
 1.6200431e-001
 1.6189356e-001
 1.6177340e-001
 1.6163880e-001
 1.6148452e-001
 1.6130549e-001
 1.6109876e-001
 1.6086958e-001
 1.6062514e-001
 1.6037256e-001
 1.6011904e-001
 1.5987168e-001
 1.5963772e-001
 1.5942426e-001
 1.5923642e-001
 1.5907153e-001
 1.5892524e-001
 1.5879314e-001
 1.5867081e-001
 1.5855391e-001
 1.5843803e-001
 1.5831876e-001
 1.5819173e-001
 1.5805256e-001
 1.5789680e-001
 1.5772012e-001
 1.5752013e-001
 1.5730181e-001
 1.5707178e-001
 1.5683672e-001
 1.5660322e-001
 1.5637799e-001
 1.5616760e-001
 1.5597871e-001
 1.5581802e-001
 1.5569206e-001
 1.5560755e-001
 1.5557113e-001
 1.5558644e-001
 1.5564655e-001
 1.5574212e-001
 1.5586391e-001
 1.5600257e-001
 1.5614882e-001
 1.5629329e-001
 1.5642674e-001
 1.5653986e-001
 1.5662330e-001
 1.5666780e-001
 1.5666626e-001
 1.5661956e-001
 1.5653028e-001
 1.5640098e-001
 1.5623429e-001
 1.5603273e-001
 1.5579894e-001
 1.5553544e-001
 1.5524490e-001
 1.5492983e-001
 1.5459384e-001
 1.5424386e-001
 1.5388754e-001
 1.5353262e-001
 1.5318675e-001
 1.5285768e-001
 1.5255296e-001
 1.5228042e-001
 1.5204766e-001
 1.5186241e-001
 1.5172964e-001
 1.5164511e-001
 1.5160264e-001
 1.5159604e-001
 1.5161908e-001
 1.5166558e-001
 1.5172935e-001
 1.5180419e-001
 1.5188392e-001
 1.5196232e-001
 1.5203474e-001
 1.5210181e-001
 1.5216522e-001
 1.5222667e-001
 1.5228784e-001
 1.5235047e-001
 1.5241624e-001
 1.5248688e-001
 1.5256405e-001
 1.5264665e-001
 1.5272398e-001
 1.5278348e-001
 1.5281250e-001
 1.5279841e-001
 1.5272862e-001
 1.5259051e-001
 1.5237142e-001
 1.5206674e-001
 1.5169781e-001
 1.5129156e-001
 1.5087473e-001
 1.5047419e-001
 1.5011673e-001
 1.4982919e-001
 1.4963840e-001
 1.4956163e-001
 1.4958510e-001
 1.4968878e-001
 1.4985260e-001
 1.5005648e-001
 1.5028034e-001
 1.5050414e-001
 1.5070778e-001
 1.5087666e-001
 1.5101375e-001
 1.5112554e-001
 1.5121068e-001
 1.5129146e-001
 1.5136865e-001
 1.5144631e-001
 1.5152626e-001
 1.5160766e-001
 1.5168810e-001
 1.5176430e-001
 1.5183274e-001
 1.5188965e-001
 1.5193100e-001
 1.5195265e-001
 1.5195036e-001
 1.5192010e-001
 1.5185884e-001
 1.5176708e-001
 1.5165171e-001
 1.5152718e-001
 1.5141349e-001
 1.5133289e-001
 1.5130588e-001
 1.5134597e-001
 1.5145381e-001
 1.5161528e-001
 1.5180483e-001
 1.5199164e-001
 1.5214595e-001
 1.5224564e-001
 1.5228176e-001
 1.5226023e-001
 1.5219878e-001
 1.5212114e-001
 1.5205096e-001
 1.5200616e-001
 1.5199494e-001
 1.5201436e-001
 1.5205261e-001
 1.5209344e-001
 1.5212138e-001
 1.5212676e-001
 1.5212876e-001
 1.5215740e-001
 1.5219624e-001
 1.5224640e-001
 1.5230763e-001
 1.5237775e-001
 1.5245271e-001
 1.5252681e-001
 1.5259363e-001
 1.5264739e-001
 1.5268466e-001
 1.5270574e-001
 1.5271561e-001
 1.5272333e-001
 1.5274037e-001
 1.5277819e-001
 1.5284599e-001
 1.5294892e-001
 1.5308727e-001
 1.5325665e-001
 1.5344916e-001
 1.5365477e-001
 1.5386300e-001
 1.5406413e-001
 1.5425001e-001
 1.5441464e-001
 1.5455434e-001
 1.5466793e-001
 1.5475628e-001
 1.5482189e-001
 1.5486811e-001
 1.5489863e-001
 1.5491709e-001
 1.5492706e-001
 1.5493199e-001
 1.5493526e-001
 1.5494007e-001
 1.5494943e-001
 1.5496589e-001
 1.5499148e-001
 1.5502766e-001
 1.5507533e-001
 1.5513499e-001
 1.5520701e-001
 1.5529165e-001
 1.5538940e-001
 1.5550081e-001
 1.5562642e-001
 1.5576646e-001
 1.5592045e-001
 1.5608697e-001
 1.5626325e-001
 1.5644529e-001
 1.5662810e-001
 1.5680614e-001
 1.5697430e-001
 1.5712853e-001
 1.5726674e-001
 1.5738925e-001
 1.5749887e-001
 1.5760048e-001
 1.5770018e-001
 1.5780436e-001
 1.5791859e-001
 1.5804677e-001
 1.5819068e-001
 1.5835002e-001
 1.5852267e-001
 1.5870535e-001
 1.5889430e-001
 1.5908581e-001
 1.5927668e-001
 1.5946417e-001
 1.5964606e-001
 1.5982032e-001
 1.5998487e-001
 1.6013768e-001
 1.6027674e-001
 1.6040060e-001
 1.6050878e-001
 1.6060252e-001
 1.6068518e-001
 1.6076237e-001
 1.6084170e-001
 1.6093197e-001
 1.6104180e-001
 1.6117835e-001
 1.6134581e-001
 1.6154449e-001
 1.6177057e-001
 1.6201651e-001
 1.6227247e-001
 1.6252771e-001
 1.6277257e-001
 1.6299996e-001
 1.6320613e-001
 1.6339105e-001
 1.6355769e-001
 1.6371115e-001
 1.6385733e-001
 1.6400167e-001
 1.6414836e-001
 1.6429970e-001
 1.6445617e-001
 1.6461694e-001
 1.6478029e-001
 1.6494456e-001
 1.6510873e-001
 1.6527280e-001
 1.6543813e-001
 1.6560699e-001
 1.6578230e-001
 1.6596693e-001
 1.6616303e-001
 1.6637161e-001
 1.6659209e-001
 1.6682228e-001
 1.6705869e-001
 1.6729678e-001
 1.6753174e-001
 1.6775891e-001
 1.6797443e-001
 1.6817580e-001
 1.6836199e-001
 1.6853373e-001
 1.6869323e-001
 1.6884409e-001
 1.6899082e-001
 1.6913821e-001
 1.6929087e-001
 1.6945249e-001
 1.6962533e-001
 1.6980992e-001
 1.7000481e-001
 1.7020679e-001
 1.7041114e-001
 1.7061237e-001
 1.7080502e-001
 1.7098440e-001
 1.7114733e-001
 1.7129281e-001
 1.7142209e-001
 1.7153868e-001
 1.7164777e-001
 1.7175552e-001
 1.7186812e-001
 1.7199074e-001
 1.7212678e-001
 1.7227735e-001
 1.7244099e-001
 1.7261416e-001
 1.7279163e-001
 1.7296758e-001
 1.7313620e-001
 1.7329259e-001
 1.7343326e-001
 1.7355616e-001
 1.7366084e-001
 1.7374799e-001
 1.7381927e-001
 1.7387713e-001
 1.7392461e-001
 1.7396541e-001
 1.7400393e-001
 1.7404537e-001
 1.7409560e-001
 1.7416091e-001
 1.7424749e-001
 1.7436077e-001
 1.7450459e-001
 1.7468062e-001
 1.7488758e-001
 1.7512122e-001
 1.7537460e-001
 1.7563862e-001
 1.7590335e-001
 1.7615913e-001
 1.7639789e-001
 1.7661420e-001
 1.7680554e-001
 1.7697237e-001
 1.7711729e-001
 1.7724407e-001
 1.7735659e-001
 1.7745772e-001
 1.7754900e-001
 1.7763038e-001
 1.7770073e-001
 1.7775862e-001
 1.7780316e-001
 1.7783470e-001
 1.7785542e-001
 1.7786925e-001
 1.7788152e-001
 1.7789833e-001
 1.7792550e-001
 1.7796771e-001
 1.7802775e-001
 1.7810607e-001
 1.7820089e-001
 1.7830847e-001
 1.7842411e-001
 1.7854285e-001
 1.7866044e-001
 1.7877387e-001
 1.7888160e-001
 1.7898351e-001
 1.7908020e-001
 1.7917252e-001
 1.7926070e-001
 1.7934407e-001
 1.7942078e-001
 1.7948797e-001
 1.7954229e-001
 1.7958063e-001
 1.7960094e-001
 1.7960285e-001
 1.7958815e-001
 1.7956099e-001
 1.7952745e-001
 1.7949505e-001
 1.7947173e-001
 1.7946495e-001
 1.7948067e-001
 1.7952265e-001
 1.7959204e-001
 1.7968737e-001
 1.7980483e-001
 1.7993879e-001
 1.8008259e-001
 1.8022910e-001
 1.8037154e-001
 1.8050388e-001
 1.8062134e-001
 1.8072069e-001
 1.8080029e-001
 1.8086024e-001
 1.8090217e-001
 1.8092906e-001
 1.8094486e-001
 1.8095393e-001
 1.8096061e-001
 1.8096878e-001
 1.8098140e-001
 1.8100055e-001
 1.8102729e-001
 1.8106204e-001
 1.8110472e-001
 1.8115509e-001
 1.8121278e-001
 1.8127732e-001
 1.8134788e-001
 1.8142304e-001
 1.8150055e-001
 1.8157731e-001
 1.8164951e-001
 1.8171304e-001
 1.8176420e-001
 1.8180017e-001
 1.8181975e-001
 1.8182357e-001
 1.8181424e-001
 1.8179607e-001
 1.8177457e-001
 1.8175577e-001
 1.8174544e-001
 1.8174845e-001
 1.8176827e-001
 1.8180658e-001
 1.8186332e-001
 1.8193682e-001
 1.8202408e-001
 1.8212131e-001
 1.8222420e-001
 1.8232848e-001
 1.8243006e-001
 1.8252531e-001
 1.8261123e-001
 1.8268549e-001
 1.8274669e-001
 1.8279445e-001
 1.8282950e-001
 1.8285367e-001
 1.8286979e-001
 1.8288119e-001
 1.8289123e-001
 1.8290259e-001
 1.8291672e-001
 1.8293343e-001
 1.8295100e-001
 1.8296643e-001
 1.8297622e-001
 1.8297727e-001
 1.8296775e-001
 1.8294761e-001
 1.8291882e-001
 1.8288517e-001
 1.8285157e-001
 1.8282323e-001
 1.8280473e-001
 1.8279940e-001
 1.8280879e-001
 1.8283257e-001
 1.8286879e-001
 1.8291423e-001
 1.8296491e-001
 1.8301672e-001
 1.8306577e-001
 1.8310882e-001
 1.8314341e-001
 1.8316801e-001
 1.8318190e-001
 1.8318515e-001
 1.8317842e-001
 1.8316287e-001
 1.8313991e-001
 1.8311109e-001
 1.8307811e-001
 1.8304268e-001
 1.8300655e-001
 1.8297155e-001
 1.8293960e-001
 1.8291274e-001
 1.8289301e-001
 1.8288241e-001
 1.8288262e-001
 1.8289481e-001
 1.8291926e-001
 1.8295524e-001
 1.8300074e-001
 1.8305258e-001
 1.8310648e-001
 1.8315737e-001
 1.8319993e-001
 1.8322919e-001
 1.8324104e-001
 1.8323289e-001
 1.8320394e-001
 1.8315537e-001
 1.8309024e-001
 1.8301305e-001
 1.8292919e-001
 1.8284416e-001
 1.8276298e-001
 1.8268953e-001
 1.8262628e-001
 1.8257409e-001
 1.8253247e-001
 1.8249986e-001
 1.8247406e-001
 1.8245281e-001
 1.8243413e-001
 1.8241677e-001
 1.8240042e-001
 1.8238583e-001
 1.8237473e-001
 1.8236965e-001
 1.8237363e-001
 1.8238971e-001
 1.8242045e-001
 1.8246734e-001
 1.8253024e-001
 1.8260702e-001
 1.8269341e-001
 1.8278307e-001
 1.8286796e-001
 1.8293911e-001
 1.8298741e-001
 1.8300442e-001
 1.8298332e-001
 1.8291928e-001
 1.8280984e-001
 1.8265469e-001
 1.8245532e-001
 1.8221414e-001
 1.8193391e-001
 1.8161689e-001
 1.8126428e-001
 1.8087646e-001
 1.8045296e-001
 1.7999361e-001
 1.7949955e-001
 1.7897412e-001
 1.7842425e-001
 1.7786039e-001
 1.7729676e-001
 1.7675009e-001
 1.7623772e-001
 1.7577571e-001
 1.7537621e-001
 1.7504498e-001
 1.7478025e-001
 1.7457160e-001
 1.7440103e-001
 1.7424460e-001
 1.7407551e-001
 1.7386781e-001
 1.7359991e-001
 1.7325775e-001
 1.7283669e-001
 1.7234161e-001
 1.7178620e-001
 1.7118996e-001
 1.7057545e-001
 1.6996488e-001
 1.6937692e-001
 1.6882536e-001
 1.6831782e-001
 1.6785660e-001
 1.6743983e-001
 1.6706327e-001
 1.6672261e-001
 1.6641484e-001
 1.6613942e-001
 1.6589834e-001
 1.6569529e-001
 1.6553462e-001
 1.6541952e-001
 1.6535090e-001
 1.6532651e-001
 1.6534099e-001
 1.6538668e-001
 1.6545486e-001
 1.6553754e-001
 1.6562860e-001
 1.6572499e-001
 1.6582680e-001
 1.6593687e-001
 1.6606000e-001
 1.6620144e-001
 1.6636589e-001
 1.6655634e-001
 1.6677338e-001
 1.6701511e-001
 1.6727704e-001
 1.6755299e-001
 1.6783556e-001
 1.6811720e-001
 1.6839132e-001
 1.6865307e-001
 1.6890018e-001
 1.6913338e-001
 1.6935624e-001
 1.6957478e-001
 1.6979621e-001
 1.7002757e-001
 1.7027426e-001
 1.7053849e-001
 1.7081857e-001
 1.7110865e-001
 1.7139937e-001
 1.7167947e-001
 1.7193727e-001
 1.7216295e-001
 1.7234984e-001
 1.7249559e-001
 1.7260242e-001
 1.7267640e-001
 1.7272663e-001
 1.7276363e-001
 1.7279801e-001
 1.7283916e-001
 1.7289443e-001
 1.7296848e-001
 1.7306329e-001
 1.7317823e-001
 1.7331058e-001
 1.7345607e-001
 1.7360964e-001
 1.7376627e-001
 1.7392150e-001
 1.7407221e-001
 1.7421681e-001
 1.7435530e-001
 1.7448910e-001
 1.7462027e-001
 1.7475100e-001
 1.7488271e-001
 1.7501555e-001
 1.7514826e-001
 1.7527819e-001
 1.7540208e-001
 1.7551681e-001
 1.7562048e-001
 1.7571321e-001
 1.7579766e-001
 1.7587923e-001
 1.7596558e-001
 1.7606588e-001
 1.7618960e-001
 1.7634524e-001
 1.7653902e-001
 1.7677383e-001
 1.7704839e-001
 1.7735717e-001
 1.7769048e-001
 1.7803533e-001
 1.7837696e-001
 1.7870001e-001
 1.7899084e-001
 1.7923883e-001
 1.7943792e-001
 1.7958739e-001
 1.7969167e-001
 1.7975970e-001
 1.7980316e-001
 1.7983463e-001
 1.7986536e-001
 1.7990352e-001
 1.7995307e-001
 1.8001352e-001
 1.8008065e-001
 1.8014789e-001
 1.8020798e-001
 1.8025479e-001
 1.8028454e-001
 1.8029675e-001
 1.8029419e-001
 1.8028232e-001
 1.8026814e-001
 1.8025848e-001
 1.8025891e-001
 1.8027292e-001
 1.8030173e-001
 1.8034448e-001
 1.8039848e-001
 1.8045962e-001
 1.8052322e-001
 1.8058488e-001
 1.8064143e-001
 1.8069135e-001
 1.8073472e-001
 1.8077265e-001
 1.8080623e-001
 1.8083575e-001
 1.8086015e-001
 1.8087740e-001
 1.8088543e-001
 1.8088321e-001
 1.8087168e-001
 1.8085420e-001
 1.8083645e-001
 1.8082581e-001
 1.8083011e-001
 1.8085614e-001
 1.8090820e-001
 1.8098703e-001
 1.8108948e-001
 1.8120898e-001
 1.8133678e-001
 1.8146364e-001
 1.8158157e-001
 1.8168518e-001
 1.8177243e-001
 1.8184420e-001
 1.8190342e-001
 1.8195368e-001
 1.8199812e-001
 1.8203856e-001
 1.8207493e-001
 1.8210536e-001
 1.8212645e-001
 1.8213432e-001
 1.8212594e-001
 1.8210049e-001
 1.8206047e-001
 1.8201195e-001
 1.8196408e-001
 1.8192758e-001
 1.8191271e-001
 1.8192697e-001
 1.8197338e-001
 1.8204977e-001
 1.8214944e-001
 1.8226250e-001
 1.8237768e-001
 1.8248419e-001
 1.8257309e-001
 1.8263823e-001
 1.8267654e-001
 1.8268819e-001
 1.8267600e-001
 1.8264462e-001
 1.8259966e-001
 1.8254675e-001
 1.8249084e-001
 1.8243572e-001
 1.8238398e-001
 1.8233715e-001
 1.8229593e-001
 1.8226071e-001
 1.8223174e-001
 1.8220952e-001
 1.8219474e-001
 1.8218827e-001
 1.8219091e-001
 1.8220308e-001
 1.8222460e-001
 1.8225443e-001
 1.8229061e-001
 1.8233038e-001
 1.8237044e-001
 1.8240729e-001
 1.8243782e-001
 1.8245970e-001
 1.8247168e-001
 1.8247384e-001
 1.8246752e-001
 1.8245499e-001
 1.8243910e-001
 1.8242270e-001
 1.8240809e-001
 1.8239671e-001
 1.8238884e-001
 1.8238366e-001
 1.8237948e-001
 1.8237427e-001
 1.8236606e-001
 1.8235365e-001
 1.8233685e-001
 1.8231681e-001
 1.8229583e-001
 1.8227708e-001
 1.8226409e-001
 1.8225999e-001
 1.8226695e-001
 1.8228573e-001
 1.8231532e-001
 1.8235318e-001
 1.8239558e-001
 1.8243824e-001
 1.8247713e-001
 1.8250923e-001
 1.8253310e-001
 1.8254925e-001
 1.8255997e-001
 1.8256898e-001
 1.8258074e-001
 1.8259951e-001
 1.8262860e-001
 1.8266961e-001
 1.8272208e-001
 1.8278354e-001
 1.8284994e-001
 1.8291630e-001
 1.8297759e-001
 1.8302967e-001
 1.8306993e-001
 1.8309769e-001
 1.8311425e-001
 1.8312252e-001
 1.8312640e-001
 1.8312994e-001
 1.8313636e-001
 1.8314748e-001
 1.8316314e-001
 1.8318141e-001
 1.8319894e-001
 1.8321170e-001
 1.8321569e-001
 1.8320775e-001
 1.8318599e-001
 1.8315020e-001
 1.8310182e-001
 1.8304399e-001
 1.8298100e-001
 1.8291774e-001
 1.8285877e-001
 1.8280748e-001
 1.8276553e-001
 1.8273234e-001
 1.8270539e-001
 1.8268058e-001
 1.8265337e-001
 1.8261988e-001
 1.8257810e-001
 1.8252882e-001
 1.8247592e-001
 1.8242605e-001
 1.8238756e-001
 1.8236923e-001
 1.8237872e-001
 1.8242110e-001
 1.8249774e-001
 1.8260583e-001
 1.8273823e-001
 1.8288386e-001
 1.8302873e-001
 1.8315756e-001
 1.8325545e-001
 1.8330979e-001
 1.8331191e-001
 1.8325812e-001
 1.8315022e-001
 1.8299514e-001
 1.8280396e-001
 1.8259026e-001
 1.8236852e-001
 1.8215218e-001
 1.8195230e-001
 1.8177639e-001
 1.8162793e-001
 1.8150656e-001
 1.8140861e-001
 1.8132816e-001
 1.8125832e-001
 1.8119234e-001
 1.8112479e-001
 1.8105225e-001
 1.8097372e-001
 1.8089063e-001
 1.8080638e-001
 1.8072575e-001
 1.8065421e-001
 1.8059699e-001
 1.8055858e-001
 1.8054205e-001
 1.8054900e-001
 1.8057929e-001
 1.8063144e-001
 1.8070275e-001
 1.8078975e-001
 1.8088862e-001
 1.8099546e-001
 1.8110660e-001
 1.8121873e-001
 1.8132906e-001
 1.8143533e-001
 1.8153577e-001
 1.8162915e-001
 1.8171477e-001
 1.8179236e-001
 1.8186210e-001
 1.8192449e-001
 1.8198031e-001
 1.8203039e-001
 1.8207544e-001
 1.8211578e-001
 1.8215120e-001
 1.8218070e-001
 1.8220252e-001
 1.8221407e-001
 1.8221234e-001
 1.8219411e-001
 1.8215667e-001
 1.8209824e-001
 1.8201874e-001
 1.8192017e-001
 1.8180697e-001
 1.8168581e-001
 1.8156530e-001
 1.8145508e-001
 1.8136472e-001
 1.8130247e-001
 1.8127395e-001
 1.8128107e-001
 1.8132137e-001
 1.8138786e-001
 1.8146947e-001
 1.8155220e-001
 1.8162043e-001
 1.8165883e-001
 1.8165407e-001
 1.8159625e-001
 1.8148017e-001
 1.8130565e-001
 1.8107755e-001
 1.8080495e-001
 1.8050025e-001
 1.8017793e-001
 1.7985316e-001
 1.7954102e-001
 1.7925538e-001
 1.7900860e-001
 1.7881091e-001
 1.7867012e-001
 1.7859147e-001
 1.7857727e-001
 1.7862675e-001
 1.7873579e-001
 1.7889681e-001
 1.7909907e-001
 1.7932966e-001
 1.7957421e-001
 1.7981790e-001
 1.8004642e-001
 1.8024658e-001
 1.8040714e-001
 1.8051869e-001
 1.8057388e-001
 1.8056779e-001
 1.8049811e-001
 1.8036516e-001
 1.8017170e-001
 1.7992283e-001
 1.7962562e-001
 1.7928910e-001
 1.7892423e-001
 1.7854336e-001
 1.7816038e-001
 1.7774890e-001
 1.7738926e-001
 1.7707458e-001
 1.7681903e-001
 1.7663334e-001
 1.7652225e-001
 1.7648330e-001
 1.7650749e-001
 1.7658123e-001
 1.7668857e-001
 1.7681274e-001
 1.7693727e-001
 1.7704685e-001
 1.7712869e-001
 1.7717358e-001
 1.7717697e-001
 1.7713900e-001
 1.7706425e-001
 1.7696051e-001
 1.7683759e-001
 1.7670628e-001
 1.7657752e-001
 1.7646188e-001
 1.7636858e-001
 1.7630480e-001
 1.7627464e-001
 1.7627877e-001
 1.7631483e-001
 1.7637822e-001
 1.7646298e-001
 1.7656252e-001
 1.7667009e-001
 1.7677903e-001
 1.7688313e-001
 1.7697673e-001
 1.7705512e-001
 1.7711453e-001
 1.7715208e-001
 1.7716552e-001
 1.7715301e-001
 1.7711295e-001
 1.7704391e-001
 1.7694485e-001
 1.7681535e-001
 1.7665604e-001
 1.7646906e-001
 1.7625806e-001
 1.7602822e-001
 1.7578579e-001
 1.7553756e-001
 1.7529064e-001
 1.7505196e-001
 1.7482786e-001
 1.7462349e-001
 1.7444178e-001
 1.7428292e-001
 1.7414379e-001
 1.7401852e-001
 1.7389907e-001
 1.7377615e-001
 1.7363995e-001
 1.7348056e-001
 1.7328855e-001
 1.7305557e-001
 1.7277496e-001
 1.7244248e-001
 1.7205667e-001
 1.7161828e-001
 1.7113003e-001
 1.7059548e-001
 1.7001884e-001
 1.6940440e-001
 1.6875593e-001
 1.6807678e-001
 1.6736875e-001
 1.6663218e-001
 1.6586559e-001
 1.6506553e-001
 1.6422766e-001
 1.6334659e-001
 1.6241682e-001
 1.6143292e-001
 1.6038938e-001
 1.5928183e-001
 1.5810657e-001
 1.5686181e-001
 1.5554756e-001
 1.5416490e-001
 1.5271650e-001
 1.5120582e-001
 1.4963616e-001
 1.4801204e-001
 1.4633793e-001
 1.4462031e-001
 1.4286815e-001
 1.4109300e-001
 1.3931085e-001
 1.3754013e-001
 1.3580227e-001
 1.3412006e-001
 1.3251629e-001
 1.3101420e-001
 1.2963501e-001
 1.2839767e-001
 1.2731640e-001
 1.2639867e-001
 1.2564534e-001
 1.2505057e-001
 1.2460405e-001
 1.2429261e-001
 1.2410165e-001
 1.2401629e-001
 1.2402190e-001
 1.2410471e-001
 1.2425245e-001
 1.2445499e-001
 1.2470441e-001
 1.2499484e-001
 1.2532207e-001
 1.2568264e-001
 1.2607366e-001
 1.2649229e-001
 1.2693556e-001
 1.2740038e-001
 1.2788302e-001
 1.2837927e-001
 1.2888406e-001
 1.2939167e-001
 1.2989610e-001
 1.3039082e-001
 1.3086949e-001
 1.3132578e-001
 1.3175395e-001
 1.3214968e-001
 1.3251047e-001
 1.3283680e-001
 1.3313216e-001
 1.3340278e-001
 1.3365708e-001
 1.3390459e-001
 1.3415533e-001
 1.3441932e-001
 1.3470565e-001
 1.3502184e-001
 1.3537237e-001
 1.3575780e-001
 1.3617443e-001
 1.3661438e-001
 1.3706717e-001
 1.3752034e-001
 1.3796076e-001
 1.3837543e-001
 1.3875198e-001
 1.3908008e-001
 1.3935232e-001
 1.3956556e-001
 1.3972138e-001
 1.3982548e-001
 1.3988672e-001
 1.3991581e-001
 1.3992427e-001
 1.3992387e-001
 1.3992596e-001
 1.3994098e-001
 1.3997777e-001
 1.4004301e-001
 1.4014095e-001
 1.4027368e-001
 1.4044163e-001
 1.4064434e-001
 1.4088078e-001
 1.4114973e-001
 1.4144963e-001
 1.4177848e-001
 1.4213374e-001
 1.4251177e-001
 1.4290813e-001
 1.4331731e-001
 1.4373313e-001
 1.4414917e-001
 1.4455867e-001
 1.4495510e-001
 1.4533217e-001
 1.4568427e-001
 1.4600721e-001
 1.4629824e-001
 1.4655663e-001
 1.4678322e-001
 1.4698006e-001
 1.4715004e-001
 1.4729632e-001
 1.4742227e-001
 1.4753143e-001
 1.4762743e-001
 1.4771420e-001
 1.4779596e-001
 1.4787735e-001
 1.4796335e-001
 1.4805910e-001
 1.4816999e-001
 1.4830130e-001
 1.4845820e-001
 1.4864513e-001
 1.4886539e-001
 1.4912027e-001
 1.4940809e-001
 1.4972425e-001
 1.5006129e-001
 1.5040986e-001
 1.5075907e-001
 1.5109780e-001
 1.5141505e-001
 1.5170026e-001
 1.5194483e-001
 1.5214285e-001
 1.5229206e-001
 1.5239452e-001
 1.5245600e-001
 1.5248507e-001
 1.5249190e-001
 1.5248746e-001
 1.5248273e-001
 1.5248816e-001
 1.5251282e-001
 1.5256356e-001
 1.5264407e-001
 1.5275469e-001
 1.5289268e-001
 1.5305294e-001
 1.5322910e-001
 1.5341416e-001
 1.5360108e-001
 1.5378313e-001
 1.5395470e-001
 1.5411183e-001
 1.5425283e-001
 1.5437861e-001
 1.5449239e-001
 1.5459901e-001
 1.5470439e-001
 1.5481485e-001
 1.5493670e-001
 1.5507564e-001
 1.5523626e-001
 1.5542114e-001
 1.5563005e-001
 1.5585981e-001
 1.5610459e-001
 1.5635635e-001
 1.5660603e-001
 1.5684408e-001
 1.5706076e-001
 1.5724711e-001
 1.5739539e-001
 1.5750006e-001
 1.5755841e-001
 1.5757114e-001
 1.5754181e-001
 1.5747620e-001
 1.5738140e-001
 1.5726504e-001
 1.5713504e-001
 1.5699919e-001
 1.5686487e-001
 1.5673892e-001
 1.5662737e-001
 1.5653528e-001
 1.5646689e-001
 1.5642586e-001
 1.5641542e-001
 1.5643854e-001
 1.5649791e-001
 1.5659554e-001
 1.5673220e-001
 1.5690662e-001
 1.5711457e-001
 1.5734884e-001
 1.5759939e-001
 1.5785398e-001
 1.5809926e-001
 1.5832148e-001
 1.5850697e-001
 1.5864336e-001
 1.5872075e-001
 1.5873332e-001
 1.5868101e-001
 1.5856996e-001
 1.5841196e-001
 1.5822308e-001
 1.5802169e-001
 1.5782723e-001
 1.5765911e-001
 1.5753525e-001
 1.5747045e-001
 1.5747431e-001
 1.5754925e-001
 1.5768979e-001
 1.5788342e-001
 1.5811220e-001
 1.5835522e-001
 1.5859023e-001
 1.5879488e-001
 1.5894836e-001
 1.5903310e-001
 1.5903698e-001
 1.5895535e-001
 1.5879177e-001
 1.5855736e-001
 1.5826863e-001
 1.5794538e-001
 1.5760887e-001
 1.5728083e-001
 1.5698202e-001
 1.5673138e-001
 1.5654482e-001
 1.5643370e-001
 1.5640469e-001
 1.5646009e-001
 1.5659897e-001
 1.5681846e-001
 1.5711474e-001
 1.5748312e-001
 1.5791830e-001
 1.5841363e-001
 1.5895975e-001
 1.5954454e-001
 1.6015247e-001
 1.6076438e-001
 1.6135930e-001
 1.6191489e-001
 1.6240795e-001
 1.6281617e-001
 1.6311871e-001
 1.6329834e-001
 1.6334368e-001
 1.6325153e-001
 1.6302755e-001
 1.6268557e-001
 1.6224526e-001
 1.6172974e-001
 1.6116412e-001
 1.6057347e-001
 1.5998207e-001
 1.5941207e-001
 1.5888241e-001
 1.5840682e-001
 1.5799375e-001
 1.5764706e-001
 1.5736675e-001
 1.5715078e-001
 1.5699609e-001
 1.5689895e-001
 1.5685524e-001
 1.5686025e-001
 1.5690815e-001
 1.5699179e-001
 1.5710251e-001
 1.5723020e-001
 1.5736379e-001
 1.5749165e-001
 1.5760197e-001
 1.5768324e-001
 1.5772508e-001
 1.5771928e-001
 1.5766142e-001
 1.5755211e-001
 1.5739754e-001
 1.5720907e-001
 1.5700169e-001
 1.5679252e-001
 1.5659979e-001
 1.5644132e-001
 1.5633346e-001
 1.5628943e-001
 1.5631677e-001
 1.5641567e-001
 1.5657791e-001
 1.5678790e-001
 1.5702453e-001
 1.5726347e-001
 1.5747882e-001
 1.5764496e-001
 1.5773781e-001
 1.5773687e-001
 1.5762782e-001
 1.5740462e-001
 1.5707056e-001
 1.5663715e-001
 1.5612201e-001
 1.5554637e-001
 1.5493344e-001
 1.5430632e-001
 1.5368722e-001
 1.5309644e-001
 1.5254995e-001
 1.5205845e-001
 1.5162712e-001
 1.5125543e-001
 1.5093911e-001
 1.5067144e-001
 1.5044482e-001
 1.5025119e-001
 1.5008284e-001
 1.4993310e-001
 1.4979683e-001
 1.4967108e-001
 1.4955544e-001
 1.4945166e-001
 1.4936306e-001
 1.4929400e-001
 1.4924923e-001
 1.4923342e-001
 1.4925081e-001
 1.4930443e-001
 1.4939553e-001
 1.4952268e-001
 1.4968158e-001
 1.4986546e-001
 1.5006562e-001
 1.5027209e-001
 1.5047459e-001
 1.5066278e-001
 1.5082683e-001
 1.5095788e-001
 1.5104912e-001
 1.5109621e-001
 1.5109758e-001
 1.5105426e-001
 1.5096913e-001
 1.5084624e-001
 1.5069017e-001
 1.5050571e-001
 1.5029791e-001
 1.5007190e-001
 1.4983307e-001
 1.4958709e-001
 1.4934020e-001
 1.4909875e-001
 1.4886937e-001
 1.4865896e-001
 1.4847419e-001
 1.4832135e-001
 1.4820589e-001
 1.4813104e-001
 1.4809667e-001
 1.4809799e-001
 1.4812510e-001
 1.4816342e-001
 1.4819498e-001
 1.4819983e-001
 1.4815727e-001
 1.4804710e-001
 1.4785127e-001
 1.4755620e-001
 1.4715573e-001
 1.4665428e-001
 1.4606729e-001
 1.4542055e-001
 1.4474718e-001
 1.4408527e-001
 1.4347421e-001
 1.4295301e-001
 1.4255819e-001
 1.4231935e-001
 1.4225540e-001
 1.4237048e-001
 1.4265236e-001
 1.4307407e-001
 1.4359790e-001
 1.4417933e-001
 1.4477135e-001
 1.4532687e-001
 1.4580083e-001
 1.4615451e-001
 1.4635886e-001
 1.4639810e-001
 1.4627145e-001
 1.4599137e-001
 1.4558038e-001
 1.4506671e-001
 1.4448136e-001
 1.4385563e-001
 1.4322002e-001
 1.4260128e-001
 1.4202048e-001
 1.4149143e-001
 1.4101903e-001
 1.4060053e-001
 1.4022778e-001
 1.3988899e-001
 1.3957091e-001
 1.3925992e-001
 1.3894345e-001
 1.3861062e-001
 1.3825388e-001
 1.3787051e-001
 1.3746257e-001
 1.3703664e-001
 1.3660295e-001
 1.3617344e-001
 1.3576093e-001
 1.3537866e-001
 1.3503891e-001
 1.3475266e-001
 1.3452831e-001
 1.3437104e-001
 1.3428211e-001
 1.3425945e-001
 1.3429850e-001
 1.3439320e-001
 1.3453679e-001
 1.3472217e-001
 1.3494232e-001
 1.3519043e-001
 1.3546009e-001
 1.3574521e-001
 1.3604046e-001
 1.3634099e-001
 1.3664213e-001
 1.3693964e-001
 1.3722944e-001
 1.3750730e-001
 1.3776937e-001
 1.3801204e-001
 1.3823217e-001
 1.3842720e-001
 1.3859537e-001
 1.3873556e-001
 1.3884705e-001
 1.3892950e-001
 1.3898274e-001
 1.3900667e-001
 1.3900150e-001
 1.3896792e-001
 1.3890736e-001
 1.3882232e-001
 1.3871649e-001
 1.3859455e-001
 1.3846204e-001
 1.3832487e-001
 1.3818908e-001
 1.3806061e-001
 1.3794477e-001
 1.3784559e-001
 1.3776505e-001
 1.3770224e-001
 1.3765314e-001
 1.3761085e-001
 1.3756636e-001
 1.3750936e-001
 1.3742900e-001
 1.3731463e-001
 1.3715656e-001
 1.3694720e-001
 1.3668290e-001
 1.3636491e-001
 1.3600020e-001
 1.3560088e-001
 1.3518226e-001
 1.3476162e-001
 1.3435684e-001
 1.3398582e-001
 1.3366486e-001
 1.3340788e-001
 1.3322498e-001
 1.3312092e-001
 1.3309480e-001
 1.3314031e-001
 1.3324690e-001
 1.3340142e-001
 1.3358957e-001
 1.3379651e-001
 1.3400777e-001
 1.3420914e-001
 1.3438673e-001
 1.3452357e-001
 1.3458897e-001
 1.3462383e-001
 1.3461103e-001
 1.3455261e-001
 1.3445069e-001
 1.3430722e-001
 1.3412435e-001
 1.3390410e-001
 1.3364851e-001
 1.3335966e-001
 1.3303974e-001
 1.3269362e-001
 1.3232717e-001
 1.3194643e-001
 1.3155730e-001
 1.3116594e-001
 1.3077825e-001
 1.3040026e-001
 1.3003784e-001
 1.2969719e-001
 1.2938423e-001
 1.2910491e-001
 1.2886521e-001
 1.2867123e-001
 1.2852813e-001
 1.2843426e-001
 1.2838416e-001
 1.2837239e-001
 1.2839349e-001
 1.2844202e-001
 1.2851252e-001
 1.2859957e-001
 1.2869766e-001
 1.2880136e-001
 1.2890522e-001
 1.2900381e-001
 1.2909162e-001
 1.2916325e-001
 1.2921321e-001
 1.2923610e-001
 1.2922639e-001
 1.2917869e-001
 1.2908812e-001
 1.2895511e-001
 1.2878284e-001
 1.2857461e-001
 1.2833361e-001
 1.2806310e-001
 1.2776618e-001
 1.2744629e-001
 1.2710658e-001
 1.2675025e-001
 1.2638055e-001
 1.2600063e-001
 1.2561387e-001
 1.2522346e-001
 1.2483259e-001
 1.2444443e-001
 1.2406237e-001
 1.2368958e-001
 1.2332926e-001
 1.2298458e-001
 1.2265893e-001
 1.2235546e-001
 1.2207708e-001
 1.2182384e-001
 1.2159457e-001
 1.2138788e-001
 1.2120245e-001
 1.2103698e-001
 1.2089010e-001
 1.2076057e-001
 1.2064704e-001
 1.2054819e-001
 1.2046266e-001
 1.2038923e-001
 1.2032651e-001
 1.2027320e-001
 1.2022799e-001
 1.2018955e-001
 1.2015659e-001
 1.2012777e-001
 1.2010176e-001
 1.2007726e-001
 1.2005296e-001
 1.2002753e-001
 1.1999967e-001
 1.1996804e-001
 1.1993135e-001
 1.1988825e-001
 1.1983756e-001
 1.1977904e-001
 1.1971301e-001
 1.1963971e-001
 1.1955940e-001
 1.1947237e-001
 1.1937884e-001
 1.1927915e-001
 1.1917356e-001
 1.1906230e-001
 1.1894564e-001
 1.1882391e-001
 1.1869733e-001
 1.1856619e-001
 1.1843072e-001
 1.1829126e-001
 1.1814806e-001
 1.1800135e-001
 1.1785139e-001
 1.1769855e-001
 1.1754302e-001
 1.1738510e-001
 1.1722503e-001
 1.1706308e-001
 1.1689956e-001
 1.1673474e-001
 1.1656885e-001
 1.1640215e-001
 1.1623499e-001
 1.1606758e-001
 1.1590021e-001
 1.1573304e-001
 1.1556637e-001
 1.1540036e-001
