s07_ASD Record=12916: Chlor+Goethite CU93-4B Phyl   BECKa AREF
 1.8422250e-001
 1.8461956e-001
 1.8505701e-001
 1.8553548e-001
 1.8604767e-001
 1.8657990e-001
 1.8711624e-001
 1.8764247e-001
 1.8814877e-001
 1.8863055e-001
 1.8908814e-001
 1.8952556e-001
 1.8994974e-001
 1.9037044e-001
 1.9080026e-001
 1.9125333e-001
 1.9174199e-001
 1.9227400e-001
 1.9285059e-001
 1.9346599e-001
 1.9410889e-001
 1.9476561e-001
 1.9542474e-001
 1.9607998e-001
 1.9673157e-001
 1.9738562e-001
 1.9805245e-001
 1.9874182e-001
 1.9945793e-001
 2.0019837e-001
 2.0095581e-001
 2.0172194e-001
 2.0248984e-001
 2.0325480e-001
 2.0401463e-001
 2.0476973e-001
 2.0552188e-001
 2.0627244e-001
 2.0702145e-001
 2.0776692e-001
 2.0850471e-001
 2.0922908e-001
 2.0993400e-001
 2.1061522e-001
 2.1127167e-001
 2.1190575e-001
 2.1252142e-001
 2.1312164e-001
 2.1370600e-001
 2.1427059e-001
 2.1480973e-001
 2.1531899e-001
 2.1579789e-001
 2.1625069e-001
 2.1668528e-001
 2.1711095e-001
 2.1753661e-001
 2.1796931e-001
 2.1841434e-001
 2.1887924e-001
 2.1936944e-001
 2.1987620e-001
 2.2039130e-001
 2.2090654e-001
 2.2140673e-001
 2.2188072e-001
 2.2233042e-001
 2.2276428e-001
 2.2319239e-001
 2.2362477e-001
 2.2407025e-001
 2.2453697e-001
 2.2503327e-001
 2.2556719e-001
 2.2614412e-001
 2.2676432e-001
 2.2742234e-001
 2.2810981e-001
 2.2882000e-001
 2.2955096e-001
 2.3030478e-001
 2.3108260e-001
 2.3187962e-001
 2.3268372e-001
 2.3348044e-001
 2.3426047e-001
 2.3502462e-001
 2.3578233e-001
 2.3654436e-001
 2.3731424e-001
 2.3808320e-001
 2.3883136e-001
 2.3953372e-001
 2.4016879e-001
 2.4072556e-001
 2.4120718e-001
 2.4163036e-001
 2.4201861e-001
 2.4239123e-001
 2.4275355e-001
 2.4309559e-001
 2.4339895e-001
 2.4364686e-001
 2.4383029e-001
 2.4394865e-001
 2.4400705e-001
 2.4401318e-001
 2.4397808e-001
 2.4391796e-001
 2.4385156e-001
 2.4379365e-001
 2.4375047e-001
 2.4372162e-001
 2.4370462e-001
 2.4369612e-001
 2.4368981e-001
 2.4367665e-001
 2.4365053e-001
 2.4361496e-001
 2.4358501e-001
 2.4358183e-001
 2.4362189e-001
 2.4370560e-001
 2.4381299e-001
 2.4391234e-001
 2.4397895e-001
 2.4401253e-001
 2.4404028e-001
 2.4410325e-001
 2.4423419e-001
 2.4444108e-001
 2.4470733e-001
 2.4500655e-001
 2.4531820e-001
 2.4563062e-001
 2.4593376e-001
 2.4621665e-001
 2.4647829e-001
 2.4674058e-001
 2.4704431e-001
 2.4742438e-001
 2.4788402e-001
 2.4839193e-001
 2.4890421e-001
 2.4939309e-001
 2.4986255e-001
 2.5034329e-001
 2.5086945e-001
 2.5144914e-001
 2.5205189e-001
 2.5262854e-001
 2.5315017e-001
 2.5362989e-001
 2.5410834e-001
 2.5461814e-001
 2.5516328e-001
 2.5572792e-001
 2.5629929e-001
 2.5687853e-001
 2.5747213e-001
 2.5807869e-001
 2.5868723e-001
 2.5928733e-001
 2.5987852e-001
 2.6047015e-001
 2.6107246e-001
 2.6168635e-001
 2.6229846e-001
 2.6288447e-001
 2.6342288e-001
 2.6391202e-001
 2.6437661e-001
 2.6485300e-001
 2.6536381e-001
 2.6590270e-001
 2.6644036e-001
 2.6694348e-001
 2.6739246e-001
 2.6779121e-001
 2.6816496e-001
 2.6854420e-001
 2.6893917e-001
 2.6932642e-001
 2.6967186e-001
 2.6997930e-001
 2.7031073e-001
 2.7074251e-001
 2.7130032e-001
 2.7194577e-001
 2.7261612e-001
 2.7325746e-001
 2.7382648e-001
 2.7428985e-001
 2.7463734e-001
 2.7489096e-001
 2.7509937e-001
 2.7532664e-001
 2.7563146e-001
 2.7603385e-001
 2.7649811e-001
 2.7696159e-001
 2.7738076e-001
 2.7774143e-001
 2.7803841e-001
 2.7827108e-001
 2.7845621e-001
 2.7862039e-001
 2.7877539e-001
 2.7891710e-001
 2.7905074e-001
 2.7919972e-001
 2.7938157e-001
 2.7958310e-001
 2.7976662e-001
 2.7990136e-001
 2.7998629e-001
 2.8003961e-001
 2.8006920e-001
 2.8006062e-001
 2.7999967e-001
 2.7990320e-001
 2.7981174e-001
 2.7973887e-001
 2.7963981e-001
 2.7945513e-001
 2.7918023e-001
 2.7887061e-001
 2.7858987e-001
 2.7837911e-001
 2.7825910e-001
 2.7822116e-001
 2.7821639e-001
 2.7819052e-001
 2.7813312e-001
 2.7806932e-001
 2.7800775e-001
 2.7792615e-001
 2.7780798e-001
 2.7766818e-001
 2.7753446e-001
 2.7741569e-001
 2.7730000e-001
 2.7718443e-001
 2.7708972e-001
 2.7702960e-001
 2.7698147e-001
 2.7691537e-001
 2.7683645e-001
 2.7676332e-001
 2.7668339e-001
 2.7657780e-001
 2.7646610e-001
 2.7637708e-001
 2.7629995e-001
 2.7619642e-001
 2.7604127e-001
 2.7583426e-001
 2.7560058e-001
 2.7538174e-001
 2.7519563e-001
 2.7501267e-001
 2.7479810e-001
 2.7456847e-001
 2.7437609e-001
 2.7423602e-001
 2.7410221e-001
 2.7392906e-001
 2.7372107e-001
 2.7349427e-001
 2.7323633e-001
 2.7294984e-001
 2.7268338e-001
 2.7247307e-001
 2.7229121e-001
 2.7207497e-001
 2.7178839e-001
 2.7145457e-001
 2.7112344e-001
 2.7080747e-001
 2.7048799e-001
 2.7018312e-001
 2.6994565e-001
 2.6976636e-001
 2.6953068e-001
 2.6914439e-001
 2.6868233e-001
 2.6832497e-001
 2.6813161e-001
 2.6797301e-001
 2.6772189e-001
 2.6739496e-001
 2.6707274e-001
 2.6679116e-001
 2.6655036e-001
 2.6633254e-001
 2.6607439e-001
 2.6571447e-001
 2.6530883e-001
 2.6500198e-001
 2.6483661e-001
 2.6469269e-001
 2.6445690e-001
 2.6415032e-001
 2.6385668e-001
 2.6362267e-001
 2.6346004e-001
 2.6335779e-001
 2.6325256e-001
 2.6305503e-001
 2.6275483e-001
 2.6246032e-001
 2.6229674e-001
 2.6227084e-001
 2.6224267e-001
 2.6204669e-001
 2.6166546e-001
 2.6124847e-001
 2.6094961e-001
 2.6079994e-001
 2.6070440e-001
 2.6053068e-001
 2.6020926e-001
 2.5978234e-001
 2.5936493e-001
 2.5905195e-001
 2.5885957e-001
 2.5873667e-001
 2.5861847e-001
 2.5846857e-001
 2.5828430e-001
 2.5808039e-001
 2.5787476e-001
 2.5768077e-001
 2.5750130e-001
 2.5732610e-001
 2.5713864e-001
 2.5693086e-001
 2.5671270e-001
 2.5650594e-001
 2.5632688e-001
 2.5617406e-001
 2.5603190e-001
 2.5588486e-001
 2.5572795e-001
 2.5556639e-001
 2.5540870e-001
 2.5526014e-001
 2.5511762e-001
 2.5496462e-001
 2.5477353e-001
 2.5452903e-001
 2.5426584e-001
 2.5407317e-001
 2.5399771e-001
 2.5393468e-001
 2.5378257e-001
 2.5357115e-001
 2.5336036e-001
 2.5313124e-001
 2.5287294e-001
 2.5267741e-001
 2.5263819e-001
 2.5271538e-001
 2.5276318e-001
 2.5266120e-001
 2.5242519e-001
 2.5219998e-001
 2.5210240e-001
 2.5209960e-001
 2.5208068e-001
 2.5198850e-001
 2.5185132e-001
 2.5173557e-001
 2.5168422e-001
 2.5168160e-001
 2.5166824e-001
 2.5159180e-001
 2.5146240e-001
 2.5135288e-001
 2.5131667e-001
 2.5133145e-001
 2.5135255e-001
 2.5136662e-001
 2.5134888e-001
 2.5124413e-001
 2.5106582e-001
 2.5094277e-001
 2.5097162e-001
 2.5108069e-001
 2.5111040e-001
 2.5097916e-001
 2.5074938e-001
 2.5055802e-001
 2.5046951e-001
 2.5041622e-001
 2.5031823e-001
 2.5020093e-001
 2.5012133e-001
 2.5008997e-001
 2.5005963e-001
 2.5000367e-001
 2.4996717e-001
 2.4997336e-001
 2.4998105e-001
 2.4994336e-001
 2.4984621e-001
 2.4970467e-001
 2.4954967e-001
 2.4943008e-001
 2.4940756e-001
 2.4951899e-001
 2.4971797e-001
 2.4988088e-001
 2.4989638e-001
 2.4976304e-001
 2.4958682e-001
 2.4947570e-001
 2.4943966e-001
 2.4939348e-001
 2.4925834e-001
 2.4906188e-001
 2.4893610e-001
 2.4899802e-001
 2.4921174e-001
 2.4940771e-001
 2.4943238e-001
 2.4924783e-001
 2.4894536e-001
 2.4868587e-001
 2.4858367e-001
 2.4854504e-001
 2.4850981e-001
 2.4840952e-001
 2.4826063e-001
 2.4811359e-001
 2.4801897e-001
 2.4801655e-001
 2.4807456e-001
 2.4813241e-001
 2.4812943e-001
 2.4801630e-001
 2.4781781e-001
 2.4758884e-001
 2.4738431e-001
 2.4725024e-001
 2.4717359e-001
 2.4711722e-001
 2.4704401e-001
 2.4692172e-001
 2.4675004e-001
 2.4650450e-001
 2.4626979e-001
 2.4602622e-001
 2.4578078e-001
 2.4553493e-001
 2.4528976e-001
 2.4504653e-001
 2.4480641e-001
 2.4457207e-001
 2.4434763e-001
 2.4413724e-001
 2.4394508e-001
 2.4377501e-001
 2.4362557e-001
 2.4348977e-001
 2.4336053e-001
 2.4323063e-001
 2.4309304e-001
 2.4294125e-001
 2.4276952e-001
 2.4257205e-001
 2.4234313e-001
 2.4207699e-001
 2.4177058e-001
 2.4143180e-001
 2.4107093e-001
 2.4069847e-001
 2.4032474e-001
 2.3996024e-001
 2.3961315e-001
 2.3928384e-001
 2.3897061e-001
 2.3867188e-001
 2.3838590e-001
 2.3811109e-001
 2.3784576e-001
 2.3758838e-001
 2.3733789e-001
 2.3709325e-001
 2.3685353e-001
 2.3661767e-001
 2.3638478e-001
 2.3615381e-001
 2.3592384e-001
 2.3569371e-001
 2.3546213e-001
 2.3522761e-001
 2.3498873e-001
 2.3474401e-001
 2.3449205e-001
 2.3423138e-001
 2.3396052e-001
 2.3367892e-001
 2.3338886e-001
 2.3309347e-001
 2.3279577e-001
 2.3249891e-001
 2.3220587e-001
 2.3191983e-001
 2.3164374e-001
 2.3137999e-001
 2.3112793e-001
 2.3088636e-001
 2.3065397e-001
 2.3042950e-001
 2.3021172e-001
 2.2999935e-001
 2.2979113e-001
 2.2958584e-001
 2.2938219e-001
 2.2917891e-001
 2.2897476e-001
 2.2876851e-001
 2.2855902e-001
 2.2834511e-001
 2.2812568e-001
 2.2789955e-001
 2.2766565e-001
 2.2742280e-001
 2.2716986e-001
 2.2690573e-001
 2.2662921e-001
 2.2633924e-001
 2.2603461e-001
 2.2571559e-001
 2.2538702e-001
 2.2505498e-001
 2.2472537e-001
 2.2440422e-001
 2.2409746e-001
 2.2381116e-001
 2.2355121e-001
 2.2332370e-001
 2.2313455e-001
 2.2298969e-001
 2.2289217e-001
 2.2283427e-001
 2.2280605e-001
 2.2279747e-001
 2.2279854e-001
 2.2279930e-001
 2.2278972e-001
 2.2275983e-001
 2.2269961e-001
 2.2259909e-001
 2.2245163e-001
 2.2226228e-001
 2.2203846e-001
 2.2178787e-001
 2.2151792e-001
 2.2123623e-001
 2.2095026e-001
 2.2066766e-001
 2.2039586e-001
 2.2014248e-001
 2.1991305e-001
 2.1970657e-001
 2.1952049e-001
 2.1935238e-001
 2.1919970e-001
 2.1906005e-001
 2.1893087e-001
 2.1880972e-001
 2.1869412e-001
 2.1858157e-001
 2.1847036e-001
 2.1836145e-001
 2.1825632e-001
 2.1815647e-001
 2.1806338e-001
 2.1797851e-001
 2.1790341e-001
 2.1783951e-001
 2.1778834e-001
 2.1775089e-001
 2.1772632e-001
 2.1771353e-001
 2.1771143e-001
 2.1771884e-001
 2.1773465e-001
 2.1775773e-001
 2.1778694e-001
 2.1781981e-001
 2.1784936e-001
 2.1786770e-001
 2.1786699e-001
 2.1783929e-001
 2.1777676e-001
 2.1767150e-001
 2.1751563e-001
 2.1730635e-001
 2.1705745e-001
 2.1678612e-001
 2.1650954e-001
 2.1624477e-001
 2.1600914e-001
 2.1581972e-001
 2.1569370e-001
 2.1564007e-001
 2.1564150e-001
 2.1567541e-001
 2.1571469e-001
 2.1573757e-001
 2.1572141e-001
 2.1565321e-001
 2.1553496e-001
 2.1538283e-001
 2.1522248e-001
 2.1508405e-001
 2.1499795e-001
 2.1498874e-001
 2.1506509e-001
 2.1521366e-001
 2.1540539e-001
 2.1560518e-001
 2.1577877e-001
 2.1589912e-001
 2.1595308e-001
 2.1594338e-001
 2.1588467e-001
 2.1579717e-001
 2.1570133e-001
 2.1561316e-001
 2.1554010e-001
 2.1547967e-001
 2.1542162e-001
 2.1535201e-001
 2.1525720e-001
 2.1512765e-001
 2.1496101e-001
 2.1476321e-001
 2.1454656e-001
 2.1432665e-001
 2.1411867e-001
 2.1393420e-001
 2.1377853e-001
 2.1364988e-001
 2.1354076e-001
 2.1344027e-001
 2.1333672e-001
 2.1321955e-001
 2.1295156e-001
 2.1277812e-001
 2.1259688e-001
 2.1241067e-001
 2.1222430e-001
 2.1204446e-001
 2.1187897e-001
 2.1173596e-001
 2.1162288e-001
 2.1154487e-001
 2.1150358e-001
 2.1149600e-001
 2.1151422e-001
 2.1154636e-001
 2.1157852e-001
 2.1159719e-001
 2.1159138e-001
 2.1155411e-001
 2.1148303e-001
 2.1138024e-001
 2.1125109e-001
 2.1110283e-001
 2.1094312e-001
 2.1077898e-001
 2.1061599e-001
 2.1045797e-001
 2.1030690e-001
 2.1016310e-001
 2.1002576e-001
 2.0989373e-001
 2.0976606e-001
 2.0964259e-001
 2.0952383e-001
 2.0941080e-001
 2.0930453e-001
 2.0920560e-001
 2.0911378e-001
 2.0902771e-001
 2.0894507e-001
 2.0886271e-001
 2.0877722e-001
 2.0868546e-001
 2.0858510e-001
 2.0847502e-001
 2.0835553e-001
 2.0822819e-001
 2.0809555e-001
 2.0796058e-001
 2.0782600e-001
 2.0769382e-001
 2.0756471e-001
 2.0743811e-001
 2.0731214e-001
 2.0718406e-001
 2.0705102e-001
 2.0691061e-001
 2.0676161e-001
 2.0660433e-001
 2.0644067e-001
 2.0627394e-001
 2.0610802e-001
 2.0594677e-001
 2.0579316e-001
 2.0564868e-001
 2.0551336e-001
 2.0538598e-001
 2.0526472e-001
 2.0514798e-001
 2.0503500e-001
 2.0492625e-001
 2.0482329e-001
 2.0472814e-001
 2.0464268e-001
 2.0456773e-001
 2.0450267e-001
 2.0444536e-001
 2.0439254e-001
 2.0434058e-001
 2.0428632e-001
 2.0422775e-001
 2.0416433e-001
 2.0409687e-001
 2.0402715e-001
 2.0395723e-001
 2.0388895e-001
 2.0382343e-001
 2.0376101e-001
 2.0370139e-001
 2.0364390e-001
 2.0358790e-001
 2.0353296e-001
 2.0347892e-001
 2.0342585e-001
 2.0337389e-001
 2.0332305e-001
 2.0327315e-001
 2.0322391e-001
 2.0317504e-001
 2.0312649e-001
 2.0307852e-001
 2.0303182e-001
 2.0298743e-001
 2.0294656e-001
 2.0291041e-001
 2.0288000e-001
 2.0285605e-001
 2.0283893e-001
 2.0282865e-001
 2.0282480e-001
 2.0282653e-001
 2.0283237e-001
 2.0284013e-001
 2.0284688e-001
 2.0284897e-001
 2.0284232e-001
 2.0282304e-001
 2.0278788e-001
 2.0273483e-001
 2.0266365e-001
 2.0257579e-001
 2.0247425e-001
 2.0236304e-001
 2.0224643e-001
 2.0212843e-001
 2.0201239e-001
 2.0190097e-001
 2.0179637e-001
 2.0170070e-001
 2.0161641e-001
 2.0154637e-001
 2.0149370e-001
 2.0146121e-001
 2.0145071e-001
 2.0146236e-001
 2.0149422e-001
 2.0154221e-001
 2.0160066e-001
 2.0166306e-001
 2.0172311e-001
 2.0177570e-001
 2.0181759e-001
 2.0184776e-001
 2.0186736e-001
 2.0187914e-001
 2.0188686e-001
 2.0189451e-001
 2.0190552e-001
 2.0192233e-001
 2.0194609e-001
 2.0197661e-001
 2.0201257e-001
 2.0205188e-001
 2.0209214e-001
 2.0213108e-001
 2.0216703e-001
 2.0219919e-001
 2.0222774e-001
 2.0225385e-001
 2.0227934e-001
 2.0230639e-001
 2.0233704e-001
 2.0237273e-001
 2.0241404e-001
 2.0246057e-001
 2.0251113e-001
 2.0256416e-001
 2.0261824e-001
 2.0267273e-001
 2.0272832e-001
 2.0278700e-001
 2.0285214e-001
 2.0292783e-001
 2.0301798e-001
 2.0312564e-001
 2.0325187e-001
 2.0339535e-001
 2.0355219e-001
 2.0371620e-001
 2.0387997e-001
 2.0403585e-001
 2.0417753e-001
 2.0430107e-001
 2.0440574e-001
 2.0449418e-001
 2.0457160e-001
 2.0464469e-001
 2.0471980e-001
 2.0480138e-001
 2.0489086e-001
 2.0498626e-001
 2.0508267e-001
 2.0517373e-001
 2.0525332e-001
 2.0531730e-001
 2.0536481e-001
 2.0539854e-001
 2.0542440e-001
 2.0545016e-001
 2.0548400e-001
 2.0553292e-001
 2.0560168e-001
 2.0569234e-001
 2.0580441e-001
 2.0593546e-001
 2.0608185e-001
 2.0623948e-001
 2.0640442e-001
 2.0657307e-001
 2.0674245e-001
 2.0691006e-001
 2.0707396e-001
 2.0723295e-001
 2.0738654e-001
 2.0753501e-001
 2.0767935e-001
 2.0782082e-001
 2.0796065e-001
 2.0809950e-001
 2.0823702e-001
 2.0837194e-001
 2.0850207e-001
 2.0862506e-001
 2.0873889e-001
 2.0884272e-001
 2.0893735e-001
 2.0902531e-001
 2.0911071e-001
 2.0919847e-001
 2.0929363e-001
 2.0940049e-001
 2.0952174e-001
 2.0965828e-001
 2.0980905e-001
 2.0997128e-001
 2.1014121e-001
 2.1031460e-001
 2.1048747e-001
 2.1065651e-001
 2.1081927e-001
 2.1097432e-001
 2.1112077e-001
 2.1125801e-001
 2.1138559e-001
 2.1150298e-001
 2.1160990e-001
 2.1170673e-001
 2.1179514e-001
 2.1187861e-001
 2.1196260e-001
 2.1205422e-001
 2.1216147e-001
 2.1229182e-001
 2.1245104e-001
 2.1264158e-001
 2.1286204e-001
 2.1310677e-001
 2.1336657e-001
 2.1363002e-001
 2.1388489e-001
 2.1412005e-001
 2.1432675e-001
 2.1449971e-001
 2.1463759e-001
 2.1474279e-001
 2.1482089e-001
 2.1487975e-001
 2.1492846e-001
 2.1497625e-001
 2.1503156e-001
 2.1510127e-001
 2.1519020e-001
 2.1530083e-001
 2.1543328e-001
 2.1558556e-001
 2.1575396e-001
 2.1593370e-001
 2.1611945e-001
 2.1630618e-001
 2.1648954e-001
 2.1666639e-001
 2.1683508e-001
 2.1699540e-001
 2.1714844e-001
 2.1729617e-001
 2.1744104e-001
 2.1758549e-001
 2.1773134e-001
 2.1787962e-001
 2.1803014e-001
 2.1818155e-001
 2.1833155e-001
 2.1847712e-001
 2.1861513e-001
 2.1874286e-001
 2.1885855e-001
 2.1896194e-001
 2.1905436e-001
 2.1913883e-001
 2.1921982e-001
 2.1930245e-001
 2.1939193e-001
 2.1949275e-001
 2.1960801e-001
 2.1973930e-001
 2.1988662e-001
 2.2004899e-001
 2.2022510e-001
 2.2041397e-001
 2.2061554e-001
 2.2083052e-001
 2.2106010e-001
 2.2130498e-001
 2.2156447e-001
 2.2183570e-001
 2.2211324e-001
 2.2238928e-001
 2.2265483e-001
 2.2290066e-001
 2.2311908e-001
 2.2330496e-001
 2.2345655e-001
 2.2357568e-001
 2.2366711e-001
 2.2373782e-001
 2.2379567e-001
 2.2384845e-001
 2.2390293e-001
 2.2396426e-001
 2.2403574e-001
 2.2411875e-001
 2.2421299e-001
 2.2431678e-001
 2.2442743e-001
 2.2454192e-001
 2.2465722e-001
 2.2477104e-001
 2.2488226e-001
 2.2499132e-001
 2.2510026e-001
 2.2521256e-001
 2.2533248e-001
 2.2546448e-001
 2.2561209e-001
 2.2577734e-001
 2.2596027e-001
 2.2615868e-001
 2.2636864e-001
 2.2658499e-001
 2.2680223e-001
 2.2701551e-001
 2.2722104e-001
 2.2741672e-001
 2.2760187e-001
 2.2777700e-001
 2.2794324e-001
 2.2810146e-001
 2.2825195e-001
 2.2839379e-001
 2.2852509e-001
 2.2864328e-001
 2.2874580e-001
 2.2883092e-001
 2.2889839e-001
 2.2894987e-001
 2.2898884e-001
 2.2901997e-001
 2.2904825e-001
 2.2907794e-001
 2.2911152e-001
 2.2914940e-001
 2.2918968e-001
 2.2922872e-001
 2.2926185e-001
 2.2928414e-001
 2.2929081e-001
 2.2927743e-001
 2.2923942e-001
 2.2917154e-001
 2.2906725e-001
 2.2891828e-001
 2.2871490e-001
 2.2844651e-001
 2.2810262e-001
 2.2767432e-001
 2.2715515e-001
 2.2654213e-001
 2.2583601e-001
 2.2504063e-001
 2.2416270e-001
 2.2321063e-001
 2.2219330e-001
 2.2112006e-001
 2.1999964e-001
 2.1884118e-001
 2.1765439e-001
 2.1645010e-001
 2.1524182e-001
 2.1404524e-001
 2.1287908e-001
 2.1176395e-001
 2.1072067e-001
 2.0976958e-001
 2.0892788e-001
 2.0820934e-001
 2.0762323e-001
 2.0717458e-001
 2.0686546e-001
 2.0669588e-001
 2.0666526e-001
 2.0677294e-001
 2.0701823e-001
 2.0739949e-001
 2.0791307e-001
 2.0855162e-001
 2.0930307e-001
 2.1015067e-001
 2.1107295e-001
 2.1204521e-001
 2.1304183e-001
 2.1403742e-001
 2.1500967e-001
 2.1593992e-001
 2.1681434e-001
 2.1762447e-001
 2.1836618e-001
 2.1903984e-001
 2.1964878e-001
 2.2019850e-001
 2.2069594e-001
 2.2114791e-001
 2.2156078e-001
 2.2193928e-001
 2.2228646e-001
 2.2260363e-001
 2.2289053e-001
 2.2314627e-001
 2.2337016e-001
 2.2356264e-001
 2.2372618e-001
 2.2386546e-001
 2.2398731e-001
 2.2410014e-001
 2.2421275e-001
 2.2433335e-001
 2.2446828e-001
 2.2462130e-001
 2.2479326e-001
 2.2498219e-001
 2.2518399e-001
 2.2539328e-001
 2.2560447e-001
 2.2581296e-001
 2.2601570e-001
 2.2621188e-001
 2.2640282e-001
 2.2659172e-001
 2.2678304e-001
 2.2698154e-001
 2.2719158e-001
 2.2741622e-001
 2.2765669e-001
 2.2791243e-001
 2.2818081e-001
 2.2845776e-001
 2.2873828e-001
 2.2901691e-001
 2.2928868e-001
 2.2954938e-001
 2.2979613e-001
 2.3002778e-001
 2.3024473e-001
 2.3044911e-001
 2.3064426e-001
 2.3083441e-001
 2.3102416e-001
 2.3121774e-001
 2.3141870e-001
 2.3162919e-001
 2.3184988e-001
 2.3207994e-001
 2.3231708e-001
 2.3255810e-001
 2.3279919e-001
 2.3303634e-001
 2.3326592e-001
 2.3348455e-001
 2.3368941e-001
 2.3387802e-001
 2.3404819e-001
 2.3419806e-001
 2.3432605e-001
 2.3443101e-001
 2.3451257e-001
 2.3457120e-001
 2.3460859e-001
 2.3462753e-001
 2.3463191e-001
 2.3462646e-001
 2.3461640e-001
 2.3460715e-001
 2.3460378e-001
 2.3461090e-001
 2.3463218e-001
 2.3467025e-001
 2.3472647e-001
 2.3480090e-001
 2.3489222e-001
 2.3499799e-001
 2.3511483e-001
 2.3523910e-001
 2.3536733e-001
 2.3549680e-001
 2.3562609e-001
 2.3575501e-001
 2.3588456e-001
 2.3601642e-001
 2.3615211e-001
 2.3629230e-001
 2.3643622e-001
 2.3658139e-001
 2.3672429e-001
 2.3686087e-001
 2.3698761e-001
 2.3710188e-001
 2.3720242e-001
 2.3728938e-001
 2.3736431e-001
 2.3742969e-001
 2.3748806e-001
 2.3754114e-001
 2.3758905e-001
 2.3763013e-001
 2.3766144e-001
 2.3767971e-001
 2.3768283e-001
 2.3767099e-001
 2.3764692e-001
 2.3761556e-001
 2.3758315e-001
 2.3755623e-001
 2.3754057e-001
 2.3754048e-001
 2.3755829e-001
 2.3759410e-001
 2.3764591e-001
 2.3771012e-001
 2.3778202e-001
 2.3785672e-001
 2.3792996e-001
 2.3799875e-001
 2.3806216e-001
 2.3812139e-001
 2.3817988e-001
 2.3824275e-001
 2.3831600e-001
 2.3840562e-001
 2.3851663e-001
 2.3865241e-001
 2.3881441e-001
 2.3900183e-001
 2.3921159e-001
 2.3943841e-001
 2.3967545e-001
 2.3991512e-001
 2.4014987e-001
 2.4037324e-001
 2.4058054e-001
 2.4076898e-001
 2.4093793e-001
 2.4108827e-001
 2.4122213e-001
 2.4134226e-001
 2.4145144e-001
 2.4155219e-001
 2.4164656e-001
 2.4173607e-001
 2.4182190e-001
 2.4190481e-001
 2.4198547e-001
 2.4206446e-001
 2.4214254e-001
 2.4222086e-001
 2.4230106e-001
 2.4238543e-001
 2.4247688e-001
 2.4257885e-001
 2.4269503e-001
 2.4282888e-001
 2.4298313e-001
 2.4315931e-001
 2.4335711e-001
 2.4357432e-001
 2.4380669e-001
 2.4404830e-001
 2.4429235e-001
 2.4453184e-001
 2.4476090e-001
 2.4497548e-001
 2.4517414e-001
 2.4535842e-001
 2.4553245e-001
 2.4570231e-001
 2.4587485e-001
 2.4605638e-001
 2.4625142e-001
 2.4646166e-001
 2.4668555e-001
 2.4691828e-001
 2.4715257e-001
 2.4737993e-001
 2.4759196e-001
 2.4778199e-001
 2.4794604e-001
 2.4808361e-001
 2.4819776e-001
 2.4829444e-001
 2.4838138e-001
 2.4846685e-001
 2.4855807e-001
 2.4866018e-001
 2.4877533e-001
 2.4890262e-001
 2.4903834e-001
 2.4917682e-001
 2.4931155e-001
 2.4943632e-001
 2.4954623e-001
 2.4963862e-001
 2.4971327e-001
 2.4977259e-001
 2.4982120e-001
 2.4986541e-001
 2.4991255e-001
 2.4997018e-001
 2.5004548e-001
 2.5014460e-001
 2.5027201e-001
 2.5043020e-001
 2.5061920e-001
 2.5083646e-001
 2.5107691e-001
 2.5133294e-001
 2.5159535e-001
 2.5185379e-001
 2.5209796e-001
 2.5231871e-001
 2.5250879e-001
 2.5266403e-001
 2.5278330e-001
 2.5286889e-001
 2.5292605e-001
 2.5296214e-001
 2.5298569e-001
 2.5300539e-001
 2.5302902e-001
 2.5306267e-001
 2.5311032e-001
 2.5317377e-001
 2.5325280e-001
 2.5334570e-001
 2.5344947e-001
 2.5356045e-001
 2.5367463e-001
 2.5378793e-001
 2.5389656e-001
 2.5399739e-001
 2.5408828e-001
 2.5416833e-001
 2.5423816e-001
 2.5430006e-001
 2.5435784e-001
 2.5441658e-001
 2.5448212e-001
 2.5456029e-001
 2.5465605e-001
 2.5477272e-001
 2.5491130e-001
 2.5507003e-001
 2.5524488e-001
 2.5543001e-001
 2.5561869e-001
 2.5580406e-001
 2.5598019e-001
 2.5614282e-001
 2.5628948e-001
 2.5641990e-001
 2.5653568e-001
 2.5664011e-001
 2.5673738e-001
 2.5683209e-001
 2.5692824e-001
 2.5702879e-001
 2.5713518e-001
 2.5724703e-001
 2.5736237e-001
 2.5747791e-001
 2.5758967e-001
 2.5769347e-001
 2.5778580e-001
 2.5786418e-001
 2.5792754e-001
 2.5797647e-001
 2.5801301e-001
 2.5804028e-001
 2.5806209e-001
 2.5808215e-001
 2.5810361e-001
 2.5812849e-001
 2.5815734e-001
 2.5818914e-001
 2.5822151e-001
 2.5825110e-001
 2.5827429e-001
 2.5828782e-001
 2.5828955e-001
 2.5827917e-001
 2.5825840e-001
 2.5823122e-001
 2.5820351e-001
 2.5818244e-001
 2.5817567e-001
 2.5819030e-001
 2.5823194e-001
 2.5830376e-001
 2.5840592e-001
 2.5853553e-001
 2.5868678e-001
 2.5885153e-001
 2.5902033e-001
 2.5918350e-001
 2.5933221e-001
 2.5945941e-001
 2.5956044e-001
 2.5963345e-001
 2.5967926e-001
 2.5970101e-001
 2.5970343e-001
 2.5969213e-001
 2.5967297e-001
 2.5965106e-001
 2.5963056e-001
 2.5961429e-001
 2.5960356e-001
 2.5959837e-001
 2.5959748e-001
 2.5959879e-001
 2.5959951e-001
 2.5959647e-001
 2.5958633e-001
 2.5956577e-001
 2.5953180e-001
 2.5948194e-001
 2.5941464e-001
 2.5932953e-001
 2.5922784e-001
 2.5911257e-001
 2.5898868e-001
 2.5886282e-001
 2.5874308e-001
 2.5863808e-001
 2.5855619e-001
 2.5850433e-001
 2.5848690e-001
 2.5850490e-001
 2.5855532e-001
 2.5863129e-001
 2.5872239e-001
 2.5881594e-001
 2.5889850e-001
 2.5895748e-001
 2.5898305e-001
 2.5896943e-001
 2.5891584e-001
 2.5882682e-001
 2.5871184e-001
 2.5858417e-001
 2.5845912e-001
 2.5835195e-001
 2.5827566e-001
 2.5823906e-001
 2.5824529e-001
 2.5829148e-001
 2.5836965e-001
 2.5846809e-001
 2.5857314e-001
 2.5867093e-001
 2.5874877e-001
 2.5879663e-001
 2.5880739e-001
 2.5877738e-001
 2.5870675e-001
 2.5859961e-001
 2.5846365e-001
 2.5830904e-001
 2.5814742e-001
 2.5799030e-001
 2.5784767e-001
 2.5772664e-001
 2.5763077e-001
 2.5756001e-001
 2.5749341e-001
 2.5746974e-001
 2.5745586e-001
 2.5744417e-001
 2.5742799e-001
 2.5740203e-001
 2.5736311e-001
 2.5730979e-001
 2.5724199e-001
 2.5716034e-001
 2.5706577e-001
 2.5695935e-001
 2.5684234e-001
 2.5671616e-001
 2.5658265e-001
 2.5644407e-001
 2.5630316e-001
 2.5616324e-001
 2.5602791e-001
 2.5590104e-001
 2.5578657e-001
 2.5568822e-001
 2.5560945e-001
 2.5555271e-001
 2.5551900e-001
 2.5550714e-001
 2.5551364e-001
 2.5553292e-001
 2.5555778e-001
 2.5558013e-001
 2.5559154e-001
 2.5558364e-001
 2.5554854e-001
 2.5547943e-001
 2.5537145e-001
 2.5522226e-001
 2.5503236e-001
 2.5480467e-001
 2.5454414e-001
 2.5425664e-001
 2.5394878e-001
 2.5362712e-001
 2.5329813e-001
 2.5296789e-001
 2.5264156e-001
 2.5232330e-001
 2.5201595e-001
 2.5172144e-001
 2.5144076e-001
 2.5117439e-001
 2.5092268e-001
 2.5068551e-001
 2.5046256e-001
 2.5025266e-001
 2.5005338e-001
 2.4986067e-001
 2.4966855e-001
 2.4946940e-001
 2.4925435e-001
 2.4901377e-001
 2.4873784e-001
 2.4841675e-001
 2.4804148e-001
 2.4760443e-001
 2.4710029e-001
 2.4652717e-001
 2.4588680e-001
 2.4518402e-001
 2.4442634e-001
 2.4362235e-001
 2.4278158e-001
 2.4191353e-001
 2.4102680e-001
 2.4012901e-001
 2.3922497e-001
 2.3831663e-001
 2.3740231e-001
 2.3647685e-001
 2.3553312e-001
 2.3456216e-001
 2.3355463e-001
 2.3250110e-001
 2.3139195e-001
 2.3021872e-001
 2.2897342e-001
 2.2764991e-001
 2.2624369e-001
 2.2475117e-001
 2.2317033e-001
 2.2149982e-001
 2.1973825e-001
 2.1788564e-001
 2.1594253e-001
 2.1391279e-001
 2.1180467e-001
 2.0963177e-001
 2.0741527e-001
 2.0518130e-001
 2.0296121e-001
 2.0078889e-001
 1.9869854e-001
 1.9672501e-001
 1.9490026e-001
 1.9325277e-001
 1.9180384e-001
 1.9056465e-001
 1.8953635e-001
 1.8870996e-001
 1.8806978e-001
 1.8759575e-001
 1.8726574e-001
 1.8705721e-001
 1.8694800e-001
 1.8691757e-001
 1.8694796e-001
 1.8702477e-001
 1.8713757e-001
 1.8727949e-001
 1.8744634e-001
 1.8763542e-001
 1.8784493e-001
 1.8807331e-001
 1.8831906e-001
 1.8858083e-001
 1.8885715e-001
 1.8914665e-001
 1.8944791e-001
 1.8975946e-001
 1.9007996e-001
 1.9040789e-001
 1.9074193e-001
 1.9108054e-001
 1.9142219e-001
 1.9176529e-001
 1.9210783e-001
 1.9244768e-001
 1.9278222e-001
 1.9310853e-001
 1.9342355e-001
 1.9372399e-001
 1.9400653e-001
 1.9426805e-001
 1.9450554e-001
 1.9471674e-001
 1.9490020e-001
 1.9505587e-001
 1.9518514e-001
 1.9529068e-001
 1.9537616e-001
 1.9544581e-001
 1.9550410e-001
 1.9555560e-001
 1.9560473e-001
 1.9565563e-001
 1.9571196e-001
 1.9577661e-001
 1.9585180e-001
 1.9593899e-001
 1.9603916e-001
 1.9615299e-001
 1.9628091e-001
 1.9642332e-001
 1.9658031e-001
 1.9675158e-001
 1.9693619e-001
 1.9713219e-001
 1.9733669e-001
 1.9754584e-001
 1.9775508e-001
 1.9795956e-001
 1.9815412e-001
 1.9833383e-001
 1.9849403e-001
 1.9863085e-001
 1.9874176e-001
 1.9882597e-001
 1.9888468e-001
 1.9892088e-001
 1.9893879e-001
 1.9894351e-001
 1.9894044e-001
 1.9893511e-001
 1.9893292e-001
 1.9893894e-001
 1.9895771e-001
 1.9899303e-001
 1.9904786e-001
 1.9912443e-001
 1.9922437e-001
 1.9934905e-001
 1.9949958e-001
 1.9967689e-001
 1.9988161e-001
 2.0011373e-001
 2.0037226e-001
 2.0065483e-001
 2.0095751e-001
 2.0127507e-001
 2.0160119e-001
 2.0192909e-001
 2.0225161e-001
 2.0256200e-001
 2.0285384e-001
 2.0312239e-001
 2.0336528e-001
 2.0358317e-001
 2.0378044e-001
 2.0396470e-001
 2.0414589e-001
 2.0433530e-001
 2.0454487e-001
 2.0478651e-001
 2.0507115e-001
 2.0540811e-001
 2.0580374e-001
 2.0625998e-001
 2.0677458e-001
 2.0734103e-001
 2.0795003e-001
 2.0858999e-001
 2.0924899e-001
 2.0991491e-001
 2.1057564e-001
 2.1122058e-001
 2.1184093e-001
 2.1242996e-001
 2.1298407e-001
 2.1350215e-001
 2.1398453e-001
 2.1443298e-001
 2.1484976e-001
 2.1523738e-001
 2.1559827e-001
 2.1593523e-001
 2.1625125e-001
 2.1654935e-001
 2.1683307e-001
 2.1710619e-001
 2.1737248e-001
 2.1763600e-001
 2.1790080e-001
 2.1817084e-001
 2.1844962e-001
 2.1874021e-001
 2.1904461e-001
 2.1936323e-001
 2.1969511e-001
 2.2003786e-001
 2.2038785e-001
 2.2074103e-001
 2.2109310e-001
 2.2143944e-001
 2.2177584e-001
 2.2209840e-001
 2.2240391e-001
 2.2268984e-001
 2.2295485e-001
 2.2319847e-001
 2.2342068e-001
 2.2362207e-001
 2.2380337e-001
 2.2396533e-001
 2.2410895e-001
 2.2423540e-001
 2.2434622e-001
 2.2444332e-001
 2.2452921e-001
 2.2460687e-001
 2.2467953e-001
 2.2475068e-001
 2.2482388e-001
 2.2490244e-001
 2.2498932e-001
 2.2508655e-001
 2.2519466e-001
 2.2531201e-001
 2.2543475e-001
 2.2555700e-001
 2.2567123e-001
 2.2576912e-001
 2.2584201e-001
 2.2588134e-001
 2.2587936e-001
 2.2583002e-001
 2.2573014e-001
 2.2558038e-001
 2.2538565e-001
 2.2515471e-001
 2.2489929e-001
 2.2463265e-001
 2.2436874e-001
 2.2412156e-001
 2.2390394e-001
 2.2372648e-001
 2.2359614e-001
 2.2351462e-001
 2.2347799e-001
 2.2347718e-001
 2.2349939e-001
 2.2352956e-001
 2.2355166e-001
 2.2354972e-001
 2.2350886e-001
 2.2341658e-001
 2.2326462e-001
 2.2305024e-001
 2.2277685e-001
 2.2245367e-001
 2.2209387e-001
 2.2171307e-001
 2.2132796e-001
 2.2095554e-001
 2.2061163e-001
 2.2031005e-001
 2.2006126e-001
 2.1987072e-001
 2.1973863e-001
 2.1966054e-001
 2.1962832e-001
 2.1963178e-001
 2.1965981e-001
 2.1970110e-001
 2.1974491e-001
 2.1978182e-001
 2.1980464e-001
 2.1980932e-001
 2.1979514e-001
 2.1976450e-001
 2.1972206e-001
 2.1967378e-001
 2.1962626e-001
 2.1958604e-001
 2.1955907e-001
 2.1954992e-001
 2.1956077e-001
 2.1959066e-001
 2.1963508e-001
 2.1968628e-001
 2.1973422e-001
 2.1976747e-001
 2.1977398e-001
 2.1974179e-001
 2.1965973e-001
 2.1951832e-001
 2.1931113e-001
 2.1903561e-001
 2.1869357e-001
 2.1829104e-001
 2.1783677e-001
 2.1734117e-001
 2.1681583e-001
 2.1627204e-001
 2.1572049e-001
 2.1517093e-001
 2.1463040e-001
 2.1410291e-001
 2.1358889e-001
 2.1308599e-001
 2.1258920e-001
 2.1209212e-001
 2.1158804e-001
 2.1106985e-001
 2.1053070e-001
 2.0996496e-001
 2.0936801e-001
 2.0873718e-001
 2.0807177e-001
 2.0737341e-001
 2.0664467e-001
 2.0588885e-001
 2.0511025e-001
 2.0431262e-001
 2.0349950e-001
 2.0267437e-001
 2.0183921e-001
 2.0099461e-001
 2.0014031e-001
 1.9927412e-001
 1.9839303e-001
 1.9749328e-001
 1.9657150e-001
 1.9562377e-001
 1.9464661e-001
 1.9363824e-001
 1.9259787e-001
 1.9152692e-001
 1.9043016e-001
 1.8931384e-001
 1.8818614e-001
 1.8705598e-001
 1.8593353e-001
 1.8482818e-001
 1.8374901e-001
 1.8270503e-001
 1.8170317e-001
 1.8074848e-001
 1.7984468e-001
 1.7899293e-001
 1.7819324e-001
 1.7744467e-001
 1.7674638e-001
 1.7609690e-001
 1.7549485e-001
 1.7493950e-001
 1.7443004e-001
 1.7396626e-001
 1.7354885e-001
 1.7317863e-001
 1.7285690e-001
 1.7258538e-001
 1.7236564e-001
 1.7219917e-001
 1.7208716e-001
 1.7203002e-001
 1.7202684e-001
 1.7207500e-001
 1.7216995e-001
 1.7230539e-001
 1.7247379e-001
 1.7266670e-001
 1.7287540e-001
 1.7309085e-001
 1.7330372e-001
 1.7350402e-001
 1.7368096e-001
 1.7382243e-001
 1.7391491e-001
 1.7394371e-001
 1.7389318e-001
 1.7374720e-001
 1.7348959e-001
 1.7310464e-001
 1.7257866e-001
 1.7190111e-001
 1.7106739e-001
 1.7008050e-001
 1.6895294e-001
 1.6770436e-001
 1.6636010e-001
 1.6494995e-001
 1.6350436e-001
 1.6205397e-001
 1.6062970e-001
 1.5925933e-001
 1.5796757e-001
 1.5677406e-001
 1.5569410e-001
 1.5473734e-001
 1.5391007e-001
 1.5321702e-001
 1.5266114e-001
 1.5224472e-001
 1.5196919e-001
 1.5183368e-001
 1.5183409e-001
 1.5196182e-001
 1.5220331e-001
 1.5254050e-001
 1.5295216e-001
 1.5341480e-001
 1.5390444e-001
 1.5439741e-001
 1.5487111e-001
 1.5530652e-001
 1.5568994e-001
 1.5601474e-001
 1.5628263e-001
 1.5650250e-001
 1.5668868e-001
 1.5685852e-001
 1.5703090e-001
 1.5722460e-001
 1.5745670e-001
 1.5774088e-001
 1.5808485e-001
 1.5848793e-001
 1.5894070e-001
 1.5942562e-001
 1.5991879e-001
 1.6039318e-001
 1.6082005e-001
 1.6117087e-001
 1.6141850e-001
 1.6153997e-001
 1.6151874e-001
 1.6134711e-001
 1.6102725e-001
 1.6057004e-001
 1.5999323e-001
 1.5931816e-001
 1.5856808e-001
 1.5776642e-001
 1.5693648e-001
 1.5609908e-001
 1.5527175e-001
 1.5446818e-001
 1.5369651e-001
 1.5296048e-001
 1.5226105e-001
 1.5159670e-001
 1.5096493e-001
 1.5036328e-001
 1.4978863e-001
 1.4923784e-001
 1.4870736e-001
 1.4819369e-001
 1.4769255e-001
 1.4719935e-001
 1.4670958e-001
 1.4621823e-001
 1.4572027e-001
 1.4521116e-001
 1.4468633e-001
 1.4414206e-001
 1.4357574e-001
 1.4298682e-001
 1.4237618e-001
 1.4174636e-001
 1.4110154e-001
 1.4044622e-001
 1.3978520e-001
 1.3912378e-001
 1.3846663e-001
 1.3781802e-001
 1.3718125e-001
 1.3655894e-001
 1.3595191e-001
 1.3535988e-001
 1.3478215e-001
 1.3421705e-001
 1.3366275e-001
 1.3311781e-001
 1.3258070e-001
 1.3205050e-001
 1.3152777e-001
 1.3101412e-001
 1.3051289e-001
 1.3002877e-001
 1.2956783e-001
 1.2913641e-001
 1.2874116e-001
 1.2838896e-001
 1.2808599e-001
 1.2783772e-001
 1.2764835e-001
 1.2752011e-001
 1.2745318e-001
 1.2744594e-001
 1.2749535e-001
 1.2759751e-001
 1.2774815e-001
 1.2794268e-001
 1.2817657e-001
 1.2844528e-001
 1.2874401e-001
 1.2906805e-001
 1.2941268e-001
 1.2977289e-001
 1.3014385e-001
 1.3052079e-001
 1.3089903e-001
 1.3127378e-001
 1.3164081e-001
 1.3199644e-001
 1.3233750e-001
 1.3266212e-001
 1.3296965e-001
 1.3326022e-001
 1.3353515e-001
 1.3379613e-001
 1.3404521e-001
 1.3428438e-001
 1.3451572e-001
 1.3474132e-001
 1.3496302e-001
 1.3517490e-001
 1.3534118e-001
 1.3555811e-001
 1.3577203e-001
 1.3598190e-001
 1.3618666e-001
 1.3638529e-001
 1.3657659e-001
 1.3675958e-001
 1.3693315e-001
 1.3709623e-001
 1.3724782e-001
 1.3738717e-001
 1.3751380e-001
 1.3762727e-001
 1.3772705e-001
 1.3781263e-001
 1.3788351e-001
 1.3793924e-001
 1.3797933e-001
 1.3800322e-001
 1.3801047e-001
 1.3800058e-001
 1.3797301e-001
 1.3792735e-001
 1.3786311e-001
 1.3778056e-001
 1.3768031e-001
 1.3756287e-001
 1.3742894e-001
 1.3727908e-001
 1.3711388e-001
 1.3693389e-001
 1.3673982e-001
 1.3653219e-001
 1.3631162e-001
 1.3607864e-001
 1.3583396e-001
 1.3557811e-001
 1.3531172e-001
 1.3503537e-001
 1.3474956e-001
 1.3445505e-001
 1.3415240e-001
 1.3384232e-001
 1.3352554e-001
 1.3320303e-001
 1.3287550e-001
 1.3254377e-001
 1.3220857e-001
 1.3187084e-001
 1.3153131e-001
 1.3119082e-001
 1.3085014e-001
 1.3050999e-001
 1.3017134e-001
 1.2983494e-001
 1.2950157e-001
 1.2917195e-001
 1.2884705e-001
 1.2852761e-001
 1.2821442e-001
 1.2790821e-001
 1.2760995e-001
 1.2732033e-001
 1.2704010e-001
 1.2676908e-001
 1.2650689e-001
 1.2625296e-001
 1.2600678e-001
 1.2576786e-001
 1.2553558e-001
 1.2530957e-001
 1.2508926e-001
 1.2487413e-001
 1.2466364e-001
 1.2445736e-001
 1.2425473e-001
 1.2405524e-001
 1.2385834e-001
 1.2366360e-001
 1.2347046e-001
 1.2327842e-001
 1.2308695e-001
 1.2289551e-001
 1.2270367e-001
 1.2251089e-001
 1.2231663e-001
 1.2212036e-001
 1.2192164e-001
 1.2171991e-001
 1.2151474e-001
 1.2130612e-001
 1.2109447e-001
 1.2088005e-001
 1.2066317e-001
 1.2044416e-001
 1.2022323e-001
 1.2000085e-001
 1.1977726e-001
 1.1955276e-001
 1.1932763e-001
 1.1910228e-001
 1.1887694e-001
 1.1865196e-001
 1.1842760e-001
 1.1820424e-001
 1.1798218e-001
 1.1776170e-001
 1.1754309e-001
 1.1732675e-001
 1.1711293e-001
 1.1690195e-001
 1.1669413e-001
 1.1648972e-001
 1.1628915e-001
 1.1609264e-001
 1.1590055e-001
 1.1571313e-001
 1.1553077e-001
 1.1535376e-001
 1.1518235e-001
 1.1501651e-001
 1.1485618e-001
 1.1470117e-001
