s07_ASD Record=13631: Kaolwxl.75+Alun_HS295 AMX14  ASDNGb AREF
-1.2300000e+034
 3.6953178e-001
 3.7368938e-001
 3.7799448e-001
 3.8241112e-001
 3.8689214e-001
 3.9140397e-001
 3.9596862e-001
 4.0054825e-001
 4.0487924e-001
 4.0935224e-001
 4.1409808e-001
 4.1906765e-001
 4.2399853e-001
 4.2887580e-001
 4.3371257e-001
 4.3850654e-001
 4.4334510e-001
 4.4818377e-001
 4.5296818e-001
 4.5774761e-001
 4.6245983e-001
 4.6711245e-001
 4.7175139e-001
 4.7632122e-001
 4.8084050e-001
 4.8530015e-001
 4.8964399e-001
 4.9386531e-001
 4.9799311e-001
 5.0204676e-001
 5.0598514e-001
 5.0973547e-001
 5.1332241e-001
 5.1682639e-001
 5.2025378e-001
 5.2365273e-001
 5.2700382e-001
 5.3020316e-001
 5.3316814e-001
 5.3595996e-001
 5.3868335e-001
 5.4141510e-001
 5.4407829e-001
 5.4663825e-001
 5.4908854e-001
 5.5137885e-001
 5.5354977e-001
 5.5567753e-001
 5.5787981e-001
 5.5995584e-001
 5.6187665e-001
 5.6370193e-001
 5.6562322e-001
 5.6746262e-001
 5.6918484e-001
 5.7086813e-001
 5.7261115e-001
 5.7426882e-001
 5.7579225e-001
 5.7733881e-001
 5.7892472e-001
 5.8048534e-001
 5.8195782e-001
 5.8342725e-001
 5.8484548e-001
 5.8621067e-001
 5.8755916e-001
 5.8891118e-001
 5.9022927e-001
 5.9149712e-001
 5.9274775e-001
 5.9399158e-001
 5.9522551e-001
 5.9644049e-001
 5.9762329e-001
 5.9877908e-001
 5.9992003e-001
 6.0106272e-001
 6.0220450e-001
 6.0333896e-001
 6.0446560e-001
 6.0560185e-001
 6.0673285e-001
 6.0787976e-001
 6.0907459e-001
 6.1028856e-001
 6.1151499e-001
 6.1275631e-001
 6.1402035e-001
 6.1528921e-001
 6.1654288e-001
 6.1776578e-001
 6.1896062e-001
 6.2014067e-001
 6.2129623e-001
 6.2240845e-001
 6.2349337e-001
 6.2455237e-001
 6.2557966e-001
 6.2656236e-001
 6.2752587e-001
 6.2846220e-001
 6.2935650e-001
 6.3022864e-001
 6.3106698e-001
 6.3187307e-001
 6.3266230e-001
 6.3342780e-001
 6.3416451e-001
 6.3487458e-001
 6.3557357e-001
 6.3626963e-001
 6.3695377e-001
 6.3761586e-001
 6.3826972e-001
 6.3891971e-001
 6.3956678e-001
 6.4021218e-001
 6.4083868e-001
 6.4145857e-001
 6.4208490e-001
 6.4271957e-001
 6.4335090e-001
 6.4398086e-001
 6.4461988e-001
 6.4524955e-001
 6.4589041e-001
 6.4655054e-001
 6.4720923e-001
 6.4787585e-001
 6.4856106e-001
 6.4927036e-001
 6.4998603e-001
 6.5070629e-001
 6.5143377e-001
 6.5216839e-001
 6.5291965e-001
 6.5367728e-001
 6.5443414e-001
 6.5518725e-001
 6.5595627e-001
 6.5673763e-001
 6.5751940e-001
 6.5831584e-001
 6.5911955e-001
 6.5992576e-001
 6.6073447e-001
 6.6155559e-001
 6.6238087e-001
 6.6320336e-001
 6.6403788e-001
 6.6487539e-001
 6.6571724e-001
 6.6656560e-001
 6.6740739e-001
 6.6824943e-001
 6.6909695e-001
 6.6994578e-001
 6.7078954e-001
 6.7163503e-001
 6.7249364e-001
 6.7335713e-001
 6.7422003e-001
 6.7508322e-001
 6.7594814e-001
 6.7680711e-001
 6.7766494e-001
 6.7852485e-001
 6.7937756e-001
 6.8023020e-001
 6.8107837e-001
 6.8191361e-001
 6.8274683e-001
 6.8358624e-001
 6.8443048e-001
 6.8526965e-001
 6.8610924e-001
 6.8694508e-001
 6.8777376e-001
 6.8860137e-001
 6.8942362e-001
 6.9024152e-001
 6.9105977e-001
 6.9187051e-001
 6.9268352e-001
 6.9350374e-001
 6.9431996e-001
 6.9513947e-001
 6.9596112e-001
 6.9677907e-001
 6.9758666e-001
 6.9839138e-001
 6.9919634e-001
 6.9999737e-001
 7.0078444e-001
 7.0156533e-001
 7.0234817e-001
 7.0311981e-001
 7.0387816e-001
 7.0462430e-001
 7.0536160e-001
 7.0609450e-001
 7.0682615e-001
 7.0755827e-001
 7.0829606e-001
 7.0902830e-001
 7.0975238e-001
 7.1046907e-001
 7.1118039e-001
 7.1187782e-001
 7.1255440e-001
 7.1320522e-001
 7.1384883e-001
 7.1449095e-001
 7.1513253e-001
 7.1577883e-001
 7.1642423e-001
 7.1706426e-001
 7.1769094e-001
 7.1830195e-001
 7.1891141e-001
 7.1952075e-001
 7.2010750e-001
 7.2068065e-001
 7.2124219e-001
 7.2179091e-001
 7.2231841e-001
 7.2283906e-001
 7.2337121e-001
 7.2393417e-001
 7.2451937e-001
 7.2510749e-001
 7.2568655e-001
 7.2626495e-001
 7.2684312e-001
 7.2742367e-001
 7.2800672e-001
 7.2858727e-001
 7.2915578e-001
 7.2970325e-001
 7.3022205e-001
 7.3073286e-001
 7.3123628e-001
 7.3173195e-001
 7.3222864e-001
 7.3273063e-001
 7.3323792e-001
 7.3374683e-001
 7.3424965e-001
 7.3474568e-001
 7.3523134e-001
 7.3569977e-001
 7.3615801e-001
 7.3660660e-001
 7.3704451e-001
 7.3747718e-001
 7.3790854e-001
 7.3833513e-001
 7.3874557e-001
 7.3914856e-001
 7.3954672e-001
 7.3994303e-001
 7.4034226e-001
 7.4073154e-001
 7.4111092e-001
 7.4148780e-001
 7.4185729e-001
 7.4221855e-001
 7.4257255e-001
 7.4292308e-001
 7.4326801e-001
 7.4360627e-001
 7.4393803e-001
 7.4426740e-001
 7.4458909e-001
 7.4490362e-001
 7.4521679e-001
 7.4552631e-001
 7.4582779e-001
 7.4612164e-001
 7.4641794e-001
 7.4670744e-001
 7.4698865e-001
 7.4726486e-001
 7.4753481e-001
 7.4780339e-001
 7.4806792e-001
 7.4832529e-001
 7.4858189e-001
 7.4883980e-001
 7.4909461e-001
 7.4934340e-001
 7.4959278e-001
 7.4984366e-001
 7.5009453e-001
 7.5033879e-001
 7.5058168e-001
 7.5082415e-001
 7.5106841e-001
 7.5131011e-001
 7.5154769e-001
 7.5178385e-001
 7.5202185e-001
 7.5225735e-001
 7.5249559e-001
 7.5274193e-001
 7.5297904e-001
 7.5321364e-001
 7.5345278e-001
 7.5369358e-001
 7.5393379e-001
 7.5417572e-001
 7.5442100e-001
 7.5466347e-001
 7.5490618e-001
 7.5514895e-001
 7.5539058e-001
 7.5563860e-001
 7.5588328e-001
 7.5612074e-001
 7.5635922e-001
 7.5659692e-001
 7.5683224e-001
 7.5706345e-001
 7.5729167e-001
 7.5751567e-001
 7.5773710e-001
 7.5795901e-001
 7.5817555e-001
 7.5839257e-001
 7.5861263e-001
 7.5882709e-001
 7.5904155e-001
 7.5925422e-001
 7.5946414e-001
 7.5967437e-001
 7.5987631e-001
 7.6007509e-001
 7.6028520e-001
 7.6048934e-001
 7.6068902e-001
 7.6088637e-001
 7.6108867e-001
 7.6128423e-001
 7.6147532e-001
 7.6166862e-001
 7.6186436e-001
 7.6205754e-001
 7.6224768e-001
 7.6243526e-001
 7.6262456e-001
 7.6280928e-001
 7.6298755e-001
 7.6316816e-001
 7.6334834e-001
 7.6352465e-001
 7.6369560e-001
 7.6387256e-001
 7.6405704e-001
 7.6424676e-001
 7.6443851e-001
 7.6462561e-001
 7.6481140e-001
 7.6499867e-001
 7.6518363e-001
 7.6537025e-001
 7.6555270e-001
 7.6572418e-001
 7.6589382e-001
 7.6606166e-001
 7.6622647e-001
 7.6638740e-001
 7.6654214e-001
 7.6669186e-001
 7.6683712e-001
 7.6697391e-001
 7.6711053e-001
 7.6724714e-001
 7.6737911e-001
 7.6749867e-001
 7.6759410e-001
 7.6766610e-001
 7.6772898e-001
 7.6782858e-001
 7.6796293e-001
 7.6811433e-001
 7.6825565e-001
 7.6838171e-001
 7.6849604e-001
 7.6859933e-001
 7.6866800e-001
 7.6867127e-001
 7.6864368e-001
 7.6867682e-001
 7.6889431e-001
 7.6924556e-001
 7.6963139e-001
 7.6992679e-001
 7.7016723e-001
 7.7037925e-001
 7.7058470e-001
 7.7078408e-001
 7.7096498e-001
 7.7112705e-001
 7.7128059e-001
 7.7142304e-001
 7.7155566e-001
 7.7167976e-001
 7.7179629e-001
 7.7190262e-001
 7.7200109e-001
 7.7209491e-001
 7.7218360e-001
 7.7226782e-001
 7.7234638e-001
 7.7241838e-001
 7.7249068e-001
 7.7256030e-001
 7.7262747e-001
 7.7269489e-001
 7.7276212e-001
 7.7283269e-001
 7.7290893e-001
 7.7298945e-001
 7.7307367e-001
 7.7316153e-001
 7.7325350e-001
 7.7335191e-001
 7.7345395e-001
 7.7355808e-001
 7.7366406e-001
 7.7377266e-001
 7.7388358e-001
 7.7399433e-001
 7.7410400e-001
 7.7421558e-001
 7.7432352e-001
 7.7442372e-001
 7.7452022e-001
 7.7461147e-001
 7.7469224e-001
 7.7475750e-001
 7.7480811e-001
 7.7484381e-001
 7.7487206e-001
 7.7490991e-001
 7.7496427e-001
 7.7504456e-001
 7.7515167e-001
 7.7527803e-001
 7.7540004e-001
 7.7550662e-001
 7.7559656e-001
 7.7568072e-001
 7.7575982e-001
 7.7584028e-001
 7.7592754e-001
 7.7601397e-001
 7.7609098e-001
 7.7615631e-001
 7.7621180e-001
 7.7625728e-001
 7.7629429e-001
 7.7632391e-001
 7.7634609e-001
 7.7636534e-001
 7.7638209e-001
 7.7639300e-001
 7.7638930e-001
 7.7637988e-001
 7.7636939e-001
 7.7635759e-001
 7.7633041e-001
 7.7630180e-001
 7.7627546e-001
 7.7624816e-001
 7.7621645e-001
 7.7618557e-001
 7.7615821e-001
 7.7613199e-001
 7.7611661e-001
 7.7610356e-001
 7.7609003e-001
 7.7608806e-001
 7.7609080e-001
 7.7609271e-001
 7.7609044e-001
 7.7609164e-001
 7.7609247e-001
 7.7608585e-001
 7.7606797e-001
 7.7605480e-001
 7.7603918e-001
 7.7601582e-001
 7.7598476e-001
 7.7596146e-001
 7.7593756e-001
 7.7590841e-001
 7.7587730e-001
 7.7583957e-001
 7.7580136e-001
 7.7576429e-001
 7.7571857e-001
 7.7567035e-001
 7.7562565e-001
 7.7558583e-001
 7.7553654e-001
 7.7548063e-001
 7.7542281e-001
 7.7536267e-001
 7.7528584e-001
 7.7520663e-001
 7.7513379e-001
 7.7506870e-001
 7.7500230e-001
 7.7493119e-001
 7.7485633e-001
 7.7478367e-001
 7.7471322e-001
 7.7464664e-001
 7.7458388e-001
 7.7452135e-001
 7.7445555e-001
 7.7438742e-001
 7.7431619e-001
 7.7423590e-001
 7.7415460e-001
 7.7407187e-001
 7.7398920e-001
 7.7392370e-001
 7.7385652e-001
 7.7379471e-001
 7.7375036e-001
 7.7369624e-001
 7.7363813e-001
 7.7358258e-001
 7.7353412e-001
 7.7348423e-001
 7.7343065e-001
 7.7337557e-001
 7.7332324e-001
 7.7326429e-001
 7.7320886e-001
 7.7315962e-001
 7.7310741e-001
 7.7304178e-001
 7.7296716e-001
 7.7288514e-001
 7.7278912e-001
 7.7268708e-001
 7.7256531e-001
 7.7241498e-001
 7.7223897e-001
 7.7204621e-001
 7.7184778e-001
 7.7165294e-001
 7.7146077e-001
 7.7129084e-001
 7.7114904e-001
 7.7103531e-001
 7.7095336e-001
 7.7090245e-001
 7.7088040e-001
 7.7088523e-001
 7.7091956e-001
 7.7097398e-001
 7.7104509e-001
 7.7113098e-001
 7.7122575e-001
 7.7131170e-001
 7.7138859e-001
 7.7146423e-001
 7.7151603e-001
 7.7155870e-001
 7.7159268e-001
 7.7160782e-001
 7.7161717e-001
 7.7160448e-001
 7.7155894e-001
 7.7148002e-001
 7.7137661e-001
 7.7124554e-001
 7.7107900e-001
 7.7086937e-001
 7.7064586e-001
 7.7038795e-001
 7.7009141e-001
 7.6977885e-001
 7.6944596e-001
 7.6908880e-001
 7.6869947e-001
 7.6827013e-001
 7.6782787e-001
 7.6735216e-001
 7.6683009e-001
 7.6627320e-001
 7.6567608e-001
 7.6506293e-001
 7.6444960e-001
 7.6382929e-001
 7.6326764e-001
 7.6276833e-001
 7.6234651e-001
 7.6204991e-001
 7.6182616e-001
 7.6168674e-001
 7.6159829e-001
 7.6143116e-001
 7.6117027e-001
 7.6082516e-001
 7.6040667e-001
 7.5990772e-001
 7.5940013e-001
 7.5894064e-001
 7.5858516e-001
 7.5839782e-001
 7.5843185e-001
 7.5878084e-001
 7.5952536e-001
 7.6070666e-001
 7.6225483e-001
 7.6400775e-001
 7.6573914e-001
 7.6718265e-001
 7.6821685e-001
 7.6887798e-001
 7.6925302e-001
 7.6941979e-001
 7.6946115e-001
 7.6944494e-001
 7.6938748e-001
 7.6924384e-001
 7.6907867e-001
 7.6893389e-001
 7.6879263e-001
 7.6857388e-001
 7.6836318e-001
 7.6819015e-001
 7.6802456e-001
 7.6778895e-001
 7.6760286e-001
 7.6744521e-001
 7.6729625e-001
 7.6716268e-001
 7.6701963e-001
 7.6690859e-001
 7.6682681e-001
 7.6672858e-001
 7.6668710e-001
 7.6669747e-001
 7.6693559e-001
 7.6698148e-001
 7.6705676e-001
 7.6716322e-001
 7.6730275e-001
 7.6747721e-001
 7.6768786e-001
 7.6793569e-001
 7.6822066e-001
 7.6854205e-001
 7.6889813e-001
 7.6928622e-001
 7.6970327e-001
 7.7014577e-001
 7.7061009e-001
 7.7109277e-001
 7.7159035e-001
 7.7209967e-001
 7.7261722e-001
 7.7313918e-001
 7.7366143e-001
 7.7417898e-001
 7.7468652e-001
 7.7517843e-001
 7.7564925e-001
 7.7609402e-001
 7.7650875e-001
 7.7689070e-001
 7.7723837e-001
 7.7755159e-001
 7.7783144e-001
 7.7807975e-001
 7.7829903e-001
 7.7849215e-001
 7.7866179e-001
 7.7881068e-001
 7.7894121e-001
 7.7905554e-001
 7.7915555e-001
 7.7924281e-001
 7.7931887e-001
 7.7938515e-001
 7.7944279e-001
 7.7949303e-001
 7.7953702e-001
 7.7957571e-001
 7.7960998e-001
 7.7964067e-001
 7.7966839e-001
 7.7969348e-001
 7.7971625e-001
 7.7973676e-001
 7.7975506e-001
 7.7977121e-001
 7.7978545e-001
 7.7979797e-001
 7.7980924e-001
 7.7981955e-001
 7.7982944e-001
 7.7983928e-001
 7.7984929e-001
 7.7985972e-001
 7.7987063e-001
 7.7988189e-001
 7.7989352e-001
 7.7990520e-001
 7.7991670e-001
 7.7992779e-001
 7.7993816e-001
 7.7994764e-001
 7.7995586e-001
 7.7996272e-001
 7.7996802e-001
 7.7997184e-001
 7.7997398e-001
 7.7997458e-001
 7.7997363e-001
 7.7997112e-001
 7.7996713e-001
 7.7996165e-001
 7.7995479e-001
 7.7994668e-001
 7.7993745e-001
 7.7992731e-001
 7.7991652e-001
 7.7990526e-001
 7.7989376e-001
 7.7988207e-001
 7.7987027e-001
 7.7985829e-001
 7.7984595e-001
 7.7983290e-001
 7.7981889e-001
 7.7980369e-001
 7.7978694e-001
 7.7976853e-001
 7.7974844e-001
 7.7972680e-001
 7.7970380e-001
 7.7967966e-001
 7.7965486e-001
 7.7962971e-001
 7.7960491e-001
 7.7958095e-001
 7.7955872e-001
 7.7953911e-001
 7.7952337e-001
 7.7951288e-001
 7.7950907e-001
 7.7951354e-001
 7.7952784e-001
 7.7955335e-001
 7.7959126e-001
 7.7964246e-001
 7.7970743e-001
 7.7978617e-001
 7.7987832e-001
 7.7998310e-001
 7.8009909e-001
 7.8022474e-001
 7.8035790e-001
 7.8049624e-001
 7.8063726e-001
 7.8077829e-001
 7.8091699e-001
 7.8105092e-001
 7.8117812e-001
 7.8129703e-001
 7.8140634e-001
 7.8150535e-001
 7.8159344e-001
 7.8167057e-001
 7.8173685e-001
 7.8179246e-001
 7.8183800e-001
 7.8187388e-001
 7.8190064e-001
 7.8191888e-001
 7.8192896e-001
 7.8193146e-001
 7.8192675e-001
 7.8191519e-001
 7.8189719e-001
 7.8187305e-001
 7.8184325e-001
 7.8180808e-001
 7.8176796e-001
 7.8172320e-001
 7.8167415e-001
 7.8162122e-001
 7.8156465e-001
 7.8150517e-001
 7.8144336e-001
 7.8138018e-001
 7.8131652e-001
 7.8125352e-001
 7.8119218e-001
 7.8113335e-001
 7.8107750e-001
 7.8102487e-001
 7.8097540e-001
 7.8092867e-001
 7.8088427e-001
 7.8084177e-001
 7.8080082e-001
 7.8076136e-001
 7.8072333e-001
 7.8068697e-001
 7.8065228e-001
 7.8061938e-001
 7.8058797e-001
 7.8055781e-001
 7.8052819e-001
 7.8049833e-001
 7.8046739e-001
 7.8043437e-001
 7.8039843e-001
 7.8035873e-001
 7.8031445e-001
 7.8026479e-001
 7.8020924e-001
 7.8014702e-001
 7.8007764e-001
 7.8000069e-001
 7.7991599e-001
 7.7982354e-001
 7.7972370e-001
 7.7961701e-001
 7.7950388e-001
 7.7938497e-001
 7.7926052e-001
 7.7913022e-001
 7.7899361e-001
 7.7884924e-001
 7.7869552e-001
 7.7853048e-001
 7.7835214e-001
 7.7815878e-001
 7.7794909e-001
 7.7772278e-001
 7.7748007e-001
 7.7722204e-001
 7.7695054e-001
 7.7666754e-001
 7.7637500e-001
 7.7607453e-001
 7.7576679e-001
 7.7545130e-001
 7.7512616e-001
 7.7478814e-001
 7.7443278e-001
 7.7405441e-001
 7.7364677e-001
 7.7320302e-001
 7.7271605e-001
 7.7217895e-001
 7.7158481e-001
 7.7092719e-001
 7.7020019e-001
 7.6939887e-001
 7.6851982e-001
 7.6756167e-001
 7.6652604e-001
 7.6541823e-001
 7.6424670e-001
 7.6302433e-001
 7.6176673e-001
 7.6049238e-001
 7.5922102e-001
 7.5797212e-001
 7.5676465e-001
 7.5561553e-001
 7.5453997e-001
 7.5355142e-001
 7.5266117e-001
 7.5187945e-001
 7.5121444e-001
 7.5067258e-001
 7.5025731e-001
 7.4996811e-001
 7.4979967e-001
 7.4974120e-001
 7.4977636e-001
 7.4988395e-001
 7.5003910e-001
 7.5021493e-001
 7.5038433e-001
 7.5052184e-001
 7.5060523e-001
 7.5061625e-001
 7.5054175e-001
 7.5037348e-001
 7.5010824e-001
 7.4974740e-001
 7.4929631e-001
 7.4876398e-001
 7.4816269e-001
 7.4750710e-001
 7.4681479e-001
 7.4610507e-001
 7.4539894e-001
 7.4471825e-001
 7.4408454e-001
 7.4351859e-001
 7.4303895e-001
 7.4266154e-001
 7.4239874e-001
 7.4225897e-001
 7.4224597e-001
 7.4235827e-001
 7.4258822e-001
 7.4292189e-001
 7.4333900e-001
 7.4381369e-001
 7.4431610e-001
 7.4481463e-001
 7.4527794e-001
 7.4567777e-001
 7.4599016e-001
 7.4619663e-001
 7.4628443e-001
 7.4624592e-001
 7.4607843e-001
 7.4578351e-001
 7.4536675e-001
 7.4483722e-001
 7.4420768e-001
 7.4349296e-001
 7.4270970e-001
 7.4187452e-001
 7.4100178e-001
 7.4010307e-001
 7.3918569e-001
 7.3825228e-001
 7.3730218e-001
 7.3633158e-001
 7.3533612e-001
 7.3431230e-001
 7.3325831e-001
 7.3217630e-001
 7.3107153e-001
 7.2995353e-001
 7.2883427e-001
 7.2772694e-001
 7.2664458e-001
 7.2559714e-001
 7.2459042e-001
 7.2362441e-001
 7.2269225e-001
 7.2178167e-001
 7.2087568e-001
 7.1995574e-001
 7.1900427e-001
 7.1800703e-001
 7.1695590e-001
 7.1584958e-001
 7.1469301e-001
 7.1349692e-001
 7.1227449e-001
 7.1104008e-001
 7.0980597e-001
 7.0858032e-001
 7.0736712e-001
 7.0616496e-001
 7.0496923e-001
 7.0377326e-001
 7.0257020e-001
 7.0135629e-001
 7.0013142e-001
 6.9890136e-001
 6.9767755e-001
 6.9647563e-001
 6.9531447e-001
 6.9421208e-001
 6.9318312e-001
 6.9223469e-001
 6.9136268e-001
 6.9055045e-001
 6.8976671e-001
 6.8896627e-001
 6.8809247e-001
 6.8708032e-001
 6.8586296e-001
 6.8437773e-001
 6.8257326e-001
 6.8041790e-001
 6.7790413e-001
 6.7505461e-001
 6.7192256e-001
 6.6858804e-001
 6.6515499e-001
 6.6173935e-001
 6.5846157e-001
 6.5543520e-001
 6.5275651e-001
 6.5050006e-001
 6.4871222e-001
 6.4741147e-001
 6.4658803e-001
 6.4620608e-001
 6.4620709e-001
 6.4651376e-001
 6.4703435e-001
 6.4766771e-001
 6.4830923e-001
 6.4885581e-001
 6.4921176e-001
 6.4929307e-001
 6.4903027e-001
 6.4837039e-001
 6.4727682e-001
 6.4572853e-001
 6.4371699e-001
 6.4124489e-001
 6.3832110e-001
 6.3495964e-001
 6.3117528e-001
 6.2697941e-001
 6.2238103e-001
 6.1738122e-001
 6.1197752e-001
 6.0616511e-001
 5.9993893e-001
 5.9330577e-001
 5.8628607e-001
 5.7892770e-001
 5.7131040e-001
 5.6354636e-001
 5.5578464e-001
 5.4820174e-001
 5.4098636e-001
 5.3432935e-001
 5.2839798e-001
 5.2332336e-001
 5.1918399e-001
 5.1599711e-001
 5.1372176e-001
 5.1226366e-001
 5.1149011e-001
 5.1124382e-001
 5.1135719e-001
 5.1166314e-001
 5.1200157e-001
 5.1222390e-001
 5.1219791e-001
 5.1181751e-001
 5.1101774e-001
 5.0979513e-001
 5.0822890e-001
 5.0649488e-001
 5.0486344e-001
 5.0367945e-001
 5.0331831e-001
 5.0412905e-001
 5.0637233e-001
 5.1017171e-001
 5.1548570e-001
 5.2211303e-001
 5.2973092e-001
 5.3794694e-001
 5.4637140e-001
 5.5466938e-001
 5.6260341e-001
 5.7005203e-001
 5.7699460e-001
 5.8349282e-001
 5.8965051e-001
 5.9558254e-001
 6.0138977e-001
 6.0713756e-001
 6.1285466e-001
 6.1852974e-001
 6.2412018e-001
 6.2956315e-001
 6.3478059e-001
 6.3969380e-001
 6.4422721e-001
 6.4831686e-001
 6.5191680e-001
 6.5499926e-001
 6.5755743e-001
 6.5960485e-001
 6.6117120e-001
 6.6230059e-001
 6.6304576e-001
 6.6346538e-001
 6.6361970e-001
 6.6356796e-001
 6.6336590e-001
 6.6306412e-001
 6.6270691e-001
 6.6233116e-001
 6.6196626e-001
 6.6163325e-001
 6.6134506e-001
 6.6110599e-001
 6.6091138e-001
 6.6074795e-001
 6.6059351e-001
 6.6041774e-001
 6.6018301e-001
 6.5984625e-001
 6.5936148e-001
 6.5868330e-001
 6.5777099e-001
 6.5659386e-001
 6.5513593e-001
 6.5340209e-001
 6.5142286e-001
 6.4925706e-001
 6.4699465e-001
 6.4475298e-001
 6.4267331e-001
 6.4091015e-001
 6.3961834e-001
 6.3893926e-001
 6.3898468e-001
 6.3982487e-001
 6.4147860e-001
 6.4391154e-001
 6.4703768e-001
 6.5073043e-001
 6.5483403e-001
 6.5917981e-001
 6.6360337e-001
 6.6795468e-001
 6.7211163e-001
 6.7598224e-001
 6.7950773e-001
 6.8266213e-001
 6.8544507e-001
 6.8787801e-001
 6.8999892e-001
 6.9185472e-001
 6.9349802e-001
 6.9498187e-001
 6.9635665e-001
 6.9766837e-001
 6.9895554e-001
 7.0024931e-001
 7.0157158e-001
 7.0293510e-001
 7.0434457e-001
 7.0579606e-001
 7.0727962e-001
 7.0877969e-001
 7.1027744e-001
 7.1175361e-001
 7.1318889e-001
 7.1456689e-001
 7.1587455e-001
 7.1710289e-001
 7.1824759e-001
 7.1930784e-001
 7.2028583e-001
 7.2118610e-001
 7.2201365e-001
 7.2277391e-001
 7.2347164e-001
 7.2411078e-001
 7.2469461e-001
 7.2522575e-001
 7.2570693e-001
 7.2614092e-001
 7.2653127e-001
 7.2688240e-001
 7.2719961e-001
 7.2748899e-001
 7.2775716e-001
 7.2801059e-001
 7.2825563e-001
 7.2849727e-001
 7.2873962e-001
 7.2898471e-001
 7.2923326e-001
 7.2948432e-001
 7.2973555e-001
 7.2998428e-001
 7.3022711e-001
 7.3046106e-001
 7.3068368e-001
 7.3089302e-001
 7.3108804e-001
 7.3126835e-001
 7.3143405e-001
 7.3158568e-001
 7.3172408e-001
 7.3185015e-001
 7.3196495e-001
 7.3206949e-001
 7.3216474e-001
 7.3225147e-001
 7.3233026e-001
 7.3240167e-001
 7.3246574e-001
 7.3252249e-001
 7.3257178e-001
 7.3261344e-001
 7.3264736e-001
 7.3267359e-001
 7.3269242e-001
 7.3270446e-001
 7.3271048e-001
 7.3271155e-001
 7.3270905e-001
 7.3270440e-001
 7.3269916e-001
 7.3269486e-001
 7.3269308e-001
 7.3269492e-001
 7.3270154e-001
 7.3271346e-001
 7.3273104e-001
 7.3275417e-001
 7.3278248e-001
 7.3281533e-001
 7.3285192e-001
 7.3289150e-001
 7.3293334e-001
 7.3297679e-001
 7.3302156e-001
 7.3306733e-001
 7.3311424e-001
 7.3316246e-001
 7.3321205e-001
 7.3326325e-001
 7.3331600e-001
 7.3337018e-001
 7.3342532e-001
 7.3348081e-001
 7.3353583e-001
 7.3358947e-001
 7.3364061e-001
 7.3368818e-001
 7.3373115e-001
 7.3376834e-001
 7.3379892e-001
 7.3382193e-001
 7.3383671e-001
 7.3384297e-001
 7.3384047e-001
 7.3382950e-001
 7.3381084e-001
 7.3378539e-001
 7.3375452e-001
 7.3371965e-001
 7.3368233e-001
 7.3364389e-001
 7.3360550e-001
 7.3356777e-001
 7.3353112e-001
 7.3349535e-001
 7.3345989e-001
 7.3342371e-001
 7.3338562e-001
 7.3334426e-001
 7.3329836e-001
 7.3324668e-001
 7.3318845e-001
 7.3312306e-001
 7.3305047e-001
 7.3297083e-001
 7.3288459e-001
 7.3279226e-001
 7.3269445e-001
 7.3259169e-001
 7.3248434e-001
 7.3237270e-001
 7.3225689e-001
 7.3213691e-001
 7.3201281e-001
 7.3188460e-001
 7.3175222e-001
 7.3161572e-001
 7.3147535e-001
 7.3133105e-001
 7.3118311e-001
 7.3103142e-001
 7.3087615e-001
 7.3071712e-001
 7.3055422e-001
 7.3038727e-001
 7.3021591e-001
 7.3003995e-001
 7.2985888e-001
 7.2967237e-001
 7.2948009e-001
 7.2928154e-001
 7.2907645e-001
 7.2886467e-001
 7.2864592e-001
 7.2842026e-001
 7.2818756e-001
 7.2794777e-001
 7.2770107e-001
 7.2744739e-001
 7.2718674e-001
 7.2691911e-001
 7.2664464e-001
 7.2636324e-001
 7.2607493e-001
 7.2577971e-001
 7.2547764e-001
 7.2516859e-001
 7.2485268e-001
 7.2452980e-001
 7.2419989e-001
 7.2386301e-001
 7.2351897e-001
 7.2316802e-001
 7.2281033e-001
 7.2244626e-001
 7.2207659e-001
 7.2170204e-001
 7.2132385e-001
 7.2094315e-001
 7.2056121e-001
 7.2017932e-001
 7.1979845e-001
 7.1941930e-001
 7.1904230e-001
 7.1866739e-001
 7.1829426e-001
 7.1792215e-001
 7.1755016e-001
 7.1717739e-001
 7.1680307e-001
 7.1642655e-001
 7.1604723e-001
 7.1566504e-001
 7.1527994e-001
 7.1489191e-001
 7.1450126e-001
 7.1410793e-001
 7.1371198e-001
 7.1331328e-001
 7.1291137e-001
 7.1250552e-001
 7.1209466e-001
 7.1167749e-001
 7.1125221e-001
 7.1081668e-001
 7.1036845e-001
 7.0990473e-001
 7.0942259e-001
 7.0891899e-001
 7.0839089e-001
 7.0783550e-001
 7.0724988e-001
 7.0663178e-001
 7.0597905e-001
 7.0528960e-001
 7.0456159e-001
 7.0379341e-001
 7.0298332e-001
 7.0212978e-001
 7.0123112e-001
 7.0028639e-001
 6.9929487e-001
 6.9825637e-001
 6.9717205e-001
 6.9604355e-001
 6.9487399e-001
 6.9366747e-001
 6.9242847e-001
 6.9116282e-001
 6.8987602e-001
 6.8857390e-001
 6.8726206e-001
 6.8594486e-001
 6.8462628e-001
 6.8330860e-001
 6.8199325e-001
 6.8068069e-001
 6.7937005e-001
 6.7806065e-001
 6.7675114e-001
 6.7544085e-001
 6.7412990e-001
 6.7281890e-001
 6.7150974e-001
 6.7020530e-001
 6.6890877e-001
 6.6762435e-001
 6.6635591e-001
 6.6510749e-001
 6.6388261e-001
 6.6268361e-001
 6.6151243e-001
 6.6036904e-001
 6.5925294e-001
 6.5816242e-001
 6.5709442e-001
 6.5604639e-001
 6.5501529e-001
 6.5399963e-001
 6.5299922e-001
 6.5201569e-001
 6.5105319e-001
 6.5011775e-001
 6.4921755e-001
 6.4836210e-001
 6.4756101e-001
 6.4682430e-001
 6.4616060e-001
 6.4557642e-001
 6.4507592e-001
 6.4465988e-001
 6.4432567e-001
 6.4406747e-001
 6.4387655e-001
 6.4374250e-001
 6.4365447e-001
 6.4360243e-001
 6.4357871e-001
 6.4357895e-001
 6.4360237e-001
 6.4365202e-001
 6.4373386e-001
 6.4385563e-001
 6.4402586e-001
 6.4425230e-001
 6.4454138e-001
 6.4489686e-001
 6.4531964e-001
 6.4580792e-001
 6.4635634e-001
 6.4695680e-001
 6.4759833e-001
 6.4826739e-001
 6.4894909e-001
 6.4962739e-001
 6.5028620e-001
 6.5091062e-001
 6.5148723e-001
 6.5200484e-001
 6.5245432e-001
 6.5282851e-001
 6.5312183e-001
 6.5332949e-001
 6.5349352e-001
 6.5351951e-001
 6.5344858e-001
 6.5327871e-001
 6.5300977e-001
 6.5264440e-001
 6.5218878e-001
 6.5165293e-001
 6.5105093e-001
 6.5040064e-001
 6.4972305e-001
 6.4904165e-001
 6.4838129e-001
 6.4776683e-001
 6.4722234e-001
 6.4676946e-001
 6.4642620e-001
 6.4620614e-001
 6.4611751e-001
 6.4616263e-001
 6.4633787e-001
 6.4663386e-001
 6.4703554e-001
 6.4752322e-001
 6.4807278e-001
 6.4865696e-001
 6.4924622e-001
 6.4980966e-001
 6.5031666e-001
 6.5073794e-001
 6.5104747e-001
 6.5122408e-001
 6.5125352e-001
 6.5113056e-001
 6.5086102e-001
 6.5046364e-001
 6.4997053e-001
 6.4942694e-001
 6.4888847e-001
 6.4841688e-001
 6.4807421e-001
 6.4791560e-001
 6.4798278e-001
 6.4829874e-001
 6.4886475e-001
 6.4966005e-001
 6.5064543e-001
 6.5176737e-001
 6.5296513e-001
 6.5417737e-001
 6.5534693e-001
 6.5642619e-001
 6.5737808e-001
 6.5817720e-001
 6.5880913e-001
 6.5926790e-001
 6.5955442e-001
 6.5967405e-001
 6.5963477e-001
 6.5944564e-001
 6.5911591e-001
 6.5865362e-001
 6.5806568e-001
 6.5735739e-001
 6.5653223e-001
 6.5559226e-001
 6.5453875e-001
 6.5337205e-001
 6.5209347e-001
 6.5070468e-001
 6.4920944e-001
 6.4761358e-001
 6.4592433e-001
 6.4415163e-001
 6.4230597e-001
 6.4039940e-001
 6.3844401e-001
 6.3645077e-001
 6.3443053e-001
 6.3239169e-001
 6.3034129e-001
 6.2828457e-001
 6.2622339e-001
 6.2415856e-001
 6.2208766e-001
 6.2000686e-001
 6.1791116e-001
 6.1579359e-001
 6.1364758e-001
 6.1146700e-001
 6.0924584e-001
 6.0698044e-001
 6.0466808e-001
 6.0230875e-001
 5.9990484e-001
 5.9746039e-001
 5.9498340e-001
 5.9248334e-001
 5.8997333e-001
 5.8746922e-001
 5.8498788e-001
 5.8254892e-001
 5.8017123e-001
 5.7787442e-001
 5.7567662e-001
 5.7359320e-001
 5.7163751e-001
 5.6981879e-001
 5.6814355e-001
 5.6661457e-001
 5.6523079e-001
 5.6398892e-001
 5.6288236e-001
 5.6190282e-001
 5.6104028e-001
 5.6028301e-001
 5.5961883e-001
 5.5903494e-001
 5.5851853e-001
 5.5805719e-001
 5.5763918e-001
 5.5725425e-001
 5.5689341e-001
 5.5654925e-001
 5.5621606e-001
 5.5588967e-001
 5.5556744e-001
 5.5524796e-001
 5.5493087e-001
 5.5461693e-001
 5.5430770e-001
 5.5400550e-001
 5.5371332e-001
 5.5343455e-001
 5.5317312e-001
 5.5293280e-001
 5.5271745e-001
 5.5253053e-001
 5.5237478e-001
 5.5225205e-001
 5.5216306e-001
 5.5210704e-001
 5.5208158e-001
 5.5208302e-001
 5.5210614e-001
 5.5214477e-001
 5.5219209e-001
 5.5224133e-001
 5.5228615e-001
 5.5232126e-001
 5.5234283e-001
 5.5234867e-001
 5.5233854e-001
 5.5231398e-001
 5.5227792e-001
 5.5223483e-001
 5.5218983e-001
 5.5214834e-001
 5.5211586e-001
 5.5209738e-001
 5.5209702e-001
 5.5211806e-001
 5.5216259e-001
 5.5223149e-001
 5.5232435e-001
 5.5243969e-001
 5.5257481e-001
 5.5272603e-001
 5.5288905e-001
 5.5305880e-001
 5.5323011e-001
 5.5339772e-001
 5.5355626e-001
 5.5370080e-001
 5.5382651e-001
 5.5392879e-001
 5.5400342e-001
 5.5404615e-001
 5.5405307e-001
 5.5402029e-001
 5.5394423e-001
 5.5382150e-001
 5.5364901e-001
 5.5342406e-001
 5.5314457e-001
 5.5280906e-001
 5.5241686e-001
 5.5196816e-001
 5.5146456e-001
 5.5090863e-001
 5.5030453e-001
 5.4965806e-001
 5.4897612e-001
 5.4826713e-001
 5.4754007e-001
 5.4680467e-001
 5.4607058e-001
 5.4534656e-001
 5.4464060e-001
 5.4395902e-001
 5.4330659e-001
 5.4268599e-001
 5.4209858e-001
 5.4154366e-001
 5.4101968e-001
 5.4052448e-001
 5.4005539e-001
 5.3960979e-001
 5.3918529e-001
 5.3877980e-001
 5.3839093e-001
 5.3801632e-001
 5.3765339e-001
 5.3729892e-001
 5.3694922e-001
 5.3660047e-001
 5.3624833e-001
 5.3588825e-001
 5.3551567e-001
 5.3512663e-001
 5.3471702e-001
 5.3428376e-001
 5.3382486e-001
 5.3333920e-001
 5.3282702e-001
 5.3229022e-001
 5.3173137e-001
 5.3115374e-001
 5.3056127e-001
 5.2995753e-001
 5.2934557e-001
 5.2872759e-001
 5.2810520e-001
 5.2747840e-001
 5.2684641e-001
 5.2620810e-001
 5.2556139e-001
 5.2490407e-001
 5.2423471e-001
 5.2355188e-001
 5.2285480e-001
 5.2214348e-001
 5.2141887e-001
 5.2068186e-001
 5.1993370e-001
 5.1917642e-001
 5.1841134e-001
 5.1763964e-001
 5.1686275e-001
 5.1608098e-001
 5.1529396e-001
 5.1450098e-001
 5.1369983e-001
 5.1288760e-001
 5.1205999e-001
 5.1121217e-001
 5.1033777e-001
 5.0942928e-001
 5.0847924e-001
 5.0747913e-001
 5.0642079e-001
 5.0529855e-001
 5.0410825e-001
 5.0285006e-001
 5.0152844e-001
 5.0015408e-001
 4.9874169e-001
 4.9731001e-001
 4.9588087e-001
 4.9447456e-001
 4.9310803e-001
 4.9179310e-001
 4.9053222e-001
 4.8931873e-001
 4.8813671e-001
 4.8696372e-001
 4.8577267e-001
 4.8453662e-001
 4.8323429e-001
 4.8185241e-001
 4.8038933e-001
 4.7885719e-001
 4.7727874e-001
 4.7568560e-001
 4.7411492e-001
 4.7260219e-001
 4.7117797e-001
 4.6986333e-001
 4.6866897e-001
 4.6759278e-001
 4.6662176e-001
 4.6573496e-001
 4.6490464e-001
 4.6409959e-001
 4.6328771e-001
 4.6243596e-001
 4.6151167e-001
 4.6048182e-001
 4.5931423e-001
 4.5797643e-001
 4.5643765e-001
 4.5467284e-001
 4.5266381e-001
 4.5040402e-001
 4.4790381e-001
 4.4518915e-001
 4.4230258e-001
 4.3930280e-001
 4.3625483e-001
 4.3322587e-001
 4.3027622e-001
 4.2745531e-001
 4.2479280e-001
 4.2229894e-001
 4.1996729e-001
 4.1777495e-001
 4.1568986e-001
 4.1367796e-001
 4.1170552e-001
 4.0974495e-001
 4.0777558e-001
 4.0578550e-001
 4.0376696e-001
 4.0171522e-001
 3.9962700e-001
 3.9749527e-001
 3.9530885e-001
 3.9305344e-001
 3.9070851e-001
 3.8824987e-001
 3.8565290e-001
 3.8289043e-001
 3.7993667e-001
 3.7676707e-001
 3.7336233e-001
 3.6970454e-001
 3.6577973e-001
 3.6158127e-001
 3.5710484e-001
 3.5235158e-001
 3.4733307e-001
 3.4206578e-001
 3.3657724e-001
 3.3090442e-001
 3.2509995e-001
 3.1922293e-001
 3.1334087e-001
 3.0753058e-001
 3.0186543e-001
 2.9641518e-001
 2.9124600e-001
 2.8640971e-001
 2.8194687e-001
 2.7788988e-001
 2.7425760e-001
 2.7106172e-001
 2.6830658e-001
 2.6599303e-001
 2.6411486e-001
 2.6266140e-001
 2.6161760e-001
 2.6096177e-001
 2.6066712e-001
 2.6070219e-001
 2.6103142e-001
 2.6161674e-001
 2.6241902e-001
 2.6339802e-001
 2.6451442e-001
 2.6572955e-001
 2.6700467e-001
 2.6830313e-001
 2.6958972e-001
 2.7083033e-001
 2.7199429e-001
 2.7305380e-001
 2.7398336e-001
 2.7476126e-001
 2.7536857e-001
 2.7578938e-001
 2.7601099e-001
 2.7602574e-001
 2.7583206e-001
 2.7543676e-001
 2.7485663e-001
 2.7411893e-001
 2.7326128e-001
 2.7232710e-001
 2.7136055e-001
 2.7039829e-001
 2.6946142e-001
 2.6854557e-001
 2.6761556e-001
 2.6660413e-001
 2.6541445e-001
 2.6393053e-001
 2.6203498e-001
 2.5962773e-001
 2.5665054e-001
 2.5310794e-001
 2.4908802e-001
 2.4476619e-001
 2.4040486e-001
 2.3634142e-001
 2.3295431e-001
 2.3062953e-001
 2.2971986e-001
 2.3050083e-001
 2.3314175e-001
 2.3768258e-001
 2.4403436e-001
 2.5199023e-001
 2.6125437e-001
 2.7146769e-001
 2.8225803e-001
 2.9326808e-001
 3.0417278e-001
 3.1471151e-001
 3.2468638e-001
 3.3395386e-001
 3.4243184e-001
 3.5007995e-001
 3.5689294e-001
 3.6288503e-001
 3.6809182e-001
 3.7255910e-001
 3.7633622e-001
 3.7947983e-001
 3.8204834e-001
 3.8409933e-001
 3.8569272e-001
 3.8688785e-001
 3.8774276e-001
 3.8831541e-001
 3.8866180e-001
 3.8883546e-001
 3.8888612e-001
 3.8885859e-001
 3.8879135e-001
 3.8871565e-001
 3.8865450e-001
 3.8862270e-001
 3.8862696e-001
 3.8866660e-001
 3.8873455e-001
 3.8881865e-001
 3.8890311e-001
 3.8897005e-001
 3.8900104e-001
 3.8897848e-001
 3.8888702e-001
 3.8871455e-001
 3.8845336e-001
 3.8810000e-001
 3.8765538e-001
 3.8712445e-001
 3.8651448e-001
 3.8583407e-001
 3.8509133e-001
 3.8429338e-001
 3.8344428e-001
 3.8254520e-001
 3.8159528e-001
 3.8059112e-001
 3.7952834e-001
 3.7840357e-001
 3.7721422e-001
 3.7596014e-001
 3.7464359e-001
 3.7327075e-001
 3.7184933e-001
 3.7038913e-001
 3.6890233e-001
 3.6740056e-001
 3.6589527e-001
 3.6439821e-001
 3.6291865e-001
 3.6146417e-001
 3.6004138e-001
 3.5865387e-001
 3.5730341e-001
 3.5598963e-001
 3.5471147e-001
 3.5346571e-001
 3.5224813e-001
 3.5105488e-001
 3.4988046e-001
 3.4871879e-001
 3.4756365e-001
 3.4640667e-001
 3.4523797e-001
 3.4404555e-001
 3.4281617e-001
 3.4153387e-001
 3.4018102e-001
 3.3873990e-001
 3.3719158e-001
 3.3551767e-001
 3.3370292e-001
 3.3173403e-001
 3.2960227e-001
 3.2730657e-001
 3.2485163e-001
 3.2225072e-001
 3.1952503e-001
 3.1670576e-001
 3.1382936e-001
 3.1093770e-001
 3.0807787e-001
 3.0529544e-001
 3.0263394e-001
 3.0013403e-001
 2.9782796e-001
 2.9574072e-001
 2.9388893e-001
 2.9228300e-001
 2.9092586e-001
 2.8981617e-001
 2.8895059e-001
 2.8832373e-001
 2.8793010e-001
 2.8776479e-001
 2.8782266e-001
 2.8809825e-001
 2.8858474e-001
 2.8927225e-001
 2.9014742e-001
 2.9119229e-001
 2.9238269e-001
 2.9368973e-001
 2.9507968e-001
 2.9651365e-001
 2.9795137e-001
 2.9935169e-001
 3.0067384e-001
 3.0188125e-001
 3.0294216e-001
 3.0383140e-001
 3.0453080e-001
 3.0503061e-001
 3.0532855e-001
 3.0542919e-001
 3.0534315e-001
 3.0508557e-001
 3.0467525e-001
 3.0413303e-001
 3.0348113e-001
 3.0274227e-001
 3.0193996e-001
 3.0109712e-001
 3.0023631e-001
 2.9937997e-001
 2.9854870e-001
 2.9776090e-001
 2.9703212e-001
 2.9637241e-001
 2.9578555e-001
 2.9526794e-001
 2.9480705e-001
 2.9438186e-001
 2.9396343e-001
 2.9351708e-001
 2.9300413e-001
 2.9238513e-001
 2.9162344e-001
 2.9068714e-001
 2.8955159e-001
 2.8820226e-001
 2.8663388e-001
 2.8485158e-001
 2.8286970e-001
 2.8071249e-001
 2.7840984e-001
 2.7599695e-001
 2.7351451e-001
 2.7100384e-001
 2.6850724e-001
 2.6606861e-001
 2.6372874e-001
 2.6152602e-001
 2.5949660e-001
 2.5766987e-001
 2.5606930e-001
 2.5471053e-001
 2.5360197e-001
 2.5274277e-001
 2.5212505e-001
 2.5173512e-001
 2.5155458e-001
 2.5156251e-001
 2.5173673e-001
 2.5205460e-001
 2.5249338e-001
 2.5302997e-001
 2.5363991e-001
 2.5429770e-001
 2.5497639e-001
 2.5564739e-001
 2.5628254e-001
 2.5685489e-001
 2.5734001e-001
 2.5771815e-001
 2.5797498e-001
 2.5810176e-001
 2.5809562e-001
 2.5795838e-001
 2.5769544e-001
 2.5731459e-001
 2.5682458e-001
 2.5623417e-001
 2.5555214e-001
 2.5478634e-001
 2.5394407e-001
 2.5303286e-001
 2.5205925e-001
 2.5102973e-001
 2.4994981e-001
 2.4882500e-001
 2.4765898e-001
 2.4645428e-001
 2.4521324e-001
 2.4393652e-001
 2.4262442e-001
 2.4127819e-001
 2.3989880e-001
 2.3848824e-001
 2.3705085e-001
 2.3559156e-001
 2.3411737e-001
 2.3263659e-001
 2.3116027e-001
 2.2969994e-001
 2.2826834e-001
 2.2687992e-001
 2.2554787e-001
 2.2428408e-001
 2.2309883e-001
 2.2199781e-001
 2.2098273e-001
 2.2005042e-001
 2.1919431e-001
 2.1840383e-001
 2.1766649e-001
 2.1696942e-001
 2.1629947e-001
 2.1564454e-001
 2.1499446e-001
 2.1434049e-001
 2.1367607e-001
 2.1299677e-001
 2.1230106e-001
 2.1158940e-001
 2.1086434e-001
 2.1013080e-001
 2.0939434e-001
 2.0866123e-001
 2.0793839e-001
 2.0723216e-001
 2.0654865e-001
 2.0589401e-001
 2.0527333e-001
 2.0469095e-001
 2.0414986e-001
 2.0365198e-001
 2.0319740e-001
 2.0278497e-001
 2.0241298e-001
 2.0207891e-001
 2.0177995e-001
 2.0151305e-001
 2.0127401e-001
 2.0105696e-001
 2.0085366e-001
 2.0065317e-001
 2.0044164e-001
 2.0020314e-001
 1.9992095e-001
 1.9957885e-001
 1.9916260e-001
 1.9866185e-001
 1.9807054e-001
 1.9738781e-001
 1.9661880e-001
 1.9577336e-001
 1.9486615e-001
 1.9391508e-001
 1.9294101e-001
 1.9196507e-001
 1.9100800e-001
 1.9008982e-001
 1.8922742e-001
 1.8843444e-001
 1.8772098e-001
 1.8709196e-001
 1.8654782e-001
 1.8608476e-001
 1.8569615e-001
 1.8537313e-001
 1.8510614e-001
-1.2300000e+034
