s07_ASD Record=13711: Mesolite+Hydroxyapop GDS6     BECKb AREF
 7.4322671e-001
 7.4588406e-001
 7.4811232e-001
 7.5001156e-001
 7.5173014e-001
 7.5341374e-001
 7.5516284e-001
 7.5702167e-001
 7.5899178e-001
 7.6105309e-001
 7.6318341e-001
 7.6536518e-001
 7.6758474e-001
 7.6982486e-001
 7.7205557e-001
 7.7423072e-001
 7.7629918e-001
 7.7822375e-001
 7.7999514e-001
 7.8163356e-001
 7.8317630e-001
 7.8465807e-001
 7.8609782e-001
 7.8749955e-001
 7.8886467e-001
 7.9020333e-001
 7.9153848e-001
 7.9289305e-001
 7.9427135e-001
 7.9565382e-001
 7.9700530e-001
 7.9828942e-001
 7.9947734e-001
 8.0054986e-001
 8.0150682e-001
 8.0237585e-001
 8.0320048e-001
 8.0401987e-001
 8.0484992e-001
 8.0567157e-001
 8.0643719e-001
 8.0709451e-001
 8.0761671e-001
 8.0802161e-001
 8.0836779e-001
 8.0873042e-001
 8.0917174e-001
 8.0972153e-001
 8.1037325e-001
 8.1109148e-001
 8.1182462e-001
 8.1251979e-001
 8.1314170e-001
 8.1368858e-001
 8.1419522e-001
 8.1471664e-001
 8.1529790e-001
 8.1594205e-001
 8.1661355e-001
 8.1724524e-001
 8.1777430e-001
 8.1823891e-001
 8.1868708e-001
 8.1917048e-001
 8.1976813e-001
 8.2049531e-001
 8.2127661e-001
 8.2201082e-001
 8.2260650e-001
 8.2300627e-001
 8.2320487e-001
 8.2324427e-001
 8.2319021e-001
 8.2311445e-001
 8.2308614e-001
 8.2316720e-001
 8.2340306e-001
 8.2380897e-001
 8.2435691e-001
 8.2497478e-001
 8.2556313e-001
 8.2602865e-001
 8.2631838e-001
 8.2643735e-001
 8.2643992e-001
 8.2639855e-001
 8.2636946e-001
 8.2637280e-001
 8.2639772e-001
 8.2642734e-001
 8.2646775e-001
 8.2656062e-001
 8.2676828e-001
 8.2713819e-001
 8.2766950e-001
 8.2830667e-001
 8.2896483e-001
 8.2957542e-001
 8.3011764e-001
 8.3061200e-001
 8.3108824e-001
 8.3155715e-001
 8.3200181e-001
 8.3238524e-001
 8.3266360e-001
 8.3280396e-001
 8.3280253e-001
 8.3269989e-001
 8.3258384e-001
 8.3256131e-001
 8.3270043e-001
 8.3297926e-001
 8.3328444e-001
 8.3347327e-001
 8.3346218e-001
 8.3328259e-001
 8.3307672e-001
 8.3304417e-001
 8.3336526e-001
 8.3411855e-001
 8.3522087e-001
 8.3643913e-001
 8.3749789e-001
 8.3822566e-001
 8.3863115e-001
 8.3885092e-001
 8.3902234e-001
 8.3918691e-001
 8.3928800e-001
 8.3924675e-001
 8.3904856e-001
 8.3878189e-001
 8.3860773e-001
 8.3868378e-001
 8.3909059e-001
 8.3979785e-001
 8.4068090e-001
 8.4157109e-001
 8.4231621e-001
 8.4282619e-001
 8.4308606e-001
 8.4313369e-001
 8.4303641e-001
 8.4290403e-001
 8.4291333e-001
 8.4326041e-001
 8.4402716e-001
 8.4509319e-001
 8.4621477e-001
 8.4719402e-001
 8.4795725e-001
 8.4851086e-001
 8.4889412e-001
 8.4917659e-001
 8.4942597e-001
 8.4964019e-001
 8.4974766e-001
 8.4970587e-001
 8.4958076e-001
 8.4950674e-001
 8.4957910e-001
 8.4979713e-001
 8.5009724e-001
 8.5042107e-001
 8.5075784e-001
 8.5114914e-001
 8.5166502e-001
 8.5234445e-001
 8.5312200e-001
 8.5382646e-001
 8.5429728e-001
 8.5451990e-001
 8.5462999e-001
 8.5478973e-001
 8.5508966e-001
 8.5556400e-001
 8.5623366e-001
 8.5706168e-001
 8.5786539e-001
 8.5835129e-001
 8.5830861e-001
 8.5775602e-001
 8.5687602e-001
 8.5589397e-001
 8.5511255e-001
 8.5494530e-001
 8.5568047e-001
 8.5716408e-001
 8.5885710e-001
 8.6026305e-001
 8.6123157e-001
 8.6185747e-001
 8.6221373e-001
 8.6225820e-001
 8.6195689e-001
 8.6142457e-001
 8.6091638e-001
 8.6069137e-001
 8.6088032e-001
 8.6144155e-001
 8.6219466e-001
 8.6290282e-001
 8.6338371e-001
 8.6360520e-001
 8.6368942e-001
 8.6379427e-001
 8.6395901e-001
 8.6408490e-001
 8.6409843e-001
 8.6409807e-001
 8.6426640e-001
 8.6465180e-001
 8.6512071e-001
 8.6555070e-001
 8.6600840e-001
 8.6666566e-001
 8.6751235e-001
 8.6819780e-001
 8.6825168e-001
 8.6751878e-001
 8.6635679e-001
 8.6535507e-001
 8.6484075e-001
 8.6473054e-001
 8.6490804e-001
 8.6553675e-001
 8.6674589e-001
 8.6818910e-001
 8.6931729e-001
 8.7003815e-001
 8.7073129e-001
 8.7162691e-001
 8.7249887e-001
 8.7299943e-001
 8.7305331e-001
 8.7284684e-001
 8.7256390e-001
 8.7223816e-001
 8.7184983e-001
 8.7145001e-001
 8.7110472e-001
 8.7083334e-001
 8.7076342e-001
 8.7121010e-001
 8.7231070e-001
 8.7362319e-001
 8.7438798e-001
 8.7421209e-001
 8.7334353e-001
 8.7235928e-001
 8.7177014e-001
 8.7183738e-001
 8.7249315e-001
 8.7337625e-001
 8.7401307e-001
 8.7404221e-001
 8.7339568e-001
 8.7242353e-001
 8.7171876e-001
 8.7163138e-001
 8.7202483e-001
 8.7251079e-001
 8.7279779e-001
 8.7288439e-001
 8.7300831e-001
 8.7333757e-001
 8.7376547e-001
 8.7408018e-001
 8.7418562e-001
 8.7411612e-001
 8.7397051e-001
 8.7379909e-001
 8.7351972e-001
 8.7308383e-001
 8.7270719e-001
 8.7272942e-001
 8.7320936e-001
 8.7382364e-001
 8.7425870e-001
 8.7458301e-001
 8.7505937e-001
 8.7563235e-001
 8.7579668e-001
 8.7516886e-001
 8.7402493e-001
 8.7306345e-001
 8.7277901e-001
 8.7311476e-001
 8.7369746e-001
 8.7434536e-001
 8.7515020e-001
 8.7606853e-001
 8.7675679e-001
 8.7694269e-001
 8.7670851e-001
 8.7628663e-001
 8.7576205e-001
 8.7508935e-001
 8.7432200e-001
 8.7370062e-001
 8.7338430e-001
 8.7315857e-001
 8.7277269e-001
 8.7261200e-001
 8.7343347e-001
 8.7519449e-001
 8.7680101e-001
 8.7734306e-001
 8.7703282e-001
 8.7670416e-001
 8.7683302e-001
 8.7722474e-001
 8.7746865e-001
 8.7752914e-001
 8.7774587e-001
 8.7826979e-001
 8.7882179e-001
 8.7910408e-001
 8.7915808e-001
 8.7929916e-001
 8.7978977e-001
 8.8060993e-001
 8.8144559e-001
 8.8188976e-001
 8.8175738e-001
 8.8125765e-001
 8.8084739e-001
 8.8085830e-001
 8.8122869e-001
 8.8159978e-001
 8.8165969e-001
 8.8139343e-001
 8.8104361e-001
 8.8088793e-001
 8.8106126e-001
 8.8151622e-001
 8.8205260e-001
 8.8236773e-001
 8.8218272e-001
 8.8145614e-001
 8.8050950e-001
 8.7986410e-001
 8.7985933e-001
 8.8039523e-001
 8.8105917e-001
 8.8152087e-001
 8.8180894e-001
 8.8220662e-001
 8.8290966e-001
 8.8379842e-001
 8.8451499e-001
 8.8474846e-001
 8.8446915e-001
 8.8399601e-001
 8.8383734e-001
 8.8444853e-001
 8.8602513e-001
 8.8814259e-001
 8.8976109e-001
 8.9007729e-001
 8.8923544e-001
 8.8801467e-001
 8.8704896e-001
 8.8637662e-001
 8.8565415e-001
 8.8493669e-001
 8.8494098e-001
 8.8606900e-001
 8.8765574e-001
 8.8873905e-001
 8.8899690e-001
 8.8849157e-001
 8.8726890e-001
 8.8582736e-001
 8.8518363e-001
 8.8553894e-001
 8.8564509e-001
 8.8456059e-001
 8.8314635e-001
 8.8281763e-001
 8.8376677e-001
 8.8515776e-001
 8.8628989e-001
 8.8711739e-001
 8.8795769e-001
 8.8882494e-001
 8.8923705e-001
 8.8892055e-001
 8.8830030e-001
 8.8786668e-001
 8.8750690e-001
 8.8688183e-001
 8.8606679e-001
 8.8548285e-001
 8.8541681e-001
 8.8567281e-001
 8.8571656e-001
 8.8522214e-001
 8.8426739e-001
 8.8334554e-001
 8.8296199e-001
 8.8324410e-001
 8.8401699e-001
 8.8492650e-001
 8.8568068e-001
 8.8624465e-001
 8.8679570e-001
 8.8749200e-001
 8.8821256e-001
 8.8856113e-001
 8.8818794e-001
 8.8713568e-001
 8.8582993e-001
 8.8474172e-001
 8.8410068e-001
 8.8388234e-001
 8.8397503e-001
 8.8426882e-001
 8.8466704e-001
 8.8508540e-001
 8.8545829e-001
 8.8574237e-001
 8.8593775e-001
 8.8614273e-001
 8.8652337e-001
 8.8718170e-001
 8.8804215e-001
 8.8882363e-001
 8.8913423e-001
 8.8883233e-001
 8.8798410e-001
 8.8688695e-001
 8.8578469e-001
 8.8488346e-001
 8.8437414e-001
 8.8444757e-001
 8.8522565e-001
 8.8637555e-001
 8.8738155e-001
 8.8772720e-001
 8.8701862e-001
 8.8566929e-001
 8.8441867e-001
 8.8400763e-001
 8.8502347e-001
 8.8703835e-001
 8.8921285e-001
 8.9070666e-001
 8.9081597e-001
 8.8974792e-001
 8.8778406e-001
 8.8614643e-001
 8.8514632e-001
 8.8493741e-001
 8.8526577e-001
 8.8586015e-001
 8.8644868e-001
 8.8676846e-001
 8.8674444e-001
 8.8648868e-001
 8.8612092e-001
 8.8576126e-001
 8.8552642e-001
 8.8546658e-001
 8.8556504e-001
 8.8580304e-001
 8.8616145e-001
 8.8662058e-001
 8.8714463e-001
 8.8768286e-001
 8.8818371e-001
 8.8859534e-001
 8.8886631e-001
 8.8895929e-001
 8.8889271e-001
 8.8869864e-001
 8.8840914e-001
 8.8805598e-001
 8.8767129e-001
 8.8727897e-001
 8.8687283e-001
 8.8643837e-001
 8.8596231e-001
 8.8543022e-001
 8.8482845e-001
 8.8414317e-001
 8.8337034e-001
 8.8254529e-001
 8.8171184e-001
 8.8091439e-001
 8.8019699e-001
 8.7960392e-001
 8.7917936e-001
 8.7896746e-001
 8.7899685e-001
 8.7923807e-001
 8.7964779e-001
 8.8018268e-001
 8.8079959e-001
 8.8145500e-001
 8.8210583e-001
 8.8270879e-001
 8.8323087e-001
 8.8367838e-001
 8.8406646e-001
 8.8441032e-001
 8.8472521e-001
 8.8502645e-001
 8.8532919e-001
 8.8564867e-001
 8.8599437e-001
 8.8635546e-001
 8.8671571e-001
 8.8705951e-001
 8.8737088e-001
 8.8763380e-001
 8.8783252e-001
 8.8795096e-001
 8.8797355e-001
 8.8788414e-001
 8.8766682e-001
 8.8730586e-001
 8.8679302e-001
 8.8614804e-001
 8.8539726e-001
 8.8456678e-001
 8.8368291e-001
 8.8277191e-001
 8.8185978e-001
 8.8097274e-001
 8.8013715e-001
 8.7937891e-001
 8.7872475e-001
 8.7820035e-001
 8.7782413e-001
 8.7758535e-001
 8.7746710e-001
 8.7745243e-001
 8.7752432e-001
 8.7766582e-001
 8.7785971e-001
 8.7808931e-001
 8.7833744e-001
 8.7858707e-001
 8.7882137e-001
 8.7902838e-001
 8.7921429e-001
 8.7938917e-001
 8.7956321e-001
 8.7974632e-001
 8.7994879e-001
 8.8018066e-001
 8.8045204e-001
 8.8077307e-001
 8.8115388e-001
 8.8159704e-001
 8.8207966e-001
 8.8257313e-001
 8.8304883e-001
 8.8347822e-001
 8.8383263e-001
 8.8408363e-001
 8.8420260e-001
 8.8416088e-001
 8.8393003e-001
 8.8349533e-001
 8.8289082e-001
 8.8216031e-001
 8.8134801e-001
 8.8049787e-001
 8.7965411e-001
 8.7886053e-001
 8.7816125e-001
 8.7760037e-001
 8.7722194e-001
 8.7705338e-001
 8.7706673e-001
 8.7722194e-001
 8.7747896e-001
 8.7779820e-001
 8.7813944e-001
 8.7846303e-001
 8.7872893e-001
 8.7889713e-001
 8.7893921e-001
 8.7886316e-001
 8.7868524e-001
 8.7842143e-001
 8.7808782e-001
 8.7770057e-001
 8.7727571e-001
 8.7682921e-001
 8.7637544e-001
 8.7592256e-001
 8.7547803e-001
 8.7504864e-001
 8.7464166e-001
 8.7426412e-001
 8.7392324e-001
 8.7362599e-001
 8.7337250e-001
 8.7313926e-001
 8.7289804e-001
 8.7262100e-001
 8.7227964e-001
 8.7184608e-001
 8.7129205e-001
 8.7058955e-001
 8.6972129e-001
 8.6870527e-001
 8.6756647e-001
 8.6640835e-001
 8.6510444e-001
 8.6375546e-001
 8.6238229e-001
 8.6098695e-001
 8.5955787e-001
 8.5807496e-001
 8.5651433e-001
 8.5485333e-001
 8.5308099e-001
 8.5121542e-001
 8.4931350e-001
 8.4745920e-001
 8.4574693e-001
 8.4426737e-001
 8.4309351e-001
 8.4226370e-001
 8.4177727e-001
 8.4160405e-001
 8.4169972e-001
 8.4201711e-001
 8.4251404e-001
 8.4315884e-001
 8.4393251e-001
 8.4482557e-001
 8.4583306e-001
 8.4694880e-001
 8.4815937e-001
 8.4943902e-001
 8.5074788e-001
 8.5203570e-001
 8.5324949e-001
 8.5434490e-001
 8.5530096e-001
 8.5613281e-001
 8.5689610e-001
 8.5767794e-001
 8.5857832e-001
 8.5968578e-001
 8.6105078e-001
 8.6319429e-001
 8.6449683e-001
 8.6577821e-001
 8.6700547e-001
 8.6814952e-001
 8.6918920e-001
 8.7011528e-001
 8.7093157e-001
 8.7165439e-001
 8.7231028e-001
 8.7293029e-001
 8.7354362e-001
 8.7417150e-001
 8.7482208e-001
 8.7548923e-001
 8.7615496e-001
 8.7679291e-001
 8.7737429e-001
 8.7787300e-001
 8.7827069e-001
 8.7855995e-001
 8.7874508e-001
 8.7884158e-001
 8.7887394e-001
 8.7887210e-001
 8.7886852e-001
 8.7889433e-001
 8.7897491e-001
 8.7912607e-001
 8.7935197e-001
 8.7964636e-001
 8.7999618e-001
 8.8038629e-001
 8.8080317e-001
 8.8123751e-001
 8.8168496e-001
 8.8214409e-001
 8.8261437e-001
 8.8309258e-001
 8.8357115e-001
 8.8403761e-001
 8.8447601e-001
 8.8486940e-001
 8.8520360e-001
 8.8546890e-001
 8.8566232e-001
 8.8578659e-001
 8.8584900e-001
 8.8585907e-001
 8.8582659e-001
 8.8575995e-001
 8.8566649e-001
 8.8555259e-001
 8.8542503e-001
 8.8529164e-001
 8.8516164e-001
 8.8504469e-001
 8.8494968e-001
 8.8488305e-001
 8.8484728e-001
 8.8484025e-001
 8.8485587e-001
 8.8488501e-001
 8.8491768e-001
 8.8494450e-001
 8.8495904e-001
 8.8495839e-001
 8.8494366e-001
 8.8491970e-001
 8.8489395e-001
 8.8487571e-001
 8.8487417e-001
 8.8489765e-001
 8.8495171e-001
 8.8503832e-001
 8.8515466e-001
 8.8529265e-001
 8.8543928e-001
 8.8557732e-001
 8.8568729e-001
 8.8575035e-001
 8.8575083e-001
 8.8567954e-001
 8.8553578e-001
 8.8532811e-001
 8.8507396e-001
 8.8479728e-001
 8.8452560e-001
 8.8428593e-001
 8.8410103e-001
 8.8398665e-001
 8.8394928e-001
 8.8398606e-001
 8.8408506e-001
 8.8422745e-001
 8.8438958e-001
 8.8454646e-001
 8.8467389e-001
 8.8475120e-001
 8.8476348e-001
 8.8470232e-001
 8.8456678e-001
 8.8436276e-001
 8.8410246e-001
 8.8380241e-001
 8.8348168e-001
 8.8315952e-001
 8.8285345e-001
 8.8257718e-001
 8.8233918e-001
 8.8214248e-001
 8.8198411e-001
 8.8185602e-001
 8.8174617e-001
 8.8164002e-001
 8.8152200e-001
 8.8137758e-001
 8.8119471e-001
 8.8096559e-001
 8.8068753e-001
 8.8036400e-001
 8.8000441e-001
 8.7962246e-001
 8.7923443e-001
 8.7885547e-001
 8.7849605e-001
 8.7815839e-001
 8.7783349e-001
 8.7750125e-001
 8.7713134e-001
 8.7668765e-001
 8.7613344e-001
 8.7543732e-001
 8.7457848e-001
 8.7354916e-001
 8.7235546e-001
 8.7101460e-001
 8.6954969e-001
 8.6798525e-001
 8.6634159e-001
 8.6463052e-001
 8.6285514e-001
 8.6100835e-001
 8.5907650e-001
 8.5704142e-001
 8.5488284e-001
 8.5258305e-001
 8.5012716e-001
 8.4750777e-001
 8.4472615e-001
 8.4179330e-001
 8.3873445e-001
 8.3558691e-001
 8.3240265e-001
 8.2924515e-001
 8.2618415e-001
 8.2329303e-001
 8.2063925e-001
 8.1828088e-001
 8.1626004e-001
 8.1459975e-001
 8.1330472e-001
 8.1236202e-001
 8.1174624e-001
 8.1142390e-001
 8.1135899e-001
 8.1151736e-001
 8.1186974e-001
 8.1239235e-001
 8.1306612e-001
 8.1387419e-001
 8.1479865e-001
 8.1581795e-001
 8.1690586e-001
 8.1803107e-001
 8.1916034e-001
 8.2026154e-001
 8.2130802e-001
 8.2228243e-001
 8.2317775e-001
 8.2399750e-001
 8.2475227e-001
 8.2545596e-001
 8.2612115e-001
 8.2675499e-001
 8.2735735e-001
 8.2792085e-001
 8.2843292e-001
 8.2887977e-001
 8.2925022e-001
 8.2953882e-001
 8.2974881e-001
 8.2989156e-001
 8.2998574e-001
 8.3005422e-001
 8.3012056e-001
 8.3020556e-001
 8.3032453e-001
 8.3048606e-001
 8.3069199e-001
 8.3093941e-001
 8.3122277e-001
 8.3153659e-001
 8.3187729e-001
 8.3224380e-001
 8.3263665e-001
 8.3305603e-001
 8.3349919e-001
 8.3395875e-001
 8.3442122e-001
 8.3486831e-001
 8.3527923e-001
 8.3563411e-001
 8.3591789e-001
 8.3612329e-001
 8.3625227e-001
 8.3631593e-001
 8.3633268e-001
 8.3632517e-001
 8.3631694e-001
 8.3632976e-001
 8.3638096e-001
 8.3648276e-001
 8.3664179e-001
 8.3685946e-001
 8.3713275e-001
 8.3745492e-001
 8.3781612e-001
 8.3820361e-001
 8.3860248e-001
 8.3899599e-001
 8.3936667e-001
 8.3969700e-001
 8.3997130e-001
 8.4017718e-001
 8.4030688e-001
 8.4035844e-001
 8.4033608e-001
 8.4024954e-001
 8.4011298e-001
 8.3994281e-001
 8.3975565e-001
 8.3956611e-001
 8.3938581e-001
 8.3922249e-001
 8.3908135e-001
 8.3896595e-001
 8.3888060e-001
 8.3883137e-001
 8.3882672e-001
 8.3887690e-001
 8.3899206e-001
 8.3917964e-001
 8.3944148e-001
 8.3977187e-001
 8.4015620e-001
 8.4057164e-001
 8.4098893e-001
 8.4137517e-001
 8.4169769e-001
 8.4192753e-001
 8.4204227e-001
 8.4202880e-001
 8.4188378e-001
 8.4161419e-001
 8.4123582e-001
 8.4077156e-001
 8.4024864e-001
 8.3969605e-001
 8.3914131e-001
 8.3860767e-001
 8.3811259e-001
 8.3766580e-001
 8.3726960e-001
 8.3691931e-001
 8.3660495e-001
 8.3631349e-001
 8.3603090e-001
 8.3574462e-001
 8.3544463e-001
 8.3512425e-001
 8.3477980e-001
 8.3441019e-001
 8.3401573e-001
 8.3359766e-001
 8.3315760e-001
 8.3269775e-001
 8.3222103e-001
 8.3173186e-001
 8.3123595e-001
 8.3074015e-001
 8.3025193e-001
 8.2977813e-001
 8.2932377e-001
 8.2889110e-001
 8.2847887e-001
 8.2808208e-001
 8.2769191e-001
 8.2729602e-001
 8.2687896e-001
 8.2642227e-001
 8.2590491e-001
 8.2530397e-001
 8.2459527e-001
 8.2375562e-001
 8.2276392e-001
 8.2160479e-001
 8.2027066e-001
 8.1876355e-001
 8.1709701e-001
 8.1529486e-001
 8.1339067e-001
 8.1142455e-001
 8.0943823e-001
 8.0747271e-001
 8.0556333e-001
 8.0373627e-001
 8.0200827e-001
 8.0038452e-001
 7.9886138e-001
 7.9742777e-001
 7.9606783e-001
 7.9476500e-001
 7.9350305e-001
 7.9226911e-001
 7.9105365e-001
 7.8984934e-001
 7.8865165e-001
 7.8745621e-001
 7.8625923e-001
 7.8505689e-001
 7.8384554e-001
 7.8262401e-001
 7.8139311e-001
 7.8015798e-001
 7.7892756e-001
 7.7771378e-001
 7.7653128e-001
 7.7539539e-001
 7.7432001e-001
 7.7331728e-001
 7.7239531e-001
 7.7155828e-001
 7.7080530e-001
 7.7012962e-001
 7.6951909e-001
 7.6895547e-001
 7.6841551e-001
 7.6787251e-001
 7.6729840e-001
 7.6666808e-001
 7.6596224e-001
 7.6517129e-001
 7.6429754e-001
 7.6335484e-001
 7.6236737e-001
 7.6136512e-001
 7.6037943e-001
 7.5943738e-001
 7.5855720e-001
 7.5774610e-001
 7.5699902e-001
 7.5630051e-001
 7.5562781e-001
 7.5495428e-001
 7.5425392e-001
 7.5350499e-001
 7.5269198e-001
 7.5180805e-001
 7.5085473e-001
 7.4984145e-001
 7.4878401e-001
 7.4770105e-001
 7.4661142e-001
 7.4552929e-001
 7.4446136e-001
 7.4340290e-001
 7.4233645e-001
 7.4123329e-001
 7.4005520e-001
 7.3876071e-001
 7.3731077e-001
 7.3567390e-001
 7.3383135e-001
 7.3177689e-001
 7.2951639e-001
 7.2706252e-001
 7.2442853e-001
 7.2162426e-001
 7.1865261e-001
 7.1550781e-001
 7.1218127e-001
 7.0866305e-001
 7.0495063e-001
 7.0105183e-001
 6.9698524e-001
 6.9278276e-001
 6.8848133e-001
 6.8412143e-001
 6.7973924e-001
 6.7536068e-001
 6.7100209e-001
 6.6666591e-001
 6.6234607e-001
 6.5802991e-001
 6.5370059e-001
 6.4934462e-001
 6.4495057e-001
 6.4051414e-001
 6.3603711e-001
 6.3152438e-001
 6.2698603e-001
 6.2243062e-001
 6.1786681e-001
 6.1329991e-001
 6.0872930e-001
 6.0415137e-001
 5.9955823e-001
 5.9493709e-001
 5.9027511e-001
 5.8555663e-001
 5.8076823e-001
 5.7589823e-001
 5.7093692e-001
 5.6588155e-001
 5.6073433e-001
 5.5550843e-001
 5.5022901e-001
 5.4493397e-001
 5.3968000e-001
 5.3453904e-001
 5.2960163e-001
 5.2497196e-001
 5.2076095e-001
 5.1708198e-001
 5.1403731e-001
 5.1171100e-001
 5.1015776e-001
 5.0939590e-001
 5.0940502e-001
 5.1012641e-001
 5.1146924e-001
 5.1331943e-001
 5.1555216e-001
 5.1804310e-001
 5.2067977e-001
 5.2337098e-001
 5.2604997e-001
 5.2867746e-001
 5.3123742e-001
 5.3373259e-001
 5.3617871e-001
 5.3859532e-001
 5.4100204e-001
 5.4341203e-001
 5.4583085e-001
 5.4825705e-001
 5.5068183e-001
 5.5309343e-001
 5.5547720e-001
 5.5781770e-001
 5.6009936e-001
 5.6230438e-001
 5.6441152e-001
 5.6639606e-001
 5.6822717e-001
 5.6987137e-001
 5.7129359e-001
 5.7246250e-001
 5.7335675e-001
 5.7396960e-001
 5.7431477e-001
 5.7442874e-001
 5.7437050e-001
 5.7421792e-001
 5.7406056e-001
 5.7399058e-001
 5.7409245e-001
 5.7443392e-001
 5.7505941e-001
 5.7598644e-001
 5.7720691e-001
 5.7869059e-001
 5.8039153e-001
 5.8225590e-001
 5.8422738e-001
 5.8625424e-001
 5.8829093e-001
 5.9030038e-001
 5.9225470e-001
 5.9413242e-001
 5.9591806e-001
 5.9760112e-001
 5.9917396e-001
 6.0063291e-001
 6.0197681e-001
 6.0320848e-001
 6.0433549e-001
 6.0536951e-001
 6.0632789e-001
 6.0723221e-001
 6.0810763e-001
 6.0898119e-001
 6.0987884e-001
 6.1082304e-001
 6.1182922e-001
 6.1290348e-001
 6.1404139e-001
 6.1522740e-001
 6.1643714e-001
 6.1764014e-001
 6.1880445e-001
 6.1990154e-001
 6.2090939e-001
 6.2181538e-001
 6.2261760e-001
 6.2332320e-001
 6.2394708e-001
 6.2450790e-001
 6.2502563e-001
 6.2551832e-001
 6.2600034e-001
 6.2648308e-001
 6.2697440e-001
 6.2748009e-001
 6.2800401e-001
 6.2854815e-001
 6.2911224e-001
 6.2969321e-001
 6.3028461e-001
 6.3087630e-001
 6.3145518e-001
 6.3200670e-001
 6.3251722e-001
 6.3297737e-001
 6.3338459e-001
 6.3374406e-001
 6.3406849e-001
 6.3437641e-001
 6.3468987e-001
 6.3503194e-001
 6.3542432e-001
 6.3588423e-001
 6.3642240e-001
 6.3704062e-001
 6.3773113e-001
 6.3847643e-001
 6.3925070e-001
 6.4002305e-001
 6.4076072e-001
 6.4143336e-001
 6.4201665e-001
 6.4249516e-001
 6.4286381e-001
 6.4312631e-001
 6.4329290e-001
 6.4337760e-001
 6.4339536e-001
 6.4335960e-001
 6.4328116e-001
 6.4316756e-001
 6.4302343e-001
 6.4285129e-001
 6.4265341e-001
 6.4243352e-001
 6.4219862e-001
 6.4195925e-001
 6.4172918e-001
 6.4152342e-001
 6.4135551e-001
 6.4123452e-001
 6.4116269e-001
 6.4113498e-001
 6.4113992e-001
 6.4116228e-001
 6.4118534e-001
 6.4119399e-001
 6.4117652e-001
 6.4112610e-001
 6.4104110e-001
 6.4092487e-001
 6.4078462e-001
 6.4063007e-001
 6.4047146e-001
 6.4031833e-001
 6.4017779e-001
 6.4005423e-001
 6.3994914e-001
 6.3986158e-001
 6.3978875e-001
 6.3972706e-001
 6.3967270e-001
 6.3962245e-001
 6.3957351e-001
 6.3952374e-001
 6.3947105e-001
 6.3941324e-001
 6.3934708e-001
 6.3926840e-001
 6.3917160e-001
 6.3905013e-001
 6.3889706e-001
 6.3870561e-001
 6.3847029e-001
 6.3818789e-001
 6.3785797e-001
 6.3748336e-001
 6.3707036e-001
 6.3662803e-001
 6.3616765e-001
 6.3570189e-001
 6.3524348e-001
 6.3480437e-001
 6.3439500e-001
 6.3402343e-001
 6.3369495e-001
 6.3341182e-001
 6.3317335e-001
 6.3297582e-001
 6.3281280e-001
 6.3267595e-001
 6.3255572e-001
 6.3244218e-001
 6.3232654e-001
 6.3220209e-001
 6.3206524e-001
 6.3191622e-001
 6.3175899e-001
 6.3160062e-001
 6.3144970e-001
 6.3131481e-001
 6.3120228e-001
 6.3111413e-001
 6.3104653e-001
 6.3098925e-001
 6.3092560e-001
 6.3083375e-001
 6.3068843e-001
 6.3046390e-001
 6.3013625e-001
 6.2968606e-001
 6.2910074e-001
 6.2837577e-001
 6.2751633e-001
 6.2653726e-001
 6.2546295e-001
 6.2432706e-001
 6.2317044e-001
 6.2203962e-001
 6.2098390e-001
 6.2005067e-001
 6.1928183e-001
 6.1870825e-001
 6.1834604e-001
 6.1819309e-001
 6.1822832e-001
 6.1841422e-001
 6.1870170e-001
 6.1903590e-001
 6.1936259e-001
 6.1963379e-001
 6.1981207e-001
 6.1987293e-001
 6.1980605e-001
 6.1961555e-001
 6.1931813e-001
 6.1893934e-001
 6.1850929e-001
 6.1805731e-001
 6.1760777e-001
 6.1717659e-001
 6.1677039e-001
 6.1638665e-001
 6.1601621e-001
 6.1564642e-001
 6.1526442e-001
 6.1486006e-001
 6.1442792e-001
 6.1396724e-001
 6.1348164e-001
 6.1297685e-001
 6.1245954e-001
 6.1193472e-001
 6.1140466e-001
 6.1086828e-001
 6.1032015e-001
 6.0975200e-001
 6.0915333e-001
 6.0851276e-001
 6.0782111e-001
 6.0707265e-001
 6.0626698e-001
 6.0541087e-001
 6.0451746e-001
 6.0360599e-001
 6.0269994e-001
 6.0182363e-001
 6.0100001e-001
 6.0024661e-001
 5.9957379e-001
 5.9898239e-001
 5.9846342e-001
 5.9799880e-001
 5.9756339e-001
 5.9712774e-001
 5.9666181e-001
 5.9613782e-001
 5.9553409e-001
 5.9483606e-001
 5.9403855e-001
 5.9314501e-001
 5.9216630e-001
 5.9111977e-001
 5.9002668e-001
 5.8890986e-001
 5.8779287e-001
 5.8669728e-001
 5.8564270e-001
 5.8464569e-001
 5.8371919e-001
 5.8287305e-001
 5.8211279e-001
 5.8144057e-001
 5.8085430e-001
 5.8034801e-001
 5.7991213e-001
 5.7953387e-001
 5.7919836e-001
 5.7888967e-001
 5.7859200e-001
 5.7829112e-001
 5.7797521e-001
 5.7763582e-001
 5.7726830e-001
 5.7687116e-001
 5.7644612e-001
 5.7599694e-001
 5.7552850e-001
 5.7504618e-001
 5.7455444e-001
 5.7405686e-001
 5.7355577e-001
 5.7305223e-001
 5.7254702e-001
 5.7204086e-001
 5.7153594e-001
 5.7103664e-001
 5.7054991e-001
 5.7008648e-001
 5.6965995e-001
 5.6928682e-001
 5.6898487e-001
 5.6877136e-001
 5.6866163e-001
 5.6866640e-001
 5.6879067e-001
 5.6903225e-001
 5.6938159e-001
 5.6982201e-001
 5.7033134e-001
 5.7088315e-001
 5.7144940e-001
 5.7200241e-001
 5.7251680e-001
 5.7297063e-001
 5.7334697e-001
 5.7363343e-001
 5.7382292e-001
 5.7391244e-001
 5.7390332e-001
 5.7380044e-001
 5.7361186e-001
 5.7334834e-001
 5.7302320e-001
 5.7265174e-001
 5.7225066e-001
 5.7183778e-001
 5.7143056e-001
 5.7104576e-001
 5.7069850e-001
 5.7040161e-001
 5.7016474e-001
 5.6999469e-001
 5.6989551e-001
 5.6986833e-001
 5.6991178e-001
 5.7002211e-001
 5.7019323e-001
 5.7041723e-001
 5.7068431e-001
 5.7098258e-001
 5.7129818e-001
 5.7161617e-001
 5.7192105e-001
 5.7219785e-001
 5.7243395e-001
 5.7261980e-001
 5.7275087e-001
 5.7282770e-001
 5.7285619e-001
 5.7287073e-001
 5.7281810e-001
 5.7275659e-001
 5.7270247e-001
 5.7266980e-001
 5.7266951e-001
 5.7270807e-001
 5.7278776e-001
 5.7290822e-001
 5.7306743e-001
 5.7326251e-001
 5.7349056e-001
 5.7374811e-001
 5.7403129e-001
 5.7433540e-001
 5.7465446e-001
 5.7498157e-001
 5.7530832e-001
 5.7562578e-001
 5.7592416e-001
 5.7619363e-001
 5.7642442e-001
 5.7660717e-001
 5.7673395e-001
 5.7679868e-001
 5.7679832e-001
 5.7673293e-001
 5.7660562e-001
 5.7642150e-001
 5.7618707e-001
 5.7590932e-001
 5.7559544e-001
 5.7525265e-001
 5.7488757e-001
 5.7450664e-001
 5.7411534e-001
 5.7371837e-001
 5.7331979e-001
 5.7292306e-001
 5.7253122e-001
 5.7214725e-001
 5.7177353e-001
 5.7141161e-001
 5.7106149e-001
 5.7072020e-001
 5.7038093e-001
 5.7003260e-001
 5.6966043e-001
 5.6924671e-001
 5.6877208e-001
 5.6821644e-001
 5.6755978e-001
 5.6678295e-001
 5.6586885e-001
 5.6480336e-001
 5.6357729e-001
 5.6218576e-001
 5.6062889e-001
 5.5891013e-001
 5.5703413e-001
 5.5500752e-001
 5.5283636e-001
 5.5052733e-001
 5.4808724e-001
 5.4552150e-001
 5.4283613e-001
 5.4003674e-001
 5.3712744e-001
 5.3411353e-001
 5.3099853e-001
 5.2778709e-001
 5.2448326e-001
 5.2108932e-001
 5.1760715e-001
 5.1403463e-001
 5.1036686e-001
 5.0659484e-001
 5.0270456e-001
 4.9868107e-001
 4.9450579e-001
 4.9016076e-001
 4.8562771e-001
 4.8088658e-001
 4.7591922e-001
 4.7070467e-001
 4.6522331e-001
 4.5945495e-001
 4.5337689e-001
 4.4696799e-001
 4.4020721e-001
 4.3307167e-001
 4.2554381e-001
 4.1760764e-001
 4.0926021e-001
 4.0051594e-001
 3.9140964e-001
 3.8200614e-001
 3.7238926e-001
 3.6266336e-001
 3.5294315e-001
 3.4334436e-001
 3.3398756e-001
 3.2498485e-001
 3.1644285e-001
 3.0845284e-001
 3.0108267e-001
 2.9438090e-001
 2.8837228e-001
 2.8306863e-001
 2.7847227e-001
 2.7457854e-001
 2.7138090e-001
 2.6886514e-001
 2.6700696e-001
 2.6576337e-001
 2.6506603e-001
 2.6481941e-001
 2.6490304e-001
 2.6517808e-001
 2.6549500e-001
 2.6570055e-001
 2.6564389e-001
 2.6518548e-001
 2.6420945e-001
 2.6264045e-001
 2.6045683e-001
 2.5769767e-001
 2.5445658e-001
 2.5086609e-001
 2.4708414e-001
 2.4327767e-001
 2.3961622e-001
 2.3626205e-001
 2.3335898e-001
 2.3102286e-001
 2.2932841e-001
 2.2830693e-001
 2.2794950e-001
 2.2821760e-001
 2.2905529e-001
 2.3039795e-001
 2.3217915e-001
 2.3433332e-001
 2.3680122e-001
 2.3953217e-001
 2.4248819e-001
 2.4564642e-001
 2.4899533e-001
 2.5253433e-001
 2.5626713e-001
 2.6019976e-001
 2.6433903e-001
 2.6868635e-001
 2.7323732e-001
 2.7797267e-001
 2.8285512e-001
 2.8782919e-001
 2.9281917e-001
 2.9773849e-001
 3.0249104e-001
 3.0697784e-001
 3.1110290e-001
 3.1477553e-001
 3.1792021e-001
 3.2048753e-001
 3.2246080e-001
 3.2386199e-001
 3.2474634e-001
 3.2519445e-001
 3.2530192e-001
 3.2517099e-001
 3.2490510e-001
 3.2460397e-001
 3.2435817e-001
 3.2424244e-001
 3.2431036e-001
 3.2459176e-001
 3.2509521e-001
 3.2581335e-001
 3.2672974e-001
 3.2782286e-001
 3.2906991e-001
 3.3044752e-001
 3.3193269e-001
 3.3350408e-001
 3.3514109e-001
 3.3682558e-001
 3.3854029e-001
 3.4026915e-001
 3.4199733e-001
 3.4370986e-001
 3.4539223e-001
 3.4703147e-001
 3.4861562e-001
 3.5013634e-001
 3.5158876e-001
 3.5297242e-001
 3.5429138e-001
 3.5555190e-001
 3.5676265e-001
 3.5793257e-001
 3.5907143e-001
 3.6018792e-001
 3.6129084e-001
 3.6238790e-001
 3.6348441e-001
 3.6458489e-001
 3.6569205e-001
 3.6680770e-001
 3.6793217e-001
 3.6906636e-001
 3.7021092e-001
 3.7136576e-001
 3.7253165e-001
 3.7370953e-001
 3.7489960e-001
 3.7610307e-001
 3.7732109e-001
 3.7855521e-001
 3.7980616e-001
 3.8107547e-001
 3.8236445e-001
 3.8367295e-001
 3.8500047e-001
 3.8634443e-001
 3.8769859e-001
 3.8905451e-001
 3.9040098e-001
 3.9172384e-001
 3.9300862e-001
 3.9424008e-001
 3.9540347e-001
 3.9648417e-001
 3.9747041e-001
 3.9835408e-001
 3.9913106e-001
 3.9980337e-001
 4.0037763e-001
 4.0086368e-001
 4.0127388e-001
 4.0162143e-001
 4.0191990e-001
 4.0218237e-001
 4.0242144e-001
 4.0264845e-001
 4.0287277e-001
 4.0310213e-001
 4.0334246e-001
 4.0359828e-001
 4.0387353e-001
 4.0417174e-001
 4.0449616e-001
 4.0485021e-001
 4.0523735e-001
 4.0566120e-001
 4.0612537e-001
 4.0663391e-001
 4.0719116e-001
 4.0780118e-001
 4.0846851e-001
 4.0919769e-001
 4.0999261e-001
 4.1085720e-001
 4.1179442e-001
 4.1280594e-001
 4.1389078e-001
 4.1504639e-001
 4.1626838e-001
 4.1754997e-001
 4.1888434e-001
 4.2026439e-001
 4.2168191e-001
 4.2312992e-001
 4.2460150e-001
 4.2609102e-001
 4.2759293e-001
 4.2910400e-001
 4.3062207e-001
 4.3214488e-001
 4.3367162e-001
 4.3520167e-001
 4.3673313e-001
 4.3826428e-001
 4.3979189e-001
 4.4130877e-001
 4.4280508e-001
 4.4426650e-001
 4.4567519e-001
 4.4700971e-001
 4.4824785e-001
 4.4936687e-001
 4.5034370e-001
 4.5115799e-001
 4.5179340e-001
 4.5223996e-001
 4.5249751e-001
 4.5257610e-001
 4.5249492e-001
 4.5228022e-001
 4.5196226e-001
 4.5157307e-001
 4.5114541e-001
 4.5071095e-001
 4.5029929e-001
 4.4993678e-001
 4.4964463e-001
 4.4943878e-001
 4.4933051e-001
 4.4932729e-001
 4.4943455e-001
 4.4965634e-001
 4.4999534e-001
 4.5045215e-001
 4.5102316e-001
 4.5169729e-001
 4.5245424e-001
 4.5326310e-001
 4.5408294e-001
 4.5486620e-001
 4.5556119e-001
 4.5611477e-001
 4.5647463e-001
 4.5659348e-001
 4.5643386e-001
 4.5597506e-001
 4.5521888e-001
 4.5419195e-001
 4.5294428e-001
 4.5154175e-001
 4.5006001e-001
 4.4857994e-001
 4.4718114e-001
 4.4593862e-001
 4.4491610e-001
 4.4415930e-001
 4.4368768e-001
 4.4349277e-001
 4.4354084e-001
 4.4377926e-001
 4.4414440e-001
 4.4456726e-001
 4.4497856e-001
 4.4531217e-001
 4.4550991e-001
 4.4552684e-001
 4.4533652e-001
 4.4493249e-001
 4.4432682e-001
 4.4354481e-001
 4.4261965e-001
 4.4158897e-001
 4.4049075e-001
 4.3936181e-001
 4.3823683e-001
 4.3714446e-001
 4.3610647e-001
 4.3513653e-001
 4.3424189e-001
 4.3342388e-001
 4.3268073e-001
 4.3200976e-001
 4.3140727e-001
 4.3087015e-001
 4.3039674e-001
 4.2998692e-001
 4.2964357e-001
 4.2937240e-001
 4.2918202e-001
 4.2908287e-001
 4.2908660e-001
 4.2920527e-001
 4.2945051e-001
 4.2983270e-001
 4.3035877e-001
 4.3103093e-001
 4.3184444e-001
 4.3278638e-001
 4.3383738e-001
 4.3497288e-001
 4.3616548e-001
 4.3738568e-001
 4.3860468e-001
 4.3979508e-001
 4.4093147e-001
 4.4199419e-001
 4.4297019e-001
 4.4385308e-001
 4.4464391e-001
 4.4534835e-001
 4.4597515e-001
 4.4653416e-001
 4.4703627e-001
 4.4749278e-001
 4.4791499e-001
 4.4831523e-001
 4.4870660e-001
 4.4910288e-001
 4.4951895e-001
 4.4997019e-001
 4.5047238e-001
 4.5104098e-001
 4.5169124e-001
 4.5243680e-001
 4.5328757e-001
 4.5424855e-001
 4.5531744e-001
 4.5648298e-001
 4.5772734e-001
 4.5902735e-001
 4.6035558e-001
 4.6168426e-001
 4.6298519e-001
 4.6423191e-001
 4.6540025e-001
 4.6647218e-001
 4.6743697e-001
 4.6829110e-001
 4.6903917e-001
 4.6969089e-001
 4.7025880e-001
 4.7075745e-001
 4.7120163e-001
 4.7160596e-001
 4.7198385e-001
 4.7234750e-001
 4.7270688e-001
 4.7306931e-001
 4.7344026e-001
 4.7382352e-001
 4.7422171e-001
 4.7463709e-001
 4.7507158e-001
 4.7552598e-001
 4.7600010e-001
 4.7649142e-001
 4.7699448e-001
 4.7750017e-001
 4.7799680e-001
 4.7847033e-001
 4.7890520e-001
 4.7928578e-001
 4.7959679e-001
 4.7982457e-001
 4.7995934e-001
 4.7999746e-001
 4.7994360e-001
 4.7981188e-001
 4.7962466e-001
 4.7941056e-001
 4.7920188e-001
 4.7903222e-001
 4.7893468e-001
 4.7893965e-001
 4.7907111e-001
 4.7934276e-001
 4.7975388e-001
 4.8028818e-001
 4.8091513e-001
 4.8159403e-001
 4.8227742e-001
 4.8291588e-001
 4.8346049e-001
 4.8386610e-001
 4.8409703e-001
 4.8413268e-001
 4.8397323e-001
 4.8364180e-001
 4.8318216e-001
 4.8265320e-001
 4.8212320e-001
 4.8166355e-001
 4.8134479e-001
 4.8123109e-001
 4.8137218e-001
 4.8179400e-001
 4.8248971e-001
 4.8341677e-001
 4.8450035e-001
 4.8564091e-001
 4.8672560e-001
 4.8763555e-001
 4.8825318e-001
 4.8846930e-001
 4.8819521e-001
 4.8737517e-001
 4.8599938e-001
 4.8410773e-001
 4.8178503e-001
 4.7915113e-001
 4.7634405e-001
 4.7351101e-001
 4.7079864e-001
 4.6834731e-001
 4.6627608e-001
 4.6467206e-001
 4.6357933e-001
 4.6299207e-001
 4.6286091e-001
 4.6310404e-001
 4.6362019e-001
 4.6429959e-001
 4.6503064e-001
 4.6570733e-001
 4.6623603e-001
 4.6654451e-001
 4.6658945e-001
 4.6635988e-001
 4.6587369e-001
 4.6517047e-001
 4.6430236e-001
 4.6332717e-001
 4.6230444e-001
 4.6129021e-001
 4.6033341e-001
 4.5947033e-001
 4.5872098e-001
 4.5808592e-001
 4.5754898e-001
 4.5708179e-001
 4.5664826e-001
 4.5620894e-001
 4.5572439e-001
 4.5515716e-001
 4.5447555e-001
 4.5365706e-001
 4.5269278e-001
 4.5158744e-001
 4.5035857e-001
 4.4903407e-001
 4.4764665e-001
 4.4623131e-001
 4.4482407e-001
 4.4345707e-001
 4.4215634e-001
 4.4093832e-001
 4.3980417e-001
 4.3873957e-001
 4.3771577e-001
 4.3669420e-001
 4.3562949e-001
 4.3447348e-001
 4.3317887e-001
 4.3170029e-001
 4.2999825e-001
 4.2804477e-001
 4.2582452e-001
 4.2333791e-001
 4.2059854e-001
 4.1763252e-001
 4.1447023e-001
 4.1114479e-001
 4.0769246e-001
 4.0414575e-001
 4.0053353e-001
 3.9688122e-001
 3.9320329e-001
 3.8950497e-001
 3.8578594e-001
 3.8203746e-001
 3.7824827e-001
 3.7440494e-001
 3.7049702e-001
 3.6651286e-001
 3.6244431e-001
 3.5829151e-001
 3.5405910e-001
 3.4975973e-001
 3.4541667e-001
 3.4105599e-001
 3.3670852e-001
 3.3240548e-001
 3.2818145e-001
 3.2406732e-001
 3.2009321e-001
 3.1629118e-001
 3.1281114e-001
 3.1025848e-001
 3.0710763e-001
 3.0413556e-001
 3.0131757e-001
 2.9862955e-001
 2.9604694e-001
 2.9354689e-001
 2.9110479e-001
 2.8869659e-001
 2.8629822e-001
 2.8388730e-001
 2.8146297e-001
 2.7903357e-001
 2.7660817e-001
 2.7419516e-001
 2.7180475e-001
 2.6944542e-001
 2.6712614e-001
 2.6485544e-001
 2.6264346e-001
 2.6049861e-001
 2.5842994e-001
 2.5644603e-001
 2.5455686e-001
 2.5277019e-001
 2.5108689e-001
 2.4950406e-001
 2.4801829e-001
 2.4662732e-001
 2.4532776e-001
 2.4411656e-001
 2.4299049e-001
 2.4194710e-001
 2.4098304e-001
 2.4009533e-001
 2.3928079e-001
 2.3853676e-001
 2.3786007e-001
 2.3724763e-001
 2.3669656e-001
 2.3620361e-001
 2.3576604e-001
 2.3538068e-001
 2.3504378e-001
 2.3475118e-001
 2.3449899e-001
 2.3428300e-001
 2.3409919e-001
 2.3394343e-001
 2.3381174e-001
 2.3369998e-001
 2.3360409e-001
 2.3352002e-001
 2.3344362e-001
 2.3337089e-001
 2.3329777e-001
 2.3322010e-001
 2.3313390e-001
 2.3303501e-001
 2.3291942e-001
 2.3278303e-001
 2.3262176e-001
 2.3243158e-001
 2.3220839e-001
 2.3194866e-001
 2.3165375e-001
 2.3132770e-001
 2.3097439e-001
 2.3059775e-001
 2.3020168e-001
 2.2979002e-001
 2.2936688e-001
 2.2893615e-001
 2.2850171e-001
 2.2806738e-001
 2.2763735e-001
 2.2721538e-001
 2.2680540e-001
 2.2641131e-001
 2.2603719e-001
 2.2568685e-001
 2.2536428e-001
 2.2507335e-001
 2.2481795e-001
 2.2460212e-001
 2.2442979e-001
 2.2430480e-001
 2.2423109e-001
 2.2421265e-001
 2.2425337e-001
 2.2435662e-001
 2.2452119e-001
 2.2474344e-001
 2.2501984e-001
 2.2534683e-001
 2.2572082e-001
 2.2613835e-001
 2.2659568e-001
 2.2708933e-001
 2.2761568e-001
 2.2817141e-001
 2.2875258e-001
 2.2935580e-001
 2.2997750e-001
 2.3061426e-001
 2.3126221e-001
 2.3191793e-001
 2.3257786e-001
 2.3323859e-001
 2.3389626e-001
 2.3454739e-001
 2.3518848e-001
 2.3581594e-001
 2.3642634e-001
 2.3701583e-001
 2.3758100e-001
 2.3811826e-001
 2.3862419e-001
 2.3909494e-001
 2.3952711e-001
 2.3991749e-001
 2.4026617e-001
 2.4057445e-001
 2.4084388e-001
