s07_ASD Record=13290: Goethite0.02+Quartz GDS240    BECKa AREF
 2.6121643e-001
 2.6103613e-001
 2.6087070e-001
 2.6072273e-001
 2.6059169e-001
 2.6047328e-001
 2.6036108e-001
 2.6024893e-001
 2.6013258e-001
 2.6001018e-001
 2.5988165e-001
 2.5974789e-001
 2.5961027e-001
 2.5947076e-001
 2.5933263e-001
 2.5920135e-001
 2.5908449e-001
 2.5899047e-001
 2.5892615e-001
 2.5889429e-001
 2.5889185e-001
 2.5891075e-001
 2.5894141e-001
 2.5897732e-001
 2.5901830e-001
 2.5907159e-001
 2.5914985e-001
 2.5926587e-001
 2.5942704e-001
 2.5963441e-001
 2.5988412e-001
 2.6017022e-001
 2.6048753e-001
 2.6083308e-001
 2.6120636e-001
 2.6160845e-001
 2.6204139e-001
 2.6250598e-001
 2.6300031e-001
 2.6351950e-001
 2.6405758e-001
 2.6460975e-001
 2.6517388e-001
 2.6575077e-001
 2.6634309e-001
 2.6695374e-001
 2.6758346e-001
 2.6822928e-001
 2.6888412e-001
 2.6953888e-001
 2.7018598e-001
 2.7082261e-001
 2.7145207e-001
 2.7208161e-001
 2.7271914e-001
 2.7337000e-001
 2.7403569e-001
 2.7471408e-001
 2.7540231e-001
 2.7609897e-001
 2.7680480e-001
 2.7752236e-001
 2.7825519e-001
 2.7901024e-001
 2.7979904e-001
 2.8062379e-001
 2.8147608e-001
 2.8234538e-001
 2.8322509e-001
 2.8411481e-001
 2.8502268e-001
 2.8596228e-001
 2.8694737e-001
 2.8798839e-001
 2.8909153e-001
 2.9026017e-001
 2.9149663e-001
 2.9280320e-001
 2.9418090e-001
 2.9562750e-001
 2.9713693e-001
 2.9870045e-001
 3.0031067e-001
 3.0196479e-001
 3.0366674e-001
 3.0542445e-001
 3.0724382e-001
 3.0912220e-001
 3.1104431e-001
 3.1298476e-001
 3.1491557e-001
 3.1681538e-001
 3.1867367e-001
 3.2048872e-001
 3.2226005e-001
 3.2398167e-001
 3.2564035e-001
 3.2721844e-001
 3.2870004e-001
 3.3007464e-001
 3.3133915e-001
 3.3249846e-001
 3.3356464e-001
 3.3455446e-001
 3.3548421e-001
 3.3636230e-001
 3.3718559e-001
 3.3794674e-001
 3.3864847e-001
 3.3931032e-001
 3.3995897e-001
 3.4060937e-001
 3.4125626e-001
 3.4188461e-001
 3.4248871e-001
 3.4308159e-001
 3.4368637e-001
 3.4431794e-001
 3.4496993e-001
 3.4561831e-001
 3.4623948e-001
 3.4682825e-001
 3.4740129e-001
 3.4798536e-001
 3.4860298e-001
 3.4926605e-001
 3.4997723e-001
 3.5073102e-001
 3.5151470e-001
 3.5231417e-001
 3.5312462e-001
 3.5395628e-001
 3.5482571e-001
 3.5573983e-001
 3.5668889e-001
 3.5765603e-001
 3.5863400e-001
 3.5963541e-001
 3.6068851e-001
 3.6182097e-001
 3.6304089e-001
 3.6432937e-001
 3.6565593e-001
 3.6700657e-001
 3.6839929e-001
 3.6986780e-001
 3.7142730e-001
 3.7305889e-001
 3.7472907e-001
 3.7642434e-001
 3.7816131e-001
 3.7996754e-001
 3.8185430e-001
 3.8380522e-001
 3.8578284e-001
 3.8775200e-001
 3.8970873e-001
 3.9169350e-001
 3.9376563e-001
 3.9595488e-001
 3.9823350e-001
 4.0053815e-001
 4.0282053e-001
 4.0508047e-001
 4.0735900e-001
 4.0970543e-001
 4.1215056e-001
 4.1469818e-001
 4.1732690e-001
 4.2000085e-001
 4.2268881e-001
 4.2538759e-001
 4.2812601e-001
 4.3093854e-001
 4.3382636e-001
 4.3674940e-001
 4.3966496e-001
 4.4257265e-001
 4.4551826e-001
 4.4855499e-001
 4.5171049e-001
 4.5498252e-001
 4.5834705e-001
 4.6176589e-001
 4.6519607e-001
 4.6860954e-001
 4.7200495e-001
 4.7539878e-001
 4.7880262e-001
 4.8222014e-001
 4.8566857e-001
 4.8918211e-001
 4.9277267e-001
 4.9639097e-001
 4.9995530e-001
 5.0341916e-001
 5.0680053e-001
 5.1015157e-001
 5.1352853e-001
 5.1698261e-001
 5.2054197e-001
 5.2418661e-001
 5.2785164e-001
 5.3147340e-001
 5.3503275e-001
 5.3854835e-001
 5.4203337e-001
 5.4547191e-001
 5.4885286e-001
 5.5221075e-001
 5.5560684e-001
 5.5905867e-001
 5.6250459e-001
 5.6584191e-001
 5.6899643e-001
 5.7196099e-001
 5.7477987e-001
 5.7751453e-001
 5.8022612e-001
 5.8297044e-001
 5.8578050e-001
 5.8863652e-001
 5.9146190e-001
 5.9416139e-001
 5.9667683e-001
 5.9900784e-001
 6.0118425e-001
 6.0323310e-001
 6.0519010e-001
 6.0712820e-001
 6.0913211e-001
 6.1121964e-001
 6.1329347e-001
 6.1519867e-001
 6.1686027e-001
 6.1836368e-001
 6.1987358e-001
 6.2147033e-001
 6.2308586e-001
 6.2458640e-001
 6.2589449e-001
 6.2703222e-001
 6.2806869e-001
 6.2905103e-001
 6.2999362e-001
 6.3090765e-001
 6.3180238e-001
 6.3265991e-001
 6.3344014e-001
 6.3412863e-001
 6.3476348e-001
 6.3539100e-001
 6.3600242e-001
 6.3654882e-001
 6.3702738e-001
 6.3750410e-001
 6.3801575e-001
 6.3850623e-001
 6.3890392e-001
 6.3921517e-001
 6.3948703e-001
 6.3972849e-001
 6.3994056e-001
 6.4017892e-001
 6.4050215e-001
 6.4087796e-001
 6.4121282e-001
 6.4146078e-001
 6.4163685e-001
 6.4175397e-001
 6.4182395e-001
 6.4189070e-001
 6.4200813e-001
 6.4220482e-001
 6.4246976e-001
 6.4275157e-001
 6.4299273e-001
 6.4316452e-001
 6.4326906e-001
 6.4336360e-001
 6.4355701e-001
 6.4387619e-001
 6.4415789e-001
 6.4421499e-001
 6.4408386e-001
 6.4399588e-001
 6.4414376e-001
 6.4450592e-001
 6.4489329e-001
 6.4515299e-001
 6.4528126e-001
 6.4535254e-001
 6.4542747e-001
 6.4554858e-001
 6.4574403e-001
 6.4599103e-001
 6.4622581e-001
 6.4642692e-001
 6.4666116e-001
 6.4701688e-001
 6.4749879e-001
 6.4799875e-001
 6.4839703e-001
 6.4870137e-001
 6.4903331e-001
 6.4946294e-001
 6.4992917e-001
 6.5034521e-001
 6.5070128e-001
 6.5104210e-001
 6.5141356e-001
 6.5185034e-001
 6.5234596e-001
 6.5281105e-001
 6.5313971e-001
 6.5336221e-001
 6.5364838e-001
 6.5412521e-001
 6.5476429e-001
 6.5543485e-001
 6.5603191e-001
 6.5652478e-001
 6.5692538e-001
 6.5726328e-001
 6.5758538e-001
 6.5795809e-001
 6.5845138e-001
 6.5910435e-001
 6.5989989e-001
 6.6077501e-001
 6.6165459e-001
 6.6247928e-001
 6.6321784e-001
 6.6387445e-001
 6.6449070e-001
 6.6512537e-001
 6.6581476e-001
 6.6654783e-001
 6.6728300e-001
 6.6799515e-001
 6.6870672e-001
 6.6946667e-001
 6.7029387e-001
 6.7114013e-001
 6.7192090e-001
 6.7259610e-001
 6.7322093e-001
 6.7389864e-001
 6.7466879e-001
 6.7544901e-001
 6.7612189e-001
 6.7671931e-001
 6.7749763e-001
 6.7866004e-001
 6.7993039e-001
 6.8087506e-001
 6.8138438e-001
 6.8172687e-001
 6.8228430e-001
 6.8314999e-001
 6.8404722e-001
 6.8477720e-001
 6.8552917e-001
 6.8649989e-001
 6.8751794e-001
 6.8834680e-001
 6.8906796e-001
 6.8989873e-001
 6.9087225e-001
 6.9188631e-001
 6.9288230e-001
 6.9383383e-001
 6.9468731e-001
 6.9543159e-001
 6.9615304e-001
 6.9693106e-001
 6.9774675e-001
 6.9856697e-001
 6.9941890e-001
 7.0029545e-001
 7.0110184e-001
 7.0181942e-001
 7.0259410e-001
 7.0351040e-001
 7.0441777e-001
 7.0513743e-001
 7.0570213e-001
 7.0626003e-001
 7.0686632e-001
 7.0745766e-001
 7.0796400e-001
 7.0841336e-001
 7.0891947e-001
 7.0953918e-001
 7.1018875e-001
 7.1075332e-001
 7.1121442e-001
 7.1159130e-001
 7.1186638e-001
 7.1201223e-001
 7.1215832e-001
 7.1259123e-001
 7.1334732e-001
 7.1407962e-001
 7.1445966e-001
 7.1447968e-001
 7.1440601e-001
 7.1452522e-001
 7.1489495e-001
 7.1533400e-001
 7.1563965e-001
 7.1577376e-001
 7.1586150e-001
 7.1603721e-001
 7.1630436e-001
 7.1653622e-001
 7.1660966e-001
 7.1653736e-001
 7.1646410e-001
 7.1653366e-001
 7.1676391e-001
 7.1704262e-001
 7.1722680e-001
 7.1722722e-001
 7.1701920e-001
 7.1661764e-001
 7.1607655e-001
 7.1549392e-001
 7.1499366e-001
 7.1470332e-001
 7.1447855e-001
 7.1432495e-001
 7.1419698e-001
 7.1409535e-001
 7.1403891e-001
 7.1404696e-001
 7.1412784e-001
 7.1422166e-001
 7.1424055e-001
 7.1409655e-001
 7.1372229e-001
 7.1318561e-001
 7.1260840e-001
 7.1211326e-001
 7.1180224e-001
 7.1164310e-001
 7.1154881e-001
 7.1143240e-001
 7.1121705e-001
 7.1089214e-001
 7.1039671e-001
 7.0989126e-001
 7.0932907e-001
 7.0872688e-001
 7.0810175e-001
 7.0747018e-001
 7.0684928e-001
 7.0625556e-001
 7.0570177e-001
 7.0519686e-001
 7.0474935e-001
 7.0436794e-001
 7.0406038e-001
 7.0380938e-001
 7.0357376e-001
 7.0331115e-001
 7.0297915e-001
 7.0253736e-001
 7.0198572e-001
 7.0136434e-001
 7.0071447e-001
 7.0007801e-001
 6.9949639e-001
 6.9899976e-001
 6.9857442e-001
 6.9819576e-001
 6.9783932e-001
 6.9748068e-001
 6.9709527e-001
 6.9666541e-001
 6.9620067e-001
 6.9571656e-001
 6.9522905e-001
 6.9475359e-001
 6.9430619e-001
 6.9390249e-001
 6.9355375e-001
 6.9325501e-001
 6.9299692e-001
 6.9277036e-001
 6.9256610e-001
 6.9237512e-001
 6.9218820e-001
 6.9199610e-001
 6.9179189e-001
 6.9157696e-001
 6.9135451e-001
 6.9112772e-001
 6.9089997e-001
 6.9067448e-001
 6.9045460e-001
 6.9024336e-001
 6.9004321e-001
 6.8985188e-001
 6.8966615e-001
 6.8948293e-001
 6.8929935e-001
 6.8911183e-001
 6.8891770e-001
 6.8871361e-001
 6.8849719e-001
 6.8826908e-001
 6.8803048e-001
 6.8778270e-001
 6.8752688e-001
 6.8726426e-001
 6.8699598e-001
 6.8672347e-001
 6.8644780e-001
 6.8617022e-001
 6.8589205e-001
 6.8561441e-001
 6.8533862e-001
 6.8506652e-001
 6.8480009e-001
 6.8454099e-001
 6.8429118e-001
 6.8405265e-001
 6.8382710e-001
 6.8361658e-001
 6.8342274e-001
 6.8324763e-001
 6.8309313e-001
 6.8296099e-001
 6.8285233e-001
 6.8276548e-001
 6.8269801e-001
 6.8264753e-001
 6.8261170e-001
 6.8258810e-001
 6.8257439e-001
 6.8256813e-001
 6.8256706e-001
 6.8256879e-001
 6.8257076e-001
 6.8257093e-001
 6.8256789e-001
 6.8256032e-001
 6.8254685e-001
 6.8252629e-001
 6.8249726e-001
 6.8245840e-001
 6.8240857e-001
 6.8234634e-001
 6.8227065e-001
 6.8218118e-001
 6.8208253e-001
 6.8197984e-001
 6.8187857e-001
 6.8178403e-001
 6.8170166e-001
 6.8163657e-001
 6.8159437e-001
 6.8158019e-001
 6.8159950e-001
 6.8165547e-001
 6.8174422e-001
 6.8186033e-001
 6.8199831e-001
 6.8215275e-001
 6.8231833e-001
 6.8248934e-001
 6.8266064e-001
 6.8282658e-001
 6.8298197e-001
 6.8312299e-001
 6.8325305e-001
 6.8337649e-001
 6.8349779e-001
 6.8362141e-001
 6.8375188e-001
 6.8389356e-001
 6.8405116e-001
 6.8422902e-001
 6.8442959e-001
 6.8464887e-001
 6.8488139e-001
 6.8512160e-001
 6.8536413e-001
 6.8560350e-001
 6.8583411e-001
 6.8605077e-001
 6.8624872e-001
 6.8642670e-001
 6.8658382e-001
 6.8671948e-001
 6.8683279e-001
 6.8692321e-001
 6.8698972e-001
 6.8703169e-001
 6.8705106e-001
 6.8705803e-001
 6.8706489e-001
 6.8708348e-001
 6.8712604e-001
 6.8720478e-001
 6.8733150e-001
 6.8751860e-001
 6.8777204e-001
 6.8807840e-001
 6.8842041e-001
 6.8875587e-001
 6.8911093e-001
 6.8944806e-001
 6.8975472e-001
 6.9002926e-001
 6.9027835e-001
 6.9051468e-001
 6.9075346e-001
 6.9101059e-001
 6.9130027e-001
 6.9163179e-001
 6.9200706e-001
 6.9242299e-001
 6.9287419e-001
 6.9335419e-001
 6.9385463e-001
 6.9436395e-001
 6.9486684e-001
 6.9534487e-001
 6.9577879e-001
 6.9615066e-001
 6.9644827e-001
 6.9666892e-001
 6.9682133e-001
 6.9692314e-001
 6.9699621e-001
 6.9706327e-001
 6.9714451e-001
 6.9725597e-001
 6.9740844e-001
 6.9760859e-001
 6.9786018e-001
 6.9816452e-001
 6.9851989e-001
 6.9891989e-001
 6.9935346e-001
 6.9980568e-001
 7.0025975e-001
 7.0069909e-001
 7.0110965e-001
 7.0125490e-001
 7.0157444e-001
 7.0187467e-001
 7.0215732e-001
 7.0242667e-001
 7.0268887e-001
 7.0295149e-001
 7.0322275e-001
 7.0351076e-001
 7.0382220e-001
 7.0416135e-001
 7.0452935e-001
 7.0492399e-001
 7.0534003e-001
 7.0577049e-001
 7.0620865e-001
 7.0664871e-001
 7.0708728e-001
 7.0752311e-001
 7.0795685e-001
 7.0839065e-001
 7.0882660e-001
 7.0926666e-001
 7.0971173e-001
 7.1016192e-001
 7.1061671e-001
 7.1107489e-001
 7.1153557e-001
 7.1199811e-001
 7.1246237e-001
 7.1292859e-001
 7.1339631e-001
 7.1386421e-001
 7.1432900e-001
 7.1478599e-001
 7.1522999e-001
 7.1565574e-001
 7.1605992e-001
 7.1644211e-001
 7.1680498e-001
 7.1715486e-001
 7.1749979e-001
 7.1784866e-001
 7.1820956e-001
 7.1858859e-001
 7.1898931e-001
 7.1941304e-001
 7.1985954e-001
 7.2032791e-001
 7.2081721e-001
 7.2132707e-001
 7.2185671e-001
 7.2240484e-001
 7.2296870e-001
 7.2354352e-001
 7.2412270e-001
 7.2469842e-001
 7.2526264e-001
 7.2580928e-001
 7.2633451e-001
 7.2683871e-001
 7.2732592e-001
 7.2780359e-001
 7.2828162e-001
 7.2877038e-001
 7.2927910e-001
 7.2981465e-001
 7.3038000e-001
 7.3097432e-001
 7.3159283e-001
 7.3222810e-001
 7.3287129e-001
 7.3351336e-001
 7.3414707e-001
 7.3476762e-001
 7.3537296e-001
 7.3596460e-001
 7.3654604e-001
 7.3712254e-001
 7.3769981e-001
 7.3828298e-001
 7.3887616e-001
 7.3948175e-001
 7.4010056e-001
 7.4073207e-001
 7.4137467e-001
 7.4202651e-001
 7.4268568e-001
 7.4335045e-001
 7.4401993e-001
 7.4469316e-001
 7.4536961e-001
 7.4604851e-001
 7.4672842e-001
 7.4740767e-001
 7.4808353e-001
 7.4875325e-001
 7.4941355e-001
 7.5006163e-001
 7.5069535e-001
 7.5131327e-001
 7.5191522e-001
 7.5250196e-001
 7.5307512e-001
 7.5363708e-001
 7.5419056e-001
 7.5473863e-001
 7.5528425e-001
 7.5583029e-001
 7.5637990e-001
 7.5693578e-001
 7.5750107e-001
 7.5807881e-001
 7.5867206e-001
 7.5928396e-001
 7.5991702e-001
 7.6057315e-001
 7.6125348e-001
 7.6195765e-001
 7.6268429e-001
 7.6343048e-001
 7.6419222e-001
 7.6496512e-001
 7.6574385e-001
 7.6652354e-001
 7.6729941e-001
 7.6806706e-001
 7.6882321e-001
 7.6956469e-001
 7.7028972e-001
 7.7099669e-001
 7.7168494e-001
 7.7235478e-001
 7.7300721e-001
 7.7364457e-001
 7.7427006e-001
 7.7488804e-001
 7.7550381e-001
 7.7612293e-001
 7.7675062e-001
 7.7739143e-001
 7.7804786e-001
 7.7872050e-001
 7.7940744e-001
 7.8010446e-001
 7.8080595e-001
 7.8150558e-001
 7.8219771e-001
 7.8287834e-001
 7.8354555e-001
 7.8420049e-001
 7.8484643e-001
 7.8548837e-001
 7.8613192e-001
 7.8678209e-001
 7.8744256e-001
 7.8811449e-001
 7.8879678e-001
 7.8948605e-001
 7.9017723e-001
 7.9086500e-001
 7.9154396e-001
 7.9221040e-001
 7.9286206e-001
 7.9349828e-001
 7.9412025e-001
 7.9472959e-001
 7.9532790e-001
 7.9591644e-001
 7.9649544e-001
 7.9706496e-001
 7.9762483e-001
 7.9817581e-001
 7.9872048e-001
 7.9926288e-001
 7.9980916e-001
 8.0036628e-001
 8.0094123e-001
 8.0153978e-001
 8.0216545e-001
 8.0281895e-001
 8.0349773e-001
 8.0419642e-001
 8.0490792e-001
 8.0562341e-001
 8.0633426e-001
 8.0703205e-001
 8.0770946e-001
 8.0836111e-001
 8.0898333e-001
 8.0957454e-001
 8.1013560e-001
 8.1066906e-001
 8.1117928e-001
 8.1167108e-001
 8.1214923e-001
 8.1261772e-001
 8.1307834e-001
 8.1353146e-001
 8.1397516e-001
 8.1440699e-001
 8.1482476e-001
 8.1522781e-001
 8.1561834e-001
 8.1600118e-001
 8.1638384e-001
 8.1677514e-001
 8.1718355e-001
 8.1761587e-001
 8.1807530e-001
 8.1856120e-001
 8.1906945e-001
 8.1959271e-001
 8.2012224e-001
 8.2064945e-001
 8.2116675e-001
 8.2166910e-001
 8.2215357e-001
 8.2261968e-001
 8.2306886e-001
 8.2350343e-001
 8.2392609e-001
 8.2433885e-001
 8.2474285e-001
 8.2513809e-001
 8.2552332e-001
 8.2589644e-001
 8.2625467e-001
 8.2659537e-001
 8.2691669e-001
 8.2721806e-001
 8.2750046e-001
 8.2776660e-001
 8.2802045e-001
 8.2826662e-001
 8.2850933e-001
 8.2875133e-001
 8.2899314e-001
 8.2923305e-001
 8.2946736e-001
 8.2969135e-001
 8.2990128e-001
 8.3009553e-001
 8.3027607e-001
 8.3044887e-001
 8.3062315e-001
 8.3081019e-001
 8.3102107e-001
 8.3126444e-001
 8.3154482e-001
 8.3186126e-001
 8.3220762e-001
 8.3257359e-001
 8.3294600e-001
 8.3331156e-001
 8.3365864e-001
 8.3397901e-001
 8.3426881e-001
 8.3452868e-001
 8.3476311e-001
 8.3497924e-001
 8.3518517e-001
 8.3538842e-001
 8.3559501e-001
 8.3580828e-001
 8.3602911e-001
 8.3625650e-001
 8.3648819e-001
 8.3672154e-001
 8.3695477e-001
 8.3718693e-001
 8.3741826e-001
 8.3764952e-001
 8.3788145e-001
 8.3811396e-001
 8.3834547e-001
 8.3857262e-001
 8.3879060e-001
 8.3899319e-001
 8.3917421e-001
 8.3932817e-001
 8.3945161e-001
 8.3954388e-001
 8.3960778e-001
 8.3964938e-001
 8.3967781e-001
 8.3970416e-001
 8.3974016e-001
 8.3979660e-001
 8.3988219e-001
 8.4000200e-001
 8.4015697e-001
 8.4034383e-001
 8.4055573e-001
 8.4078300e-001
 8.4101498e-001
 8.4124154e-001
 8.4145439e-001
 8.4164840e-001
 8.4182161e-001
 8.4197557e-001
 8.4211391e-001
 8.4224141e-001
 8.4236264e-001
 8.4248078e-001
 8.4259677e-001
 8.4270948e-001
 8.4281564e-001
 8.4291101e-001
 8.4299117e-001
 8.4305274e-001
 8.4309387e-001
 8.4311497e-001
 8.4311903e-001
 8.4311092e-001
 8.4309733e-001
 8.4308559e-001
 8.4308314e-001
 8.4309608e-001
 8.4312868e-001
 8.4318250e-001
 8.4325618e-001
 8.4334534e-001
 8.4344333e-001
 8.4354192e-001
 8.4363282e-001
 8.4370881e-001
 8.4376496e-001
 8.4379929e-001
 8.4381312e-001
 8.4381038e-001
 8.4379667e-001
 8.4377789e-001
 8.4375906e-001
 8.4374332e-001
 8.4373158e-001
 8.4372276e-001
 8.4371448e-001
 8.4370434e-001
 8.4369111e-001
 8.4367537e-001
 8.4366030e-001
 8.4365118e-001
 8.4365499e-001
 8.4367877e-001
 8.4372860e-001
 8.4380811e-001
 8.4391791e-001
 8.4405482e-001
 8.4421277e-001
 8.4438372e-001
 8.4455889e-001
 8.4473056e-001
 8.4489292e-001
 8.4504288e-001
 8.4517992e-001
 8.4530514e-001
 8.4542054e-001
 8.4552771e-001
 8.4562719e-001
 8.4571832e-001
 8.4579968e-001
 8.4586996e-001
 8.4592885e-001
 8.4597766e-001
 8.4601951e-001
 8.4605891e-001
 8.4610075e-001
 8.4614915e-001
 8.4620655e-001
 8.4627301e-001
 8.4634578e-001
 8.4642035e-001
 8.4649074e-001
 8.4655112e-001
 8.4659660e-001
 8.4662455e-001
 8.4663486e-001
 8.4663033e-001
 8.4661633e-001
 8.4659988e-001
 8.4658909e-001
 8.4659165e-001
 8.4661341e-001
 8.4665757e-001
 8.4672338e-001
 8.4680605e-001
 8.4689683e-001
 8.4698427e-001
 8.4705597e-001
 8.4710073e-001
 8.4711123e-001
 8.4708524e-001
 8.4702724e-001
 8.4694755e-001
 8.4686095e-001
 8.4678382e-001
 8.4673113e-001
 8.4671354e-001
 8.4673554e-001
 8.4679437e-001
 8.4688121e-001
 8.4698308e-001
 8.4708506e-001
 8.4717321e-001
 8.4723669e-001
 8.4726876e-001
 8.4726757e-001
 8.4723568e-001
 8.4717917e-001
 8.4710664e-001
 8.4702849e-001
 8.4695560e-001
 8.4689850e-001
 8.4686667e-001
 8.4686732e-001
 8.4690475e-001
 8.4697950e-001
 8.4708792e-001
 8.4722257e-001
 8.4737307e-001
 8.4752750e-001
 8.4767383e-001
 8.4780204e-001
 8.4790516e-001
 8.4798002e-001
 8.4802765e-001
 8.4805208e-001
 8.4805995e-001
 8.4805870e-001
 8.4805560e-001
 8.4805650e-001
 8.4806550e-001
 8.4808403e-001
 8.4811139e-001
 8.4814465e-001
 8.4817940e-001
 8.4821010e-001
 8.4823096e-001
 8.4823716e-001
 8.4822524e-001
 8.4819418e-001
 8.4814572e-001
 8.4808469e-001
 8.4801811e-001
 8.4795481e-001
 8.4790373e-001
 8.4787279e-001
 8.4786767e-001
 8.4789079e-001
 8.4794164e-001
 8.4801656e-001
 8.4811032e-001
 8.4821695e-001
 8.4833121e-001
 8.4844929e-001
 8.4856963e-001
 8.4869260e-001
 8.4881979e-001
 8.4895313e-001
 8.4909344e-001
 8.4923977e-001
 8.4938836e-001
 8.4953296e-001
 8.4966546e-001
 8.4977704e-001
 8.4986007e-001
 8.4990919e-001
 8.4992284e-001
 8.4990346e-001
 8.4985721e-001
 8.4979260e-001
 8.4971946e-001
 8.4964699e-001
 8.4958291e-001
 8.4953284e-001
 8.4950036e-001
 8.4948742e-001
 8.4949517e-001
 8.4952390e-001
 8.4957337e-001
 8.4964210e-001
 8.4972715e-001
 8.4982330e-001
 8.4992373e-001
 8.5002017e-001
 8.5010469e-001
 8.5017115e-001
 8.5021669e-001
 8.5024291e-001
 8.5025585e-001
 8.5026497e-001
 8.5028172e-001
 8.5031742e-001
 8.5038102e-001
 8.5047770e-001
 8.5060769e-001
 8.5076630e-001
 8.5094482e-001
 8.5113156e-001
 8.5131359e-001
 8.5147846e-001
 8.5161573e-001
 8.5171825e-001
 8.5178286e-001
 8.5181081e-001
 8.5180753e-001
 8.5178179e-001
 8.5174489e-001
 8.5170901e-001
 8.5168558e-001
 8.5168403e-001
 8.5171038e-001
 8.5176712e-001
 8.5185313e-001
 8.5196453e-001
 8.5209584e-001
 8.5224116e-001
 8.5239565e-001
 8.5255581e-001
 8.5271972e-001
 8.5288614e-001
 8.5305369e-001
 8.5322005e-001
 8.5338140e-001
 8.5353225e-001
 8.5366559e-001
 8.5377371e-001
 8.5384941e-001
 8.5388803e-001
 8.5388845e-001
 8.5385412e-001
 8.5379273e-001
 8.5371506e-001
 8.5363328e-001
 8.5355866e-001
 8.5349977e-001
 8.5346174e-001
 8.5344619e-001
 8.5345155e-001
 8.5347396e-001
 8.5350800e-001
 8.5354716e-001
 8.5358506e-001
 8.5361570e-001
 8.5363436e-001
 8.5363787e-001
 8.5362470e-001
 8.5359532e-001
 8.5355175e-001
 8.5349727e-001
 8.5343629e-001
 8.5337347e-001
 8.5331351e-001
 8.5326058e-001
 8.5321778e-001
 8.5318738e-001
 8.5317016e-001
 8.5316592e-001
 8.5317332e-001
 8.5319006e-001
 8.5321283e-001
 8.5323769e-001
 8.5326040e-001
 8.5327697e-001
 8.5328388e-001
 8.5327834e-001
 8.5325897e-001
 8.5322565e-001
 8.5317951e-001
 8.5312337e-001
 8.5306090e-001
 8.5299659e-001
 8.5293502e-001
 8.5288030e-001
 8.5283566e-001
 8.5280275e-001
 8.5278189e-001
 8.5277158e-001
 8.5276902e-001
 8.5277027e-001
 8.5277098e-001
 8.5276699e-001
 8.5275489e-001
 8.5273272e-001
 8.5270017e-001
 8.5265863e-001
 8.5261053e-001
 8.5255921e-001
 8.5250777e-001
 8.5245842e-001
 8.5241216e-001
 8.5236835e-001
 8.5232472e-001
 8.5227776e-001
 8.5222352e-001
 8.5215831e-001
 8.5207951e-001
 8.5198611e-001
 8.5187930e-001
 8.5176229e-001
 8.5163981e-001
 8.5151768e-001
 8.5140187e-001
 8.5129756e-001
 8.5120851e-001
 8.5113645e-001
 8.5108107e-001
 8.5103989e-001
 8.5100895e-001
 8.5098326e-001
 8.5095733e-001
 8.5092610e-001
 8.5088503e-001
 8.5083073e-001
 8.5076106e-001
 8.5067511e-001
 8.5057306e-001
 8.5045624e-001
 8.5032666e-001
 8.5018694e-001
 8.5004014e-001
 8.4988946e-001
 8.4973806e-001
 8.4958863e-001
 8.4944367e-001
 8.4930491e-001
 8.4917355e-001
 8.4905010e-001
 8.4893465e-001
 8.4882671e-001
 8.4872562e-001
 8.4863085e-001
 8.4854180e-001
 8.4845817e-001
 8.4838009e-001
 8.4830803e-001
 8.4824264e-001
 8.4818518e-001
 8.4813684e-001
 8.4809911e-001
 8.4807348e-001
 8.4806120e-001
 8.4806329e-001
 8.4808046e-001
 8.4811276e-001
 8.4815955e-001
 8.4821939e-001
 8.4829003e-001
 8.4836841e-001
 8.4845054e-001
 8.4853172e-001
 8.4860688e-001
 8.4867036e-001
 8.4871656e-001
 8.4874016e-001
 8.4873641e-001
 8.4870154e-001
 8.4863305e-001
 8.4853011e-001
 8.4839344e-001
 8.4822565e-001
 8.4803098e-001
 8.4781551e-001
 8.4758663e-001
 8.4735280e-001
 8.4712303e-001
 8.4690607e-001
 8.4670961e-001
 8.4653980e-001
 8.4640092e-001
 8.4629524e-001
 8.4622306e-001
 8.4618342e-001
 8.4617454e-001
 8.4619439e-001
 8.4624112e-001
 8.4631330e-001
 8.4641016e-001
 8.4653109e-001
 8.4667563e-001
 8.4684271e-001
 8.4703016e-001
 8.4723485e-001
 8.4745193e-001
 8.4767538e-001
 8.4789777e-001
 8.4811091e-001
 8.4830660e-001
 8.4847695e-001
 8.4861565e-001
 8.4871840e-001
 8.4878337e-001
 8.4881157e-001
 8.4880662e-001
 8.4877437e-001
 8.4872234e-001
 8.4865922e-001
 8.4859389e-001
 8.4853494e-001
 8.4849024e-001
 8.4846658e-001
 8.4846890e-001
 8.4850073e-001
 8.4856308e-001
 8.4865463e-001
 8.4877127e-001
 8.4890580e-001
 8.4904802e-001
 8.4918505e-001
 8.4930193e-001
 8.4938318e-001
 8.4941393e-001
 8.4938210e-001
 8.4927976e-001
 8.4910512e-001
 8.4886289e-001
 8.4856462e-001
 8.4822822e-001
 8.4787542e-001
 8.4753031e-001
 8.4721607e-001
 8.4695238e-001
 8.4675318e-001
 8.4662491e-001
 8.4656608e-001
 8.4656787e-001
 8.4661561e-001
 8.4669095e-001
 8.4677482e-001
 8.4684986e-001
 8.4690297e-001
 8.4692669e-001
 8.4691989e-001
 8.4688759e-001
 8.4683955e-001
 8.4678847e-001
 8.4674776e-001
 8.4672916e-001
 8.4674090e-001
 8.4678650e-001
 8.4686404e-001
 8.4696645e-001
 8.4708285e-001
 8.4720010e-001
 8.4730452e-001
 8.4738433e-001
 8.4743100e-001
 8.4744054e-001
 8.4741390e-001
 8.4735674e-001
 8.4727818e-001
 8.4718955e-001
 8.4710240e-001
 8.4702682e-001
 8.4696972e-001
 8.4693396e-001
 8.4691787e-001
 8.4691566e-001
 8.4691834e-001
 8.4691542e-001
 8.4689629e-001
 8.4685254e-001
 8.4677905e-001
 8.4667522e-001
 8.4654546e-001
 8.4639853e-001
 8.4624684e-001
 8.4610498e-001
 8.4598786e-001
 8.4590906e-001
 8.4587961e-001
 8.4590673e-001
 8.4599340e-001
 8.4613836e-001
 8.4633648e-001
 8.4657961e-001
 8.4685767e-001
 8.4715956e-001
 8.4747440e-001
 8.4779227e-001
 8.4810442e-001
 8.4840399e-001
 8.4868550e-001
 8.4894466e-001
 8.4917831e-001
 8.4938389e-001
 8.4955949e-001
 8.4970349e-001
 8.4981418e-001
 8.4989023e-001
 8.4993070e-001
 8.4993476e-001
 8.4990227e-001
 8.4983379e-001
 8.4973085e-001
 8.4959638e-001
 8.4943497e-001
 8.4925294e-001
 8.4905803e-001
 8.4884727e-001
 8.4864306e-001
 8.4845626e-001
 8.4829676e-001
 8.4817249e-001
 8.4808773e-001
 8.4804267e-001
 8.4803349e-001
 8.4805369e-001
 8.4809524e-001
 8.4814966e-001
 8.4820855e-001
 8.4826416e-001
 8.4830964e-001
 8.4833997e-001
 8.4835225e-001
 8.4834564e-001
 8.4832132e-001
 8.4828204e-001
 8.4823143e-001
 8.4817344e-001
 8.4811240e-001
 8.4805244e-001
 8.4799773e-001
 8.4795195e-001
 8.4791851e-001
 8.4790015e-001
 8.4789944e-001
 8.4791827e-001
 8.4795862e-001
 8.4802216e-001
 8.4811050e-001
 8.4822482e-001
 8.4836590e-001
 8.4853327e-001
 8.4872532e-001
 8.4893888e-001
 8.4916949e-001
 8.4941161e-001
 8.4965920e-001
 8.4990585e-001
 8.5014522e-001
 8.5037112e-001
 8.5057759e-001
 8.5075957e-001
 8.5091281e-001
 8.5103410e-001
 8.5112107e-001
 8.5117215e-001
 8.5118610e-001
 8.5116202e-001
 8.5109913e-001
 8.5099727e-001
 8.5085708e-001
 8.5068053e-001
 8.5047174e-001
 8.5023683e-001
 8.4998393e-001
 8.4972268e-001
 8.4946328e-001
 8.4921664e-001
 8.4899324e-001
 8.4880286e-001
 8.4865373e-001
 8.4855115e-001
 8.4849685e-001
 8.4848845e-001
 8.4851968e-001
 8.4858167e-001
 8.4866381e-001
 8.4875476e-001
 8.4884316e-001
 8.4891796e-001
 8.4896904e-001
 8.4898812e-001
 8.4896922e-001
 8.4890878e-001
 8.4880573e-001
 8.4866059e-001
 8.4847492e-001
 8.4825093e-001
 8.4799117e-001
 8.4769839e-001
 8.4737641e-001
 8.4702992e-001
 8.4666544e-001
 8.4629130e-001
 8.4591722e-001
 8.4555429e-001
 8.4521425e-001
 8.4490901e-001
 8.4465015e-001
 8.4444809e-001
 8.4431112e-001
 8.4424341e-001
 8.4424394e-001
 8.4430581e-001
 8.4441686e-001
 8.4456098e-001
 8.4471977e-001
 8.4487391e-001
 8.4500414e-001
 8.4509248e-001
 8.4512359e-001
 8.4508687e-001
 8.4497797e-001
 8.4479964e-001
 8.4456086e-001
 8.4427530e-001
 8.4395939e-001
 8.4363073e-001
 8.4330714e-001
 8.4300536e-001
 8.4273994e-001
 8.4252161e-001
 8.4235579e-001
 8.4224236e-001
 8.4217590e-001
 8.4214699e-001
 8.4214425e-001
 8.4215510e-001
 8.4216684e-001
 8.4216768e-001
 8.4214765e-001
 8.4209996e-001
 8.4202200e-001
 8.4191614e-001
 8.4178877e-001
 8.4164965e-001
 8.4151036e-001
 8.4138322e-001
 8.4128058e-001
 8.4121394e-001
 8.4119260e-001
 8.4122276e-001
 8.4130579e-001
 8.4143800e-001
 8.4161115e-001
 8.4181356e-001
 8.4203160e-001
 8.4225065e-001
 8.4245628e-001
 8.4263486e-001
 8.4277505e-001
 8.4286904e-001
 8.4291393e-001
 8.4291232e-001
 8.4287184e-001
 8.4280360e-001
 8.4272093e-001
 8.4263819e-001
 8.4256959e-001
 8.4252888e-001
 8.4252787e-001
 8.4257525e-001
 8.4267586e-001
 8.4282982e-001
 8.4303313e-001
 8.4327900e-001
 8.4355861e-001
 8.4386230e-001
 8.4418035e-001
 8.4450322e-001
 8.4482229e-001
 8.4513026e-001
 8.4542161e-001
 8.4569317e-001
 8.4594339e-001
 8.4617221e-001
 8.4638053e-001
 8.4656948e-001
 8.4674048e-001
 8.4689504e-001
 8.4703481e-001
 8.4716153e-001
 8.4727734e-001
 8.4738445e-001
 8.4748554e-001
 8.4758329e-001
 8.4768057e-001
 8.4778017e-001
 8.4788489e-001
 8.4799731e-001
 8.4811938e-001
 8.4825224e-001
 8.4839571e-001
 8.4854853e-001
 8.4870797e-001
 8.4887058e-001
 8.4903240e-001
 8.4918922e-001
 8.4933674e-001
 8.4947127e-001
 8.4958953e-001
 8.4968954e-001
 8.4977102e-001
 8.4983522e-001
 8.4988523e-001
 8.4992522e-001
 8.4996009e-001
 8.4999496e-001
 8.5003501e-001
 8.5008526e-001
 8.5014975e-001
 8.5023177e-001
 8.5033274e-001
 8.5045260e-001
 8.5058969e-001
 8.5074121e-001
 8.5090369e-001
 8.5107338e-001
 8.5124654e-001
 8.5141963e-001
 8.5158992e-001
 8.5175574e-001
 8.5191685e-001
 8.5207480e-001
 8.5223269e-001
 8.5239464e-001
 8.5256547e-001
 8.5275024e-001
 8.5295403e-001
 8.5318112e-001
 8.5343492e-001
 8.5371679e-001
 8.5402530e-001
 8.5435647e-001
 8.5470337e-001
 8.5505718e-001
 8.5540807e-001
 8.5574567e-001
 8.5605973e-001
 8.5634059e-001
 8.5658044e-001
 8.5677409e-001
 8.5692000e-001
 8.5702085e-001
 8.5708302e-001
 8.5711551e-001
 8.5712904e-001
 8.5713506e-001
 8.5714495e-001
 8.5716957e-001
 8.5721827e-001
 8.5729808e-001
 8.5741252e-001
 8.5756165e-001
 8.5774207e-001
 8.5794801e-001
 8.5817218e-001
 8.5840684e-001
 8.5864383e-001
 8.5887581e-001
 8.5909635e-001
 8.5930109e-001
 8.5948807e-001
 8.5965836e-001
 8.5981566e-001
 8.5996538e-001
 8.6011416e-001
 8.6026925e-001
 8.6043751e-001
 8.6062521e-001
 8.6083704e-001
 8.6107492e-001
 8.6133683e-001
 8.6161685e-001
 8.6190528e-001
 8.6218947e-001
 8.6245543e-001
 8.6268836e-001
 8.6287373e-001
 8.6299831e-001
 8.6305189e-001
 8.6302876e-001
 8.6293000e-001
 8.6276364e-001
 8.6254430e-001
 8.6229134e-001
 8.6202705e-001
 8.6177468e-001
 8.6155766e-001
 8.6139762e-001
 8.6131293e-001
 8.6131614e-001
 8.6141181e-001
 8.6159599e-001
 8.6185676e-001
 8.6217636e-001
 8.6253369e-001
 8.6290616e-001
 8.6327076e-001
 8.6360592e-001
 8.6389267e-001
 8.6411655e-001
 8.6426938e-001
 8.6434990e-001
 8.6436301e-001
 8.6431813e-001
 8.6422759e-001
 8.6410475e-001
 8.6396343e-001
 8.6381674e-001
 8.6367607e-001
 8.6355048e-001
 8.6344516e-001
 8.6336136e-001
 8.6329681e-001
 8.6324638e-001
 8.6320359e-001
 8.6316115e-001
 8.6311167e-001
 8.6304855e-001
 8.6296666e-001
 8.6286318e-001
 8.6273897e-001
 8.6259830e-001
 8.6244917e-001
 8.6230177e-001
 8.6216801e-001
 8.6206025e-001
 8.6199081e-001
 8.6197102e-001
 8.6201012e-001
 8.6211395e-001
 8.6228347e-001
 8.6251462e-001
 8.6279833e-001
 8.6312217e-001
 8.6347175e-001
 8.6383152e-001
 8.6418587e-001
 8.6451983e-001
 8.6481982e-001
 8.6507446e-001
 8.6527562e-001
 8.6541891e-001
 8.6550283e-001
 8.6552852e-001
 8.6549830e-001
 8.6541545e-001
 8.6528343e-001
 8.6510634e-001
 8.6488849e-001
 8.6463559e-001
 8.6435437e-001
 8.6405289e-001
 8.6374080e-001
 8.6342853e-001
 8.6312699e-001
 8.6284733e-001
 8.6260039e-001
 8.6239582e-001
 8.6224145e-001
 8.6214131e-001
 8.6209458e-001
 8.6209530e-001
 8.6213249e-001
 8.6219168e-001
 8.6225635e-001
 8.6230904e-001
 8.6233240e-001
 8.6231035e-001
 8.6222929e-001
 8.6208022e-001
 8.6186016e-001
 8.6157262e-001
 8.6122751e-001
 8.6083901e-001
 8.6042374e-001
 8.5999990e-001
 8.5958552e-001
 8.5919768e-001
 8.5885149e-001
 8.5855836e-001
 8.5832453e-001
 8.5815102e-001
 8.5803372e-001
 8.5796487e-001
 8.5793453e-001
 8.5793173e-001
 8.5794532e-001
 8.5796428e-001
 8.5797876e-001
 8.5798007e-001
 8.5796189e-001
 8.5791999e-001
 8.5785234e-001
 8.5775834e-001
 8.5763824e-001
 8.5749304e-001
 8.5732371e-001
 8.5713160e-001
 8.5691875e-001
 8.5668761e-001
 8.5644174e-001
 8.5618609e-001
 8.5592633e-001
 8.5566908e-001
 8.5542113e-001
 8.5518968e-001
 8.5498166e-001
 8.5480320e-001
 8.5465926e-001
 8.5455239e-001
 8.5448188e-001
 8.5444379e-001
 8.5443085e-001
 8.5443360e-001
 8.5444099e-001
 8.5444170e-001
 8.5442436e-001
 8.5437822e-001
 8.5429454e-001
 8.5416728e-001
 8.5399461e-001
 8.5377896e-001
 8.5352671e-001
 8.5324728e-001
 8.5295177e-001
 8.5265207e-001
 8.5236007e-001
 8.5208678e-001
 8.5184181e-001
 8.5163164e-001
 8.5145885e-001
 8.5132188e-001
 8.5121506e-001
 8.5112995e-001
 8.5105640e-001
 8.5098338e-001
 8.5090005e-001
 8.5079610e-001
 8.5066289e-001
 8.5049438e-001
 8.5028827e-001
 8.5004628e-001
 8.4977365e-001
 8.4947848e-001
 8.4917039e-001
 8.4885973e-001
 8.4855682e-001
 8.4827167e-001
 8.4801275e-001
 8.4778649e-001
 8.4759641e-001
 8.4744281e-001
 8.4732294e-001
 8.4723198e-001
 8.4716380e-001
 8.4711164e-001
 8.4706879e-001
 8.4702873e-001
 8.4698594e-001
 8.4693635e-001
 8.4687793e-001
 8.4681100e-001
 8.4673768e-001
 8.4666181e-001
 8.4658802e-001
 8.4652132e-001
 8.4646666e-001
 8.4642857e-001
 8.4641045e-001
 8.4641391e-001
 8.4643805e-001
 8.4647924e-001
 8.4653139e-001
 8.4658659e-001
 8.4663588e-001
 8.4666979e-001
 8.4667933e-001
 8.4665614e-001
 8.4659427e-001
 8.4649116e-001
 8.4634918e-001
 8.4617603e-001
 8.4598422e-001
 8.4578985e-001
 8.4561110e-001
 8.4546691e-001
 8.4537596e-001
 8.4535509e-001
 8.4541750e-001
 8.4556991e-001
 8.4581035e-001
 8.4612757e-001
 8.4650141e-001
 8.4690547e-001
 8.4730959e-001
 8.4768212e-001
 8.4799159e-001
 8.4820855e-001
 8.4830844e-001
 8.4827477e-001
 8.4810203e-001
 8.4779686e-001
 8.4737659e-001
 8.4686708e-001
 8.4629864e-001
 8.4570366e-001
 8.4511513e-001
 8.4456402e-001
 8.4407765e-001
 8.4367663e-001
 8.4337318e-001
 8.4316921e-001
 8.4305811e-001
 8.4302664e-001
 8.4305769e-001
 8.4313244e-001
 8.4323150e-001
 8.4333628e-001
 8.4343022e-001
 8.4349996e-001
 8.4353650e-001
 8.4353590e-001
 8.4349865e-001
 8.4342855e-001
 8.4333134e-001
 8.4321362e-001
 8.4308249e-001
 8.4294456e-001
 8.4280604e-001
 8.4267187e-001
 8.4254569e-001
 8.4242946e-001
 8.4232366e-001
 8.4222764e-001
 8.4214014e-001
 8.4205955e-001
 8.4198421e-001
 8.4191233e-001
 8.4184217e-001
 8.4177208e-001
 8.4170026e-001
 8.4162521e-001
 8.4154528e-001
 8.4145898e-001
 8.4136474e-001
 8.4126115e-001
 8.4114659e-001
 8.4101969e-001
 8.4087896e-001
 8.4072310e-001
 8.4055084e-001
 8.4036088e-001
 8.4015220e-001
 8.3992386e-001
 8.3967477e-001
 8.3940405e-001
 8.3911097e-001
 8.3879524e-001
 8.3845723e-001
 8.3809894e-001
 8.3772409e-001
 8.3733845e-001
 8.3694977e-001
 8.3656698e-001
 8.3619952e-001
 8.3585697e-001
 8.3554882e-001
 8.3528310e-001
 8.3506596e-001
 8.3490026e-001
 8.3478445e-001
 8.3471215e-001
 8.3467257e-001
 8.3465141e-001
 8.3463204e-001
 8.3459711e-001
 8.3452898e-001
 8.3441037e-001
 8.3422440e-001
 8.3395505e-001
 8.3360320e-001
 8.3323276e-001
 8.3265185e-001
 8.3199972e-001
 8.3129495e-001
 8.3055633e-001
 8.2980239e-001
 8.2905239e-001
 8.2832479e-001
 8.2763833e-001
 8.2701188e-001
 8.2646233e-001
 8.2599109e-001
 8.2559073e-001
 8.2525367e-001
 8.2497239e-001
 8.2473952e-001
 8.2454729e-001
 8.2438838e-001
 8.2425523e-001
 8.2414043e-001
 8.2403630e-001
 8.2393545e-001
 8.2383019e-001
 8.2371330e-001
 8.2357770e-001
 8.2342225e-001
 8.2324892e-001
 8.2305932e-001
 8.2285559e-001
 8.2263964e-001
 8.2241315e-001
 8.2217824e-001
 8.2193679e-001
 8.2169050e-001
 8.2144153e-001
 8.2119149e-001
 8.2094258e-001
 8.2069653e-001
 8.2045519e-001
 8.2022065e-001
 8.1999451e-001
 8.1977892e-001
 8.1957555e-001
 8.1938469e-001
 8.1920552e-001
 8.1903791e-001
 8.1888086e-001
 8.1873423e-001
 8.1859708e-001
 8.1846917e-001
 8.1834984e-001
 8.1823838e-001
 8.1813449e-001
 8.1803745e-001
 8.1794667e-001
 8.1786174e-001
 8.1778210e-001
 8.1770706e-001
 8.1763613e-001
 8.1756878e-001
 8.1750441e-001
 8.1744254e-001
 8.1738245e-001
 8.1732386e-001
 8.1726605e-001
 8.1720895e-001
 8.1715268e-001
 8.1709749e-001
 8.1704348e-001
 8.1699067e-001
 8.1693929e-001
 8.1688952e-001
 8.1684136e-001
 8.1679505e-001
 8.1675065e-001
 8.1670845e-001
 8.1666833e-001
 8.1663054e-001
 8.1659532e-001
 8.1656265e-001
 8.1653273e-001
 8.1650579e-001
 8.1648171e-001
 8.1646079e-001
 8.1644315e-001
 8.1642902e-001
 8.1641829e-001
 8.1641138e-001
 8.1640816e-001
 8.1640899e-001
 8.1641382e-001
 8.1642270e-001
 8.1643593e-001
 8.1645316e-001
 8.1647485e-001
 8.1650078e-001
 8.1653100e-001
 8.1656563e-001
 8.1660467e-001
 8.1664813e-001
 8.1669623e-001
 8.1674874e-001
 8.1680596e-001
 8.1686759e-001
 8.1693405e-001
 8.1700516e-001
 8.1708109e-001
 8.1716174e-001
 8.1724721e-001
 8.1733769e-001
 8.1743282e-001
 8.1753308e-001
 8.1763822e-001
 8.1774855e-001
 8.1786388e-001
 8.1798428e-001
 8.1810987e-001
 8.1824064e-001
 8.1837666e-001
 8.1851786e-001
 8.1866449e-001
 8.1881618e-001
 8.1897259e-001
 8.1913346e-001
