s07_ASD Record=12356: Alun.33+Kaol.33+Musc.33 AMX2  BECKa AREF
-1.2300000e+034
-1.2300000e+034
-1.2300000e+034
 2.8455287e-001
 2.8660887e-001
 2.8917307e-001
 2.9219648e-001
 2.9559946e-001
 2.9929236e-001
 3.0319068e-001
 3.0722627e-001
 3.1134784e-001
 3.1551930e-001
 3.1971473e-001
 3.2391387e-001
 3.2810014e-001
 3.3225775e-001
 3.3637172e-001
 3.4042776e-001
 3.4441406e-001
 3.4832266e-001
 3.5214922e-001
 3.5589251e-001
 3.5955143e-001
 3.6312425e-001
 3.6660832e-001
 3.7000519e-001
 3.7332481e-001
 3.7658474e-001
 3.7980440e-001
 3.8299951e-001
 3.8617983e-001
 3.8934940e-001
 3.9250901e-001
 3.9565831e-001
 3.9879894e-001
 4.0193698e-001
 4.0508190e-001
 4.0824479e-001
 4.1143218e-001
 4.1464084e-001
 4.1785422e-001
 4.2104352e-001
 4.2417589e-001
 4.2722452e-001
 4.3017843e-001
 4.3304515e-001
 4.3584701e-001
 4.3861026e-001
 4.4135320e-001
 4.4407749e-001
 4.4676700e-001
 4.4939590e-001
 4.5194095e-001
 4.5439276e-001
 4.5675713e-001
 4.5905048e-001
 4.6128830e-001
 4.6347383e-001
 4.6558699e-001
 4.6759573e-001
 4.6951163e-001
 4.7134799e-001
 4.7311002e-001
 4.7481459e-001
 4.7649607e-001
 4.7817698e-001
 4.7986251e-001
 4.8154658e-001
 4.8321491e-001
 4.8485044e-001
 4.8644027e-001
 4.8798066e-001
 4.8947909e-001
 4.9095216e-001
 4.9242088e-001
 4.9390352e-001
 4.9540976e-001
 4.9693832e-001
 4.9847957e-001
 5.0002205e-001
 5.0155902e-001
 5.0309283e-001
 5.0463319e-001
 5.0619161e-001
 5.0777394e-001
 5.0937587e-001
 5.1098394e-001
 5.1257950e-001
 5.1414371e-001
 5.1565951e-001
 5.1711226e-001
 5.1848954e-001
 5.1978320e-001
 5.2099258e-001
 5.2212697e-001
 5.2320695e-001
 5.2426106e-001
 5.2531898e-001
 5.2640218e-001
 5.2751762e-001
 5.2865607e-001
 5.2979749e-001
 5.3092051e-001
 5.3201115e-001
 5.3306860e-001
 5.3410172e-001
 5.3512323e-001
 5.3614682e-001
 5.3718603e-001
 5.3825247e-001
 5.3935003e-001
 5.4047197e-001
 5.4160309e-001
 5.4272646e-001
 5.4382735e-001
 5.4489434e-001
 5.4592109e-001
 5.4690909e-001
 5.4786921e-001
 5.4881644e-001
 5.4976231e-001
 5.5071247e-001
 5.5167133e-001
 5.5264813e-001
 5.5365491e-001
 5.5469781e-001
 5.5576915e-001
 5.5684960e-001
 5.5791879e-001
 5.5896747e-001
 5.6000304e-001
 5.6104422e-001
 5.6210870e-001
 5.6320161e-001
 5.6431401e-001
 5.6543273e-001
 5.6655228e-001
 5.6767768e-001
 5.6881732e-001
 5.6997406e-001
 5.7114208e-001
 5.7230884e-001
 5.7345861e-001
 5.7457787e-001
 5.7566220e-001
 5.7672274e-001
 5.7778579e-001
 5.7888061e-001
 5.8001965e-001
 5.8118415e-001
 5.8233368e-001
 5.8343738e-001
 5.8450383e-001
 5.8557677e-001
 5.8669847e-001
 5.8787334e-001
 5.8906823e-001
 5.9024781e-001
 5.9140778e-001
 5.9257203e-001
 5.9376228e-001
 5.9497511e-001
 5.9618944e-001
 5.9738892e-001
 5.9857112e-001
 5.9973890e-001
 6.0089165e-001
 6.0203093e-001
 6.0316646e-001
 6.0430384e-001
 6.0542494e-001
 6.0649091e-001
 6.0747719e-001
 6.0840714e-001
 6.0934883e-001
 6.1037314e-001
 6.1150759e-001
 6.1272532e-001
 6.1396962e-001
 6.1518860e-001
 6.1635447e-001
 6.1746484e-001
 6.1853695e-001
 6.1959940e-001
 6.2068182e-001
 6.2179929e-001
 6.2294263e-001
 6.2408221e-001
 6.2518400e-001
 6.2622637e-001
 6.2721175e-001
 6.2817073e-001
 6.2915331e-001
 6.3020277e-001
 6.3132453e-001
 6.3247782e-001
 6.3360316e-001
 6.3466603e-001
 6.3567734e-001
 6.3667142e-001
 6.3767189e-001
 6.3868332e-001
 6.3970298e-001
 6.4072365e-001
 6.4173365e-001
 6.4273512e-001
 6.4375287e-001
 6.4479804e-001
 6.4582777e-001
 6.4677602e-001
 6.4763469e-001
 6.4848173e-001
 6.4940739e-001
 6.5041226e-001
 6.5139973e-001
 6.5228683e-001
 6.5310746e-001
 6.5397775e-001
 6.5497446e-001
 6.5608287e-001
 6.5724784e-001
 6.5843099e-001
 6.5961772e-001
 6.6080821e-001
 6.6201037e-001
 6.6321981e-001
 6.6439873e-001
 6.6549021e-001
 6.6646022e-001
 6.6732061e-001
 6.6811603e-001
 6.6889900e-001
 6.6971350e-001
 6.7058623e-001
 6.7152005e-001
 6.7249537e-001
 6.7348200e-001
 6.7445785e-001
 6.7541987e-001
 6.7638004e-001
 6.7735571e-001
 6.7836058e-001
 6.7938244e-001
 6.8035066e-001
 6.8116039e-001
 6.8178332e-001
 6.8234742e-001
 6.8304700e-001
 6.8395197e-001
 6.8494821e-001
 6.8586701e-001
 6.8663538e-001
 6.8731225e-001
 6.8801349e-001
 6.8879831e-001
 6.8961501e-001
 6.9035929e-001
 6.9100672e-001
 6.9166100e-001
 6.9241720e-001
 6.9323957e-001
 6.9404262e-001
 6.9479853e-001
 6.9551337e-001
 6.9619989e-001
 6.9688314e-001
 6.9757020e-001
 6.9826329e-001
 6.9900376e-001
 6.9981962e-001
 7.0066154e-001
 7.0145863e-001
 7.0220071e-001
 7.0293379e-001
 7.0370126e-001
 7.0448864e-001
 7.0522493e-001
 7.0584613e-001
 7.0634824e-001
 7.0678282e-001
 7.0723951e-001
 7.0780545e-001
 7.0848709e-001
 7.0920360e-001
 7.0989090e-001
 7.1055245e-001
 7.1119362e-001
 7.1177226e-001
 7.1225476e-001
 7.1268773e-001
 7.1318346e-001
 7.1382838e-001
 7.1459687e-001
 7.1535540e-001
 7.1597064e-001
 7.1643513e-001
 7.1688724e-001
 7.1746701e-001
 7.1814001e-001
 7.1874565e-001
 7.1923846e-001
 7.1974218e-001
 7.2033310e-001
 7.2094077e-001
 7.2151673e-001
 7.2212493e-001
 7.2279876e-001
 7.2346765e-001
 7.2408772e-001
 7.2469544e-001
 7.2528338e-001
 7.2578412e-001
 7.2624475e-001
 7.2686255e-001
 7.2775370e-001
 7.2878820e-001
 7.2971159e-001
 7.3033851e-001
 7.3066556e-001
 7.3085970e-001
 7.3112071e-001
 7.3154193e-001
 7.3209846e-001
 7.3273063e-001
 7.3340517e-001
 7.3411387e-001
 7.3483700e-001
 7.3551863e-001
 7.3608828e-001
 7.3651636e-001
 7.3685139e-001
 7.3719418e-001
 7.3762685e-001
 7.3816198e-001
 7.3875368e-001
 7.3934889e-001
 7.3992515e-001
 7.4049163e-001
 7.4106723e-001
 7.4166191e-001
 7.4226612e-001
 7.4284327e-001
 7.4332935e-001
 7.4366111e-001
 7.4383104e-001
 7.4392265e-001
 7.4407691e-001
 7.4441224e-001
 7.4496359e-001
 7.4566644e-001
 7.4637270e-001
 7.4690455e-001
 7.4722272e-001
 7.4755424e-001
 7.4807984e-001
 7.4870962e-001
 7.4925953e-001
 7.4970472e-001
 7.5016451e-001
 7.5072765e-001
 7.5134254e-001
 7.5185597e-001
 7.5219834e-001
 7.5250041e-001
 7.5296372e-001
 7.5362915e-001
 7.5426638e-001
 7.5453746e-001
 7.5441796e-001
 7.5434417e-001
 7.5471210e-001
 7.5541532e-001
 7.5607538e-001
 7.5649697e-001
 7.5676531e-001
 7.5706547e-001
 7.5747263e-001
 7.5789261e-001
 7.5821078e-001
 7.5842553e-001
 7.5858438e-001
 7.5870568e-001
 7.5885171e-001
 7.5913972e-001
 7.5953424e-001
 7.5976783e-001
 7.5966161e-001
 7.5939888e-001
 7.5932658e-001
 7.5961030e-001
 7.6014906e-001
 7.6070583e-001
 7.6108462e-001
 7.6123822e-001
 7.6127297e-001
 7.6135164e-001
 7.6157236e-001
 7.6194888e-001
 7.6240587e-001
 7.6281840e-001
 7.6308835e-001
 7.6321495e-001
 7.6330292e-001
 7.6345247e-001
 7.6368028e-001
 7.6393247e-001
 7.6415110e-001
 7.6433873e-001
 7.6455915e-001
 7.6486450e-001
 7.6521659e-001
 7.6549023e-001
 7.6556385e-001
 7.6540989e-001
 7.6509833e-001
 7.6473683e-001
 7.6444507e-001
 7.6434356e-001
 7.6450795e-001
 7.6489294e-001
 7.6533574e-001
 7.6566565e-001
 7.6581734e-001
 7.6583052e-001
 7.6577193e-001
 7.6569641e-001
 7.6564538e-001
 7.6565444e-001
 7.6572889e-001
 7.6589048e-001
 7.6611537e-001
 7.6638985e-001
 7.6668942e-001
 7.6698458e-001
 7.6724607e-001
 7.6744711e-001
 7.6757908e-001
 7.6764059e-001
 7.6763016e-001
 7.6754963e-001
 7.6742178e-001
 7.6727778e-001
 7.6714903e-001
 7.6706570e-001
 7.6704973e-001
 7.6711977e-001
 7.6729465e-001
 7.6758623e-001
 7.6796085e-001
 7.6843369e-001
 7.6880997e-001
 7.6910573e-001
 7.6930255e-001
 7.6941425e-001
 7.6945645e-001
 7.6944453e-001
 7.6939428e-001
 7.6933360e-001
 7.6930153e-001
 7.6933801e-001
 7.6948267e-001
 7.6977324e-001
 7.7019691e-001
 7.7069145e-001
 7.7119243e-001
 7.7163547e-001
 7.7195841e-001
 7.7214634e-001
 7.7223086e-001
 7.7224541e-001
 7.7222353e-001
 7.7219880e-001
 7.7219826e-001
 7.7222347e-001
 7.7227008e-001
 7.7233362e-001
 7.7240980e-001
 7.7249396e-001
 7.7258295e-001
 7.7267724e-001
 7.7277845e-001
 7.7288818e-001
 7.7300799e-001
 7.7313936e-001
 7.7328408e-001
 7.7344167e-001
 7.7360457e-001
 7.7376336e-001
 7.7390856e-001
 7.7403086e-001
 7.7412099e-001
 7.7416945e-001
 7.7416694e-001
 7.7410841e-001
 7.7400601e-001
 7.7387559e-001
 7.7373308e-001
 7.7359444e-001
 7.7347577e-001
 7.7339286e-001
 7.7336174e-001
 7.7339321e-001
 7.7347952e-001
 7.7360809e-001
 7.7376676e-001
 7.7394313e-001
 7.7412492e-001
 7.7429968e-001
 7.7445513e-001
 7.7458131e-001
 7.7467716e-001
 7.7474368e-001
 7.7478176e-001
 7.7479243e-001
 7.7477664e-001
 7.7473533e-001
 7.7466947e-001
 7.7458006e-001
 7.7446806e-001
 7.7433437e-001
 7.7418000e-001
 7.7400666e-001
 7.7381855e-001
 7.7362072e-001
 7.7341783e-001
 7.7321506e-001
 7.7301711e-001
 7.7282882e-001
 7.7265519e-001
 7.7250105e-001
 7.7237135e-001
 7.7227098e-001
 7.7220470e-001
 7.7217561e-001
 7.7217996e-001
 7.7221239e-001
 7.7226776e-001
 7.7234071e-001
 7.7242589e-001
 7.7251810e-001
 7.7261215e-001
 7.7270269e-001
 7.7278441e-001
 7.7285212e-001
 7.7290177e-001
 7.7293402e-001
 7.7295035e-001
 7.7295238e-001
 7.7294177e-001
 7.7292001e-001
 7.7288866e-001
 7.7284950e-001
 7.7280390e-001
 7.7275360e-001
 7.7270079e-001
 7.7264988e-001
 7.7260625e-001
 7.7257484e-001
 7.7256060e-001
 7.7256876e-001
 7.7260429e-001
 7.7267241e-001
 7.7277803e-001
 7.7292633e-001
 7.7311933e-001
 7.7334851e-001
 7.7360314e-001
 7.7387255e-001
 7.7414602e-001
 7.7441293e-001
 7.7466232e-001
 7.7488375e-001
 7.7506632e-001
 7.7519947e-001
 7.7527636e-001
 7.7530366e-001
 7.7529073e-001
 7.7524698e-001
 7.7518201e-001
 7.7510506e-001
 7.7502561e-001
 7.7495313e-001
 7.7489698e-001
 7.7486116e-001
 7.7483141e-001
 7.7478957e-001
 7.7471763e-001
 7.7459741e-001
 7.7441090e-001
 7.7414012e-001
 7.7376676e-001
 7.7328390e-001
 7.7271980e-001
 7.7211064e-001
 7.7149230e-001
 7.7090073e-001
 7.7037179e-001
 7.6994163e-001
 7.6964587e-001
 7.6950514e-001
 7.6948810e-001
 7.6955360e-001
 7.6966017e-001
 7.6976633e-001
 7.6983088e-001
 7.6981241e-001
 7.6966947e-001
 7.6937836e-001
 7.6897281e-001
 7.6849800e-001
 7.6803607e-001
 7.6757568e-001
 7.6718760e-001
 7.6690507e-001
 7.6674008e-001
 7.6668745e-001
 7.6673073e-001
 7.6684779e-001
 7.6701540e-001
 7.6721174e-001
 7.6742041e-001
 7.6763290e-001
 7.6784647e-001
 7.6806080e-001
 7.6827526e-001
 7.6848626e-001
 7.6868433e-001
 7.6885319e-001
 7.6897126e-001
 7.6901501e-001
 7.6896203e-001
 7.6879531e-001
 7.6850748e-001
 7.6810277e-001
 7.6759416e-001
 7.6699984e-001
 7.6634079e-001
 7.6564056e-001
 7.6492625e-001
 7.6422876e-001
 7.6358169e-001
 7.6301837e-001
 7.6256651e-001
 7.6224124e-001
 7.6203793e-001
 7.6193017e-001
 7.6187432e-001
 7.6181918e-001
 7.6171786e-001
 7.6154035e-001
 7.6126724e-001
 7.6114446e-001
 7.6106220e-001
 7.6103437e-001
 7.6107478e-001
 7.6119506e-001
 7.6140290e-001
 7.6170164e-001
 7.6208937e-001
 7.6255947e-001
 7.6310211e-001
 7.6370561e-001
 7.6435882e-001
 7.6505184e-001
 7.6577711e-001
 7.6652932e-001
 7.6730418e-001
 7.6809824e-001
 7.6890755e-001
 7.6972765e-001
 7.7055359e-001
 7.7137965e-001
 7.7220011e-001
 7.7300894e-001
 7.7379990e-001
 7.7456719e-001
 7.7530468e-001
 7.7600682e-001
 7.7666807e-001
 7.7728379e-001
 7.7785063e-001
 7.7836591e-001
 7.7882874e-001
 7.7923930e-001
 7.7959889e-001
 7.7990973e-001
 7.8017443e-001
 7.8039587e-001
 7.8057683e-001
 7.8072011e-001
 7.8082883e-001
 7.8090709e-001
 7.8095996e-001
 7.8099382e-001
 7.8101611e-001
 7.8103417e-001
 7.8105468e-001
 7.8108191e-001
 7.8111744e-001
 7.8115952e-001
 7.8120375e-001
 7.8124398e-001
 7.8127426e-001
 7.8129005e-001
 7.8128934e-001
 7.8127354e-001
 7.8124684e-001
 7.8121537e-001
 7.8118581e-001
 7.8116423e-001
 7.8115463e-001
 7.8115863e-001
 7.8117526e-001
 7.8120160e-001
 7.8123385e-001
 7.8126800e-001
 7.8130090e-001
 7.8133076e-001
 7.8135741e-001
 7.8138202e-001
 7.8140658e-001
 7.8143311e-001
 7.8146303e-001
 7.8149652e-001
 7.8153229e-001
 7.8156757e-001
 7.8159893e-001
 7.8162235e-001
 7.8163469e-001
 7.8163397e-001
 7.8161997e-001
 7.8159446e-001
 7.8156084e-001
 7.8152359e-001
 7.8148764e-001
 7.8145730e-001
 7.8143543e-001
 7.8142303e-001
 7.8141880e-001
 7.8141975e-001
 7.8142142e-001
 7.8141892e-001
 7.8140807e-001
 7.8138584e-001
 7.8135145e-001
 7.8130591e-001
 7.8125221e-001
 7.8119451e-001
 7.8113705e-001
 7.8108346e-001
 7.8103578e-001
 7.8099412e-001
 7.8095675e-001
 7.8092045e-001
 7.8088129e-001
 7.8083593e-001
 7.8078222e-001
 7.8072041e-001
 7.8065348e-001
 7.8058678e-001
 7.8052759e-001
 7.8048414e-001
 7.8046423e-001
 7.8047419e-001
 7.8051800e-001
 7.8059703e-001
 7.8070998e-001
 7.8085351e-001
 7.8102291e-001
 7.8121299e-001
 7.8141832e-001
 7.8163379e-001
 7.8185475e-001
 7.8207642e-001
 7.8229433e-001
 7.8250372e-001
 7.8269994e-001
 7.8287852e-001
 7.8303587e-001
 7.8316945e-001
 7.8327829e-001
 7.8336310e-001
 7.8342652e-001
 7.8347242e-001
 7.8350556e-001
 7.8353071e-001
 7.8355199e-001
 7.8357220e-001
 7.8359246e-001
 7.8361201e-001
 7.8362882e-001
 7.8363991e-001
 7.8364205e-001
 7.8363264e-001
 7.8360987e-001
 7.8357315e-001
 7.8352290e-001
 7.8346044e-001
 7.8338730e-001
 7.8330529e-001
 7.8321612e-001
 7.8312141e-001
 7.8302300e-001
 7.8292316e-001
 7.8282446e-001
 7.8272974e-001
 7.8264207e-001
 7.8256404e-001
 7.8249729e-001
 7.8244227e-001
 7.8239810e-001
 7.8236234e-001
 7.8233176e-001
 7.8230286e-001
 7.8227258e-001
 7.8223908e-001
 7.8220248e-001
 7.8216511e-001
 7.8213137e-001
 7.8210741e-001
 7.8210044e-001
 7.8211731e-001
 7.8216344e-001
 7.8224176e-001
 7.8235143e-001
 7.8248763e-001
 7.8264153e-001
 7.8280085e-001
 7.8295153e-001
 7.8307909e-001
 7.8317106e-001
 7.8321832e-001
 7.8321695e-001
 7.8316838e-001
 7.8307921e-001
 7.8295970e-001
 7.8282177e-001
 7.8267658e-001
 7.8253245e-001
 7.8239328e-001
 7.8225809e-001
 7.8212148e-001
 7.8197503e-001
 7.8180933e-001
 7.8161597e-001
 7.8138947e-001
 7.8112799e-001
 7.8083426e-001
 7.8051466e-001
 7.8017819e-001
 7.7983516e-001
 7.7949518e-001
 7.7916598e-001
 7.7885199e-001
 7.7855396e-001
 7.7826869e-001
 7.7798957e-001
 7.7770764e-001
 7.7741265e-001
 7.7709478e-001
 7.7674574e-001
 7.7635938e-001
 7.7593297e-001
 7.7546638e-001
 7.7496189e-001
 7.7442300e-001
 7.7385336e-001
 7.7325559e-001
 7.7263039e-001
 7.7197617e-001
 7.7128989e-001
 7.7056718e-001
 7.6980460e-001
 7.6900065e-001
 7.6815683e-001
 7.6727891e-001
 7.6637661e-001
 7.6546317e-001
 7.6455438e-001
 7.6366609e-001
 7.6281345e-001
 7.6200849e-001
 7.6125956e-001
 7.6057041e-001
 7.5994039e-001
 7.5936568e-001
 7.5884002e-001
 7.5835651e-001
 7.5790858e-001
 7.5749052e-001
 7.5709790e-001
 7.5672692e-001
 7.5637352e-001
 7.5603276e-001
 7.5569755e-001
 7.5535893e-001
 7.5500578e-001
 7.5462514e-001
 7.5420350e-001
 7.5372684e-001
 7.5318187e-001
 7.5255662e-001
 7.5184071e-001
 7.5102675e-001
 7.5011116e-001
 7.4909550e-001
 7.4798805e-001
 7.4680406e-001
 7.4556720e-001
 7.4430764e-001
 7.4306160e-001
 7.4186838e-001
 7.4076730e-001
 7.3979527e-001
 7.3898464e-001
 7.3836112e-001
 7.3794407e-001
 7.3774570e-001
 7.3777217e-001
 7.3802340e-001
 7.3849338e-001
 7.3916960e-001
 7.4003357e-001
 7.4106038e-001
 7.4222010e-001
 7.4347991e-001
 7.4480605e-001
 7.4616730e-001
 7.4753678e-001
 7.4889320e-001
 7.5022197e-001
 7.5151253e-001
 7.5275749e-001
 7.5394911e-001
 7.5507778e-001
 7.5613141e-001
 7.5709456e-001
 7.5795096e-001
 7.5868487e-001
 7.5928414e-001
 7.5974238e-001
 7.6005971e-001
 7.6024371e-001
 7.6030785e-001
 7.6026988e-001
 7.6014888e-001
 7.5996310e-001
 7.5972748e-001
 7.5945246e-001
 7.5914383e-001
 7.5880331e-001
 7.5843018e-001
 7.5802290e-001
 7.5758010e-001
 7.5710183e-001
 7.5658852e-001
 7.5604069e-001
 7.5545740e-001
 7.5483531e-001
 7.5416869e-001
 7.5345033e-001
 7.5267339e-001
 7.5183380e-001
 7.5093222e-001
 7.4997562e-001
 7.4897736e-001
 7.4795496e-001
 7.4692869e-001
 7.4591714e-001
 7.4493468e-001
 7.4398899e-001
 7.4307925e-001
 7.4219728e-001
 7.4132818e-001
 7.4045396e-001
 7.3955595e-001
 7.3861831e-001
 7.3763096e-001
 7.3659098e-001
 7.3550427e-001
 7.3438472e-001
 7.3325258e-001
 7.3213333e-001
 7.3105377e-001
 7.3003995e-001
 7.2911382e-001
 7.2829062e-001
 7.2757721e-001
 7.2697067e-001
 7.2645748e-001
 7.2601497e-001
 7.2561216e-001
 7.2521275e-001
 7.2477859e-001
 7.2427362e-001
 7.2366852e-001
 7.2294408e-001
 7.2209501e-001
 7.2113073e-001
 7.2007489e-001
 7.1896392e-001
 7.1784204e-001
 7.1675760e-001
 7.1575743e-001
 7.1488237e-001
 7.1416473e-001
 7.1362525e-001
 7.1327335e-001
 7.1310681e-001
 7.1311241e-001
 7.1326691e-001
 7.1353799e-001
 7.1388495e-001
 7.1426034e-001
 7.1461165e-001
 7.1488404e-001
 7.1502352e-001
 7.1498084e-001
 7.1471483e-001
 7.1419513e-001
 7.1340424e-001
 7.1233755e-001
 7.1100163e-001
 7.0941246e-001
 7.0759028e-001
 7.0555687e-001
 7.0333081e-001
 7.0092338e-001
 6.9833809e-001
 6.9556767e-001
 6.9259733e-001
 6.8940598e-001
 6.8596900e-001
 6.8226546e-001
 6.7827946e-001
 6.7400759e-001
 6.6946059e-001
 6.6466337e-001
 6.5965760e-001
 6.5449786e-001
 6.4924562e-001
 6.4396858e-001
 6.3873041e-001
 6.3359058e-001
 6.2859863e-001
 6.2379026e-001
 6.1918980e-001
 6.1480486e-001
 6.1062950e-001
 6.0664171e-001
 6.0280174e-001
 5.9905696e-001
 5.9534210e-001
 5.9159023e-001
 5.8774298e-001
 5.8376282e-001
 5.7965034e-001
 5.7544982e-001
 5.7125580e-001
 5.6720430e-001
 5.6345505e-001
 5.6017137e-001
 5.5749035e-001
 5.5550277e-001
 5.5423725e-001
 5.5365747e-001
 5.5367339e-001
 5.5416012e-001
 5.5498445e-001
 5.5602950e-001
 5.5721617e-001
 5.5851340e-001
 5.5994058e-001
 5.6156057e-001
 5.6346405e-001
 5.6575364e-001
 5.6852436e-001
 5.7184821e-001
 5.7576382e-001
 5.8026648e-001
 5.8530951e-001
 5.9080344e-001
 5.9662354e-001
 6.0262144e-001
 6.0863173e-001
 6.1448985e-001
 6.2003881e-001
 6.2514186e-001
 6.2969226e-001
 6.3361382e-001
 6.3686454e-001
 6.3943523e-001
 6.4134294e-001
 6.4262754e-001
 6.4334375e-001
 6.4355671e-001
 6.4333761e-001
 6.4276004e-001
 6.4189821e-001
 6.4082563e-001
 6.3961369e-001
 6.3832963e-001
 6.3703549e-001
 6.3578445e-001
 6.3461936e-001
 6.3356942e-001
 6.3264769e-001
 6.3185072e-001
 6.3115728e-001
 6.3052976e-001
 6.2991577e-001
 6.2925118e-001
 6.2846434e-001
 6.2748075e-001
 6.2622786e-001
 6.2464243e-001
 6.2267566e-001
 6.2030190e-001
 6.1752582e-001
 6.1438793e-001
 6.1097264e-001
 6.0740721e-001
 6.0386264e-001
 6.0054427e-001
 5.9767658e-001
 5.9548706e-001
 5.9418106e-001
 5.9392148e-001
 5.9480840e-001
 5.9686714e-001
 6.0004300e-001
 6.0420841e-001
 6.0917377e-001
 6.1470801e-001
 6.2056327e-001
 6.2649328e-001
 6.3227850e-001
 6.3773650e-001
 6.4273393e-001
 6.4719188e-001
 6.5108049e-001
 6.5441525e-001
 6.5724885e-001
 6.5965790e-001
 6.6173446e-001
 6.6357338e-001
 6.6526473e-001
 6.6688704e-001
 6.6850209e-001
 6.7015475e-001
 6.7187178e-001
 6.7366481e-001
 6.7553413e-001
 6.7747021e-001
 6.7945874e-001
 6.8148130e-001
 6.8351752e-001
 6.8554658e-001
 6.8754661e-001
 6.8949676e-001
 6.9137698e-001
 6.9316983e-001
 6.9486219e-001
 6.9644517e-001
 6.9791508e-001
 6.9927341e-001
 7.0052493e-001
 7.0167696e-001
 7.0273679e-001
 7.0371068e-001
 7.0460278e-001
 7.0541465e-001
 7.0614648e-001
 7.0679778e-001
 7.0736814e-001
 7.0785886e-001
 7.0827407e-001
 7.0862192e-001
 7.0891416e-001
 7.0916623e-001
 7.0939571e-001
 7.0962012e-001
 7.0985514e-001
 7.1011221e-001
 7.1039724e-001
 7.1070963e-001
 7.1104300e-001
 7.1138680e-001
 7.1172804e-001
 7.1205312e-001
 7.1234965e-001
 7.1260750e-001
 7.1281999e-001
 7.1298480e-001
 7.1310383e-001
 7.1318364e-001
 7.1323436e-001
 7.1326905e-001
 7.1330190e-001
 7.1334684e-001
 7.1341616e-001
 7.1351850e-001
 7.1365839e-001
 7.1383512e-001
 7.1404374e-001
 7.1427554e-001
 7.1451914e-001
 7.1476197e-001
 7.1499133e-001
 7.1519488e-001
 7.1536195e-001
 7.1548420e-001
 7.1555638e-001
 7.1557713e-001
 7.1554869e-001
 7.1547723e-001
 7.1537161e-001
 7.1524274e-001
 7.1510202e-001
 7.1495980e-001
 7.1482426e-001
 7.1470034e-001
 7.1458942e-001
 7.1449035e-001
 7.1439993e-001
 7.1431494e-001
 7.1423268e-001
 7.1415222e-001
 7.1407473e-001
 7.1400362e-001
 7.1394396e-001
 7.1390170e-001
 7.1388268e-001
 7.1389139e-001
 7.1393019e-001
 7.1399856e-001
 7.1409285e-001
 7.1420705e-001
 7.1433294e-001
 7.1446157e-001
 7.1458393e-001
 7.1469212e-001
 7.1477991e-001
 7.1484339e-001
 7.1488100e-001
 7.1489340e-001
 7.1488333e-001
 7.1485513e-001
 7.1481442e-001
 7.1476728e-001
 7.1472001e-001
 7.1467847e-001
 7.1464753e-001
 7.1463066e-001
 7.1462953e-001
 7.1464384e-001
 7.1467108e-001
 7.1470726e-001
 7.1474683e-001
 7.1478373e-001
 7.1481192e-001
 7.1482635e-001
 7.1482325e-001
 7.1480060e-001
 7.1475822e-001
 7.1469742e-001
 7.1462059e-001
 7.1453047e-001
 7.1442962e-001
 7.1431983e-001
 7.1420181e-001
 7.1407545e-001
 7.1393955e-001
 7.1379280e-001
 7.1363395e-001
 7.1346271e-001
 7.1328002e-001
 7.1308845e-001
 7.1289188e-001
 7.1269530e-001
 7.1250445e-001
 7.1232468e-001
 7.1216053e-001
 7.1201515e-001
 7.1188968e-001
 7.1178329e-001
 7.1169347e-001
 7.1161592e-001
 7.1154565e-001
 7.1147716e-001
 7.1140516e-001
 7.1132499e-001
 7.1123290e-001
 7.1112621e-001
 7.1100336e-001
 7.1086383e-001
 7.1070796e-001
 7.1053672e-001
 7.1035159e-001
 7.1015424e-001
 7.0994592e-001
 7.0972776e-001
 7.0949972e-001
 7.0926106e-001
 7.0900971e-001
 7.0874256e-001
 7.0845592e-001
 7.0814568e-001
 7.0780814e-001
 7.0744056e-001
 7.0704132e-001
 7.0661086e-001
 7.0615101e-001
 7.0566571e-001
 7.0516074e-001
 7.0464301e-001
 7.0412034e-001
 7.0360070e-001
 7.0309097e-001
 7.0259696e-001
 7.0212233e-001
 7.0166892e-001
 7.0123696e-001
 7.0082510e-001
 7.0043153e-001
 7.0005447e-001
 6.9969249e-001
 6.9934511e-001
 6.9901264e-001
 6.9869596e-001
 6.9839621e-001
 6.9811416e-001
 6.9784999e-001
 6.9760251e-001
 6.9736964e-001
 6.9714761e-001
 6.9693202e-001
 6.9671744e-001
 6.9649857e-001
 6.9627082e-001
 6.9603086e-001
 6.9577742e-001
 6.9551170e-001
 6.9523692e-001
 6.9495863e-001
 6.9468319e-001
 6.9441688e-001
 6.9416487e-001
 6.9392937e-001
 6.9370896e-001
 6.9349784e-001
 6.9328552e-001
 6.9305784e-001
 6.9279766e-001
 6.9248712e-001
 6.9210905e-001
 6.9164920e-001
 6.9109815e-001
 6.9045192e-001
 6.8971282e-001
 6.8888879e-001
 6.8799192e-001
 6.8703729e-001
 6.8604052e-001
 6.8501532e-001
 6.8397278e-001
 6.8291879e-001
 6.8185467e-001
 6.8077707e-001
 6.7967850e-001
 6.7854947e-001
 6.7737973e-001
 6.7616028e-001
 6.7488509e-001
 6.7355132e-001
 6.7216098e-001
 6.7071933e-001
 6.6923535e-001
 6.6772008e-001
 6.6618448e-001
 6.6463947e-001
 6.6309291e-001
 6.6155046e-001
 6.6001469e-001
 6.5848446e-001
 6.5695739e-001
 6.5542960e-001
 6.5389818e-001
 6.5236235e-001
 6.5082377e-001
 6.4928871e-001
 6.4776736e-001
 6.4627284e-001
 6.4482081e-001
 6.4342660e-001
 6.4210403e-001
 6.4086270e-001
 6.3970590e-001
 6.3863051e-001
 6.3762563e-001
 6.3667458e-001
 6.3575637e-001
 6.3484812e-001
 6.3392901e-001
 6.3298291e-001
 6.3200140e-001
 6.3098556e-001
 6.2994605e-001
 6.2890309e-001
 6.2788373e-001
 6.2691927e-001
 6.2604171e-001
 6.2527966e-001
 6.2465596e-001
 6.2418526e-001
 6.2387305e-001
 6.2371618e-001
 6.2370461e-001
 6.2382376e-001
 6.2405723e-001
 6.2438989e-001
 6.2481004e-001
 6.2531149e-001
 6.2589389e-001
 6.2656265e-001
 6.2732822e-001
 6.2820339e-001
 6.2920195e-001
 6.3033539e-001
 6.3161081e-001
 6.3302964e-001
 6.3458562e-001
 6.3626719e-001
 6.3805699e-001
 6.3993388e-001
 6.4187491e-001
 6.4385462e-001
 6.4584833e-001
 6.4783067e-001
 6.4977628e-001
 6.5166092e-001
 6.5346032e-001
 6.5515149e-001
 6.5671420e-001
 6.5813005e-001
 6.5938544e-001
 6.6047126e-001
 6.6138512e-001
 6.6213167e-001
 6.6272146e-001
 6.6330862e-001
 6.6361058e-001
 6.6381532e-001
 6.6394621e-001
 6.6402388e-001
 6.6406476e-001
 6.6407925e-001
 6.6407251e-001
 6.6404563e-001
 6.6399753e-001
 6.6392630e-001
 6.6382986e-001
 6.6370654e-001
 6.6355550e-001
 6.6337764e-001
 6.6317540e-001
 6.6295344e-001
 6.6271818e-001
 6.6247743e-001
 6.6223985e-001
 6.6201454e-001
 6.6181034e-001
 6.6163522e-001
 6.6149539e-001
 6.6139388e-001
 6.6132933e-001
 6.6129541e-001
 6.6128159e-001
 6.6127384e-001
 6.6125649e-001
 6.6121298e-001
 6.6112709e-001
 6.6098398e-001
 6.6077179e-001
 6.6048384e-001
 6.6012025e-001
 6.5968871e-001
 6.5920383e-001
 6.5868521e-001
 6.5815538e-001
 6.5763825e-001
 6.5715760e-001
 6.5673572e-001
 6.5639168e-001
 6.5613860e-001
 6.5598208e-001
 6.5591890e-001
 6.5593839e-001
 6.5602386e-001
 6.5615547e-001
 6.5631151e-001
 6.5647018e-001
 6.5661007e-001
 6.5671110e-001
 6.5675592e-001
 6.5673047e-001
 6.5662438e-001
 6.5643084e-001
 6.5614533e-001
 6.5576512e-001
 6.5528804e-001
 6.5471232e-001
 6.5403664e-001
 6.5326017e-001
 6.5238273e-001
 6.5140539e-001
 6.5033054e-001
 6.4916122e-001
 6.4790171e-001
 6.4655638e-001
 6.4513016e-001
 6.4362794e-001
 6.4205408e-001
 6.4041293e-001
 6.3870764e-001
 6.3694060e-001
 6.3511336e-001
 6.3322556e-001
 6.3127714e-001
 6.2926650e-001
 6.2719268e-001
 6.2505472e-001
 6.2285101e-001
 6.2058163e-001
 6.1824614e-001
 6.1584616e-001
 6.1338443e-001
 6.1086398e-001
 6.0828942e-001
 6.0566586e-001
 6.0299784e-001
 6.0029131e-001
 5.9755147e-001
 5.9478515e-001
 5.9200060e-001
 5.8920681e-001
 5.8641601e-001
 5.8364099e-001
 5.8089668e-001
 5.7819897e-001
 5.7556283e-001
 5.7300472e-001
 5.7053918e-001
 5.6818068e-001
 5.6594175e-001
 5.6383181e-001
 5.6185853e-001
 5.6002605e-001
 5.5833745e-001
 5.5679476e-001
 5.5539876e-001
 5.5415034e-001
 5.5304939e-001
 5.5209470e-001
 5.5128324e-001
 5.5060881e-001
 5.5006248e-001
 5.4963267e-001
 5.4930544e-001
 5.4906601e-001
 5.4889882e-001
 5.4878843e-001
 5.4871982e-001
 5.4867911e-001
 5.4865414e-001
 5.4863530e-001
 5.4861581e-001
 5.4859132e-001
 5.4855925e-001
 5.4851818e-001
 5.4846734e-001
 5.4840618e-001
 5.4833430e-001
 5.4825169e-001
 5.4815894e-001
 5.4805726e-001
 5.4794866e-001
 5.4783595e-001
 5.4772234e-001
 5.4761136e-001
 5.4750675e-001
 5.4741210e-001
 5.4733062e-001
 5.4726493e-001
 5.4721636e-001
 5.4718471e-001
 5.4716796e-001
 5.4716247e-001
 5.4716337e-001
 5.4716527e-001
 5.4716229e-001
 5.4714894e-001
 5.4712033e-001
 5.4707307e-001
 5.4700625e-001
 5.4692262e-001
 5.4682857e-001
 5.4673386e-001
 5.4665101e-001
 5.4659390e-001
 5.4657692e-001
 5.4661429e-001
 5.4671896e-001
 5.4690105e-001
 5.4716599e-001
 5.4751295e-001
 5.4793400e-001
 5.4841501e-001
 5.4893702e-001
 5.4947847e-001
 5.5001634e-001
 5.5052799e-001
 5.5099148e-001
 5.5138755e-001
 5.5170125e-001
 5.5192351e-001
 5.5205172e-001
 5.5208910e-001
 5.5204314e-001
 5.5192405e-001
 5.5174309e-001
 5.5151194e-001
 5.5124193e-001
 5.5094332e-001
 5.5062473e-001
 5.5029249e-001
 5.4995024e-001
 5.4959941e-001
 5.4923970e-001
 5.4886979e-001
 5.4848790e-001
 5.4809219e-001
 5.4768115e-001
 5.4725403e-001
 5.4681140e-001
 5.4635561e-001
 5.4589117e-001
 5.4542398e-001
 5.4496163e-001
 5.4451233e-001
 5.4408461e-001
 5.4368681e-001
 5.4332703e-001
 5.4301184e-001
 5.4274589e-001
 5.4253113e-001
 5.4236645e-001
 5.4224795e-001
 5.4216957e-001
 5.4212433e-001
 5.4210448e-001
 5.4210222e-001
 5.4210979e-001
 5.4212010e-001
 5.4212683e-001
 5.4212487e-001
 5.4211044e-001
 5.4208088e-001
 5.4203445e-001
 5.4196995e-001
 5.4188639e-001
 5.4178298e-001
 5.4165912e-001
 5.4151458e-001
 5.4134947e-001
 5.4116482e-001
 5.4096216e-001
 5.4074383e-001
 5.4051274e-001
 5.4027194e-001
 5.4002476e-001
 5.3977418e-001
 5.3952342e-001
 5.3927463e-001
 5.3902936e-001
 5.3878772e-001
 5.3854853e-001
 5.3830922e-001
 5.3806639e-001
 5.3781605e-001
 5.3755397e-001
 5.3727579e-001
 5.3697759e-001
 5.3665578e-001
 5.3630757e-001
 5.3593141e-001
 5.3552687e-001
 5.3509456e-001
 5.3463626e-001
 5.3415388e-001
 5.3364956e-001
 5.3312606e-001
 5.3258562e-001
 5.3203082e-001
 5.3146416e-001
 5.3088892e-001
 5.3030783e-001
 5.2972412e-001
 5.2914125e-001
 5.2856266e-001
 5.2799147e-001
 5.2743131e-001
 5.2688479e-001
 5.2635407e-001
 5.2583975e-001
 5.2534103e-001
 5.2485472e-001
 5.2437586e-001
 5.2389860e-001
 5.2341592e-001
 5.2292031e-001
 5.2240479e-001
 5.2186221e-001
 5.2128625e-001
 5.2067167e-001
 5.2001512e-001
 5.1931471e-001
 5.1856995e-001
 5.1778227e-001
 5.1695305e-001
 5.1608407e-001
 5.1517802e-001
 5.1423705e-001
 5.1326352e-001
 5.1226097e-001
 5.1123285e-001
 5.1018345e-001
 5.0911736e-001
 5.0804031e-001
 5.0695759e-001
 5.0587445e-001
 5.0479656e-001
 5.0372785e-001
 5.0267023e-001
 5.0162309e-001
 5.0058061e-001
 4.9953219e-001
 4.9846247e-001
 4.9735358e-001
 4.9618495e-001
 4.9493518e-001
 4.9358416e-001
 4.9211258e-001
 4.9050465e-001
 4.8875195e-001
 4.8685318e-001
 4.8481622e-001
 4.8265871e-001
 4.8040304e-001
 4.7807562e-001
 4.7570407e-001
 4.7331792e-001
 4.7094405e-001
 4.6860695e-001
 4.6632874e-001
 4.6412444e-001
 4.6200293e-001
 4.5996919e-001
 4.5802253e-001
 4.5616043e-001
 4.5437852e-001
 4.5267311e-001
 4.5103824e-001
 4.4946676e-001
 4.4795030e-001
 4.4647637e-001
 4.4502902e-001
 4.4359040e-001
 4.4213936e-001
 4.4065338e-001
 4.3911049e-001
 4.3748784e-001
 4.3576387e-001
 4.3391863e-001
 4.3193710e-001
 4.2980766e-001
 4.2752391e-001
 4.2508587e-001
 4.2249542e-001
 4.1975656e-001
 4.1687635e-001
 4.1386077e-001
 4.1071761e-001
 4.0745589e-001
 4.0409046e-001
 4.0063855e-001
 3.9712235e-001
 3.9357132e-001
 3.9001575e-001
 3.8648790e-001
 3.8302350e-001
 3.7965536e-001
 3.7641492e-001
 3.7333280e-001
 3.7043166e-001
 3.6772764e-001
 3.6522809e-001
 3.6293474e-001
 3.6084202e-001
 3.5894123e-001
 3.5722330e-001
 3.5567680e-001
 3.5428944e-001
 3.5304824e-001
 3.5193640e-001
 3.5093382e-001
 3.5001609e-001
 3.4915566e-001
 3.4832171e-001
 3.4748179e-001
 3.4660375e-001
 3.4565556e-001
 3.4460789e-001
 3.4343791e-001
 3.4213170e-001
 3.4068823e-001
 3.3912197e-001
 3.3745939e-001
 3.3573687e-001
 3.3399600e-001
 3.3228189e-001
 3.3063775e-001
 3.2910278e-001
 3.2770827e-001
 3.2646936e-001
 3.2538092e-001
 3.2441592e-001
 3.2352608e-001
 3.2264844e-001
 3.2171100e-001
 3.2063901e-001
 3.1935835e-001
 3.1780195e-001
 3.1591961e-001
 3.1368634e-001
 3.1111264e-001
 3.0825040e-001
 3.0518550e-001
 3.0203065e-001
 2.9891357e-001
 2.9597116e-001
 2.9333898e-001
 2.9114833e-001
 2.8952068e-001
 2.8855678e-001
 2.8833216e-001
 2.8889361e-001
 2.9026181e-001
 2.9243892e-001
 2.9541391e-001
 2.9917085e-001
 3.0368927e-001
 3.0894473e-001
 3.1489930e-001
 3.2150292e-001
 3.2868508e-001
 3.3634642e-001
 3.4437156e-001
 3.5262975e-001
 3.6097512e-001
 3.6926416e-001
 3.7735254e-001
 3.8510463e-001
 3.9239448e-001
 3.9912727e-001
 4.0524220e-001
 4.1071248e-001
 4.1555026e-001
 4.1979268e-001
 4.2348921e-001
 4.2669970e-001
 4.2948592e-001
 4.3190682e-001
 4.3402031e-001
 4.3587762e-001
 4.3752253e-001
 4.3898883e-001
 4.4030356e-001
 4.4148776e-001
 4.4255808e-001
 4.4353026e-001
 4.4441897e-001
 4.4523743e-001
 4.4599828e-001
 4.4671181e-001
 4.4738582e-001
 4.4802454e-001
 4.4862998e-001
 4.4920206e-001
 4.4973907e-001
 4.5023921e-001
 4.5070040e-001
 4.5112032e-001
 4.5149723e-001
 4.5182988e-001
 4.5211741e-001
 4.5235994e-001
 4.5255813e-001
 4.5271319e-001
 4.5282650e-001
 4.5289972e-001
 4.5293441e-001
 4.5293209e-001
 4.5289394e-001
 4.5282084e-001
 4.5271307e-001
 4.5257023e-001
 4.5239142e-001
 4.5217520e-001
 4.5192015e-001
 4.5162445e-001
 4.5128626e-001
 4.5090392e-001
 4.5047551e-001
 4.4999897e-001
 4.4947255e-001
 4.4889399e-001
 4.4826096e-001
 4.4757149e-001
 4.4682315e-001
 4.4601363e-001
 4.4514045e-001
 4.4420189e-001
 4.4319585e-001
 4.4212064e-001
 4.4097587e-001
 4.3976101e-001
 4.3847609e-001
 4.3712240e-001
 4.3570065e-001
 4.3421179e-001
 4.3265611e-001
 4.3103427e-001
 4.2934400e-001
 4.2758030e-001
 4.2573547e-001
 4.2379642e-001
 4.2174613e-001
 4.1956621e-001
 4.1723531e-001
 4.1473153e-001
 4.1203576e-001
 4.0913045e-001
 4.0600541e-001
 4.0266120e-001
 3.9911631e-001
 3.9540398e-001
 3.9157289e-001
 3.8768592e-001
 3.8381001e-001
 3.8001496e-001
 3.7637314e-001
 3.7295085e-001
 3.6980787e-001
 3.6699057e-001
 3.6453012e-001
 3.6243653e-001
 3.6070293e-001
 3.5931101e-001
 3.5823348e-001
 3.5743967e-001
 3.5689807e-001
 3.5657656e-001
 3.5644403e-001
 3.5647067e-001
 3.5662878e-001
 3.5689268e-001
 3.5723880e-001
 3.5764486e-001
 3.5808954e-001
 3.5855228e-001
 3.5901257e-001
 3.5945114e-001
 3.5985056e-001
 3.6019585e-001
 3.6047629e-001
 3.6068538e-001
 3.6082056e-001
 3.6088207e-001
 3.6087197e-001
 3.6079311e-001
 3.6064905e-001
 3.6044377e-001
 3.6018220e-001
 3.5987109e-001
 3.5951906e-001
 3.5913718e-001
 3.5873857e-001
 3.5833830e-001
 3.5795203e-001
 3.5759577e-001
 3.5728529e-001
 3.5703436e-001
 3.5685313e-001
 3.5674566e-001
 3.5670725e-001
 3.5672387e-001
 3.5677323e-001
 3.5682729e-001
 3.5685489e-001
 3.5682365e-001
 3.5670164e-001
 3.5645863e-001
 3.5606790e-001
 3.5550869e-001
 3.5476732e-001
 3.5383812e-001
 3.5272387e-001
 3.5143271e-001
 3.4997678e-001
 3.4836978e-001
 3.4662706e-001
 3.4476295e-001
 3.4279162e-001
 3.4072849e-001
 3.3866590e-001
 3.3699089e-001
 3.3476168e-001
 3.3253717e-001
 3.3034435e-001
 3.2821074e-001
 3.2616329e-001
 3.2423043e-001
 3.2243919e-001
 3.2081696e-001
 3.1939128e-001
 3.1818607e-001
 3.1719586e-001
 3.1639764e-001
 3.1576857e-001
 3.1528580e-001
 3.1492668e-001
 3.1466827e-001
 3.1448776e-001
 3.1436232e-001
 3.1426916e-001
 3.1418544e-001
 3.1408831e-001
 3.1395498e-001
 3.1376266e-001
 3.1349030e-001
 3.1313348e-001
 3.1269655e-001
 3.1218386e-001
 3.1160021e-001
 3.1094992e-001
 3.1023753e-001
 3.0946732e-001
 3.0864418e-001
 3.0777234e-001
 3.0685636e-001
 3.0590051e-001
 3.0490968e-001
 3.0388817e-001
 3.0284047e-001
 3.0177110e-001
 3.0068424e-001
 2.9958493e-001
 2.9847726e-001
 2.9736432e-001
 2.9624829e-001
 2.9513204e-001
 2.9401785e-001
 2.9290807e-001
 2.9180488e-001
 2.9071122e-001
 2.8962925e-001
 2.8856146e-001
 2.8751013e-001
 2.8647760e-001
 2.8546670e-001
 2.8447962e-001
 2.8351876e-001
 2.8258640e-001
 2.8168532e-001
 2.8081778e-001
 2.7998611e-001
 2.7919272e-001
 2.7844024e-001
 2.7773103e-001
 2.7706707e-001
 2.7644715e-001
 2.7586892e-001
 2.7532962e-001
 2.7482650e-001
 2.7435693e-001
 2.7391812e-001
 2.7350762e-001
 2.7312261e-001
 2.7276045e-001
 2.7241841e-001
 2.7209398e-001
 2.7178439e-001
 2.7148694e-001
 2.7119893e-001
 2.7091780e-001
 2.7064082e-001
 2.7036536e-001
 2.7008867e-001
 2.6980805e-001
 2.6952100e-001
 2.6922470e-001
 2.6891655e-001
 2.6859376e-001
 2.6825386e-001
 2.6789409e-001
 2.6751202e-001
 2.6710805e-001
 2.6668414e-001
 2.6624194e-001
 2.6578325e-001
 2.6530981e-001
 2.6482329e-001
 2.6432571e-001
 2.6381871e-001
 2.6330405e-001
 2.6278341e-001
 2.6225883e-001
 2.6173189e-001
 2.6120439e-001
 2.6067805e-001
 2.6015481e-001
 2.5963637e-001
 2.5912446e-001
 2.5862074e-001
 2.5812724e-001
 2.5764561e-001
 2.5717762e-001
 2.5672504e-001
 2.5628957e-001
 2.5587314e-001
 2.5547749e-001
 2.5510430e-001
 2.5475538e-001
 2.5443253e-001
 2.5413755e-001
 2.5387195e-001
 2.5363532e-001
 2.5342649e-001
 2.5324425e-001
