s07_ASD Record=13329: Gyp.4+jr20+msc.2+dic.2 AMX23  BECKa AREF
 5.1087624e-001
 5.1248676e-001
 5.1410252e-001
 5.1572752e-001
 5.1737267e-001
 5.1904988e-001
 5.2076584e-001
 5.2251792e-001
 5.2429438e-001
 5.2607769e-001
 5.2784985e-001
 5.2959532e-001
 5.3130281e-001
 5.3296536e-001
 5.3458172e-001
 5.3615779e-001
 5.3770673e-001
 5.3924757e-001
 5.4080224e-001
 5.4239094e-001
 5.4402488e-001
 5.4570073e-001
 5.4740137e-001
 5.4910314e-001
 5.5078578e-001
 5.5244076e-001
 5.5407679e-001
 5.5571508e-001
 5.5737507e-001
 5.5906355e-001
 5.6077278e-001
 5.6248826e-001
 5.6419635e-001
 5.6588876e-001
 5.6756711e-001
 5.6924492e-001
 5.7094157e-001
 5.7267445e-001
 5.7445461e-001
 5.7628548e-001
 5.7816559e-001
 5.8009112e-001
 5.8205676e-001
 5.8405632e-001
 5.8608347e-001
 5.8813339e-001
 5.9020323e-001
 5.9229118e-001
 5.9439451e-001
 5.9650898e-001
 5.9863096e-001
 6.0076004e-001
 6.0290003e-001
 6.0505593e-001
 6.0722923e-001
 6.0941327e-001
 6.1159253e-001
 6.1374813e-001
 6.1586255e-001
 6.1791003e-001
 6.1985236e-001
 6.2167597e-001
 6.2336820e-001
 6.2489605e-001
 6.2621349e-001
 6.2733394e-001
 6.2831217e-001
 6.2920159e-001
 6.3004202e-001
 6.3085979e-001
 6.3166547e-001
 6.3245523e-001
 6.3321197e-001
 6.3390499e-001
 6.3449240e-001
 6.3493133e-001
 6.3519382e-001
 6.3528132e-001
 6.3522887e-001
 6.3509697e-001
 6.3495517e-001
 6.3486618e-001
 6.3487726e-001
 6.3502157e-001
 6.3532561e-001
 6.3581288e-001
 6.3649833e-001
 6.3737488e-001
 6.3840365e-001
 6.3952136e-001
 6.4066499e-001
 6.4180481e-001
 6.4296186e-001
 6.4420033e-001
 6.4559650e-001
 6.4720291e-001
 6.4902091e-001
 6.5099466e-001
 6.5303099e-001
 6.5503538e-001
 6.5694433e-001
 6.5874106e-001
 6.6044724e-001
 6.6209960e-001
 6.6372240e-001
 6.6530758e-001
 6.6681510e-001
 6.6819370e-001
 6.6941011e-001
 6.7047423e-001
 6.7144740e-001
 6.7241937e-001
 6.7346179e-001
 6.7458695e-001
 6.7574513e-001
 6.7686164e-001
 6.7788082e-001
 6.7878783e-001
 6.7960215e-001
 6.8036020e-001
 6.8109673e-001
 6.8183160e-001
 6.8256778e-001
 6.8330687e-001
 6.8407035e-001
 6.8490010e-001
 6.8582970e-001
 6.8684977e-001
 6.8790984e-001
 6.8896216e-001
 6.9000185e-001
 6.9105422e-001
 6.9211549e-001
 6.9311684e-001
 6.9396758e-001
 6.9465065e-001
 6.9527352e-001
 6.9601232e-001
 6.9698691e-001
 6.9817722e-001
 6.9944674e-001
 7.0063883e-001
 7.0165628e-001
 7.0247680e-001
 7.0312750e-001
 7.0365578e-001
 7.0411110e-001
 7.0453215e-001
 7.0493805e-001
 7.0532560e-001
 7.0567590e-001
 7.0597649e-001
 7.0625174e-001
 7.0657164e-001
 7.0701617e-001
 7.0762116e-001
 7.0835459e-001
 7.0914137e-001
 7.0990711e-001
 7.1061426e-001
 7.1127635e-001
 7.1194112e-001
 7.1265024e-001
 7.1341926e-001
 7.1426225e-001
 7.1520865e-001
 7.1625978e-001
 7.1733654e-001
 7.1831709e-001
 7.1914965e-001
 7.1990335e-001
 7.2068608e-001
 7.2151792e-001
 7.2230726e-001
 7.2295702e-001
 7.2348452e-001
 7.2402710e-001
 7.2473538e-001
 7.2566479e-001
 7.2675031e-001
 7.2786105e-001
 7.2888595e-001
 7.2980225e-001
 7.3068368e-001
 7.3162693e-001
 7.3264813e-001
 7.3364812e-001
 7.3449957e-001
 7.3518431e-001
 7.3583329e-001
 7.3661005e-001
 7.3756009e-001
 7.3859197e-001
 7.3958534e-001
 7.4048150e-001
 7.4128932e-001
 7.4205941e-001
 7.4286431e-001
 7.4376351e-001
 7.4475992e-001
 7.4579328e-001
 7.4677813e-001
 7.4764985e-001
 7.4840248e-001
 7.4910903e-001
 7.4987614e-001
 7.5073236e-001
 7.5158393e-001
 7.5233382e-001
 7.5301516e-001
 7.5372845e-001
 7.5447536e-001
 7.5515556e-001
 7.5573301e-001
 7.5631887e-001
 7.5705725e-001
 7.5796872e-001
 7.5892913e-001
 7.5979292e-001
 7.6053149e-001
 7.6125449e-001
 7.6208502e-001
 7.6300448e-001
 7.6383609e-001
 7.6441675e-001
 7.6477414e-001
 7.6509255e-001
 7.6551378e-001
 7.6601881e-001
 7.6650286e-001
 7.6692098e-001
 7.6733291e-001
 7.6781344e-001
 7.6836419e-001
 7.6894641e-001
 7.6954758e-001
 7.7015257e-001
 7.7071255e-001
 7.7125603e-001
 7.7196950e-001
 7.7300394e-001
 7.7420580e-001
 7.7518672e-001
 7.7567893e-001
 7.7574664e-001
 7.7569121e-001
 7.7584106e-001
 7.7638024e-001
 7.7724332e-001
 7.7817589e-001
 7.7899653e-001
 7.7973801e-001
 7.8047460e-001
 7.8115892e-001
 7.8174216e-001
 7.8232783e-001
 7.8305542e-001
 7.8391713e-001
 7.8479087e-001
 7.8560293e-001
 7.8638071e-001
 7.8715289e-001
 7.8785706e-001
 7.8839314e-001
 7.8875262e-001
 7.8905368e-001
 7.8945184e-001
 7.9004759e-001
 7.9085732e-001
 7.9180050e-001
 7.9271936e-001
 7.9351354e-001
 7.9426461e-001
 7.9510069e-001
 7.9592907e-001
 7.9649502e-001
 7.9677904e-001
 7.9710186e-001
 7.9769874e-001
 7.9845697e-001
 7.9915196e-001
 7.9964077e-001
 7.9989219e-001
 8.0010962e-001
 8.0063844e-001
 8.0151266e-001
 8.0237436e-001
 8.0297947e-001
 8.0347717e-001
 8.0405343e-001
 8.0461723e-001
 8.0499893e-001
 8.0524379e-001
 8.0558217e-001
 8.0620587e-001
 8.0711699e-001
 8.0813128e-001
 8.0900019e-001
 8.0957943e-001
 8.0994028e-001
 8.1031460e-001
 8.1088889e-001
 8.1162822e-001
 8.1230378e-001
 8.1273854e-001
 8.1304616e-001
 8.1353050e-001
 8.1430739e-001
 8.1517160e-001
 8.1588537e-001
 8.1644160e-001
 8.1699520e-001
 8.1766570e-001
 8.1845212e-001
 8.1926215e-001
 8.1998569e-001
 8.2057983e-001
 8.2111073e-001
 8.2171053e-001
 8.2246500e-001
 8.2332623e-001
 8.2416910e-001
 8.2490969e-001
 8.2553864e-001
 8.2607692e-001
 8.2653946e-001
 8.2693839e-001
 8.2731009e-001
 8.2773125e-001
 8.2829195e-001
 8.2903326e-001
 8.2990533e-001
 8.3079159e-001
 8.3157849e-001
 8.3221096e-001
 8.3270454e-001
 8.3313584e-001
 8.3362329e-001
 8.3427006e-001
 8.3506620e-001
 8.3583653e-001
 8.3633792e-001
 8.3647531e-001
 8.3644116e-001
 8.3660895e-001
 8.3724380e-001
 8.3829540e-001
 8.3946425e-001
 8.4043491e-001
 8.4105188e-001
 8.4135652e-001
 8.4154648e-001
 8.4188557e-001
 8.4248054e-001
 8.4308404e-001
 8.4344417e-001
 8.4359187e-001
 8.4367573e-001
 8.4372908e-001
 8.4373069e-001
 8.4373605e-001
 8.4379578e-001
 8.4385055e-001
 8.4382486e-001
 8.4378046e-001
 8.4392738e-001
 8.4445679e-001
 8.4527504e-001
 8.4595901e-001
 8.4613281e-001
 8.4581321e-001
 8.4529239e-001
 8.4483552e-001
 8.4454578e-001
 8.4437627e-001
 8.4419078e-001
 8.4387183e-001
 8.4345812e-001
 8.4314740e-001
 8.4306782e-001
 8.4310514e-001
 8.4304333e-001
 8.4280127e-001
 8.4248745e-001
 8.4225446e-001
 8.4207547e-001
 8.4173679e-001
 8.4117222e-001
 8.4062642e-001
 8.4028083e-001
 8.3997607e-001
 8.3956116e-001
 8.3920413e-001
 8.3905238e-001
 8.3888644e-001
 8.3840668e-001
 8.3766854e-001
 8.3694041e-001
 8.3645856e-001
 8.3631319e-001
 8.3634561e-001
 8.3624846e-001
 8.3589381e-001
 8.3544230e-001
 8.3507794e-001
 8.3483231e-001
 8.3460629e-001
 8.3429509e-001
 8.3391237e-001
 8.3358824e-001
 8.3341360e-001
 8.3325475e-001
 8.3277172e-001
 8.3169669e-001
 8.3016747e-001
 8.2871175e-001
 8.2783383e-001
 8.2759607e-001
 8.2762408e-001
 8.2748747e-001
 8.2701224e-001
 8.2629848e-001
 8.2554120e-001
 8.2491016e-001
 8.2451987e-001
 8.2441103e-001
 8.2451004e-001
 8.2461488e-001
 8.2445270e-001
 8.2397175e-001
 8.2310152e-001
 8.2208788e-001
 8.2107943e-001
 8.2015043e-001
 8.1934553e-001
 8.1870914e-001
 8.1827253e-001
 8.1797868e-001
 8.1773460e-001
 8.1744772e-001
 8.1704354e-001
 8.1656778e-001
 8.1611466e-001
 8.1577879e-001
 8.1563342e-001
 8.1561279e-001
 8.1559443e-001
 8.1545568e-001
 8.1509507e-001
 8.1455165e-001
 8.1381440e-001
 8.1320375e-001
 8.1271189e-001
 8.1235886e-001
 8.1209189e-001
 8.1185526e-001
 8.1159312e-001
 8.1125128e-001
 8.1081480e-001
 8.1030756e-001
 8.0975527e-001
 8.0918330e-001
 8.0861652e-001
 8.0806392e-001
 8.0751812e-001
 8.0697161e-001
 8.0641645e-001
 8.0584490e-001
 8.0524176e-001
 8.0458599e-001
 8.0385560e-001
 8.0302894e-001
 8.0208451e-001
 8.0104166e-001
 8.0008066e-001
 7.9942054e-001
 7.9928005e-001
 7.9987854e-001
 8.0143470e-001
 8.0399352e-001
 8.0692863e-001
 8.0945337e-001
 8.1077999e-001
 8.1012142e-001
 8.0669063e-001
 7.9970068e-001
 7.8873616e-001
 7.7480882e-001
 7.5926340e-001
 7.4345165e-001
 7.2871804e-001
 7.1641415e-001
 7.0788515e-001
 7.0448101e-001
 7.0707828e-001
 7.1477890e-001
 7.2626889e-001
 7.4022949e-001
 7.5534832e-001
 7.7030611e-001
 7.8378892e-001
 7.9448229e-001
 8.0141526e-001
 8.0491585e-001
 8.0561095e-001
 8.0412900e-001
 8.0109829e-001
 7.9714602e-001
 7.9290128e-001
 7.8899097e-001
 7.8591311e-001
 7.8368104e-001
 7.8219813e-001
 7.8136700e-001
 7.8109038e-001
 7.8127116e-001
 7.8181237e-001
 7.8261650e-001
 7.8358680e-001
 7.8462565e-001
 7.8563613e-001
 7.8652096e-001
 7.8720444e-001
 7.8768742e-001
 7.8798878e-001
 7.8812689e-001
 7.8812045e-001
 7.8798825e-001
 7.8774863e-001
 7.8742039e-001
 7.8702205e-001
 7.8657216e-001
 7.8608954e-001
 7.8559262e-001
 7.8509742e-001
 7.8461027e-001
 7.8413528e-001
 7.8367686e-001
 7.8323907e-001
 7.8282619e-001
 7.8244251e-001
 7.8209209e-001
 7.8177929e-001
 7.8150821e-001
 7.8128308e-001
 7.8110540e-001
 7.8096670e-001
 7.8085631e-001
 7.8076375e-001
 7.8067827e-001
 7.8058934e-001
 7.8048640e-001
 7.8035873e-001
 7.8019583e-001
 7.7998710e-001
 7.7972561e-001
 7.7941746e-001
 7.7907139e-001
 7.7869636e-001
 7.7830100e-001
 7.7789456e-001
 7.7748525e-001
 7.7708256e-001
 7.7669477e-001
 7.7633125e-001
 7.7599949e-001
 7.7570504e-001
 7.7545226e-001
 7.7524573e-001
 7.7508998e-001
 7.7498960e-001
 7.7494913e-001
 7.7497315e-001
 7.7506620e-001
 7.7523285e-001
 7.7547044e-001
 7.7575243e-001
 7.7604693e-001
 7.7632236e-001
 7.7654696e-001
 7.7668905e-001
 7.7671683e-001
 7.7659869e-001
 7.7630275e-001
 7.7581215e-001
 7.7515781e-001
 7.7438134e-001
 7.7352411e-001
 7.7262741e-001
 7.7173263e-001
 7.7088135e-001
 7.7011466e-001
 7.6946282e-001
 7.6891804e-001
 7.6846522e-001
 7.6808894e-001
 7.6777399e-001
 7.6750523e-001
 7.6726717e-001
 7.6704460e-001
 7.6682431e-001
 7.6659924e-001
 7.6636380e-001
 7.6611239e-001
 7.6583928e-001
 7.6553899e-001
 7.6520592e-001
 7.6483417e-001
 7.6441717e-001
 7.6394457e-001
 7.6340491e-001
 7.6282036e-001
 7.6210302e-001
 7.6128501e-001
 7.6037413e-001
 7.5940645e-001
 7.5844824e-001
 7.5758678e-001
 7.5691926e-001
 7.5654197e-001
 7.5652844e-001
 7.5689298e-001
 7.5756812e-001
 7.5842834e-001
 7.5932640e-001
 7.6011992e-001
 7.6069868e-001
 7.6101440e-001
 7.6108921e-001
 7.6099837e-001
 7.6084131e-001
 7.6071715e-001
 7.6070052e-001
 7.6082045e-001
 7.6105267e-001
 7.6133150e-001
 7.6157206e-001
 7.6169288e-001
 7.6163846e-001
 7.6139855e-001
 7.6101404e-001
 7.6056623e-001
 7.6015627e-001
 7.5988311e-001
 7.5982195e-001
 7.6000786e-001
 7.6043081e-001
 7.6104409e-001
 7.6177996e-001
 7.6256716e-001
 7.6334459e-001
 7.6391399e-001
 7.6450133e-001
 7.6508772e-001
 7.6566762e-001
 7.6624030e-001
 7.6680881e-001
 7.6737899e-001
 7.6795840e-001
 7.6855493e-001
 7.6917601e-001
 7.6982737e-001
 7.7051252e-001
 7.7123260e-001
 7.7198571e-001
 7.7276766e-001
 7.7357286e-001
 7.7439409e-001
 7.7522391e-001
 7.7605397e-001
 7.7687591e-001
 7.7768171e-001
 7.7846336e-001
 7.7921402e-001
 7.7992761e-001
 7.8059942e-001
 7.8122681e-001
 7.8180927e-001
 7.8234971e-001
 7.8285378e-001
 7.8333014e-001
 7.8378916e-001
 7.8424108e-001
 7.8469521e-001
 7.8515810e-001
 7.8563344e-001
 7.8612190e-001
 7.8662133e-001
 7.8712791e-001
 7.8763688e-001
 7.8814316e-001
 7.8864264e-001
 7.8913146e-001
 7.8960645e-001
 7.9006499e-001
 7.9050457e-001
 7.9092336e-001
 7.9131985e-001
 7.9169381e-001
 7.9204613e-001
 7.9237890e-001
 7.9269516e-001
 7.9299784e-001
 7.9328960e-001
 7.9357195e-001
 7.9384500e-001
 7.9410791e-001
 7.9435962e-001
 7.9459941e-001
 7.9482806e-001
 7.9504782e-001
 7.9526258e-001
 7.9547679e-001
 7.9569471e-001
 7.9591912e-001
 7.9615062e-001
 7.9638743e-001
 7.9662585e-001
 7.9686099e-001
 7.9708791e-001
 7.9730290e-001
 7.9750371e-001
 7.9769015e-001
 7.9786354e-001
 7.9802597e-001
 7.9817963e-001
 7.9832596e-001
 7.9846537e-001
 7.9859680e-001
 7.9871857e-001
 7.9882854e-001
 7.9892504e-001
 7.9900742e-001
 7.9907644e-001
 7.9913431e-001
 7.9918420e-001
 7.9922962e-001
 7.9927343e-001
 7.9931742e-001
 7.9936123e-001
 7.9940283e-001
 7.9943860e-001
 7.9946411e-001
 7.9947513e-001
 7.9946846e-001
 7.9944223e-001
 7.9939616e-001
 7.9933125e-001
 7.9924899e-001
 7.9915100e-001
 7.9903859e-001
 7.9891294e-001
 7.9877520e-001
 7.9862732e-001
 7.9847270e-001
 7.9831606e-001
 7.9816377e-001
 7.9802251e-001
 7.9789907e-001
 7.9779851e-001
 7.9772353e-001
 7.9767400e-001
 7.9764670e-001
 7.9763597e-001
 7.9763472e-001
 7.9763550e-001
 7.9763138e-001
 7.9761720e-001
 7.9758966e-001
 7.9754764e-001
 7.9749185e-001
 7.9742402e-001
 7.9734647e-001
 7.9726136e-001
 7.9716986e-001
 7.9707223e-001
 7.9696733e-001
 7.9685330e-001
 7.9672760e-001
 7.9658777e-001
 7.9643166e-001
 7.9625803e-001
 7.9606670e-001
 7.9585809e-001
 7.9563338e-001
 7.9539376e-001
 7.9513973e-001
 7.9487073e-001
 7.9458451e-001
 7.9427701e-001
 7.9394239e-001
 7.9357308e-001
 7.9316103e-001
 7.9269761e-001
 7.9217494e-001
 7.9158658e-001
 7.9092747e-001
 7.9019463e-001
 7.8938663e-001
 7.8850365e-001
 7.8754693e-001
 7.8651762e-001
 7.8541756e-001
 7.8424793e-001
 7.8301072e-001
 7.8170860e-001
 7.8034532e-001
 7.7892762e-001
 7.7746439e-001
 7.7596802e-001
 7.7445334e-001
 7.7293628e-001
 7.7143359e-001
 7.6995999e-001
 7.6852834e-001
 7.6714826e-001
 7.6582587e-001
 7.6456511e-001
 7.6336855e-001
 7.6223814e-001
 7.6117671e-001
 7.6018763e-001
 7.5927532e-001
 7.5844437e-001
 7.5769830e-001
 7.5703943e-001
 7.5646782e-001
 7.5598150e-001
 7.5557649e-001
 7.5524735e-001
 7.5498772e-001
 7.5479054e-001
 7.5464833e-001
 7.5455338e-001
 7.5449735e-001
 7.5447154e-001
 7.5446689e-001
 7.5447452e-001
 7.5448591e-001
 7.5449330e-001
 7.5449049e-001
 7.5447243e-001
 7.5443584e-001
 7.5437868e-001
 7.5430042e-001
 7.5420213e-001
 7.5408679e-001
 7.5395960e-001
 7.5382864e-001
 7.5370485e-001
 7.5360197e-001
 7.5353605e-001
 7.5352407e-001
 7.5358242e-001
 7.5372505e-001
 7.5396192e-001
 7.5429708e-001
 7.5472838e-001
 7.5524670e-001
 7.5583702e-001
 7.5647920e-001
 7.5715005e-001
 7.5782555e-001
 7.5848258e-001
 7.5910103e-001
 7.5966531e-001
 7.6016504e-001
 7.6059532e-001
 7.6095599e-001
 7.6125115e-001
 7.6148760e-001
 7.6167381e-001
 7.6181883e-001
 7.6193136e-001
 7.6201940e-001
 7.6209009e-001
 7.6214993e-001
 7.6220548e-001
 7.6226342e-001
 7.6233095e-001
 7.6241606e-001
 7.6252699e-001
 7.6267189e-001
 7.6285803e-001
 7.6309109e-001
 7.6337457e-001
 7.6370943e-001
 7.6409411e-001
 7.6452535e-001
 7.6499844e-001
 7.6550889e-001
 7.6605272e-001
 7.6662743e-001
 7.6723230e-001
 7.6786757e-001
 7.6853406e-001
 7.6923132e-001
 7.6995659e-001
 7.7070403e-001
 7.7146375e-001
 7.7222353e-001
 7.7296942e-001
 7.7368838e-001
 7.7437067e-001
 7.7501106e-001
 7.7561003e-001
 7.7617300e-001
 7.7670884e-001
 7.7722758e-001
 7.7773774e-001
 7.7824461e-001
 7.7874893e-001
 7.7924740e-001
 7.7973360e-001
 7.8019971e-001
 7.8063804e-001
 7.8104305e-001
 7.8141141e-001
 7.8174227e-001
 7.8203666e-001
 7.8229630e-001
 7.8252310e-001
 7.8271776e-001
 7.8287989e-001
 7.8300750e-001
 7.8309757e-001
 7.8314596e-001
 7.8314835e-001
 7.8310043e-001
 7.8299844e-001
 7.8284001e-001
 7.8262430e-001
 7.8235281e-001
 7.8202933e-001
 7.8166032e-001
 7.8125435e-001
 7.8082126e-001
 7.8037143e-001
 7.7991402e-001
 7.7945596e-001
 7.7900070e-001
 7.7854711e-001
 7.7809012e-001
 7.7762097e-001
 7.7712870e-001
 7.7660239e-001
 7.7603328e-001
 7.7541721e-001
 7.7475590e-001
 7.7405745e-001
 7.7333593e-001
 7.7260923e-001
 7.7189690e-001
 7.7121663e-001
 7.7058190e-001
 7.7000040e-001
 7.6947308e-001
 7.6899523e-001
 7.6855785e-001
 7.6814955e-001
 7.6775903e-001
 7.6737565e-001
 7.6699108e-001
 7.6659900e-001
 7.6619452e-001
 7.6577443e-001
 7.6533669e-001
 7.6488018e-001
 7.6440567e-001
 7.6391518e-001
 7.6341277e-001
 7.6290351e-001
 7.6239276e-001
 7.6188523e-001
 7.6138335e-001
 7.6088673e-001
 7.6039183e-001
 7.5989169e-001
 7.5937754e-001
 7.5883937e-001
 7.5826788e-001
 7.5765556e-001
 7.5699705e-001
 7.5628984e-001
 7.5553370e-001
 7.5472993e-001
 7.5388032e-001
 7.5298595e-001
 7.5204659e-001
 7.5106037e-001
 7.5002325e-001
 7.4893051e-001
 7.4777663e-001
 7.4655676e-001
 7.4526727e-001
 7.4390513e-001
 7.4246925e-001
 7.4095839e-001
 7.3937243e-001
 7.3771179e-001
 7.3597723e-001
 7.3417282e-001
 7.3230571e-001
 7.3038894e-001
 7.2844166e-001
 7.2648823e-001
 7.2455782e-001
 7.2267944e-001
 7.2087944e-001
 7.1917623e-001
 7.1757567e-001
 7.1606946e-001
 7.1463257e-001
 7.1322525e-001
 7.1179575e-001
 7.1028423e-001
 7.0862979e-001
 7.0677662e-001
 7.0467919e-001
 7.0230943e-001
 6.9965833e-001
 6.9674039e-001
 6.9359285e-001
 6.9027328e-001
 6.8685961e-001
 6.8344289e-001
 6.8012518e-001
 6.7701286e-001
 6.7420864e-001
 6.7180741e-001
 6.6988587e-001
 6.6849762e-001
 6.6766566e-001
 6.6737765e-001
 6.6758519e-001
 6.6820478e-001
 6.6912317e-001
 6.7020547e-001
 6.7130661e-001
 6.7228138e-001
 6.7299634e-001
 6.7333859e-001
 6.7322153e-001
 6.7258805e-001
 6.7141008e-001
 6.6968524e-001
 6.6743064e-001
 6.6467702e-001
 6.6145915e-001
 6.5781045e-001
 6.5375680e-001
 6.4931101e-001
 6.4447653e-001
 6.3924748e-001
 6.3362032e-001
 6.2760437e-001
 6.2123245e-001
 6.1457878e-001
 6.0776210e-001
 6.0095388e-001
 5.9437078e-001
 5.8825839e-001
 5.8287609e-001
 5.7846600e-001
 5.7523286e-001
 5.7331961e-001
 5.7279307e-001
 5.7363957e-001
 5.7576716e-001
 5.7901824e-001
 5.8318430e-001
 5.8802813e-001
 5.9330010e-001
 5.9875673e-001
 6.0417664e-001
 6.0936564e-001
 6.1416799e-001
 6.1846358e-001
 6.2216979e-001
 6.2523961e-001
 6.2765485e-001
 6.2942469e-001
 6.3057905e-001
 6.3116628e-001
 6.3124901e-001
 6.3090181e-001
 6.3020843e-001
 6.2925982e-001
 6.2815195e-001
 6.2698221e-001
 6.2584716e-001
 6.2483782e-001
 6.2403536e-001
 6.2350774e-001
 6.2330532e-001
 6.2345856e-001
 6.2397659e-001
 6.2484759e-001
 6.2604016e-001
 6.2750709e-001
 6.2918854e-001
 6.3101673e-001
 6.3292158e-001
 6.3483322e-001
 6.3668740e-001
 6.3842684e-001
 6.4000374e-001
 6.4138192e-001
 6.4253622e-001
 6.4345437e-001
 6.4413637e-001
 6.4459532e-001
 6.4485729e-001
 6.4496052e-001
 6.4495420e-001
 6.4489561e-001
 6.4484674e-001
 6.4486933e-001
 6.4501947e-001
 6.4534241e-001
 6.4586759e-001
 6.4660496e-001
 6.4754403e-001
 6.4865375e-001
 6.4988554e-001
 6.5117878e-001
 6.5246630e-001
 6.5368229e-001
 6.5476882e-001
 6.5568185e-001
 6.5639609e-001
 6.5690619e-001
 6.5722710e-001
 6.5739125e-001
 6.5744478e-001
 6.5744215e-001
 6.5744096e-001
 6.5749663e-001
 6.5765810e-001
 6.5796441e-001
 6.5844268e-001
 6.5910721e-001
 6.5995938e-001
 6.6098952e-001
 6.6217774e-001
 6.6349757e-001
 6.6491741e-001
 6.6640377e-001
 6.6792411e-001
 6.6944742e-001
 6.7094696e-001
 6.7239976e-001
 6.7378742e-001
 6.7509574e-001
 6.7631352e-001
 6.7743295e-001
 6.7844778e-001
 6.7935413e-001
 6.8015009e-001
 6.8083572e-001
 6.8141383e-001
 6.8188959e-001
 6.8227082e-001
 6.8256772e-001
 6.8279153e-001
 6.8295401e-001
 6.8306577e-001
 6.8313515e-001
 6.8316716e-001
 6.8316263e-001
 6.8311894e-001
 6.8303108e-001
 6.8289328e-001
 6.8270069e-001
 6.8245113e-001
 6.8214560e-001
 6.8178988e-001
 6.8139535e-001
 6.8097931e-001
 6.8056482e-001
 6.8017948e-001
 6.7985320e-001
 6.7961681e-001
 6.7949998e-001
 6.7952937e-001
 6.7972678e-001
 6.8010759e-001
 6.8068075e-001
 6.8144959e-001
 6.8241143e-001
 6.8355858e-001
 6.8487936e-001
 6.8635851e-001
 6.8797725e-001
 6.8971485e-001
 6.9154805e-001
 6.9345391e-001
 6.9540924e-001
 6.9739205e-001
 6.9938320e-001
 7.0136523e-001
 7.0332474e-001
 7.0525074e-001
 7.0713574e-001
 7.0897597e-001
 7.1076953e-001
 7.1251750e-001
 7.1422166e-001
 7.1588475e-001
 7.1751040e-001
 7.1910131e-001
 7.2066051e-001
 7.2218990e-001
 7.2369027e-001
 7.2516185e-001
 7.2660309e-001
 7.2801131e-001
 7.2938347e-001
 7.3071551e-001
 7.3200417e-001
 7.3324674e-001
 7.3444200e-001
 7.3559159e-001
 7.3669863e-001
 7.3776883e-001
 7.3880899e-001
 7.3982674e-001
 7.4083054e-001
 7.4182802e-001
 7.4282676e-001
 7.4383295e-001
 7.4485177e-001
 7.4588710e-001
 7.4694073e-001
 7.4801326e-001
 7.4910319e-001
 7.5020719e-001
 7.5132108e-001
 7.5243938e-001
 7.5355589e-001
 7.5466490e-001
 7.5576073e-001
 7.5683904e-001
 7.5789636e-001
 7.5893056e-001
 7.5994116e-001
 7.6092845e-001
 7.6189417e-001
 7.6284033e-001
 7.6376951e-001
 7.6468486e-001
 7.6558900e-001
 7.6648515e-001
 7.6737607e-001
 7.6826429e-001
 7.6915258e-001
 7.7004302e-001
 7.7093762e-001
 7.7183777e-001
 7.7274394e-001
 7.7365595e-001
 7.7457196e-001
 7.7548921e-001
 7.7640313e-001
 7.7730787e-001
 7.7819693e-001
 7.7906311e-001
 7.7989966e-001
 7.8070128e-001
 7.8146416e-001
 7.8218752e-001
 7.8287315e-001
 7.8352571e-001
 7.8415275e-001
 7.8476334e-001
 7.8536797e-001
 7.8597724e-001
 7.8660107e-001
 7.8724802e-001
 7.8792441e-001
 7.8863406e-001
 7.8937757e-001
 7.9015231e-001
 7.9095250e-001
 7.9176915e-001
 7.9259098e-001
 7.9340482e-001
 7.9419690e-001
 7.9495478e-001
 7.9566807e-001
 7.9632998e-001
 7.9693848e-001
 7.9749614e-001
 7.9800999e-001
 7.9849005e-001
 7.9894781e-001
 7.9939431e-001
 7.9983789e-001
 8.0028331e-001
 8.0073029e-001
 8.0117428e-001
 8.0160701e-001
 8.0201828e-001
 8.0239809e-001
 8.0273861e-001
 8.0303603e-001
 8.0329144e-001
 8.0351019e-001
 8.0370092e-001
 8.0387336e-001
 8.0403620e-001
 8.0419552e-001
 8.0435300e-001
 8.0450565e-001
 8.0464530e-001
 8.0475968e-001
 8.0483383e-001
 8.0485243e-001
 8.0480272e-001
 8.0467725e-001
 8.0447626e-001
 8.0420846e-001
 8.0389059e-001
 8.0354530e-001
 8.0319738e-001
 8.0286992e-001
 8.0257922e-001
 8.0233192e-001
 8.0212271e-001
 8.0193526e-001
 8.0174482e-001
 8.0152160e-001
 8.0123502e-001
 8.0085790e-001
 8.0036914e-001
 7.9975581e-001
 7.9901361e-001
 7.9814708e-001
 7.9716837e-001
 7.9609466e-001
 7.9494637e-001
 7.9374421e-001
 7.9250652e-001
 7.9124826e-001
 7.8997910e-001
 7.8870380e-001
 7.8742218e-001
 7.8612942e-001
 7.8481787e-001
 7.8347677e-001
 7.8209430e-001
 7.8065765e-001
 7.7915329e-001
 7.7756882e-001
 7.7589238e-001
 7.7411461e-001
 7.7222931e-001
 7.7023351e-001
 7.6812983e-001
 7.6592493e-001
 7.6363134e-001
 7.6126587e-001
 7.5884759e-001
 7.5639796e-001
 7.5393790e-001
 7.5148499e-001
 7.4905396e-001
 7.4665344e-001
 7.4428719e-001
 7.4195385e-001
 7.3964709e-001
 7.3735893e-001
 7.3507947e-001
 7.3280042e-001
 7.3051614e-001
 7.2822344e-001
 7.2592449e-001
 7.2362405e-001
 7.2133118e-001
 7.1905708e-001
 7.1681321e-001
 7.1461195e-001
 7.1246338e-001
 7.1037626e-001
 7.0835721e-001
 7.0641005e-001
 7.0453781e-001
 7.0274210e-001
 7.0102531e-001
 6.9939137e-001
 6.9784552e-001
 6.9639641e-001
 6.9505525e-001
 6.9383490e-001
 6.9274992e-001
 6.9181401e-001
 6.9103909e-001
 6.9043326e-001
 6.8999916e-001
 6.8973339e-001
 6.8962574e-001
 6.8966019e-001
 6.8981564e-001
 6.9006783e-001
 6.9039118e-001
 6.9076091e-001
 6.9115460e-001
 6.9155335e-001
 6.9194281e-001
 6.9231260e-001
 6.9265652e-001
 6.9297129e-001
 6.9325578e-001
 6.9351006e-001
 6.9373435e-001
 6.9392878e-001
 6.9409311e-001
 6.9422674e-001
 6.9432956e-001
 6.9440234e-001
 6.9444782e-001
 6.9447166e-001
 6.9448322e-001
 6.9449550e-001
 6.9452560e-001
 6.9459337e-001
 6.9472045e-001
 6.9492763e-001
 6.9523251e-001
 6.9564688e-001
 6.9617414e-001
 6.9680804e-001
 6.9753218e-001
 6.9832283e-001
 6.9915092e-001
 6.9998544e-001
 7.0079666e-001
 7.0155841e-001
 7.0225066e-001
 7.0285982e-001
 7.0337933e-001
 7.0381111e-001
 7.0416492e-001
 7.0445752e-001
 7.0471114e-001
 7.0495015e-001
 7.0519865e-001
 7.0547652e-001
 7.0579720e-001
 7.0616615e-001
 7.0658046e-001
 7.0701170e-001
 7.0750427e-001
 7.0799905e-001
 7.0847690e-001
 7.0892096e-001
 7.0931911e-001
 7.0966536e-001
 7.0995879e-001
 7.1020281e-001
 7.1040255e-001
 7.1056420e-001
 7.1069390e-001
 7.1079743e-001
 7.1087974e-001
 7.1094435e-001
 7.1099299e-001
 7.1102548e-001
 7.1104014e-001
 7.1103400e-001
 7.1100324e-001
 7.1094382e-001
 7.1085125e-001
 7.1072102e-001
 7.1054816e-001
 7.1032733e-001
 7.1005255e-001
 7.0971715e-001
 7.0931381e-001
 7.0883477e-001
 7.0827204e-001
 7.0761776e-001
 7.0686418e-001
 7.0600516e-001
 7.0503640e-001
 7.0395780e-001
 7.0277447e-001
 7.0149696e-001
 7.0014143e-001
 6.9872791e-001
 6.9727814e-001
 6.9581556e-001
 6.9436282e-001
 6.9294161e-001
 6.9157070e-001
 6.9026303e-001
 6.8902552e-001
 6.8785650e-001
 6.8674791e-001
 6.8568653e-001
 6.8465561e-001
 6.8363750e-001
 6.8261385e-001
 6.8156713e-001
 6.8048149e-001
 6.7934310e-001
 6.7814231e-001
 6.7687279e-001
 6.7553210e-001
 6.7412060e-001
 6.7263955e-001
 6.7109168e-001
 6.6947931e-001
 6.6780537e-001
 6.6607285e-001
 6.6428381e-001
 6.6244072e-001
 6.6054595e-001
 6.5860087e-001
 6.5660769e-001
 6.5456754e-001
 6.5248227e-001
 6.5035343e-001
 6.4818186e-001
 6.4596885e-001
 6.4371419e-001
 6.4141738e-001
 6.3907707e-001
 6.3669014e-001
 6.3425398e-001
 6.3176447e-001
 6.2921816e-001
 6.2661171e-001
 6.2394100e-001
 6.2120378e-001
 6.1839741e-001
 6.1552143e-001
 6.1257684e-001
 6.0956484e-001
 6.0648853e-001
 6.0335159e-001
 6.0015690e-001
 5.9690911e-001
 5.9361166e-001
 5.9026963e-001
 5.8688915e-001
 5.8347625e-001
 5.8004028e-001
 5.7658988e-001
 5.7313615e-001
 5.6969047e-001
 5.6626344e-001
 5.6286693e-001
 5.5951077e-001
 5.5620468e-001
 5.5295616e-001
 5.4976892e-001
 5.4664487e-001
 5.4358166e-001
 5.4057592e-001
 5.3762299e-001
 5.3471667e-001
 5.3185219e-001
 5.2902406e-001
 5.2622926e-001
 5.2346706e-001
 5.2073920e-001
 5.1805186e-001
 5.1541471e-001
 5.1283878e-001
 5.1033777e-001
 5.0792474e-001
 5.0561363e-001
 5.0341743e-001
 5.0134653e-001
 4.9940917e-001
 4.9760824e-001
 4.9594271e-001
 4.9440715e-001
 4.9299243e-001
 4.9168822e-001
 4.9048278e-001
 4.8936471e-001
 4.8832330e-001
 4.8734903e-001
 4.8643559e-001
 4.8557988e-001
 4.8478320e-001
 4.8405045e-001
 4.8338905e-001
 4.8280817e-001
 4.8231781e-001
 4.8192772e-001
 4.8164725e-001
 4.8148432e-001
 4.8144445e-001
 4.8152998e-001
 4.8173964e-001
 4.8206902e-001
 4.8251128e-001
 4.8305818e-001
 4.8370060e-001
 4.8442939e-001
 4.8523450e-001
 4.8610589e-001
 4.8703215e-001
 4.8800063e-001
 4.8899764e-001
 4.9000782e-001
 4.9101526e-001
 4.9200329e-001
 4.9295506e-001
 4.9385449e-001
 4.9468637e-001
 4.9543807e-001
 4.9610153e-001
 4.9667409e-001
 4.9715978e-001
 4.9756822e-001
 4.9791330e-001
 4.9821165e-001
 4.9848086e-001
 4.9873903e-001
 4.9900389e-001
 4.9929228e-001
 4.9961972e-001
 4.9999949e-001
 5.0044286e-001
 5.0095886e-001
 5.0155509e-001
 5.0223833e-001
 5.0301480e-001
 5.0389051e-001
 5.0487095e-001
 5.0596094e-001
 5.0716466e-001
 5.0848430e-001
 5.0992101e-001
 5.1147419e-001
 5.1314217e-001
 5.1492316e-001
 5.1681441e-001
 5.1881278e-001
 5.2091545e-001
 5.2311760e-001
 5.2541375e-001
 5.2779561e-001
 5.3025246e-001
 5.3277224e-001
 5.3534007e-001
 5.3794152e-001
 5.4056031e-001
 5.4318190e-001
 5.4578978e-001
 5.4837030e-001
 5.5091125e-001
 5.5340075e-001
 5.5583096e-001
 5.5819541e-001
 5.6048977e-001
 5.6270897e-001
 5.6484997e-001
 5.6690997e-001
 5.6888473e-001
 5.7077181e-001
 5.7256866e-001
 5.7427204e-001
 5.7588005e-001
 5.7739079e-001
 5.7880300e-001
 5.8011442e-001
 5.8132398e-001
 5.8243066e-001
 5.8343321e-001
 5.8433193e-001
 5.8512831e-001
 5.8582538e-001
 5.8642864e-001
 5.8694541e-001
 5.8738416e-001
 5.8775437e-001
 5.8806586e-001
 5.8832848e-001
 5.8855152e-001
 5.8874357e-001
 5.8891171e-001
 5.8906108e-001
 5.8919460e-001
 5.8931327e-001
 5.8941644e-001
 5.8950287e-001
 5.8957070e-001
 5.8961791e-001
 5.8964247e-001
 5.8964217e-001
 5.8961487e-001
 5.8955824e-001
 5.8946979e-001
 5.8934706e-001
 5.8918744e-001
 5.8898824e-001
 5.8874673e-001
 5.8846056e-001
 5.8812737e-001
 5.8774525e-001
 5.8731312e-001
 5.8683139e-001
 5.8630115e-001
 5.8572483e-001
 5.8510596e-001
 5.8444810e-001
 5.8375514e-001
 5.8303165e-001
 5.8228195e-001
 5.8151090e-001
 5.8072382e-001
 5.7992768e-001
 5.7912976e-001
 5.7833844e-001
 5.7756329e-001
 5.7681358e-001
 5.7609874e-001
 5.7542831e-001
 5.7481003e-001
 5.7424927e-001
 5.7374692e-001
 5.7329851e-001
 5.7289273e-001
 5.7251245e-001
 5.7213664e-001
 5.7174140e-001
 5.7130182e-001
 5.7079363e-001
 5.7019383e-001
 5.6948328e-001
 5.6864995e-001
 5.6768978e-001
 5.6660879e-001
 5.6542140e-001
 5.6414920e-001
 5.6281692e-001
 5.6145084e-001
 5.6007826e-001
 5.5872393e-001
 5.5740875e-001
 5.5614847e-001
 5.5494922e-001
 5.5380809e-001
 5.5271339e-001
 5.5164790e-001
 5.5058986e-001
 5.4951602e-001
 5.4840392e-001
 5.4723221e-001
 5.4598379e-001
 5.4464948e-001
 5.4322875e-001
 5.4173172e-001
 5.4017931e-001
 5.3859836e-001
 5.3702015e-001
 5.3547758e-001
 5.3400433e-001
 5.3263074e-001
 5.3138220e-001
 5.3027648e-001
 5.2931887e-001
 5.2850187e-001
 5.2780712e-001
 5.2720708e-001
 5.2666932e-001
 5.2615899e-001
 5.2564138e-001
 5.2508277e-001
 5.2445281e-001
 5.2372772e-001
 5.2289116e-001
 5.2193570e-001
 5.2086252e-001
 5.1967824e-001
 5.1839286e-001
 5.1701897e-001
 5.1556885e-001
 5.1405519e-001
 5.1248962e-001
 5.1088405e-001
 5.0924802e-001
 5.0758970e-001
 5.0591713e-001
 5.0423616e-001
 5.0255215e-001
 5.0087124e-001
 4.9919775e-001
 4.9753526e-001
 4.9588472e-001
 4.9424446e-001
 4.9260646e-001
 4.9095717e-001
 4.8927897e-001
 4.8754939e-001
 4.8574367e-001
 4.8383754e-001
 4.8180586e-001
 4.7962528e-001
 4.7727829e-001
 4.7475305e-001
 4.7204775e-001
 4.6917063e-001
 4.6614173e-001
 4.6298605e-001
 4.5973283e-001
 4.5641541e-001
 4.5306507e-001
 4.4971162e-001
 4.4638407e-001
 4.4310331e-001
 4.3988350e-001
 4.3672958e-001
 4.3364117e-001
 4.3061000e-001
 4.2762455e-001
 4.2467400e-001
 4.2174551e-001
 4.1882780e-001
 4.1591537e-001
 4.1300681e-001
 4.1010907e-001
 4.0724054e-001
 4.0442586e-001
 4.0169647e-001
 3.9908686e-001
 3.9663464e-001
 3.9437467e-001
 3.9233810e-001
 3.9054933e-001
 3.8901755e-001
 3.8773355e-001
 3.8666829e-001
 3.8577327e-001
 3.8498649e-001
 3.8423780e-001
 3.8345423e-001
 3.8256308e-001
 3.8149697e-001
 3.8020122e-001
 3.7864059e-001
 3.7680689e-001
 3.7472346e-001
 3.7243974e-001
 3.7002560e-001
 3.6756238e-001
 3.6513874e-001
 3.6284265e-001
 3.6075988e-001
 3.5897157e-001
 3.5754663e-001
 3.5654005e-001
 3.5599154e-001
 3.5592568e-001
 3.5635686e-001
 3.5729256e-001
 3.5873705e-001
 3.6069176e-001
 3.6315498e-001
 3.6611596e-001
 3.6955380e-001
 3.7343219e-001
 3.7769434e-001
 3.8227016e-001
 3.8707817e-001
 3.9202648e-001
 3.9702377e-001
 4.0197799e-001
 4.0680233e-001
 4.1141555e-001
 4.1575530e-001
 4.1977969e-001
 4.2346698e-001
 4.2681906e-001
 4.2985290e-001
 4.3259245e-001
 4.3506822e-001
 4.3731141e-001
 4.3935049e-001
 4.4121185e-001
 4.4291508e-001
 4.4447157e-001
 4.4588217e-001
 4.4714028e-001
 4.4823292e-001
 4.4914258e-001
 4.4985086e-001
 4.5033914e-001
 4.5058984e-001
 4.5058903e-001
 4.5032820e-001
 4.4980618e-001
 4.4903052e-001
 4.4801593e-001
 4.4678247e-001
 4.4535446e-001
 4.4375706e-001
 4.4201601e-001
 4.4015890e-001
 4.3821281e-001
 4.3620595e-001
 4.3416947e-001
 4.3213481e-001
 4.3013546e-001
 4.2820558e-001
 4.2638129e-001
 4.2469746e-001
 4.2318848e-001
 4.2188796e-001
 4.2082462e-001
 4.2002115e-001
 4.1949221e-001
 4.1924238e-001
 4.1926795e-001
 4.1955900e-001
 4.2010152e-001
 4.2087972e-001
 4.2187685e-001
 4.2307419e-001
 4.2445150e-001
 4.2598528e-001
 4.2764625e-001
 4.2940095e-001
 4.3121138e-001
 4.3303478e-001
 4.3482766e-001
 4.3654540e-001
 4.3814430e-001
 4.3958154e-001
 4.4082022e-001
 4.4183078e-001
 4.4259354e-001
 4.4310105e-001
 4.4335616e-001
 4.4336912e-001
 4.4315523e-001
 4.4273204e-001
 4.4211832e-001
 4.4133484e-001
 4.4040444e-001
 4.3935391e-001
 4.3821627e-001
 4.3702993e-001
 4.3583861e-001
 4.3469107e-001
 4.3363735e-001
 4.3272829e-001
 4.3201399e-001
 4.3153960e-001
 4.3134144e-001
 4.3144074e-001
 4.3183821e-001
 4.3251184e-001
 4.3341941e-001
 4.3450290e-001
 4.3569601e-001
 4.3692854e-001
 4.3812922e-001
 4.3923101e-001
 4.4017449e-001
 4.4091368e-001
 4.4142020e-001
 4.4168636e-001
 4.4172224e-001
 4.4155139e-001
 4.4120526e-001
 4.4071895e-001
 4.4012865e-001
 4.3946892e-001
 4.3877071e-001
 4.3805853e-001
 4.3734869e-001
 4.3664762e-001
 4.3595308e-001
 4.3525693e-001
 4.3454683e-001
 4.3380865e-001
 4.3302843e-001
 4.3219256e-001
 4.3128937e-001
 4.3031144e-001
 4.2925555e-001
 4.2812407e-001
 4.2692381e-001
 4.2566609e-001
 4.2436343e-001
 4.2302939e-001
 4.2167869e-001
 4.2032495e-001
 4.1898134e-001
 4.1766089e-001
 4.1637444e-001
 4.1513166e-001
 4.1394073e-001
 4.1280964e-001
 4.1174489e-001
 4.1075271e-001
 4.0983921e-001
 4.0900856e-001
 4.0826195e-001
 4.0759644e-001
 4.0700182e-001
 4.0646082e-001
 4.0595013e-001
 4.0544182e-001
 4.0490571e-001
 4.0431073e-001
 4.0362695e-001
 4.0282607e-001
 4.0188402e-001
 4.0078390e-001
 3.9951682e-001
 3.9808339e-001
 3.9649427e-001
 3.9476615e-001
 3.9292046e-001
 3.9098021e-001
 3.8897040e-001
 3.8691443e-001
 3.8483509e-001
 3.8275623e-001
 3.8077164e-001
 3.7924305e-001
 3.7727913e-001
 3.7536278e-001
 3.7349385e-001
 3.7167287e-001
 3.6989978e-001
 3.6817598e-001
 3.6650139e-001
 3.6487645e-001
 3.6330169e-001
 3.6177686e-001
 3.6030075e-001
 3.5886982e-001
 3.5748091e-001
 3.5613051e-001
 3.5481602e-001
 3.5353398e-001
 3.5228118e-001
 3.5105422e-001
 3.4985045e-001
 3.4866637e-001
 3.4749880e-001
 3.4634429e-001
 3.4520024e-001
 3.4406349e-001
 3.4293392e-001
 3.4181300e-001
 3.4070188e-001
 3.3960259e-001
 3.3851629e-001
 3.3744439e-001
 3.3638820e-001
 3.3534953e-001
 3.3432961e-001
 3.3332995e-001
 3.3235171e-001
 3.3139679e-001
 3.3046648e-001
 3.2956219e-001
 3.2868534e-001
 3.2783717e-001
 3.2701957e-001
 3.2623354e-001
 3.2547787e-001
 3.2475007e-001
 3.2404813e-001
 3.2336953e-001
 3.2271183e-001
 3.2207254e-001
 3.2144964e-001
 3.2084051e-001
 3.2024291e-001
 3.1965435e-001
 3.1907240e-001
 3.1849495e-001
 3.1791952e-001
 3.1734365e-001
 3.1676495e-001
 3.1618124e-001
 3.1559008e-001
 3.1498900e-001
 3.1437564e-001
 3.1374782e-001
 3.1310302e-001
 3.1243917e-001
 3.1175667e-001
 3.1105769e-001
 3.1034392e-001
 3.0961719e-001
 3.0887941e-001
 3.0813217e-001
 3.0737776e-001
 3.0661777e-001
 3.0585417e-001
 3.0508855e-001
 3.0432320e-001
 3.0355972e-001
 3.0279994e-001
 3.0204567e-001
 3.0129901e-001
 3.0056170e-001
 2.9983556e-001
 2.9912242e-001
 2.9842404e-001
 2.9774252e-001
 2.9707962e-001
 2.9643720e-001
 2.9581693e-001
 2.9522094e-001
 2.9465100e-001
 2.9410872e-001
 2.9359418e-001
 2.9310700e-001
 2.9264644e-001
 2.9221183e-001
 2.9180259e-001
 2.9141805e-001
 2.9105777e-001
 2.9072097e-001
 2.9040709e-001
 2.9011545e-001
 2.8984562e-001
 2.8959680e-001
 2.8936845e-001
 2.8915986e-001
 2.8897059e-001
 2.8879994e-001
 2.8864726e-001
 2.8851190e-001
 2.8839338e-001
 2.8829098e-001
 2.8820410e-001
 2.8813216e-001
 2.8807449e-001
 2.8803053e-001
 2.8799963e-001
 2.8798124e-001
 2.8797463e-001
 2.8797925e-001
 2.8799447e-001
 2.8801972e-001
 2.8805435e-001
 2.8809771e-001
 2.8814924e-001
