s07_ASD Record=12730: Calcite.5+.Ca-Mont.5 AMX6    ASDNGb AREF
-1.2300000e+034
 6.7916948e-001
 6.7897117e-001
 6.7903590e-001
 6.7927110e-001
 6.7910314e-001
 6.7922938e-001
 6.7961514e-001
 6.8003571e-001
 6.8008518e-001
 6.8072766e-001
 6.8151677e-001
 6.8152004e-001
 6.8106383e-001
 6.8093067e-001
 6.8125993e-001
 6.8144143e-001
 6.8184376e-001
 6.8235600e-001
 6.8291438e-001
 6.8395120e-001
 6.8463618e-001
 6.8479705e-001
 6.8470407e-001
 6.8507642e-001
 6.8572181e-001
 6.8646073e-001
 6.8726587e-001
 6.8814933e-001
 6.8900764e-001
 6.8974769e-001
 6.9037139e-001
 6.9097441e-001
 6.9170612e-001
 6.9270676e-001
 6.9391322e-001
 6.9505447e-001
 6.9600570e-001
 6.9685292e-001
 6.9756854e-001
 6.9838595e-001
 6.9942749e-001
 7.0030379e-001
 7.0109296e-001
 7.0190448e-001
 7.0283395e-001
 7.0369065e-001
 7.0444226e-001
 7.0512444e-001
 7.0584160e-001
 7.0660204e-001
 7.0741427e-001
 7.0824170e-001
 7.0888168e-001
 7.0963299e-001
 7.1042705e-001
 7.1099675e-001
 7.1171665e-001
 7.1243709e-001
 7.1309626e-001
 7.1389329e-001
 7.1460521e-001
 7.1527940e-001
 7.1601164e-001
 7.1677601e-001
 7.1741802e-001
 7.1800041e-001
 7.1873093e-001
 7.1939522e-001
 7.2003943e-001
 7.2071415e-001
 7.2139072e-001
 7.2202492e-001
 7.2266436e-001
 7.2336680e-001
 7.2404444e-001
 7.2469771e-001
 7.2534740e-001
 7.2602493e-001
 7.2672272e-001
 7.2739476e-001
 7.2803450e-001
 7.2875756e-001
 7.2945106e-001
 7.3011482e-001
 7.3080015e-001
 7.3149616e-001
 7.3219997e-001
 7.3292190e-001
 7.3368543e-001
 7.3445958e-001
 7.3523521e-001
 7.3601979e-001
 7.3686677e-001
 7.3771143e-001
 7.3855156e-001
 7.3942530e-001
 7.4027634e-001
 7.4114001e-001
 7.4201763e-001
 7.4282956e-001
 7.4365991e-001
 7.4448746e-001
 7.4526608e-001
 7.4601436e-001
 7.4675930e-001
 7.4749577e-001
 7.4819243e-001
 7.4885571e-001
 7.4951404e-001
 7.5017786e-001
 7.5080007e-001
 7.5141191e-001
 7.5201601e-001
 7.5260741e-001
 7.5318986e-001
 7.5377458e-001
 7.5435615e-001
 7.5491208e-001
 7.5544405e-001
 7.5597537e-001
 7.5651658e-001
 7.5702548e-001
 7.5753254e-001
 7.5805008e-001
 7.5857449e-001
 7.5907278e-001
 7.5955206e-001
 7.6002789e-001
 7.6052821e-001
 7.6099426e-001
 7.6145333e-001
 7.6194161e-001
 7.6240432e-001
 7.6286745e-001
 7.6334012e-001
 7.6380622e-001
 7.6426208e-001
 7.6472485e-001
 7.6520967e-001
 7.6570576e-001
 7.6618272e-001
 7.6664841e-001
 7.6712602e-001
 7.6760787e-001
 7.6808906e-001
 7.6856899e-001
 7.6905179e-001
 7.6951212e-001
 7.6997268e-001
 7.7045834e-001
 7.7096027e-001
 7.7145076e-001
 7.7192843e-001
 7.7240586e-001
 7.7287608e-001
 7.7335268e-001
 7.7384162e-001
 7.7432811e-001
 7.7479339e-001
 7.7525216e-001
 7.7572823e-001
 7.7619559e-001
 7.7667111e-001
 7.7715772e-001
 7.7763414e-001
 7.7809900e-001
 7.7856565e-001
 7.7904320e-001
 7.7951962e-001
 7.8001446e-001
 7.8050590e-001
 7.8095913e-001
 7.8144014e-001
 7.8192925e-001
 7.8241032e-001
 7.8289026e-001
 7.8337568e-001
 7.8386641e-001
 7.8435898e-001
 7.8484064e-001
 7.8534263e-001
 7.8586763e-001
 7.8639054e-001
 7.8689605e-001
 7.8739941e-001
 7.8791511e-001
 7.8844386e-001
 7.8896856e-001
 7.8948909e-001
 7.9001296e-001
 7.9053617e-001
 7.9106867e-001
 7.9160661e-001
 7.9212636e-001
 7.9264879e-001
 7.9317570e-001
 7.9370314e-001
 7.9421741e-001
 7.9474020e-001
 7.9527110e-001
 7.9579133e-001
 7.9629475e-001
 7.9679197e-001
 7.9729271e-001
 7.9780143e-001
 7.9833019e-001
 7.9886353e-001
 7.9937923e-001
 7.9988611e-001
 8.0039471e-001
 8.0090302e-001
 8.0139405e-001
 8.0186814e-001
 8.0233485e-001
 8.0280101e-001
 8.0325860e-001
 8.0370653e-001
 8.0414683e-001
 8.0457896e-001
 8.0498672e-001
 8.0537009e-001
 8.0574012e-001
 8.0612236e-001
 8.0648839e-001
 8.0684310e-001
 8.0719626e-001
 8.0752563e-001
 8.0786121e-001
 8.0821615e-001
 8.0858451e-001
 8.0895811e-001
 8.0933297e-001
 8.0970263e-001
 8.1005096e-001
 8.1039721e-001
 8.1074524e-001
 8.1109148e-001
 8.1144470e-001
 8.1176925e-001
 8.1205070e-001
 8.1230772e-001
 8.1257886e-001
 8.1285691e-001
 8.1312490e-001
 8.1338191e-001
 8.1364805e-001
 8.1393021e-001
 8.1422269e-001
 8.1451172e-001
 8.1478256e-001
 8.1503600e-001
 8.1530511e-001
 8.1555963e-001
 8.1579179e-001
 8.1600738e-001
 8.1623107e-001
 8.1648201e-001
 8.1674653e-001
 8.1697905e-001
 8.1718969e-001
 8.1739402e-001
 8.1760669e-001
 8.1783366e-001
 8.1805950e-001
 8.1827056e-001
 8.1845951e-001
 8.1865317e-001
 8.1886256e-001
 8.1908280e-001
 8.1929034e-001
 8.1949139e-001
 8.1969190e-001
 8.1989372e-001
 8.2007980e-001
 8.2026279e-001
 8.2045013e-001
 8.2064384e-001
 8.2083130e-001
 8.2102543e-001
 8.2122803e-001
 8.2141638e-001
 8.2157773e-001
 8.2173902e-001
 8.2193494e-001
 8.2214302e-001
 8.2235217e-001
 8.2255346e-001
 8.2275045e-001
 8.2296264e-001
 8.2317120e-001
 8.2335311e-001
 8.2350498e-001
 8.2365805e-001
 8.2382888e-001
 8.2402521e-001
 8.2422602e-001
 8.2443118e-001
 8.2463592e-001
 8.2483935e-001
 8.2501799e-001
 8.2519495e-001
 8.2539350e-001
 8.2558680e-001
 8.2577109e-001
 8.2595396e-001
 8.2614374e-001
 8.2631201e-001
 8.2648039e-001
 8.2667065e-001
 8.2689059e-001
 8.2710665e-001
 8.2729739e-001
 8.2745576e-001
 8.2760298e-001
 8.2775247e-001
 8.2789820e-001
 8.2802510e-001
 8.2818192e-001
 8.2837021e-001
 8.2856965e-001
 8.2873428e-001
 8.2888949e-001
 8.2905465e-001
 8.2923770e-001
 8.2940048e-001
 8.2954794e-001
 8.2968771e-001
 8.2982898e-001
 8.2996476e-001
 8.3010668e-001
 8.3025980e-001
 8.3041060e-001
 8.3056605e-001
 8.3071846e-001
 8.3086222e-001
 8.3100784e-001
 8.3115691e-001
 8.3130747e-001
 8.3145446e-001
 8.3158290e-001
 8.3171493e-001
 8.3186334e-001
 8.3201444e-001
 8.3213991e-001
 8.3224326e-001
 8.3234352e-001
 8.3245671e-001
 8.3258158e-001
 8.3271748e-001
 8.3286029e-001
 8.3297449e-001
 8.3307135e-001
 8.3316910e-001
 8.3327812e-001
 8.3337736e-001
 8.3347493e-001
 8.3358747e-001
 8.3370215e-001
 8.3381772e-001
 8.3393389e-001
 8.3405054e-001
 8.3414930e-001
 8.3424991e-001
 8.3436203e-001
 8.3445024e-001
 8.3454877e-001
 8.3466077e-001
 8.3477426e-001
 8.3487433e-001
 8.3496666e-001
 8.3506900e-001
 8.3520401e-001
 8.3533150e-001
 8.3545351e-001
 8.3557934e-001
 8.3571458e-001
 8.3583349e-001
 8.3593702e-001
 8.3603770e-001
 8.3615124e-001
 8.3626026e-001
 8.3634812e-001
 8.3640546e-001
 8.3647501e-001
 8.3656216e-001
 8.3666050e-001
 8.3675569e-001
 8.3685768e-001
 8.3696097e-001
 8.3705407e-001
 8.3713156e-001
 8.3720356e-001
 8.3728665e-001
 8.3739829e-001
 8.3752638e-001
 8.3765429e-001
 8.3777601e-001
 8.3790177e-001
 8.3801365e-001
 8.3811885e-001
 8.3822769e-001
 8.3833224e-001
 8.3843809e-001
 8.3855122e-001
 8.3867842e-001
 8.3879840e-001
 8.3891785e-001
 8.3904111e-001
 8.3916336e-001
 8.3928174e-001
 8.3938569e-001
 8.3947176e-001
 8.3955264e-001
 8.3964419e-001
 8.3975083e-001
 8.3986628e-001
 8.3996427e-001
 8.4005344e-001
 8.4013706e-001
 8.4021199e-001
 8.4029239e-001
 8.4035909e-001
 8.4040093e-001
 8.4043181e-001
 8.4047526e-001
 8.4054077e-001
 8.4062511e-001
 8.4070051e-001
 8.4077841e-001
 8.4086257e-001
 8.4095097e-001
 8.4104180e-001
 8.4112507e-001
 8.4119153e-001
 8.4123701e-001
 8.4128559e-001
 8.4133959e-001
 8.4139234e-001
 8.4143203e-001
 8.4145731e-001
 8.4147543e-001
 8.4149593e-001
 8.4151870e-001
 8.4154648e-001
 8.4157985e-001
 8.4162086e-001
 8.4167707e-001
 8.4172881e-001
 8.4176314e-001
 8.4178394e-001
 8.4180731e-001
 8.4182900e-001
 8.4184450e-001
 8.4186244e-001
 8.4189093e-001
 8.4193939e-001
 8.4201264e-001
 8.4209657e-001
 8.4218079e-001
 8.4226274e-001
 8.4234542e-001
 8.4242100e-001
 8.4247488e-001
 8.4250391e-001
 8.4251982e-001
 8.4253711e-001
 8.4255987e-001
 8.4258831e-001
 8.4262395e-001
 8.4266388e-001
 8.4271055e-001
 8.4276211e-001
 8.4278506e-001
 8.4280521e-001
 8.4283704e-001
 8.4288406e-001
 8.4293628e-001
 8.4297901e-001
 8.4300470e-001
 8.4301400e-001
 8.4299344e-001
 8.4298289e-001
 8.4300262e-001
 8.4301591e-001
 8.4302688e-001
 8.4303898e-001
 8.4305090e-001
 8.4304512e-001
 8.4303910e-001
 8.4303892e-001
 8.4304869e-001
 8.4309131e-001
 8.4315187e-001
 8.4320807e-001
 8.4323955e-001
 8.4327459e-001
 8.4331626e-001
 8.4335470e-001
 8.4337056e-001
 8.4340417e-001
 8.4344804e-001
 8.4348083e-001
 8.4347475e-001
 8.4347737e-001
 8.4348434e-001
 8.4348249e-001
 8.4348911e-001
 8.4349334e-001
 8.4350991e-001
 8.4355491e-001
 8.4361541e-001
 8.4366804e-001
 8.4369850e-001
 8.4370446e-001
 8.4371150e-001
 8.4372908e-001
 8.4375650e-001
 8.4378415e-001
 8.4380144e-001
 8.4381944e-001
 8.4384340e-001
 8.4386492e-001
 8.4388858e-001
 8.4391195e-001
 8.4393507e-001
 8.4397131e-001
 8.4400517e-001
 8.4403455e-001
 8.4406191e-001
 8.4408903e-001
 8.4411740e-001
 8.4413660e-001
 8.4414053e-001
 8.4417003e-001
 8.4421194e-001
 8.4424990e-001
 8.4426838e-001
 8.4426641e-001
 8.4427005e-001
 8.4428602e-001
 8.4430248e-001
 8.4433717e-001
 8.4437054e-001
 8.4439558e-001
 8.4442645e-001
 8.4445822e-001
 8.4448755e-001
 8.4451634e-001
 8.4455508e-001
 8.4459203e-001
 8.4463060e-001
 8.4467298e-001
 8.4470177e-001
 8.4471232e-001
 8.4472364e-001
 8.4475076e-001
 8.4477502e-001
 8.4480697e-001
 8.4484500e-001
 8.4488261e-001
 8.4491801e-001
 8.4494597e-001
 8.4497404e-001
 8.4501225e-001
 8.4504908e-001
 8.4508944e-001
 8.4513021e-001
 8.4516537e-001
 8.4519541e-001
 8.4522218e-001
 8.4524781e-001
 8.4527612e-001
 8.4532589e-001
 8.4533942e-001
 8.4531635e-001
 8.4530455e-001
 8.4528798e-001
 8.4528494e-001
 8.4529519e-001
 8.4529960e-001
 8.4530383e-001
 8.4530598e-001
 8.4529990e-001
 8.4527725e-001
 8.4524834e-001
 8.4520513e-001
 8.4516019e-001
 8.4515041e-001
 8.4511340e-001
 8.4507400e-001
 8.4504753e-001
 8.4501445e-001
 8.4496993e-001
 8.4491497e-001
 8.4484154e-001
 8.4472984e-001
 8.4460652e-001
 8.4447634e-001
 8.4432858e-001
 8.4413880e-001
 8.4393388e-001
 8.4373468e-001
 8.4354657e-001
 8.4334189e-001
 8.4315193e-001
 8.4298974e-001
 8.4284878e-001
 8.4269607e-001
 8.4255230e-001
 8.4241587e-001
 8.4229618e-001
 8.4222895e-001
 8.4217000e-001
 8.4213203e-001
 8.4213841e-001
 8.4220761e-001
 8.4228331e-001
 8.4239650e-001
 8.4255439e-001
 8.4268743e-001
 8.4286171e-001
 8.4307796e-001
 8.4330958e-001
 8.4351468e-001
 8.4375054e-001
 8.4401536e-001
 8.4428394e-001
 8.4451419e-001
 8.4476787e-001
 8.4501505e-001
 8.4522861e-001
 8.4542018e-001
 8.4562951e-001
 8.4583044e-001
 8.4601456e-001
 8.4620929e-001
 8.4636343e-001
 8.4654909e-001
 8.4676749e-001
 8.4691638e-001
 8.4706968e-001
 8.4721869e-001
 8.4736460e-001
 8.4752512e-001
 8.4766614e-001
 8.4779471e-001
 8.4792590e-001
 8.4806859e-001
 8.4820831e-001
 8.4835750e-001
 8.4847063e-001
 8.4859914e-001
 8.4872353e-001
 8.4884363e-001
 8.4895933e-001
 8.4907109e-001
 8.4917939e-001
 8.4928513e-001
 8.4938914e-001
 8.4949231e-001
 8.4959501e-001
 8.4969753e-001
 8.4979963e-001
 8.4990084e-001
 8.5000038e-001
 8.5009754e-001
 8.5019165e-001
 8.5028237e-001
 8.5036939e-001
 8.5045302e-001
 8.5053349e-001
 8.5061127e-001
 8.5068673e-001
 8.5076022e-001
 8.5083205e-001
 8.5090232e-001
 8.5097104e-001
 8.5103840e-001
 8.5110432e-001
 8.5116893e-001
 8.5123235e-001
 8.5129470e-001
 8.5135609e-001
 8.5141659e-001
 8.5147625e-001
 8.5153520e-001
 8.5159343e-001
 8.5165101e-001
 8.5170811e-001
 8.5176504e-001
 8.5182202e-001
 8.5187930e-001
 8.5193706e-001
 8.5199523e-001
 8.5205376e-001
 8.5211241e-001
 8.5217083e-001
 8.5222870e-001
 8.5228604e-001
 8.5234261e-001
 8.5239851e-001
 8.5245383e-001
 8.5250860e-001
 8.5256296e-001
 8.5261685e-001
 8.5267031e-001
 8.5272342e-001
 8.5277617e-001
 8.5282880e-001
 8.5288137e-001
 8.5293406e-001
 8.5298681e-001
 8.5303950e-001
 8.5309190e-001
 8.5314369e-001
 8.5319448e-001
 8.5324413e-001
 8.5329241e-001
 8.5333931e-001
 8.5338491e-001
 8.5342914e-001
 8.5347205e-001
 8.5351366e-001
 8.5355389e-001
 8.5359281e-001
 8.5363048e-001
 8.5366702e-001
 8.5370272e-001
 8.5373801e-001
 8.5377330e-001
 8.5380888e-001
 8.5384506e-001
 8.5388201e-001
 8.5391963e-001
 8.5395759e-001
 8.5399562e-001
 8.5403317e-001
 8.5406965e-001
 8.5410464e-001
 8.5413778e-001
 8.5416883e-001
 8.5419780e-001
 8.5422480e-001
 8.5425013e-001
 8.5427403e-001
 8.5429692e-001
 8.5431910e-001
 8.5434079e-001
 8.5436231e-001
 8.5438371e-001
 8.5440499e-001
 8.5442615e-001
 8.5444695e-001
 8.5446727e-001
 8.5448688e-001
 8.5450566e-001
 8.5452354e-001
 8.5454053e-001
 8.5455650e-001
 8.5457152e-001
 8.5458559e-001
 8.5459858e-001
 8.5461026e-001
 8.5462028e-001
 8.5462826e-001
 8.5463363e-001
 8.5463578e-001
 8.5463399e-001
 8.5462773e-001
 8.5461617e-001
 8.5459876e-001
 8.5457480e-001
 8.5454375e-001
 8.5450482e-001
 8.5445756e-001
 8.5440111e-001
 8.5433465e-001
 8.5425729e-001
 8.5416770e-001
 8.5406464e-001
 8.5394645e-001
 8.5381150e-001
 8.5365790e-001
 8.5348392e-001
 8.5328776e-001
 8.5306782e-001
 8.5282266e-001
 8.5255104e-001
 8.5225201e-001
 8.5192525e-001
 8.5157084e-001
 8.5118973e-001
 8.5078382e-001
 8.5035616e-001
 8.4991103e-001
 8.4945387e-001
 8.4899163e-001
 8.4853214e-001
 8.4808433e-001
 8.4765738e-001
 8.4726053e-001
 8.4690267e-001
 8.4659135e-001
 8.4633291e-001
 8.4613174e-001
 8.4599006e-001
 8.4590805e-001
 8.4588391e-001
 8.4591401e-001
 8.4599328e-001
 8.4611577e-001
 8.4627485e-001
 8.4646374e-001
 8.4667569e-001
 8.4690434e-001
 8.4714389e-001
 8.4738910e-001
 8.4763533e-001
 8.4787875e-001
 8.4811616e-001
 8.4834498e-001
 8.4856337e-001
 8.4876990e-001
 8.4896368e-001
 8.4914416e-001
 8.4931141e-001
 8.4946561e-001
 8.4960705e-001
 8.4973657e-001
 8.4985471e-001
 8.4996223e-001
 8.5005981e-001
 8.5014784e-001
 8.5022688e-001
 8.5029733e-001
 8.5035968e-001
 8.5041451e-001
 8.5046268e-001
 8.5050529e-001
 8.5054368e-001
 8.5057926e-001
 8.5061365e-001
 8.5064834e-001
 8.5068494e-001
 8.5072458e-001
 8.5076851e-001
 8.5081738e-001
 8.5087168e-001
 8.5093153e-001
 8.5099655e-001
 8.5106629e-001
 8.5113984e-001
 8.5121620e-001
 8.5129446e-001
 8.5137373e-001
 8.5145330e-001
 8.5153258e-001
 8.5161114e-001
 8.5168862e-001
 8.5176480e-001
 8.5183924e-001
 8.5191172e-001
 8.5198200e-001
 8.5204989e-001
 8.5211527e-001
 8.5217828e-001
 8.5223913e-001
 8.5229832e-001
 8.5235614e-001
 8.5241312e-001
 8.5246956e-001
 8.5252565e-001
 8.5258144e-001
 8.5263693e-001
 8.5269189e-001
 8.5274607e-001
 8.5279918e-001
 8.5285085e-001
 8.5290056e-001
 8.5294789e-001
 8.5299242e-001
 8.5303372e-001
 8.5307157e-001
 8.5310584e-001
 8.5313654e-001
 8.5316378e-001
 8.5318756e-001
 8.5320777e-001
 8.5322434e-001
 8.5323673e-001
 8.5324430e-001
 8.5324633e-001
 8.5324222e-001
 8.5323131e-001
 8.5321355e-001
 8.5318923e-001
 8.5315919e-001
 8.5312468e-001
 8.5308743e-001
 8.5304928e-001
 8.5301226e-001
 8.5297823e-001
 8.5294878e-001
 8.5292536e-001
 8.5290897e-001
 8.5290021e-001
 8.5289937e-001
 8.5290635e-001
 8.5292065e-001
 8.5294133e-001
 8.5296708e-001
 8.5299623e-001
 8.5302693e-001
 8.5305697e-001
 8.5308427e-001
 8.5310686e-001
 8.5312289e-001
 8.5313088e-001
 8.5312963e-001
 8.5311824e-001
 8.5309619e-001
 8.5306317e-001
 8.5301906e-001
 8.5296386e-001
 8.5289782e-001
 8.5282117e-001
 8.5273421e-001
 8.5263717e-001
 8.5253042e-001
 8.5241419e-001
 8.5228896e-001
 8.5215503e-001
 8.5201293e-001
 8.5186315e-001
 8.5170639e-001
 8.5154355e-001
 8.5137552e-001
 8.5120350e-001
 8.5102868e-001
 8.5085237e-001
 8.5067570e-001
 8.5049975e-001
 8.5032558e-001
 8.5015374e-001
 8.4998482e-001
 8.4981930e-001
 8.4965730e-001
 8.4949887e-001
 8.4934384e-001
 8.4919173e-001
 8.4904182e-001
 8.4889305e-001
 8.4874427e-001
 8.4859407e-001
 8.4844112e-001
 8.4828407e-001
 8.4812182e-001
 8.4795350e-001
 8.4777838e-001
 8.4759617e-001
 8.4740639e-001
 8.4720898e-001
 8.4700388e-001
 8.4679085e-001
 8.4656990e-001
 8.4634072e-001
 8.4610301e-001
 8.4585643e-001
 8.4560031e-001
 8.4533429e-001
 8.4505773e-001
 8.4477031e-001
 8.4447181e-001
 8.4416229e-001
 8.4384215e-001
 8.4351206e-001
 8.4317279e-001
 8.4282553e-001
 8.4247142e-001
 8.4211159e-001
 8.4174722e-001
 8.4137946e-001
 8.4100926e-001
 8.4063739e-001
 8.4026480e-001
 8.3989197e-001
 8.3951944e-001
 8.3914757e-001
 8.3877677e-001
 8.3840722e-001
 8.3803922e-001
 8.3767313e-001
 8.3730918e-001
 8.3694792e-001
 8.3658946e-001
 8.3623415e-001
 8.3588195e-001
 8.3553267e-001
 8.3518589e-001
 8.3484066e-001
 8.3449578e-001
 8.3414972e-001
 8.3380067e-001
 8.3344644e-001
 8.3308458e-001
 8.3271241e-001
 8.3232665e-001
 8.3192396e-001
 8.3150065e-001
 8.3105242e-001
 8.3057523e-001
 8.3006471e-001
 8.2951683e-001
 8.2892758e-001
 8.2829314e-001
 8.2761025e-001
 8.2687557e-001
 8.2608569e-001
 8.2523751e-001
 8.2432723e-001
 8.2335091e-001
 8.2230431e-001
 8.2118219e-001
 8.1997949e-001
 8.1869030e-001
 8.1730872e-001
 8.1582928e-001
 8.1424594e-001
 8.1255376e-001
 8.1074721e-001
 8.0882162e-001
 8.0677223e-001
 8.0459315e-001
 8.0227935e-001
 7.9982460e-001
 7.9722387e-001
 7.9447395e-001
 7.9157352e-001
 7.8852654e-001
 7.8534269e-001
 7.8203708e-001
 7.7863264e-001
 7.7515656e-001
 7.7164155e-001
 7.6812220e-001
 7.6463145e-001
 7.6120150e-001
 7.5785804e-001
 7.5462246e-001
 7.5151002e-001
 7.4852896e-001
 7.4568409e-001
 7.4297518e-001
 7.4040091e-001
 7.3795909e-001
 7.3564774e-001
 7.3346794e-001
 7.3142308e-001
 7.2952151e-001
 7.2777581e-001
 7.2620225e-001
 7.2482157e-001
 7.2365606e-001
 7.2272903e-001
 7.2206241e-001
 7.2167426e-001
 7.2157764e-001
 7.2177833e-001
 7.2227442e-001
 7.2305554e-001
 7.2410387e-001
 7.2539425e-001
 7.2689623e-001
 7.2857624e-001
 7.3039836e-001
 7.3232782e-001
 7.3433101e-001
 7.3637742e-001
 7.3844105e-001
 7.4049890e-001
 7.4253297e-001
 7.4452806e-001
 7.4647188e-001
 7.4835533e-001
 7.5017017e-001
 7.5191069e-001
 7.5357163e-001
 7.5514901e-001
 7.5664026e-001
 7.5804329e-001
 7.5935692e-001
 7.6058125e-001
 7.6171649e-001
 7.6276398e-001
 7.6372504e-001
 7.6460135e-001
 7.6539510e-001
 7.6610827e-001
 7.6674360e-001
 7.6730382e-001
 7.6779228e-001
 7.6821345e-001
 7.6857245e-001
 7.6887584e-001
 7.6913148e-001
 7.6934856e-001
 7.6953793e-001
 7.6971120e-001
 7.6988113e-001
 7.7006066e-001
 7.7026260e-001
 7.7049929e-001
 7.7078170e-001
 7.7111894e-001
 7.7151847e-001
 7.7198505e-001
 7.7252108e-001
 7.7312660e-001
 7.7379906e-001
 7.7453440e-001
 7.7532655e-001
 7.7616864e-001
 7.7705282e-001
 7.7797091e-001
 7.7891511e-001
 7.7987748e-001
 7.8085119e-001
 7.8182954e-001
 7.8280663e-001
 7.8377789e-001
 7.8473890e-001
 7.8568649e-001
 7.8661799e-001
 7.8753132e-001
 7.8842533e-001
 7.8929901e-001
 7.9015207e-001
 7.9098445e-001
 7.9179633e-001
 7.9258823e-001
 7.9336089e-001
 7.9411483e-001
 7.9485112e-001
 7.9557025e-001
 7.9627323e-001
 7.9696047e-001
 7.9763246e-001
 7.9828966e-001
 7.9893231e-001
 7.9956096e-001
 8.0017585e-001
 8.0077732e-001
 8.0136615e-001
 8.0194277e-001
 8.0250806e-001
 8.0306262e-001
 8.0360717e-001
 8.0414230e-001
 8.0466849e-001
 8.0518621e-001
 8.0569553e-001
 8.0619657e-001
 8.0668932e-001
 8.0717373e-001
 8.0764955e-001
 8.0811691e-001
 8.0857563e-001
 8.0902582e-001
 8.0946743e-001
 8.0990040e-001
 8.1032485e-001
 8.1074047e-001
 8.1114721e-001
 8.1154490e-001
 8.1193328e-001
 8.1231254e-001
 8.1268287e-001
 8.1304485e-001
 8.1339902e-001
 8.1374615e-001
 8.1408721e-001
 8.1442279e-001
 8.1475377e-001
 8.1508052e-001
 8.1540346e-001
 8.1572288e-001
 8.1603897e-001
 8.1635195e-001
 8.1666201e-001
 8.1696922e-001
 8.1727380e-001
 8.1757575e-001
 8.1787485e-001
 8.1817067e-001
 8.1846243e-001
 8.1874913e-001
 8.1902927e-001
 8.1930149e-001
 8.1956440e-001
 8.1981659e-001
 8.2005733e-001
 8.2028598e-001
 8.2050252e-001
 8.2070750e-001
 8.2090193e-001
 8.2108736e-001
 8.2126570e-001
 8.2143915e-001
 8.2161045e-001
 8.2178223e-001
 8.2195747e-001
 8.2213897e-001
 8.2232898e-001
 8.2252973e-001
 8.2274246e-001
 8.2296765e-001
 8.2320505e-001
 8.2345349e-001
 8.2371128e-001
 8.2397604e-001
 8.2424539e-001
 8.2451689e-001
 8.2478839e-001
 8.2505810e-001
 8.2532471e-001
 8.2558733e-001
 8.2584542e-001
 8.2609868e-001
 8.2634711e-001
 8.2659048e-001
 8.2682878e-001
 8.2706201e-001
 8.2728988e-001
 8.2751238e-001
 8.2772934e-001
 8.2794046e-001
 8.2814574e-001
 8.2834500e-001
 8.2853806e-001
 8.2872486e-001
 8.2890540e-001
 8.2907969e-001
 8.2924777e-001
 8.2940978e-001
 8.2956600e-001
 8.2971662e-001
 8.2986194e-001
 8.3000237e-001
 8.3013815e-001
 8.3026981e-001
 8.3039755e-001
 8.3052170e-001
 8.3064246e-001
 8.3076000e-001
 8.3087432e-001
 8.3098549e-001
 8.3109361e-001
 8.3119881e-001
 8.3130133e-001
 8.3140153e-001
 8.3149987e-001
 8.3159691e-001
 8.3169305e-001
 8.3178866e-001
 8.3188385e-001
 8.3197850e-001
 8.3207226e-001
 8.3216459e-001
 8.3225489e-001
 8.3234257e-001
 8.3242732e-001
 8.3250892e-001
 8.3258754e-001
 8.3266371e-001
 8.3273804e-001
 8.3281118e-001
 8.3288366e-001
 8.3295590e-001
 8.3302802e-001
 8.3309978e-001
 8.3317059e-001
 8.3323973e-001
 8.3330613e-001
 8.3336866e-001
 8.3342612e-001
 8.3347732e-001
 8.3352137e-001
 8.3355749e-001
 8.3358532e-001
 8.3360505e-001
 8.3361739e-001
 8.3362365e-001
 8.3362579e-001
 8.3362621e-001
 8.3362770e-001
 8.3363324e-001
 8.3364564e-001
 8.3366746e-001
 8.3370048e-001
 8.3374572e-001
 8.3380330e-001
 8.3387214e-001
 8.3395046e-001
 8.3403569e-001
 8.3412492e-001
 8.3421510e-001
 8.3430350e-001
 8.3438802e-001
 8.3446699e-001
 8.3453959e-001
 8.3460569e-001
 8.3466542e-001
 8.3471918e-001
 8.3476764e-001
 8.3481121e-001
 8.3485019e-001
 8.3488464e-001
 8.3491457e-001
 8.3493996e-001
 8.3496058e-001
 8.3497667e-001
 8.3498830e-001
 8.3499569e-001
 8.3499920e-001
 8.3499891e-001
 8.3499473e-001
 8.3498627e-001
 8.3497292e-001
 8.3495373e-001
 8.3492744e-001
 8.3489311e-001
 8.3484960e-001
 8.3479619e-001
 8.3473253e-001
 8.3465844e-001
 8.3457416e-001
 8.3448017e-001
 8.3437687e-001
 8.3426487e-001
 8.3414459e-001
 8.3401626e-001
 8.3388007e-001
 8.3373600e-001
 8.3358389e-001
 8.3342367e-001
 8.3325535e-001
 8.3307892e-001
 8.3289450e-001
 8.3270240e-001
 8.3250290e-001
 8.3229637e-001
 8.3208305e-001
 8.3186316e-001
 8.3163697e-001
 8.3140475e-001
 8.3116692e-001
 8.3092391e-001
 8.3067667e-001
 8.3042586e-001
 8.3017260e-001
 8.2991773e-001
 8.2966173e-001
 8.2940495e-001
 8.2914722e-001
 8.2888782e-001
 8.2862592e-001
 8.2836056e-001
 8.2809079e-001
 8.2781613e-001
 8.2753617e-001
 8.2725132e-001
 8.2696176e-001
 8.2666832e-001
 8.2637155e-001
 8.2607180e-001
 8.2576942e-001
 8.2546431e-001
 8.2515627e-001
 8.2484514e-001
 8.2453060e-001
 8.2421285e-001
 8.2389200e-001
 8.2356852e-001
 8.2324302e-001
 8.2291603e-001
 8.2258809e-001
 8.2225937e-001
 8.2192999e-001
 8.2159978e-001
 8.2126826e-001
 8.2093519e-001
 8.2060015e-001
 8.2026291e-001
 8.1992370e-001
 8.1958282e-001
 8.1924087e-001
 8.1889898e-001
 8.1855816e-001
 8.1822002e-001
 8.1788617e-001
 8.1755865e-001
 8.1723976e-001
 8.1693202e-001
 8.1663829e-001
 8.1636149e-001
 8.1610459e-001
 8.1587034e-001
 8.1566095e-001
 8.1547815e-001
 8.1532282e-001
 8.1519490e-001
 8.1509364e-001
 8.1501693e-001
 8.1496203e-001
 8.1492513e-001
 8.1490171e-001
 8.1488663e-001
 8.1487459e-001
 8.1486028e-001
 8.1483901e-001
 8.1480652e-001
 8.1475985e-001
 8.1469685e-001
 8.1461656e-001
 8.1451875e-001
 8.1440359e-001
 8.1427193e-001
 8.1412452e-001
 8.1396258e-001
 8.1378734e-001
 8.1360018e-001
 8.1340289e-001
 8.1319749e-001
 8.1298608e-001
 8.1277090e-001
 8.1255388e-001
 8.1233674e-001
 8.1212068e-001
 8.1190652e-001
 8.1169456e-001
 8.1148481e-001
 8.1127733e-001
 8.1107199e-001
 8.1086886e-001
 8.1066823e-001
 8.1047058e-001
 8.1027675e-001
 8.1008744e-001
 8.0990332e-001
 8.0972481e-001
 8.0954921e-001
 8.0938137e-001
 8.0921704e-001
 8.0905414e-001
 8.0889058e-001
 8.0872440e-001
 8.0855393e-001
 8.0837858e-001
 8.0819798e-001
 8.0801255e-001
 8.0782270e-001
 8.0762863e-001
 8.0743015e-001
 8.0722624e-001
 8.0701542e-001
 8.0679566e-001
 8.0656469e-001
 8.0632037e-001
 8.0606073e-001
 8.0578434e-001
 8.0549026e-001
 8.0517781e-001
 8.0484676e-001
 8.0449688e-001
 8.0412805e-001
 8.0373991e-001
 8.0333203e-001
 8.0290395e-001
 8.0245501e-001
 8.0198479e-001
 8.0149293e-001
 8.0097926e-001
 8.0044407e-001
 7.9988778e-001
 7.9931158e-001
 7.9871720e-001
 7.9810637e-001
 7.9748160e-001
 7.9684520e-001
 7.9619884e-001
 7.9554397e-001
 7.9488081e-001
 7.9420888e-001
 7.9352665e-001
 7.9283166e-001
 7.9212099e-001
 7.9139090e-001
 7.9063731e-001
 7.8985566e-001
 7.8904021e-001
 7.8818470e-001
 7.8728133e-001
 7.8632158e-001
 7.8529596e-001
 7.8419381e-001
 7.8300476e-001
 7.8171766e-001
 7.8032219e-001
 7.7880871e-001
 7.7716774e-001
 7.7539140e-001
 7.7347201e-001
 7.7140367e-001
 7.6918179e-001
 7.6680291e-001
 7.6426661e-001
 7.6157558e-001
 7.5873524e-001
 7.5575644e-001
 7.5265300e-001
 7.4944365e-001
 7.4615031e-001
 7.4279541e-001
 7.3940247e-001
 7.3599100e-001
 7.3257697e-001
 7.2916985e-001
 7.2577018e-001
 7.2237176e-001
 7.1895915e-001
 7.1551150e-001
 7.1200341e-001
 7.0840579e-001
 7.0469153e-001
 7.0083404e-001
 6.9681299e-001
 6.9261461e-001
 6.8823141e-001
 6.8366623e-001
 6.7893100e-001
 6.7404485e-001
 6.6903734e-001
 6.6394269e-001
 6.5880293e-001
 6.5366453e-001
 6.4857560e-001
 6.4358854e-001
 6.3875449e-001
 6.3412589e-001
 6.2975359e-001
 6.2568384e-001
 6.2196040e-001
 6.1861932e-001
 6.1569101e-001
 6.1319792e-001
 6.1115295e-001
 6.0956162e-001
 6.0842019e-001
 6.0771745e-001
 6.0743493e-001
 6.0754770e-001
 6.0802579e-001
 6.0883540e-001
 6.0993981e-001
 6.1130083e-001
 6.1288029e-001
 6.1464059e-001
 6.1654532e-001
 6.1856127e-001
 6.2065697e-001
 6.2280512e-001
 6.2498069e-001
 6.2716192e-001
 6.2933093e-001
 6.3147169e-001
 6.3357192e-001
 6.3562101e-001
 6.3761055e-001
 6.3953459e-001
 6.4138794e-001
 6.4316750e-001
 6.4487070e-001
 6.4649582e-001
 6.4804268e-001
 6.4951116e-001
 6.5090251e-001
 6.5221822e-001
 6.5346032e-001
 6.5463156e-001
 6.5573466e-001
 6.5677214e-001
 6.5774703e-001
 6.5866160e-001
 6.5951842e-001
 6.6031975e-001
 6.6106766e-001
 6.6176480e-001
 6.6241348e-001
 6.6301632e-001
 6.6357607e-001
 6.6409540e-001
 6.6457772e-001
 6.6502637e-001
 6.6544545e-001
 6.6583937e-001
 6.6621327e-001
 6.6657269e-001
 6.6692305e-001
 6.6727000e-001
 6.6761863e-001
 6.6797328e-001
 6.6833770e-001
 6.6871464e-001
 6.6910607e-001
 6.6951340e-001
 6.6993743e-001
 6.7037868e-001
 6.7083704e-001
 6.7131227e-001
 6.7180389e-001
 6.7231089e-001
 6.7283201e-001
 6.7336571e-001
 6.7390972e-001
 6.7446184e-001
 6.7501867e-001
 6.7557657e-001
 6.7613071e-001
 6.7667562e-001
 6.7720509e-001
 6.7771268e-001
 6.7819238e-001
 6.7863911e-001
 6.7904973e-001
 6.7942387e-001
 6.7976415e-001
 6.8007702e-001
 6.8037242e-001
 6.8066376e-001
 6.8096769e-001
 6.8130285e-001
 6.8168956e-001
 6.8214858e-001
 6.8269992e-001
 6.8336207e-001
 6.8415046e-001
 6.8507659e-001
 6.8614763e-001
 6.8736464e-001
 6.8872344e-001
 6.9021344e-001
 6.9181937e-001
 6.9352043e-001
 6.9529390e-001
 6.9711590e-001
 6.9896138e-001
 7.0080870e-001
 7.0263851e-001
 7.0443541e-001
 7.0618659e-001
 7.0788401e-001
 7.0952308e-001
 7.1110106e-001
 7.1261889e-001
 7.1407968e-001
 7.1548694e-001
 7.1684629e-001
 7.1816343e-001
 7.1944386e-001
 7.2069150e-001
 7.2191012e-001
 7.2310227e-001
 7.2426862e-001
 7.2540998e-001
 7.2652668e-001
 7.2761798e-001
 7.2868419e-001
 7.2972536e-001
 7.3074108e-001
 7.3173153e-001
 7.3269671e-001
 7.3363656e-001
 7.3455036e-001
 7.3543781e-001
 7.3629880e-001
 7.3713297e-001
 7.3794091e-001
 7.3872393e-001
 7.3948348e-001
 7.4022216e-001
 7.4094296e-001
 7.4164885e-001
 7.4234205e-001
 7.4302435e-001
 7.4369663e-001
 7.4435806e-001
 7.4500728e-001
 7.4564213e-001
 7.4625963e-001
 7.4685723e-001
 7.4743247e-001
 7.4798310e-001
 7.4850780e-001
 7.4900591e-001
 7.4947792e-001
 7.4992454e-001
 7.5034773e-001
 7.5074989e-001
 7.5113338e-001
 7.5150067e-001
 7.5185400e-001
 7.5219464e-001
 7.5252348e-001
 7.5284106e-001
 7.5314742e-001
 7.5344276e-001
 7.5372756e-001
 7.5400275e-001
 7.5426906e-001
 7.5452751e-001
 7.5477874e-001
 7.5502241e-001
 7.5525773e-001
 7.5548309e-001
 7.5569630e-001
 7.5589514e-001
 7.5607759e-001
 7.5624233e-001
 7.5638884e-001
 7.5651765e-001
 7.5662994e-001
 7.5672740e-001
 7.5681186e-001
 7.5688505e-001
 7.5694823e-001
 7.5700223e-001
 7.5704736e-001
 7.5708365e-001
 7.5711071e-001
 7.5712818e-001
 7.5713563e-001
 7.5713271e-001
 7.5711924e-001
 7.5709510e-001
 7.5706053e-001
 7.5701594e-001
 7.5696182e-001
 7.5689870e-001
 7.5682694e-001
 7.5674701e-001
 7.5665927e-001
 7.5656420e-001
 7.5646269e-001
 7.5635606e-001
 7.5624633e-001
 7.5613612e-001
 7.5602841e-001
 7.5592661e-001
 7.5583375e-001
 7.5575244e-001
 7.5568449e-001
 7.5563073e-001
 7.5559086e-001
 7.5556356e-001
 7.5554699e-001
 7.5553870e-001
 7.5553620e-001
 7.5553674e-001
 7.5553769e-001
 7.5553644e-001
 7.5553024e-001
 7.5551617e-001
 7.5549132e-001
 7.5545245e-001
 7.5539625e-001
 7.5531948e-001
 7.5521880e-001
 7.5509113e-001
 7.5493348e-001
 7.5474322e-001
 7.5451803e-001
 7.5425553e-001
 7.5395370e-001
 7.5361073e-001
 7.5322527e-001
 7.5279665e-001
 7.5232530e-001
 7.5181335e-001
 7.5126433e-001
 7.5068378e-001
 7.5007921e-001
 7.4945951e-001
 7.4883455e-001
 7.4821508e-001
 7.4761218e-001
 7.4703598e-001
 7.4649554e-001
 7.4599850e-001
 7.4554998e-001
 7.4515253e-001
 7.4480677e-001
 7.4451083e-001
 7.4426138e-001
 7.4405414e-001
 7.4388456e-001
 7.4374795e-001
 7.4364024e-001
 7.4355799e-001
 7.4349815e-001
 7.4345839e-001
 7.4343669e-001
 7.4343103e-001
 7.4343950e-001
 7.4345964e-001
 7.4348843e-001
 7.4352205e-001
 7.4355567e-001
 7.4358326e-001
 7.4359792e-001
 7.4359202e-001
 7.4355751e-001
 7.4348676e-001
 7.4337262e-001
 7.4320942e-001
 7.4299246e-001
 7.4271828e-001
 7.4238467e-001
 7.4198949e-001
 7.4153066e-001
 7.4100554e-001
 7.4041110e-001
 7.3974293e-001
 7.3899543e-001
 7.3816252e-001
 7.3723656e-001
 7.3620898e-001
 7.3507154e-001
 7.3381490e-001
 7.3243010e-001
 7.3090869e-001
 7.2924441e-001
 7.2743177e-001
 7.2546744e-001
 7.2335202e-001
 7.2108763e-001
 7.1867919e-001
 7.1613646e-001
 7.1347052e-001
 7.1069616e-001
 7.0783049e-001
 7.0489603e-001
 7.0191675e-001
 6.9892001e-001
 6.9593894e-001
 6.9300759e-001
 6.9016254e-001
 6.8744391e-001
 6.8488997e-001
 6.8253779e-001
 6.8042332e-001
 6.7857587e-001
 6.7701942e-001
 6.7576969e-001
 6.7483431e-001
 6.7421037e-001
 6.7388529e-001
 6.7383766e-001
 6.7403793e-001
 6.7445117e-001
 6.7503864e-001
 6.7576110e-001
 6.7658055e-001
 6.7746282e-001
 6.7837751e-001
 6.7930025e-001
 6.8021232e-001
 6.8109941e-001
 6.8195260e-001
 6.8276668e-001
 6.8353879e-001
 6.8426871e-001
 6.8495744e-001
 6.8560582e-001
 6.8621546e-001
 6.8678737e-001
 6.8732244e-001
 6.8782103e-001
 6.8828386e-001
 6.8871164e-001
 6.8910515e-001
 6.8946570e-001
 6.8979484e-001
 6.9009393e-001
 6.9036466e-001
 6.9060838e-001
 6.9082618e-001
 6.9101852e-001
 6.9118559e-001
 6.9132704e-001
 6.9144189e-001
 6.9152886e-001
 6.9158626e-001
 6.9161201e-001
 6.9160372e-001
 6.9155878e-001
 6.9147402e-001
 6.9134611e-001
 6.9117123e-001
 6.9094533e-001
 6.9066441e-001
 6.9032431e-001
 6.8992108e-001
 6.8945146e-001
 6.8891215e-001
 6.8830031e-001
 6.8761373e-001
 6.8684989e-001
 6.8600672e-001
 6.8508232e-001
 6.8407571e-001
 6.8298620e-001
 6.8181378e-001
 6.8056071e-001
 6.7922956e-001
 6.7782438e-001
 6.7635208e-001
 6.7481995e-001
 6.7323697e-001
 6.7161441e-001
 6.6996300e-001
 6.6829389e-001
 6.6661710e-001
 6.6494262e-001
 6.6327780e-001
 6.6162848e-001
 6.6000044e-001
 6.5839732e-001
 6.5682226e-001
 6.5527916e-001
 6.5377063e-001
 6.5229911e-001
 6.5086615e-001
 6.4947373e-001
 6.4812195e-001
 6.4681029e-001
 6.4553869e-001
 6.4430618e-001
 6.4311182e-001
 6.4195555e-001
 6.4083683e-001
 6.3975483e-001
 6.3870907e-001
 6.3769710e-001
 6.3671565e-001
 6.3575923e-001
 6.3482124e-001
 6.3389271e-001
 6.3296330e-001
 6.3202244e-001
 6.3105887e-001
 6.3006198e-001
 6.2902302e-001
 6.2793434e-001
 6.2679040e-001
 6.2558722e-001
 6.2432325e-001
 6.2299788e-001
 6.2161136e-001
 6.2016636e-001
 6.1866528e-001
 6.1711138e-001
 6.1550957e-001
 6.1386418e-001
 6.1218005e-001
 6.1046219e-001
 6.0871720e-001
 6.0695165e-001
 6.0517371e-001
 6.0339528e-001
 6.0162956e-001
 5.9989238e-001
 5.9820282e-001
 5.9657997e-001
 5.9504306e-001
 5.9361178e-001
 5.9230292e-001
 5.9113210e-001
 5.9011269e-001
 5.8925700e-001
 5.8857507e-001
 5.8807570e-001
 5.8776671e-001
 5.8765399e-001
 5.8774227e-001
 5.8803391e-001
 5.8852947e-001
 5.8922690e-001
 5.9012210e-001
 5.9120786e-001
 5.9247553e-001
 5.9391475e-001
 5.9551293e-001
 5.9725732e-001
 5.9913474e-001
 6.0112977e-001
 6.0322756e-001
 6.0541213e-001
 6.0766435e-001
 6.0996479e-001
 6.1229181e-001
 6.1462295e-001
 6.1693323e-001
 6.1919951e-001
 6.2139964e-001
 6.2351179e-001
 6.2551838e-001
 6.2740451e-001
 6.2915695e-001
 6.3076663e-001
 6.3222682e-001
 6.3353360e-001
 6.3468444e-001
 6.3568038e-001
 6.3652450e-001
 6.3722181e-001
 6.3777971e-001
 6.3820708e-001
 6.3851333e-001
 6.3870859e-001
 6.3880277e-001
 6.3880533e-001
 6.3872480e-001
 6.3856864e-001
 6.3834298e-001
 6.3805234e-001
 6.3769960e-001
 6.3728583e-001
 6.3681138e-001
 6.3627547e-001
 6.3567770e-001
 6.3501906e-001
 6.3430190e-001
 6.3353115e-001
 6.3271409e-001
 6.3186109e-001
 6.3098419e-001
 6.3009673e-001
 6.2921327e-001
 6.2834698e-001
 6.2750930e-001
 6.2670934e-001
 6.2595201e-001
 6.2523800e-001
 6.2456453e-001
 6.2392473e-001
 6.2330937e-001
 6.2270766e-001
 6.2210864e-001
 6.2150115e-001
 6.2087458e-001
 6.2021965e-001
 6.1952710e-001
 6.1878872e-001
 6.1799771e-001
 6.1714840e-001
 6.1623722e-001
 6.1526293e-001
 6.1422765e-001
 6.1313552e-001
 6.1199290e-001
 6.1080825e-001
 6.0958976e-001
 6.0834497e-001
 6.0708094e-001
 6.0580224e-001
 6.0451150e-001
 6.0321081e-001
 6.0189992e-001
 6.0057831e-001
 5.9924442e-001
 5.9789771e-001
 5.9653670e-001
 5.9516019e-001
 5.9376866e-001
 5.9236187e-001
 5.9094012e-001
 5.8950454e-001
 5.8805496e-001
 5.8659124e-001
 5.8511215e-001
 5.8361757e-001
 5.8210671e-001
 5.8057964e-001
 5.7903880e-001
 5.7748711e-001
 5.7592851e-001
 5.7436889e-001
 5.7281280e-001
 5.7126433e-001
 5.6972557e-001
 5.6819749e-001
 5.6667715e-001
 5.6515926e-001
 5.6363726e-001
 5.6210196e-001
 5.6054372e-001
 5.5895460e-001
 5.5732691e-001
 5.5565488e-001
 5.5393654e-001
 5.5217075e-001
 5.5035919e-001
 5.4850471e-001
 5.4661310e-001
 5.4468966e-001
 5.4273993e-001
 5.4077065e-001
 5.3878629e-001
 5.3679043e-001
 5.3478771e-001
 5.3278148e-001
 5.3077674e-001
 5.2877951e-001
 5.2679890e-001
 5.2484393e-001
 5.2292418e-001
 5.2104992e-001
 5.1922894e-001
 5.1746738e-001
 5.1577103e-001
 5.1414299e-001
 5.1258540e-001
 5.1110047e-001
 5.0968850e-001
 5.0834906e-001
 5.0708050e-001
 5.0588161e-001
 5.0475019e-001
 5.0368512e-001
 5.0268710e-001
 5.0175780e-001
 5.0090015e-001
 5.0011814e-001
 4.9941453e-001
 4.9879074e-001
 4.9824557e-001
 4.9777588e-001
 4.9737594e-001
 4.9703860e-001
-1.2300000e+034
