s07_ASD Record=13470: Kaol.5+MuscCU91-250A AMX13   ASDNGb AREF
-1.2300000e+034
 4.0579176e-001
 4.0896806e-001
 4.1215140e-001
 4.1527444e-001
 4.1859740e-001
 4.2207313e-001
 4.2563644e-001
 4.2922306e-001
 4.3283951e-001
 4.3650135e-001
 4.4015658e-001
 4.4374362e-001
 4.4741830e-001
 4.5110345e-001
 4.5474601e-001
 4.5835954e-001
 4.6189579e-001
 4.6543720e-001
 4.6902564e-001
 4.7250310e-001
 4.7573984e-001
 4.7885340e-001
 4.8206756e-001
 4.8514736e-001
 4.8822388e-001
 4.9134815e-001
 4.9441385e-001
 4.9739063e-001
 5.0029546e-001
 5.0315785e-001
 5.0598854e-001
 5.0875926e-001
 5.1150060e-001
 5.1426399e-001
 5.1698041e-001
 5.1971954e-001
 5.2246934e-001
 5.2509016e-001
 5.2766353e-001
 5.3020853e-001
 5.3273422e-001
 5.3525859e-001
 5.3778982e-001
 5.4030740e-001
 5.4277903e-001
 5.4523182e-001
 5.4760736e-001
 5.4984987e-001
 5.5191487e-001
 5.5395108e-001
 5.5607140e-001
 5.5827677e-001
 5.6023979e-001
 5.6212115e-001
 5.6397301e-001
 5.6576931e-001
 5.6752938e-001
 5.6924951e-001
 5.7093620e-001
 5.7262272e-001
 5.7418710e-001
 5.7569897e-001
 5.7725477e-001
 5.7880986e-001
 5.8028644e-001
 5.8172977e-001
 5.8326453e-001
 5.8472306e-001
 5.8617359e-001
 5.8766103e-001
 5.8909178e-001
 5.9054887e-001
 5.9203392e-001
 5.9351552e-001
 5.9494078e-001
 5.9639817e-001
 5.9788924e-001
 5.9932500e-001
 6.0075808e-001
 6.0222262e-001
 6.0371590e-001
 6.0515070e-001
 6.0662252e-001
 6.0810578e-001
 6.0954070e-001
 6.1106211e-001
 6.1252892e-001
 6.1391652e-001
 6.1537915e-001
 6.1678559e-001
 6.1817223e-001
 6.1958295e-001
 6.2095368e-001
 6.2229806e-001
 6.2363839e-001
 6.2499887e-001
 6.2631929e-001
 6.2760425e-001
 6.2886447e-001
 6.3010913e-001
 6.3128930e-001
 6.3242143e-001
 6.3353598e-001
 6.3462418e-001
 6.3567817e-001
 6.3669032e-001
 6.3765609e-001
 6.3862902e-001
 6.3958997e-001
 6.4052147e-001
 6.4144361e-001
 6.4235598e-001
 6.4326024e-001
 6.4416391e-001
 6.4508218e-001
 6.4596897e-001
 6.4681965e-001
 6.4769095e-001
 6.4855295e-001
 6.4940929e-001
 6.5027028e-001
 6.5115303e-001
 6.5200901e-001
 6.5284276e-001
 6.5369225e-001
 6.5455526e-001
 6.5541655e-001
 6.5626711e-001
 6.5711379e-001
 6.5796113e-001
 6.5882277e-001
 6.5970558e-001
 6.6058129e-001
 6.6145843e-001
 6.6235393e-001
 6.6328174e-001
 6.6415924e-001
 6.6504335e-001
 6.6598558e-001
 6.6695333e-001
 6.6788483e-001
 6.6880941e-001
 6.6978246e-001
 6.7070311e-001
 6.7163563e-001
 6.7259634e-001
 6.7351884e-001
 6.7448300e-001
 6.7547870e-001
 6.7647541e-001
 6.7747205e-001
 6.7848301e-001
 6.7950499e-001
 6.8051732e-001
 6.8151635e-001
 6.8251479e-001
 6.8352348e-001
 6.8454403e-001
 6.8558133e-001
 6.8661225e-001
 6.8761808e-001
 6.8864316e-001
 6.8967330e-001
 6.9070005e-001
 6.9171965e-001
 6.9273210e-001
 6.9374764e-001
 6.9476950e-001
 6.9577795e-001
 6.9676721e-001
 6.9774437e-001
 6.9872564e-001
 6.9973058e-001
 7.0075244e-001
 7.0177674e-001
 7.0278597e-001
 7.0376647e-001
 7.0474684e-001
 7.0575458e-001
 7.0673990e-001
 7.0773035e-001
 7.0872855e-001
 7.0971245e-001
 7.1068537e-001
 7.1164626e-001
 7.1260083e-001
 7.1357667e-001
 7.1454680e-001
 7.1550965e-001
 7.1647215e-001
 7.1742004e-001
 7.1834296e-001
 7.1925247e-001
 7.2018790e-001
 7.2108996e-001
 7.2195733e-001
 7.2280723e-001
 7.2365254e-001
 7.2449189e-001
 7.2532123e-001
 7.2613645e-001
 7.2694188e-001
 7.2773975e-001
 7.2852969e-001
 7.2930562e-001
 7.3008209e-001
 7.3085636e-001
 7.3161626e-001
 7.3234177e-001
 7.3305941e-001
 7.3377353e-001
 7.3445916e-001
 7.3514235e-001
 7.3581910e-001
 7.3647976e-001
 7.3711848e-001
 7.3774964e-001
 7.3836952e-001
 7.3896235e-001
 7.3954660e-001
 7.4013084e-001
 7.4071687e-001
 7.4130076e-001
 7.4184054e-001
 7.4235916e-001
 7.4289274e-001
 7.4342167e-001
 7.4393326e-001
 7.4444205e-001
 7.4498475e-001
 7.4553043e-001
 7.4608445e-001
 7.4664277e-001
 7.4715966e-001
 7.4765635e-001
 7.4815404e-001
 7.4866688e-001
 7.4915546e-001
 7.4963784e-001
 7.5011885e-001
 7.5057912e-001
 7.5101298e-001
 7.5144601e-001
 7.5190032e-001
 7.5235182e-001
 7.5277233e-001
 7.5317395e-001
 7.5359660e-001
 7.5403869e-001
 7.5449133e-001
 7.5493109e-001
 7.5530601e-001
 7.5568455e-001
 7.5608325e-001
 7.5649226e-001
 7.5687462e-001
 7.5723726e-001
 7.5759339e-001
 7.5795734e-001
 7.5833738e-001
 7.5871426e-001
 7.5907314e-001
 7.5942874e-001
 7.5977957e-001
 7.6012218e-001
 7.6045340e-001
 7.6077718e-001
 7.6109272e-001
 7.6141304e-001
 7.6177299e-001
 7.6211679e-001
 7.6243824e-001
 7.6275301e-001
 7.6310480e-001
 7.6346815e-001
 7.6381731e-001
 7.6413167e-001
 7.6443768e-001
 7.6475793e-001
 7.6509523e-001
 7.6541805e-001
 7.6573789e-001
 7.6606309e-001
 7.6639670e-001
 7.6670468e-001
 7.6701677e-001
 7.6734561e-001
 7.6768863e-001
 7.6801574e-001
 7.6833183e-001
 7.6863855e-001
 7.6892090e-001
 7.6920766e-001
 7.6950842e-001
 7.6982492e-001
 7.7014256e-001
 7.7046102e-001
 7.7078342e-001
 7.7112192e-001
 7.7145511e-001
 7.7176553e-001
 7.7205467e-001
 7.7236581e-001
 7.7266639e-001
 7.7296102e-001
 7.7327120e-001
 7.7358449e-001
 7.7389616e-001
 7.7421486e-001
 7.7456570e-001
 7.7492386e-001
 7.7526730e-001
 7.7558446e-001
 7.7589548e-001
 7.7622193e-001
 7.7656358e-001
 7.7690607e-001
 7.7725643e-001
 7.7762777e-001
 7.7801222e-001
 7.7835816e-001
 7.7871352e-001
 7.7907801e-001
 7.7943182e-001
 7.7974087e-001
 7.8003192e-001
 7.8031182e-001
 7.8057426e-001
 7.8089213e-001
 7.8122813e-001
 7.8154218e-001
 7.8183365e-001
 7.8213024e-001
 7.8242332e-001
 7.8270108e-001
 7.8299838e-001
 7.8331757e-001
 7.8365552e-001
 7.8400224e-001
 7.8434163e-001
 7.8466314e-001
 7.8497386e-001
 7.8532720e-001
 7.8566664e-001
 7.8599936e-001
 7.8634828e-001
 7.8667581e-001
 7.8700638e-001
 7.8735328e-001
 7.8771067e-001
 7.8804594e-001
 7.8837550e-001
 7.8871131e-001
 7.8902704e-001
 7.8933269e-001
 7.8964365e-001
 7.8997326e-001
 7.9030710e-001
 7.9065812e-001
 7.9102165e-001
 7.9137403e-001
 7.9167652e-001
 7.9197484e-001
 7.9229856e-001
 7.9259193e-001
 7.9289329e-001
 7.9321384e-001
 7.9355007e-001
 7.9388571e-001
 7.9420763e-001
 7.9450685e-001
 7.9477727e-001
 7.9502410e-001
 7.9526317e-001
 7.9551256e-001
 7.9579353e-001
 7.9608172e-001
 7.9635882e-001
 7.9661512e-001
 7.9686111e-001
 7.9710394e-001
 7.9734117e-001
 7.9756546e-001
 7.9780245e-001
 7.9802978e-001
 7.9823166e-001
 7.9841787e-001
 7.9862565e-001
 7.9884380e-001
 7.9904199e-001
 7.9920584e-001
 7.9933453e-001
 7.9944766e-001
 7.9958206e-001
 7.9980904e-001
 8.0010086e-001
 8.0040681e-001
 8.0066776e-001
 8.0091548e-001
 8.0115873e-001
 8.0139631e-001
 8.0161530e-001
 8.0181652e-001
 8.0199593e-001
 8.0215555e-001
 8.0232394e-001
 8.0248177e-001
 8.0262464e-001
 8.0277091e-001
 8.0295521e-001
 8.0313158e-001
 8.0326730e-001
 8.0341613e-001
 8.0357981e-001
 8.0374354e-001
 8.0388814e-001
 8.0402625e-001
 8.0416131e-001
 8.0428946e-001
 8.0440271e-001
 8.0450022e-001
 8.0459821e-001
 8.0470574e-001
 8.0481219e-001
 8.0492830e-001
 8.0505425e-001
 8.0517918e-001
 8.0527151e-001
 8.0536586e-001
 8.0546468e-001
 8.0554903e-001
 8.0561870e-001
 8.0567783e-001
 8.0573589e-001
 8.0580741e-001
 8.0587703e-001
 8.0595797e-001
 8.0605704e-001
 8.0615205e-001
 8.0624789e-001
 8.0633003e-001
 8.0639112e-001
 8.0648106e-001
 8.0654484e-001
 8.0656821e-001
 8.0657846e-001
 8.0661374e-001
 8.0666554e-001
 8.0672526e-001
 8.0679554e-001
 8.0687898e-001
 8.0695945e-001
 8.0702543e-001
 8.0708444e-001
 8.0715424e-001
 8.0720931e-001
 8.0722356e-001
 8.0724716e-001
 8.0730540e-001
 8.0738449e-001
 8.0744386e-001
 8.0748516e-001
 8.0752337e-001
 8.0756265e-001
 8.0758876e-001
 8.0759680e-001
 8.0760139e-001
 8.0761522e-001
 8.0763590e-001
 8.0765224e-001
 8.0767465e-001
 8.0771291e-001
 8.0773985e-001
 8.0778545e-001
 8.0784333e-001
 8.0788308e-001
 8.0791563e-001
 8.0795240e-001
 8.0799240e-001
 8.0802071e-001
 8.0804616e-001
 8.0807638e-001
 8.0811763e-001
 8.0817395e-001
 8.0819428e-001
 8.0819601e-001
 8.0820864e-001
 8.0822051e-001
 8.0824292e-001
 8.0828267e-001
 8.0833530e-001
 8.0836153e-001
 8.0838042e-001
 8.0839974e-001
 8.0841666e-001
 8.0842632e-001
 8.0844843e-001
 8.0847955e-001
 8.0848640e-001
 8.0847907e-001
 8.0848455e-001
 8.0851525e-001
 8.0854708e-001
 8.0856591e-001
 8.0859339e-001
 8.0864888e-001
 8.0870777e-001
 8.0875182e-001
 8.0880558e-001
 8.0888939e-001
 8.0892259e-001
 8.0893844e-001
 8.0896097e-001
 8.0899894e-001
 8.0902249e-001
 8.0904412e-001
 8.0907333e-001
 8.0910927e-001
 8.0915189e-001
 8.0918711e-001
 8.0921549e-001
 8.0926138e-001
 8.0931622e-001
 8.0937707e-001
 8.0943519e-001
 8.0946732e-001
 8.0950409e-001
 8.0955833e-001
 8.0962622e-001
 8.0967098e-001
 8.0973506e-001
 8.0980295e-001
 8.0984420e-001
 8.0989373e-001
 8.0994821e-001
 8.1000847e-001
 8.1007653e-001
 8.1015342e-001
 8.1021118e-001
 8.1026524e-001
 8.1036037e-001
 8.1043941e-001
 8.1050926e-001
 8.1058121e-001
 8.1066030e-001
 8.1073350e-001
 8.1081390e-001
 8.1089699e-001
 8.1094593e-001
 8.1098193e-001
 8.1099772e-001
 8.1098878e-001
 8.1095767e-001
 8.1096488e-001
 8.1097215e-001
 8.1094527e-001
 8.1094915e-001
 8.1092656e-001
 8.1091583e-001
 8.1096017e-001
 8.1099606e-001
 8.1106055e-001
 8.1112581e-001
 8.1116080e-001
 8.1124711e-001
 8.1133217e-001
 8.1142753e-001
 8.1155968e-001
 8.1161529e-001
 8.1170064e-001
 8.1182045e-001
 8.1191462e-001
 8.1204849e-001
 8.1215554e-001
 8.1223440e-001
 8.1233597e-001
 8.1239831e-001
 8.1245387e-001
 8.1251359e-001
 8.1255984e-001
 8.1261861e-001
 8.1264848e-001
 8.1265336e-001
 8.1268674e-001
 8.1267130e-001
 8.1265330e-001
 8.1264734e-001
 8.1260622e-001
 8.1254375e-001
 8.1245118e-001
 8.1233925e-001
 8.1224597e-001
 8.1214219e-001
 8.1199229e-001
 8.1180239e-001
 8.1163448e-001
 8.1137931e-001
 8.1111580e-001
 8.1089765e-001
 8.1067246e-001
 8.1044370e-001
 8.1025684e-001
 8.1011915e-001
 8.0995423e-001
 8.0990064e-001
 8.0991489e-001
 8.0991387e-001
 8.0983281e-001
 8.0975336e-001
 8.0959380e-001
 8.0935007e-001
 8.0921501e-001
 8.0907500e-001
 8.0892247e-001
 8.0882633e-001
 8.0893767e-001
 8.0921298e-001
 8.0961382e-001
 8.1018621e-001
 8.1111479e-001
 8.1221741e-001
 8.1336927e-001
 8.1448734e-001
 8.1554377e-001
 8.1637853e-001
 8.1700808e-001
 8.1750536e-001
 8.1794250e-001
 8.1828457e-001
 8.1855643e-001
 8.1880063e-001
 8.1906039e-001
 8.1925899e-001
 8.1944096e-001
 8.1963551e-001
 8.1981510e-001
 8.1999320e-001
 8.2014227e-001
 8.2025814e-001
 8.2037550e-001
 8.2055837e-001
 8.2065475e-001
 8.2067418e-001
 8.2081372e-001
 8.2095289e-001
 8.2105607e-001
 8.2113916e-001
 8.2124829e-001
 8.2135922e-001
 8.2147974e-001
 8.2150149e-001
 8.2158577e-001
 8.2166660e-001
 8.2174432e-001
 8.2181948e-001
 8.2189262e-001
 8.2196426e-001
 8.2203507e-001
 8.2210529e-001
 8.2217526e-001
 8.2224506e-001
 8.2231468e-001
 8.2238400e-001
 8.2245296e-001
 8.2252145e-001
 8.2258934e-001
 8.2265651e-001
 8.2272297e-001
 8.2278854e-001
 8.2285327e-001
 8.2291716e-001
 8.2298046e-001
 8.2304347e-001
 8.2310641e-001
 8.2316959e-001
 8.2323313e-001
 8.2329696e-001
 8.2336092e-001
 8.2342470e-001
 8.2348800e-001
 8.2355052e-001
 8.2361209e-001
 8.2367265e-001
 8.2373214e-001
 8.2379061e-001
 8.2384813e-001
 8.2390463e-001
 8.2396019e-001
 8.2401478e-001
 8.2406849e-001
 8.2412148e-001
 8.2417417e-001
 8.2422680e-001
 8.2427984e-001
 8.2433373e-001
 8.2438862e-001
 8.2444477e-001
 8.2450217e-001
 8.2456064e-001
 8.2462001e-001
 8.2468003e-001
 8.2474059e-001
 8.2480162e-001
 8.2486308e-001
 8.2492530e-001
 8.2498860e-001
 8.2505316e-001
 8.2511926e-001
 8.2518697e-001
 8.2525605e-001
 8.2532614e-001
 8.2539678e-001
 8.2546759e-001
 8.2553810e-001
 8.2560813e-001
 8.2567751e-001
 8.2574624e-001
 8.2581437e-001
 8.2588184e-001
 8.2594860e-001
 8.2601458e-001
 8.2607973e-001
 8.2614410e-001
 8.2620788e-001
 8.2627124e-001
 8.2633466e-001
 8.2639843e-001
 8.2646292e-001
 8.2652825e-001
 8.2659453e-001
 8.2666141e-001
 8.2672882e-001
 8.2679623e-001
 8.2686347e-001
 8.2693034e-001
 8.2699674e-001
 8.2706290e-001
 8.2712889e-001
 8.2719499e-001
 8.2726151e-001
 8.2732856e-001
 8.2739645e-001
 8.2746530e-001
 8.2753539e-001
 8.2760692e-001
 8.2768017e-001
 8.2775551e-001
 8.2783306e-001
 8.2791311e-001
 8.2799560e-001
 8.2808036e-001
 8.2816720e-001
 8.2825559e-001
 8.2834530e-001
 8.2843584e-001
 8.2852709e-001
 8.2861900e-001
 8.2871169e-001
 8.2880539e-001
 8.2890058e-001
 8.2899755e-001
 8.2909679e-001
 8.2919860e-001
 8.2930309e-001
 8.2941025e-001
 8.2951999e-001
 8.2963181e-001
 8.2974517e-001
 8.2985944e-001
 8.2997388e-001
 8.3008784e-001
 8.3020085e-001
 8.3031267e-001
 8.3042300e-001
 8.3053213e-001
 8.3064002e-001
 8.3074701e-001
 8.3085310e-001
 8.3095849e-001
 8.3106303e-001
 8.3116663e-001
 8.3126920e-001
 8.3137053e-001
 8.3147061e-001
 8.3156925e-001
 8.3166641e-001
 8.3176214e-001
 8.3185625e-001
 8.3194864e-001
 8.3203918e-001
 8.3212775e-001
 8.3221436e-001
 8.3229911e-001
 8.3238226e-001
 8.3246422e-001
 8.3254558e-001
 8.3262700e-001
 8.3270901e-001
 8.3279234e-001
 8.3287752e-001
 8.3296496e-001
 8.3305508e-001
 8.3314794e-001
 8.3324367e-001
 8.3334196e-001
 8.3344257e-001
 8.3354485e-001
 8.3364815e-001
 8.3375180e-001
 8.3385485e-001
 8.3395660e-001
 8.3405626e-001
 8.3415347e-001
 8.3424789e-001
 8.3433968e-001
 8.3442914e-001
 8.3451718e-001
 8.3460468e-001
 8.3469284e-001
 8.3478284e-001
 8.3487564e-001
 8.3497196e-001
 8.3507216e-001
 8.3517623e-001
 8.3528382e-001
 8.3539426e-001
 8.3550668e-001
 8.3562005e-001
 8.3573347e-001
 8.3584607e-001
 8.3595711e-001
 8.3606601e-001
 8.3617252e-001
 8.3627635e-001
 8.3637738e-001
 8.3647543e-001
 8.3657038e-001
 8.3666182e-001
 8.3674949e-001
 8.3683306e-001
 8.3691210e-001
 8.3698666e-001
 8.3705676e-001
 8.3712286e-001
 8.3718574e-001
 8.3724642e-001
 8.3730620e-001
 8.3736622e-001
 8.3742762e-001
 8.3749110e-001
 8.3755702e-001
 8.3762509e-001
 8.3769464e-001
 8.3776438e-001
 8.3783275e-001
 8.3789796e-001
 8.3795828e-001
 8.3801210e-001
 8.3805805e-001
 8.3809525e-001
 8.3812308e-001
 8.3814108e-001
 8.3814895e-001
 8.3814633e-001
 8.3813250e-001
 8.3810651e-001
 8.3806670e-001
 8.3801103e-001
 8.3793694e-001
 8.3784163e-001
 8.3772254e-001
 8.3757734e-001
 8.3740491e-001
 8.3720553e-001
 8.3698106e-001
 8.3673513e-001
 8.3647305e-001
 8.3620131e-001
 8.3592707e-001
 8.3565778e-001
 8.3540046e-001
 8.3516157e-001
 8.3494699e-001
 8.3476192e-001
 8.3461106e-001
 8.3449894e-001
 8.3442962e-001
 8.3440661e-001
 8.3443266e-001
 8.3450896e-001
 8.3463490e-001
 8.3480787e-001
 8.3502328e-001
 8.3527452e-001
 8.3555377e-001
 8.3585268e-001
 8.3616292e-001
 8.3647716e-001
 8.3678937e-001
 8.3709556e-001
 8.3739340e-001
 8.3768243e-001
 8.3796370e-001
 8.3823901e-001
 8.3851022e-001
 8.3877873e-001
 8.3904475e-001
 8.3930707e-001
 8.3956307e-001
 8.3980912e-001
 8.4004080e-001
 8.4025377e-001
 8.4044421e-001
 8.4060931e-001
 8.4074730e-001
 8.4085774e-001
 8.4094089e-001
 8.4099782e-001
 8.4102970e-001
 8.4103751e-001
 8.4102160e-001
 8.4098154e-001
 8.4091592e-001
 8.4082222e-001
 8.4069723e-001
 8.4053677e-001
 8.4033668e-001
 8.4009272e-001
 8.3980125e-001
 8.3945972e-001
 8.3906692e-001
 8.3862370e-001
 8.3813274e-001
 8.3759904e-001
 8.3702976e-001
 8.3643359e-001
 8.3582056e-001
 8.3520091e-001
 8.3458453e-001
 8.3398026e-001
 8.3339459e-001
 8.3283186e-001
 8.3229381e-001
 8.3177960e-001
 8.3128685e-001
 8.3081162e-001
 8.3034968e-001
 8.2989717e-001
 8.2945108e-001
 8.2901031e-001
 8.2857549e-001
 8.2814938e-001
 8.2773668e-001
 8.2734329e-001
 8.2697582e-001
 8.2664007e-001
 8.2634056e-001
 8.2607907e-001
 8.2585448e-001
 8.2566237e-001
 8.2549572e-001
 8.2534540e-001
 8.2520181e-001
 8.2505542e-001
 8.2489848e-001
 8.2472533e-001
 8.2453287e-001
 8.2432079e-001
 8.2409096e-001
 8.2384706e-001
 8.2359409e-001
 8.2333773e-001
 8.2308364e-001
 8.2283741e-001
 8.2260382e-001
 8.2238716e-001
 8.2219046e-001
 8.2201612e-001
 8.2186550e-001
 8.2173890e-001
 8.2163608e-001
 8.2155544e-001
 8.2149470e-001
 8.2145029e-001
 8.2141727e-001
 8.2138914e-001
 8.2135743e-001
 8.2131141e-001
 8.2123804e-001
 8.2112187e-001
 8.2094538e-001
 8.2068956e-001
 8.2033515e-001
 8.1986451e-001
 8.1926316e-001
 8.1852257e-001
 8.1764162e-001
 8.1662858e-001
 8.1550157e-001
 8.1428742e-001
 8.1302077e-001
 8.1174016e-001
 8.1048584e-001
 8.0929542e-001
 8.0820066e-001
 8.0722594e-001
 8.0638593e-001
 8.0568600e-001
 8.0512208e-001
 8.0468142e-001
 8.0434442e-001
 8.0408543e-001
 8.0387485e-001
 8.0368018e-001
 8.0346787e-001
 8.0320436e-001
 8.0285758e-001
 8.0239749e-001
 8.0179697e-001
 8.0103195e-001
 8.0008221e-001
 7.9893112e-001
 7.9756582e-001
 7.9597777e-001
 7.9416150e-001
 7.9211521e-001
 7.8983897e-001
 7.8733242e-001
 7.8459489e-001
 7.8162152e-001
 7.7840477e-001
 7.7493364e-001
 7.7119464e-001
 7.6717752e-001
 7.6287663e-001
 7.5829875e-001
 7.5346655e-001
 7.4841958e-001
 7.4321854e-001
 7.3794198e-001
 7.3267913e-001
 7.2752768e-001
 7.2258002e-001
 7.1791893e-001
 7.1360862e-001
 7.0968831e-001
 7.0617378e-001
 7.0305514e-001
 7.0030361e-001
 6.9787472e-001
 6.9571275e-001
 6.9375741e-001
 6.9194543e-001
 6.9021672e-001
 6.8851984e-001
 6.8682003e-001
 6.8511343e-001
 6.8343884e-001
 6.8189192e-001
 6.8063116e-001
 6.7987341e-001
 6.7987734e-001
 6.8091273e-001
 6.8322080e-001
 6.8697238e-001
 6.9223541e-001
 6.9895339e-001
 7.0694679e-001
 7.1593773e-001
 7.2557926e-001
 7.3550797e-001
 7.4537838e-001
 7.5490004e-001
 7.6386070e-001
 7.7212399e-001
 7.7963090e-001
 7.8637809e-001
 7.9240298e-001
 7.9776812e-001
 8.0254245e-001
 8.0679631e-001
 8.1059200e-001
 8.1398332e-001
 8.1701666e-001
 8.1972933e-001
 8.2215458e-001
 8.2432026e-001
 8.2625180e-001
 8.2797343e-001
 8.2950723e-001
 8.3087432e-001
 8.3209550e-001
 8.3318973e-001
 8.3417547e-001
 8.3506954e-001
 8.3588731e-001
 8.3664292e-001
 8.3734798e-001
 8.3801275e-001
 8.3864480e-001
 8.3924949e-001
 8.3983064e-001
 8.4038997e-001
 8.4092826e-001
 8.4144545e-001
 8.4194124e-001
 8.4241563e-001
 8.4286904e-001
 8.4330249e-001
 8.4371775e-001
 8.4411693e-001
 8.4450275e-001
 8.4487796e-001
 8.4524518e-001
 8.4560686e-001
 8.4596485e-001
 8.4632051e-001
 8.4667444e-001
 8.4702671e-001
 8.4737700e-001
 8.4772432e-001
 8.4806764e-001
 8.4840566e-001
 8.4873706e-001
 8.4906060e-001
 8.4937507e-001
 8.4967971e-001
 8.4997374e-001
 8.5025644e-001
 8.5052747e-001
 8.5078621e-001
 8.5103220e-001
 8.5126454e-001
 8.5148239e-001
 8.5168469e-001
 8.5187036e-001
 8.5203862e-001
 8.5218936e-001
 8.5232323e-001
 8.5244238e-001
 8.5255039e-001
 8.5265225e-001
 8.5275424e-001
 8.5286307e-001
 8.5298568e-001
 8.5312814e-001
 8.5329503e-001
 8.5348892e-001
 8.5371029e-001
 8.5395741e-001
 8.5422671e-001
 8.5451329e-001
 8.5481167e-001
 8.5511613e-001
 8.5542125e-001
 8.5572213e-001
 8.5601473e-001
 8.5629600e-001
 8.5656363e-001
 8.5681635e-001
 8.5705370e-001
 8.5727602e-001
 8.5748452e-001
 8.5768092e-001
 8.5786718e-001
 8.5804552e-001
 8.5821778e-001
 8.5838568e-001
 8.5855007e-001
 8.5871124e-001
 8.5886896e-001
 8.5902232e-001
 8.5917020e-001
 8.5931134e-001
 8.5944444e-001
 8.5956854e-001
 8.5968286e-001
 8.5978740e-001
 8.5988235e-001
 8.5996860e-001
 8.6004740e-001
 8.6012048e-001
 8.6018950e-001
 8.6025643e-001
 8.6032289e-001
 8.6039031e-001
 8.6045980e-001
 8.6053205e-001
 8.6060721e-001
 8.6068511e-001
 8.6076528e-001
 8.6084688e-001
 8.6092877e-001
 8.6101002e-001
 8.6108953e-001
 8.6116666e-001
 8.6124104e-001
 8.6131281e-001
 8.6138248e-001
 8.6145091e-001
 8.6151934e-001
 8.6158901e-001
 8.6166114e-001
 8.6173695e-001
 8.6181724e-001
 8.6190265e-001
 8.6199343e-001
 8.6208940e-001
 8.6219013e-001
 8.6229467e-001
 8.6240202e-001
 8.6251092e-001
 8.6261988e-001
 8.6272758e-001
 8.6283273e-001
 8.6293411e-001
 8.6303091e-001
 8.6312270e-001
 8.6320943e-001
 8.6329126e-001
 8.6336905e-001
 8.6344361e-001
 8.6351621e-001
 8.6358804e-001
 8.6366028e-001
 8.6373419e-001
 8.6381054e-001
 8.6389011e-001
 8.6397314e-001
 8.6405975e-001
 8.6414957e-001
 8.6424214e-001
 8.6433655e-001
 8.6443210e-001
 8.6452776e-001
 8.6462271e-001
 8.6471647e-001
 8.6480850e-001
 8.6489862e-001
 8.6498696e-001
 8.6507362e-001
 8.6515868e-001
 8.6524218e-001
 8.6532396e-001
 8.6540365e-001
 8.6548060e-001
 8.6555403e-001
 8.6562330e-001
 8.6568755e-001
 8.6574638e-001
 8.6579931e-001
 8.6584646e-001
 8.6588800e-001
 8.6592442e-001
 8.6595649e-001
 8.6598504e-001
 8.6601108e-001
 8.6603540e-001
 8.6605865e-001
 8.6608142e-001
 8.6610383e-001
 8.6612576e-001
 8.6614698e-001
 8.6616707e-001
 8.6618549e-001
 8.6620170e-001
 8.6621541e-001
 8.6622638e-001
 8.6623454e-001
 8.6624026e-001
 8.6624390e-001
 8.6624616e-001
 8.6624771e-001
 8.6624938e-001
 8.6625183e-001
 8.6625558e-001
 8.6626095e-001
 8.6626804e-001
 8.6627668e-001
 8.6628675e-001
 8.6629796e-001
 8.6631012e-001
 8.6632311e-001
 8.6633688e-001
 8.6635149e-001
 8.6636698e-001
 8.6638337e-001
 8.6640042e-001
 8.6641800e-001
 8.6643565e-001
 8.6645275e-001
 8.6646891e-001
 8.6648339e-001
 8.6649585e-001
 8.6650592e-001
 8.6651337e-001
 8.6651832e-001
 8.6652088e-001
 8.6652136e-001
 8.6652011e-001
 8.6651742e-001
 8.6651343e-001
 8.6650819e-001
 8.6650163e-001
 8.6649352e-001
 8.6648363e-001
 8.6647171e-001
 8.6645788e-001
 8.6644220e-001
 8.6642504e-001
 8.6640698e-001
 8.6638874e-001
 8.6637104e-001
 8.6635470e-001
 8.6634028e-001
 8.6632812e-001
 8.6631840e-001
 8.6631072e-001
 8.6630434e-001
 8.6629832e-001
 8.6629164e-001
 8.6628318e-001
 8.6627215e-001
 8.6625814e-001
 8.6624122e-001
 8.6622179e-001
 8.6620057e-001
 8.6617833e-001
 8.6615580e-001
 8.6613351e-001
 8.6611158e-001
 8.6609000e-001
 8.6606842e-001
 8.6604631e-001
 8.6602336e-001
 8.6599916e-001
 8.6597371e-001
 8.6594713e-001
 8.6591959e-001
 8.6589134e-001
 8.6586255e-001
 8.6583316e-001
 8.6580276e-001
 8.6577094e-001
 8.6573696e-001
 8.6570042e-001
 8.6566091e-001
 8.6561841e-001
 8.6557335e-001
 8.6552614e-001
 8.6547768e-001
 8.6542863e-001
 8.6537951e-001
 8.6533070e-001
 8.6528218e-001
 8.6523354e-001
 8.6518413e-001
 8.6513287e-001
 8.6507857e-001
 8.6501980e-001
 8.6495531e-001
 8.6488390e-001
 8.6480463e-001
 8.6471695e-001
 8.6462063e-001
 8.6451602e-001
 8.6440349e-001
 8.6428380e-001
 8.6415780e-001
 8.6402619e-001
 8.6388975e-001
 8.6374891e-001
 8.6360389e-001
 8.6345506e-001
 8.6330247e-001
 8.6314642e-001
 8.6298752e-001
 8.6282635e-001
 8.6266410e-001
 8.6250174e-001
 8.6234045e-001
 8.6218131e-001
 8.6202508e-001
 8.6187232e-001
 8.6172330e-001
 8.6157811e-001
 8.6143655e-001
 8.6129856e-001
 8.6116409e-001
 8.6103314e-001
 8.6090565e-001
 8.6078143e-001
 8.6066002e-001
 8.6054081e-001
 8.6042261e-001
 8.6030382e-001
 8.6018282e-001
 8.6005759e-001
 8.5992640e-001
 8.5978764e-001
 8.5964024e-001
 8.5948330e-001
 8.5931641e-001
 8.5913944e-001
 8.5895246e-001
 8.5875559e-001
 8.5854906e-001
 8.5833293e-001
 8.5810733e-001
 8.5787225e-001
 8.5762787e-001
 8.5737455e-001
 8.5711282e-001
 8.5684347e-001
 8.5656780e-001
 8.5628688e-001
 8.5600221e-001
 8.5571486e-001
 8.5542566e-001
 8.5513496e-001
 8.5484242e-001
 8.5454726e-001
 8.5424811e-001
 8.5394341e-001
 8.5363144e-001
 8.5331053e-001
 8.5297948e-001
 8.5263759e-001
 8.5228485e-001
 8.5192204e-001
 8.5155070e-001
 8.5117304e-001
 8.5079187e-001
 8.5041058e-001
 8.5003281e-001
 8.4966218e-001
 8.4930229e-001
 8.4895629e-001
 8.4862685e-001
 8.4831589e-001
 8.4802425e-001
 8.4775209e-001
 8.4749889e-001
 8.4726316e-001
 8.4704322e-001
 8.4683686e-001
 8.4664166e-001
 8.4645516e-001
 8.4627444e-001
 8.4609663e-001
 8.4592032e-001
 8.4574068e-001
 8.4555477e-001
 8.4535974e-001
 8.4515303e-001
 8.4493285e-001
 8.4469801e-001
 8.4444827e-001
 8.4418416e-001
 8.4390765e-001
 8.4362185e-001
 8.4333128e-001
 8.4304172e-001
 8.4276003e-001
 8.4249371e-001
 8.4225035e-001
 8.4203696e-001
 8.4185934e-001
 8.4172171e-001
 8.4162605e-001
 8.4157223e-001
 8.4155786e-001
 8.4157860e-001
 8.4162837e-001
 8.4169972e-001
 8.4178424e-001
 8.4187269e-001
 8.4195524e-001
 8.4202164e-001
 8.4206188e-001
 8.4206623e-001
 8.4202647e-001
 8.4193677e-001
 8.4179449e-001
 8.4160173e-001
 8.4136593e-001
 8.4110022e-001
 8.4082335e-001
 8.4055841e-001
 8.4033090e-001
 8.4016621e-001
 8.4008652e-001
 8.4010810e-001
 8.4023929e-001
 8.4047925e-001
 8.4081811e-001
 8.4123868e-001
 8.4171838e-001
 8.4223223e-001
 8.4275538e-001
 8.4326524e-001
 8.4374303e-001
 8.4417415e-001
 8.4454811e-001
 8.4485835e-001
 8.4510082e-001
 8.4527367e-001
 8.4537631e-001
 8.4540904e-001
 8.4537250e-001
 8.4526759e-001
 8.4509528e-001
 8.4485620e-001
 8.4455073e-001
 8.4417838e-001
 8.4373832e-001
 8.4322912e-001
 8.4264874e-001
 8.4199536e-001
 8.4126717e-001
 8.4046316e-001
 8.3958328e-001
 8.3862817e-001
 8.3759993e-001
 8.3650100e-001
 8.3533478e-001
 8.3410478e-001
 8.3281428e-001
 8.3146685e-001
 8.3006501e-001
 8.2861102e-001
 8.2710671e-001
 8.2555228e-001
 8.2394773e-001
 8.2229108e-001
 8.2057977e-001
 8.1881052e-001
 8.1697899e-001
 8.1508207e-001
 8.1311822e-001
 8.1108755e-001
 8.0899459e-001
 8.0684680e-001
 8.0465639e-001
 8.0243999e-001
 8.0021703e-001
 7.9801100e-001
 7.9584682e-001
 7.9375112e-001
 7.9175073e-001
 7.8987032e-001
 7.8813326e-001
 7.8655845e-001
 7.8516108e-001
 7.8395152e-001
 7.8293467e-001
 7.8211111e-001
 7.8147656e-001
 7.8102320e-001
 7.8074008e-001
 7.8061378e-001
 7.8062916e-001
 7.8077012e-001
 7.8102005e-001
 7.8136206e-001
 7.8177989e-001
 7.8225774e-001
 7.8278089e-001
 7.8333586e-001
 7.8391039e-001
 7.8449374e-001
 7.8507662e-001
 7.8565115e-001
 7.8621113e-001
 7.8675139e-001
 7.8726846e-001
 7.8775954e-001
 7.8822309e-001
 7.8865844e-001
 7.8906572e-001
 7.8944606e-001
 7.8980118e-001
 7.9013377e-001
 7.9044694e-001
 7.9074419e-001
 7.9102904e-001
 7.9130495e-001
 7.9157490e-001
 7.9184175e-001
 7.9210764e-001
 7.9237443e-001
 7.9264343e-001
 7.9291528e-001
 7.9318976e-001
 7.9346567e-001
 7.9374081e-001
 7.9401201e-001
 7.9427558e-001
 7.9452771e-001
 7.9476482e-001
 7.9498434e-001
 7.9518467e-001
 7.9536557e-001
 7.9552799e-001
 7.9567367e-001
 7.9580492e-001
 7.9592437e-001
 7.9603469e-001
 7.9613841e-001
 7.9623789e-001
 7.9633522e-001
 7.9643226e-001
 7.9653049e-001
 7.9663074e-001
 7.9673362e-001
 7.9683912e-001
 7.9694676e-001
 7.9705578e-001
 7.9716527e-001
 7.9727441e-001
 7.9738224e-001
 7.9748809e-001
 7.9759133e-001
 7.9769146e-001
 7.9778785e-001
 7.9787976e-001
 7.9796648e-001
 7.9804718e-001
 7.9812098e-001
 7.9818720e-001
 7.9824537e-001
 7.9829520e-001
 7.9833686e-001
 7.9837054e-001
 7.9839677e-001
 7.9841608e-001
 7.9842907e-001
 7.9843664e-001
 7.9843956e-001
 7.9843909e-001
 7.9843634e-001
 7.9843265e-001
 7.9842901e-001
 7.9842627e-001
 7.9842472e-001
 7.9842430e-001
 7.9842484e-001
 7.9842615e-001
 7.9842860e-001
 7.9843283e-001
 7.9844022e-001
 7.9845220e-001
 7.9847026e-001
 7.9849535e-001
 7.9852778e-001
 7.9856706e-001
 7.9861170e-001
 7.9865956e-001
 7.9870820e-001
 7.9875481e-001
 7.9879689e-001
 7.9883254e-001
 7.9886049e-001
 7.9888028e-001
 7.9889226e-001
 7.9889721e-001
 7.9889625e-001
 7.9889023e-001
 7.9887974e-001
 7.9886466e-001
 7.9884458e-001
 7.9881841e-001
 7.9878515e-001
 7.9874378e-001
 7.9869360e-001
 7.9863453e-001
 7.9856718e-001
 7.9849249e-001
 7.9841208e-001
 7.9832739e-001
 7.9823971e-001
 7.9814976e-001
 7.9805744e-001
 7.9796189e-001
 7.9786140e-001
 7.9775405e-001
 7.9763806e-001
 7.9751223e-001
 7.9737633e-001
 7.9723108e-001
 7.9707789e-001
 7.9691857e-001
 7.9675478e-001
 7.9658747e-001
 7.9641682e-001
 7.9624242e-001
 7.9606289e-001
 7.9587662e-001
 7.9568166e-001
 7.9547608e-001
 7.9525769e-001
 7.9502475e-001
 7.9477531e-001
 7.9450774e-001
 7.9422033e-001
 7.9391158e-001
 7.9357958e-001
 7.9322201e-001
 7.9283637e-001
 7.9241931e-001
 7.9196751e-001
 7.9147834e-001
 7.9094982e-001
 7.9038203e-001
 7.8977704e-001
 7.8913957e-001
 7.8847605e-001
 7.8779453e-001
 7.8710365e-001
 7.8641123e-001
 7.8572309e-001
 7.8504276e-001
 7.8437024e-001
 7.8370202e-001
 7.8303158e-001
 7.8235084e-001
 7.8165013e-001
 7.8092021e-001
 7.8015429e-001
 7.7934802e-001
 7.7850115e-001
 7.7761811e-001
 7.7670693e-001
 7.7577847e-001
 7.7484602e-001
 7.7392191e-001
 7.7301711e-001
 7.7213931e-001
 7.7129310e-001
 7.7047861e-001
 7.6969272e-001
 7.6893014e-001
 7.6818359e-001
 7.6744485e-001
 7.6670617e-001
 7.6595896e-001
 7.6519436e-001
 7.6440251e-001
 7.6357251e-001
 7.6269186e-001
 7.6174724e-001
 7.6072705e-001
 7.5962204e-001
 7.5842828e-001
 7.5715053e-001
 7.5580180e-001
 7.5440443e-001
 7.5298959e-001
 7.5159246e-001
 7.5024951e-001
 7.4899340e-001
 7.4785006e-001
 7.4683386e-001
 7.4594766e-001
 7.4518353e-001
 7.4452376e-001
 7.4394464e-001
 7.4342018e-001
 7.4292445e-001
 7.4243385e-001
 7.4192840e-001
 7.4139225e-001
 7.4081212e-001
 7.4017674e-001
 7.3947638e-001
 7.3870099e-001
 7.3783994e-001
 7.3688275e-001
 7.3581749e-001
 7.3463190e-001
 7.3331422e-001
 7.3185182e-001
 7.3023254e-001
 7.2844374e-001
 7.2647446e-001
 7.2431296e-001
 7.2194821e-001
 7.1937215e-001
 7.1657729e-001
 7.1355861e-001
 7.1031731e-001
 7.0685750e-001
 7.0319003e-001
 6.9933218e-001
 6.9531167e-001
 6.9116086e-001
 6.8691844e-001
 6.8263060e-001
 6.7834270e-001
 6.7409945e-001
 6.6994542e-001
 6.6591746e-001
 6.6204643e-001
 6.5835983e-001
 6.5487665e-001
 6.5161169e-001
 6.4857471e-001
 6.4577335e-001
 6.4320886e-001
 6.4087737e-001
 6.3877118e-001
 6.3687420e-001
 6.3516426e-001
 6.3361454e-001
 6.3219255e-001
 6.3086373e-001
 6.2959266e-001
 6.2834638e-001
 6.2709385e-001
 6.2580752e-001
 6.2446469e-001
 6.2304491e-001
 6.2153029e-001
 6.1990547e-001
 6.1815518e-001
 6.1626434e-001
 6.1421984e-001
 6.1200815e-001
 6.0961831e-001
 6.0704178e-001
 6.0427636e-001
 6.0132420e-001
 5.9819442e-001
 5.9490627e-001
 5.9148502e-001
 5.8796340e-001
 5.8438259e-001
 5.8078450e-001
 5.7721174e-001
 5.7370090e-001
 5.7028127e-001
 5.6696492e-001
 5.6374562e-001
 5.6059957e-001
 5.5748218e-001
 5.5433542e-001
 5.5109924e-001
 5.4771942e-001
 5.4416591e-001
 5.4044694e-001
 5.3662634e-001
 5.3282750e-001
 5.2923679e-001
 5.2609706e-001
 5.2368283e-001
 5.2227509e-001
 5.2212775e-001
 5.2343172e-001
 5.2629012e-001
 5.3069842e-001
 5.3654635e-001
 5.4362839e-001
 5.5167109e-001
 5.6035697e-001
 5.6936979e-001
 5.7841837e-001
 5.8725196e-001
 5.9568453e-001
 6.0359091e-001
 6.1089605e-001
 6.1757624e-001
 6.2363958e-001
 6.2911743e-001
 6.3404924e-001
 6.3848311e-001
 6.4246643e-001
 6.4604086e-001
 6.4924651e-001
 6.5211886e-001
 6.5468740e-001
 6.5698045e-001
 6.5902400e-001
 6.6084105e-001
 6.6245556e-001
 6.6389036e-001
 6.6516870e-001
 6.6631234e-001
 6.6734362e-001
 6.6828358e-001
 6.6915131e-001
 6.6996431e-001
 6.7073750e-001
 6.7148221e-001
 6.7220658e-001
 6.7291492e-001
 6.7360812e-001
 6.7428350e-001
 6.7493635e-001
 6.7556047e-001
 6.7614889e-001
 6.7669553e-001
 6.7719531e-001
 6.7764473e-001
 6.7804235e-001
 6.7838854e-001
 6.7868483e-001
 6.7893368e-001
 6.7913753e-001
 6.7929792e-001
 6.7941499e-001
 6.7948711e-001
 6.7951089e-001
 6.7948198e-001
 6.7939544e-001
 6.7924654e-001
 6.7903197e-001
 6.7874932e-001
 6.7839813e-001
 6.7797923e-001
 6.7749530e-001
 6.7694992e-001
 6.7634743e-001
 6.7569339e-001
 6.7499304e-001
 6.7425144e-001
 6.7347389e-001
 6.7266434e-001
 6.7182583e-001
 6.7096090e-001
 6.7007059e-001
 6.6915530e-001
 6.6821444e-001
 6.6724777e-001
 6.6625422e-001
 6.6523290e-001
 6.6418409e-001
 6.6310799e-001
 6.6200513e-001
 6.6087723e-001
 6.5972507e-001
 6.5854907e-001
 6.5734822e-001
 6.5612066e-001
 6.5486181e-001
 6.5356511e-001
 6.5222353e-001
 6.5082812e-001
 6.4937001e-001
 6.4784229e-001
 6.4623910e-001
 6.4455724e-001
 6.4279807e-001
 6.4096546e-001
 6.3906741e-001
 6.3711488e-001
 6.3512319e-001
 6.3310862e-001
 6.3108855e-001
 6.2908202e-001
 6.2710530e-001
 6.2517256e-001
 6.2329566e-001
 6.2148106e-001
 6.1973131e-001
 6.1804444e-001
 6.1641645e-001
 6.1484033e-001
 6.1330885e-001
 6.1181694e-001
 6.1036128e-001
 6.0894203e-001
 6.0756379e-001
 6.0623336e-001
 6.0495943e-001
 6.0375041e-001
 6.0261339e-001
 6.0155064e-001
 6.0055929e-001
 5.9963143e-001
 5.9875292e-001
 5.9790552e-001
 5.9706879e-001
 5.9622061e-001
 5.9533960e-001
 5.9440750e-001
 5.9340882e-001
 5.9233332e-001
 5.9117585e-001
 5.8993852e-001
 5.8862871e-001
 5.8725959e-001
 5.8585000e-001
 5.8442152e-001
 5.8299720e-001
 5.8160156e-001
 5.8025658e-001
 5.7898235e-001
 5.7779562e-001
 5.7671142e-001
 5.7574111e-001
 5.7489467e-001
 5.7418090e-001
 5.7360715e-001
 5.7317913e-001
 5.7290041e-001
 5.7277071e-001
 5.7278490e-001
 5.7293159e-001
 5.7319236e-001
 5.7354200e-001
 5.7394898e-001
 5.7437670e-001
 5.7478595e-001
 5.7513738e-001
 5.7539344e-001
 5.7552147e-001
 5.7549566e-001
 5.7529867e-001
 5.7492262e-001
 5.7436937e-001
 5.7365018e-001
 5.7278484e-001
 5.7179970e-001
 5.7072562e-001
 5.6959796e-001
 5.6845284e-001
 5.6732720e-001
 5.6625795e-001
 5.6527925e-001
 5.6442201e-001
 5.6371284e-001
 5.6317139e-001
 5.6281012e-001
 5.6263340e-001
 5.6263787e-001
 5.6281269e-001
 5.6314141e-001
 5.6360286e-001
 5.6417400e-001
 5.6483078e-001
 5.6554961e-001
 5.6630850e-001
 5.6708682e-001
 5.6786525e-001
 5.6862438e-001
 5.6934500e-001
 5.7000756e-001
 5.7059139e-001
 5.7107699e-001
 5.7144630e-001
 5.7168448e-001
 5.7178134e-001
 5.7173210e-001
 5.7153749e-001
 5.7120311e-001
 5.7073778e-001
 5.7015240e-001
 5.6945854e-001
 5.6866705e-001
 5.6778765e-001
 5.6682938e-001
 5.6579959e-001
 5.6470454e-001
 5.6355006e-001
 5.6234020e-001
 5.6107843e-001
 5.5976719e-001
 5.5840981e-001
 5.5700904e-001
 5.5556852e-001
 5.5409378e-001
 5.5258983e-001
 5.5106139e-001
 5.4951346e-001
 5.4794848e-001
 5.4636723e-001
 5.4477012e-001
 5.4315591e-001
 5.4152417e-001
 5.3987539e-001
 5.3821391e-001
 5.3654617e-001
 5.3488231e-001
 5.3323716e-001
 5.3162652e-001
 5.3006721e-001
 5.2857608e-001
 5.2716655e-001
 5.2584928e-001
 5.2463114e-001
 5.2351689e-001
 5.2250779e-001
 5.2160299e-001
 5.2079988e-001
 5.2009249e-001
 5.1947230e-001
 5.1892865e-001
 5.1844913e-001
 5.1802129e-001
 5.1763445e-001
 5.1728117e-001
 5.1695758e-001
 5.1666349e-001
 5.1640165e-001
 5.1617622e-001
 5.1599139e-001
 5.1585007e-001
 5.1575291e-001
 5.1569796e-001
 5.1568067e-001
 5.1569438e-001
 5.1573116e-001
 5.1578248e-001
 5.1583987e-001
 5.1589507e-001
 5.1594001e-001
 5.1596636e-001
 5.1596564e-001
 5.1592910e-001
 5.1584834e-001
 5.1571614e-001
 5.1552713e-001
 5.1527858e-001
 5.1497078e-001
 5.1460636e-001
 5.1419002e-001
 5.1372796e-001
 5.1322681e-001
 5.1269317e-001
 5.1213396e-001
 5.1155591e-001
 5.1096618e-001
 5.1037335e-001
 5.0978726e-001
 5.0921965e-001
 5.0868356e-001
 5.0819296e-001
 5.0776011e-001
 5.0739455e-001
 5.0710130e-001
 5.0688004e-001
 5.0672495e-001
 5.0662649e-001
 5.0657254e-001
 5.0655073e-001
 5.0655001e-001
 5.0656158e-001
 5.0657922e-001
 5.0659889e-001
-1.2300000e+034
