s07_ASD Record=12879: Chabazite+Thom+Wair HS193.3B  BECKb AREF
 4.7043818e-001
 4.7084284e-001
 4.7095588e-001
 4.7091821e-001
 4.7089225e-001
 4.7100973e-001
 4.7133595e-001
 4.7186819e-001
 4.7255769e-001
 4.7334036e-001
 4.7416365e-001
 4.7499874e-001
 4.7584018e-001
 4.7669953e-001
 4.7759396e-001
 4.7853124e-001
 4.7949970e-001
 4.8047206e-001
 4.8141468e-001
 4.8229593e-001
 4.8308980e-001
 4.8377660e-001
 4.8434499e-001
 4.8479614e-001
 4.8514849e-001
 4.8544100e-001
 4.8572913e-001
 4.8606434e-001
 4.8647022e-001
 4.8693749e-001
 4.8743707e-001
 4.8793992e-001
 4.8842987e-001
 4.8890746e-001
 4.8939320e-001
 4.8992047e-001
 4.9051735e-001
 4.9119556e-001
 4.9194890e-001
 4.9276027e-001
 4.9361217e-001
 4.9449217e-001
 4.9539274e-001
 4.9630862e-001
 4.9723455e-001
 4.9816439e-001
 4.9908888e-001
 4.9999261e-001
 5.0085121e-001
 5.0163287e-001
 5.0230443e-001
 5.0284243e-001
 5.0324565e-001
 5.0354445e-001
 5.0379938e-001
 5.0408894e-001
 5.0448591e-001
 5.0502229e-001
 5.0568366e-001
 5.0641578e-001
 5.0710517e-001
 5.0770098e-001
 5.0820786e-001
 5.0863481e-001
 5.0902379e-001
 5.0943530e-001
 5.0989115e-001
 5.1038700e-001
 5.1091647e-001
 5.1147908e-001
 5.1207560e-001
 5.1269215e-001
 5.1329088e-001
 5.1382083e-001
 5.1424354e-001
 5.1456058e-001
 5.1482302e-001
 5.1511502e-001
 5.1551586e-001
 5.1606441e-001
 5.1674676e-001
 5.1751482e-001
 5.1832235e-001
 5.1915312e-001
 5.2002454e-001
 5.2096558e-001
 5.2198768e-001
 5.2306771e-001
 5.2415246e-001
 5.2517903e-001
 5.2609867e-001
 5.2689010e-001
 5.2755618e-001
 5.2811033e-001
 5.2856487e-001
 5.2893430e-001
 5.2925336e-001
 5.2959406e-001
 5.3005868e-001
 5.3074485e-001
 5.3170353e-001
 5.3291696e-001
 5.3430730e-001
 5.3576201e-001
 5.3715789e-001
 5.3838468e-001
 5.3936160e-001
 5.4004836e-001
 5.4045713e-001
 5.4065901e-001
 5.4076970e-001
 5.4091263e-001
 5.4117584e-001
 5.4158813e-001
 5.4212648e-001
 5.4274267e-001
 5.4338938e-001
 5.4403281e-001
 5.4465395e-001
 5.4524231e-001
 5.4578775e-001
 5.4628193e-001
 5.4673451e-001
 5.4718488e-001
 5.4768604e-001
 5.4826272e-001
 5.4888314e-001
 5.4947609e-001
 5.4998499e-001
 5.5041450e-001
 5.5083078e-001
 5.5131477e-001
 5.5190426e-001
 5.5257428e-001
 5.5327290e-001
 5.5397689e-001
 5.5471098e-001
 5.5551231e-001
 5.5638278e-001
 5.5728316e-001
 5.5817777e-001
 5.5907410e-001
 5.6000793e-001
 5.6098217e-001
 5.6192666e-001
 5.6272507e-001
 5.6329316e-001
 5.6364274e-001
 5.6387877e-001
 5.6413674e-001
 5.6451863e-001
 5.6507903e-001
 5.6584096e-001
 5.6677818e-001
 5.6776768e-001
 5.6861746e-001
 5.6921548e-001
 5.6965333e-001
 5.7014453e-001
 5.7079905e-001
 5.7152206e-001
 5.7216251e-001
 5.7272857e-001
 5.7340217e-001
 5.7432359e-001
 5.7538962e-001
 5.7630706e-001
 5.7686555e-001
 5.7714719e-001
 5.7744980e-001
 5.7801133e-001
 5.7883555e-001
 5.7978249e-001
 5.8075237e-001
 5.8171964e-001
 5.8265138e-001
 5.8350956e-001
 5.8432764e-001
 5.8518052e-001
 5.8605123e-001
 5.8680838e-001
 5.8734977e-001
 5.8771920e-001
 5.8805513e-001
 5.8846831e-001
 5.8901608e-001
 5.8976895e-001
 5.9081680e-001
 5.9214276e-001
 5.9352469e-001
 5.9464991e-001
 5.9536499e-001
 5.9579182e-001
 5.9619826e-001
 5.9678054e-001
 5.9755427e-001
 5.9840053e-001
 5.9918505e-001
 5.9985214e-001
 6.0044020e-001
 6.0102129e-001
 6.0161698e-001
 6.0216981e-001
 6.0262358e-001
 6.0304523e-001
 6.0361052e-001
 6.0440022e-001
 6.0524625e-001
 6.0588276e-001
 6.0625231e-001
 6.0657120e-001
 6.0706121e-001
 6.0768521e-001
 6.0821933e-001
 6.0858423e-001
 6.0900706e-001
 6.0975492e-001
 6.1076593e-001
 6.1168545e-001
 6.1224854e-001
 6.1250466e-001
 6.1267811e-001
 6.1293364e-001
 6.1331511e-001
 6.1383265e-001
 6.1452621e-001
 6.1541903e-001
 6.1644846e-001
 6.1748534e-001
 6.1839867e-001
 6.1905998e-001
 6.1934251e-001
 6.1923814e-001
 6.1900860e-001
 6.1911827e-001
 6.1987126e-001
 6.2105018e-001
 6.2203884e-001
 6.2248331e-001
 6.2273192e-001
 6.2337965e-001
 6.2451786e-001
 6.2576401e-001
 6.2685233e-001
 6.2775725e-001
 6.2837642e-001
 6.2857699e-001
 6.2850744e-001
 6.2847066e-001
 6.2856239e-001
 6.2878877e-001
 6.2927938e-001
 6.3002765e-001
 6.3078731e-001
 6.3147062e-001
 6.3219708e-001
 6.3284129e-001
 6.3314980e-001
 6.3322282e-001
 6.3335550e-001
 6.3363189e-001
 6.3396722e-001
 6.3430786e-001
 6.3468426e-001
 6.3510692e-001
 6.3539654e-001
 6.3537484e-001
 6.3526344e-001
 6.3542753e-001
 6.3581198e-001
 6.3616139e-001
 6.3653529e-001
 6.3713324e-001
 6.3790351e-001
 6.3866329e-001
 6.3939548e-001
 6.4015943e-001
 6.4081937e-001
 6.4113176e-001
 6.4112353e-001
 6.4115024e-001
 6.4147961e-001
 6.4192075e-001
 6.4205545e-001
 6.4178538e-001
 6.4147156e-001
 6.4157426e-001
 6.4223301e-001
 6.4326364e-001
 6.4449757e-001
 6.4583540e-001
 6.4694786e-001
 6.4734685e-001
 6.4696777e-001
 6.4638865e-001
 6.4629233e-001
 6.4690220e-001
 6.4796609e-001
 6.4903390e-001
 6.4969844e-001
 6.4981228e-001
 6.4964014e-001
 6.4968830e-001
 6.5024805e-001
 6.5113729e-001
 6.5191454e-001
 6.5229917e-001
 6.5238798e-001
 6.5246785e-001
 6.5264112e-001
 6.5277106e-001
 6.5283144e-001
 6.5312558e-001
 6.5403092e-001
 6.5553594e-001
 6.5703493e-001
 6.5771598e-001
 6.5722114e-001
 6.5592116e-001
 6.5469187e-001
 6.5436178e-001
 6.5523541e-001
 6.5692687e-001
 6.5864521e-001
 6.5974665e-001
 6.6007769e-001
 6.5990359e-001
 6.5959549e-001
 6.5938675e-001
 6.5934682e-001
 6.5948349e-001
 6.5982008e-001
 6.6038758e-001
 6.6116041e-001
 6.6201150e-001
 6.6274756e-001
 6.6320330e-001
 6.6331756e-001
 6.6315323e-001
 6.6289228e-001
 6.6281205e-001
 6.6318572e-001
 6.6410524e-001
 6.6536993e-001
 6.6658843e-001
 6.6744208e-001
 6.6787517e-001
 6.6805130e-001
 6.6816902e-001
 6.6831732e-001
 6.6842514e-001
 6.6827387e-001
 6.6761565e-001
 6.6658193e-001
 6.6593289e-001
 6.6622257e-001
 6.6723239e-001
 6.6836792e-001
 6.6927141e-001
 6.6988486e-001
 6.7025036e-001
 6.7050517e-001
 6.7080605e-001
 6.7097455e-001
 6.7052978e-001
 6.6952181e-001
 6.6887039e-001
 6.6922235e-001
 6.7009431e-001
 6.7083997e-001
 6.7160606e-001
 6.7254382e-001
 6.7304820e-001
 6.7272198e-001
 6.7221016e-001
 6.7213690e-001
 6.7208087e-001
 6.7149001e-001
 6.7078072e-001
 6.7074227e-001
 6.7148113e-001
 6.7245835e-001
 6.7319435e-001
 6.7374825e-001
 6.7456710e-001
 6.7576718e-001
 6.7681783e-001
 6.7725867e-001
 6.7728901e-001
 6.7723584e-001
 6.7701542e-001
 6.7662400e-001
 6.7656767e-001
 6.7719674e-001
 6.7805004e-001
 6.7831087e-001
 6.7771912e-001
 6.7660540e-001
 6.7552054e-001
 6.7504174e-001
 6.7532444e-001
 6.7600328e-001
 6.7677063e-001
 6.7763239e-001
 6.7864054e-001
 6.7970389e-001
 6.8060237e-001
 6.8113023e-001
 6.8126708e-001
 6.8118465e-001
 6.8108690e-001
 6.8109035e-001
 6.8121922e-001
 6.8146038e-001
 6.8178302e-001
 6.8214256e-001
 6.8249065e-001
 6.8278050e-001
 6.8296993e-001
 6.8303162e-001
 6.8297487e-001
 6.8284798e-001
 6.8273288e-001
 6.8276107e-001
 6.8308657e-001
 6.8379962e-001
 6.8484628e-001
 6.8600929e-001
 6.8697762e-001
 6.8744844e-001
 6.8760127e-001
 6.8737942e-001
 6.8684667e-001
 6.8621278e-001
 6.8574589e-001
 6.8571448e-001
 6.8632048e-001
 6.8733084e-001
 6.8833703e-001
 6.8893015e-001
 6.8877971e-001
 6.8807328e-001
 6.8720794e-001
 6.8658125e-001
 6.8653107e-001
 6.8699926e-001
 6.8776691e-001
 6.8861473e-001
 6.8934226e-001
 6.8987364e-001
 6.9021243e-001
 6.9023311e-001
 6.8998152e-001
 6.8951344e-001
 6.8896151e-001
 6.8846184e-001
 6.8815053e-001
 6.8815821e-001
 6.8849683e-001
 6.8905932e-001
 6.8973422e-001
 6.9040972e-001
 6.9097704e-001
 6.9139320e-001
 6.9168019e-001
 6.9186270e-001
 6.9196546e-001
 6.9201350e-001
 6.9203997e-001
 6.9208586e-001
 6.9219255e-001
 6.9240129e-001
 6.9275349e-001
 6.9326890e-001
 6.9388294e-001
 6.9451094e-001
 6.9506782e-001
 6.9546896e-001
 6.9562948e-001
 6.9549179e-001
 6.9510454e-001
 6.9454122e-001
 6.9387561e-001
 6.9318140e-001
 6.9253236e-001
 6.9200212e-001
 6.9164646e-001
 6.9145292e-001
 6.9139260e-001
 6.9143653e-001
 6.9155598e-001
 6.9172204e-001
 6.9190592e-001
 6.9207871e-001
 6.9221741e-001
 6.9232166e-001
 6.9239593e-001
 6.9244486e-001
 6.9247323e-001
 6.9248575e-001
 6.9248700e-001
 6.9248170e-001
 6.9247359e-001
 6.9246358e-001
 6.9245154e-001
 6.9243747e-001
 6.9242150e-001
 6.9240355e-001
-1.2300000e+034
-1.2300000e+034
 6.9233775e-001
 6.9231200e-001
 6.9228417e-001
 6.9225442e-001
 6.9222277e-001
 6.9218922e-001
 6.9215363e-001
 6.9211620e-001
 6.9207686e-001
 6.9203562e-001
-1.2300000e+034
-1.2300000e+034
 6.9190031e-001
 6.9185138e-001
 6.9180059e-001
 6.9174802e-001
 6.9169337e-001
 6.9163704e-001
 6.9157875e-001
 6.9151866e-001
 6.9145668e-001
 6.9139278e-001
-1.2300000e+034
-1.2300000e+034
 6.9119018e-001
 6.9111902e-001
 6.9104594e-001
 6.9097108e-001
 6.9089437e-001
 6.9081593e-001
 6.9073564e-001
 6.9065356e-001
 6.9056970e-001
-1.2300000e+034
-1.2300000e+034
 6.9030726e-001
 6.9021630e-001
 6.9012350e-001
 6.9002891e-001
 6.8993270e-001
 6.8983459e-001
 6.8973476e-001
 6.8963325e-001
-1.2300000e+034
-1.2300000e+034
 6.8931812e-001
 6.8920970e-001
 6.8909949e-001
 6.8898755e-001
 6.8887395e-001
 6.8875861e-001
 6.8864155e-001
 6.8852288e-001
-1.2300000e+034
-1.2300000e+034
 6.8815660e-001
 6.8803120e-001
 6.8790406e-001
 6.8777531e-001
 6.8764490e-001
 6.8751281e-001
 6.8737912e-001
 6.8724376e-001
-1.2300000e+034
-1.2300000e+034
 6.8682790e-001
 6.8668598e-001
 6.8654251e-001
 6.8639743e-001
 6.8625069e-001
 6.8610239e-001
 6.8595254e-001
-1.2300000e+034
-1.2300000e+034
 6.8549329e-001
 6.8533707e-001
 6.8517917e-001
 6.8501985e-001
 6.8485898e-001
 6.8469650e-001
-1.2300000e+034
-1.2300000e+034
 6.8419981e-001
 6.8403113e-001
 6.8386096e-001
 6.8368924e-001
 6.8351603e-001
 6.8334126e-001
-1.2300000e+034
-1.2300000e+034
 6.8280810e-001
 6.8262738e-001
 6.8244517e-001
 6.8226153e-001
 6.8207628e-001
 6.8188965e-001
-1.2300000e+034
-1.2300000e+034
 6.8132097e-001
 6.8112844e-001
 6.8093455e-001
 6.8073243e-001
 6.8059158e-001
 6.8048197e-001
 6.8006885e-001
 6.7987764e-001
 6.7973834e-001
 6.7956477e-001
 6.7942041e-001
 6.7922884e-001
 6.7885935e-001
 6.7863649e-001
 6.7848831e-001
 6.7831850e-001
 6.7816716e-001
 6.7795008e-001
 6.7759496e-001
 6.7734766e-001
 6.7718464e-001
 6.7702490e-001
 6.7686242e-001
 6.7662275e-001
 6.7627776e-001
 6.7601389e-001
 6.7583781e-001
 6.7567897e-001
 6.7550552e-001
 6.7525029e-001
 6.7491072e-001
 6.7463547e-001
 6.7444670e-001
 6.7428362e-001
 6.7409855e-001
 6.7383206e-001
 6.7349589e-001
 6.7321247e-001
 6.7301148e-001
 6.7284030e-001
 6.7264348e-001
 6.7236859e-001
 6.7203504e-001
 6.7181343e-001
 6.7156374e-001
 6.7131287e-001
 6.7106074e-001
 6.7080730e-001
 6.7055261e-001
 6.7029673e-001
 6.7003977e-001
 6.6978168e-001
 6.6952235e-001
 6.6926163e-001
 6.6899967e-001
 6.6873646e-001
 6.6847211e-001
 6.6820663e-001
 6.6793990e-001
 6.6767210e-001
 6.6740328e-001
 6.6713369e-001
 6.6686338e-001
 6.6659206e-001
 6.6631955e-001
 6.6604561e-001
 6.6577005e-001
 6.6549301e-001
 6.6521454e-001
 6.6493487e-001
 6.6465425e-001
 6.6437274e-001
 6.6409051e-001
 6.6380733e-001
 6.6352326e-001
 6.6323817e-001
 6.6295201e-001
 6.6266477e-001
 6.6237634e-001
 6.6208690e-001
 6.6179639e-001
 6.6150475e-001
 6.6121215e-001
 6.6091841e-001
 6.6062373e-001
 6.6032803e-001
 6.6003126e-001
 6.5973353e-001
 6.5943474e-001
 6.5913498e-001
 6.5883428e-001
 6.5853250e-001
 6.5822983e-001
 6.5792608e-001
 6.5762138e-001
 6.5731579e-001
 6.5700918e-001
 6.5670162e-001
 6.5639311e-001
 6.5608364e-001
 6.5577328e-001
 6.5546191e-001
 6.5514964e-001
 6.5483648e-001
 6.5452230e-001
 6.5420729e-001
 6.5389138e-001
 6.5357447e-001
 6.5325677e-001
 6.5293813e-001
 6.5261859e-001
 6.5229815e-001
 6.5197682e-001
 6.5165466e-001
 6.5133160e-001
 6.5100771e-001
 6.5068293e-001
 6.5035725e-001
 6.5003079e-001
 6.4970344e-001
 6.4937532e-001
 6.4904630e-001
 6.4871645e-001
 6.4838582e-001
 6.4805436e-001
 6.4772207e-001
 6.4738899e-001
 6.4705503e-001
 6.4672041e-001
 6.4638489e-001
 6.4604861e-001
 6.4571154e-001
 6.4537370e-001
 6.4503509e-001
 6.4469570e-001
 6.4435554e-001
 6.4401466e-001
 6.4367300e-001
 6.4333063e-001
 6.4298749e-001
 6.4264357e-001
 6.4229900e-001
 6.4195365e-001
 6.4160764e-001
 6.4126080e-001
 6.4091331e-001
 6.4056516e-001
 6.4021623e-001
 6.3986671e-001
 6.3951641e-001
 6.3916540e-001
 6.3881379e-001
 6.3846147e-001
 6.3810849e-001
 6.3775486e-001
 6.3740051e-001
 6.3704556e-001
 6.3668990e-001
 6.3633364e-001
 6.3597679e-001
 6.3561922e-001
 6.3526112e-001
 6.3490230e-001
 6.3454288e-001
 6.3418287e-001
 6.3382220e-001
 6.3346100e-001
 6.3309914e-001
 6.3273674e-001
 6.3237375e-001
 6.3201010e-001
 6.3164598e-001
 6.3128120e-001
 6.3091588e-001
 6.3055003e-001
 6.3018358e-001
 6.2981665e-001
 6.2944907e-001
 6.2908101e-001
 6.2871242e-001
 6.2834328e-001
 6.2797356e-001
 6.2760341e-001
 6.2723273e-001
 6.2686151e-001
 6.2648976e-001
 6.2611753e-001
 6.2574488e-001
 6.2537163e-001
 6.2499797e-001
 6.2462378e-001
 6.2424910e-001
 6.2387401e-001
 6.2349844e-001
 6.2312239e-001
 6.2274587e-001
 6.2236893e-001
 6.2199157e-001
 6.2161374e-001
 6.2123549e-001
 6.2085676e-001
 6.2047762e-001
 6.2009811e-001
 6.1971813e-001
 6.1933786e-001
 6.1895704e-001
 6.1857587e-001
 6.1819434e-001
 6.1781240e-001
 6.1743009e-001
 6.1704743e-001
 6.1666429e-001
 6.1628091e-001
 6.1589712e-001
 6.1551291e-001
 6.1512846e-001
 6.1474359e-001
 6.1435843e-001
 6.1397284e-001
 6.1358696e-001
 6.1320084e-001
 6.1281431e-001
 6.1242747e-001
 6.1204034e-001
 6.1165285e-001
 6.1126518e-001
 6.1087710e-001
 6.1048877e-001
 6.1010015e-001
 6.0971123e-001
 6.0932213e-001
 6.0893267e-001
 6.0854292e-001
 6.0815299e-001
 6.0776275e-001
 6.0737234e-001
 6.0698158e-001
 6.0659063e-001
 6.0619944e-001
 6.0580802e-001
 6.0541642e-001
 6.0502452e-001
 6.0463244e-001
 6.0424018e-001
 6.0384768e-001
 6.0345507e-001
 6.0306215e-001
 6.0266912e-001
 6.0227591e-001
 6.0188246e-001
 6.0148889e-001
 6.0109514e-001
 6.0070121e-001
 6.0030717e-001
 5.9991288e-001
 5.9951854e-001
 5.9912401e-001
 5.9872937e-001
 5.9833461e-001
 5.9793967e-001
 5.9754461e-001
 5.9714949e-001
 5.9675425e-001
 5.9635890e-001
 5.9596342e-001
 5.9556788e-001
 5.9517223e-001
 5.9477645e-001
 5.9438068e-001
 5.9398478e-001
 5.9358883e-001
 5.9319282e-001
 5.9279674e-001
 5.9240061e-001
 5.9200442e-001
 5.9160823e-001
 5.9121197e-001
 5.9081566e-001
 5.9041935e-001
 5.9002298e-001
 5.8962661e-001
 5.8923024e-001
 5.8883387e-001
 5.8843744e-001
 5.8804107e-001
 5.8764470e-001
 5.8724833e-001
 5.8685195e-001
 5.8645564e-001
 5.8605939e-001
 5.8566308e-001
 5.8526689e-001
 5.8487070e-001
 5.8447450e-001
 5.8407849e-001
 5.8368242e-001
 5.8328652e-001
 5.8289057e-001
 5.8249474e-001
 5.8209908e-001
 5.8170336e-001
 5.8130783e-001
 5.8091235e-001
 5.8051699e-001
 5.8012176e-001
 5.7972658e-001
 5.7933152e-001
 5.7893664e-001
 5.7854182e-001
 5.7814717e-001
 5.7775265e-001
 5.7735825e-001
 5.7696402e-001
 5.7656991e-001
 5.7617599e-001
 5.7578224e-001
 5.7538861e-001
 5.7499522e-001
 5.7460189e-001
 5.7420886e-001
 5.7381594e-001
 5.7342327e-001
 5.7303077e-001
 5.7263845e-001
 5.7224643e-001
 5.7185453e-001
 5.7146287e-001
 5.7107145e-001
 5.7068026e-001
 5.7028931e-001
 5.6989855e-001
 5.6950802e-001
 5.6911778e-001
 5.6872779e-001
 5.6833804e-001
 5.6794864e-001
 5.6755942e-001
 5.6717050e-001
 5.6678188e-001
 5.6639349e-001
 5.6600547e-001
 5.6561768e-001
 5.6523025e-001
 5.6484306e-001
 5.6445616e-001
 5.6406969e-001
 5.6368345e-001
 5.6329757e-001
 5.6291199e-001
 5.6252676e-001
 5.6214190e-001
 5.6175733e-001
 5.6137317e-001
 5.6098932e-001
 5.6060582e-001
 5.6022274e-001
 5.5984002e-001
 5.5945766e-001
 5.5907571e-001
 5.5869412e-001
 5.5831295e-001
 5.5793214e-001
 5.5755168e-001
 5.5717176e-001
 5.5679214e-001
 5.5641299e-001
 5.5603427e-001
 5.5565596e-001
 5.5527812e-001
 5.5490065e-001
 5.5452371e-001
 5.5414718e-001
 5.5377108e-001
 5.5339551e-001
 5.5302030e-001
 5.5264568e-001
 5.5227143e-001
 5.5189770e-001
 5.5152446e-001
 5.5115169e-001
 5.5077940e-001
 5.5040765e-001
 5.5003637e-001
 5.4966569e-001
 5.4929543e-001
 5.4892570e-001
 5.4855651e-001
 5.4818785e-001
 5.4781979e-001
 5.4745215e-001
 5.4708511e-001
 5.4671866e-001
 5.4635274e-001
 5.4598737e-001
 5.4562259e-001
 5.4525834e-001
 5.4489470e-001
 5.4453164e-001
 5.4416919e-001
 5.4380727e-001
 5.4344594e-001
 5.4308534e-001
 5.4272521e-001
 5.4236579e-001
 5.4200691e-001
 5.4164869e-001
 5.4129112e-001
 5.4093415e-001
 5.4057783e-001
 5.4022217e-001
 5.3986716e-001
 5.3951281e-001
 5.3915906e-001
 5.3880602e-001
 5.3845370e-001
 5.3810197e-001
 5.3775096e-001
 5.3740060e-001
 5.3705096e-001
 5.3670204e-001
 5.3635377e-001
 5.3600621e-001
 5.3565937e-001
 5.3531325e-001
 5.3496784e-001
 5.3462315e-001
 5.3427923e-001
 5.3393602e-001
 5.3359354e-001
 5.3325188e-001
 5.3291088e-001
 5.3257066e-001
 5.3223121e-001
 5.3189254e-001
 5.3155464e-001
 5.3121752e-001
 5.3088117e-001
 5.3054559e-001
 5.3021085e-001
 5.2987689e-001
 5.2954370e-001
 5.2921134e-001
 5.2887982e-001
 5.2854908e-001
 5.2821922e-001
 5.2789009e-001
 5.2756184e-001
 5.2723449e-001
 5.2690792e-001
 5.2658224e-001
 5.2625734e-001
 5.2593333e-001
 5.2561027e-001
 5.2528799e-001
 5.2496660e-001
 5.2464610e-001
 5.2432644e-001
 5.2400774e-001
 5.2368987e-001
 5.2337295e-001
 5.2305692e-001
 5.2274179e-001
 5.2242762e-001
 5.2211434e-001
 5.2180201e-001
 5.2149057e-001
 5.2118009e-001
 5.2087057e-001
 5.2056199e-001
 5.2025431e-001
 5.1994765e-001
 5.1964194e-001
 5.1933718e-001
 5.1903337e-001
 5.1873058e-001
 5.1842874e-001
 5.1812792e-001
 5.1782811e-001
 5.1752919e-001
 5.1723135e-001
 5.1693457e-001
 5.1663870e-001
 5.1634389e-001
 5.1605016e-001
 5.1575738e-001
 5.1546568e-001
 5.1517498e-001
 5.1488537e-001
 5.1459682e-001
 5.1430923e-001
 5.1402283e-001
 5.1373738e-001
 5.1345307e-001
 5.1316983e-001
 5.1288760e-001
 5.1260656e-001
 5.1232654e-001
 5.1204759e-001
 5.1176983e-001
 5.1149315e-001
 5.1121753e-001
 5.1094306e-001
 5.1066971e-001
 5.1039749e-001
 5.1012641e-001
 5.0985640e-001
 5.0958765e-001
 5.0931996e-001
 5.0905347e-001
 5.0878811e-001
 5.0852388e-001
 5.0826085e-001
 5.0799900e-001
 5.0773835e-001
 5.0747883e-001
 5.0722051e-001
 5.0696343e-001
 5.0670749e-001
 5.0645280e-001
 5.0619930e-001
 5.0594699e-001
 5.0569594e-001
 5.0544608e-001
 5.0519747e-001
 5.0495011e-001
 5.0470394e-001
 5.0445908e-001
 5.0421542e-001
 5.0397301e-001
 5.0373191e-001
 5.0349200e-001
 5.0325340e-001
 5.0301611e-001
 5.0278002e-001
 5.0254530e-001
 5.0231183e-001
 5.0207967e-001
 5.0184876e-001
 5.0161922e-001
 5.0139093e-001
 5.0116402e-001
 5.0093842e-001
 5.0071412e-001
 5.0049114e-001
 5.0026953e-001
 5.0004923e-001
 4.9983034e-001
 4.9961275e-001
 4.9939650e-001
 4.9918166e-001
 4.9896815e-001
 4.9875605e-001
 4.9854532e-001
 4.9833596e-001
 4.9812800e-001
 4.9792141e-001
 4.9771622e-001
 4.9751246e-001
 4.9731010e-001
 4.9710917e-001
 4.9690965e-001
 4.9671155e-001
 4.9651495e-001
 4.9631974e-001
 4.9612603e-001
 4.9593371e-001
 4.9574283e-001
 4.9555343e-001
 4.9536541e-001
 4.9517882e-001
 4.9499354e-001
 4.9480960e-001
 4.9462694e-001
 4.9444559e-001
 4.9426568e-001
 4.9408743e-001
 4.9391100e-001
 4.9373657e-001
 4.9356401e-001
 4.9339315e-001
 4.9322367e-001
 4.9305546e-001
 4.9288854e-001
 4.9272296e-001
 4.9255890e-001
 4.9239641e-001
 4.9223548e-001
 4.9207610e-001
 4.9191824e-001
 4.9176198e-001
 4.9160737e-001
 4.9145442e-001
 4.9130306e-001
 4.9115324e-001
 4.9100500e-001
 4.9085838e-001
 4.9071342e-001
 4.9057016e-001
 4.9042851e-001
 4.9028838e-001
 4.9014977e-001
 4.9001265e-001
 4.8987707e-001
 4.8974296e-001
 4.8961034e-001
 4.8947927e-001
 4.8934987e-001
 4.8922247e-001
 4.8909730e-001
 4.8897433e-001
 4.8885322e-001
 4.8873329e-001
 4.8861426e-001
 4.8849633e-001
 4.8838013e-001
 4.8826629e-001
 4.8815492e-001
 4.8804551e-001
 4.8793754e-001
 4.8783064e-001
 4.8772496e-001
 4.8762104e-001
 4.8751935e-001
 4.8742002e-001
 4.8732266e-001
 4.8722678e-001
 4.8713207e-001
 4.8703870e-001
 4.8694712e-001
 4.8685774e-001
 4.8677066e-001
 4.8668563e-001
 4.8660216e-001
 4.8652005e-001
 4.8643938e-001
 4.8636061e-001
 4.8628411e-001
 4.8620993e-001
 4.8613790e-001
 4.8606756e-001
 4.8599890e-001
 4.8593256e-001
 4.8586980e-001
 4.8581275e-001
 4.8576421e-001
 4.8572764e-001
 4.8570752e-001
 4.8570958e-001
 4.8574084e-001
 4.8580936e-001
 4.8592350e-001
 4.8609075e-001
 4.8631653e-001
 4.8660275e-001
 4.8694691e-001
 4.8734143e-001
 4.8777372e-001
 4.8822701e-001
 4.8868194e-001
 4.8911852e-001
 4.8951879e-001
 4.8986897e-001
 4.9016151e-001
 4.9039608e-001
 4.9057972e-001
 4.9072617e-001
 4.9085400e-001
 4.9098453e-001
 4.9113950e-001
 4.9133855e-001
 4.9159765e-001
 4.9192721e-001
 4.9233156e-001
 4.9280825e-001
 4.9334800e-001
 4.9393550e-001
 4.9454957e-001
 4.9516520e-001
 4.9575460e-001
 4.9628967e-001
 4.9674481e-001
 4.9709904e-001
 4.9733856e-001
 4.9745852e-001
 4.9746361e-001
 4.9736798e-001
 4.9719346e-001
 4.9696749e-001
 4.9672005e-001
 4.9648091e-001
 4.9627686e-001
 4.9612975e-001
 4.9605542e-001
 4.9606284e-001
 4.9615464e-001
 4.9632767e-001
 4.9657404e-001
 4.9688241e-001
 4.9723908e-001
 4.9762949e-001
 4.9803948e-001
 4.9845594e-001
 4.9886763e-001
 4.9926588e-001
 4.9964428e-001
 4.9999923e-001
 5.0032908e-001
 5.0063437e-001
 5.0091678e-001
 5.0117832e-001
 5.0142044e-001
 5.0164288e-001
 5.0184304e-001
 5.0201589e-001
 5.0215411e-001
 5.0224936e-001
 5.0229394e-001
 5.0228250e-001
 5.0221425e-001
 5.0209433e-001
 5.0193423e-001
 5.0175107e-001
 5.0156540e-001
 5.0139904e-001
 5.0127208e-001
 5.0120062e-001
 5.0119418e-001
 5.0125510e-001
 5.0137818e-001
 5.0155091e-001
 5.0175494e-001
 5.0196844e-001
 5.0216830e-001
 5.0233299e-001
 5.0244480e-001
 5.0249147e-001
 5.0246722e-001
 5.0237244e-001
 5.0221282e-001
 5.0199807e-001
 5.0174010e-001
 5.0145096e-001
 5.0114202e-001
 5.0082219e-001
 5.0049746e-001
 5.0017095e-001
 4.9984273e-001
 4.9951035e-001
 4.9916953e-001
 4.9881443e-001
 4.9843860e-001
 4.9803504e-001
 4.9759701e-001
 4.9711838e-001
 4.9659398e-001
 4.9602056e-001
 4.9539730e-001
 4.9472624e-001
 4.9401334e-001
 4.9326804e-001
 4.9250361e-001
 4.9173626e-001
 4.9098372e-001
 4.9026403e-001
 4.8959318e-001
 4.8898378e-001
 4.8844314e-001
 4.8797211e-001
 4.8756519e-001
 4.8721045e-001
 4.8689121e-001
 4.8658744e-001
 4.8627782e-001
 4.8594207e-001
 4.8556224e-001
 4.8512444e-001
 4.8461947e-001
 4.8404261e-001
 4.8339385e-001
 4.8267648e-001
 4.8189691e-001
 4.8106346e-001
 4.8018536e-001
 4.7927254e-001
 4.7833508e-001
 4.7738224e-001
 4.7642311e-001
 4.7546524e-001
 4.7451526e-001
 4.7357810e-001
 4.7265667e-001
 4.7175241e-001
 4.7086462e-001
 4.6999180e-001
 4.6913198e-001
 4.6828333e-001
 4.6744618e-001
 4.6662313e-001
 4.6582070e-001
 4.6504948e-001
 4.6432364e-001
 4.6366084e-001
 4.6307981e-001
 4.6259895e-001
 4.6223348e-001
 4.6199289e-001
 4.6187910e-001
 4.6188492e-001
 4.6199387e-001
 4.6218109e-001
 4.6241540e-001
 4.6266216e-001
 4.6288645e-001
 4.6305645e-001
 4.6314612e-001
 4.6313727e-001
 4.6302035e-001
 4.6279493e-001
 4.6246859e-001
 4.6205595e-001
 4.6157622e-001
 4.6105173e-001
 4.6050602e-001
 4.5996198e-001
 4.5944095e-001
 4.5896131e-001
 4.5853844e-001
 4.5818421e-001
 4.5790651e-001
 4.5770949e-001
 4.5759305e-001
 4.5755357e-001
 4.5758379e-001
 4.5767242e-001
 4.5780459e-001
 4.5796254e-001
 4.5812705e-001
 4.5827898e-001
 4.5840165e-001
 4.5848268e-001
 4.5851609e-001
 4.5850316e-001
 4.5845228e-001
 4.5837542e-001
 4.5827121e-001
 4.5818439e-001
 4.5813644e-001
 4.5814493e-001
 4.5822057e-001
 4.5836553e-001
 4.5857418e-001
 4.5883539e-001
 4.5913512e-001
 4.5945829e-001
 4.5978975e-001
 4.6011510e-001
 4.6042162e-001
 4.6069875e-001
 4.6093869e-001
 4.6113673e-001
 4.6129057e-001
 4.6139994e-001
 4.6146578e-001
 4.6148962e-001
 4.6147311e-001
 4.6141791e-001
 4.6132523e-001
 4.6119562e-001
 4.6102884e-001
 4.6082363e-001
 4.6057776e-001
 4.6028838e-001
 4.5995224e-001
 4.5956594e-001
 4.5912579e-001
 4.5862824e-001
 4.5806929e-001
 4.5744491e-001
 4.5675057e-001
 4.5598111e-001
 4.5513120e-001
 4.5419529e-001
 4.5316726e-001
 4.5204148e-001
 4.5081183e-001
 4.4947296e-001
 4.4802022e-001
 4.4644958e-001
 4.4475919e-001
 4.4294819e-001
 4.4101778e-001
 4.3897039e-001
 4.3680829e-001
 4.3453506e-001
 4.3215317e-001
 4.2966539e-001
 4.2707342e-001
 4.2437631e-001
 4.2157188e-001
 4.1865399e-001
 4.1561508e-001
 4.1244584e-001
 4.0913475e-001
 4.0567130e-001
 4.0204352e-001
 3.9824104e-001
 3.9425457e-001
 3.9007518e-001
 3.8569778e-001
 3.8111994e-001
 3.7634003e-001
 3.7136033e-001
 3.6618200e-001
 3.6080840e-001
 3.5524333e-001
 3.4948882e-001
 3.4355015e-001
 3.3743048e-001
 3.3113617e-001
 3.2467470e-001
 3.1805226e-001
 3.1127891e-001
 3.0436203e-001
 2.9731157e-001
 2.9013795e-001
 2.8284937e-001
 2.7545854e-001
 2.6797611e-001
 2.6041746e-001
 2.5280038e-001
 2.4514195e-001
 2.3746358e-001
 2.2978753e-001
 2.2213396e-001
 2.1452735e-001
 2.0698960e-001
 1.9954738e-001
 1.9223085e-001
 1.8507229e-001
 1.7811264e-001
 1.7139423e-001
 1.6496529e-001
 1.5887591e-001
 1.5317456e-001
 1.4791127e-001
 1.4312950e-001
 1.3886651e-001
 1.3514568e-001
 1.3197057e-001
 1.2932590e-001
 1.2717646e-001
 1.2547441e-001
 1.2416357e-001
 1.2318358e-001
 1.2247397e-001
 1.2197578e-001
 1.2163504e-001
 1.2140585e-001
 1.2125325e-001
 1.2115461e-001
 1.2109830e-001
 1.2108085e-001
 1.2110367e-001
 1.2117052e-001
 1.2128596e-001
 1.2145440e-001
 1.2167953e-001
 1.2196346e-001
 1.2230649e-001
 1.2270656e-001
 1.2315965e-001
 1.2366040e-001
 1.2420239e-001
 1.2477896e-001
 1.2538323e-001
 1.2600833e-001
 1.2664793e-001
 1.2729588e-001
 1.2794700e-001
 1.2859663e-001
 1.2924078e-001
 1.2987617e-001
 1.3049960e-001
 1.3110813e-001
 1.3169931e-001
 1.3227090e-001
 1.3282210e-001
 1.3335370e-001
 1.3386896e-001
 1.3437410e-001
 1.3487750e-001
 1.3538966e-001
 1.3592191e-001
 1.3648607e-001
 1.3709404e-001
 1.3775676e-001
 1.3848399e-001
 1.3928270e-001
 1.4015643e-001
 1.4110519e-001
 1.4212514e-001
 1.4321041e-001
 1.4435317e-001
 1.4554490e-001
 1.4677720e-001
 1.4804126e-001
 1.4932844e-001
 1.5063085e-001
 1.5194042e-001
 1.5325022e-001
 1.5455323e-001
 1.5584283e-001
 1.5711302e-001
 1.5835737e-001
 1.5957038e-001
 1.6074669e-001
 1.6188228e-001
 1.6297559e-001
 1.6402747e-001
 1.6504239e-001
 1.6602731e-001
 1.6699134e-001
 1.6794518e-001
 1.6889966e-001
 1.6986613e-001
 1.7085531e-001
 1.7187716e-001
 1.7294064e-001
 1.7405249e-001
 1.7521793e-001
 1.7644005e-001
 1.7772056e-001
 1.7906086e-001
 1.8046141e-001
 1.8192230e-001
 1.8344365e-001
 1.8502390e-001
 1.8666066e-001
 1.8834883e-001
 1.9008093e-001
 1.9184799e-001
 1.9363862e-001
 1.9544134e-001
 1.9724344e-001
 1.9903328e-001
 2.0079815e-001
 2.0252766e-001
 2.0421301e-001
 2.0584652e-001
 2.0742427e-001
 2.0894417e-001
 2.1040618e-001
 2.1181026e-001
 2.1315798e-001
 2.1445119e-001
 2.1569139e-001
 2.1688187e-001
 2.1802744e-001
 2.1913409e-001
 2.2021088e-001
 2.2126862e-001
 2.2231990e-001
 2.2337735e-001
 2.2445469e-001
 2.2556524e-001
 2.2672033e-001
 2.2792943e-001
 2.2919756e-001
 2.3052290e-001
 2.3189783e-001
 2.3330879e-001
 2.3473677e-001
 2.3616117e-001
 2.3756002e-001
 2.3891184e-001
 2.4019589e-001
 2.4139613e-001
 2.4250270e-001
 2.4351351e-001
 2.4443659e-001
 2.4528849e-001
 2.4609137e-001
 2.4687167e-001
 2.4765725e-001
 2.4847604e-001
 2.4935345e-001
 2.5031114e-001
 2.5136352e-001
 2.5251445e-001
 2.5375745e-001
 2.5507632e-001
 2.5644657e-001
 2.5784034e-001
 2.5922787e-001
 2.6057839e-001
 2.6186377e-001
 2.6305950e-001
 2.6414800e-001
 2.6511994e-001
 2.6597685e-001
 2.6672918e-001
 2.6739356e-001
 2.6799110e-001
 2.6854470e-001
 2.6907718e-001
 2.6961085e-001
 2.7016547e-001
 2.7075699e-001
 2.7139550e-001
 2.7208543e-001
 2.7282584e-001
 2.7361122e-001
 2.7443418e-001
 2.7528626e-001
 2.7615795e-001
 2.7704060e-001
 2.7792603e-001
 2.7880731e-001
 2.7967852e-001
 2.8053597e-001
 2.8137758e-001
 2.8220174e-001
 2.8300822e-001
 2.8379700e-001
 2.8456774e-001
 2.8532076e-001
 2.8605643e-001
 2.8677475e-001
 2.8747657e-001
 2.8816271e-001
 2.8883445e-001
 2.8949273e-001
 2.9013908e-001
 2.9077503e-001
 2.9140180e-001
 2.9202098e-001
 2.9263434e-001
 2.9324326e-001
 2.9384983e-001
 2.9445609e-001
 2.9506451e-001
 2.9567713e-001
 2.9629660e-001
 2.9692557e-001
 2.9756618e-001
 2.9822084e-001
 2.9889175e-001
 2.9958007e-001
 3.0028668e-001
 3.0101183e-001
 3.0175442e-001
 3.0251345e-001
 3.0328739e-001
 3.0407473e-001
 3.0487323e-001
 3.0568102e-001
 3.0649585e-001
 3.0731410e-001
 3.0813193e-001
 3.0894440e-001
 3.0974513e-001
 3.1052756e-001
 3.1128466e-001
 3.1200936e-001
 3.1269431e-001
 3.1333333e-001
 3.1392169e-001
 3.1445646e-001
 3.1493840e-001
 3.1537169e-001
 3.1576341e-001
 3.1612331e-001
 3.1646243e-001
 3.1679222e-001
 3.1712422e-001
 3.1746924e-001
 3.1783640e-001
 3.1823164e-001
 3.1865731e-001
 3.1911138e-001
 3.1958762e-001
 3.2007721e-001
 3.2056969e-001
 3.2105342e-001
 3.2151720e-001
 3.2195041e-001
 3.2234427e-001
 3.2269275e-001
 3.2299396e-001
 3.2325053e-001
 3.2346877e-001
 3.2365826e-001
 3.2383019e-001
 3.2399645e-001
 3.2416928e-001
 3.2436031e-001
 3.2457998e-001
 3.2483694e-001
 3.2513711e-001
 3.2548362e-001
 3.2587668e-001
 3.2631490e-001
 3.2679564e-001
 3.2731536e-001
 3.2787064e-001
 3.2845783e-001
 3.2907271e-001
 3.2971117e-001
 3.3036843e-001
 3.3103943e-001
 3.3171812e-001
 3.3239871e-001
 3.3307511e-001
 3.3374077e-001
 3.3438963e-001
 3.3501592e-001
 3.3561394e-001
 3.3617932e-001
 3.3670899e-001
 3.3720082e-001
 3.3765429e-001
 3.3806965e-001
 3.3844787e-001
 3.3878988e-001
 3.3909723e-001
 3.3937183e-001
 3.3961618e-001
 3.3983430e-001
 3.4003198e-001
 3.4021685e-001
 3.4039846e-001
 3.4058762e-001
 3.4079587e-001
 3.4103492e-001
 3.4131625e-001
 3.4165013e-001
 3.4204412e-001
 3.4250176e-001
 3.4302089e-001
 3.4359270e-001
 3.4420291e-001
 3.4483299e-001
 3.4546202e-001
 3.4606767e-001
 3.4662819e-001
 3.4712338e-001
 3.4753621e-001
 3.4785584e-001
 3.4807929e-001
 3.4821227e-001
 3.4826857e-001
 3.4826782e-001
 3.4823307e-001
 3.4818897e-001
 3.4816018e-001
 3.4817016e-001
 3.4823930e-001
 3.4838283e-001
 3.4860918e-001
 3.4891880e-001
 3.4930542e-001
 3.4975767e-001
 3.5026079e-001
 3.5079890e-001
 3.5135564e-001
 3.5191515e-001
 3.5246220e-001
 3.5298392e-001
 3.5346991e-001
 3.5391232e-001
 3.5430619e-001
 3.5464841e-001
 3.5493681e-001
 3.5516998e-001
 3.5534695e-001
 3.5546693e-001
 3.5552990e-001
 3.5553697e-001
 3.5549062e-001
 3.5539499e-001
 3.5525566e-001
 3.5507920e-001
 3.5487306e-001
 3.5464469e-001
 3.5440165e-001
 3.5415134e-001
 3.5390043e-001
 3.5365462e-001
 3.5341820e-001
 3.5319406e-001
 3.5298353e-001
 3.5278702e-001
 3.5260442e-001
 3.5243511e-001
 3.5227844e-001
 3.5213369e-001
 3.5199994e-001
 3.5187605e-001
 3.5176075e-001
 3.5165223e-001
 3.5154861e-001
 3.5144764e-001
 3.5134712e-001
 3.5124463e-001
 3.5113773e-001
 3.5102397e-001
 3.5090068e-001
 3.5076496e-001
 3.5061365e-001
 3.5044312e-001
 3.5024950e-001
 3.5002854e-001
 3.4977612e-001
 3.4948781e-001
 3.4915927e-001
 3.4878653e-001
 3.4836584e-001
 3.4789401e-001
 3.4736910e-001
 3.4678981e-001
 3.4615564e-001
 3.4546730e-001
 3.4472534e-001
 3.4393072e-001
 3.4308425e-001
 3.4218735e-001
 3.4124094e-001
 3.4024590e-001
 3.3920386e-001
 3.3811581e-001
 3.3698282e-001
 3.3580667e-001
 3.3458856e-001
 3.3332989e-001
 3.3203220e-001
 3.3069864e-001
 3.2933301e-001
 3.2794163e-001
 3.2653528e-001
 3.2512760e-001
 3.2373571e-001
 3.2238027e-001
 3.2108238e-001
 3.1986371e-001
 3.1874612e-001
 3.1774858e-001
 3.1688583e-001
 3.1616497e-001
 3.1558353e-001
 3.1512722e-001
 3.1477177e-001
 3.1448564e-001
 3.1423265e-001
 3.1397471e-001
 3.1367382e-001
 3.1329367e-001
 3.1280211e-001
 3.1217384e-001
 3.1139371e-001
 3.1045654e-001
 3.0936676e-001
 3.0813649e-001
 3.0678141e-001
 3.0531901e-001
 3.0376840e-001
 3.0214724e-001
 3.0047223e-001
 2.9875720e-001
 2.9701409e-001
 2.9525003e-001
 2.9346901e-001
 2.9167381e-001
 2.8986460e-001
 2.8804088e-001
 2.8620327e-001
 2.8435123e-001
 2.8248483e-001
 2.8060636e-001
 2.7871808e-001
 2.7682418e-001
 2.7492952e-001
 2.7304140e-001
 2.7116627e-001
 2.6931077e-001
 2.6748282e-001
 2.6568863e-001
 2.6393354e-001
 2.6222265e-001
 2.6055789e-001
 2.5893933e-001
 2.5736472e-001
 2.5583151e-001
 2.5433505e-001
 2.5287017e-001
 2.5143263e-001
 2.5001687e-001
 2.4861702e-001
 2.4722768e-001
 2.4584173e-001
 2.4445134e-001
 2.4304903e-001
 2.4162591e-001
 2.4017328e-001
 2.3868214e-001
 2.3714492e-001
 2.3555385e-001
 2.3390272e-001
 2.3218907e-001
 2.3041254e-001
 2.2857645e-001
 2.2668888e-001
 2.2475931e-001
 2.2279933e-001
 2.2082081e-001
 2.1883719e-001
 2.1686026e-001
 2.1490164e-001
 2.1297394e-001
 2.1115384e-001
 2.0976284e-001
 2.0798264e-001
 2.0624770e-001
 2.0455346e-001
 2.0289581e-001
 2.0127016e-001
 1.9967325e-001
 1.9810046e-001
 1.9654770e-001
 1.9501084e-001
 1.9348550e-001
 1.9196990e-001
 1.9046189e-001
 1.8895975e-001
 1.8746133e-001
 1.8596564e-001
 1.8447052e-001
 1.8297425e-001
 1.8147470e-001
 1.7997086e-001
 1.7846063e-001
 1.7694223e-001
 1.7541352e-001
 1.7387353e-001
 1.7232044e-001
 1.7075564e-001
 1.6918203e-001
 1.6760220e-001
 1.6601977e-001
 1.6443737e-001
 1.6285785e-001
 1.6128384e-001
 1.5971901e-001
 1.5816584e-001
 1.5662734e-001
 1.5510605e-001
 1.5360563e-001
 1.5212864e-001
 1.5067801e-001
 1.4925666e-001
 1.4786720e-001
 1.4651322e-001
 1.4519705e-001
 1.4391859e-001
 1.4267616e-001
 1.4146891e-001
 1.4029504e-001
 1.3915315e-001
 1.3804153e-001
 1.3695924e-001
 1.3590457e-001
 1.3487610e-001
 1.3387235e-001
 1.3289165e-001
 1.3193303e-001
 1.3099480e-001
 1.3007550e-001
 1.2917350e-001
 1.2828776e-001
 1.2741663e-001
 1.2655865e-001
 1.2571219e-001
 1.2487617e-001
 1.2404899e-001
 1.2322929e-001
 1.2241662e-001
 1.2161164e-001
 1.2081445e-001
 1.2002530e-001
 1.1924452e-001
 1.1847213e-001
 1.1770883e-001
 1.1695470e-001
 1.1621002e-001
 1.1547489e-001
 1.1474995e-001
 1.1403529e-001
 1.1333118e-001
 1.1263776e-001
 1.1195563e-001
 1.1128488e-001
 1.1062582e-001
 1.0997871e-001
 1.0934369e-001
 1.0872132e-001
 1.0811175e-001
 1.0751524e-001
 1.0693194e-001
 1.0636240e-001
 1.0580678e-001
 1.0526527e-001
 1.0473764e-001
 1.0422377e-001
 1.0372321e-001
 1.0323562e-001
 1.0276066e-001
 1.0229786e-001
 1.0184712e-001
 1.0140798e-001
 1.0098010e-001
 1.0056304e-001
 1.0015667e-001
 9.9760540e-002
 9.9374294e-002
 9.8997533e-002
 9.8630078e-002
 9.8271504e-002
 9.7921453e-002
 9.7579524e-002
 9.7245544e-002
 9.6919067e-002
 9.6599773e-002
 9.6287303e-002
 9.5981270e-002
 9.5681451e-002
 9.5387444e-002
 9.5098913e-002
 9.4815448e-002
 9.4536841e-002
 9.4262682e-002
 9.3992658e-002
 9.3726479e-002
 9.3464188e-002
 9.3205564e-002
