s07_ASD Record=12748: Calcite.5+Dolomite.5 AMX8     BECKb AREF
 7.2193587e-001
 7.2297621e-001
 7.2400641e-001
 7.2502053e-001
 7.2603077e-001
 7.2705954e-001
 7.2812074e-001
 7.2920495e-001
 7.3027849e-001
 7.3129809e-001
 7.3223025e-001
 7.3306364e-001
 7.3381126e-001
 7.3450768e-001
 7.3520118e-001
 7.3593676e-001
 7.3673987e-001
 7.3761398e-001
 7.3854655e-001
 7.3951548e-001
 7.4049151e-001
 7.4144018e-001
 7.4232876e-001
 7.4313712e-001
 7.4386787e-001
 7.4455100e-001
 7.4523830e-001
 7.4598068e-001
 7.4680489e-001
 7.4771202e-001
 7.4868840e-001
 7.4971706e-001
 7.5078183e-001
 7.5186640e-001
 7.5294936e-001
 7.5400418e-001
 7.5500613e-001
 7.5593877e-001
 7.5680149e-001
 7.5761145e-001
 7.5839961e-001
 7.5920045e-001
 7.6004058e-001
 7.6093060e-001
 7.6186317e-001
 7.6282102e-001
 7.6378882e-001
 7.6476383e-001
 7.6575720e-001
 7.6678509e-001
 7.6785487e-001
 7.6895589e-001
 7.7006298e-001
 7.7115124e-001
 7.7221262e-001
 7.7326089e-001
 7.7432132e-001
 7.7540779e-001
 7.7651328e-001
 7.7761245e-001
 7.7867812e-001
 7.7971840e-001
 7.8074187e-001
 7.8175068e-001
 7.8273427e-001
 7.8366727e-001
 7.8453636e-001
 7.8535068e-001
 7.8613377e-001
 7.8691316e-001
 7.8770357e-001
 7.8849620e-001
 7.8926700e-001
 7.8999597e-001
 7.9068565e-001
 7.9136789e-001
 7.9209185e-001
 7.9289722e-001
 7.9378664e-001
 7.9471701e-001
 7.9561913e-001
 7.9643816e-001
 7.9716730e-001
 7.9784936e-001
 7.9854143e-001
 7.9926795e-001
 7.9999924e-001
 8.0067420e-001
 8.0125034e-001
 8.0174357e-001
 8.0222887e-001
 8.0280280e-001
 8.0353397e-001
 8.0443192e-001
 8.0544448e-001
 8.0647570e-001
 8.0741537e-001
 8.0817485e-001
 8.0871928e-001
 8.0907363e-001
 8.0929422e-001
 8.0942398e-001
 8.0946821e-001
 8.0941451e-001
 8.0928254e-001
 8.0915934e-001
 8.0916792e-001
 8.0938923e-001
 8.0980545e-001
 8.1031018e-001
 8.1077445e-001
 8.1111133e-001
 8.1130385e-001
 8.1139624e-001
 8.1147271e-001
 8.1163538e-001
 8.1197655e-001
 8.1253749e-001
 8.1326550e-001
 8.1400651e-001
 8.1456494e-001
 8.1481522e-001
 8.1478846e-001
 8.1465560e-001
 8.1460905e-001
 8.1473762e-001
 8.1499463e-001
 8.1526649e-001
 8.1546861e-001
 8.1559962e-001
 8.1573683e-001
 8.1598341e-001
 8.1639355e-001
 8.1692559e-001
 8.1746590e-001
 8.1790030e-001
 8.1816381e-001
 8.1824166e-001
 8.1815922e-001
 8.1799126e-001
 8.1786829e-001
 8.1794417e-001
 8.1832612e-001
 8.1900388e-001
 8.1981945e-001
 8.2051235e-001
 8.2084227e-001
 8.2073003e-001
 8.2031566e-001
 8.1987256e-001
 8.1963032e-001
 8.1964529e-001
 8.1981808e-001
 8.2002103e-001
 8.2020211e-001
 8.2037812e-001
 8.2055110e-001
 8.2065201e-001
 8.2058209e-001
 8.2032639e-001
 8.2003540e-001
 8.1997091e-001
 8.2031977e-001
 8.2101560e-001
 8.2173657e-001
 8.2210726e-001
 8.2195872e-001
 8.2144767e-001
 8.2094383e-001
 8.2076436e-001
 8.2096177e-001
 8.2133889e-001
 8.2166034e-001
 8.2183361e-001
 8.2188946e-001
 8.2186902e-001
 8.2180923e-001
 8.2179517e-001
 8.2191092e-001
 8.2212454e-001
 8.2230729e-001
 8.2239139e-001
 8.2244778e-001
 8.2258695e-001
 8.2283664e-001
 8.2314491e-001
 8.2346749e-001
 8.2380700e-001
 8.2416409e-001
 8.2448614e-001
 8.2469010e-001
 8.2472318e-001
 8.2458103e-001
 8.2428753e-001
 8.2389522e-001
 8.2349527e-001
 8.2317996e-001
 8.2298815e-001
 8.2290679e-001
 8.2290995e-001
 8.2295614e-001
 8.2297295e-001
 8.2291722e-001
 8.2287449e-001
 8.2304120e-001
 8.2354075e-001
 8.2423675e-001
 8.2477421e-001
 8.2486647e-001
 8.2454985e-001
 8.2412404e-001
 8.2386446e-001
 8.2383984e-001
 8.2397026e-001
 8.2416677e-001
 8.2438052e-001
 8.2456446e-001
 8.2464641e-001
 8.2455933e-001
 8.2428026e-001
 8.2383287e-001
 8.2330519e-001
 8.2290733e-001
 8.2292891e-001
 8.2350475e-001
 8.2443386e-001
 8.2533658e-001
 8.2596892e-001
 8.2628775e-001
 8.2630002e-001
 8.2603538e-001
 8.2564193e-001
 8.2532966e-001
 8.2519740e-001
 8.2522601e-001
 8.2541567e-001
 8.2579738e-001
 8.2631099e-001
 8.2679462e-001
 8.2712722e-001
 8.2732600e-001
 8.2749450e-001
 8.2770348e-001
 8.2790869e-001
 8.2795286e-001
 8.2767564e-001
 8.2708937e-001
 8.2645309e-001
 8.2611877e-001
 8.2625210e-001
 8.2669485e-001
 8.2705814e-001
 8.2698470e-001
 8.2648903e-001
 8.2606530e-001
 8.2619286e-001
 8.2674187e-001
 8.2715213e-001
 8.2708687e-001
 8.2667017e-001
 8.2624519e-001
 8.2604229e-001
 8.2595950e-001
 8.2571065e-001
 8.2528555e-001
 8.2505935e-001
 8.2527232e-001
 8.2564569e-001
 8.2580483e-001
 8.2584077e-001
 8.2608956e-001
 8.2658947e-001
 8.2708246e-001
 8.2733750e-001
 8.2722056e-001
 8.2665539e-001
 8.2579523e-001
 8.2506770e-001
 8.2481247e-001
 8.2506168e-001
 8.2575184e-001
 8.2679796e-001
 8.2790351e-001
 8.2861644e-001
 8.2869029e-001
 8.2825834e-001
 8.2766211e-001
 8.2716334e-001
 8.2680917e-001
 8.2651317e-001
 8.2616526e-001
 8.2569057e-001
 8.2516956e-001
 8.2492477e-001
 8.2526040e-001
 8.2603246e-001
 8.2675099e-001
 8.2720345e-001
 8.2761341e-001
 8.2807630e-001
 8.2827783e-001
 8.2794738e-001
 8.2721668e-001
 8.2639772e-001
 8.2574636e-001
 8.2553154e-001
 8.2595205e-001
 8.2680148e-001
 8.2753360e-001
 8.2783818e-001
 8.2788861e-001
 8.2794935e-001
 8.2807666e-001
 8.2827336e-001
 8.2854229e-001
 8.2867479e-001
 8.2842731e-001
 8.2804537e-001
 8.2824188e-001
 8.2939249e-001
 8.3087111e-001
 8.3167309e-001
 8.3154207e-001
 8.3107269e-001
 8.3091789e-001
 8.3120638e-001
 8.3160347e-001
 8.3174819e-001
 8.3158708e-001
 8.3132905e-001
 8.3115399e-001
 8.3100688e-001
 8.3066982e-001
 8.3002341e-001
 8.2922685e-001
 8.2862872e-001
 8.2848954e-001
 8.2878345e-001
 8.2925296e-001
 8.2962924e-001
 8.2979894e-001
 8.2980996e-001
 8.2978511e-001
 8.2984471e-001
 8.3004749e-001
 8.3032501e-001
 8.3046627e-001
 8.3026594e-001
 8.2979369e-001
 8.2950789e-001
 8.2993078e-001
 8.3100653e-001
 8.3181059e-001
 8.3138603e-001
 8.3013910e-001
 8.2897139e-001
 8.2812500e-001
 8.2767928e-001
 8.2810938e-001
 8.2953787e-001
 8.3110303e-001
 8.3187217e-001
 8.3187604e-001
 8.3172584e-001
 8.3175242e-001
 8.3186883e-001
 8.3187628e-001
 8.3167177e-001
 8.3132017e-001
 8.3107036e-001
 8.3125842e-001
 8.3205283e-001
 8.3324713e-001
 8.3431876e-001
 8.3473074e-001
 8.3433068e-001
 8.3349729e-001
 8.3279693e-001
 8.3253539e-001
 8.3263600e-001
 8.3284867e-001
 8.3308405e-001
 8.3340883e-001
 8.3355069e-001
 8.3286971e-001
 8.3136624e-001
 8.3014625e-001
 8.3012712e-001
 8.3088559e-001
 8.3144194e-001
 8.3152002e-001
 8.3155042e-001
 8.3189899e-001
 8.3237851e-001
 8.3250695e-001
 8.3238757e-001
 8.3280885e-001
 8.3403236e-001
 8.3524966e-001
 8.3490819e-001
 8.3298749e-001
 8.3179814e-001
 8.3259028e-001
 8.3413547e-001
 8.3491731e-001
 8.3454031e-001
 8.3358562e-001
 8.3283305e-001
 8.3266205e-001
 8.3299750e-001
 8.3362025e-001
 8.3432811e-001
 8.3495188e-001
 8.3534062e-001
 8.3536506e-001
 8.3492696e-001
 8.3402479e-001
 8.3289814e-001
 8.3200258e-001
 8.3173275e-001
 8.3212101e-001
 8.3283830e-001
 8.3350563e-001
 8.3398938e-001
 8.3439577e-001
 8.3485651e-001
 8.3539683e-001
 8.3591366e-001
 8.3623230e-001
 8.3622128e-001
 8.3583272e-001
 8.3503842e-001
 8.3386409e-001
 8.3265400e-001
 8.3187979e-001
 8.3201355e-001
 8.3339906e-001
 8.3553547e-001
 8.3758169e-001
 8.3869588e-001
 8.3819711e-001
 8.3646685e-001
 8.3431602e-001
 8.3255678e-001
 8.3188224e-001
 8.3219558e-001
 8.3307964e-001
 8.3411694e-001
 8.3493048e-001
 8.3541811e-001
 8.3558756e-001
 8.3540106e-001
 8.3492261e-001
 8.3426100e-001
 8.3362001e-001
 8.3320719e-001
 8.3323050e-001
 8.3388627e-001
 8.3511221e-001
 8.3658916e-001
 8.3798724e-001
 8.3897620e-001
 8.3923912e-001
 8.3875042e-001
 8.3777207e-001
 8.3657849e-001
 8.3544356e-001
 8.3463401e-001
 8.3423805e-001
 8.3417094e-001
 8.3433968e-001
 8.3465183e-001
 8.3501494e-001
 8.3535188e-001
 8.3564484e-001
 8.3589107e-001
 8.3608729e-001
 8.3623058e-001
 8.3631760e-001
 8.3635026e-001
 8.3634901e-001
 8.3633852e-001
 8.3634365e-001
 8.3638918e-001
 8.3650005e-001
 8.3670092e-001
 8.3700424e-001
 8.3737421e-001
 8.3776391e-001
 8.3812630e-001
 8.3841437e-001
 8.3858114e-001
 8.3857960e-001
 8.3836269e-001
 8.3790272e-001
 8.3724505e-001
 8.3645165e-001
 8.3558536e-001
 8.3470809e-001
 8.3388269e-001
 8.3317107e-001
 8.3263570e-001
 8.3232248e-001
 8.3221483e-001
 8.3228189e-001
 8.3249301e-001
 8.3281708e-001
 8.3322334e-001
 8.3368105e-001
 8.3415914e-001
 8.3463091e-001
 8.3508480e-001
 8.3551246e-001
 8.3590561e-001
 8.3625621e-001
 8.3655584e-001
 8.3679646e-001
 8.3696967e-001
 8.3706748e-001
 8.3708143e-001
 8.3700341e-001
 8.3682519e-001
 8.3654368e-001
 8.3617419e-001
 8.3573622e-001
 8.3524936e-001
 8.3473307e-001
 8.3420706e-001
 8.3369082e-001
 8.3320373e-001
 8.3276552e-001
 8.3239555e-001
 8.3211356e-001
 8.3193892e-001
 8.3188277e-001
 8.3192617e-001
 8.3204305e-001
 8.3220774e-001
 8.3239448e-001
 8.3257741e-001
 8.3273065e-001
 8.3282846e-001
 8.3284503e-001
 8.3275455e-001
 8.3253115e-001
 8.3216047e-001
 8.3166742e-001
 8.3108592e-001
 8.3044970e-001
 8.2979262e-001
 8.2914853e-001
 8.2855111e-001
 8.2803428e-001
 8.2763183e-001
 8.2737756e-001
 8.2729262e-001
 8.2735497e-001
 8.2753277e-001
 8.2779437e-001
 8.2810819e-001
 8.2844245e-001
 8.2876557e-001
 8.2904577e-001
 8.2925147e-001
 8.2935101e-001
 8.2932335e-001
 8.2918411e-001
 8.2895672e-001
 8.2866466e-001
 8.2833117e-001
 8.2797986e-001
 8.2763386e-001
 8.2731682e-001
 8.2705206e-001
 8.2686311e-001
 8.2676381e-001
 8.2673728e-001
 8.2675958e-001
 8.2680696e-001
 8.2685560e-001
 8.2688183e-001
 8.2686186e-001
 8.2677186e-001
 8.2658792e-001
 8.2629657e-001
 8.2591730e-001
 8.2547694e-001
 8.2500207e-001
 8.2451928e-001
 8.2405525e-001
 8.2363677e-001
 8.2329029e-001
 8.2303423e-001
 8.2285857e-001
 8.2274783e-001
 8.2268661e-001
 8.2265913e-001
 8.2265002e-001
 8.2264358e-001
 8.2262433e-001
 8.2258296e-001
 8.2253003e-001
 8.2248032e-001
 8.2244873e-001
 8.2244986e-001
 8.2249862e-001
 8.2260966e-001
 8.2279783e-001
 8.2306528e-001
 8.2337326e-001
 8.2367516e-001
 8.2389551e-001
 8.2401890e-001
 8.2399148e-001
 8.2378536e-001
 8.2340443e-001
 8.2288051e-001
 8.2226503e-001
 8.2161856e-001
 8.2100463e-001
 8.2048279e-001
 8.2009959e-001
 8.1988192e-001
 8.1984216e-001
 8.1998587e-001
 8.2031274e-001
 8.2080799e-001
 8.2143074e-001
 8.2210946e-001
 8.2274967e-001
 8.2324785e-001
 8.2350785e-001
 8.2346320e-001
 8.2310140e-001
 8.2247221e-001
 8.2167387e-001
 8.2082748e-001
 8.2005227e-001
 8.1944162e-001
 8.1904334e-001
 8.1885386e-001
 8.1882840e-001
 8.1890088e-001
 8.1900305e-001
 8.1908154e-001
 8.1910974e-001
 8.1909126e-001
 8.1905419e-001
 8.1903952e-001
 8.1908798e-001
 8.1922781e-001
 8.1977838e-001
 8.1997025e-001
 8.2017362e-001
 8.2037938e-001
 8.2057852e-001
 8.2076359e-001
 8.2092971e-001
 8.2107502e-001
 8.2120073e-001
 8.2131040e-001
 8.2140857e-001
 8.2149923e-001
 8.2158440e-001
 8.2166338e-001
 8.2173258e-001
 8.2178676e-001
 8.2182014e-001
 8.2182747e-001
 8.2180524e-001
 8.2175231e-001
 8.2167006e-001
 8.2156193e-001
 8.2143337e-001
 8.2129097e-001
 8.2114214e-001
 8.2099450e-001
 8.2085550e-001
 8.2073170e-001
 8.2062787e-001
 8.2054609e-001
 8.2048529e-001
 8.2044107e-001
 8.2040620e-001
 8.2037145e-001
 8.2032704e-001
 8.2026398e-001
 8.2017577e-001
 8.2005978e-001
 8.1991798e-001
 8.1975651e-001
 8.1958467e-001
 8.1941324e-001
 8.1925237e-001
 8.1911004e-001
 8.1899107e-001
 8.1889755e-001
 8.1882930e-001
 8.1878579e-001
 8.1876719e-001
 8.1877542e-001
 8.1881386e-001
 8.1888652e-001
 8.1899637e-001
 8.1914353e-001
 8.1932372e-001
 8.1952804e-001
 8.1974345e-001
 8.1995434e-001
 8.2014495e-001
 8.2030189e-001
 8.2041615e-001
 8.2048464e-001
 8.2051033e-001
 8.2050127e-001
 8.2046920e-001
 8.2042670e-001
 8.2038522e-001
 8.2035267e-001
 8.2033265e-001
 8.2032388e-001
 8.2032156e-001
 8.2031918e-001
 8.2031041e-001
 8.2029140e-001
 8.2026231e-001
 8.2022732e-001
 8.2019454e-001
 8.2017398e-001
 8.2017565e-001
 8.2020730e-001
 8.2027262e-001
 8.2037008e-001
 8.2049292e-001
 8.2062978e-001
 8.2076633e-001
 8.2088745e-001
 8.2097894e-001
 8.2102990e-001
 8.2103390e-001
 8.2098997e-001
 8.2090223e-001
 8.2077968e-001
 8.2063472e-001
 8.2048196e-001
 8.2033622e-001
 8.2021165e-001
 8.2012010e-001
 8.2007021e-001
 8.2006681e-001
 8.2011038e-001
 8.2019675e-001
 8.2031733e-001
 8.2045966e-001
 8.2060862e-001
 8.2074797e-001
 8.2086223e-001
 8.2093894e-001
 8.2097054e-001
 8.2095534e-001
 8.2089818e-001
 8.2080936e-001
 8.2070309e-001
 8.2059503e-001
 8.2049972e-001
 8.2042825e-001
 8.2038683e-001
 8.2037634e-001
 8.2039285e-001
 8.2042891e-001
 8.2047582e-001
 8.2052553e-001
 8.2057226e-001
 8.2061386e-001
 8.2065189e-001
 8.2069075e-001
 8.2073629e-001
 8.2079411e-001
 8.2086760e-001
 8.2095683e-001
 8.2105792e-001
 8.2116377e-001
 8.2126516e-001
 8.2135254e-001
 8.2141763e-001
 8.2145488e-001
 8.2146198e-001
 8.2143962e-001
 8.2139075e-001
 8.2131940e-001
 8.2122958e-001
 8.2112479e-001
 8.2100785e-001
 8.2088125e-001
 8.2074767e-001
 8.2061094e-001
 8.2047588e-001
 8.2034862e-001
 8.2023597e-001
 8.2014436e-001
 8.2007909e-001
 8.2004327e-001
 8.2003701e-001
 8.2005739e-001
 8.2009846e-001
 8.2015193e-001
 8.2020807e-001
 8.2025707e-001
 8.2029021e-001
 8.2030135e-001
 8.2028794e-001
 8.2025164e-001
 8.2019842e-001
 8.2013738e-001
 8.2007939e-001
 8.2003468e-001
 8.2000995e-001
 8.2000595e-001
 8.2001609e-001
 8.2002592e-001
 8.2001495e-001
 8.1995964e-001
 8.1983769e-001
 8.1963289e-001
 8.1933910e-001
 8.1896269e-001
 8.1852245e-001
 8.1804794e-001
 8.1757528e-001
 8.1714165e-001
 8.1678063e-001
 8.1651711e-001
 8.1636471e-001
 8.1632477e-001
 8.1638747e-001
 8.1653410e-001
 8.1674105e-001
 8.1698340e-001
 8.1723845e-001
 8.1748837e-001
 8.1772149e-001
 8.1793189e-001
 8.1811881e-001
 8.1828445e-001
 8.1843227e-001
 8.1856519e-001
 8.1868470e-001
 8.1879091e-001
 8.1888270e-001
 8.1895858e-001
 8.1901777e-001
 8.1906044e-001
 8.1908810e-001
 8.1910294e-001
 8.1910753e-001
 8.1910378e-001
 8.1909275e-001
 8.1907427e-001
 8.1904733e-001
 8.1901026e-001
 8.1896192e-001
 8.1890213e-001
 8.1883210e-001
 8.1875461e-001
 8.1867379e-001
 8.1859428e-001
 8.1852055e-001
 8.1845576e-001
 8.1840128e-001
 8.1835639e-001
 8.1831872e-001
 8.1828511e-001
 8.1825286e-001
 8.1822062e-001
 8.1818974e-001
 8.1816405e-001
 8.1814975e-001
 8.1815392e-001
 8.1818330e-001
 8.1824249e-001
 8.1833297e-001
 8.1845242e-001
 8.1859499e-001
 8.1875187e-001
 8.1891274e-001
 8.1906658e-001
 8.1920308e-001
 8.1931311e-001
 8.1938928e-001
 8.1942630e-001
 8.1942117e-001
 8.1937337e-001
 8.1928515e-001
 8.1916183e-001
 8.1901151e-001
 8.1884450e-001
 8.1867224e-001
 8.1850636e-001
 8.1835663e-001
 8.1823009e-001
 8.1813025e-001
 8.1805688e-001
 8.1800675e-001
 8.1797469e-001
 8.1795490e-001
 8.1794220e-001
 8.1793296e-001
 8.1792521e-001
 8.1791896e-001
 8.1791556e-001
 8.1791723e-001
 8.1792682e-001
 8.1794721e-001
 8.1798130e-001
 8.1803185e-001
 8.1810087e-001
 8.1818968e-001
 8.1829798e-001
 8.1842375e-001
 8.1856257e-001
 8.1870770e-001
 8.1885087e-001
 8.1898260e-001
 8.1909347e-001
 8.1917530e-001
 8.1922191e-001
 8.1922990e-001
 8.1919873e-001
 8.1913060e-001
 8.1903023e-001
 8.1890422e-001
 8.1876063e-001
 8.1860846e-001
 8.1845701e-001
 8.1831557e-001
 8.1819224e-001
 8.1809318e-001
 8.1802189e-001
 8.1797850e-001
 8.1795979e-001
 8.1795985e-001
 8.1797123e-001
 8.1798637e-001
 8.1799942e-001
 8.1800705e-001
 8.1800920e-001
 8.1800812e-001
 8.1800765e-001
 8.1801087e-001
 8.1801933e-001
 8.1803161e-001
 8.1804377e-001
 8.1805003e-001
 8.1804460e-001
 8.1802344e-001
 8.1798553e-001
 8.1793380e-001
 8.1787449e-001
 8.1781632e-001
 8.1776839e-001
 8.1773871e-001
 8.1773233e-001
 8.1775057e-001
 8.1779099e-001
 8.1784779e-001
 8.1791312e-001
 8.1797844e-001
 8.1803602e-001
 8.1807977e-001
 8.1810600e-001
 8.1811351e-001
 8.1810349e-001
 8.1807858e-001
 8.1804216e-001
 8.1799787e-001
 8.1794912e-001
 8.1789863e-001
 8.1784892e-001
 8.1780249e-001
 8.1776178e-001
 8.1772989e-001
 8.1770986e-001
 8.1770468e-001
 8.1771666e-001
 8.1774676e-001
 8.1779420e-001
 8.1785637e-001
 8.1792879e-001
 8.1800574e-001
 8.1808084e-001
 8.1814820e-001
 8.1820303e-001
 8.1824219e-001
 8.1826490e-001
 8.1827223e-001
 8.1826711e-001
 8.1825310e-001
 8.1823409e-001
 8.1821275e-001
 8.1819004e-001
 8.1816435e-001
 8.1813192e-001
 8.1808692e-001
 8.1802267e-001
 8.1793332e-001
 8.1781560e-001
 8.1767058e-001
 8.1750500e-001
 8.1733167e-001
 8.1716865e-001
 8.1703746e-001
 8.1695986e-001
 8.1695461e-001
 8.1703353e-001
 8.1719935e-001
 8.1744421e-001
 8.1775033e-001
 8.1809211e-001
 8.1843960e-001
 8.1876272e-001
 8.1903470e-001
 8.1923521e-001
 8.1935239e-001
 8.1938279e-001
 8.1933111e-001
 8.1920856e-001
 8.1903100e-001
 8.1881690e-001
 8.1858540e-001
 8.1835443e-001
 8.1813902e-001
 8.1795037e-001
 8.1779450e-001
 8.1767243e-001
 8.1758052e-001
 8.1751180e-001
 8.1745803e-001
 8.1741196e-001
 8.1736928e-001
 8.1732965e-001
 8.1729698e-001
 8.1727809e-001
 8.1728065e-001
 8.1731051e-001
 8.1736958e-001
 8.1745476e-001
 8.1755823e-001
 8.1766897e-001
 8.1777537e-001
 8.1786805e-001
 8.1794214e-001
 8.1799817e-001
 8.1804168e-001
 8.1808156e-001
 8.1812721e-001
 8.1818604e-001
 8.1826073e-001
 8.1834865e-001
 8.1844169e-001
 8.1852794e-001
 8.1859457e-001
 8.1863087e-001
 8.1863099e-001
 8.1859595e-001
 8.1853408e-001
 8.1845993e-001
 8.1839120e-001
 8.1834543e-001
 8.1833607e-001
 8.1836969e-001
 8.1844467e-001
 8.1855172e-001
 8.1867605e-001
 8.1880081e-001
 8.1891066e-001
 8.1899452e-001
 8.1904715e-001
 8.1906879e-001
 8.1906378e-001
 8.1903809e-001
 8.1899697e-001
 8.1894332e-001
 8.1887686e-001
 8.1879491e-001
 8.1869400e-001
 8.1857198e-001
 8.1843007e-001
 8.1827396e-001
 8.1811464e-001
 8.1796682e-001
 8.1784749e-001
 8.1777257e-001
 8.1775397e-001
 8.1779689e-001
 8.1789762e-001
 8.1804353e-001
 8.1821358e-001
 8.1838155e-001
 8.1851923e-001
 8.1860095e-001
 8.1860757e-001
 8.1852973e-001
 8.1836981e-001
 8.1814194e-001
 8.1787062e-001
 8.1758749e-001
 8.1732732e-001
 8.1712288e-001
 8.1700099e-001
 8.1697839e-001
 8.1705981e-001
 8.1723744e-001
 8.1749254e-001
 8.1779844e-001
 8.1812495e-001
 8.1844330e-001
 8.1873065e-001
 8.1897372e-001
 8.1917065e-001
 8.1933069e-001
 8.1947213e-001
 8.1961799e-001
 8.1979108e-001
 8.2000911e-001
 8.2028067e-001
 8.2060307e-001
 8.2096261e-001
 8.2133728e-001
 8.2170039e-001
 8.2202584e-001
 8.2229251e-001
 8.2248735e-001
 8.2260746e-001
 8.2265913e-001
 8.2265645e-001
 8.2261777e-001
 8.2256252e-001
 8.2250786e-001
 8.2246614e-001
 8.2244390e-001
 8.2244140e-001
 8.2245368e-001
 8.2247233e-001
 8.2248741e-001
 8.2248962e-001
 8.2247204e-001
 8.2243091e-001
 8.2236624e-001
 8.2228124e-001
 8.2218140e-001
 8.2207328e-001
 8.2196349e-001
 8.2185787e-001
 8.2176059e-001
 8.2167470e-001
 8.2160211e-001
 8.2154435e-001
 8.2150316e-001
 8.2148093e-001
 8.2148021e-001
 8.2150352e-001
 8.2155174e-001
 8.2162350e-001
 8.2171381e-001
 8.2181400e-001
 8.2191253e-001
 8.2199597e-001
 8.2205188e-001
 8.2207108e-001
 8.2205009e-001
 8.2199287e-001
 8.2190996e-001
 8.2181656e-001
 8.2172996e-001
 8.2166666e-001
 8.2164073e-001
 8.2166165e-001
 8.2173264e-001
 8.2184923e-001
 8.2199967e-001
 8.2216591e-001
 8.2232702e-001
 8.2246238e-001
 8.2255632e-001
 8.2260096e-001
 8.2259899e-001
 8.2256305e-001
 8.2251340e-001
 8.2247359e-001
 8.2246649e-001
 8.2251060e-001
 8.2261723e-001
 8.2278955e-001
 8.2302189e-001
 8.2330054e-001
 8.2360560e-001
 8.2391351e-001
 8.2419991e-001
 8.2444227e-001
 8.2462239e-001
 8.2472748e-001
 8.2475150e-001
 8.2469487e-001
 8.2456410e-001
 8.2437038e-001
 8.2412791e-001
 8.2385176e-001
 8.2355660e-001
 8.2325572e-001
 8.2295984e-001
 8.2267761e-001
 8.2241493e-001
 8.2217568e-001
 8.2196206e-001
 8.2177550e-001
 8.2161736e-001
 8.2149005e-001
 8.2139671e-001
 8.2134128e-001
 8.2132781e-001
 8.2135880e-001
 8.2143444e-001
 8.2155108e-001
 8.2170165e-001
 8.2187587e-001
 8.2206154e-001
 8.2224584e-001
 8.2241684e-001
 8.2256424e-001
 8.2268047e-001
 8.2276100e-001
 8.2280475e-001
 8.2281417e-001
 8.2279491e-001
 8.2275546e-001
 8.2270652e-001
 8.2266003e-001
 8.2262838e-001
 8.2262313e-001
 8.2265377e-001
 8.2272655e-001
 8.2284361e-001
 8.2300222e-001
 8.2319492e-001
 8.2340986e-001
 8.2363224e-001
 8.2384562e-001
 8.2403415e-001
 8.2418412e-001
 8.2428581e-001
 8.2433420e-001
 8.2432973e-001
 8.2427740e-001
 8.2418609e-001
 8.2406741e-001
 8.2393378e-001
 8.2379729e-001
 8.2366860e-001
 8.2355589e-001
 8.2346457e-001
 8.2339710e-001
 8.2335281e-001
 8.2332867e-001
 8.2331920e-001
 8.2331729e-001
 8.2331485e-001
 8.2330334e-001
 8.2327485e-001
 8.2322276e-001
 8.2314241e-001
 8.2303166e-001
 8.2289129e-001
 8.2272470e-001
 8.2253784e-001
 8.2233840e-001
 8.2213509e-001
 8.2193702e-001
 8.2175279e-001
 8.2158971e-001
 8.2145375e-001
 8.2134891e-001
 8.2127738e-001
 8.2123947e-001
 8.2123369e-001
 8.2125694e-001
 8.2130486e-001
 8.2137185e-001
 8.2145178e-001
 8.2153797e-001
 8.2162380e-001
 8.2170308e-001
 8.2177049e-001
 8.2182169e-001
 8.2185405e-001
 8.2186675e-001
 8.2186091e-001
 8.2183987e-001
 8.2180917e-001
 8.2177603e-001
 8.2174915e-001
 8.2173735e-001
 8.2174873e-001
 8.2178873e-001
 8.2185888e-001
 8.2195538e-001
 8.2206845e-001
 8.2218266e-001
 8.2227880e-001
 8.2233620e-001
 8.2233590e-001
 8.2226354e-001
 8.2211185e-001
 8.2188225e-001
 8.2158524e-001
 8.2124054e-001
 8.2087570e-001
 8.2052302e-001
 8.2021594e-001
 8.1998384e-001
 8.1984740e-001
 8.1981462e-001
 8.1987876e-001
 8.2001883e-001
 8.2020211e-001
 8.2038921e-001
 8.2053995e-001
 8.2061976e-001
 8.2060474e-001
 8.2048523e-001
 8.2026529e-001
 8.1996071e-001
 8.1959510e-001
 8.1919587e-001
 8.1879002e-001
 8.1840098e-001
 8.1804645e-001
 8.1773728e-001
 8.1747782e-001
 8.1726617e-001
 8.1709558e-001
 8.1695652e-001
 8.1683832e-001
 8.1673068e-001
 8.1662518e-001
 8.1651551e-001
 8.1639802e-001
 8.1627119e-001
 8.1613493e-001
 8.1598985e-001
 8.1583631e-001
 8.1567371e-001
 8.1550014e-001
 8.1531191e-001
 8.1510431e-001
 8.1487137e-001
 8.1460738e-001
 8.1430739e-001
 8.1396800e-001
 8.1358868e-001
 8.1317186e-001
 8.1272328e-001
 8.1225193e-001
 8.1176919e-001
 8.1128836e-001
 8.1082356e-001
 8.1038868e-001
 8.0999678e-001
 8.0965900e-001
 8.0938458e-001
 8.0918032e-001
 8.0905032e-001
 8.0899608e-001
 8.0901641e-001
 8.0910736e-001
 8.0926210e-001
 8.0947113e-001
 8.0972230e-001
 8.1000161e-001
 8.1029361e-001
 8.1058228e-001
 8.1085253e-001
 8.1109053e-001
 8.1128520e-001
 8.1142849e-001
 8.1151575e-001
 8.1154591e-001
 8.1152081e-001
 8.1144506e-001
 8.1132507e-001
 8.1116873e-001
 8.1098461e-001
 8.1078172e-001
 8.1056905e-001
 8.1035519e-001
 8.1014842e-001
 8.0995595e-001
 8.0978417e-001
 8.0963820e-001
 8.0952162e-001
 8.0943644e-001
 8.0938345e-001
 8.0936223e-001
 8.0937159e-001
 8.0941057e-001
 8.0947870e-001
 8.0957711e-001
 8.0970877e-001
 8.0987883e-001
 8.1009459e-001
 8.1036472e-001
 8.1069815e-001
 8.1110269e-001
 8.1158280e-001
 8.1213868e-001
 8.1276381e-001
 8.1344473e-001
 8.1416124e-001
 8.1488693e-001
 8.1559193e-001
 8.1624502e-001
 8.1681740e-001
 8.1728584e-001
 8.1763494e-001
 8.1785929e-001
 8.1796366e-001
 8.1796259e-001
 8.1787848e-001
 8.1773847e-001
 8.1757027e-001
 8.1739891e-001
 8.1724274e-001
 8.1711143e-001
 8.1700510e-001
 8.1691545e-001
 8.1682867e-001
 8.1672782e-001
 8.1659615e-001
 8.1641996e-001
 8.1619012e-001
 8.1590348e-001
 8.1556332e-001
 8.1518018e-001
 8.1477171e-001
 8.1436151e-001
 8.1397647e-001
 8.1364405e-001
 8.1338805e-001
 8.1322509e-001
 8.1316066e-001
 8.1318784e-001
 8.1328750e-001
 8.1343931e-001
 8.1363618e-001
 8.1379575e-001
 8.1387633e-001
 8.1384337e-001
 8.1367499e-001
 8.1336480e-001
 8.1292087e-001
 8.1236094e-001
 8.1170857e-001
 8.1098890e-001
 8.1022733e-001
 8.0944794e-001
 8.0867171e-001
 8.0791563e-001
 8.0719125e-001
 8.0650437e-001
 8.0585635e-001
 8.0524439e-001
 8.0466366e-001
 8.0410820e-001
 8.0357146e-001
 8.0304694e-001
 8.0252808e-001
 8.0200899e-001
 8.0148411e-001
 8.0094832e-001
 8.0039746e-001
 7.9982722e-001
 7.9923403e-001
 7.9861432e-001
 7.9796463e-001
 7.9728240e-001
 7.9656565e-001
 7.9581457e-001
 7.9503167e-001
 7.9422182e-001
 7.9339236e-001
 7.9255265e-001
 7.9171258e-001
 7.9088289e-001
 7.9007393e-001
 7.8929543e-001
 7.8855562e-001
 7.8785986e-001
 7.8720993e-001
 7.8660351e-001
 7.8603470e-001
 7.8549492e-001
 7.8497374e-001
 7.8446031e-001
 7.8394324e-001
 7.8341162e-001
 7.8285491e-001
 7.8226346e-001
 7.8162920e-001
 7.8094518e-001
 7.8020597e-001
 7.7940702e-001
 7.7854437e-001
 7.7761483e-001
 7.7661580e-001
 7.7554715e-001
 7.7441305e-001
 7.7322429e-001
 7.7200180e-001
 7.7077705e-001
 7.6959062e-001
 7.6849085e-001
 7.6752955e-001
 7.6676053e-001
 7.6623642e-001
 7.6600587e-001
 7.6610863e-001
 7.6656973e-001
 7.6739407e-001
 7.6856434e-001
 7.7004343e-001
 7.7177894e-001
 7.7371043e-001
 7.7577275e-001
 7.7790016e-001
 7.8002977e-001
 7.8210330e-001
 7.8407288e-001
 7.8590256e-001
 7.8757066e-001
 7.8906882e-001
 7.9039752e-001
 7.9156303e-001
 7.9257476e-001
 7.9344261e-001
 7.9417717e-001
 7.9478866e-001
 7.9528683e-001
 7.9568118e-001
 7.9598016e-001
 7.9619193e-001
 7.9632407e-001
 7.9638398e-001
 7.9637891e-001
 7.9631609e-001
 7.9620278e-001
 7.9604626e-001
 7.9585403e-001
 7.9563379e-001
 7.9539341e-001
 7.9514092e-001
 7.9488462e-001
 7.9463279e-001
 7.9439360e-001
 7.9417509e-001
 7.9398429e-001
 7.9382676e-001
 7.9370534e-001
 7.9361928e-001
 7.9356366e-001
 7.9353011e-001
 7.9350746e-001
 7.9348296e-001
 7.9344338e-001
 7.9337531e-001
 7.9326659e-001
 7.9310703e-001
 7.9289025e-001
 7.9261458e-001
 7.9228401e-001
 7.9190743e-001
 7.9149723e-001
 7.9106808e-001
 7.9063547e-001
 7.9021496e-001
 7.8982109e-001
 7.8946579e-001
 7.8915727e-001
 7.8889817e-001
 7.8868514e-001
 7.8850949e-001
 7.8835839e-001
 7.8821677e-001
 7.8806847e-001
 7.8789735e-001
 7.8768802e-001
 7.8742748e-001
 7.8710622e-001
 7.8671980e-001
 7.8626913e-001
 7.8576028e-001
 7.8520286e-001
 7.8460860e-001
 7.8399038e-001
 7.8336084e-001
 7.8273225e-001
 7.8211457e-001
 7.8151494e-001
 7.8093624e-001
 7.8037649e-001
 7.7982962e-001
 7.7928627e-001
 7.7873534e-001
 7.7816504e-001
 7.7756351e-001
 7.7692002e-001
 7.7622646e-001
 7.7547842e-001
 7.7467746e-001
 7.7383077e-001
 7.7295154e-001
 7.7205682e-001
 7.7116585e-001
 7.7029932e-001
 7.6947725e-001
 7.6871848e-001
 7.6803845e-001
 7.6744676e-001
 7.6694572e-001
 7.6652879e-001
 7.6618207e-001
 7.6588601e-001
 7.6561761e-001
 7.6535261e-001
 7.6506704e-001
 7.6473922e-001
 7.6435220e-001
 7.6389730e-001
 7.6337707e-001
 7.6280606e-001
 7.6221019e-001
 7.6162368e-001
 7.6108521e-001
 7.6063585e-001
 7.6031661e-001
 7.6016599e-001
 7.6021755e-001
 7.6049602e-001
 7.6101428e-001
 7.6177210e-001
 7.6275760e-001
 7.6394963e-001
 7.6532251e-001
 7.6684737e-001
 7.6849556e-001
 7.7023768e-001
 7.7204698e-001
 7.7389967e-001
 7.7577448e-001
 7.7765572e-001
 7.7953130e-001
 7.8139222e-001
 7.8322995e-001
 7.8503817e-001
 7.8681064e-001
 7.8853983e-001
 7.9021919e-001
 7.9184133e-001
 7.9339677e-001
 7.9487628e-001
 7.9626906e-001
 7.9756421e-001
 7.9874945e-001
 7.9981327e-001
 8.0074483e-001
 8.0153400e-001
 8.0217439e-001
 8.0266470e-001
 8.0301028e-001
 8.0322462e-001
 8.0332792e-001
 8.0334556e-001
 8.0330610e-001
 8.0323917e-001
 8.0317438e-001
 8.0313951e-001
 8.0315822e-001
 8.0324781e-001
 8.0341625e-001
 8.0366153e-001
 8.0397278e-001
 8.0433220e-001
 8.0471814e-001
 8.0510718e-001
 8.0547595e-001
 8.0580217e-001
 8.0606729e-001
 8.0625844e-001
 8.0637050e-001
 8.0640697e-001
 8.0637944e-001
 8.0630493e-001
 8.0620414e-001
 8.0609900e-001
 8.0601162e-001
 8.0596250e-001
 8.0596864e-001
 8.0604118e-001
 8.0618304e-001
 8.0638844e-001
 8.0664355e-001
 8.0692846e-001
 8.0721980e-001
 8.0749285e-001
 8.0772269e-001
 8.0788589e-001
 8.0796272e-001
 8.0793905e-001
 8.0780894e-001
 8.0757505e-001
 8.0724806e-001
 8.0684471e-001
 8.0638498e-001
 8.0589050e-001
 8.0538338e-001
 8.0488473e-001
 8.0441362e-001
 8.0398571e-001
 8.0361211e-001
 8.0329847e-001
 8.0304575e-001
 8.0285162e-001
 8.0271137e-001
 8.0261952e-001
 8.0256975e-001
 8.0255526e-001
 8.0256855e-001
 8.0260050e-001
 8.0264032e-001
 8.0267501e-001
 8.0268979e-001
 8.0266857e-001
 8.0259430e-001
 8.0244988e-001
 8.0221885e-001
 8.0188632e-001
 8.0144089e-001
 8.0087769e-001
 8.0019933e-001
 7.9941779e-001
 7.9855293e-001
 7.9763108e-001
 7.9668164e-001
 7.9573548e-001
 7.9482394e-001
 7.9397601e-001
 7.9321682e-001
 7.9256517e-001
 7.9203016e-001
 7.9161084e-001
 7.9129750e-001
 7.9107326e-001
 7.9091740e-001
 7.9080731e-001
 7.9072011e-001
 7.9063386e-001
 7.9052889e-001
 7.9038972e-001
 7.9020625e-001
 7.8997445e-001
 7.8969592e-001
 7.8937614e-001
 7.8902304e-001
 7.8864563e-001
 7.8825283e-001
 7.8785259e-001
 7.8744990e-001
 7.8704596e-001
 7.8663570e-001
 7.8620768e-001
 7.8574473e-001
 7.8522515e-001
 7.8462470e-001
 7.8391856e-001
 7.8308219e-001
 7.8209364e-001
 7.8093636e-001
 7.7960372e-001
 7.7810091e-001
 7.7644682e-001
 7.7467418e-001
 7.7282357e-001
 7.7094126e-001
 7.6907694e-001
 7.6727915e-001
 7.6559424e-001
 7.6406258e-001
 7.6271611e-001
 7.6157242e-001
 7.6063496e-001
 7.5989485e-001
 7.5933278e-001
 7.5892401e-001
 7.5864130e-001
 7.5845665e-001
 7.5834340e-001
 7.5827801e-001
 7.5824213e-001
 7.5822461e-001
 7.5822234e-001
 7.5823933e-001
 7.5828493e-001
 7.5837159e-001
 7.5851315e-001
 7.5872368e-001
 7.5901604e-001
 7.5940049e-001
 7.5988317e-001
 7.6046401e-001
 7.6113683e-001
 7.6188898e-001
 7.6270390e-001
 7.6356244e-001
 7.6444376e-001
 7.6532733e-001
 7.6619297e-001
 7.6702130e-001
 7.6779562e-001
 7.6850212e-001
 7.6912975e-001
 7.6967078e-001
 7.7011967e-001
 7.7047199e-001
 7.7072406e-001
 7.7087253e-001
 7.7091479e-001
 7.7084875e-001
 7.7067381e-001
 7.7039105e-001
 7.7000368e-001
 7.6951659e-001
 7.6893592e-001
 7.6826853e-001
 7.6752210e-001
 7.6670396e-001
 7.6582134e-001
 7.6488161e-001
 7.6389134e-001
 7.6285613e-001
 7.6178187e-001
 7.6067287e-001
 7.5953329e-001
 7.5836664e-001
 7.5717735e-001
 7.5596881e-001
 7.5474453e-001
 7.5350922e-001
 7.5226718e-001
 7.5102311e-001
 7.4978340e-001
 7.4855411e-001
 7.4734175e-001
 7.4615377e-001
 7.4499702e-001
 7.4387807e-001
 7.4280232e-001
 7.4177402e-001
 7.4079323e-001
 7.3985553e-001
 7.3895234e-001
 7.3806965e-001
 7.3719031e-001
 7.3629582e-001
 7.3536617e-001
 7.3438162e-001
 7.3332310e-001
 7.3217469e-001
 7.3092335e-001
 7.2956097e-001
 7.2808623e-001
 7.2650176e-001
 7.2481400e-001
 7.2303277e-001
 7.2116768e-001
 7.1922857e-001
 7.1722609e-001
 7.1516836e-001
 7.1306187e-001
 7.1090984e-001
 7.0871371e-001
 7.0647085e-001
 7.0417625e-001
 7.0182550e-001
 6.9941187e-001
 6.9692880e-001
 6.9437182e-001
 6.9173610e-001
 6.8901956e-001
 6.8622243e-001
 6.8335009e-001
 6.8040884e-001
 6.7740726e-001
 6.7435724e-001
 6.7126912e-001
 6.6815364e-001
 6.6502362e-001
 6.6188967e-001
 6.5876222e-001
 6.5565366e-001
 6.5257400e-001
 6.4953381e-001
 6.4654261e-001
 6.4361209e-001
 6.4075154e-001
 6.3796997e-001
 6.3527763e-001
 6.3268089e-001
 6.3018340e-001
 6.2778676e-001
 6.2548643e-001
 6.2327451e-001
 6.2113982e-001
 6.1907101e-001
 6.1705422e-001
 6.1507541e-001
 6.1312169e-001
 6.1117864e-001
 6.0923165e-001
 6.0726738e-001
 6.0527068e-001
 6.0322624e-001
 6.0112000e-001
 5.9893650e-001
 5.9666085e-001
 5.9427875e-001
 5.9177989e-001
 5.8915710e-001
 5.8641130e-001
 5.8355629e-001
 5.8061624e-001
 5.7762611e-001
 5.7463109e-001
 5.7167906e-001
 5.6882036e-001
 5.6610417e-001
 5.6357771e-001
 5.6127805e-001
 5.5922872e-001
 5.5743605e-001
 5.5588400e-001
 5.5453819e-001
 5.5335140e-001
 5.5226725e-001
 5.5122590e-001
 5.5016816e-001
 5.4903734e-001
 5.4778486e-001
 5.4637468e-001
 5.4478967e-001
 5.4303122e-001
 5.4111826e-001
 5.3908426e-001
 5.3696907e-001
 5.3481597e-001
 5.3267068e-001
 5.3057563e-001
 5.2856970e-001
 5.2668428e-001
 5.2494246e-001
 5.2335519e-001
 5.2192408e-001
 5.2064466e-001
 5.1950717e-001
 5.1850015e-001
 5.1761264e-001
 5.1683438e-001
 5.1615888e-001
 5.1558524e-001
 5.1512092e-001
 5.1478165e-001
 5.1459128e-001
 5.1457942e-001
 5.1477915e-001
 5.1522511e-001
 5.1595163e-001
 5.1699156e-001
 5.1837432e-001
 5.2012199e-001
 5.2224874e-001
 5.2475893e-001
 5.2764893e-001
 5.3090662e-001
 5.3451794e-001
 5.3846741e-001
 5.4273570e-001
 5.4730541e-001
 5.5215847e-001
 5.5727160e-001
 5.6262285e-001
 5.6818664e-001
 5.7393652e-001
 5.7984018e-001
 5.8586824e-001
 5.9199119e-001
 5.9817487e-001
 6.0439020e-001
 6.1060947e-001
 6.1680305e-001
 6.2294888e-001
 6.2902880e-001
 6.3502359e-001
 6.4092124e-001
 6.4670944e-001
 6.5237802e-001
 6.5791291e-001
 6.6330397e-001
 6.6854006e-001
 6.7360497e-001
 6.7848450e-001
 6.8316209e-001
 6.8761635e-001
 6.9182760e-001
 6.9577426e-001
 6.9943553e-001
 7.0278835e-001
 7.0581281e-001
 7.0848954e-001
 7.1079814e-001
 7.1266431e-001
 7.1379036e-001
 7.1489233e-001
 7.1566188e-001
 7.1613514e-001
 7.1634817e-001
 7.1633697e-001
 7.1613741e-001
 7.1578538e-001
 7.1531695e-001
 7.1476811e-001
 7.1417242e-001
 7.1354377e-001
 7.1288496e-001
 7.1219826e-001
 7.1148622e-001
 7.1075165e-001
 7.0999694e-001
 7.0922458e-001
 7.0843720e-001
 7.0763749e-001
 7.0682782e-001
 7.0601094e-001
 7.0518893e-001
 7.0436507e-001
 7.0354080e-001
 7.0271176e-001
 7.0187038e-001
 7.0100856e-001
 7.0011896e-001
 6.9919384e-001
 6.9822520e-001
 6.9720525e-001
 6.9612664e-001
 6.9498128e-001
 6.9376171e-001
 6.9245952e-001
 6.9106787e-001
 6.8957859e-001
 6.8798399e-001
 6.8627626e-001
 6.8444717e-001
 6.8248999e-001
 6.8039745e-001
 6.7817152e-001
 6.7581779e-001
 6.7334414e-001
 6.7075634e-001
 6.6806096e-001
 6.6526365e-001
 6.6237229e-001
 6.5939265e-001
 6.5633130e-001
 6.5319455e-001
 6.4998823e-001
 6.4672017e-001
 6.4339632e-001
 6.4002293e-001
 6.3660574e-001
 6.3315278e-001
 6.2966985e-001
 6.2616318e-001
 6.2263870e-001
 6.1910427e-001
 6.1556566e-001
 6.1202890e-001
 6.0849607e-001
 6.0496986e-001
 6.0145068e-001
 5.9793967e-001
 5.9443790e-001
 5.9094566e-001
 5.8746588e-001
 5.8399886e-001
 5.8054554e-001
 5.7710648e-001
 5.7368428e-001
 5.7027942e-001
 5.6689292e-001
 5.6352520e-001
 5.6017894e-001
 5.5685461e-001
 5.5355316e-001
 5.5027580e-001
 5.4702300e-001
 5.4379731e-001
 5.4059923e-001
 5.3742969e-001
 5.3428936e-001
 5.3118062e-001
 5.2810413e-001
 5.2506059e-001
 5.2204919e-001
 5.1907027e-001
 5.1612222e-001
 5.1320404e-001
 5.1031482e-001
 5.0745285e-001
 5.0461847e-001
 5.0181025e-001
 4.9902704e-001
 4.9626723e-001
 4.9353126e-001
 4.9081749e-001
 4.8812488e-001
 4.8545194e-001
 4.8279887e-001
 4.8016414e-001
 4.7754678e-001
 4.7494516e-001
 4.7235966e-001
 4.6978855e-001
 4.6723098e-001
 4.6468592e-001
 4.6215186e-001
 4.5962903e-001
 4.5711583e-001
 4.5461130e-001
 4.5211390e-001
 4.4962388e-001
 4.4713965e-001
 4.4466102e-001
 4.4219354e-001
 4.3974727e-001
 4.3733075e-001
