s07_ASD Record=13798: Mordenite+Clinopt. GDS151     BECKa AREF
 3.2436687e-001
 3.2522148e-001
 3.2605937e-001
 3.2687944e-001
 3.2768556e-001
 3.2848689e-001
 3.2929552e-001
 3.3012256e-001
 3.3097562e-001
 3.3185732e-001
 3.3276671e-001
 3.3370101e-001
 3.3465779e-001
 3.3563656e-001
 3.3663994e-001
 3.3767503e-001
 3.3875301e-001
 3.3988896e-001
 3.4110031e-001
 3.4240586e-001
 3.4382328e-001
 3.4536695e-001
 3.4704632e-001
 3.4886605e-001
 3.5082814e-001
 3.5293263e-001
 3.5517594e-001
 3.5754892e-001
 3.6003712e-001
 3.6262473e-001
 3.6529499e-001
 3.6803219e-001
 3.7082258e-001
 3.7365457e-001
 3.7651610e-001
 3.7939391e-001
 3.8227621e-001
 3.8515282e-001
 3.8801584e-001
 3.9085898e-001
 3.9367768e-001
 3.9646772e-001
 3.9922467e-001
 4.0194479e-001
 4.0462577e-001
 4.0726927e-001
 4.0988088e-001
 4.1246879e-001
 4.1503921e-001
 4.1759175e-001
 4.2011690e-001
 4.2259794e-001
 4.2501888e-001
 4.2737257e-001
 4.2966688e-001
 4.3192372e-001
 4.3417549e-001
 4.3645352e-001
 4.3877766e-001
 4.4115990e-001
 4.4358218e-001
 4.4600856e-001
 4.4842467e-001
 4.5082134e-001
 4.5319754e-001
 4.5557123e-001
 4.5796102e-001
 4.6037591e-001
 4.6281895e-001
 4.6528956e-001
 4.6778747e-001
 4.7031558e-001
 4.7288099e-001
 4.7549558e-001
 4.7817397e-001
 4.8093170e-001
 4.8378038e-001
 4.8672411e-001
 4.8975652e-001
 4.9286118e-001
 4.9601603e-001
 4.9919882e-001
 5.0239253e-001
 5.0558549e-001
 5.0876915e-001
 5.1193392e-001
 5.1506698e-001
 5.1815552e-001
 5.2118903e-001
 5.2416080e-001
 5.2706337e-001
 5.2988398e-001
 5.3260279e-001
 5.3519887e-001
 5.3766018e-001
 5.3999150e-001
 5.4221576e-001
 5.4436320e-001
 5.4645365e-001
 5.4848218e-001
 5.5042213e-001
 5.5224293e-001
 5.5392915e-001
 5.5548781e-001
 5.5694115e-001
 5.5830777e-001
 5.5958706e-001
 5.6076282e-001
 5.6182253e-001
 5.6277543e-001
 5.6365335e-001
 5.6449592e-001
 5.6533170e-001
 5.6617016e-001
 5.6700689e-001
 5.6783575e-001
 5.6865644e-001
 5.6947237e-001
 5.7028234e-001
 5.7107598e-001
 5.7184130e-001
 5.7257980e-001
 5.7331669e-001
 5.7409352e-001
 5.7494712e-001
 5.7589012e-001
 5.7691014e-001
 5.7798731e-001
 5.7911527e-001
 5.8030570e-001
 5.8157128e-001
 5.8290482e-001
 5.8427501e-001
 5.8564985e-001
 5.8702862e-001
 5.8845192e-001
 5.8997285e-001
 5.9161127e-001
 5.9333146e-001
 5.9506661e-001
 5.9676844e-001
 5.9843642e-001
 6.0010523e-001
 6.0180885e-001
 6.0356098e-001
 6.0536146e-001
 6.0721099e-001
 6.0911673e-001
 6.1108822e-001
 6.1313194e-001
 6.1524481e-001
 6.1740845e-001
 6.1959094e-001
 6.2176150e-001
 6.2390590e-001
 6.2603003e-001
 6.2814492e-001
 6.3025576e-001
 6.3236749e-001
 6.3450021e-001
 6.3668734e-001
 6.3895553e-001
 6.4130777e-001
 6.4372671e-001
 6.4618897e-001
 6.4866579e-001
 6.5111351e-001
 6.5348053e-001
 6.5573919e-001
 6.5790921e-001
 6.6003722e-001
 6.6215992e-001
 6.6429842e-001
 6.6647917e-001
 6.6873389e-001
 6.7107373e-001
 6.7347932e-001
 6.7591608e-001
 6.7834872e-001
 6.8074352e-001
 6.8307662e-001
 6.8534660e-001
 6.8756574e-001
 6.8974197e-001
 6.9187635e-001
 6.9397402e-001
 6.9604003e-001
 6.9807035e-001
 7.0006424e-001
 7.0204449e-001
 7.0404702e-001
 7.0609039e-001
 7.0816696e-001
 7.1024477e-001
 7.1225381e-001
 7.1409553e-001
 7.1572280e-001
 7.1721989e-001
 7.1876287e-001
 7.2047764e-001
 7.2234428e-001
 7.2423977e-001
 7.2605258e-001
 7.2774792e-001
 7.2934198e-001
 7.3085380e-001
 7.3230547e-001
 7.3373687e-001
 7.3517209e-001
 7.3657453e-001
 7.3787808e-001
 7.3906904e-001
 7.4020749e-001
 7.4136412e-001
 7.4255592e-001
 7.4374366e-001
 7.4487382e-001
 7.4592590e-001
 7.4693781e-001
 7.4798119e-001
 7.4909115e-001
 7.5021726e-001
 7.5126362e-001
 7.5217879e-001
 7.5299489e-001
 7.5378567e-001
 7.5460523e-001
 7.5545728e-001
 7.5630212e-001
 7.5709516e-001
 7.5783426e-001
 7.5856316e-001
 7.5930876e-001
 7.6003724e-001
 7.6071179e-001
 7.6137340e-001
 7.6210737e-001
 7.6293546e-001
 7.6378947e-001
 7.6458240e-001
 7.6526570e-001
 7.6583648e-001
 7.6634085e-001
 7.6685852e-001
 7.6742792e-001
 7.6799083e-001
 7.6846415e-001
 7.6886135e-001
 7.6929128e-001
 7.6982236e-001
 7.7039361e-001
 7.7089202e-001
 7.7129561e-001
 7.7169985e-001
 7.7218682e-001
 7.7269953e-001
 7.7311683e-001
 7.7343619e-001
 7.7379668e-001
 7.7429360e-001
 7.7484459e-001
 7.7529085e-001
 7.7559042e-001
 7.7585530e-001
 7.7619117e-001
 7.7655584e-001
 7.7684075e-001
 7.7705115e-001
 7.7728939e-001
 7.7759171e-001
 7.7791387e-001
 7.7825528e-001
 7.7867728e-001
 7.7919441e-001
 7.7972311e-001
 7.8016096e-001
 7.8048164e-001
 7.8074652e-001
 7.8103983e-001
 7.8137803e-001
 7.8169483e-001
 7.8194076e-001
 7.8217107e-001
 7.8247458e-001
 7.8285378e-001
 7.8323942e-001
 7.8358299e-001
 7.8390288e-001
 7.8425699e-001
 7.8468245e-001
 7.8515983e-001
 7.8562140e-001
 7.8598452e-001
 7.8619283e-001
 7.8626412e-001
 7.8631115e-001
 7.8647906e-001
 7.8683013e-001
 7.8730518e-001
 7.8780431e-001
 7.8827381e-001
 7.8871149e-001
 7.8912085e-001
 7.8948355e-001
 7.8978211e-001
 7.9004449e-001
 7.9034406e-001
 7.9074854e-001
 7.9128617e-001
 7.9194838e-001
 7.9266828e-001
 7.9330242e-001
 7.9373336e-001
 7.9402405e-001
 7.9435295e-001
 7.9474902e-001
 7.9505551e-001
 7.9520231e-001
 7.9534316e-001
 7.9568112e-001
 7.9622000e-001
 7.9679596e-001
 7.9728144e-001
 7.9766273e-001
 7.9797906e-001
 7.9826468e-001
 7.9853612e-001
 7.9880369e-001
 7.9908025e-001
 7.9938024e-001
 7.9971004e-001
 8.0006248e-001
 8.0042273e-001
 8.0078435e-001
 8.0115914e-001
 8.0157119e-001
 8.0203772e-001
 8.0255526e-001
 8.0310035e-001
 8.0363858e-001
 8.0413383e-001
 8.0455655e-001
 8.0489635e-001
 8.0517030e-001
 8.0541939e-001
 8.0569720e-001
 8.0605489e-001
 8.0651814e-001
 8.0705255e-001
 8.0755192e-001
 8.0789298e-001
 8.0804211e-001
 8.0811095e-001
 8.0825639e-001
 8.0848843e-001
 8.0875468e-001
 8.0908513e-001
 8.0952758e-001
 8.1005031e-001
 8.1059492e-001
 8.1116265e-001
 8.1178468e-001
 8.1243622e-001
 8.1299865e-001
 8.1332964e-001
 8.1342620e-001
 8.1346327e-001
 8.1357270e-001
 8.1369650e-001
 8.1378919e-001
 8.1398565e-001
 8.1439096e-001
 8.1488889e-001
 8.1534505e-001
 8.1580776e-001
 8.1632537e-001
 8.1678307e-001
 8.1712675e-001
 8.1750900e-001
 8.1796515e-001
 8.1823015e-001
 8.1819892e-001
 8.1825054e-001
 8.1874561e-001
 8.1949681e-001
 8.2003713e-001
 8.2015717e-001
 8.2001793e-001
 8.1992596e-001
 8.2006556e-001
 8.2038051e-001
 8.2068115e-001
 8.2083911e-001
 8.2089674e-001
 8.2102269e-001
 8.2133061e-001
 8.2175630e-001
 8.2218200e-001
 8.2254535e-001
 8.2285899e-001
 8.2315207e-001
 8.2341486e-001
 8.2365626e-001
 8.2392937e-001
 8.2428032e-001
 8.2470667e-001
 8.2516426e-001
 8.2560259e-001
 8.2599664e-001
 8.2634825e-001
 8.2665646e-001
 8.2688689e-001
 8.2697517e-001
 8.2688153e-001
 8.2666451e-001
 8.2647657e-001
 8.2646465e-001
 8.2666898e-001
 8.2702184e-001
 8.2742333e-001
 8.2778609e-001
 8.2804298e-001
 8.2815808e-001
 8.2816452e-001
 8.2815093e-001
 8.2819301e-001
 8.2830518e-001
 8.2843363e-001
 8.2849050e-001
 8.2845712e-001
 8.2842451e-001
 8.2852411e-001
 8.2885414e-001
 8.2934427e-001
 8.2985598e-001
 8.3025092e-001
 8.3041137e-001
 8.3035725e-001
 8.3016390e-001
 8.2990688e-001
 8.2965815e-001
 8.2946634e-001
 8.2937074e-001
 8.2941049e-001
 8.2961482e-001
 8.2994765e-001
 8.3034593e-001
 8.3074689e-001
 8.3109552e-001
 8.3138984e-001
 8.3169085e-001
 8.3193511e-001
 8.3218622e-001
 8.3244044e-001
 8.3267105e-001
 8.3285075e-001
 8.3295178e-001
 8.3294791e-001
 8.3283800e-001
 8.3264571e-001
 8.3239597e-001
 8.3211356e-001
 8.3182371e-001
 8.3155501e-001
 8.3133978e-001
 8.3121073e-001
 8.3120006e-001
 8.3133847e-001
 8.3160895e-001
 8.3194858e-001
 8.3229226e-001
 8.3257502e-001
 8.3273196e-001
 8.3271891e-001
 8.3257270e-001
 8.3234978e-001
 8.3210683e-001
 8.3190000e-001
 8.3178622e-001
 8.3180594e-001
 8.3193970e-001
 8.3215344e-001
 8.3241290e-001
 8.3268386e-001
 8.3293247e-001
 8.3312440e-001
 8.3323258e-001
 8.3325565e-001
 8.3319890e-001
 8.3306736e-001
 8.3286595e-001
 8.3260024e-001
 8.3227491e-001
 8.3189535e-001
 8.3147061e-001
 8.3102542e-001
 8.3058810e-001
 8.3018696e-001
 8.2985014e-001
 8.2960635e-001
 8.2948357e-001
 8.2951021e-001
 8.2970208e-001
 8.3002853e-001
 8.3044779e-001
 8.3091837e-001
 8.3139861e-001
 8.3184677e-001
 8.3222133e-001
 8.3248085e-001
 8.3259439e-001
 8.3257234e-001
 8.3243376e-001
 8.3219826e-001
 8.3188522e-001
 8.3151394e-001
 8.3110398e-001
 8.3067459e-001
 8.3024520e-001
 8.2983530e-001
 8.2946414e-001
 8.2915127e-001
 8.2891113e-001
 8.2874101e-001
 8.2863414e-001
 8.2858372e-001
 8.2858282e-001
 8.2862502e-001
 8.2870317e-001
 8.2881063e-001
 8.2894075e-001
 8.2908654e-001
 8.2924145e-001
 8.2939851e-001
 8.2955223e-001
 8.2970136e-001
 8.2984537e-001
 8.2998425e-001
 8.3011746e-001
 8.3024472e-001
 8.3036566e-001
 8.3048004e-001
 8.3058745e-001
 8.3068758e-001
 8.3078015e-001
 8.3086330e-001
 8.3093047e-001
 8.3097368e-001
 8.3098531e-001
 8.3095729e-001
 8.3088213e-001
 8.3075166e-001
 8.3055842e-001
 8.3029437e-001
 8.2995176e-001
 8.2952946e-001
 8.2904947e-001
 8.2853872e-001
 8.2802427e-001
 8.2753301e-001
 8.2709211e-001
 8.2672840e-001
 8.2646900e-001
 8.2634079e-001
 8.2637078e-001
 8.2657367e-001
 8.2692170e-001
 8.2737815e-001
 8.2790613e-001
 8.2846910e-001
 8.2903004e-001
 8.2955235e-001
 8.2999933e-001
 8.3033419e-001
 8.3052027e-001
 8.3053386e-001
 8.3039671e-001
 8.3013970e-001
 8.2979381e-001
 8.2939011e-001
 8.2895935e-001
 8.2853276e-001
 8.2814103e-001
 8.2781541e-001
 8.2757586e-001
 8.2740599e-001
 8.2728237e-001
 8.2718104e-001
 8.2707840e-001
 8.2695061e-001
 8.2677400e-001
 8.2652485e-001
 8.2618809e-001
 8.2577723e-001
 8.2531196e-001
 8.2481170e-001
 8.2429594e-001
 8.2378423e-001
 8.2329613e-001
 8.2285118e-001
 8.2246310e-001
 8.2212794e-001
 8.2183760e-001
 8.2158440e-001
 8.2136029e-001
 8.2115752e-001
 8.2096809e-001
 8.2078421e-001
 8.2060003e-001
 8.2041627e-001
 8.2023519e-001
 8.2007188e-001
 8.1990469e-001
 8.1974608e-001
 8.1959987e-001
 8.1947112e-001
 8.1936711e-001
 8.1929684e-001
 8.1926990e-001
 8.1929624e-001
 8.1938475e-001
 8.1954139e-001
 8.1976771e-001
 8.2006228e-001
 8.2042217e-001
 8.2084292e-001
 8.2131577e-001
 8.2182419e-001
 8.2234257e-001
 8.2283843e-001
 8.2327670e-001
 8.2362515e-001
 8.2386196e-001
 8.2398415e-001
 8.2401049e-001
 8.2397670e-001
 8.2392681e-001
 8.2390440e-001
 8.2394522e-001
 8.2407105e-001
 8.2428735e-001
 8.2458681e-001
 8.2495463e-001
 8.2537341e-001
 8.2582575e-001
 8.2629579e-001
 8.2676965e-001
 8.2723504e-001
 8.2768053e-001
 8.2809466e-001
 8.2846510e-001
 8.2829481e-001
 8.2848072e-001
 8.2861149e-001
 8.2868886e-001
 8.2871908e-001
 8.2871264e-001
 8.2868415e-001
 8.2865083e-001
 8.2863098e-001
 8.2864201e-001
 8.2869762e-001
 8.2880551e-001
 8.2896614e-001
 8.2917273e-001
 8.2941347e-001
 8.2967466e-001
 8.2994342e-001
 8.3021027e-001
 8.3047014e-001
 8.3072239e-001
 8.3096999e-001
 8.3121759e-001
 8.3147013e-001
 8.3173132e-001
 8.3200264e-001
 8.3228290e-001
 8.3256781e-001
 8.3285034e-001
 8.3312154e-001
 8.3337182e-001
 8.3359271e-001
 8.3377761e-001
 8.3392280e-001
 8.3402747e-001
 8.3409387e-001
 8.3412683e-001
 8.3413363e-001
 8.3412302e-001
 8.3410478e-001
 8.3408880e-001
 8.3408451e-001
 8.3410001e-001
 8.3414143e-001
 8.3421260e-001
 8.3431470e-001
 8.3444667e-001
 8.3460480e-001
 8.3478391e-001
 8.3497757e-001
 8.3517861e-001
 8.3538032e-001
 8.3557630e-001
 8.3576113e-001
 8.3593065e-001
 8.3608186e-001
 8.3621317e-001
 8.3632392e-001
 8.3641464e-001
 8.3648694e-001
 8.3654344e-001
 8.3658773e-001
 8.3662415e-001
 8.3665758e-001
 8.3669323e-001
 8.3673555e-001
 8.3678794e-001
 8.3685184e-001
 8.3692658e-001
 8.3700913e-001
 8.3709455e-001
 8.3717716e-001
 8.3725154e-001
 8.3731395e-001
 8.3736312e-001
 8.3740103e-001
 8.3743232e-001
 8.3746374e-001
 8.3750272e-001
 8.3755583e-001
 8.3762747e-001
 8.3771908e-001
 8.3782923e-001
 8.3795339e-001
 8.3808547e-001
 8.3821881e-001
 8.3834720e-001
 8.3846611e-001
 8.3857280e-001
 8.3866686e-001
 8.3874935e-001
 8.3882231e-001
 8.3888775e-001
 8.3894676e-001
 8.3899909e-001
 8.3904272e-001
 8.3907425e-001
 8.3908951e-001
 8.3908439e-001
 8.3905607e-001
 8.3900380e-001
 8.3892971e-001
 8.3883893e-001
 8.3873940e-001
 8.3864093e-001
 8.3855408e-001
 8.3848888e-001
 8.3845311e-001
 8.3845162e-001
 8.3848494e-001
 8.3854973e-001
 8.3863866e-001
 8.3874160e-001
 8.3884686e-001
 8.3894265e-001
 8.3901829e-001
 8.3906555e-001
 8.3907914e-001
 8.3905709e-001
 8.3900058e-001
 8.3891338e-001
 8.3880156e-001
 8.3867222e-001
 8.3853275e-001
 8.3838987e-001
 8.3824873e-001
 8.3811218e-001
 8.3798003e-001
 8.3784890e-001
 8.3771229e-001
 8.3756119e-001
 8.3738500e-001
 8.3717263e-001
 8.3691365e-001
 8.3659917e-001
 8.3622235e-001
 8.3577847e-001
 8.3526444e-001
 8.3467811e-001
 8.3401769e-001
 8.3328134e-001
 8.3246690e-001
 8.3157301e-001
 8.3059943e-001
 8.2954913e-001
 8.2842922e-001
 8.2725161e-001
 8.2603455e-001
 8.2480121e-001
 8.2357985e-001
 8.2240182e-001
 8.2129908e-001
 8.2030243e-001
 8.1943840e-001
 8.1872785e-001
 8.1818414e-001
 8.1781226e-001
 8.1760931e-001
 8.1756514e-001
 8.1766450e-001
 8.1788844e-001
 8.1821716e-001
 8.1863159e-001
 8.1911486e-001
 8.1965309e-001
 8.2023513e-001
 8.2085216e-001
 8.2149601e-001
 8.2215863e-001
 8.2283127e-001
 8.2350409e-001
 8.2416743e-001
 8.2481241e-001
 8.2543260e-001
 8.2602525e-001
 8.2659090e-001
 8.2713354e-001
 8.2765871e-001
 8.2817167e-001
 8.2867610e-001
 8.2917225e-001
 8.2965708e-001
 8.3012450e-001
 8.3056700e-001
 8.3097738e-001
 8.3134973e-001
 8.3168119e-001
 8.3197123e-001
 8.3222181e-001
 8.3243632e-001
 8.3261847e-001
 8.3277178e-001
 8.3289903e-001
 8.3300251e-001
 8.3308452e-001
 8.3314776e-001
 8.3319581e-001
 8.3323336e-001
 8.3326602e-001
 8.3330005e-001
 8.3334184e-001
 8.3339739e-001
 8.3347207e-001
 8.3357030e-001
 8.3369535e-001
 8.3384925e-001
 8.3403271e-001
 8.3424491e-001
 8.3448339e-001
 8.3474404e-001
 8.3502078e-001
 8.3530617e-001
 8.3559173e-001
 8.3586842e-001
 8.3612764e-001
 8.3636254e-001
 8.3656836e-001
 8.3674347e-001
 8.3688974e-001
 8.3701193e-001
 8.3711731e-001
 8.3721441e-001
 8.3731115e-001
 8.3741391e-001
 8.3752590e-001
 8.3764660e-001
 8.3777195e-001
 8.3789486e-001
 8.3800691e-001
 8.3809966e-001
 8.3816665e-001
 8.3820468e-001
 8.3821493e-001
 8.3820283e-001
 8.3817792e-001
 8.3815217e-001
 8.3813888e-001
 8.3815020e-001
 8.3819592e-001
 8.3828151e-001
 8.3840752e-001
 8.3856946e-001
 8.3875829e-001
 8.3896160e-001
 8.3916551e-001
 8.3935630e-001
 8.3952248e-001
 8.3965594e-001
 8.3975303e-001
 8.3981508e-001
 8.3984756e-001
 8.3985949e-001
 8.3986169e-001
 8.3986551e-001
 8.3988070e-001
 8.3991456e-001
 8.3997071e-001
 8.4004891e-001
 8.4014499e-001
 8.4025198e-001
 8.4036088e-001
 8.4046179e-001
 8.4054565e-001
 8.4060514e-001
 8.4063548e-001
 8.4063500e-001
 8.4060544e-001
 8.4055132e-001
 8.4047937e-001
 8.4039783e-001
 8.4031487e-001
 8.4023780e-001
 8.4017193e-001
 8.4011990e-001
 8.4008116e-001
 8.4005201e-001
 8.4002608e-001
 8.3999509e-001
 8.3994997e-001
 8.3988214e-001
 8.3978468e-001
 8.3965349e-001
 8.3948797e-001
 8.3929127e-001
 8.3907002e-001
 8.3883387e-001
 8.3859384e-001
 8.3836144e-001
 8.3814687e-001
 8.3795804e-001
 8.3779943e-001
 8.3767170e-001
 8.3757180e-001
 8.3749342e-001
 8.3742803e-001
 8.3736569e-001
 8.3729625e-001
 8.3721042e-001
 8.3710033e-001
 8.3695990e-001
 8.3678538e-001
 8.3657461e-001
 8.3632743e-001
 8.3604491e-001
 8.3572912e-001
 8.3538312e-001
 8.3501011e-001
 8.3461398e-001
 8.3419865e-001
 8.3376771e-001
 8.3332431e-001
 8.3287048e-001
 8.3240682e-001
 8.3193207e-001
 8.3144295e-001
 8.3093435e-001
 8.3040005e-001
 8.2983315e-001
 8.2922751e-001
 8.2857811e-001
 8.2788229e-001
 8.2713997e-001
 8.2635337e-001
 8.2552719e-001
 8.2466769e-001
 8.2378238e-001
 8.2287943e-001
 8.2196659e-001
 8.2105130e-001
 8.2013988e-001
 8.1923711e-001
 8.1834608e-001
 8.1746721e-001
 8.1659895e-001
 8.1573701e-001
 8.1487578e-001
 8.1400871e-001
 8.1312913e-001
 8.1223220e-001
 8.1131536e-001
 8.1037867e-001
 8.0942559e-001
 8.0846155e-001
 8.0749363e-001
 8.0652946e-001
 8.0557537e-001
 8.0463666e-001
 8.0371583e-001
 8.0281389e-001
 8.0192965e-001
 8.0106044e-001
 8.0020297e-001
 7.9935330e-001
 7.9850763e-001
 7.9766226e-001
 7.9681325e-001
 7.9595733e-001
 7.9509044e-001
 7.9420900e-001
 7.9330909e-001
 7.9238641e-001
 7.9143709e-001
 7.9045683e-001
 7.8944200e-001
 7.8838897e-001
 7.8729427e-001
 7.8615487e-001
 7.8496808e-001
 7.8373110e-001
 7.8244203e-001
 7.8109884e-001
 7.7970046e-001
 7.7824640e-001
 7.7673572e-001
 7.7516770e-001
 7.7353936e-001
 7.7184570e-001
 7.7007806e-001
 7.6822263e-001
 7.6626199e-001
 7.6417398e-001
 7.6193506e-001
 7.5952184e-001
 7.5691253e-001
 7.5409108e-001
 7.5104624e-001
 7.4777389e-001
 7.4427521e-001
 7.4055368e-001
 7.3661494e-001
 7.3246354e-001
 7.2809952e-001
 7.2352117e-001
 7.1872121e-001
 7.1369243e-001
 7.0842844e-001
 7.0292538e-001
 6.9718975e-001
 6.9123620e-001
 6.8509495e-001
 6.7881107e-001
 6.7244184e-001
 6.6606075e-001
 6.5974790e-001
 6.5359157e-001
 6.4768046e-001
 6.4209658e-001
 6.3691485e-001
 6.3219392e-001
 6.2797761e-001
 6.2429184e-001
 6.2114394e-001
 6.1852783e-001
 6.1642402e-001
 6.1480564e-001
 6.1364102e-001
 6.1289674e-001
 6.1254054e-001
 6.1254227e-001
 6.1287433e-001
 6.1351162e-001
 6.1443084e-001
 6.1560941e-001
 6.1702478e-001
 6.1865491e-001
 6.2047642e-001
 6.2246686e-001
 6.2460339e-001
 6.2686396e-001
 6.2922883e-001
 6.3167900e-001
 6.3419873e-001
 6.3677347e-001
 6.3939077e-001
 6.4204109e-001
 6.4471501e-001
 6.4740598e-001
 6.5010720e-001
 6.5281218e-001
 6.5551502e-001
 6.5820730e-001
 6.6087812e-001
 6.6351396e-001
 6.6609573e-001
 6.6860127e-001
 6.7100382e-001
 6.7327452e-001
 6.7538530e-001
 6.7730939e-001
 6.7902595e-001
 6.8051994e-001
 6.8178463e-001
 6.8282199e-001
 6.8364173e-001
 6.8426132e-001
 6.8470460e-001
 6.8500084e-001
 6.8518418e-001
 6.8529236e-001
 6.8536586e-001
 6.8544662e-001
 6.8557656e-001
 6.8579531e-001
 6.8613839e-001
 6.8663508e-001
 6.8730700e-001
 6.8816668e-001
 6.8921810e-001
 6.9045657e-001
 6.9186997e-001
 6.9344133e-001
 6.9514900e-001
 6.9697028e-001
 6.9888169e-001
 7.0086056e-001
 7.0288724e-001
 7.0494378e-001
 7.0701635e-001
 7.0909333e-001
 7.1116585e-001
 7.1322757e-001
 7.1527261e-001
 7.1729630e-001
 7.1929330e-001
 7.2125781e-001
 7.2318423e-001
 7.2506636e-001
 7.2689974e-001
 7.2868067e-001
 7.3040777e-001
 7.3208237e-001
 7.3370701e-001
 7.3528540e-001
 7.3682177e-001
 7.3831844e-001
 7.3977667e-001
 7.4119484e-001
 7.4256951e-001
 7.4389631e-001
 7.4517012e-001
 7.4638742e-001
 7.4754620e-001
 7.4864709e-001
 7.4969423e-001
 7.5069380e-001
 7.5165474e-001
 7.5258684e-001
 7.5350040e-001
 7.5440538e-001
 7.5531000e-001
 7.5622123e-001
 7.5714362e-001
 7.5807935e-001
 7.5902903e-001
 7.5999093e-001
 7.6096117e-001
 7.6193470e-001
 7.6290387e-001
 7.6386011e-001
 7.6479322e-001
 7.6569289e-001
 7.6655018e-001
 7.6735729e-001
 7.6810944e-001
 7.6880455e-001
 7.6944309e-001
 7.7002853e-001
 7.7056718e-001
 7.7106768e-001
 7.7153999e-001
 7.7199388e-001
 7.7243817e-001
 7.7287930e-001
 7.7332133e-001
 7.7376556e-001
 7.7421188e-001
 7.7465916e-001
 7.7510631e-001
 7.7555317e-001
 7.7600014e-001
 7.7644873e-001
 7.7690089e-001
 7.7735901e-001
 7.7782500e-001
 7.7830046e-001
 7.7878553e-001
 7.7927929e-001
 7.7977949e-001
 7.8028244e-001
 7.8078431e-001
 7.8128093e-001
 7.8176916e-001
 7.8224689e-001
 7.8271377e-001
 7.8317118e-001
 7.8362101e-001
 7.8406584e-001
 7.8450733e-001
 7.8494591e-001
 7.8538078e-001
 7.8580910e-001
 7.8622669e-001
 7.8662807e-001
 7.8700757e-001
 7.8736055e-001
 7.8768408e-001
 7.8797793e-001
 7.8824514e-001
 7.8849113e-001
 7.8872317e-001
 7.8894866e-001
 7.8917396e-001
 7.8940302e-001
 7.8963691e-001
 7.8987449e-001
 7.9011303e-001
 7.9034960e-001
 7.9058242e-001
 7.9081142e-001
 7.9103893e-001
 7.9126954e-001
 7.9150945e-001
 7.9176599e-001
 7.9204607e-001
 7.9235512e-001
 7.9269606e-001
 7.9306829e-001
 7.9346800e-001
 7.9388797e-001
 7.9431862e-001
 7.9474896e-001
 7.9516745e-001
 7.9556352e-001
 7.9592800e-001
 7.9625398e-001
 7.9653758e-001
 7.9677755e-001
 7.9697603e-001
 7.9713786e-001
 7.9727066e-001
 7.9738384e-001
 7.9748821e-001
 7.9759479e-001
 7.9771364e-001
 7.9785264e-001
 7.9801679e-001
 7.9820716e-001
 7.9842108e-001
 7.9865241e-001
 7.9889250e-001
 7.9913175e-001
 7.9936129e-001
 7.9957455e-001
 7.9976845e-001
 7.9994392e-001
 8.0010593e-001
 8.0026215e-001
 8.0042201e-001
 8.0059427e-001
 8.0078554e-001
 8.0099887e-001
 8.0123287e-001
 8.0148184e-001
 8.0173683e-001
 8.0198699e-001
 8.0222189e-001
 8.0243313e-001
 8.0261612e-001
 8.0277103e-001
 8.0290264e-001
 8.0301964e-001
 8.0313325e-001
 8.0325508e-001
 8.0339539e-001
 8.0356121e-001
 8.0375558e-001
 8.0397701e-001
 8.0422002e-001
 8.0447614e-001
 8.0473548e-001
 8.0498797e-001
 8.0522525e-001
 8.0544108e-001
 8.0563211e-001
 8.0579770e-001
 8.0593938e-001
 8.0606002e-001
 8.0616301e-001
 8.0625141e-001
 8.0632740e-001
 8.0639213e-001
 8.0644590e-001
 8.0648822e-001
 8.0651879e-001
 8.0653775e-001
 8.0654621e-001
 8.0654651e-001
 8.0654192e-001
 8.0653608e-001
 8.0653262e-001
 8.0653399e-001
 8.0654132e-001
 8.0655360e-001
 8.0656791e-001
 8.0657905e-001
 8.0658013e-001
 8.0656326e-001
 8.0652052e-001
 8.0644518e-001
 8.0633289e-001
 8.0618274e-001
 8.0599779e-001
 8.0578500e-001
 8.0555451e-001
 8.0531865e-001
 8.0509061e-001
 8.0488241e-001
 8.0470431e-001
 8.0456328e-001
 8.0446285e-001
 8.0440366e-001
 8.0438334e-001
 8.0439752e-001
 8.0444008e-001
 8.0450380e-001
 8.0458051e-001
 8.0466163e-001
 8.0473822e-001
 8.0480152e-001
 8.0484337e-001
 8.0485666e-001
 8.0483598e-001
 8.0477786e-001
 8.0468112e-001
 8.0454707e-001
 8.0437893e-001
 8.0418158e-001
 8.0396080e-001
 8.0372244e-001
 8.0347157e-001
 8.0321199e-001
 8.0294567e-001
 8.0267245e-001
 8.0239034e-001
 8.0209565e-001
 8.0178374e-001
 8.0144960e-001
 8.0108827e-001
 8.0069596e-001
 8.0026960e-001
 7.9980797e-001
 7.9931122e-001
 7.9878050e-001
 7.9821831e-001
 7.9762781e-001
 7.9701215e-001
 7.9637504e-001
 7.9571962e-001
 7.9504901e-001
 7.9436612e-001
 7.9367357e-001
 7.9297429e-001
 7.9227102e-001
 7.9156739e-001
 7.9086739e-001
 7.9017556e-001
 7.8949726e-001
 7.8883779e-001
 7.8820264e-001
 7.8759634e-001
 7.8702188e-001
 7.8648037e-001
 7.8596991e-001
 7.8548592e-001
 7.8502065e-001
 7.8456378e-001
 7.8410333e-001
 7.8362662e-001
 7.8312194e-001
 7.8257948e-001
 7.8199255e-001
 7.8135848e-001
 7.8067887e-001
 7.7995890e-001
 7.7920723e-001
 7.7843422e-001
 7.7765107e-001
 7.7686816e-001
 7.7609396e-001
 7.7533436e-001
 7.7459192e-001
 7.7386653e-001
 7.7315533e-001
 7.7245355e-001
 7.7175570e-001
 7.7105588e-001
 7.7034944e-001
 7.6963276e-001
 7.6890373e-001
 7.6816225e-001
 7.6740921e-001
 7.6664710e-001
 7.6587892e-001
 7.6510769e-001
 7.6433671e-001
 7.6356888e-001
 7.6280648e-001
 7.6205206e-001
 7.6130772e-001
 7.6057643e-001
 7.5986224e-001
 7.5917053e-001
 7.5850892e-001
 7.5788683e-001
 7.5731564e-001
 7.5680804e-001
 7.5637656e-001
 7.5603223e-001
 7.5578207e-001
 7.5562763e-001
 7.5556302e-001
 7.5557357e-001
 7.5563639e-001
 7.5572264e-001
 7.5579983e-001
 7.5583476e-001
 7.5579661e-001
 7.5565928e-001
 7.5540334e-001
 7.5501651e-001
 7.5449437e-001
 7.5384104e-001
 7.5306970e-001
 7.5220168e-001
 7.5126380e-001
 7.5028688e-001
 7.4930185e-001
 7.4833715e-001
 7.4741602e-001
 7.4655461e-001
 7.4576247e-001
 7.4495637e-001
 7.4431413e-001
 7.4373949e-001
 7.4322611e-001
 7.4276769e-001
 7.4235809e-001
 7.4199194e-001
 7.4166429e-001
 7.4137074e-001
 7.4110734e-001
 7.4087018e-001
 7.4065542e-001
 7.4045956e-001
 7.4027896e-001
 7.4011040e-001
 7.3995084e-001
 7.3979753e-001
 7.3964775e-001
 7.3949909e-001
 7.3934913e-001
 7.3919547e-001
 7.3903567e-001
 7.3886764e-001
 7.3868918e-001
 7.3849839e-001
 7.3829395e-001
 7.3807460e-001
 7.3783982e-001
 7.3758906e-001
 7.3732215e-001
 7.3703891e-001
 7.3673892e-001
 7.3642176e-001
 7.3608613e-001
 7.3572993e-001
 7.3534983e-001
 7.3494077e-001
 7.3449659e-001
 7.3401016e-001
 7.3347366e-001
 7.3287916e-001
 7.3221862e-001
 7.3148483e-001
 7.3067147e-001
 7.2977364e-001
 7.2878933e-001
 7.2771877e-001
 7.2656471e-001
 7.2533184e-001
 7.2402543e-001
 7.2265160e-001
 7.2121572e-001
 7.1972281e-001
 7.1817571e-001
 7.1657342e-001
 7.1491110e-001
 7.1317798e-001
 7.1135932e-001
 7.0943707e-001
 7.0739043e-001
 7.0519859e-001
 7.0283973e-001
 7.0029318e-001
 6.9753999e-001
 6.9456226e-001
 6.9134641e-001
 6.8788254e-001
 6.8416256e-001
 6.8018240e-001
 6.7593765e-001
 6.7142576e-001
 6.6664380e-001
 6.6158563e-001
 6.5624434e-001
 6.5060496e-001
 6.4464700e-001
 6.3834196e-001
 6.3165158e-001
 6.2453538e-001
 6.1694646e-001
 6.0883969e-001
 6.0017198e-001
 5.9090340e-001
 5.8101118e-001
 5.7048935e-001
 5.5936474e-001
 5.4769665e-001
 5.3556961e-001
 5.2309346e-001
 5.1039118e-001
 4.9758703e-001
 4.8481268e-001
 4.7219113e-001
 4.5984313e-001
 4.4787806e-001
 4.3638539e-001
 4.2544308e-001
 4.1510814e-001
 4.0543002e-001
 3.9645097e-001
 3.8820624e-001
 3.8073274e-001
 3.7406030e-001
 3.6821565e-001
 3.6321560e-001
 3.5906228e-001
 3.5574576e-001
 3.5324126e-001
 3.5151586e-001
 3.5053042e-001
 3.5024270e-001
 3.5060960e-001
 3.5158738e-001
 3.5313186e-001
 3.5519788e-001
 3.5774031e-001
 3.6071238e-001
 3.6406627e-001
 3.6775485e-001
 3.7172890e-001
 3.7594110e-001
 3.8034296e-001
 3.8488701e-001
 3.8952941e-001
 3.9422777e-001
 3.9894658e-001
 4.0365401e-001
 4.0832293e-001
 4.1293147e-001
 4.1745764e-001
 4.2188275e-001
 4.2618740e-001
 4.3035325e-001
 4.3436554e-001
 4.3821067e-001
 4.4188136e-001
 4.4537386e-001
 4.4868886e-001
 4.5183146e-001
 4.5480755e-001
 4.5762405e-001
 4.6028933e-001
 4.6281072e-001
 4.6519709e-001
 4.6745685e-001
 4.6959913e-001
 4.7163451e-001
 4.7357321e-001
 4.7542685e-001
 4.7720662e-001
 4.7892389e-001
 4.8059055e-001
 4.8221770e-001
 4.8381680e-001
 4.8539829e-001
 4.8697188e-001
 4.8854718e-001
 4.9013227e-001
 4.9173555e-001
 4.9336448e-001
 4.9502632e-001
 4.9672857e-001
 4.9847749e-001
 5.0027812e-001
 5.0213373e-001
 5.0404418e-001
 5.0600660e-001
 5.0801480e-001
 5.1006037e-001
 5.1213419e-001
 5.1422584e-001
 5.1632571e-001
 5.1842403e-001
 5.2051216e-001
 5.2258432e-001
 5.2463633e-001
 5.2666813e-001
 5.2868164e-001
 5.3068072e-001
 5.3267121e-001
 5.3465861e-001
 5.3664935e-001
 5.3864920e-001
 5.4066330e-001
 5.4269683e-001
 5.4475278e-001
 5.4683405e-001
 5.4894155e-001
 5.5107558e-001
 5.5323648e-001
 5.5542386e-001
 5.5763674e-001
 5.5987501e-001
 5.6213695e-001
 5.6442094e-001
 5.6672370e-001
 5.6904078e-001
 5.7136732e-001
 5.7369691e-001
 5.7602340e-001
 5.7833958e-001
 5.8063966e-001
 5.8291602e-001
 5.8516341e-001
 5.8737737e-001
 5.8955324e-001
 5.9168935e-001
 5.9378469e-001
 5.9583974e-001
 5.9785420e-001
 5.9982938e-001
 6.0176659e-001
 6.0366565e-001
 6.0552752e-001
 6.0735250e-001
 6.0913891e-001
 6.1088556e-001
 6.1259001e-001
 6.1424977e-001
 6.1586082e-001
 6.1742020e-001
 6.1892498e-001
 6.2037140e-001
 6.2175751e-001
 6.2308222e-001
 6.2434506e-001
 6.2554812e-001
 6.2669468e-001
 6.2778842e-001
 6.2883443e-001
 6.2983781e-001
 6.3080394e-001
 6.3173753e-001
 6.3264364e-001
 6.3352686e-001
 6.3439071e-001
 6.3523865e-001
 6.3607341e-001
 6.3689697e-001
 6.3771147e-001
 6.3851869e-001
 6.3932055e-001
 6.4011806e-001
 6.4091247e-001
 6.4170414e-001
 6.4249200e-001
 6.4327437e-001
 6.4404839e-001
 6.4481020e-001
 6.4555579e-001
 6.4628112e-001
 6.4698154e-001
 6.4765328e-001
 6.4829284e-001
 6.4889801e-001
 6.4946729e-001
 6.5000111e-001
 6.5050119e-001
 6.5096974e-001
 6.5141016e-001
 6.5182579e-001
 6.5221989e-001
 6.5259588e-001
 6.5295684e-001
 6.5330529e-001
 6.5364289e-001
 6.5397072e-001
 6.5428919e-001
 6.5459800e-001
 6.5489662e-001
 6.5518463e-001
 6.5546119e-001
 6.5572631e-001
 6.5598023e-001
 6.5622449e-001
 6.5646183e-001
 6.5669674e-001
 6.5693527e-001
 6.5718412e-001
 6.5745091e-001
 6.5774345e-001
 6.5806925e-001
 6.5843511e-001
 6.5884626e-001
 6.5930504e-001
 6.5981036e-001
 6.6035694e-001
 6.6093600e-001
 6.6153562e-001
 6.6214275e-001
 6.6274369e-001
 6.6332430e-001
 6.6387212e-001
 6.6437674e-001
 6.6483122e-001
 6.6523415e-001
 6.6558975e-001
 6.6590726e-001
 6.6619974e-001
 6.6648245e-001
 6.6677183e-001
 6.6708392e-001
 6.6743404e-001
 6.6783524e-001
 6.6829628e-001
 6.6882080e-001
 6.6940659e-001
 6.7004567e-001
 6.7072654e-001
 6.7143518e-001
 6.7215663e-001
 6.7287540e-001
 6.7357701e-001
 6.7424864e-001
 6.7487943e-001
 6.7546284e-001
 6.7599612e-001
 6.7647976e-001
 6.7691725e-001
 6.7731363e-001
 6.7767477e-001
 6.7800659e-001
 6.7831552e-001
 6.7860812e-001
 6.7889082e-001
 6.7917085e-001
 6.7945564e-001
 6.7975265e-001
 6.8006998e-001
 6.8041563e-001
 6.8079746e-001
 6.8122303e-001
 6.8169880e-001
 6.8222922e-001
 6.8281460e-001
 6.8345082e-001
 6.8412817e-001
 6.8483150e-001
 6.8554270e-001
 6.8624127e-001
 6.8690544e-001
 6.8751401e-001
 6.8804675e-001
 6.8848616e-001
 6.8881887e-001
 6.8903786e-001
 6.8914253e-001
 6.8913835e-001
 6.8903518e-001
 6.8884552e-001
 6.8858320e-001
 6.8826240e-001
 6.8789703e-001
 6.8750042e-001
 6.8708450e-001
 6.8665969e-001
 6.8623424e-001
 6.8581516e-001
 6.8540776e-001
 6.8501675e-001
 6.8464661e-001
 6.8430132e-001
 6.8398434e-001
 6.8369889e-001
 6.8344665e-001
 6.8322796e-001
 6.8304139e-001
 6.8288410e-001
 6.8275195e-001
 6.8264019e-001
 6.8254393e-001
 6.8245792e-001
 6.8237722e-001
 6.8229723e-001
 6.8221372e-001
 6.8212336e-001
 6.8202370e-001
 6.8191290e-001
 6.8178970e-001
 6.8165326e-001
 6.8150276e-001
 6.8133765e-001
 6.8115711e-001
 6.8096066e-001
 6.8074757e-001
 6.8051708e-001
 6.8026865e-001
 6.8000144e-001
 6.7971486e-001
 6.7940801e-001
 6.7908043e-001
 6.7873144e-001
 6.7836100e-001
 6.7796987e-001
 6.7756003e-001
 6.7713523e-001
 6.7670155e-001
 6.7626661e-001
 6.7583930e-001
 6.7542940e-001
 6.7504710e-001
 6.7470223e-001
 6.7440361e-001
 6.7415839e-001
 6.7397046e-001
 6.7383927e-001
 6.7375976e-001
 6.7372227e-001
 6.7371422e-001
 6.7372090e-001
 6.7372704e-001
 6.7371726e-001
 6.7367715e-001
 6.7359453e-001
 6.7346072e-001
 6.7327183e-001
 6.7302960e-001
 6.7274052e-001
 6.7241442e-001
 6.7206383e-001
 6.7170173e-001
 6.7134142e-001
 6.7099512e-001
 6.7067355e-001
 6.7038417e-001
 6.7013001e-001
 6.6990972e-001
 6.6971731e-001
 6.6954386e-001
 6.6937864e-001
 6.6920996e-001
 6.6902620e-001
 6.6881639e-001
 6.6857135e-001
 6.6828465e-001
 6.6795361e-001
 6.6758019e-001
 6.6716987e-001
 6.6673094e-001
 6.6627383e-001
 6.6580933e-001
 6.6534811e-001
 6.6490060e-001
 6.6447532e-001
 6.6407812e-001
 6.6371107e-001
 6.6337240e-001
 6.6305643e-001
 6.6275483e-001
 6.6245764e-001
 6.6215426e-001
 6.6183376e-001
 6.6148633e-001
 6.6110313e-001
 6.6067755e-001
 6.6020674e-001
 6.5969092e-001
 6.5913355e-001
 6.5854049e-001
 6.5791911e-001
 6.5727735e-001
 6.5662307e-001
 6.5596420e-001
 6.5530747e-001
 6.5465820e-001
 6.5402013e-001
 6.5339452e-001
 6.5278071e-001
 6.5217656e-001
 6.5157950e-001
 6.5098602e-001
 6.5039265e-001
 6.4979631e-001
 6.4919382e-001
 6.4858246e-001
 6.4796060e-001
 6.4732689e-001
 6.4668059e-001
 6.4602190e-001
 6.4535081e-001
 6.4466774e-001
 6.4397275e-001
 6.4326656e-001
 6.4254904e-001
 6.4181983e-001
 6.4107883e-001
 6.4032477e-001
 6.3955629e-001
 6.3877195e-001
 6.3796997e-001
 6.3714850e-001
 6.3630563e-001
 6.3544059e-001
 6.3455284e-001
 6.3364333e-001
 6.3271552e-001
 6.3177466e-001
 6.3082778e-001
 6.2988424e-001
 6.2895352e-001
 6.2804532e-001
 6.2716991e-001
 6.2633610e-001
 6.2555104e-001
 6.2481880e-001
 6.2413985e-001
 6.2350959e-001
 6.2291950e-001
 6.2235832e-001
 6.2181276e-001
 6.2126869e-001
 6.2071240e-001
 6.2013066e-001
 6.1951220e-001
 6.1884892e-001
 6.1813754e-001
 6.1737913e-001
 6.1657912e-001
 6.1574680e-001
 6.1489266e-001
 6.1402816e-001
 6.1316526e-001
 6.1231440e-001
 6.1148423e-001
 6.1067981e-001
 6.0990214e-001
 6.0914654e-001
 6.0840368e-001
 6.0766131e-001
 6.0690475e-001
 6.0611826e-001
 6.0528702e-001
 6.0439646e-001
 6.0343462e-001
 6.0239428e-001
 6.0127324e-001
 6.0007572e-001
 5.9881127e-001
 5.9749442e-001
 5.9614134e-001
 5.9476912e-001
 5.9339589e-001
 5.9203762e-001
 5.9070778e-001
 5.8941644e-001
 5.8816719e-001
 5.8695728e-001
 5.8577800e-001
 5.8461732e-001
 5.8345944e-001
 5.8228755e-001
 5.8108550e-001
 5.7983708e-001
 5.7852793e-001
 5.7714796e-001
 5.7569081e-001
 5.7415527e-001
 5.7254565e-001
 5.7086849e-001
 5.6913245e-001
 5.6734645e-001
 5.6552094e-001
 5.6366467e-001
 5.6178564e-001
 5.5989188e-001
 5.5798829e-001
 5.5607808e-001
 5.5416393e-001
 5.5224586e-001
 5.5032337e-001
 5.4839516e-001
 5.4646116e-001
 5.4451984e-001
 5.4256976e-001
 5.4061097e-001
 5.3871292e-001
 5.3720862e-001
 5.3522569e-001
 5.3324550e-001
 5.3127295e-001
 5.2931321e-001
 5.2737111e-001
 5.2545273e-001
 5.2356303e-001
 5.2170706e-001
 5.1989013e-001
 5.1811635e-001
 5.1638317e-001
 5.1468259e-001
 5.1300722e-001
 5.1134902e-001
 5.0970113e-001
 5.0805569e-001
 5.0640512e-001
 5.0474149e-001
 5.0305802e-001
 5.0134665e-001
 4.9959999e-001
 4.9780992e-001
 4.9596983e-001
 4.9407262e-001
 4.9212024e-001
 4.9011931e-001
 4.8807585e-001
 4.8599753e-001
 4.8389038e-001
 4.8176110e-001
 4.7961572e-001
 4.7746187e-001
 4.7530565e-001
 4.7315368e-001
 4.7101209e-001
 4.6888837e-001
 4.6678874e-001
 4.6471977e-001
 4.6268809e-001
 4.6069971e-001
 4.5876232e-001
 4.5688134e-001
 4.5505691e-001
 4.5328555e-001
 4.5156518e-001
 4.4989231e-001
 4.4826403e-001
 4.4667691e-001
 4.4512871e-001
 4.4361609e-001
 4.4213602e-001
 4.4068551e-001
 4.3926120e-001
 4.3786082e-001
 4.3648103e-001
 4.3511876e-001
 4.3377081e-001
 4.3243471e-001
 4.3110722e-001
 4.2978528e-001
 4.2846566e-001
 4.2714590e-001
 4.2582276e-001
 4.2449349e-001
 4.2315748e-001
 4.2181629e-001
 4.2047051e-001
 4.1912115e-001
 4.1776916e-001
 4.1641507e-001
 4.1506049e-001
 4.1370606e-001
 4.1235271e-001
 4.1100109e-001
 4.0965271e-001
 4.0830830e-001
 4.0696865e-001
 4.0563452e-001
 4.0430743e-001
 4.0298799e-001
 4.0167713e-001
 4.0037581e-001
 3.9908469e-001
 3.9780530e-001
 3.9653823e-001
 3.9528450e-001
 3.9404473e-001
 3.9282036e-001
 3.9161217e-001
 3.9042088e-001
 3.8924623e-001
 3.8808817e-001
 3.8694593e-001
 3.8581899e-001
 3.8470677e-001
 3.8360858e-001
 3.8252428e-001
 3.8145319e-001
 3.8039467e-001
 3.7934804e-001
 3.7831327e-001
 3.7728950e-001
 3.7627625e-001
 3.7527278e-001
 3.7427899e-001
 3.7329417e-001
 3.7231770e-001
 3.7134883e-001
 3.7038761e-001
 3.6943316e-001
 3.6848497e-001
 3.6754256e-001
 3.6660513e-001
 3.6567262e-001
 3.6474428e-001
 3.6381954e-001
 3.6289772e-001
 3.6197868e-001
 3.6106166e-001
 3.6014625e-001
 3.5923237e-001
 3.5832086e-001
 3.5741201e-001
