s07_ASD Record=13424: Jarosite_Rhyolite CU91-20A    BECKa AREF
-1.2300000e+034
-1.2300000e+034
-1.2300000e+034
 9.0646692e-002
 9.1001973e-002
 9.1413684e-002
 9.1867544e-002
 9.2355154e-002
 9.2878163e-002
 9.3446471e-002
 9.4073154e-002
 9.4768807e-002
 9.5538817e-002
 9.6381694e-002
 9.7287245e-002
 9.8238721e-002
 9.9218123e-002
 1.0021192e-001
 1.0121313e-001
 1.0222189e-001
 1.0324442e-001
 1.0429110e-001
 1.0537368e-001
 1.0650136e-001
 1.0767778e-001
 1.0889773e-001
 1.1014580e-001
 1.1140159e-001
 1.1265061e-001
 1.1389071e-001
 1.1512841e-001
 1.1637160e-001
 1.1762445e-001
 1.1888710e-001
 1.2015672e-001
 1.2143248e-001
 1.2272146e-001
 1.2403877e-001
 1.2540294e-001
 1.2682791e-001
 1.2831783e-001
 1.2986700e-001
 1.3146435e-001
 1.3310020e-001
 1.3476987e-001
 1.3647437e-001
 1.3821697e-001
 1.4000025e-001
 1.4182343e-001
 1.4368200e-001
 1.4556795e-001
 1.4747068e-001
 1.4937952e-001
 1.5128586e-001
 1.5318553e-001
 1.5507880e-001
 1.5696973e-001
 1.5886337e-001
 1.6076230e-001
 1.6266440e-001
 1.6455309e-001
 1.6640982e-001
 1.6822170e-001
 1.6996792e-001
 1.7161025e-001
 1.7311977e-001
 1.7448436e-001
 1.7569934e-001
 1.7675935e-001
 1.7765838e-001
 1.7838381e-001
 1.7891362e-001
 1.7921980e-001
 1.7927939e-001
 1.7908581e-001
 1.7865650e-001
 1.7803387e-001
 1.7728116e-001
 1.7647578e-001
 1.7570141e-001
 1.7503761e-001
 1.7454937e-001
 1.7428090e-001
 1.7425874e-001
 1.7450307e-001
 1.7503944e-001
 1.7590143e-001
 1.7712210e-001
 1.7872114e-001
 1.8069953e-001
 1.8304498e-001
 1.8574202e-001
 1.8877269e-001
 1.9210599e-001
 1.9568335e-001
 1.9941574e-001
 2.0320147e-001
 2.0695730e-001
 2.1064232e-001
 2.1424776e-001
 2.1776308e-001
 2.2114500e-001
 2.2431611e-001
 2.2719361e-001
 2.2973123e-001
 2.3194993e-001
 2.3392116e-001
 2.3572323e-001
 2.3741074e-001
 2.3901269e-001
 2.4054720e-001
 2.4203183e-001
 2.4348620e-001
 2.4493122e-001
 2.4638590e-001
 2.4785618e-001
 2.4932285e-001
 2.5074691e-001
 2.5209755e-001
 2.5338188e-001
 2.5464505e-001
 2.5593784e-001
 2.5728101e-001
 2.5865772e-001
 2.6003531e-001
 2.6139015e-001
 2.6271686e-001
 2.6402411e-001
 2.6533204e-001
 2.6667249e-001
 2.6808360e-001
 2.6959383e-001
 2.7120203e-001
 2.7286887e-001
 2.7452567e-001
 2.7610031e-001
 2.7754956e-001
 2.7888134e-001
 2.8014901e-001
 2.8141817e-001
 2.8273091e-001
 2.8409481e-001
 2.8549966e-001
 2.8693262e-001
 2.8837258e-001
 2.8978103e-001
 2.9111773e-001
 2.9237416e-001
 2.9358411e-001
 2.9479697e-001
 2.9604003e-001
 2.9730436e-001
 2.9855573e-001
 2.9975501e-001
 3.0087575e-001
 3.0191699e-001
 3.0290434e-001
 3.0387419e-001
 3.0484748e-001
 3.0581576e-001
 3.0675438e-001
 3.0765188e-001
 3.0852437e-001
 3.0939937e-001
 3.1028560e-001
 3.1115744e-001
 3.1197017e-001
 3.1269366e-001
 3.1333572e-001
 3.1393588e-001
 3.1453574e-001
 3.1515539e-001
 3.1579033e-001
 3.1641832e-001
 3.1700432e-001
 3.1752121e-001
 3.1798914e-001
 3.1848478e-001
 3.1908101e-001
 3.1977189e-001
 3.2047272e-001
 3.2109010e-001
 3.2157770e-001
 3.2194555e-001
 3.2225847e-001
 3.2262650e-001
 3.2314804e-001
 3.2382458e-001
 3.2453620e-001
 3.2512620e-001
 3.2552797e-001
 3.2581237e-001
 3.2610959e-001
 3.2648745e-001
 3.2690457e-001
 3.2726046e-001
 3.2747334e-001
 3.2753101e-001
 3.2750407e-001
 3.2750934e-001
 3.2762510e-001
 3.2782966e-001
 3.2804430e-001
 3.2824597e-001
 3.2850912e-001
 3.2889464e-001
 3.2929486e-001
 3.2945359e-001
 3.2921383e-001
 3.2872093e-001
 3.2830191e-001
 3.2815966e-001
 3.2825521e-001
 3.2844895e-001
 3.2865044e-001
 3.2884315e-001
 3.2906356e-001
 3.2936907e-001
 3.2975462e-001
 3.3009756e-001
 3.3025184e-001
 3.3020306e-001
 3.3007833e-001
 3.3001035e-001
 3.3004251e-001
 3.3015350e-001
 3.3031163e-001
 3.3048970e-001
 3.3066213e-001
 3.3080432e-001
 3.3088875e-001
 3.3089545e-001
 3.3084646e-001
 3.3080378e-001
 3.3079138e-001
 3.3074430e-001
 3.3059448e-001
 3.3038124e-001
 3.3020201e-001
 3.3007875e-001
 3.2995784e-001
 3.2981926e-001
 3.2968625e-001
 3.2951966e-001
 3.2918799e-001
 3.2860038e-001
 3.2786542e-001
 3.2726422e-001
 3.2699686e-001
 3.2695094e-001
 3.2681119e-001
 3.2638350e-001
 3.2573864e-001
 3.2508373e-001
 3.2457522e-001
 3.2425791e-001
 3.2411450e-001
 3.2407403e-001
 3.2399374e-001
 3.2374239e-001
 3.2333347e-001
 3.2290259e-001
 3.2254615e-001
 3.2228070e-001
 3.2212254e-001
 3.2204044e-001
 3.2187629e-001
 3.2151580e-001
 3.2111064e-001
 3.2091627e-001
 3.2091504e-001
 3.2085571e-001
 3.2067779e-001
 3.2060969e-001
 3.2081610e-001
 3.2113960e-001
 3.2120678e-001
 3.2075456e-001
 3.1989005e-001
 3.1897271e-001
 3.1824890e-001
 3.1771797e-001
 3.1730634e-001
 3.1702238e-001
 3.1687790e-001
 3.1676003e-001
 3.1648120e-001
 3.1597015e-001
 3.1536368e-001
 3.1487295e-001
 3.1457689e-001
 3.1435034e-001
 3.1400201e-001
 3.1349325e-001
 3.1298533e-001
 3.1265718e-001
 3.1251970e-001
 3.1241095e-001
 3.1213498e-001
 3.1161219e-001
 3.1093729e-001
 3.1031564e-001
 3.0992860e-001
 3.0980930e-001
 3.0980915e-001
 3.0968896e-001
 3.0929345e-001
 3.0867916e-001
 3.0804709e-001
 3.0753946e-001
 3.0716872e-001
 3.0692673e-001
 3.0680314e-001
 3.0666310e-001
 3.0629399e-001
 3.0566633e-001
 3.0497652e-001
 3.0436903e-001
 3.0379042e-001
 3.0315053e-001
 3.0253184e-001
 3.0209443e-001
 3.0183026e-001
 3.0155066e-001
 3.0108762e-001
 3.0043879e-001
 2.9974046e-001
 2.9913613e-001
 2.9867420e-001
 2.9831022e-001
 2.9797384e-001
 2.9761949e-001
 2.9722935e-001
 2.9678807e-001
 2.9626665e-001
 2.9563773e-001
 2.9491499e-001
 2.9417762e-001
 2.9354033e-001
 2.9308167e-001
 2.9279163e-001
 2.9258323e-001
 2.9234332e-001
 2.9197413e-001
 2.9141361e-001
 2.9065114e-001
 2.8973547e-001
 2.8875214e-001
 2.8778020e-001
 2.8686401e-001
 2.8601986e-001
 2.8526062e-001
 2.8460243e-001
 2.8401807e-001
 2.8340897e-001
 2.8272656e-001
 2.8204283e-001
 2.8146487e-001
 2.8101575e-001
 2.8062454e-001
 2.8019670e-001
 2.7968499e-001
 2.7911034e-001
 2.7851212e-001
 2.7790368e-001
 2.7729565e-001
 2.7672547e-001
 2.7622572e-001
 2.7576816e-001
 2.7524963e-001
 2.7456614e-001
 2.7376050e-001
 2.7304310e-001
 2.7255780e-001
 2.7219409e-001
 2.7172282e-001
 2.7103797e-001
 2.7023044e-001
 2.6950225e-001
 2.6900485e-001
 2.6869819e-001
 2.6832747e-001
 2.6759228e-001
 2.6647821e-001
 2.6539195e-001
 2.6482275e-001
 2.6486364e-001
 2.6504540e-001
 2.6468149e-001
 2.6359919e-001
 2.6241335e-001
 2.6179165e-001
 2.6169908e-001
 2.6160571e-001
 2.6110566e-001
 2.6022583e-001
 2.5928068e-001
 2.5848258e-001
 2.5781000e-001
 2.5705233e-001
 2.5614211e-001
 2.5533354e-001
 2.5482827e-001
 2.5459161e-001
 2.5450432e-001
 2.5440925e-001
 2.5411895e-001
 2.5348914e-001
 2.5255087e-001
 2.5150943e-001
 2.5057587e-001
 2.4981533e-001
 2.4914913e-001
 2.4848859e-001
 2.4785444e-001
 2.4737319e-001
 2.4714145e-001
 2.4706988e-001
 2.4689472e-001
 2.4637751e-001
 2.4551052e-001
 2.4451859e-001
 2.4366294e-001
 2.4305680e-001
 2.4266037e-001
 2.4238917e-001
 2.4216510e-001
 2.4191850e-001
 2.4158309e-001
 2.4120638e-001
 2.4069448e-001
 2.4018113e-001
 2.3972048e-001
 2.3930836e-001
 2.3891723e-001
 2.3851950e-001
 2.3809382e-001
 2.3765884e-001
 2.3724954e-001
 2.3690085e-001
 2.3664266e-001
 2.3647019e-001
 2.3636480e-001
 2.3630781e-001
 2.3627336e-001
 2.3618793e-001
 2.3595862e-001
 2.3549244e-001
 2.3472326e-001
 2.3376192e-001
 2.3264146e-001
 2.3189136e-001
 2.3152238e-001
 2.3153983e-001
 2.3177853e-001
 2.3206599e-001
 2.3222964e-001
 2.3210332e-001
 2.3166402e-001
 2.3103106e-001
 2.3032965e-001
 2.2968522e-001
 2.2921881e-001
 2.2895774e-001
 2.2883652e-001
 2.2878586e-001
 2.2873636e-001
 2.2862081e-001
 2.2841619e-001
 2.2814323e-001
 2.2782433e-001
 2.2748202e-001
 2.2713879e-001
 2.2681454e-001
 2.2651982e-001
 2.2626266e-001
 2.2605120e-001
 2.2589353e-001
 2.2579776e-001
 2.2576620e-001
 2.2577898e-001
 2.2581078e-001
 2.2583635e-001
 2.2583041e-001
 2.2576773e-001
 2.2562300e-001
 2.2537954e-001
 2.2505336e-001
 2.2466813e-001
 2.2424777e-001
 2.2381589e-001
 2.2339638e-001
 2.2301292e-001
 2.2268933e-001
 2.2244330e-001
 2.2226983e-001
 2.2215860e-001
 2.2209920e-001
 2.2208132e-001
 2.2209454e-001
-1.2300000e+034
-1.2300000e+034
 2.2221734e-001
 2.2225143e-001
 2.2226484e-001
 2.2224721e-001
 2.2218816e-001
 2.2207732e-001
 2.2190437e-001
 2.2165892e-001
 2.2133586e-001
 2.2094937e-001
 2.2051822e-001
 2.2006108e-001
 2.1959655e-001
 2.1914344e-001
 2.1872033e-001
 2.1834597e-001
 2.1803902e-001
 2.1781819e-001
 2.1770215e-001
 2.1770960e-001
 2.1785143e-001
 2.1811029e-001
 2.1846250e-001
 2.1888417e-001
 2.1935171e-001
 2.1984130e-001
 2.2032917e-001
 2.2079171e-001
 2.2120503e-001
 2.2154549e-001
 2.2178927e-001
 2.2191268e-001
 2.2190118e-001
 2.2177297e-001
 2.2155365e-001
 2.2126882e-001
 2.2094406e-001
 2.2060491e-001
 2.2027697e-001
 2.1998577e-001
 2.1975698e-001
 2.1961606e-001
 2.1958865e-001
 2.1969031e-001
 2.1990141e-001
 2.2019464e-001
 2.2054270e-001
 2.2091816e-001
 2.2129382e-001
 2.2164223e-001
 2.2193614e-001
 2.2214817e-001
 2.2225103e-001
 2.2222848e-001
 2.2210287e-001
 2.2190483e-001
 2.2166505e-001
 2.2141415e-001
 2.2118287e-001
 2.2100177e-001
 2.2090162e-001
 2.2091304e-001
 2.2106668e-001
 2.2138099e-001
 2.2183254e-001
 2.2238904e-001
 2.2301808e-001
 2.2368744e-001
 2.2436465e-001
 2.2501744e-001
 2.2561358e-001
 2.2612053e-001
 2.2650617e-001
 2.2675057e-001
 2.2687644e-001
 2.2691527e-001
 2.2689861e-001
 2.2685800e-001
 2.2682498e-001
 2.2683112e-001
 2.2690794e-001
 2.2708695e-001
 2.2738701e-001
 2.2778457e-001
 2.2824730e-001
 2.2874296e-001
 2.2923905e-001
 2.2970343e-001
 2.3010360e-001
 2.3040733e-001
 2.3059388e-001
 2.3068091e-001
 2.3069400e-001
 2.3065867e-001
 2.3060045e-001
 2.3054487e-001
 2.3051748e-001
 2.3054384e-001
 2.3064494e-001
 2.3082693e-001
 2.3109302e-001
 2.3144634e-001
 2.3189010e-001
 2.3242740e-001
 2.3306151e-001
 2.3379548e-001
 2.3462316e-001
 2.3550771e-001
 2.3640653e-001
 2.3720804e-001
 2.3798244e-001
 2.3864073e-001
 2.3915403e-001
 2.3952368e-001
 2.3977564e-001
 2.3995247e-001
 2.4010482e-001
 2.4028453e-001
 2.4053597e-001
 2.4088253e-001
 2.4131826e-001
 2.4181592e-001
 2.4234003e-001
 2.4285570e-001
 2.4333642e-001
 2.4377207e-001
 2.4417126e-001
 2.4455656e-001
 2.4495684e-001
 2.4539959e-001
 2.4590310e-001
 2.4646844e-001
 2.4707663e-001
 2.4769321e-001
 2.4827690e-001
 2.4878864e-001
 2.4920139e-001
 2.4950884e-001
 2.4972798e-001
 2.4989434e-001
 2.5005293e-001
 2.5024891e-001
 2.5051907e-001
 2.5088564e-001
 2.5135440e-001
 2.5191751e-001
 2.5255880e-001
 2.5325856e-001
 2.5399700e-001
 2.5483194e-001
 2.5549799e-001
 2.5616640e-001
 2.5682789e-001
 2.5747496e-001
 2.5810185e-001
 2.5870511e-001
 2.5928378e-001
 2.5983927e-001
 2.6037586e-001
 2.6090011e-001
 2.6142070e-001
 2.6194772e-001
 2.6249120e-001
 2.6305997e-001
 2.6366091e-001
 2.6429760e-001
 2.6497066e-001
 2.6567751e-001
 2.6641300e-001
 2.6717091e-001
 2.6794395e-001
 2.6872563e-001
 2.6950985e-001
 2.7029157e-001
 2.7106705e-001
 2.7183297e-001
 2.7258706e-001
 2.7332708e-001
 2.7405098e-001
 2.7475712e-001
 2.7544394e-001
 2.7611098e-001
 2.7675873e-001
 2.7738917e-001
 2.7800611e-001
 2.7861431e-001
 2.7921963e-001
 2.7982754e-001
 2.8044274e-001
 2.8106853e-001
 2.8170589e-001
 2.8235394e-001
 2.8301042e-001
 2.8367215e-001
 2.8433669e-001
 2.8500274e-001
 2.8567117e-001
 2.8634557e-001
 2.8703108e-001
 2.8773430e-001
 2.8846109e-001
 2.8921556e-001
 2.8999925e-001
 2.9080987e-001
 2.9164246e-001
 2.9248965e-001
 2.9334357e-001
 2.9419747e-001
 2.9504651e-001
 2.9588890e-001
 2.9672524e-001
 2.9755792e-001
 2.9839006e-001
 2.9922372e-001
 3.0005908e-001
 3.0089417e-001
 3.0172431e-001
 3.0254388e-001
 3.0334660e-001
 3.0412760e-001
 3.0488476e-001
 3.0561915e-001
 3.0633590e-001
 3.0704296e-001
 3.0775034e-001
 3.0846864e-001
 3.0920669e-001
 3.0997095e-001
 3.1076398e-001
 3.1158471e-001
 3.1242928e-001
 3.1329167e-001
 3.1416568e-001
 3.1504539e-001
 3.1592613e-001
 3.1680515e-001
 3.1768042e-001
 3.1855068e-001
 3.1941494e-001
 3.2027173e-001
 3.2111955e-001
 3.2195678e-001
 3.2278228e-001
 3.2359630e-001
 3.2440001e-001
 3.2519647e-001
 3.2598945e-001
 3.2678318e-001
 3.2758182e-001
 3.2838807e-001
 3.2920328e-001
 3.3002681e-001
 3.3085641e-001
 3.3168936e-001
 3.3252257e-001
 3.3335447e-001
 3.3418494e-001
 3.3501586e-001
 3.3585107e-001
 3.3669475e-001
 3.3755100e-001
 3.3842182e-001
 3.3930680e-001
 3.4020317e-001
 3.4110591e-001
 3.4200934e-001
 3.4290895e-001
 3.4380209e-001
 3.4468940e-001
 3.4557393e-001
 3.4646055e-001
 3.4735471e-001
 3.4826007e-001
 3.4917831e-001
 3.5010782e-001
 3.5104448e-001
 3.5198307e-001
 3.5291785e-001
 3.5384476e-001
 3.5476127e-001
 3.5566717e-001
 3.5656434e-001
 3.5745540e-001
 3.5834387e-001
 3.5923263e-001
 3.6012414e-001
 3.6102059e-001
 3.6192331e-001
 3.6283302e-001
 3.6375025e-001
 3.6467409e-001
 3.6560291e-001
 3.6653364e-001
 3.6746219e-001
 3.6838451e-001
 3.6929673e-001
 3.7019670e-001
 3.7108397e-001
 3.7196022e-001
 3.7282887e-001
 3.7369362e-001
 3.7455800e-001
 3.7542415e-001
 3.7629265e-001
 3.7716341e-001
 3.7803596e-001
 3.7891132e-001
 3.7979206e-001
 3.8068262e-001
 3.8158864e-001
 3.8251480e-001
 3.8346365e-001
 3.8443357e-001
 3.8541859e-001
 3.8640955e-001
 3.8739526e-001
 3.8836551e-001
 3.8931385e-001
 3.9023846e-001
 3.9114353e-001
 3.9203748e-001
 3.9293140e-001
 3.9383683e-001
 3.9476275e-001
 3.9571521e-001
 3.9669582e-001
 3.9770269e-001
 3.9873189e-001
 3.9977765e-001
 4.0083426e-001
 4.0189558e-001
 4.0295547e-001
 4.0400773e-001
 4.0504527e-001
 4.0606117e-001
 4.0704867e-001
 4.0800241e-001
 4.0891996e-001
 4.0980205e-001
 4.1065332e-001
 4.1148230e-001
 4.1229954e-001
 4.1311708e-001
 4.1394588e-001
 4.1479430e-001
 4.1566741e-001
 4.1656536e-001
 4.1748461e-001
 4.1841793e-001
 4.1935620e-001
 4.2029059e-001
 4.2121345e-001
 4.2212051e-001
 4.2301121e-001
 4.2388880e-001
 4.2476019e-001
 4.2563406e-001
 4.2652011e-001
 4.2742693e-001
 4.2836100e-001
 4.2932621e-001
 4.3032274e-001
 4.3134773e-001
 4.3239594e-001
 4.3345979e-001
 4.3453115e-001
 4.3560129e-001
 4.3666202e-001
 4.3770653e-001
 4.3872905e-001
 4.3972579e-001
 4.4069424e-001
 4.4163331e-001
 4.4254354e-001
 4.4342583e-001
 4.4428238e-001
 4.4511563e-001
 4.4592869e-001
 4.4672573e-001
 4.4751155e-001
 4.4829246e-001
 4.4907555e-001
 4.4986886e-001
 4.5068088e-001
 4.5151919e-001
 4.5238999e-001
 4.5329648e-001
 4.5423847e-001
 4.5521235e-001
 4.5621091e-001
 4.5722440e-001
 4.5824248e-001
 4.5925486e-001
 4.6025378e-001
 4.6123439e-001
 4.6219566e-001
 4.6314076e-001
 4.6407539e-001
 4.6500760e-001
 4.6594539e-001
 4.6689570e-001
 4.6786329e-001
 4.6884927e-001
 4.6985185e-001
 4.7086602e-001
 4.7188491e-001
 4.7290134e-001
 4.7390857e-001
 4.7490206e-001
 4.7587937e-001
 4.7684059e-001
 4.7778818e-001
 4.7872534e-001
 4.7965541e-001
 4.8058107e-001
 4.8150298e-001
 4.8242012e-001
 4.8332942e-001
 4.8422658e-001
 4.8510745e-001
 4.8596820e-001
 4.8680714e-001
 4.8762470e-001
 4.8842379e-001
 4.8920971e-001
 4.8998883e-001
 4.9076813e-001
 4.9155375e-001
 4.9235043e-001
 4.9316138e-001
 4.9398774e-001
 4.9482968e-001
 4.9568638e-001
 4.9655682e-001
 4.9744064e-001
 4.9833736e-001
 4.9924728e-001
 5.0017029e-001
 5.0110584e-001
 5.0205284e-001
 5.0300878e-001
 5.0396997e-001
 5.0493211e-001
 5.0588971e-001
 5.0683737e-001
 5.0776935e-001
 5.0868022e-001
 5.0956559e-001
 5.1042128e-001
 5.1124489e-001
 5.1203471e-001
 5.1279074e-001
 5.1351517e-001
 5.1421207e-001
 5.1488829e-001
 5.1555270e-001
 5.1621628e-001
 5.1689130e-001
 5.1758939e-001
 5.1832056e-001
 5.1909113e-001
 5.1990271e-001
 5.2075201e-001
 5.2163082e-001
 5.2252769e-001
 5.2343059e-001
 5.2432823e-001
 5.2521306e-001
 5.2608174e-001
 5.2693534e-001
 5.2777869e-001
 5.2861768e-001
 5.2945811e-001
 5.3030324e-001
 5.3115314e-001
 5.3200507e-001
 5.3285331e-001
 5.3369176e-001
 5.3451478e-001
 5.3531849e-001
 5.3610194e-001
 5.3686661e-001
 5.3761649e-001
 5.3835660e-001
 5.3909230e-001
 5.3982866e-001
 5.4056931e-001
 5.4131609e-001
 5.4206973e-001
 5.4282898e-001
 5.4359168e-001
 5.4435474e-001
 5.4511458e-001
 5.4586792e-001
 5.4661161e-001
 5.4734355e-001
 5.4806262e-001
 5.4876906e-001
 5.4946500e-001
 5.5015355e-001
 5.5083966e-001
 5.5152845e-001
 5.5222505e-001
 5.5293375e-001
 5.5365658e-001
 5.5439317e-001
 5.5513978e-001
 5.5588973e-001
 5.5663449e-001
 5.5736428e-001
 5.5807036e-001
 5.5874592e-001
 5.5938751e-001
 5.5999559e-001
 5.6057388e-001
 5.6112850e-001
 5.6166679e-001
 5.6219554e-001
 5.6272024e-001
 5.6324428e-001
 5.6376922e-001
 5.6429541e-001
 5.6482238e-001
 5.6534976e-001
 5.6587696e-001
 5.6640369e-001
 5.6692934e-001
 5.6745273e-001
 5.6797254e-001
 5.6848735e-001
 5.6899649e-001
 5.6950104e-001
 5.7000375e-001
 5.7050908e-001
 5.7102215e-001
 5.7154727e-001
 5.7208657e-001
 5.7263863e-001
 5.7319814e-001
 5.7375693e-001
 5.7430518e-001
 5.7483405e-001
 5.7533741e-001
 5.7581347e-001
 5.7626504e-001
 5.7669848e-001
 5.7712221e-001
 5.7754427e-001
 5.7797033e-001
 5.7840270e-001
 5.7883960e-001
 5.7927608e-001
 5.7970566e-001
 5.8012158e-001
 5.8051908e-001
 5.8089620e-001
 5.8125442e-001
 5.8159864e-001
 5.8193612e-001
 5.8227599e-001
 5.8262748e-001
 5.8299941e-001
 5.8339900e-001
 5.8383173e-001
 5.8430129e-001
 5.8480948e-001
 5.8535647e-001
 5.8594131e-001
 5.8656132e-001
 5.8721250e-001
 5.8788878e-001
 5.8858192e-001
 5.8928210e-001
 5.8997726e-001
 5.9065509e-001
 5.9130353e-001
 5.9191239e-001
 5.9247541e-001
 5.9299058e-001
 5.9346151e-001
 5.9389657e-001
 5.9430850e-001
 5.9471244e-001
 5.9512377e-001
 5.9555572e-001
 5.9601688e-001
 5.9650964e-001
 5.9702921e-001
 5.9756356e-001
 5.9809458e-001
 5.9860063e-001
 5.9905899e-001
 5.9944963e-001
 5.9975821e-001
 5.9997839e-001
 6.0011363e-001
 6.0017675e-001
 6.0018837e-001
 6.0017389e-001
 6.0015941e-001
 6.0016727e-001
 6.0021281e-001
 6.0030138e-001
 6.0042840e-001
 6.0058033e-001
 6.0073823e-001
 6.0088170e-001
 6.0099351e-001
 6.0106260e-001
 6.0108662e-001
 6.0107201e-001
 6.0103297e-001
 6.0098910e-001
 6.0096300e-001
 6.0097748e-001
 6.0105360e-001
 6.0120964e-001
 6.0145980e-001
 6.0181409e-001
 6.0227752e-001
 6.0285008e-001
 6.0352582e-001
 6.0429311e-001
 6.0513496e-001
 6.0602951e-001
 6.0695243e-001
 6.0787785e-001
 6.0878134e-001
 6.0964185e-001
 6.1044288e-001
 6.1117429e-001
 6.1183137e-001
 6.1241519e-001
 6.1293161e-001
 6.1338919e-001
 6.1379868e-001
 6.1417109e-001
 6.1451691e-001
 6.1484545e-001
 6.1516422e-001
 6.1547875e-001
 6.1579329e-001
 6.1611038e-001
 6.1643171e-001
 6.1675817e-001
 6.1709017e-001
 6.1742771e-001
 6.1777002e-001
 6.1811572e-001
 6.1846244e-001
 6.1880660e-001
 6.1914396e-001
 6.1946994e-001
 6.1978066e-001
 6.2007385e-001
 6.2034988e-001
 6.2061280e-001
 6.2086976e-001
 6.2113088e-001
 6.2140757e-001
 6.2171030e-001
 6.2204719e-001
 6.2242204e-001
 6.2283391e-001
 6.2327743e-001
 6.2374377e-001
 6.2422329e-001
 6.2470722e-001
 6.2518996e-001
 6.2567037e-001
 6.2615120e-001
 6.2663823e-001
 6.2713909e-001
 6.2766194e-001
 6.2821466e-001
 6.2880349e-001
 6.2943280e-001
 6.3010401e-001
 6.3081604e-001
 6.3156593e-001
 6.3234943e-001
 6.3316196e-001
 6.3399851e-001
 6.3485408e-001
 6.3572383e-001
 6.3660210e-001
 6.3748336e-001
 6.3836116e-001
 6.3922876e-001
 6.4007980e-001
 6.4090806e-001
 6.4170867e-001
 6.4247906e-001
 6.4321911e-001
 6.4393198e-001
 6.4462364e-001
 6.4530212e-001
 6.4597660e-001
 6.4665514e-001
 6.4734346e-001
 6.4804316e-001
 6.4875108e-001
 6.4946026e-001
 6.5016049e-001
 6.5084136e-001
 6.5149355e-001
 6.5211076e-001
 6.5269119e-001
 6.5323710e-001
 6.5375561e-001
 6.5425736e-001
 6.5475500e-001
 6.5526080e-001
 6.5578389e-001
 6.5632820e-001
 6.5689170e-001
 6.5746605e-001
 6.5803862e-001
 6.5859479e-001
 6.5912098e-001
 6.5960753e-001
 6.6005021e-001
 6.6045046e-001
 6.6081464e-001
 6.6115254e-001
 6.6147596e-001
 6.6179705e-001
 6.6212749e-001
 6.6247731e-001
 6.6285437e-001
 6.6326416e-001
 6.6370934e-001
 6.6418988e-001
 6.6470313e-001
 6.6524398e-001
 6.6580582e-001
 6.6638041e-001
 6.6695923e-001
 6.6753399e-001
 6.6809702e-001
 6.6864228e-001
 6.6916543e-001
 6.6966408e-001
 6.7013800e-001
 6.7058849e-001
 6.7101860e-001
 6.7143226e-001
 6.7183411e-001
 6.7222917e-001
 6.7262238e-001
 6.7301822e-001
 6.7342055e-001
 6.7383212e-001
 6.7425478e-001
 6.7468888e-001
 6.7513365e-001
 6.7558718e-001
 6.7604637e-001
 6.7650765e-001
 6.7696697e-001
 6.7742026e-001
 6.7786384e-001
 6.7829418e-001
 6.7870879e-001
 6.7910552e-001
 6.7948288e-001
 6.7983997e-001
 6.8017632e-001
 6.8049181e-001
 6.8078679e-001
 6.8106204e-001
 6.8131930e-001
 6.8156087e-001
 6.8179047e-001
 6.8201292e-001
 6.8223423e-001
 6.8246162e-001
 6.8270278e-001
 6.8296516e-001
 6.8325537e-001
 6.8357784e-001
 6.8393433e-001
 6.8432295e-001
 6.8473858e-001
 6.8517244e-001
 6.8561339e-001
 6.8604904e-001
 6.8646687e-001
 6.8685603e-001
 6.8720818e-001
 6.8751848e-001
 6.8778610e-001
 6.8801373e-001
 6.8820721e-001
 6.8837476e-001
 6.8852586e-001
 6.8867040e-001
 6.8881792e-001
 6.8897676e-001
 6.8915349e-001
 6.8935269e-001
 6.8957639e-001
 6.8982428e-001
 6.9009352e-001
 6.9037920e-001
 6.9067502e-001
 6.9097412e-001
 6.9126999e-001
 6.9155723e-001
 6.9183248e-001
 6.9209456e-001
 6.9234490e-001
 6.9258732e-001
 6.9282776e-001
 6.9307369e-001
 6.9333279e-001
 6.9361192e-001
 6.9391590e-001
 6.9424641e-001
 6.9460160e-001
 6.9497573e-001
 6.9536048e-001
 6.9574571e-001
 6.9612104e-001
 6.9647771e-001
 6.9680947e-001
 6.9711381e-001
 6.9739181e-001
 6.9764763e-001
 6.9788778e-001
 6.9812000e-001
 6.9835246e-001
 6.9859302e-001
 6.9884855e-001
 6.9912475e-001
 6.9942582e-001
 6.9975436e-001
 7.0011145e-001
 7.0049638e-001
 7.0090663e-001
 7.0133817e-001
 7.0178521e-001
 7.0224059e-001
 7.0269603e-001
 7.0314276e-001
 7.0357257e-001
 7.0397788e-001
 7.0435339e-001
 7.0469606e-001
 7.0500576e-001
 7.0528555e-001
 7.0554090e-001
 7.0577925e-001
 7.0600897e-001
 7.0623803e-001
 7.0647299e-001
 7.0671791e-001
 7.0697355e-001
 7.0723748e-001
 7.0750397e-001
 7.0776498e-001
 7.0801085e-001
 7.0823199e-001
 7.0841956e-001
 7.0856708e-001
 7.0867079e-001
 7.0873028e-001
 7.0874834e-001
 7.0873088e-001
 7.0868605e-001
 7.0862395e-001
 7.0855558e-001
 7.0849246e-001
 7.0844603e-001
 7.0842689e-001
 7.0844471e-001
 7.0850742e-001
 7.0862073e-001
 7.0878744e-001
 7.0900691e-001
 7.0927447e-001
 7.0958120e-001
 7.0991415e-001
 7.1025735e-001
 7.1059269e-001
 7.1090198e-001
 7.1116853e-001
 7.1137959e-001
 7.1152747e-001
 7.1161103e-001
 7.1163571e-001
 7.1161300e-001
 7.1155918e-001
 7.1149302e-001
 7.1143395e-001
 7.1139926e-001
 7.1140224e-001
 7.1145099e-001
 7.1154761e-001
 7.1168846e-001
 7.1186501e-001
 7.1206570e-001
 7.1227735e-001
 7.1248722e-001
 7.1268451e-001
 7.1286130e-001
 7.1301341e-001
 7.1314031e-001
 7.1324462e-001
 7.1333140e-001
 7.1340716e-001
 7.1347874e-001
 7.1355253e-001
 7.1363401e-001
 7.1372694e-001
 7.1383357e-001
 7.1395457e-001
 7.1408945e-001
 7.1423662e-001
 7.1439391e-001
 7.1455866e-001
 7.1472806e-001
 7.1489930e-001
 7.1506941e-001
 7.1523553e-001
 7.1539468e-001
 7.1554393e-001
 7.1567994e-001
 7.1579951e-001
 7.1589911e-001
 7.1597528e-001
 7.1602470e-001
 7.1604407e-001
 7.1603066e-001
 7.1598220e-001
 7.1589720e-001
 7.1577489e-001
 7.1561527e-001
 7.1541917e-001
 7.1518838e-001
 7.1492589e-001
 7.1463579e-001
 7.1432322e-001
 7.1399444e-001
 7.1365678e-001
 7.1331853e-001
 7.1298897e-001
 7.1267825e-001
 7.1239740e-001
 7.1208823e-001
 7.1188891e-001
 7.1175486e-001
 7.1169537e-001
 7.1171564e-001
 7.1181375e-001
 7.1197957e-001
 7.1219540e-001
 7.1243852e-001
 7.1268338e-001
 7.1290380e-001
 7.1307445e-001
 7.1317232e-001
 7.1317959e-001
 7.1308565e-001
 7.1288931e-001
 7.1259934e-001
 7.1223336e-001
 7.1181583e-001
 7.1137547e-001
 7.1094280e-001
 7.1054828e-001
 7.1022040e-001
 7.0998263e-001
 7.0985019e-001
 7.0982647e-001
 7.0990175e-001
 7.1005446e-001
 7.1025455e-001
 7.1046656e-001
 7.1065319e-001
 7.1077704e-001
 7.1080303e-001
 7.1070153e-001
 7.1045154e-001
 7.1004415e-001
 7.0948339e-001
 7.0878530e-001
 7.0797491e-001
 7.0708203e-001
 7.0613927e-001
 7.0517951e-001
 7.0423466e-001
 7.0333403e-001
 7.0250183e-001
 7.0175606e-001
 7.0110738e-001
 7.0056009e-001
 7.0011371e-001
 6.9976467e-001
 6.9950819e-001
 6.9933838e-001
 6.9924903e-001
 6.9923240e-001
 6.9927919e-001
 6.9937754e-001
 6.9951284e-001
 6.9966799e-001
 6.9982421e-001
 6.9996160e-001
 7.0005983e-001
 7.0009911e-001
 7.0006078e-001
 6.9992924e-001
 6.9969368e-001
 6.9934970e-001
 6.9890028e-001
 6.9835484e-001
 6.9772774e-001
 6.9703591e-001
 6.9629765e-001
 6.9553119e-001
 6.9475251e-001
 6.9397414e-001
 6.9320148e-001
 6.9243139e-001
 6.9165051e-001
 6.9083625e-001
 6.8995982e-001
 6.8898803e-001
 6.8788660e-001
 6.8662155e-001
 6.8516159e-001
 6.8348235e-001
 6.8156928e-001
 6.7942309e-001
 6.7706054e-001
 6.7451215e-001
 6.7181975e-001
 6.6903180e-001
 6.6619855e-001
 6.6337192e-001
 6.6060072e-001
 6.5793055e-001
 6.5539938e-001
 6.5303433e-001
 6.5085244e-001
 6.4885968e-001
 6.4705533e-001
 6.4543414e-001
 6.4398807e-001
 6.4270884e-001
 6.4158720e-001
 6.4061421e-001
 6.3978040e-001
 6.3907576e-001
 6.3849026e-001
 6.3801306e-001
 6.3763338e-001
 6.3734019e-001
 6.3712227e-001
 6.3696885e-001
 6.3686919e-001
 6.3681364e-001
 6.3679361e-001
 6.3680243e-001
 6.3683546e-001
 6.3688976e-001
 6.3696373e-001
 6.3705653e-001
 6.3716775e-001
 6.3729709e-001
 6.3744432e-001
 6.3760912e-001
 6.3779098e-001
 6.3798934e-001
 6.3820350e-001
 6.3843238e-001
 6.3867503e-001
 6.3893032e-001
 6.3919705e-001
 6.3947415e-001
 6.3976038e-001
 6.4005488e-001
 6.4035678e-001
 6.4066541e-001
 6.4098048e-001
 6.4130175e-001
 6.4162940e-001
 6.4196348e-001
 6.4230418e-001
 6.4265186e-001
 6.4300686e-001
 6.4337015e-001
 6.4374304e-001
 6.4412773e-001
 6.4452726e-001
 6.4494550e-001
 6.4538682e-001
 6.4585602e-001
 6.4635777e-001
 6.4689702e-001
 6.4747781e-001
 6.4810348e-001
 6.4877558e-001
 6.4949334e-001
 6.5025371e-001
 6.5105104e-001
 6.5187836e-001
 6.5272748e-001
 6.5358967e-001
 6.5445668e-001
 6.5532017e-001
 6.5617287e-001
 6.5700954e-001
 6.5782660e-001
 6.5862346e-001
 6.5940148e-001
 6.6016346e-001
 6.6091377e-001
 6.6165662e-001
 6.6239679e-001
 6.6313845e-001
 6.6388547e-001
 6.6464072e-001
 6.6540581e-001
 6.6618109e-001
 6.6696543e-001
 6.6775680e-001
 6.6855276e-001
 6.6935045e-001
 6.7014700e-001
 6.7093939e-001
 6.7172438e-001
 6.7249876e-001
 6.7325896e-001
 6.7400134e-001
 6.7472178e-001
 6.7541605e-001
 6.7608011e-001
 6.7670959e-001
 6.7730063e-001
 6.7785007e-001
 6.7835617e-001
 6.7881978e-001
 6.7924500e-001
 6.7963958e-001
 6.8001491e-001
 6.8038452e-001
 6.8076366e-001
 6.8116784e-001
 6.8161249e-001
 6.8211114e-001
 6.8267429e-001
 6.8330693e-001
 6.8400621e-001
 6.8476135e-001
 6.8555379e-001
 6.8635988e-001
 6.8715197e-001
 6.8790174e-001
 6.8858117e-001
 6.8916404e-001
 6.8962985e-001
 6.8996626e-001
 6.9017249e-001
 6.9026071e-001
 6.9025451e-001
 6.9018608e-001
 6.9009262e-001
 6.9001347e-001
 6.8998778e-001
 6.9005215e-001
 6.9023740e-001
 6.9056451e-001
 6.9104111e-001
 6.9166011e-001
 6.9240129e-001
 6.9323421e-001
 6.9412291e-001
 6.9502884e-001
 6.9591326e-001
 6.9673878e-001
 6.9747305e-001
 6.9809127e-001
 6.9857854e-001
 6.9893181e-001
 6.9915819e-001
 6.9927239e-001
 6.9929373e-001
 6.9924355e-001
 6.9914389e-001
 6.9901597e-001
 6.9887924e-001
 6.9875008e-001
 6.9864058e-001
 6.9855785e-001
 6.9850498e-001
 6.9848180e-001
 6.9848615e-001
 6.9851506e-001
 6.9856495e-001
 6.9863224e-001
 6.9871300e-001
 6.9880289e-001
 6.9889724e-001
 6.9899070e-001
 6.9907761e-001
 6.9915187e-001
 6.9920719e-001
 6.9923741e-001
 6.9923657e-001
 6.9919974e-001
 6.9912392e-001
 6.9900906e-001
 6.9885981e-001
 6.9868517e-001
 6.9849873e-001
 6.9831723e-001
 6.9815904e-001
 6.9804353e-001
 6.9798958e-001
 6.9801486e-001
 6.9813353e-001
 6.9835472e-001
 6.9867992e-001
 6.9910276e-001
 6.9960970e-001
 7.0018137e-001
 7.0079571e-001
 7.0142907e-001
 7.0205736e-001
 7.0265800e-001
 7.0321101e-001
 7.0370018e-001
 7.0411581e-001
 7.0445448e-001
 7.0471871e-001
 7.0491523e-001
 7.0505357e-001
 7.0514435e-001
 7.0519859e-001
 7.0522684e-001
 7.0523864e-001
 7.0524186e-001
 7.0524186e-001
 7.0524114e-001
 7.0524013e-001
 7.0523709e-001
 7.0522952e-001
 7.0521420e-001
 7.0518810e-001
 7.0514846e-001
 7.0509344e-001
 7.0502287e-001
 7.0493865e-001
 7.0484501e-001
 7.0474845e-001
 7.0465690e-001
 7.0457923e-001
 7.0452476e-001
 7.0450252e-001
 7.0452088e-001
 7.0458633e-001
 7.0470256e-001
 7.0486921e-001
 7.0508170e-001
 7.0533121e-001
 7.0560622e-001
 7.0589346e-001
 7.0617890e-001
 7.0644814e-001
 7.0668733e-001
 7.0688349e-001
 7.0702517e-001
 7.0710307e-001
 7.0711040e-001
 7.0704234e-001
 7.0689577e-001
 7.0666838e-001
 7.0635873e-001
 7.0596570e-001
 7.0548892e-001
 7.0492977e-001
 7.0429265e-001
 7.0358515e-001
 7.0281893e-001
 7.0200998e-001
 7.0117629e-001
 7.0033747e-001
 6.9951421e-001
 6.9872636e-001
 6.9799227e-001
 6.9732666e-001
 6.9673878e-001
 6.9622946e-001
 6.9579083e-001
 6.9540733e-001
 6.9505715e-001
 6.9471514e-001
 6.9435477e-001
 6.9394952e-001
 6.9347423e-001
 6.9290793e-001
 6.9223559e-001
 6.9145077e-001
 6.9055635e-001
 6.8956417e-001
 6.8849188e-001
 6.8736070e-001
 6.8619448e-001
 6.8501621e-001
 6.8384773e-001
 6.8270892e-001
 6.8161374e-001
 6.8056977e-001
 6.7957681e-001
 6.7862886e-001
 6.7771411e-001
 6.7681789e-001
 6.7592472e-001
 6.7501861e-001
 6.7408419e-001
 6.7310917e-001
 6.7208421e-001
 6.7100507e-001
 6.6987389e-001
 6.6869718e-001
 6.6748530e-001
 6.6625065e-001
 6.6500747e-001
 6.6376919e-001
 6.6254818e-001
 6.6135567e-001
 6.6019833e-001
 6.5907800e-001
 6.5799201e-001
 6.5693176e-001
 6.5588552e-001
 6.5483910e-001
 6.5377808e-001
 6.5268743e-001
 6.5155280e-001
 6.5036303e-001
 6.4910948e-001
 6.4778841e-001
 6.4640242e-001
 6.4495802e-001
 6.4346552e-001
 6.4193708e-001
 6.4038700e-001
 6.3882881e-001
 6.3727629e-001
 6.3574409e-001
 6.3424563e-001
 6.3279390e-001
 6.3140297e-001
 6.3008523e-001
 6.2885314e-001
 6.2771982e-001
 6.2669724e-001
 6.2579709e-001
 6.2502956e-001
 6.2440264e-001
 6.2391919e-001
 6.2357616e-001
 6.2336373e-001
 6.2326574e-001
 6.2326163e-001
 6.2332809e-001
 6.2344044e-001
 6.2357420e-001
 6.2370551e-001
 6.2381250e-001
 6.2387681e-001
 6.2388462e-001
 6.2382728e-001
 6.2370080e-001
 6.2350446e-001
 6.2323982e-001
 6.2290919e-001
 6.2251508e-001
 6.2206018e-001
 6.2154579e-001
 6.2097239e-001
 6.2033808e-001
 6.1963975e-001
 6.1887181e-001
 6.1802733e-001
 6.1709929e-001
 6.1607963e-001
 6.1496043e-001
 6.1373514e-001
 6.1239767e-001
 6.1094457e-001
 6.0937488e-001
 6.0769212e-001
 6.0590184e-001
 6.0401160e-001
 6.0203171e-001
 5.9997189e-001
 5.9784222e-001
 5.9565508e-001
 5.9342247e-001
 5.9115827e-001
 5.8888066e-001
 5.8660907e-001
 5.8436626e-001
 5.8217621e-001
 5.8006567e-001
 5.7806039e-001
 5.7618618e-001
 5.7446939e-001
 5.7293391e-001
 5.7160139e-001
 5.7049131e-001
 5.6961882e-001
 5.6899625e-001
 5.6863368e-001
 5.6853986e-001
 5.6872225e-001
 5.6918734e-001
 5.6993842e-001
 5.7097399e-001
 5.7228374e-001
 5.7384455e-001
 5.7562101e-001
 5.7756597e-001
 5.7962203e-001
 5.8172810e-001
 5.8382064e-001
 5.8583742e-001
 5.8771902e-001
 5.8941704e-001
 5.9089857e-001
 5.9215128e-001
 5.9318757e-001
 5.9404117e-001
 5.9476089e-001
 5.9540570e-001
 5.9603840e-001
 5.9672242e-001
 5.9751713e-001
 5.9847498e-001
 5.9963500e-001
 6.0101771e-001
 6.0262454e-001
 6.0443920e-001
 6.0643083e-001
 6.0856211e-001
 6.1079222e-001
 6.1307788e-001
 6.1537957e-001
 6.1766171e-001
 6.1989713e-001
 6.2206775e-001
 6.2416905e-001
 6.2620711e-001
 6.2819463e-001
 6.3015020e-001
 6.3209456e-001
 6.3404685e-001
 6.3602531e-001
 6.3804239e-001
 6.4010239e-001
 6.4219570e-001
 6.4430124e-001
 6.4638567e-001
 6.4840519e-001
 6.5031266e-001
 6.5205848e-001
 6.5359271e-001
 6.5487051e-001
 6.5585572e-001
 6.5652698e-001
 6.5688252e-001
 6.5694356e-001
 6.5675104e-001
 6.5636086e-001
 6.5583766e-001
 6.5524977e-001
 6.5466595e-001
 6.5415037e-001
 6.5375817e-001
 6.5352935e-001
 6.5348244e-001
 6.5361273e-001
 6.5389466e-001
 6.5428692e-001
 6.5473926e-001
 6.5519762e-001
 6.5560704e-001
 6.5591609e-001
 6.5608072e-001
 6.5606904e-001
 6.5586609e-001
 6.5547538e-001
 6.5491718e-001
 6.5422475e-001
 6.5343857e-001
 6.5260261e-001
 6.5176195e-001
 6.5095919e-001
 6.5023214e-001
 6.4961034e-001
 6.4911097e-001
 6.4873827e-001
 6.4848500e-001
 6.4833546e-001
 6.4826936e-001
 6.4826417e-001
 6.4829665e-001
 6.4834321e-001
 6.4838040e-001
 6.4838463e-001
 6.4833224e-001
 6.4819968e-001
 6.4796311e-001
 6.4759886e-001
 6.4708352e-001
 6.4639354e-001
 6.4550662e-001
 6.4440036e-001
 6.4305311e-001
 6.4144540e-001
 6.3963366e-001
 6.3795531e-001
 6.3548809e-001
 6.3281292e-001
 6.2997007e-001
 6.2700075e-001
 6.2394530e-001
 6.2084603e-001
 6.1774337e-001
 6.1467838e-001
 6.1169207e-001
 6.0882097e-001
 6.0606766e-001
 6.0341316e-001
 6.0083896e-001
 5.9832597e-001
 5.9585673e-001
 5.9341216e-001
 5.9097362e-001
 5.8852232e-001
 5.8604050e-001
 5.8350921e-001
 5.8091003e-001
 5.7822353e-001
 5.7543266e-001
 5.7252055e-001
 5.6949288e-001
 5.6636685e-001
 5.6315923e-001
 5.5988890e-001
 5.5657250e-001
 5.5322754e-001
 5.4987055e-001
 5.4652071e-001
 5.4319429e-001
 5.3990912e-001
 5.3668165e-001
 5.3353077e-001
 5.3047329e-001
 5.2752656e-001
 5.2470797e-001
 5.2203429e-001
 5.1952434e-001
 5.1719332e-001
 5.1504475e-001
 5.1307476e-001
 5.1128125e-001
 5.0966024e-001
 5.0820845e-001
 5.0692236e-001
 5.0579929e-001
 5.0483561e-001
 5.0402802e-001
 5.0337315e-001
 5.0286776e-001
 5.0250864e-001
 5.0229245e-001
 5.0221586e-001
 5.0227571e-001
 5.0246847e-001
 5.0279111e-001
 5.0324005e-001
 5.0381237e-001
 5.0450438e-001
 5.0531298e-001
 5.0623435e-001
 5.0726217e-001
 5.0838733e-001
 5.0960171e-001
 5.1089662e-001
 5.1226395e-001
 5.1369524e-001
 5.1518166e-001
 5.1671481e-001
 5.1828635e-001
 5.1988816e-001
 5.2151114e-001
 5.2314717e-001
 5.2478755e-001
 5.2642447e-001
 5.2804863e-001
 5.2965194e-001
 5.3122592e-001
 5.3276217e-001
 5.3425246e-001
 5.3568774e-001
 5.3705984e-001
 5.3836042e-001
 5.3958106e-001
 5.4071295e-001
 5.4174781e-001
 5.4267806e-001
 5.4350364e-001
 5.4422766e-001
 5.4485363e-001
 5.4538494e-001
 5.4582512e-001
 5.4617745e-001
 5.4644537e-001
 5.4663235e-001
 5.4674160e-001
 5.4677683e-001
 5.4674113e-001
 5.4663813e-001
 5.4647118e-001
 5.4624361e-001
 5.4595894e-001
 5.4562062e-001
 5.4523188e-001
 5.4479605e-001
 5.4431701e-001
 5.4379773e-001
 5.4324174e-001
 5.4265249e-001
 5.4203326e-001
 5.4138762e-001
 5.4071897e-001
 5.4003066e-001
 5.3932589e-001
 5.3860855e-001
 5.3788155e-001
 5.3714854e-001
 5.3641021e-001
 5.3566748e-001
 5.3492045e-001
