s07_ASD Record=13696: Magnetite_skarn BR93-5B       BECKb AREF
 6.1646789e-002
 6.1967053e-002
 6.2296867e-002
 6.2632330e-002
 6.2966816e-002
 6.3292481e-002
 6.3602708e-002
 6.3893966e-002
 6.4166561e-002
 6.4423904e-002
 6.4670853e-002
 6.4912058e-002
 6.5151043e-002
 6.5389946e-002
 6.5629624e-002
 6.5870583e-002
 6.6114120e-002
 6.6363074e-002
 6.6621244e-002
 6.6892117e-002
 6.7177176e-002
 6.7474827e-002
 6.7781016e-002
 6.8090819e-002
 6.8400241e-002
 6.8706997e-002
 6.9010310e-002
 6.9309682e-002
 6.9604114e-002
 6.9893077e-002
 7.0177905e-002
 7.0461825e-002
 7.0748642e-002
 7.1041733e-002
 7.1342424e-002
 7.1648411e-002
 7.1954936e-002
 7.2257072e-002
 7.2551437e-002
 7.2836302e-002
 7.3110521e-002
 7.3372208e-002
 7.3618539e-002
 7.3846966e-002
 7.4056864e-002
 7.4250914e-002
 7.4435204e-002
 7.4618123e-002
 7.4807897e-002
 7.5009845e-002
 7.5224407e-002
 7.5447120e-002
 7.5671054e-002
 7.5890422e-002
 7.6103911e-002
 7.6315910e-002
 7.6535672e-002
 7.6772757e-002
 7.7032894e-002
 7.7318214e-002
 7.7615723e-002
 7.7905752e-002
 7.8179806e-002
 7.8430362e-002
 7.8654148e-002
 7.8866750e-002
 7.9089835e-002
 7.9337403e-002
 7.9613246e-002
 7.9908967e-002
 8.0206506e-002
 8.0486588e-002
 8.0737948e-002
 8.0962464e-002
 8.1175305e-002
 8.1400752e-002
 8.1664003e-002
 8.1981085e-002
 8.2350649e-002
 8.2751937e-002
 8.3151437e-002
 8.3516218e-002
 8.3828025e-002
 8.4090300e-002
 8.4324539e-002
 8.4558077e-002
 8.4810793e-002
 8.5087843e-002
 8.5381284e-002
 8.5678518e-002
 8.5971482e-002
 8.6260952e-002
 8.6552858e-002
 8.6849280e-002
 8.7140962e-002
 8.7407611e-002
 8.7628536e-002
 8.7798662e-002
 8.7937817e-002
 8.8082843e-002
 8.8266477e-002
 8.8496462e-002
 8.8750072e-002
 8.8987276e-002
 8.9175947e-002
 8.9316927e-002
 8.9445703e-002
 8.9606449e-002
 8.9819692e-002
 9.0069167e-002
 9.0318054e-002
 9.0538904e-002
 9.0731971e-002
 9.0920083e-002
 9.1129087e-002
 9.1371089e-002
 9.1640927e-002
 9.1924779e-002
 9.2211127e-002
 9.2494138e-002
 9.2767842e-002
 9.3021564e-002
 9.3246296e-002
 9.3446836e-002
 9.3644053e-002
 9.3861669e-002
 9.4110608e-002
 9.4386436e-002
 9.4680063e-002
 9.4987430e-002
 9.5307745e-002
 9.5635019e-002
 9.5955394e-002
 9.6255712e-002
 9.6533917e-002
 9.6798293e-002
 9.7055502e-002
 9.7303107e-002
 9.7537376e-002
 9.7766414e-002
 9.8008938e-002
 9.8277219e-002
 9.8566987e-002
 9.8870277e-002
 9.9195719e-002
 9.9563524e-002
 9.9971622e-002
 1.0037342e-001
 1.0070540e-001
 1.0094669e-001
 1.0114798e-001
 1.0139444e-001
 1.0173573e-001
 1.0214936e-001
 1.0256906e-001
 1.0294849e-001
 1.0329852e-001
 1.0366457e-001
 1.0406958e-001
 1.0448433e-001
 1.0485764e-001
 1.0517292e-001
 1.0546642e-001
 1.0578564e-001
 1.0613388e-001
 1.0646215e-001
 1.0671876e-001
 1.0690539e-001
 1.0708074e-001
 1.0730759e-001
 1.0759836e-001
 1.0791577e-001
 1.0822308e-001
 1.0852170e-001
 1.0883348e-001
 1.0916159e-001
 1.0948785e-001
 1.0980194e-001
 1.1011151e-001
 1.1042195e-001
 1.1072597e-001
 1.1101802e-001
 1.1130273e-001
 1.1157996e-001
 1.1182974e-001
 1.1202338e-001
 1.1215509e-001
 1.1226643e-001
 1.1243469e-001
 1.1271882e-001
 1.1309984e-001
 1.1348359e-001
 1.1378217e-001
 1.1398843e-001
 1.1415655e-001
 1.1433005e-001
 1.1452046e-001
 1.1473691e-001
 1.1498958e-001
 1.1526831e-001
 1.1555555e-001
 1.1584897e-001
 1.1613183e-001
 1.1634609e-001
 1.1645667e-001
 1.1652757e-001
 1.1666468e-001
 1.1688494e-001
 1.1710607e-001
 1.1726738e-001
 1.1739958e-001
 1.1755902e-001
 1.1773805e-001
 1.1787604e-001
 1.1795064e-001
 1.1802215e-001
 1.1816195e-001
 1.1835865e-001
 1.1853684e-001
 1.1866409e-001
 1.1880228e-001
 1.1904778e-001
 1.1943955e-001
 1.1991701e-001
 1.2034674e-001
 1.2060235e-001
 1.2065784e-001
 1.2061661e-001
 1.2062810e-001
 1.2076101e-001
 1.2095942e-001
 1.2111527e-001
 1.2117306e-001
 1.2116966e-001
 1.2118395e-001
 1.2125226e-001
 1.2133277e-001
 1.2135256e-001
 1.2129115e-001
 1.2120989e-001
 1.2118606e-001
 1.2122981e-001
 1.2129223e-001
 1.2134589e-001
 1.2142318e-001
 1.2156419e-001
 1.2174141e-001
 1.2185609e-001
 1.2182901e-001
 1.2169756e-001
 1.2159110e-001
 1.2160240e-001
 1.2170322e-001
 1.2178586e-001
 1.2177003e-001
 1.2165830e-001
 1.2150297e-001
 1.2135975e-001
 1.2125431e-001
 1.2116847e-001
 1.2108840e-001
 1.2106264e-001
 1.2116963e-001
 1.2143484e-001
 1.2178193e-001
 1.2204815e-001
 1.2210497e-001
 1.2199268e-001
 1.2185286e-001
 1.2173856e-001
 1.2161046e-001
 1.2149546e-001
 1.2151398e-001
 1.2172017e-001
 1.2199048e-001
 1.2212294e-001
 1.2203565e-001
 1.2184825e-001
 1.2176639e-001
 1.2188290e-001
 1.2210615e-001
 1.2226824e-001
 1.2228153e-001
 1.2218358e-001
 1.2208058e-001
 1.2208073e-001
 1.2221186e-001
 1.2235872e-001
 1.2236299e-001
 1.2222691e-001
 1.2211727e-001
 1.2213571e-001
 1.2221588e-001
 1.2228127e-001
 1.2234774e-001
 1.2242089e-001
 1.2244884e-001
 1.2243909e-001
 1.2247956e-001
 1.2258065e-001
 1.2263215e-001
 1.2257650e-001
 1.2249821e-001
 1.2248889e-001
 1.2253956e-001
 1.2260901e-001
 1.2269373e-001
 1.2278426e-001
 1.2283514e-001
 1.2282851e-001
 1.2282417e-001
 1.2290702e-001
 1.2308630e-001
 1.2325786e-001
 1.2329366e-001
 1.2318480e-001
 1.2304317e-001
 1.2295344e-001
 1.2290026e-001
 1.2284540e-001
 1.2282635e-001
 1.2290788e-001
 1.2306346e-001
 1.2317760e-001
 1.2315762e-001
 1.2301151e-001
 1.2282725e-001
 1.2269048e-001
 1.2262177e-001
 1.2258311e-001
 1.2252890e-001
 1.2244541e-001
 1.2235475e-001
 1.2229864e-001
 1.2232106e-001
 1.2244635e-001
 1.2264783e-001
 1.2283271e-001
 1.2288288e-001
 1.2274174e-001
 1.2247178e-001
 1.2221635e-001
 1.2209424e-001
 1.2212311e-001
 1.2222910e-001
 1.2231069e-001
 1.2229332e-001
 1.2215712e-001
 1.2195527e-001
 1.2181190e-001
 1.2185735e-001
 1.2211105e-001
 1.2241755e-001
 1.2255367e-001
 1.2246746e-001
 1.2223357e-001
 1.2191990e-001
 1.2164789e-001
 1.2159723e-001
 1.2177546e-001
 1.2192047e-001
 1.2182586e-001
 1.2161639e-001
 1.2152310e-001
 1.2156662e-001
 1.2160673e-001
 1.2155833e-001
 1.2147102e-001
 1.2144648e-001
 1.2148375e-001
 1.2144890e-001
 1.2127322e-001
 1.2108316e-001
 1.2101655e-001
 1.2102868e-001
 1.2099358e-001
 1.2089086e-001
 1.2081260e-001
 1.2083973e-001
 1.2092979e-001
 1.2094347e-001
 1.2083360e-001
 1.2072386e-001
 1.2069543e-001
 1.2064341e-001
 1.2049606e-001
 1.2038995e-001
 1.2043747e-001
 1.2050334e-001
 1.2040098e-001
 1.2016469e-001
 1.1999598e-001
 1.2002552e-001
 1.2017309e-001
 1.2022094e-001
 1.2007748e-001
 1.1990654e-001
 1.1988338e-001
 1.2002778e-001
 1.2017377e-001
 1.2013925e-001
 1.1989822e-001
 1.1953720e-001
 1.1919829e-001
 1.1899894e-001
 1.1896804e-001
 1.1905942e-001
 1.1919957e-001
 1.1930960e-001
 1.1931347e-001
 1.1916935e-001
 1.1893032e-001
 1.1873632e-001
 1.1870901e-001
 1.1883347e-001
 1.1896156e-001
 1.1894110e-001
 1.1873750e-001
 1.1843490e-001
 1.1814162e-001
 1.1792071e-001
 1.1778475e-001
 1.1772467e-001
 1.1772250e-001
 1.1775504e-001
 1.1779826e-001
 1.1782753e-001
 1.1781528e-001
 1.1773268e-001
 1.1759946e-001
 1.1739939e-001
 1.1719842e-001
 1.1703306e-001
 1.1690805e-001
 1.1681546e-001
 1.1674728e-001
 1.1669508e-001
 1.1664695e-001
 1.1658970e-001
 1.1651011e-001
 1.1639784e-001
 1.1626120e-001
 1.1611605e-001
 1.1597830e-001
 1.1586092e-001
 1.1575729e-001
 1.1565287e-001
 1.1553308e-001
 1.1538606e-001
 1.1521753e-001
 1.1501099e-001
 1.1484019e-001
 1.1468862e-001
 1.1456064e-001
 1.1445235e-001
 1.1435951e-001
 1.1427787e-001
 1.1420298e-001
 1.1412586e-001
 1.1403301e-001
 1.1391076e-001
 1.1374542e-001
 1.1352441e-001
 1.1325982e-001
 1.1298800e-001
 1.1274643e-001
 1.1257245e-001
 1.1250167e-001
 1.1252788e-001
 1.1260404e-001
 1.1268140e-001
 1.1271118e-001
 1.1264464e-001
 1.1244948e-001
 1.1215749e-001
 1.1181591e-001
 1.1147208e-001
 1.1117319e-001
 1.1096660e-001
 1.1088521e-001
 1.1090692e-001
 1.1099630e-001
 1.1111798e-001
 1.1123658e-001
 1.1131667e-001
 1.1132288e-001
 1.1122962e-001
 1.1104872e-001
 1.1080085e-001
 1.1050678e-001
 1.1018714e-001
 1.0986274e-001
 1.0955421e-001
 1.0928234e-001
 1.0906246e-001
 1.0889014e-001
 1.0875612e-001
 1.0865118e-001
 1.0856611e-001
 1.0849170e-001
 1.0841872e-001
 1.0833795e-001
 1.0824170e-001
 1.0812787e-001
 1.0799571e-001
 1.0784443e-001
 1.0767331e-001
 1.0748149e-001
 1.0726831e-001
 1.0703292e-001
 1.0677590e-001
 1.0650261e-001
 1.0621957e-001
 1.0593327e-001
 1.0565014e-001
 1.0537673e-001
 1.0511948e-001
 1.0488495e-001
 1.0467957e-001
 1.0450986e-001
 1.0438229e-001
 1.0430338e-001
 1.0427673e-001
 1.0429558e-001
 1.0435079e-001
 1.0443321e-001
 1.0453375e-001
 1.0464324e-001
 1.0475257e-001
 1.0485262e-001
 1.0493422e-001
 1.0498826e-001
 1.0500562e-001
 1.0497715e-001
 1.0489700e-001
 1.0477087e-001
 1.0460713e-001
 1.0441406e-001
 1.0420007e-001
 1.0397339e-001
 1.0374243e-001
 1.0351547e-001
 1.0330089e-001
 1.0310697e-001
 1.0294206e-001
 1.0281136e-001
 1.0270912e-001
 1.0262719e-001
 1.0255738e-001
 1.0249154e-001
 1.0242150e-001
 1.0233910e-001
 1.0223617e-001
 1.0210457e-001
 1.0193609e-001
 1.0172612e-001
 1.0148214e-001
 1.0121420e-001
 1.0093252e-001
 1.0064710e-001
 1.0036816e-001
 1.0010575e-001
 9.9870019e-002
 9.9671058e-002
 9.9519029e-002
 9.9420071e-002
 9.9367090e-002
 9.9350035e-002
 9.9358924e-002
 9.9383727e-002
 9.9414460e-002
 9.9441089e-002
 9.9453621e-002
 9.9442042e-002
 9.9396355e-002
 9.9310227e-002
 9.9189848e-002
 9.9044032e-002
 9.8881543e-002
 9.8711222e-002
 9.8541826e-002
 9.8382197e-002
 9.8241113e-002
 9.8127380e-002
 9.8046020e-002
 9.7989403e-002
 9.7947337e-002
 9.7909577e-002
 9.7865902e-002
 9.7806081e-002
 9.7719915e-002
 9.7597152e-002
 9.7432263e-002
 9.7235113e-002
 9.7018823e-002
 9.6796378e-002
 9.6580908e-002
 9.6385434e-002
 9.6223056e-002
 9.6106805e-002
 9.6044995e-002
 9.6030384e-002
 9.6052617e-002
 9.6101299e-002
 9.6166052e-002
 9.6236497e-002
 9.6302256e-002
 9.6352927e-002
 9.6379109e-002
 9.6374400e-002
 9.6333072e-002
 9.6249878e-002
 9.6111424e-002
 9.5919833e-002
 9.5675796e-002
 9.5390826e-002
 9.5087126e-002
 9.4794400e-002
 9.4545908e-002
 9.4374560e-002
 9.4305448e-002
 9.4343163e-002
 9.4464071e-002
 9.4624512e-002
 9.4773285e-002
 9.4861180e-002
 9.4850995e-002
 9.4728425e-002
 9.4505467e-002
 9.4213843e-002
 9.3894497e-002
 9.3588844e-002
 9.3330957e-002
 9.3140908e-002
 9.3022317e-002
 9.2965961e-002
 9.2955746e-002
 9.2973433e-002
 9.3001321e-002
 9.3023591e-002
 9.3026727e-002
 9.2999287e-002
 9.2931703e-002
 9.2817344e-002
 9.2654862e-002
 9.2450708e-002
 9.2219859e-002
 9.1983996e-002
 9.1767676e-002
 9.1593437e-002
 9.1476426e-002
 9.1629930e-002
 9.1550969e-002
 9.1479018e-002
 9.1407709e-002
 9.1330044e-002
 9.1239646e-002
 9.1131836e-002
 9.1004476e-002
 9.0858854e-002
 9.0700038e-002
 9.0536878e-002
 9.0381183e-002
 9.0246163e-002
 9.0144187e-002
 9.0084404e-002
 9.0070888e-002
 9.0101667e-002
 9.0168752e-002
 9.0259321e-002
 9.0357766e-002
 9.0448402e-002
 9.0517737e-002
 9.0556316e-002
 9.0559624e-002
 9.0528056e-002
 9.0466514e-002
 9.0383679e-002
 9.0290219e-002
 9.0196788e-002
 9.0111755e-002
 9.0039648e-002
 8.9980870e-002
 8.9932263e-002
 8.9888431e-002
 8.9843288e-002
 8.9791417e-002
 8.9729249e-002
 8.9655578e-002
 8.9571692e-002
 8.9480914e-002
 8.9387886e-002
 8.9297757e-002
 8.9215443e-002
 8.9144975e-002
 8.9089327e-002
 8.9050293e-002
 8.9028671e-002
 8.9024529e-002
 8.9037441e-002
 8.9066640e-002
 8.9111067e-002
 8.9169256e-002
 8.9239180e-002
 8.9318164e-002
 8.9402795e-002
 8.9489125e-002
 8.9572884e-002
 8.9649841e-002
 8.9716241e-002
 8.9769006e-002
 8.9806035e-002
 8.9826219e-002
 8.9829482e-002
 8.9816749e-002
 8.9789994e-002
 8.9752242e-002
 8.9707628e-002
 8.9661263e-002
 8.9618929e-002
 8.9586541e-002
 8.9569300e-002
 8.9570865e-002
 8.9592554e-002
 8.9632951e-002
 8.9687966e-002
 8.9751512e-002
 8.9816660e-002
 8.9876927e-002
 8.9927629e-002
 8.9966692e-002
 8.9994997e-002
 9.0015940e-002
 9.0034559e-002
 9.0056285e-002
 9.0085693e-002
 9.0125546e-002
 9.0176299e-002
 9.0236083e-002
 9.0301253e-002
 9.0367191e-002
 9.0429246e-002
 9.0483658e-002
 9.0528220e-002
 9.0562604e-002
 9.0588354e-002
 9.0608537e-002
 9.0627134e-002
 9.0648286e-002
 9.0675570e-002
 9.0711355e-002
 9.0756416e-002
 9.0809807e-002
 9.0869009e-002
 9.0930387e-002
 9.0989813e-002
 9.1043323e-002
 9.1087848e-002
 9.1121651e-002
 9.1144674e-002
 9.1158479e-002
 9.1165997e-002
 9.1170982e-002
 9.1177396e-002
 9.1188796e-002
 9.1207825e-002
 9.1235965e-002
 9.1273457e-002
 9.1319546e-002
 9.1372788e-002
 9.1431506e-002
 9.1494150e-002
 9.1559544e-002
 9.1627002e-002
 9.1696195e-002
 9.1766968e-002
 9.1838978e-002
 9.1911398e-002
 9.1982767e-002
 9.2050895e-002
 9.2113093e-002
 9.2166498e-002
 9.2208587e-002
 9.2237689e-002
 9.2253357e-002
 9.2256621e-002
 9.2249900e-002
 9.2236727e-002
 9.2221268e-002
 9.2207745e-002
 9.2199899e-002
 9.2200622e-002
 9.2211731e-002
 9.2233978e-002
 9.2267230e-002
 9.2310719e-002
 9.2363372e-002
 9.2423998e-002
 9.2491485e-002
 9.2564747e-002
 9.2642650e-002
 9.2723891e-002
 9.2806727e-002
 9.2888929e-002
 9.2967622e-002
 9.3039468e-002
 9.3100846e-002
 9.3148202e-002
 9.3178481e-002
 9.3189575e-002
 9.3180664e-002
 9.3152449e-002
 9.3107209e-002
 9.3048610e-002
 9.2981331e-002
 9.2910513e-002
 9.2841178e-002
 9.2777655e-002
 9.2723183e-002
 9.2679672e-002
 9.2647865e-002
 9.2627652e-002
 9.2618614e-002
 9.2620648e-002
 9.2634410e-002
 9.2661612e-002
 9.2704937e-002
 9.2767641e-002
 9.2852890e-002
 9.2962965e-002
 9.3098424e-002
 9.3257591e-002
 9.3436204e-002
 9.3627580e-002
 9.3823172e-002
 9.4013304e-002
 9.4188377e-002
 9.4339825e-002
 9.4461150e-002
 9.4548613e-002
 9.4601423e-002
 9.4621658e-002
 9.4613649e-002
 9.4583176e-002
 9.4536498e-002
 9.4479457e-002
 9.4416842e-002
 9.4351970e-002
 9.4286740e-002
 9.4221883e-002
 9.4157524e-002
 9.4093785e-002
 9.4031252e-002
 9.3971401e-002
 9.3916543e-002
 9.3869597e-002
 9.3833566e-002
 9.3810849e-002
 9.3802638e-002
 9.3808517e-002
 9.3826324e-002
 9.3852505e-002
 9.3882680e-002
 9.3912438e-002
 9.3938142e-002
 9.3957491e-002
 9.3969800e-002
 9.3975924e-002
 9.3977869e-002
 9.3978271e-002
 9.3979813e-002
 9.3984798e-002
 9.3994923e-002
 9.4011165e-002
 9.4033889e-002
 9.4062939e-002
 9.4097711e-002
 9.4137192e-002
 9.4179913e-002
 9.4223894e-002
 9.4266690e-002
 9.4305485e-002
 9.4337411e-002
 9.4359905e-002
 9.4371133e-002
 9.4370417e-002
 9.4358511e-002
 9.4337605e-002
 9.4311200e-002
 9.4283618e-002
 9.4259366e-002
 9.4242454e-002
 9.4235666e-002
 9.4240069e-002
 9.4254836e-002
 9.4277352e-002
 9.4303742e-002
 9.4329640e-002
 9.4351016e-002
 9.4364993e-002
 9.4370425e-002
 9.4368033e-002
 9.4360270e-002
 9.4350785e-002
 9.4343722e-002
 9.4342917e-002
 9.4351240e-002
 9.4370134e-002
 9.4399363e-002
 9.4437100e-002
 9.4480202e-002
 9.4524652e-002
 9.4566084e-002
 9.4600417e-002
 9.4624355e-002
 9.4635911e-002
 9.4634749e-002
 9.4622351e-002
 9.4601952e-002
 9.4578266e-002
 9.4556935e-002
 9.4543770e-002
 9.4544016e-002
 9.4561569e-002
 9.4598413e-002
 9.4654366e-002
 9.4727181e-002
 9.4812855e-002
 9.4906315e-002
 9.5002055e-002
 9.5094770e-002
 9.5179945e-002
 9.5254026e-002
 9.5314689e-002
 9.5360748e-002
 9.5392190e-002
 9.5410116e-002
 9.5416702e-002
 9.5415190e-002
 9.5409706e-002
 9.5404990e-002
 9.5405966e-002
 9.5417149e-002
 9.5442042e-002
 9.5482573e-002
 9.5538713e-002
 9.5608465e-002
 9.5687993e-002
 9.5772207e-002
 9.5855460e-002
 9.5932290e-002
 9.5998131e-002
 9.6049860e-002
 9.6086025e-002
 9.6106939e-002
 9.6114360e-002
 9.6111111e-002
 9.6100591e-002
 9.6086264e-002
 9.6071288e-002
 9.6058279e-002
 9.6049249e-002
 9.6045732e-002
 9.6048929e-002
 9.6059926e-002
 9.6079811e-002
 9.6109696e-002
 9.6150637e-002
 9.6203417e-002
 9.6268408e-002
 9.6345320e-002
 9.6433140e-002
 9.6530117e-002
 9.6633747e-002
 9.6740931e-002
 9.6847981e-002
 9.6950747e-002
 9.7044811e-002
 9.7125635e-002
 9.7188987e-002
 9.7231373e-002
 9.7250678e-002
 9.7246736e-002
 9.7221740e-002
 9.7180277e-002
 9.7129069e-002
 9.7076118e-002
 9.7029589e-002
 9.6996590e-002
 9.6981972e-002
 9.6987620e-002
 9.7012214e-002
 9.7051650e-002
 9.7099937e-002
 9.7150438e-002
 9.7197190e-002
 9.7235993e-002
 9.7265124e-002
 9.7285539e-002
 9.7300500e-002
 9.7314827e-002
 9.7333826e-002
 9.7362190e-002
 9.7403035e-002
 9.7457319e-002
 9.7523682e-002
 9.7598694e-002
 9.7677618e-002
 9.7755156e-002
 9.7826391e-002
 9.7887427e-002
 9.7935617e-002
 9.7969510e-002
 9.7988345e-002
 9.7991377e-002
 9.7977199e-002
 9.7943261e-002
 9.7885735e-002
 9.7799882e-002
 9.7680941e-002
 9.7525202e-002
 9.7331449e-002
 9.7102083e-002
 9.6843734e-002
 9.6567437e-002
 9.6287556e-002
 9.6020408e-002
 9.5782019e-002
 9.5585778e-002
 9.5440678e-002
 9.5349900e-002
 9.5310718e-002
 9.5315188e-002
 9.5351771e-002
 9.5407382e-002
 9.5469527e-002
 9.5528014e-002
 9.5576145e-002
 9.5611073e-002
 9.5633522e-002
 9.5646992e-002
 9.5656767e-002
 9.5668815e-002
 9.5689036e-002
 9.5722742e-002
 9.5774524e-002
 9.5848389e-002
 9.5947944e-002
 9.6076608e-002
 9.6237436e-002
 9.6432693e-002
 9.6663244e-002
 9.6927494e-002
 9.7220905e-002
 9.7535424e-002
 9.7859800e-002
 9.8180659e-002
 9.8483726e-002
 9.8755971e-002
 9.8987184e-002
 9.9171482e-002
 9.9308111e-002
 9.9401154e-002
 9.9458732e-002
 9.9491410e-002
 9.9510349e-002
 9.9525578e-002
 9.9544533e-002
 9.9571273e-002
 9.9606350e-002
 9.9647328e-002
 9.9689849e-002
 9.9728815e-002
 9.9759601e-002
 9.9778868e-002
 9.9784903e-002
 9.9777445e-002
 9.9757113e-002
 9.9724725e-002
 9.9680752e-002
 9.9625207e-002
 9.9557988e-002
 9.9479638e-002
 9.9392287e-002
 9.9300377e-002
 9.9210978e-002
 9.9133290e-002
 9.9077620e-002
 9.9053733e-002
 9.9069104e-002
 9.9127442e-002
 9.9227719e-002
 9.9364109e-002
 9.9526592e-002
 9.9702381e-002
 9.9877596e-002
 1.0003912e-001
 1.0017632e-001
 1.0028207e-001
 1.0035350e-001
 1.0039184e-001
 1.0040200e-001
 1.0039152e-001
 1.0036946e-001
 1.0034519e-001
 1.0032734e-001
 1.0032301e-001
 1.0033724e-001
 1.0037282e-001
 1.0043028e-001
 1.0050801e-001
 1.0060249e-001
 1.0070861e-001
 1.0081991e-001
 1.0092901e-001
 1.0102815e-001
 1.0110963e-001
 1.0116659e-001
 1.0119364e-001
 1.0118748e-001
 1.0114743e-001
 1.0107563e-001
 1.0097701e-001
 1.0085899e-001
 1.0073087e-001
 1.0060295e-001
 1.0048573e-001
 1.0038877e-001
 1.0031992e-001
 1.0028457e-001
 1.0028509e-001
 1.0032072e-001
 1.0038765e-001
 1.0047947e-001
 1.0058785e-001
 1.0070352e-001
 1.0081708e-001
 1.0092013e-001
 1.0100584e-001
 1.0106966e-001
 1.0110939e-001
 1.0112511e-001
 1.0111882e-001
 1.0109387e-001
 1.0105444e-001
 1.0100494e-001
 1.0094970e-001
 1.0089270e-001
 1.0083743e-001
 1.0078678e-001
 1.0074288e-001
 1.0070696e-001
 1.0067915e-001
 1.0065835e-001
 1.0064226e-001
 1.0062768e-001
 1.0061105e-001
 1.0058924e-001
 1.0056029e-001
 1.0052422e-001
 1.0048348e-001
 1.0044293e-001
 1.0040954e-001
 1.0039151e-001
 1.0039732e-001
 1.0043463e-001
 1.0050922e-001
 1.0062396e-001
 1.0077817e-001
 1.0096712e-001
 1.0118202e-001
 1.0141097e-001
 1.0163981e-001
 1.0185356e-001
 1.0203733e-001
 1.0217718e-001
 1.0226114e-001
 1.0228072e-001
 1.0223250e-001
 1.0211931e-001
 1.0195097e-001
 1.0174358e-001
 1.0151790e-001
 1.0129648e-001
 1.0110051e-001
 1.0094625e-001
 1.0084248e-001
 1.0079040e-001
 1.0078467e-001
 1.0081568e-001
 1.0087191e-001
 1.0094219e-001
 1.0101712e-001
 1.0109011e-001
 1.0115777e-001
 1.0121969e-001
 1.0127794e-001
 1.0133597e-001
 1.0139766e-001
 1.0146639e-001
 1.0154410e-001
 1.0163093e-001
 1.0172484e-001
 1.0182182e-001
 1.0191632e-001
 1.0200189e-001
 1.0207197e-001
 1.0212058e-001
 1.0214289e-001
 1.0213562e-001
 1.0209715e-001
 1.0202801e-001
 1.0193091e-001
 1.0181075e-001
 1.0167418e-001
 1.0152931e-001
 1.0138487e-001
 1.0124939e-001
 1.0113047e-001
 1.0103379e-001
 1.0096249e-001
 1.0091653e-001
 1.0089259e-001
 1.0088456e-001
 1.0088458e-001
 1.0088420e-001
 1.0087565e-001
 1.0085295e-001
 1.0081269e-001
 1.0075428e-001
 1.0068002e-001
 1.0059472e-001
 1.0050490e-001
 1.0041790e-001
 1.0034072e-001
 1.0027913e-001
 1.0023698e-001
 1.0021577e-001
 1.0021477e-001
 1.0023130e-001
 1.0026129e-001
 1.0029989e-001
 1.0034207e-001
 1.0038316e-001
 1.0041920e-001
 1.0044717e-001
 1.0046513e-001
 1.0047223e-001
 1.0046855e-001
 1.0045511e-001
 1.0043351e-001
 1.0040579e-001
 1.0037407e-001
 1.0034028e-001
 1.0030577e-001
 1.0027113e-001
 1.0023599e-001
 1.0019902e-001
 1.0015812e-001
 1.0011068e-001
 1.0005411e-001
 9.9986307e-002
 9.9906161e-002
 9.9813968e-002
 9.9711627e-002
 9.9602565e-002
 9.9491604e-002
 9.9384487e-002
 9.9287257e-002
 9.9205814e-002
 9.9145219e-002
 9.9109307e-002
 9.9100329e-002
 9.9118717e-002
 9.9163026e-002
 9.9229962e-002
 9.9314511e-002
 9.9410176e-002
 9.9509411e-002
 9.9604063e-002
 9.9686071e-002
 9.9748142e-002
 9.9784501e-002
 9.9791557e-002
 9.9768341e-002
 9.9716693e-002
 9.9641114e-002
 9.9548310e-002
 9.9446349e-002
 9.9343881e-002
 9.9249117e-002
 9.9168986e-002
 9.9108607e-002
 9.9070840e-002
 9.9056304e-002
 9.9063516e-002
 9.9089250e-002
 9.9128984e-002
 9.9177346e-002
 9.9228598e-002
 9.9277027e-002
 9.9317357e-002
 9.9345073e-002
 9.9356771e-002
 9.9350385e-002
 9.9325337e-002
 9.9282607e-002
 9.9224545e-002
 9.9154495e-002
 9.9076487e-002
 9.8994806e-002
 9.8913603e-002
 9.8836623e-002
 9.8766930e-002
 9.8706841e-002
 9.8657697e-002
 9.8619811e-002
 9.8592445e-002
 9.8573908e-002
 9.8561600e-002
 9.8552272e-002
 9.8542258e-002
 9.8527931e-002
 9.8506145e-002
 9.8474912e-002
 9.8434046e-002
 9.8385781e-002
 9.8335177e-002
 9.8289989e-002
 9.8260030e-002
 9.8256148e-002
 9.8288797e-002
 9.8366551e-002
 9.8494627e-002
 9.8673932e-002
 9.8900430e-002
 9.9165335e-002
 9.9455357e-002
 9.9754013e-002
 1.0004349e-001
 1.0030647e-001
 1.0052831e-001
 1.0069900e-001
 1.0081412e-001
 1.0087553e-001
 1.0089070e-001
 1.0087145e-001
 1.0083199e-001
 1.0078668e-001
 1.0074778e-001
 1.0072354e-001
 1.0071696e-001
 1.0072532e-001
 1.0074059e-001
 1.0075061e-001
 1.0074094e-001
 1.0069701e-001
 1.0060625e-001
 1.0046003e-001
 1.0025486e-001
 9.9993080e-002
 9.9682644e-002
 9.9336073e-002
 9.8969266e-002
 9.8599747e-002
 9.8244816e-002
 9.7920358e-002
 9.7639382e-002
 9.7411618e-002
 9.7243093e-002
 9.7136177e-002
 9.7089946e-002
 9.7100526e-002
 9.7161494e-002
 9.7264253e-002
 9.7398445e-002
 9.7552344e-002
 9.7713493e-002
 9.7869277e-002
 9.8007888e-002
 9.8119259e-002
 9.8195918e-002
 9.8233849e-002
 9.8232903e-002
 9.8196901e-002
 9.8133206e-002
 9.8051906e-002
 9.7964540e-002
 9.7882807e-002
 9.7817145e-002
 9.7775511e-002
 9.7762644e-002
 9.7779647e-002
 9.7824164e-002
 9.7890936e-002
 9.7972721e-002
 9.8061353e-002
 9.8148860e-002
 9.8228358e-002
 9.8294728e-002
 9.8344944e-002
 9.8378040e-002
 9.8394796e-002
 9.8397210e-002
 9.8387808e-002
 9.8368995e-002
 9.8342501e-002
 9.8308988e-002
 9.8267913e-002
 9.8217614e-002
 9.8155648e-002
 9.8079272e-002
 9.7986102e-002
 9.7874627e-002
 9.7744830e-002
 9.7598486e-002
 9.7439237e-002
 9.7272515e-002
 9.7105026e-002
 9.6944310e-002
 9.6797988e-002
 9.6673071e-002
 9.6575506e-002
 9.6509643e-002
 9.6478112e-002
 9.6481703e-002
 9.6519463e-002
 9.6588939e-002
 9.6686512e-002
 9.6807636e-002
 9.6947193e-002
 9.7099684e-002
 9.7259454e-002
 9.7421035e-002
 9.7579136e-002
 9.7728789e-002
 9.7865514e-002
 9.7985230e-002
 9.8084480e-002
 9.8160192e-002
 9.8209701e-002
 9.8230883e-002
 9.8222233e-002
 9.8182917e-002
 9.8112866e-002
 9.8012872e-002
 9.7884707e-002
 9.7731359e-002
 9.7557202e-002
 9.7367860e-002
 9.7170316e-002
 9.6958548e-002
 9.6758902e-002
 9.6577048e-002
 9.6421242e-002
 9.6297868e-002
 9.6210003e-002
 9.6156761e-002
 9.6133620e-002
 9.6133530e-002
 9.6148103e-002
 9.6168518e-002
 9.6186131e-002
 9.6193023e-002
 9.6182764e-002
 9.6151173e-002
 9.6096903e-002
 9.6021563e-002
 9.5929474e-002
 9.5826969e-002
 9.5721655e-002
 9.5621698e-002
 9.5535301e-002
 9.5470197e-002
 9.5432930e-002
 9.5428005e-002
 9.5457062e-002
 9.5518529e-002
 9.5607959e-002
 9.5718816e-002
 9.5843270e-002
 9.5972955e-002
 9.6099474e-002
 9.6214741e-002
 9.6311606e-002
 9.6384339e-002
 9.6429229e-002
 9.6444741e-002
 9.6431322e-002
 9.6390903e-002
 9.6326254e-002
 9.6240625e-002
 9.6137382e-002
 9.6019998e-002
 9.5891908e-002
 9.5756494e-002
 9.5617145e-002
 9.5477134e-002
 9.5339715e-002
 9.5208123e-002
 9.5085517e-002
 9.4975054e-002
 9.4879791e-002
 9.4802640e-002
 9.4746143e-002
 9.4712235e-002
 9.4702072e-002
 9.4715908e-002
 9.4753198e-002
 9.4812810e-002
 9.4893247e-002
 9.4992802e-002
 9.5109649e-002
 9.5241748e-002
 9.5386669e-002
 9.5541410e-002
 9.5702127e-002
 9.5864043e-002
 9.6021615e-002
 9.6168630e-002
 9.6298598e-002
 9.6404873e-002
 9.6480981e-002
 9.6521050e-002
 9.6520349e-002
 9.6476160e-002
 9.6388422e-002
 9.6260108e-002
 9.6096806e-002
 9.5906153e-002
 9.5696896e-002
 9.5478326e-002
 9.5259763e-002
 9.5049866e-002
 9.4856210e-002
 9.4684169e-002
 9.4536372e-002
 9.4412334e-002
 9.4308697e-002
 9.4220079e-002
 9.4139852e-002
 9.4060838e-002
 9.3975924e-002
 9.3878493e-002
 9.3763284e-002
 9.3627222e-002
 9.3470156e-002
 9.3295299e-002
 9.3108751e-002
 9.2918873e-002
 9.2735305e-002
 9.2568181e-002
 9.2427664e-002
 9.2323147e-002
 9.2262544e-002
 9.2251115e-002
 9.2290580e-002
 9.2378743e-002
 9.2509866e-002
 9.2675596e-002
 9.2865974e-002
 9.3070425e-002
 9.3278155e-002
 9.3478844e-002
 9.3663029e-002
 9.3822867e-002
 9.3952753e-002
 9.4049439e-002
 9.4111867e-002
 9.4140626e-002
 9.4137244e-002
 9.4103761e-002
 9.4042450e-002
 9.3955830e-002
 9.3846701e-002
 9.3718417e-002
 9.3574978e-002
 9.3421184e-002
 9.3262523e-002
 9.3104944e-002
 9.2954755e-002
 9.2818268e-002
 9.2701696e-002
 9.2610732e-002
 9.2549942e-002
 9.2522137e-002
 9.2527643e-002
 9.2564084e-002
 9.2626624e-002
 9.2708647e-002
 9.2802435e-002
 9.2899814e-002
 9.2992626e-002
 9.3073159e-002
 9.3134798e-002
 9.3172707e-002
 9.3184531e-002
 9.3170635e-002
 9.3133844e-002
 9.3078770e-002
 9.3011133e-002
 9.2937134e-002
 9.2862979e-002
 9.2794560e-002
 9.2736900e-002
 9.2693575e-002
 9.2666231e-002
 9.2654333e-002
 9.2655391e-002
 9.2665471e-002
 9.2679806e-002
 9.2693232e-002
 9.2700593e-002
 9.2697076e-002
 9.2678711e-002
 9.2642866e-002
 9.2588842e-002
 9.2517965e-002
 9.2433475e-002
 9.2340000e-002
 9.2242956e-002
 9.2148162e-002
 9.2061430e-002
 9.1988325e-002
 9.1933757e-002
 9.1901496e-002
 9.1893822e-002
 9.1911308e-002
 9.1953039e-002
 9.2016958e-002
 9.2100367e-002
 9.2200205e-002
 9.2313327e-002
 9.2436537e-002
 9.2566669e-002
 9.2700690e-002
 9.2835613e-002
 9.2968650e-002
 9.3097046e-002
 9.3218178e-002
 9.3329489e-002
 9.3428463e-002
 9.3512714e-002
 9.3580216e-002
 9.3629509e-002
 9.3660243e-002
 9.3673445e-002
 9.3671739e-002
 9.3659170e-002
 9.3640812e-002
 9.3622364e-002
 9.3609773e-002
 9.3608849e-002
 9.3624905e-002
 9.3662098e-002
 9.3722694e-002
 9.3806311e-002
 9.3909740e-002
 9.4027154e-002
 9.4150856e-002
 9.4271921e-002
 9.4381057e-002
 9.4469033e-002
 9.4527267e-002
 9.4548777e-002
 9.4529159e-002
 9.4467543e-002
 9.4366968e-002
 9.4234005e-002
 9.4077773e-002
 9.3909055e-002
 9.3739189e-002
 9.3579516e-002
 9.3440853e-002
 9.3332365e-002
 9.3260705e-002
 9.3229122e-002
 9.3236953e-002
 9.3280114e-002
 9.3351945e-002
 9.3444273e-002
 9.3548253e-002
 9.3654953e-002
 9.3755782e-002
 9.3843237e-002
 9.3911558e-002
 9.3957260e-002
 9.3979530e-002
 9.3979880e-002
 9.3961574e-002
 9.3928896e-002
 9.3886636e-002
 9.3839705e-002
 9.3792967e-002
 9.3750954e-002
 9.3717679e-002
 9.3696453e-002
 9.3689799e-002
 9.3699515e-002
 9.3726873e-002
 9.3772814e-002
 9.3838096e-002
 9.3923196e-002
 9.4028227e-002
 9.4152480e-002
 9.4293922e-002
 9.4448596e-002
 9.4610654e-002
 9.4772398e-002
 9.4924703e-002
 9.5057786e-002
 9.5161572e-002
 9.5226191e-002
 9.5242828e-002
 9.5204785e-002
 9.5108837e-002
 9.4956636e-002
 9.4755106e-002
 9.4515897e-002
 9.4254375e-002
 9.3987808e-002
 9.3734354e-002
 9.3512259e-002
 9.3338430e-002
 9.3227297e-002
 9.3188964e-002
 9.3227707e-002
 9.3341298e-002
 9.3521722e-002
 9.3756519e-002
 9.4030775e-002
 9.4328426e-002
 9.4632991e-002
 9.4928749e-002
 9.5201403e-002
 9.5438913e-002
 9.5632784e-002
 9.5778130e-002
 9.5873408e-002
 9.5919490e-002
 9.5918790e-002
 9.5874436e-002
 9.5789939e-002
 9.5669009e-002
 9.5515661e-002
 9.5334500e-002
 9.5130704e-002
 9.4910197e-002
 9.4679527e-002
 9.4445877e-002
 9.4216548e-002
 9.3998916e-002
 9.3800366e-002
 9.3627602e-002
 9.3486302e-002
 9.3380436e-002
 9.3311459e-002
 9.3278155e-002
 9.3276933e-002
 9.3302369e-002
 9.3348011e-002
 9.3406945e-002
 9.3472190e-002
 9.3537249e-002
 9.3596570e-002
 9.3646221e-002
 9.3684554e-002
 9.3712367e-002
 9.3732685e-002
 9.3750194e-002
 9.3770556e-002
 9.3799852e-002
 9.3844153e-002
 9.3909122e-002
 9.3999453e-002
 9.4118141e-002
 9.4266005e-002
 9.4441399e-002
 9.4640337e-002
 9.4857268e-002
 9.5085710e-002
 9.5318526e-002
 9.5548630e-002
 9.5768958e-002
 9.5972851e-002
 9.6154027e-002
 9.6307151e-002
 9.6427664e-002
 9.6511737e-002
 9.6556149e-002
 9.6558034e-002
 9.6514784e-002
 9.6424110e-002
 9.6284397e-002
 9.6095331e-002
 9.5858946e-002
 9.5580153e-002
 9.5267162e-002
 9.4931401e-002
 9.4586298e-002
 9.4246544e-002
 9.3927614e-002
 9.3644515e-002
 9.3411252e-002
 9.3239695e-002
 9.3137711e-002
 9.3107998e-002
 9.3147524e-002
 9.3247987e-002
 9.3397297e-002
 9.3581110e-002
 9.3783908e-002
 9.3990207e-002
 9.4185181e-002
 9.4355568e-002
 9.4491020e-002
 9.4585001e-002
 9.4635211e-002
 9.4643138e-002
 9.4613142e-002
 9.4551243e-002
 9.4464302e-002
 9.4359346e-002
 9.4243228e-002
 9.4122328e-002
 9.4001956e-002
 9.3886130e-002
 9.3777500e-002
 9.3677312e-002
 9.3585856e-002
 9.3502827e-002
 9.3427695e-002
 9.3359716e-002
 9.3298025e-002
 9.3241677e-002
 9.3189396e-002
 9.3139604e-002
 9.3090363e-002
 9.3039386e-002
 9.2984132e-002
 9.2921928e-002
 9.2850082e-002
 9.2765987e-002
 9.2667282e-002
 9.2552304e-002
 9.2420340e-002
 9.2272021e-002
 9.2109628e-002
 9.1936707e-002
 9.1757841e-002
 9.1578178e-002
 9.1403209e-002
 9.1238238e-002
 9.1088086e-002
 9.0956673e-002
 9.0846062e-002
 9.0756021e-002
 9.0683803e-002
 9.0624228e-002
 9.0570450e-002
 9.0514630e-002
 9.0448529e-002
 9.0364106e-002
 9.0254225e-002
 9.0113841e-002
 8.9941218e-002
 8.9739144e-002
 8.9515626e-002
 8.9283109e-002
 8.9057378e-002
 8.8856347e-002
 8.8698491e-002
 8.8601969e-002
 8.8583067e-002
 8.8654093e-002
 8.8820629e-002
 8.9079238e-002
 8.9416221e-002
 8.9808956e-002
 9.0228193e-002
 9.0640441e-002
 9.1010891e-002
 9.1305010e-002
 9.1490604e-002
 9.1541350e-002
 9.1440283e-002
 9.1183215e-002
 9.0780370e-002
 9.0254635e-002
 8.9638241e-002
 8.8969506e-002
 8.8288806e-002
 8.7636724e-002
 8.7052383e-002
 8.6569898e-002
 8.6215869e-002
 8.6006410e-002
 8.5946225e-002
 8.6029381e-002
 8.6242400e-002
 8.6566985e-002
 8.6982749e-002
 8.7468550e-002
 8.8002816e-002
 8.8564664e-002
 8.9133948e-002
 8.9691088e-002
 9.0218015e-002
 9.0697482e-002
 9.1113091e-002
 9.1448635e-002
 9.1688693e-002
 9.1818579e-002
 9.1825396e-002
 9.1700181e-002
 9.1440134e-002
 9.1051191e-002
 9.0548597e-002
 8.9956157e-002
 8.9303799e-002
 8.8625669e-002
 8.7957017e-002
 8.7333038e-002
 8.6787574e-002
 8.6349905e-002
 8.6042501e-002
 8.5878655e-002
 8.5861035e-002
 8.5983075e-002
 8.6231165e-002
 8.6587630e-002
 8.7032780e-002
 8.7546386e-002
 8.8107951e-002
 8.8698030e-002
 8.9298464e-002
 8.9892380e-002
 9.0465248e-002
 9.1004230e-002
 9.1497399e-002
 9.1933995e-002
 9.2303626e-002
 9.2596434e-002
 9.2803232e-002
 9.2916779e-002
 9.2932545e-002
 9.2849836e-002
 9.2672192e-002
 9.2406869e-002
 9.2064157e-002
 9.1655836e-002
 9.1194443e-002
 9.0693094e-002
 9.0164468e-002
 8.9620985e-002
 8.9074217e-002
 8.8535205e-002
 8.8013552e-002
 8.7517910e-002
 8.7056600e-002
 8.6637139e-002
 8.6266801e-002
 8.5952789e-002
 8.5701413e-002
 8.5517831e-002
 8.5405171e-002
 8.5363857e-002
 8.5391156e-002
 8.5481659e-002
 8.5627839e-002
 8.5821018e-002
 8.6051986e-002
 8.6311184e-002
 8.6589344e-002
 8.6877503e-002
 8.7167419e-002
 8.7451510e-002
 8.7723367e-002
 8.7977447e-002
 8.8208675e-002
 8.8412561e-002
 8.8584833e-002
 8.8721335e-002
 8.8818491e-002
 8.8873513e-002
 8.8884979e-002
 8.8853411e-002
 8.8781402e-002
 8.8673420e-002
 8.8535368e-002
 8.8373929e-002
 8.8196121e-002
 8.8009156e-002
 8.7819926e-002
 8.7634847e-002
 8.7459654e-002
 8.7298855e-002
 8.7155774e-002
 8.7032631e-002
 8.6930908e-002
 8.6851485e-002
 8.6795032e-002
 8.6762115e-002
 8.6753123e-002
 8.6768270e-002
 8.6807422e-002
 8.6870000e-002
 8.6954921e-002
 8.7060563e-002
 8.7185100e-002
 8.7326497e-002
 8.7482683e-002
 8.7651484e-002
 8.7830834e-002
 8.8018715e-002
 8.8213027e-002
 8.8411890e-002
 8.8613458e-002
 8.8815846e-002
 8.9017361e-002
 8.9216292e-002
 8.9411035e-002
 8.9599863e-002
 8.9781232e-002
 8.9953616e-002
 9.0115428e-002
 9.0260267e-002
 9.0362504e-002
 9.0481997e-002
 9.0586588e-002
 9.0676032e-002
 9.0750083e-002
 9.0808511e-002
 9.0851001e-002
 9.0877339e-002
 9.0887256e-002
 9.0880498e-002
 9.0856947e-002
 9.0817705e-002
 9.0764582e-002
 9.0699345e-002
 9.0623826e-002
 9.0539813e-002
 9.0449110e-002
 9.0353489e-002
 9.0254754e-002
 9.0154737e-002
 9.0055212e-002
 8.9957982e-002
 8.9864813e-002
 8.9777559e-002
 8.9697808e-002
 8.9625508e-002
 8.9559749e-002
 8.9499548e-002
 8.9443989e-002
 8.9392141e-002
 8.9343019e-002
 8.9295715e-002
 8.9249283e-002
 8.9202762e-002
 8.9155212e-002
 8.9105688e-002
 8.9053258e-002
 8.8996977e-002
 8.8935889e-002
 8.8869065e-002
 8.8795535e-002
 8.8714391e-002
 8.8624820e-002
 8.8527270e-002
 8.8422857e-002
 8.8312775e-002
 8.8198103e-002
 8.8079996e-002
 8.7959558e-002
 8.7837979e-002
 8.7716356e-002
 8.7595828e-002
 8.7477528e-002
 8.7362558e-002
 8.7252110e-002
 8.7147295e-002
 8.7049238e-002
 8.6959064e-002
 8.6877920e-002
 8.6806953e-002
 8.6747274e-002
 8.6700015e-002
 8.6666338e-002
 8.6647354e-002
 8.6644016e-002
 8.6655892e-002
 8.6681783e-002
 8.6720489e-002
 8.6770818e-002
 8.6831570e-002
 8.6901568e-002
 8.6979598e-002
 8.7064460e-002
 8.7154970e-002
 8.7249950e-002
 8.7348178e-002
 8.7448463e-002
 8.7549597e-002
 8.7650441e-002
 8.7749720e-002
 8.7846301e-002
 8.7938964e-002
 8.8026501e-002
 8.8107757e-002
 8.8181503e-002
 8.8246547e-002
 8.8301696e-002
 8.8345774e-002
 8.8377565e-002
 8.8395879e-002
 8.8399656e-002
 8.8389054e-002
 8.8364817e-002
 8.8327698e-002
 8.8278420e-002
 8.8217750e-002
 8.8146403e-002
 8.8065140e-002
 8.7974727e-002
 8.7875873e-002
 8.7769322e-002
 8.7655850e-002
 8.7536193e-002
 8.7411083e-002
 8.7281242e-002
 8.7147467e-002
 8.7010488e-002
 8.6871028e-002
 8.6729810e-002
 8.6587653e-002
 8.6445257e-002
 8.6303368e-002
 8.6162724e-002
 8.6024053e-002
 8.5888147e-002
 8.5755736e-002
 8.5627541e-002
 8.5504308e-002
 8.5386813e-002
 8.5275792e-002
 8.5171901e-002
 8.5075229e-002
 8.4985659e-002
 8.4903002e-002
