s07_ASD Record=12483: Alunite0.5+Kaol_KGa-1 AMX3    BECKb AREF
 3.2734743e-001
 3.3250961e-001
 3.3774891e-001
 3.4306124e-001
 3.4844455e-001
 3.5389939e-001
 3.5942900e-001
 3.6503443e-001
 3.7071237e-001
 3.7645233e-001
 3.8223991e-001
 3.8805771e-001
 3.9388877e-001
 3.9971638e-001
 4.0552351e-001
 4.1129419e-001
 4.1701108e-001
 4.2265543e-001
 4.2820525e-001
 4.3363807e-001
 4.3893361e-001
 4.4407716e-001
 4.4906276e-001
 4.5389077e-001
 4.5856580e-001
 4.6309322e-001
 4.6748152e-001
 4.7174257e-001
 4.7589043e-001
 4.7993860e-001
 4.8389849e-001
 4.8777974e-001
 4.9158821e-001
 4.9532554e-001
 4.9899071e-001
 5.0258172e-001
 5.0609618e-001
 5.0953174e-001
 5.1288956e-001
 5.1617503e-001
 5.1939583e-001
 5.2255774e-001
 5.2566057e-001
 5.2869952e-001
 5.3166747e-001
 5.3456104e-001
 5.3738201e-001
 5.4013759e-001
 5.4283470e-001
 5.4547620e-001
 5.4805809e-001
 5.5057138e-001
 5.5300832e-001
 5.5536747e-001
 5.5765611e-001
 5.5988681e-001
 5.6207246e-001
 5.6422108e-001
 5.6633216e-001
 5.6839222e-001
 5.7038409e-001
 5.7231838e-001
 5.7420379e-001
 5.7604301e-001
 5.7784444e-001
 5.7962632e-001
 5.8139980e-001
 5.8316368e-001
 5.8490717e-001
 5.8661252e-001
 5.8826238e-001
 5.8984828e-001
 5.9137535e-001
 5.9286195e-001
 5.9433377e-001
 5.9581637e-001
 5.9732658e-001
 5.9886795e-001
 6.0042995e-001
 6.0199291e-001
 6.0353553e-001
 6.0504252e-001
 6.0650939e-001
 6.0794193e-001
 6.0935193e-001
 6.1074996e-001
 6.1214048e-001
 6.1351991e-001
 6.1487961e-001
 6.1621016e-001
 6.1750573e-001
 6.1876577e-001
 6.1999381e-001
 6.2119418e-001
 6.2236959e-001
 6.2352020e-001
 6.2464684e-001
 6.2575316e-001
 6.2684667e-001
 6.2793422e-001
 6.2901622e-001
 6.3008440e-001
 6.3112563e-001
 6.3212955e-001
 6.3309479e-001
 6.3402909e-001
 6.3494259e-001
 6.3584393e-001
 6.3674307e-001
 6.3765514e-001
 6.3859493e-001
 6.3956475e-001
 6.4054883e-001
 6.4152431e-001
 6.4247900e-001
 6.4341915e-001
 6.4435977e-001
 6.4530921e-001
 6.4626241e-001
 6.4720672e-001
 6.4813125e-001
 6.4903164e-001
 6.4991122e-001
 6.5078300e-001
 6.5167069e-001
 6.5260172e-001
 6.5359187e-001
 6.5463090e-001
 6.5568328e-001
 6.5670705e-001
 6.5767944e-001
 6.5861309e-001
 6.5955037e-001
 6.6053718e-001
 6.6159266e-001
 6.6269922e-001
 6.6382045e-001
 6.6492999e-001
 6.6602272e-001
 6.6710508e-001
 6.6818297e-001
 6.6925842e-001
 6.7033178e-001
 6.7140102e-001
 6.7246318e-001
 6.7351848e-001
 6.7457491e-001
 6.7564905e-001
 6.7675984e-001
 6.7791456e-001
 6.7909175e-001
 6.8024445e-001
 6.8133563e-001
 6.8238050e-001
 6.8344706e-001
 6.8460321e-001
 6.8585688e-001
 6.8714905e-001
 6.8840718e-001
 6.8960589e-001
 6.9077426e-001
 6.9195324e-001
 6.9315362e-001
 6.9435531e-001
 6.9553578e-001
 6.9668943e-001
 6.9782346e-001
 6.9894999e-001
 7.0009029e-001
 7.0127338e-001
 7.0250899e-001
 7.0375937e-001
 7.0495415e-001
 7.0604604e-001
 7.0705342e-001
 7.0805061e-001
 7.0911968e-001
 7.1030241e-001
 7.1158278e-001
 7.1290368e-001
 7.1420723e-001
 7.1546799e-001
 7.1669644e-001
 7.1791661e-001
 7.1914315e-001
 7.2037756e-001
 7.2161776e-001
 7.2286189e-001
 7.2409797e-001
 7.2529864e-001
 7.2643578e-001
 7.2750562e-001
 7.2853786e-001
 7.2957832e-001
 7.3066217e-001
 7.3179579e-001
 7.3295850e-001
 7.3412335e-001
 7.3528147e-001
 7.3644185e-001
 7.3760349e-001
 7.3874789e-001
 7.3987806e-001
 7.4104750e-001
 7.4231458e-001
 7.4367356e-001
 7.4506539e-001
 7.4644399e-001
 7.4779278e-001
 7.4907798e-001
 7.5023788e-001
 7.5124919e-001
 7.5218576e-001
 7.5317198e-001
 7.5425684e-001
 7.5536484e-001
 7.5640929e-001
 7.5742632e-001
 7.5853735e-001
 7.5980043e-001
 7.6116854e-001
 7.6257533e-001
 7.6399034e-001
 7.6539922e-001
 7.6680321e-001
 7.6824468e-001
 7.6977456e-001
 7.7137399e-001
 7.7293807e-001
 7.7434832e-001
 7.7554971e-001
 7.7657127e-001
 7.7750295e-001
 7.7845526e-001
 7.7951533e-001
 7.8070837e-001
 7.8198773e-001
 7.8327078e-001
 7.8450674e-001
 7.8571731e-001
 7.8696603e-001
 7.8828973e-001
 7.8966111e-001
 7.9099905e-001
 7.9219776e-001
 7.9317880e-001
 7.9397112e-001
 7.9474342e-001
 7.9570830e-001
 7.9694939e-001
 7.9834586e-001
 7.9967219e-001
 8.0077153e-001
 8.0165833e-001
 8.0248570e-001
 8.0339688e-001
 8.0439919e-001
 8.0539489e-001
 8.0633169e-001
 8.0726629e-001
 8.0824250e-001
 8.0920732e-001
 8.1012559e-001
 8.1105739e-001
 8.1204790e-001
 8.1305236e-001
 8.1399721e-001
 8.1484640e-001
 8.1564116e-001
 8.1649756e-001
 8.1750023e-001
 8.1859428e-001
 8.1963527e-001
 8.2054406e-001
 8.2137901e-001
 8.2224786e-001
 8.2317114e-001
 8.2406676e-001
 8.2486540e-001
 8.2559067e-001
 8.2631880e-001
 8.2711536e-001
 8.2799220e-001
 8.2888067e-001
 8.2969016e-001
 8.3042747e-001
 8.3119291e-001
 8.3202827e-001
 8.3283621e-001
 8.3349323e-001
 8.3399737e-001
 8.3448595e-001
 8.3513021e-001
 8.3599794e-001
 8.3698028e-001
 8.3785683e-001
 8.3849978e-001
 8.3903700e-001
 8.3971065e-001
 8.4054595e-001
 8.4133267e-001
 8.4197319e-001
 8.4260452e-001
 8.4330875e-001
 8.4398037e-001
 8.4457505e-001
 8.4521800e-001
 8.4596211e-001
 8.4669322e-001
 8.4737140e-001
 8.4811306e-001
 8.4893590e-001
 8.4967113e-001
 8.5024261e-001
 8.5082775e-001
 8.5162807e-001
 8.5260850e-001
 8.5353965e-001
 8.5419559e-001
 8.5453415e-001
 8.5474348e-001
 8.5507208e-001
 8.5561794e-001
 8.5631090e-001
 8.5704905e-001
 8.5779768e-001
 8.5858035e-001
 8.5940677e-001
 8.6022055e-001
 8.6092460e-001
 8.6146021e-001
 8.6186248e-001
 8.6223602e-001
 8.6267596e-001
 8.6321127e-001
 8.6381668e-001
 8.6446708e-001
 8.6517477e-001
 8.6597139e-001
 8.6685061e-001
 8.6773163e-001
 8.6849213e-001
 8.6905330e-001
 8.6943847e-001
 8.6974925e-001
 8.7008506e-001
 8.7048507e-001
 8.7093705e-001
 8.7142670e-001
 8.7196445e-001
 8.7255597e-001
 8.7314177e-001
 8.7360132e-001
 8.7393987e-001
 8.7442762e-001
 8.7519854e-001
 8.7601268e-001
 8.7659061e-001
 8.7699181e-001
 8.7746972e-001
 8.7812692e-001
 8.7883216e-001
 8.7937522e-001
 8.7970173e-001
 8.8001180e-001
 8.8057637e-001
 8.8143659e-001
 8.8224363e-001
 8.8248903e-001
 8.8213474e-001
 8.8183427e-001
 8.8217402e-001
 8.8298905e-001
 8.8374704e-001
 8.8422936e-001
 8.8459009e-001
 8.8503116e-001
 8.8556933e-001
 8.8604760e-001
 8.8635361e-001
 8.8653851e-001
 8.8664275e-001
 8.8658881e-001
 8.8641834e-001
 8.8641238e-001
 8.8672107e-001
 8.8708013e-001
 8.8714778e-001
 8.8694757e-001
 8.8682312e-001
 8.8708681e-001
 8.8773197e-001
 8.8843042e-001
 8.8884908e-001
 8.8892978e-001
 8.8886416e-001
 8.8887858e-001
 8.8909531e-001
 8.8954949e-001
 8.9018369e-001
 8.9082825e-001
 8.9127356e-001
 8.9146274e-001
 8.9154786e-001
 8.9169347e-001
 8.9194793e-001
 8.9225930e-001
 8.9254946e-001
 8.9276320e-001
 8.9287621e-001
 8.9289433e-001
 8.9288116e-001
 8.9294827e-001
 8.9316183e-001
 8.9341235e-001
 8.9343005e-001
 8.9301068e-001
 8.9228803e-001
 8.9171261e-001
 8.9169139e-001
 8.9221942e-001
 8.9288050e-001
 8.9322746e-001
 8.9316523e-001
 8.9293414e-001
 8.9280194e-001
 8.9288008e-001
 8.9310139e-001
 8.9330506e-001
 8.9338219e-001
 8.9342815e-001
 8.9352125e-001
 8.9373767e-001
 8.9403796e-001
 8.9433587e-001
 8.9454526e-001
 8.9459568e-001
 8.9452124e-001
 8.9439785e-001
 8.9430171e-001
 8.9429593e-001
 8.9435637e-001
 8.9442384e-001
 8.9443928e-001
 8.9435869e-001
 8.9424032e-001
 8.9418358e-001
 8.9428818e-001
 8.9463359e-001
 8.9516413e-001
 8.9587003e-001
 8.9642322e-001
 8.9681447e-001
 8.9701355e-001
 8.9706624e-001
 8.9702195e-001
 8.9693034e-001
 8.9684039e-001
 8.9679641e-001
 8.9683723e-001
 8.9700210e-001
 8.9732951e-001
 8.9785588e-001
 8.9855480e-001
 8.9933842e-001
 9.0011621e-001
 9.0079790e-001
 9.0129572e-001
 9.0158468e-001
 9.0170133e-001
 9.0168452e-001
 9.0157330e-001
 9.0140665e-001
 9.0121979e-001
 9.0103316e-001
 9.0086383e-001
 9.0072864e-001
 9.0064466e-001
 9.0062875e-001
 9.0069264e-001
 9.0082800e-001
 9.0102142e-001
 9.0125972e-001
 9.0152955e-001
 9.0181780e-001
 9.0211093e-001
 9.0239656e-001
 9.0266454e-001
 9.0290529e-001
 9.0310919e-001
 9.0326673e-001
 9.0336847e-001
 9.0340477e-001
 9.0336609e-001
 9.0324867e-001
 9.0307093e-001
 9.0285599e-001
 9.0262735e-001
 9.0240818e-001
 9.0222216e-001
 9.0209252e-001
 9.0204251e-001
 9.0208834e-001
 9.0221822e-001
 9.0241408e-001
 9.0265805e-001
 9.0293199e-001
 9.0321779e-001
 9.0349764e-001
 9.0375334e-001
 9.0397018e-001
 9.0414602e-001
 9.0428138e-001
 9.0437710e-001
 9.0443361e-001
 9.0445155e-001
 9.0443164e-001
 9.0437436e-001
 9.0428060e-001
 9.0415084e-001
 9.0398568e-001
 9.0378571e-001
 9.0355283e-001
 9.0329331e-001
 9.0301406e-001
 9.0272236e-001
 9.0242535e-001
 9.0213013e-001
 9.0184391e-001
 9.0157378e-001
 9.0132701e-001
 9.0111047e-001
 9.0093154e-001
 9.0079731e-001
 9.0071243e-001
 9.0067250e-001
 9.0067106e-001
 9.0070200e-001
 9.0075880e-001
 9.0083522e-001
 9.0092474e-001
 9.0102112e-001
 9.0111816e-001
 9.0120918e-001
 9.0128803e-001
 9.0134978e-001
 9.0139520e-001
 9.0142578e-001
 9.0144354e-001
 9.0145004e-001
 9.0144718e-001
 9.0143651e-001
 9.0142012e-001
 9.0139943e-001
 9.0137643e-001
 9.0135360e-001
 9.0133673e-001
 9.0133220e-001
 9.0134609e-001
 9.0138507e-001
 9.0145510e-001
 9.0156281e-001
 9.0171444e-001
 9.0191633e-001
 9.0217483e-001
 9.0249139e-001
 9.0285099e-001
 9.0323520e-001
 9.0362537e-001
 9.0400308e-001
 9.0434974e-001
 9.0464669e-001
 9.0487558e-001
 9.0501785e-001
 9.0505505e-001
 9.0497679e-001
 9.0480143e-001
 9.0455300e-001
 9.0425557e-001
 9.0393335e-001
 9.0361029e-001
 9.0331066e-001
 9.0305841e-001
 9.0287781e-001
 9.0278178e-001
 9.0274620e-001
 9.0273947e-001
 9.0272981e-001
 9.0268552e-001
 9.0257490e-001
 9.0236622e-001
 9.0202779e-001
 9.0154243e-001
 9.0094072e-001
 9.0026313e-001
 8.9955032e-001
 8.9884251e-001
 8.9818031e-001
 8.9760423e-001
 8.9715469e-001
 8.9685661e-001
 8.9668268e-001
 8.9659607e-001
 8.9655930e-001
 8.9653516e-001
 8.9648622e-001
 8.9637536e-001
 8.9616513e-001
 8.9583415e-001
 8.9541161e-001
 8.9493698e-001
 8.9448661e-001
 8.9404273e-001
 8.9366996e-001
 8.9339632e-001
 8.9322835e-001
 8.9315534e-001
 8.9315462e-001
 8.9319801e-001
 8.9325655e-001
 8.9330548e-001
 8.9333242e-001
 8.9334196e-001
 8.9335102e-001
 8.9338112e-001
 8.9345187e-001
 8.9357299e-001
 8.9373511e-001
 8.9390683e-001
 8.9404035e-001
 8.9408058e-001
 8.9397424e-001
 8.9368033e-001
 8.9318001e-001
 8.9248061e-001
 8.9161003e-001
 8.9060706e-001
 8.8951516e-001
 8.8837934e-001
 8.8724566e-001
 8.8616121e-001
 8.8517296e-001
 8.8432539e-001
 8.8365453e-001
 8.8317817e-001
 8.8288665e-001
 8.8273984e-001
 8.8267380e-001
 8.8261420e-001
 8.8249379e-001
 8.8227057e-001
 8.8202918e-001
 8.8192606e-001
 8.8189578e-001
 8.8195795e-001
 8.8213128e-001
 8.8243008e-001
 8.8286191e-001
 8.8342696e-001
 8.8411683e-001
 8.8491631e-001
 8.8580531e-001
 8.8676232e-001
 8.8776821e-001
 8.8880771e-001
 8.8987124e-001
 8.9095461e-001
 8.9205647e-001
 8.9317775e-001
 8.9431900e-001
 8.9547950e-001
 8.9665675e-001
 8.9784586e-001
 8.9904010e-001
 9.0023094e-001
 9.0140814e-001
 9.0256095e-001
 9.0367723e-001
 9.0474522e-001
 9.0575343e-001
 9.0669203e-001
 9.0755397e-001
 9.0833437e-001
 9.0903151e-001
 9.0964615e-001
 9.1018111e-001
 9.1064113e-001
 9.1103160e-001
 9.1135889e-001
 9.1162902e-001
 9.1184849e-001
 9.1202396e-001
 9.1216296e-001
 9.1227400e-001
 9.1236657e-001
 9.1245067e-001
 9.1253603e-001
 9.1263026e-001
 9.1273803e-001
 9.1285992e-001
 9.1299236e-001
 9.1312820e-001
 9.1325831e-001
 9.1337347e-001
 9.1346627e-001
 9.1353267e-001
 9.1357261e-001
 9.1358972e-001
 9.1359031e-001
 9.1358161e-001
 9.1357028e-001
 9.1356099e-001
 9.1355580e-001
 9.1355425e-001
 9.1355383e-001
 9.1355145e-001
 9.1354424e-001
 9.1353112e-001
 9.1351312e-001
 9.1349345e-001
 9.1347718e-001
 9.1347009e-001
 9.1347748e-001
 9.1350281e-001
 9.1354704e-001
 9.1360801e-001
 9.1368091e-001
 9.1375881e-001
 9.1383415e-001
 9.1389996e-001
 9.1395122e-001
 9.1398543e-001
 9.1400295e-001
 9.1400659e-001
 9.1400093e-001
 9.1399086e-001
 9.1398078e-001
 9.1397327e-001
 9.1396886e-001
 9.1396558e-001
 9.1395968e-001
 9.1394639e-001
 9.1392100e-001
 9.1387999e-001
 9.1382182e-001
 9.1374737e-001
 9.1365981e-001
 9.1356397e-001
 9.1346514e-001
 9.1336811e-001
 9.1327608e-001
 9.1318965e-001
 9.1310710e-001
 9.1302449e-001
 9.1293657e-001
 9.1283834e-001
 9.1272634e-001
 9.1259956e-001
 9.1246098e-001
 9.1231692e-001
 9.1217715e-001
 9.1205329e-001
 9.1195732e-001
 9.1190010e-001
 9.1188937e-001
 9.1192943e-001
 9.1202033e-001
 9.1215873e-001
 9.1233867e-001
 9.1255283e-001
 9.1279364e-001
 9.1305393e-001
 9.1332734e-001
 9.1360849e-001
 9.1389209e-001
 9.1417307e-001
 9.1444594e-001
 9.1470498e-001
 9.1494429e-001
 9.1515857e-001
 9.1534352e-001
 9.1549647e-001
 9.1561681e-001
 9.1570574e-001
 9.1576624e-001
 9.1580230e-001
 9.1581810e-001
 9.1581726e-001
 9.1580218e-001
 9.1577357e-001
 9.1573066e-001
 9.1567165e-001
 9.1559428e-001
 9.1549653e-001
 9.1537750e-001
 9.1523761e-001
 9.1507870e-001
 9.1490346e-001
 9.1471529e-001
 9.1451746e-001
 9.1431290e-001
 9.1410428e-001
 9.1389400e-001
 9.1368467e-001
 9.1347945e-001
 9.1328192e-001
 9.1309601e-001
 9.1292536e-001
 9.1277242e-001
 9.1263771e-001
 9.1251945e-001
 9.1241360e-001
 9.1231400e-001
 9.1221380e-001
 9.1210651e-001
 9.1198719e-001
 9.1185343e-001
 9.1170639e-001
 9.1155040e-001
 9.1139257e-001
 9.1124189e-001
 9.1110784e-001
 9.1099876e-001
 9.1092050e-001
 9.1087520e-001
 9.1086054e-001
 9.1086954e-001
 9.1089118e-001
 9.1091144e-001
 9.1091508e-001
 9.1088748e-001
 9.1081691e-001
 9.1069621e-001
 9.1052377e-001
 9.1030371e-001
 9.1004521e-001
 9.0976059e-001
 9.0946299e-001
 9.0916365e-001
 9.0886956e-001
 9.0858233e-001
 9.0829754e-001
 9.0800577e-001
 9.0769446e-001
 9.0735036e-001
 9.0696239e-001
 9.0652382e-001
 9.0603352e-001
 9.0549660e-001
 9.0492350e-001
 9.0432817e-001
 9.0372610e-001
 9.0313095e-001
 9.0255314e-001
 9.0199721e-001
 9.0146184e-001
 9.0093982e-001
 9.0041924e-001
 8.9988577e-001
 8.9932436e-001
 8.9872181e-001
 8.9806819e-001
 8.9735717e-001
 8.9658678e-001
 8.9575821e-001
 8.9487475e-001
 8.9394075e-001
 8.9295977e-001
 8.9193428e-001
 8.9086497e-001
 8.8975024e-001
 8.8858777e-001
 8.8737440e-001
 8.8610840e-001
 8.8479024e-001
 8.8342333e-001
 8.8201606e-001
 8.8058025e-001
 8.7913239e-001
 8.7769181e-001
 8.7627834e-001
 8.7491202e-001
 8.7360924e-001
 8.7238264e-001
 8.7123948e-001
 8.7018126e-001
 8.6920518e-001
 8.6830449e-001
 8.6747116e-001
 8.6669666e-001
 8.6597294e-001
 8.6529285e-001
 8.6464965e-001
 8.6403543e-001
 8.6344087e-001
 8.6285341e-001
 8.6225754e-001
 8.6163485e-001
 8.6096460e-001
 8.6022526e-001
 8.5939509e-001
 8.5845381e-001
 8.5738355e-001
 8.5616946e-001
 8.5480183e-001
 8.5327673e-001
 8.5159874e-001
 8.4978223e-001
 8.4785211e-001
 8.4584540e-001
 8.4380853e-001
 8.4179622e-001
 8.3986723e-001
 8.3807951e-001
 8.3648759e-001
 8.3513850e-001
 8.3406931e-001
 8.3330792e-001
 8.3287179e-001
 8.3276963e-001
 8.3300132e-001
 8.3355832e-001
 8.3442307e-001
 8.3556926e-001
 8.3696169e-001
 8.3855790e-001
 8.4031135e-001
 8.4217387e-001
 8.4410113e-001
 8.4605455e-001
 8.4800386e-001
 8.4992778e-001
 8.5181046e-001
 8.5364044e-001
 8.5540509e-001
 8.5708880e-001
 8.5867202e-001
 8.6013007e-001
 8.6143714e-001
 8.6256850e-001
 8.6350435e-001
 8.6423367e-001
 8.6475533e-001
 8.6507875e-001
 8.6522210e-001
 8.6520952e-001
 8.6506748e-001
 8.6482072e-001
 8.6448944e-001
 8.6408752e-001
 8.6362219e-001
 8.6309510e-001
 8.6250502e-001
 8.6184973e-001
 8.6112803e-001
 8.6034119e-001
 8.5949159e-001
 8.5858208e-001
 8.5761374e-001
 8.5658419e-001
 8.5548788e-001
 8.5431641e-001
 8.5306162e-001
 8.5171878e-001
 8.5028899e-001
 8.4878218e-001
 8.4721661e-001
 8.4561664e-001
 8.4401023e-001
 8.4242308e-001
 8.4087539e-001
 8.3937758e-001
 8.3792812e-001
 8.3651501e-001
 8.3511633e-001
 8.3370560e-001
 8.3225548e-001
 8.3074224e-001
 8.2915139e-001
 8.2747883e-001
 8.2573390e-001
 8.2393861e-001
 8.2212454e-001
 8.2033145e-001
 8.1860089e-001
 8.1697333e-001
 8.1548244e-001
 8.1415093e-001
 8.1298852e-001
 8.1198925e-001
 8.1113130e-001
 8.1037873e-001
 8.0968350e-001
 8.0899042e-001
 8.0824220e-001
 8.0738568e-001
 8.0637830e-001
 8.0519319e-001
 8.0382377e-001
 8.0228555e-001
 8.0061489e-001
 7.9886675e-001
 7.9710799e-001
 7.9541188e-001
 7.9385060e-001
 7.9248798e-001
 7.9137605e-001
 7.9055047e-001
 7.9002982e-001
 7.8981471e-001
 7.8988856e-001
 7.9021859e-001
 7.9075700e-001
 7.9144263e-001
 7.9220325e-001
 7.9295880e-001
 7.9362535e-001
 7.9412025e-001
 7.9436791e-001
 7.9430449e-001
 7.9388249e-001
 7.9307324e-001
 7.9186755e-001
 7.9027379e-001
 7.8831506e-001
 7.8602320e-001
 7.8343457e-001
 7.8058410e-001
 7.7749932e-001
 7.7419996e-001
 7.7069360e-001
 7.6697946e-001
 7.6305038e-001
 7.5889623e-001
 7.5451308e-001
 7.4990559e-001
 7.4509579e-001
 7.4012554e-001
 7.3505491e-001
 7.2996378e-001
 7.2494441e-001
 7.2009128e-001
 7.1549618e-001
 7.1123427e-001
 7.0736068e-001
 7.0390403e-001
 7.0086420e-001
 6.9821584e-001
 6.9590831e-001
 6.9387048e-001
 6.9201201e-001
 6.9022495e-001
 6.8838781e-001
 6.8636984e-001
 6.8404210e-001
 6.8129188e-001
 6.7803973e-001
 6.7425978e-001
 6.6999054e-001
 6.6534114e-001
 6.6048139e-001
 6.5561765e-001
 6.5096474e-001
 6.4670563e-001
 6.4296460e-001
 6.3978606e-001
 6.3713086e-001
 6.3489366e-001
 6.3292986e-001
 6.3109136e-001
 6.2926292e-001
 6.2738806e-001
 6.2548482e-001
 6.2364519e-001
 6.2202173e-001
 6.2080646e-001
 6.2020248e-001
 6.2039787e-001
 6.2154096e-001
 6.2372357e-001
 6.2696880e-001
 6.3123000e-001
 6.3639146e-001
 6.4227855e-001
 6.4867443e-001
 6.5533161e-001
 6.6199720e-001
 6.6842568e-001
 6.7439783e-001
 6.7973554e-001
 6.8430531e-001
 6.8802398e-001
 6.9085741e-001
 6.9281179e-001
 6.9392884e-001
 6.9427520e-001
 6.9393599e-001
 6.9300777e-001
 6.9159466e-001
 6.8980384e-001
 6.8774402e-001
 6.8552178e-001
 6.8323761e-001
 6.8098336e-001
 6.7883581e-001
 6.7685431e-001
 6.7507607e-001
 6.7351305e-001
 6.7215240e-001
 6.7095518e-001
 6.6985959e-001
 6.6878361e-001
 6.6762865e-001
 6.6628611e-001
 6.6464323e-001
 6.6258991e-001
 6.6002882e-001
 6.5688401e-001
 6.5311372e-001
 6.4872205e-001
 6.4376807e-001
 6.3837820e-001
 6.3274515e-001
 6.2712908e-001
 6.2184298e-001
 6.1722946e-001
 6.1363530e-001
 6.1137313e-001
 6.1069071e-001
 6.1173970e-001
 6.1455828e-001
 6.1906362e-001
 6.2506318e-001
 6.3227212e-001
 6.4034414e-001
 6.4890921e-001
 6.5760052e-001
 6.6609198e-001
 6.7411292e-001
 6.8146515e-001
 6.8803030e-001
 6.9376129e-001
 6.9867706e-001
 7.0285058e-001
 7.0638955e-001
 7.0942485e-001
 7.1209234e-001
 7.1452177e-001
 7.1682775e-001
 7.1910137e-001
 7.2140974e-001
 7.2379446e-001
 7.2627467e-001
 7.2885269e-001
 7.3151624e-001
 7.3424542e-001
 7.3701435e-001
 7.3979443e-001
 7.4255711e-001
 7.4527293e-001
 7.4791491e-001
 7.5045735e-001
 7.5287825e-001
 7.5516105e-001
 7.5729388e-001
 7.5927031e-001
 7.6108992e-001
 7.6275527e-001
 7.6427245e-001
 7.6564753e-001
 7.6688713e-001
 7.6799768e-001
 7.6898420e-001
 7.6985294e-001
 7.7061081e-001
 7.7126634e-001
 7.7183104e-001
 7.7231961e-001
 7.7275008e-001
 7.7314234e-001
 7.7351630e-001
 7.7388984e-001
 7.7427655e-001
 7.7468455e-001
 7.7511549e-001
 7.7556521e-001
 7.7602464e-001
 7.7648169e-001
 7.7692294e-001
 7.7733505e-001
 7.7770597e-001
 7.7802593e-001
 7.7828789e-001
 7.7848822e-001
 7.7862757e-001
 7.7871048e-001
 7.7874595e-001
 7.7874601e-001
 7.7872527e-001
 7.7869916e-001
 7.7868199e-001
 7.7868557e-001
 7.7871734e-001
 7.7877951e-001
 7.7886891e-001
 7.7897799e-001
 7.7909631e-001
 7.7921194e-001
 7.7931333e-001
 7.7939051e-001
 7.7943563e-001
 7.7944386e-001
 7.7941376e-001
 7.7934706e-001
 7.7924830e-001
 7.7912378e-001
 7.7898067e-001
 7.7882564e-001
 7.7866453e-001
 7.7850115e-001
 7.7833742e-001
 7.7817321e-001
 7.7800673e-001
 7.7783519e-001
 7.7765554e-001
 7.7746570e-001
 7.7726501e-001
 7.7705508e-001
 7.7684009e-001
 7.7662647e-001
 7.7642292e-001
 7.7623940e-001
 7.7608585e-001
 7.7597100e-001
 7.7590102e-001
 7.7587831e-001
 7.7590102e-001
 7.7596289e-001
 7.7605391e-001
 7.7616143e-001
 7.7627146e-001
 7.7637017e-001
 7.7644521e-001
 7.7648681e-001
 7.7648848e-001
 7.7644742e-001
 7.7636445e-001
 7.7624398e-001
 7.7609348e-001
 7.7592289e-001
 7.7574378e-001
 7.7556860e-001
 7.7540946e-001
 7.7527696e-001
 7.7517927e-001
 7.7512109e-001
 7.7510291e-001
 7.7512097e-001
 7.7516758e-001
 7.7523172e-001
 7.7530086e-001
 7.7536184e-001
 7.7540272e-001
 7.7541399e-001
 7.7538919e-001
 7.7532554e-001
 7.7522331e-001
 7.7508545e-001
 7.7491647e-001
 7.7472162e-001
 7.7450573e-001
 7.7427292e-001
 7.7402610e-001
 7.7376699e-001
 7.7349681e-001
 7.7321637e-001
 7.7292705e-001
 7.7263099e-001
 7.7233130e-001
 7.7203244e-001
 7.7173924e-001
 7.7145678e-001
 7.7118975e-001
 7.7094150e-001
 7.7071357e-001
 7.7050555e-001
 7.7031487e-001
 7.7013725e-001
 7.6996708e-001
 7.6979834e-001
 7.6962519e-001
 7.6944250e-001
 7.6924670e-001
 7.6903558e-001
 7.6880872e-001
 7.6856691e-001
 7.6831210e-001
 7.6804674e-001
 7.6777345e-001
 7.6749456e-001
 7.6721150e-001
 7.6692456e-001
 7.6663244e-001
 7.6633191e-001
 7.6601774e-001
 7.6568282e-001
 7.6531851e-001
 7.6491559e-001
 7.6446503e-001
 7.6395941e-001
 7.6339382e-001
 7.6276642e-001
 7.6207966e-001
 7.6133949e-001
 7.6055622e-001
 7.5974369e-001
 7.5891799e-001
 7.5809669e-001
 7.5729656e-001
 7.5653172e-001
 7.5581253e-001
 7.5514406e-001
 7.5452650e-001
 7.5395536e-001
 7.5342256e-001
 7.5291836e-001
 7.5243270e-001
 7.5195670e-001
 7.5148374e-001
 7.5100946e-001
 7.5053197e-001
 7.5005090e-001
 7.4956703e-001
 7.4908137e-001
 7.4859464e-001
 7.4810714e-001
 7.4761838e-001
 7.4712718e-001
 7.4663204e-001
 7.4613112e-001
 7.4562323e-001
 7.4510801e-001
 7.4458593e-001
 7.4405938e-001
 7.4353170e-001
 7.4300754e-001
 7.4249190e-001
 7.4198931e-001
 7.4150300e-001
 7.4103367e-001
 7.4057919e-001
 7.4013358e-001
 7.3968726e-001
 7.3922747e-001
 7.3873913e-001
 7.3820615e-001
 7.3761308e-001
 7.3694646e-001
 7.3619628e-001
 7.3535645e-001
 7.3442578e-001
 7.3340726e-001
 7.3230684e-001
 7.3113298e-001
 7.2989482e-001
 7.2859997e-001
 7.2725457e-001
 7.2586113e-001
 7.2441906e-001
 7.2292483e-001
 7.2137183e-001
 7.1975279e-001
 7.1805984e-001
 7.1628690e-001
 7.1443045e-001
 7.1248949e-001
 7.1046764e-001
 7.0837075e-001
 7.0620835e-001
 7.0399159e-001
 7.0173144e-001
 6.9943935e-001
 6.9712406e-001
 6.9479305e-001
 6.9245136e-001
 6.9010115e-001
 6.8774438e-001
 6.8538159e-001
 6.8301541e-001
 6.8065059e-001
 6.7829472e-001
 6.7595989e-001
 6.7366236e-001
 6.7142045e-001
 6.6925526e-001
 6.6718608e-001
 6.6523004e-001
 6.6339856e-001
 6.6169488e-001
 6.6011423e-001
 6.5864217e-001
 6.5725714e-001
 6.5593225e-001
 6.5463835e-001
 6.5334904e-001
 6.5204340e-001
 6.5071046e-001
 6.4935088e-001
 6.4797729e-001
 6.4661413e-001
 6.4529425e-001
 6.4405584e-001
 6.4293766e-001
 6.4197451e-001
 6.4119375e-001
 6.4061272e-001
 6.4023697e-001
 6.4006191e-001
 6.4007419e-001
 6.4025509e-001
 6.4058429e-001
 6.4104337e-001
 6.4161891e-001
 6.4230508e-001
 6.4310408e-001
 6.4402586e-001
 6.4508718e-001
 6.4630806e-001
 6.4770955e-001
 6.4930964e-001
 6.5112025e-001
 6.5314543e-001
 6.5537840e-001
 6.5780485e-001
 6.6040248e-001
 6.6314322e-001
 6.6599596e-001
 6.6892600e-001
 6.7189878e-001
 6.7487836e-001
 6.7782831e-001
 6.8071300e-001
 6.8349594e-001
 6.8614215e-001
 6.8861973e-001
 6.9089907e-001
 6.9295716e-001
 6.9477761e-001
 6.9635350e-001
 6.9768822e-001
 6.9879401e-001
 6.9990182e-001
 7.0058119e-001
 7.0110917e-001
 7.0151728e-001
 7.0183349e-001
 7.0208037e-001
 7.0227337e-001
 7.0242071e-001
 7.0252579e-001
 7.0258909e-001
 7.0260996e-001
 7.0258749e-001
 7.0252144e-001
 7.0241261e-001
 7.0226383e-001
 7.0208025e-001
 7.0186967e-001
 7.0164245e-001
 7.0141053e-001
 7.0118731e-001
 7.0098644e-001
 7.0082116e-001
 7.0070380e-001
 7.0064354e-001
 7.0064515e-001
 7.0070654e-001
 7.0081848e-001
 7.0096511e-001
 7.0112556e-001
 7.0127636e-001
 7.0139283e-001
 7.0145053e-001
 7.0142704e-001
 7.0130444e-001
 7.0107168e-001
 7.0072776e-001
 7.0028210e-001
 6.9975400e-001
 6.9916993e-001
 6.9856036e-001
 6.9795793e-001
 6.9739491e-001
 6.9690192e-001
 6.9650501e-001
 6.9622266e-001
 6.9606316e-001
 6.9602346e-001
 6.9609028e-001
 6.9624275e-001
 6.9645548e-001
 6.9670105e-001
 6.9695169e-001
 6.9718009e-001
 6.9736141e-001
 6.9747442e-001
 6.9750273e-001
 6.9743574e-001
 6.9726753e-001
 6.9699615e-001
 6.9662172e-001
 6.9614559e-001
 6.9556940e-001
 6.9489527e-001
 6.9412583e-001
 6.9326383e-001
 6.9231313e-001
 6.9127858e-001
 6.9016522e-001
 6.8897921e-001
 6.8772650e-001
 6.8641371e-001
 6.8504739e-001
 6.8363345e-001
 6.8217820e-001
 6.8068677e-001
 6.7916417e-001
 6.7761457e-001
 6.7604107e-001
 6.7444676e-001
 6.7283392e-001
 6.7120510e-001
 6.6956282e-001
 6.6790873e-001
 6.6624528e-001
 6.6457349e-001
 6.6289455e-001
 6.6120911e-001
 6.5951651e-001
 6.5781647e-001
 6.5610838e-001
 6.5439093e-001
 6.5266353e-001
 6.5092462e-001
 6.4917314e-001
 6.4740747e-001
 6.4562517e-001
 6.4382392e-001
 6.4200008e-001
 6.4015037e-001
 6.3827139e-001
 6.3635898e-001
 6.3441026e-001
 6.3242233e-001
 6.3039482e-001
 6.2833059e-001
 6.2623590e-001
 6.2412274e-001
 6.2200630e-001
 6.1990553e-001
 6.1784142e-001
 6.1583483e-001
 6.1390740e-001
 6.1207873e-001
 6.1036640e-001
 6.0878366e-001
 6.0733700e-001
 6.0602695e-001
 6.0484785e-001
 6.0378927e-001
 6.0283875e-001
 6.0198194e-001
 6.0120445e-001
 6.0049224e-001
 5.9983164e-001
 5.9921068e-001
 5.9861904e-001
 5.9804845e-001
 5.9749258e-001
 5.9694618e-001
 5.9640521e-001
 5.9586573e-001
 5.9532428e-001
 5.9477800e-001
 5.9422463e-001
 5.9366369e-001
 5.9309638e-001
 5.9252614e-001
 5.9195858e-001
 5.9140038e-001
 5.9085935e-001
 5.9034365e-001
 5.8986104e-001
 5.8941877e-001
 5.8902240e-001
 5.8867496e-001
 5.8837599e-001
 5.8812082e-001
 5.8790141e-001
 5.8770710e-001
 5.8752567e-001
 5.8734423e-001
 5.8715022e-001
 5.8693212e-001
 5.8668125e-001
 5.8639318e-001
 5.8606964e-001
 5.8571881e-001
 5.8535510e-001
 5.8499706e-001
 5.8466607e-001
 5.8438450e-001
 5.8417439e-001
 5.8405584e-001
 5.8404517e-001
 5.8415151e-001
 5.8437496e-001
 5.8470529e-001
 5.8512300e-001
 5.8560175e-001
 5.8611113e-001
 5.8661902e-001
 5.8709311e-001
 5.8750272e-001
 5.8782065e-001
 5.8802587e-001
 5.8810538e-001
 5.8805555e-001
 5.8788079e-001
 5.8759171e-001
 5.8720225e-001
 5.8672851e-001
 5.8618659e-001
 5.8559221e-001
 5.8495981e-001
 5.8430088e-001
 5.8362371e-001
 5.8293253e-001
 5.8222830e-001
 5.8150935e-001
 5.8077222e-001
 5.8001310e-001
 5.7922810e-001
 5.7841361e-001
 5.7756758e-001
 5.7668978e-001
 5.7578319e-001
 5.7485396e-001
 5.7391089e-001
 5.7296526e-001
 5.7202923e-001
 5.7111591e-001
 5.7023787e-001
 5.6940758e-001
 5.6863552e-001
 5.6792945e-001
 5.6729412e-001
 5.6672972e-001
 5.6623328e-001
 5.6579882e-001
 5.6541926e-001
 5.6508648e-001
 5.6479198e-001
 5.6452763e-001
 5.6428534e-001
 5.6405735e-001
 5.6383675e-001
 5.6361711e-001
 5.6339270e-001
 5.6315821e-001
 5.6290859e-001
 5.6263912e-001
 5.6234491e-001
 5.6202197e-001
 5.6166679e-001
 5.6127697e-001
 5.6085235e-001
 5.6039429e-001
 5.5990589e-001
 5.5939192e-001
 5.5885750e-001
 5.5830824e-001
 5.5774957e-001
 5.5718708e-001
 5.5662525e-001
 5.5606717e-001
 5.5551493e-001
 5.5496818e-001
 5.5442500e-001
 5.5388266e-001
 5.5333722e-001
 5.5278456e-001
 5.5222046e-001
 5.5164123e-001
 5.5104297e-001
 5.5042261e-001
 5.4977840e-001
 5.4910910e-001
 5.4841429e-001
 5.4769480e-001
 5.4695135e-001
 5.4618478e-001
 5.4539669e-001
 5.4458845e-001
 5.4376179e-001
 5.4291922e-001
 5.4206455e-001
 5.4120207e-001
 5.4033697e-001
 5.3947580e-001
 5.3862476e-001
 5.3779024e-001
 5.3697908e-001
 5.3619707e-001
 5.3544885e-001
 5.3473711e-001
 5.3406256e-001
 5.3342223e-001
 5.3281087e-001
 5.3222156e-001
 5.3164583e-001
 5.3107482e-001
 5.3049988e-001
 5.2991229e-001
 5.2930409e-001
 5.2866852e-001
 5.2800083e-001
 5.2729768e-001
 5.2655727e-001
 5.2577966e-001
 5.2496511e-001
 5.2411413e-001
 5.2322817e-001
 5.2230829e-001
 5.2135593e-001
 5.2037388e-001
 5.1936525e-001
 5.1833421e-001
 5.1728576e-001
 5.1622617e-001
 5.1516145e-001
 5.1409751e-001
 5.1304072e-001
 5.1199508e-001
 5.1096219e-001
 5.0993955e-001
 5.0891775e-001
 5.0788087e-001
 5.0680631e-001
 5.0566792e-001
 5.0443590e-001
 5.0307941e-001
 5.0156903e-001
 4.9987674e-001
 4.9797919e-001
 4.9586290e-001
 4.9352425e-001
 4.9097201e-001
 4.8822808e-001
 4.8532093e-001
 4.8228449e-001
 4.7915435e-001
 4.7596872e-001
 4.7276258e-001
 4.6956813e-001
 4.6641544e-001
 4.6332586e-001
 4.6031410e-001
 4.5739061e-001
 4.5455918e-001
 4.5182148e-001
 4.4917706e-001
 4.4662625e-001
 4.4416603e-001
 4.4179085e-001
 4.3949237e-001
 4.3725470e-001
 4.3505540e-001
 4.3286780e-001
 4.3065920e-001
 4.2839441e-001
 4.2603871e-001
 4.2355618e-001
 4.2091325e-001
 4.1807967e-001
 4.1503403e-001
 4.1176203e-001
 4.0825948e-001
 4.0453389e-001
 4.0059698e-001
 3.9646450e-001
 3.9215726e-001
 3.8769442e-001
 3.8309732e-001
 3.7838826e-001
 3.7359646e-001
 3.6875245e-001
 3.6389181e-001
 3.5905835e-001
 3.5429567e-001
 3.4964961e-001
 3.4516993e-001
 3.4090269e-001
 3.3689201e-001
 3.3318070e-001
 3.2980132e-001
 3.2677767e-001
 3.2412204e-001
 3.2183880e-001
 3.1992310e-001
 3.1836614e-001
 3.1715772e-001
 3.1628504e-001
 3.1573397e-001
 3.1548747e-001
 3.1552318e-001
 3.1581193e-001
 3.1631720e-001
 3.1699520e-001
 3.1779751e-001
 3.1867293e-001
 3.1956863e-001
 3.2043347e-001
 3.2122007e-001
 3.2188872e-001
 3.2241389e-001
 3.2278848e-001
 3.2302552e-001
 3.2315701e-001
 3.2322830e-001
 3.2329273e-001
 3.2340690e-001
 3.2362622e-001
 3.2400015e-001
 3.2456425e-001
 3.2533178e-001
 3.2628539e-001
 3.2737300e-001
 3.2851249e-001
 3.2959896e-001
 3.3051443e-001
 3.3113521e-001
 3.3134037e-001
 3.3101967e-001
 3.3008730e-001
 3.2849771e-001
 3.2625961e-001
 3.2344422e-001
 3.2017595e-001
 3.1662014e-001
 3.1296536e-001
 3.0941361e-001
 3.0616596e-001
 3.0341715e-001
 3.0134776e-001
 3.0010900e-001
 2.9981571e-001
 3.0054173e-001
 3.0232340e-001
 3.0517051e-001
 3.0907407e-001
 3.1401786e-001
 3.1997901e-001
 3.2692826e-001
 3.3481625e-001
 3.4357411e-001
 3.5310087e-001
 3.6325222e-001
 3.7385768e-001
 3.8472280e-001
 3.9563122e-001
 4.0636879e-001
 4.1672084e-001
 4.2648602e-001
 4.3548054e-001
 4.4356883e-001
 4.5067021e-001
 4.5676070e-001
 4.6187720e-001
 4.6609682e-001
 4.6951836e-001
 4.7225541e-001
 4.7442403e-001
 4.7613645e-001
 4.7749850e-001
 4.7860187e-001
 4.7951978e-001
 4.8030412e-001
 4.8098886e-001
 4.8159403e-001
 4.8213097e-001
 4.8260736e-001
 4.8302910e-001
 4.8340094e-001
 4.8372716e-001
 4.8401099e-001
 4.8425436e-001
 4.8445752e-001
 4.8461962e-001
 4.8473865e-001
 4.8481211e-001
 4.8483717e-001
 4.8481089e-001
 4.8473039e-001
 4.8459280e-001
 4.8439527e-001
 4.8413530e-001
 4.8381034e-001
 4.8341814e-001
 4.8295638e-001
 4.8242313e-001
 4.8181629e-001
 4.8113400e-001
 4.8037547e-001
 4.7954077e-001
 4.7863203e-001
 4.7765499e-001
 4.7661793e-001
 4.7553232e-001
 4.7441140e-001
 4.7327060e-001
 4.7212487e-001
 4.7098896e-001
 4.6987700e-001
 4.6879950e-001
 4.6776214e-001
 4.6676487e-001
 4.6579972e-001
 4.6485215e-001
 4.6390358e-001
 4.6293190e-001
 4.6191397e-001
 4.6082664e-001
 4.5964897e-001
 4.5836276e-001
 4.5695555e-001
 4.5542383e-001
 4.5377186e-001
 4.5201173e-001
 4.5016259e-001
 4.4824579e-001
 4.4628444e-001
 4.4430077e-001
 4.4231579e-001
 4.4034347e-001
 4.3838829e-001
 4.3644321e-001
 4.3448558e-001
 4.3247977e-001
 4.3038216e-001
 4.2814219e-001
 4.2570713e-001
 4.2302728e-001
 4.2005667e-001
 4.1676185e-001
 4.1312844e-001
 4.0917179e-001
 4.0493453e-001
 4.0048620e-001
 3.9591944e-001
 3.9133561e-001
 3.8684115e-001
 3.8254595e-001
 3.7855202e-001
 3.7495172e-001
 3.7181836e-001
 3.6920267e-001
 3.6712551e-001
 3.6558354e-001
 3.6455607e-001
 3.6401027e-001
 3.6390835e-001
 3.6421043e-001
 3.6487582e-001
 3.6586386e-001
 3.6713439e-001
 3.6864659e-001
 3.7036079e-001
 3.7223789e-001
 3.7423754e-001
 3.7632096e-001
 3.7844950e-001
 3.8058361e-001
 3.8268620e-001
 3.8472238e-001
 3.8665956e-001
 3.8847139e-001
 3.9013666e-001
 3.9163941e-001
 3.9296627e-001
 3.9410728e-001
 3.9505354e-001
 3.9579669e-001
 3.9633092e-001
 3.9665389e-001
 3.9676884e-001
 3.9668727e-001
 3.9642927e-001
 3.9602289e-001
 3.9550248e-001
 3.9490563e-001
 3.9427140e-001
 3.9363864e-001
 3.9304274e-001
 3.9251214e-001
 3.9206389e-001
 3.9169839e-001
 3.9139840e-001
 3.9113116e-001
 3.9085293e-001
 3.9051384e-001
 3.9006165e-001
 3.8944504e-001
 3.8861576e-001
 3.8753217e-001
 3.8616398e-001
 3.8449430e-001
 3.8252145e-001
 3.8025984e-001
 3.7773392e-001
 3.7497574e-001
 3.7202010e-001
 3.6890483e-001
 3.6566553e-001
 3.6233702e-001
 3.5895607e-001
 3.5567719e-001
 3.5311037e-001
 3.4979072e-001
 3.4655601e-001
 3.4343186e-001
 3.4044471e-001
 3.3762035e-001
 3.3498660e-001
 3.3256912e-001
 3.3039442e-001
 3.2848886e-001
 3.2687509e-001
 3.2554397e-001
 3.2446742e-001
 3.2361746e-001
 3.2296613e-001
 3.2248572e-001
 3.2214823e-001
 3.2192573e-001
 3.2179025e-001
 3.2171401e-001
 3.2166901e-001
 3.2162741e-001
 3.2156110e-001
 3.2144243e-001
 3.2124549e-001
 3.2096386e-001
 3.2060158e-001
 3.2016253e-001
 3.1965113e-001
 3.1907129e-001
 3.1842712e-001
 3.1772259e-001
 3.1696203e-001
 3.1614941e-001
 3.1528884e-001
 3.1438416e-001
 3.1343991e-001
 3.1245995e-001
 3.1144837e-001
 3.1040925e-001
 3.0934647e-001
 3.0826455e-001
 3.0716729e-001
 3.0605766e-001
 3.0493784e-001
 3.0381089e-001
 3.0267894e-001
 3.0154452e-001
 3.0040982e-001
 2.9927787e-001
 2.9815081e-001
 2.9703119e-001
 2.9592144e-001
 2.9482377e-001
 2.9374117e-001
 2.9267591e-001
 2.9163036e-001
 2.9060686e-001
 2.8960827e-001
 2.8863686e-001
 2.8769514e-001
 2.8678530e-001
 2.8591031e-001
 2.8507239e-001
 2.8427356e-001
 2.8351253e-001
 2.8278676e-001
 2.8209305e-001
 2.8142855e-001
 2.8079036e-001
 2.8017536e-001
 2.7958095e-001
 2.7900407e-001
 2.7844179e-001
 2.7789104e-001
 2.7734923e-001
 2.7681327e-001
 2.7628022e-001
 2.7574709e-001
 2.7521113e-001
 2.7466938e-001
 2.7411890e-001
 2.7355674e-001
 2.7297986e-001
 2.7238563e-001
 2.7177095e-001
 2.7113298e-001
 2.7046859e-001
 2.6977521e-001
 2.6904967e-001
 2.6828960e-001
 2.6749557e-001
 2.6667050e-001
 2.6581678e-001
 2.6493695e-001
 2.6403350e-001
 2.6310876e-001
 2.6216573e-001
 2.6120675e-001
 2.6023427e-001
 2.5925070e-001
 2.5825900e-001
 2.5726146e-001
 2.5626060e-001
 2.5525877e-001
 2.5425899e-001
 2.5326350e-001
 2.5227493e-001
 2.5129548e-001
 2.5032824e-001
 2.4937545e-001
 2.4843971e-001
 2.4752350e-001
 2.4662919e-001
 2.4575973e-001
 2.4491742e-001
 2.4410485e-001
 2.4332432e-001
 2.4257877e-001
 2.4187054e-001
 2.4120192e-001
 2.4057268e-001
 2.3998204e-001
 2.3942871e-001
