s07_ASD Record=12827: Calcite.8+Ca-Montmor.2 AMX15  BECKb AREF
 6.3735837e-001
 6.3918221e-001
 6.4078104e-001
 6.4215732e-001
 6.4333737e-001
 6.4436817e-001
 6.4530349e-001
 6.4618915e-001
 6.4705247e-001
 6.4789802e-001
 6.4871073e-001
 6.4946496e-001
 6.5013373e-001
 6.5069705e-001
 6.5115422e-001
 6.5153068e-001
 6.5187103e-001
 6.5221876e-001
 6.5259749e-001
 6.5299988e-001
 6.5339106e-001
 6.5372789e-001
 6.5398729e-001
 6.5418619e-001
 6.5438509e-001
 6.5467644e-001
 6.5515411e-001
 6.5587097e-001
 6.5682125e-001
 6.5796465e-001
 6.5925431e-001
 6.6065276e-001
 6.6213173e-001
 6.6366559e-001
 6.6521966e-001
 6.6674954e-001
 6.6821444e-001
 6.6958928e-001
 6.7087114e-001
 6.7207515e-001
 6.7322153e-001
 6.7432082e-001
 6.7536527e-001
 6.7633104e-001
 6.7719132e-001
 6.7793638e-001
 6.7859071e-001
 6.7921662e-001
 6.7989635e-001
 6.8069947e-001
 6.8165010e-001
 6.8271506e-001
 6.8382317e-001
 6.8490708e-001
 6.8594187e-001
 6.8695337e-001
 6.8799102e-001
 6.8907529e-001
 6.9017458e-001
 6.9119555e-001
 6.9202036e-001
 6.9267732e-001
 6.9321656e-001
 6.9367856e-001
 6.9412875e-001
 6.9459933e-001
 6.9504952e-001
 6.9541335e-001
 6.9563460e-001
 6.9570148e-001
 6.9567370e-001
 6.9567168e-001
 6.9582474e-001
 6.9621366e-001
 6.9684052e-001
 6.9763726e-001
 6.9850463e-001
 6.9935471e-001
 7.0013326e-001
 7.0081919e-001
 7.0141780e-001
 7.0195866e-001
 7.0249248e-001
 7.0307565e-001
 7.0373982e-001
 7.0446795e-001
 7.0520175e-001
 7.0588571e-001
 7.0651829e-001
 7.0717025e-001
 7.0794970e-001
 7.0893562e-001
 7.1012610e-001
 7.1143597e-001
 7.1273851e-001
 7.1391779e-001
 7.1490890e-001
 7.1571648e-001
 7.1641535e-001
 7.1712863e-001
 7.1798217e-001
 7.1904415e-001
 7.2028571e-001
 7.2158915e-001
 7.2280037e-001
 7.2381109e-001
 7.2461540e-001
 7.2530210e-001
 7.2600049e-001
 7.2680891e-001
 7.2773957e-001
 7.2870743e-001
 7.2957629e-001
 7.3023665e-001
 7.3066908e-001
 7.3095435e-001
 7.3122883e-001
 7.3161072e-001
 7.3213297e-001
 7.3272514e-001
 7.3326707e-001
 7.3368567e-001
 7.3402137e-001
 7.3440683e-001
 7.3497188e-001
 7.3574823e-001
 7.3664504e-001
 7.3750645e-001
 7.3821169e-001
 7.3875552e-001
 7.3925465e-001
 7.3986322e-001
 7.4065226e-001
 7.4155849e-001
 7.4245334e-001
 7.4325556e-001
 7.4397171e-001
 7.4465358e-001
 7.4535930e-001
 7.4615711e-001
 7.4711436e-001
 7.4823540e-001
 7.4941003e-001
 7.5045234e-001
 7.5121570e-001
 7.5167924e-001
 7.5192809e-001
 7.5205660e-001
 7.5209737e-001
 7.5205117e-001
 7.5197595e-001
 7.5202382e-001
 7.5236952e-001
 7.5310194e-001
 7.5418001e-001
 7.5546330e-001
 7.5675672e-001
 7.5786400e-001
 7.5868386e-001
 7.5930101e-001
 7.5994378e-001
 7.6078790e-001
 7.6177639e-001
 7.6266247e-001
 7.6325864e-001
 7.6362914e-001
 7.6401222e-001
 7.6457179e-001
 7.6526523e-001
 7.6593769e-001
 7.6648450e-001
 7.6690251e-001
 7.6722282e-001
 7.6743168e-001
 7.6747000e-001
 7.6733279e-001
 7.6719218e-001
 7.6739872e-001
 7.6829189e-001
 7.6995027e-001
 7.7209681e-001
 7.7422607e-001
 7.7584606e-001
 7.7671391e-001
 7.7696186e-001
 7.7700531e-001
 7.7723420e-001
 7.7774662e-001
 7.7839315e-001
 7.7904195e-001
 7.7972329e-001
 7.8052741e-001
 7.8145742e-001
 7.8242731e-001
 7.8336191e-001
 7.8424495e-001
 7.8506273e-001
 7.8573102e-001
 7.8612882e-001
 7.8624475e-001
 7.8628314e-001
 7.8655940e-001
 7.8723228e-001
 7.8818494e-001
 7.8923243e-001
 7.9035801e-001
 7.9159969e-001
 7.9276752e-001
 7.9349709e-001
 7.9365492e-001
 7.9357457e-001
 7.9379952e-001
 7.9459280e-001
 7.9571921e-001
 7.9671025e-001
 7.9731530e-001
 7.9767340e-001
 7.9809695e-001
 7.9876900e-001
 7.9966682e-001
 8.0072182e-001
 8.0195230e-001
 8.0337310e-001
 8.0482656e-001
 8.0602056e-001
 8.0676121e-001
 8.0710512e-001
 8.0728018e-001
 8.0750281e-001
 8.0789602e-001
 8.0855113e-001
 8.0957758e-001
 8.1099886e-001
 8.1261134e-001
 8.1403130e-001
 8.1491739e-001
 8.1515002e-001
 8.1484568e-001
 8.1425953e-001
 8.1368643e-001
 8.1340730e-001
 8.1358212e-001
 8.1412727e-001
 8.1474727e-001
 8.1513214e-001
 8.1517404e-001
 8.1498814e-001
 8.1479406e-001
 8.1485432e-001
 8.1539136e-001
 8.1636822e-001
 8.1742382e-001
 8.1822896e-001
 8.1886911e-001
 8.1965119e-001
 8.2048863e-001
 8.2093275e-001
 8.2092303e-001
 8.2077950e-001
 8.2044661e-001
 8.1977010e-001
 8.1921184e-001
 8.1921166e-001
 8.1956309e-001
 8.2015014e-001
 8.2128435e-001
 8.2293928e-001
 8.2445973e-001
 8.2511586e-001
 8.2463360e-001
 8.2340771e-001
 8.2231498e-001
 8.2198393e-001
 8.2218838e-001
 8.2238436e-001
 8.2270652e-001
 8.2363051e-001
 8.2483035e-001
 8.2536572e-001
 8.2496494e-001
 8.2436746e-001
 8.2447010e-001
 8.2546026e-001
 8.2683963e-001
 8.2803047e-001
 8.2876748e-001
 8.2911974e-001
 8.2935530e-001
 8.2971668e-001
 8.3020878e-001
 8.3059537e-001
 8.3062440e-001
 8.3023924e-001
 8.2959300e-001
 8.2891566e-001
 8.2838154e-001
 8.2808059e-001
 8.2808346e-001
 8.2848799e-001
 8.2935286e-001
 8.3054024e-001
 8.3163381e-001
 8.3213818e-001
 8.3188599e-001
 8.3124000e-001
 8.3085632e-001
 8.3121032e-001
 8.3225608e-001
 8.3349162e-001
 8.3435893e-001
 8.3458543e-001
 8.3426535e-001
 8.3381242e-001
 8.3378106e-001
 8.3437526e-001
 8.3499682e-001
 8.3475983e-001
 8.3359635e-001
 8.3245587e-001
 8.3227056e-001
 8.3286130e-001
 8.3334464e-001
 8.3330858e-001
 8.3310789e-001
 8.3331466e-001
 8.3425176e-001
 8.3589482e-001
 8.3794385e-001
 8.3991957e-001
 8.4133184e-001
 8.4193641e-001
 8.4189755e-001
 8.4165913e-001
 8.4160793e-001
 8.4182978e-001
 8.4214163e-001
 8.4229684e-001
 8.4214902e-001
 8.4170121e-001
 8.4110171e-001
 8.4061742e-001
 8.4052438e-001
 8.4091699e-001
 8.4158844e-001
 8.4214246e-001
 8.4227979e-001
 8.4200644e-001
 8.4158409e-001
 8.4132868e-001
 8.4146637e-001
 8.4211147e-001
 8.4327579e-001
 8.4474355e-001
 8.4569073e-001
 8.4501249e-001
 8.4294790e-001
 8.4126413e-001
 8.4112984e-001
 8.4158963e-001
 8.4149754e-001
 8.4143448e-001
 8.4223503e-001
 8.4325290e-001
 8.4358257e-001
 8.4358513e-001
 8.4388208e-001
 8.4407055e-001
 8.4361279e-001
 8.4305215e-001
 8.4339470e-001
 8.4474224e-001
 8.4589040e-001
 8.4539032e-001
 8.4354705e-001
 8.4269035e-001
 8.4417844e-001
 8.4633672e-001
 8.4689957e-001
 8.4598053e-001
 8.4534538e-001
 8.4606600e-001
 8.4761614e-001
 8.4864849e-001
 8.4855503e-001
 8.4813881e-001
 8.4842247e-001
 8.4937775e-001
 8.5028362e-001
 8.5072416e-001
 8.5087115e-001
 8.5112083e-001
 8.5160613e-001
 8.5207272e-001
 8.5229158e-001
 8.5238522e-001
 8.5258716e-001
 8.5291511e-001
 8.5331947e-001
 8.5387629e-001
 8.5476589e-001
 8.5591012e-001
 8.5683733e-001
 8.5720474e-001
 8.5704368e-001
 8.5654193e-001
 8.5600775e-001
 8.5584998e-001
 8.5639548e-001
 8.5759175e-001
 8.5899854e-001
 8.6008418e-001
 8.6041385e-001
 8.5968894e-001
 8.5789466e-001
 8.5569680e-001
 8.5436946e-001
 8.5493672e-001
 8.5713315e-001
 8.5946465e-001
 8.6044401e-001
 8.5974592e-001
 8.5823321e-001
 8.5698962e-001
 8.5645789e-001
 8.5641843e-001
 8.5648799e-001
 8.5637116e-001
 8.5587656e-001
 8.5487795e-001
 8.5370308e-001
 8.5239631e-001
 8.5173351e-001
 8.5216933e-001
 8.5354477e-001
 8.5545433e-001
 8.5749203e-001
 8.5929906e-001
 8.6083120e-001
 8.6217064e-001
 8.6340004e-001
 8.6456853e-001
 8.6550695e-001
 8.6595780e-001
 8.6566323e-001
 8.6445439e-001
 8.6275053e-001
 8.6120921e-001
 8.6048877e-001
 8.6111718e-001
 8.6275446e-001
 8.6501598e-001
 8.6646205e-001
 8.6674500e-001
 8.6580867e-001
 8.6420774e-001
 8.6252302e-001
 8.6133611e-001
 8.6120528e-001
 8.6217546e-001
 8.6378181e-001
 8.6553812e-001
 8.6695737e-001
 8.6757046e-001
 8.6729264e-001
 8.6641890e-001
 8.6526030e-001
 8.6412764e-001
 8.6332488e-001
 8.6299360e-001
 8.6311674e-001
 8.6367065e-001
 8.6463153e-001
 8.6597556e-001
 8.6765236e-001
 8.6950588e-001
 8.7135541e-001
 8.7301964e-001
 8.7431771e-001
 8.7506837e-001
 8.7515175e-001
 8.7468243e-001
 8.7383157e-001
 8.7277073e-001
 8.7167060e-001
 8.7070274e-001
 8.7003809e-001
 8.6980319e-001
 8.6995435e-001
 8.7040699e-001
 8.7107664e-001
 8.7187898e-001
 8.7272954e-001
 8.7354380e-001
 8.7423742e-001
 8.7474638e-001
 8.7508404e-001
 8.7528193e-001
 8.7537158e-001
 8.7538439e-001
 8.7535203e-001
 8.7530589e-001
 8.7527752e-001
 8.7528974e-001
 8.7533295e-001
 8.7538975e-001
 8.7544286e-001
 8.7547517e-001
 8.7546927e-001
 8.7540799e-001
 8.7527412e-001
 8.7505662e-001
 8.7476766e-001
 8.7442482e-001
 8.7404561e-001
 8.7364757e-001
 8.7324822e-001
 8.7286514e-001
 8.7251574e-001
 8.7221783e-001
 8.7198865e-001
 8.7184584e-001
 8.7180698e-001
 8.7188256e-001
 8.7205726e-001
 8.7231034e-001
 8.7262052e-001
 8.7296700e-001
 8.7332886e-001
 8.7368482e-001
 8.7401438e-001
 8.7429613e-001
 8.7450927e-001
 8.7463284e-001
 8.7464577e-001
 8.7453479e-001
 8.7431341e-001
 8.7400168e-001
 8.7361908e-001
 8.7318563e-001
 8.7272090e-001
 8.7224472e-001
 8.7177682e-001
 8.7133706e-001
 8.7094504e-001
 8.7062061e-001
 8.7037784e-001
 8.7021023e-001
 8.7010717e-001
 8.7005812e-001
 8.7005198e-001
 8.7007827e-001
 8.7012607e-001
 8.7018490e-001
 8.7024373e-001
 8.7029213e-001
 8.7032217e-001
 8.7033731e-001
 8.7034291e-001
 8.7034470e-001
 8.7034810e-001
 8.7035865e-001
 8.7038189e-001
 8.7042344e-001
 8.7048876e-001
 8.7058336e-001
 8.7071192e-001
 8.7087488e-001
 8.7107241e-001
 8.7130433e-001
 8.7157065e-001
 8.7187123e-001
 8.7220609e-001
 8.7257534e-001
 8.7297857e-001
 8.7341613e-001
 8.7388343e-001
 8.7436295e-001
 8.7483341e-001
 8.7527406e-001
 8.7566411e-001
 8.7598246e-001
 8.7620842e-001
 8.7632102e-001
 8.7629920e-001
 8.7613213e-001
 8.7584108e-001
 8.7545431e-001
 8.7500018e-001
 8.7450689e-001
 8.7400264e-001
 8.7351573e-001
 8.7307429e-001
 8.7269938e-001
 8.7238687e-001
 8.7212807e-001
 8.7191397e-001
 8.7173581e-001
 8.7158459e-001
 8.7145150e-001
 8.7132770e-001
 8.7120354e-001
 8.7106663e-001
 8.7090445e-001
 8.7070423e-001
 8.7045300e-001
 8.7013841e-001
 8.6974734e-001
 8.6926740e-001
 8.6869216e-001
 8.6803639e-001
 8.6731899e-001
 8.6660928e-001
 8.6583155e-001
 8.6505163e-001
 8.6429697e-001
 8.6360675e-001
 8.6303580e-001
 8.6265010e-001
 8.6252093e-001
 8.6271679e-001
 8.6328381e-001
 8.6421132e-001
 8.6541122e-001
 8.6674070e-001
 8.6803710e-001
 8.6914492e-001
 8.6994696e-001
 8.7039900e-001
 8.7054032e-001
 8.7047291e-001
 8.7032783e-001
 8.7023652e-001
 8.7030447e-001
 8.7058783e-001
 8.7108499e-001
 8.7174922e-001
 8.7251067e-001
 8.7329507e-001
 8.7403703e-001
 8.7468958e-001
 8.7522662e-001
 8.7563950e-001
 8.7593049e-001
 8.7610936e-001
 8.7619382e-001
 8.7621170e-001
 8.7620187e-001
 8.7621135e-001
 8.7628973e-001
 8.7648088e-001
 8.7681371e-001
 8.7786728e-001
 8.7829822e-001
 8.7875253e-001
 8.7921011e-001
 8.7964755e-001
 8.8003975e-001
 8.8036209e-001
 8.8059211e-001
 8.8071120e-001
 8.8070637e-001
 8.8057172e-001
 8.8030994e-001
 8.7993300e-001
 8.7946326e-001
 8.7893176e-001
 8.7837625e-001
 8.7783921e-001
 8.7736332e-001
 8.7698787e-001
 8.7674338e-001
 8.7664819e-001
 8.7670642e-001
 8.7690783e-001
 8.7722939e-001
 8.7763882e-001
 8.7809765e-001
 8.7856537e-001
 8.7900555e-001
 8.7939113e-001
 8.7970865e-001
 8.7995887e-001
 8.8015378e-001
 8.8031155e-001
 8.8045114e-001
 8.8058752e-001
 8.8072896e-001
 8.8087624e-001
 8.8102406e-001
 8.8116342e-001
 8.8128507e-001
 8.8138205e-001
 8.8145161e-001
 8.8149542e-001
 8.8151896e-001
 8.8153017e-001
 8.8153774e-001
 8.8154972e-001
 8.8157278e-001
 8.8161176e-001
 8.8166994e-001
 8.8174886e-001
 8.8184917e-001
 8.8197023e-001
 8.8211030e-001
 8.8226616e-001
 8.8243264e-001
 8.8260269e-001
 8.8276780e-001
 8.8291878e-001
 8.8304722e-001
 8.8314754e-001
 8.8321835e-001
 8.8326383e-001
 8.8329363e-001
 8.8332200e-001
 8.8336509e-001
 8.8343799e-001
 8.8355124e-001
 8.8370818e-001
 8.8390374e-001
 8.8412482e-001
 8.8435239e-001
 8.8456470e-001
 8.8474149e-001
 8.8486707e-001
 8.8493276e-001
 8.8493806e-001
 8.8488978e-001
 8.8480043e-001
 8.8468570e-001
 8.8456166e-001
 8.8444269e-001
 8.8433975e-001
 8.8425922e-001
 8.8420266e-001
 8.8416731e-001
 8.8414681e-001
 8.8413274e-001
 8.8411587e-001
 8.8408834e-001
 8.8404500e-001
 8.8398498e-001
 8.8391209e-001
 8.8383466e-001
 8.8376439e-001
 8.8371420e-001
 8.8369560e-001
 8.8371664e-001
 8.8377994e-001
 8.8388240e-001
 8.8401580e-001
 8.8416874e-001
 8.8432908e-001
 8.8448572e-001
 8.8463068e-001
 8.8475901e-001
 8.8486862e-001
 8.8495892e-001
 8.8503027e-001
 8.8508326e-001
 8.8511896e-001
 8.8514030e-001
 8.8515288e-001
 8.8516527e-001
 8.8518846e-001
 8.8523370e-001
 8.8530916e-001
 8.8541675e-001
 8.8554996e-001
 8.8569307e-001
 8.8582343e-001
 8.8591516e-001
 8.8594466e-001
 8.8589585e-001
 8.8576394e-001
 8.8555700e-001
 8.8529468e-001
 8.8500392e-001
 8.8471365e-001
 8.8444871e-001
 8.8422477e-001
 8.8404536e-001
 8.8390046e-001
 8.8376874e-001
 8.8362062e-001
 8.8342345e-001
 8.8314670e-001
 8.8276613e-001
 8.8226765e-001
 8.8164866e-001
 8.8091785e-001
 8.8009381e-001
 8.7920177e-001
 8.7827069e-001
 8.7733001e-001
 8.7640667e-001
 8.7552422e-001
 8.7470067e-001
 8.7394911e-001
 8.7327713e-001
 8.7268710e-001
 8.7217706e-001
 8.7174124e-001
 8.7137151e-001
 8.7105936e-001
 8.7079805e-001
 8.7058496e-001
 8.7042356e-001
 8.7032413e-001
 8.7030303e-001
 8.7038016e-001
 8.7057519e-001
 8.7090307e-001
 8.7136918e-001
 8.7196577e-001
 8.7267095e-001
 8.7344891e-001
 8.7425321e-001
 8.7503225e-001
 8.7573534e-001
 8.7631947e-001
 8.7675506e-001
 8.7703001e-001
 8.7715125e-001
 8.7714368e-001
 8.7704617e-001
 8.7690598e-001
 8.7677175e-001
 8.7668639e-001
 8.7668157e-001
 8.7677324e-001
 8.7696052e-001
 8.7722641e-001
 8.7754095e-001
 8.7786609e-001
 8.7816143e-001
 8.7838972e-001
 8.7852198e-001
 8.7854153e-001
 8.7844563e-001
 8.7824607e-001
 8.7796748e-001
 8.7764454e-001
 8.7731749e-001
 8.7702769e-001
 8.7681282e-001
 8.7670231e-001
 8.7671435e-001
 8.7685376e-001
 8.7711161e-001
 8.7746638e-001
 8.7788683e-001
 8.7833542e-001
 8.7877333e-001
 8.7916446e-001
 8.7948042e-001
 8.7970310e-001
 8.7982696e-001
 8.7985885e-001
 8.7981671e-001
 8.7972629e-001
 8.7961733e-001
 8.7951905e-001
 8.7945604e-001
 8.7944549e-001
 8.7949514e-001
 8.7960362e-001
 8.7976164e-001
 8.7995470e-001
 8.8016617e-001
 8.8038015e-001
 8.8058436e-001
 8.8077122e-001
 8.8093847e-001
 8.8108844e-001
 8.8122624e-001
 8.8135803e-001
 8.8148886e-001
 8.8162136e-001
 8.8175517e-001
 8.8188714e-001
 8.8201237e-001
 8.8212574e-001
 8.8222301e-001
 8.8230169e-001
 8.8236111e-001
 8.8240206e-001
 8.8242561e-001
 8.8243240e-001
 8.8242215e-001
 8.8239372e-001
 8.8234586e-001
 8.8227797e-001
 8.8219082e-001
 8.8208693e-001
 8.8197005e-001
 8.8184410e-001
 8.8171184e-001
 8.8157439e-001
 8.8143069e-001
 8.8127875e-001
 8.8111717e-001
 8.8094682e-001
 8.8077313e-001
 8.8060617e-001
 8.8046056e-001
 8.8035351e-001
 8.8030189e-001
 8.8031995e-001
 8.8041645e-001
 8.8059384e-001
 8.8084775e-001
 8.8116819e-001
 8.8154089e-001
 8.8194865e-001
 8.8237280e-001
 8.8279366e-001
 8.8319111e-001
 8.8354450e-001
 8.8383389e-001
 8.8404125e-001
 8.8415188e-001
 8.8415670e-001
 8.8405371e-001
 8.8384891e-001
 8.8355565e-001
 8.8319385e-001
 8.8278675e-001
 8.8235903e-001
 8.8193393e-001
 8.8153100e-001
 8.8116562e-001
 8.8084787e-001
 8.8058329e-001
 8.8037252e-001
 8.8021219e-001
 8.8009471e-001
 8.8000882e-001
 8.7993997e-001
 8.7987149e-001
 8.7978595e-001
 8.7966704e-001
 8.7950176e-001
 8.7928140e-001
 8.7900281e-001
 8.7866765e-001
 8.7828147e-001
 8.7785196e-001
 8.7738687e-001
 8.7689322e-001
 8.7637657e-001
 8.7584162e-001
 8.7529361e-001
 8.7473959e-001
 8.7419009e-001
 8.7365913e-001
 8.7316400e-001
 8.7272310e-001
 8.7235308e-001
 8.7206590e-001
 8.7186533e-001
 8.7174511e-001
 8.7168813e-001
 8.7166733e-001
 8.7164897e-001
 8.7159675e-001
 8.7147683e-001
 8.7126267e-001
 8.7093860e-001
 8.7050110e-001
 8.6995846e-001
 8.6932784e-001
 8.6863208e-001
 8.6789477e-001
 8.6713797e-001
 8.6637956e-001
 8.6563301e-001
 8.6490858e-001
 8.6421365e-001
 8.6355466e-001
 8.6293709e-001
 8.6236417e-001
 8.6183649e-001
 8.6134952e-001
 8.6089355e-001
 8.6045367e-001
 8.6001092e-001
 8.5954577e-001
 8.5904086e-001
 8.5848433e-001
 8.5787243e-001
 8.5720992e-001
 8.5650992e-001
 8.5579121e-001
 8.5507488e-001
 8.5438049e-001
 8.5372221e-001
 8.5310662e-001
 8.5253125e-001
 8.5198545e-001
 8.5145313e-001
 8.5091597e-001
 8.5035753e-001
 8.4976709e-001
 8.4914088e-001
 8.4848332e-001
 8.4780473e-001
 8.4711879e-001
 8.4643859e-001
 8.4577268e-001
 8.4512264e-001
 8.4448105e-001
 8.4383190e-001
 8.4315217e-001
 8.4241390e-001
 8.4158808e-001
 8.4064692e-001
 8.3956635e-001
 8.3832800e-001
 8.3691847e-001
 8.3532989e-001
 8.3355790e-001
 8.3159983e-001
 8.2945430e-001
 8.2711893e-001
 8.2459146e-001
 8.2186979e-001
 8.1895113e-001
 8.1583542e-001
 8.1252241e-001
 8.0901390e-001
 8.0531192e-001
 8.0141580e-001
 7.9732424e-001
 7.9303086e-001
 7.8852761e-001
 7.8380454e-001
 7.7885032e-001
 7.7365816e-001
 7.6822746e-001
 7.6256472e-001
 7.5669038e-001
 7.5063479e-001
 7.4444300e-001
 7.3817152e-001
 7.3188353e-001
 7.2565007e-001
 7.1953952e-001
 7.1361738e-001
 7.0793921e-001
 7.0254397e-001
 6.9745648e-001
 6.9268137e-001
 6.8821013e-001
 6.8402356e-001
 6.8009722e-001
 6.7641270e-001
 6.7296040e-001
 6.6974825e-001
 6.6680151e-001
 6.6416031e-001
 6.6187668e-001
 6.6000468e-001
 6.5859449e-001
 6.5768427e-001
 6.5729523e-001
 6.5743029e-001
 6.5807456e-001
 6.5919828e-001
 6.6076022e-001
 6.6271275e-001
 6.6500396e-001
 6.6758049e-001
 6.7039067e-001
 6.7338336e-001
 6.7651159e-001
 6.7973143e-001
 6.8300378e-001
 6.8629628e-001
 6.8958092e-001
 6.9283634e-001
 6.9604462e-001
 6.9919103e-001
 7.0226395e-001
 7.0525187e-001
 7.0814627e-001
 7.1093947e-001
 7.1362668e-001
 7.1620721e-001
 7.1868211e-001
 7.2105426e-001
 7.2332704e-001
 7.2550040e-001
 7.2757089e-001
 7.2952890e-001
 7.3136008e-001
 7.3304754e-001
 7.3457348e-001
 7.3592418e-001
 7.3709202e-001
 7.3807847e-001
 7.3889530e-001
 7.3956275e-001
 7.4010873e-001
 7.4056453e-001
 7.4096173e-001
 7.4132901e-001
 7.4168926e-001
 7.4205929e-001
 7.4244970e-001
 7.4286681e-001
 7.4331516e-001
 7.4379969e-001
 7.4432719e-001
 7.4490738e-001
 7.4555087e-001
 7.4626839e-001
 7.4706769e-001
 7.4795210e-001
 7.4892050e-001
 7.4996746e-001
 7.5108647e-001
 7.5227207e-001
 7.5352228e-001
 7.5484061e-001
 7.5623405e-001
 7.5771207e-001
 7.5928241e-001
 7.6094806e-001
 7.6270562e-001
 7.6454306e-001
 7.6644266e-001
 7.6838171e-001
 7.7033633e-001
 7.7228457e-001
 7.7420598e-001
 7.7608401e-001
 7.7790272e-001
 7.7964652e-001
 7.8129935e-001
 7.8284353e-001
 7.8426170e-001
 7.8553998e-001
 7.8667021e-001
 7.8765458e-001
 7.8850675e-001
 7.8925323e-001
 7.8993219e-001
 7.9058892e-001
 7.9127139e-001
 7.9202354e-001
 7.9287899e-001
 7.9385686e-001
 7.9495835e-001
 7.9616797e-001
 7.9745549e-001
 7.9878169e-001
 8.0010533e-001
 8.0138826e-001
 8.0260187e-001
 8.0372870e-001
 8.0476332e-001
 8.0571061e-001
 8.0658221e-001
 8.0739319e-001
 8.0815929e-001
 8.0889457e-001
 8.0961066e-001
 8.1031626e-001
 8.1101781e-001
 8.1171983e-001
 8.1242502e-001
 8.1313467e-001
 8.1384790e-001
 8.1456214e-001
 8.1527251e-001
 8.1597185e-001
 8.1665123e-001
 8.1730050e-001
 8.1790960e-001
 8.1847066e-001
 8.1897825e-001
 8.1943130e-001
 8.1983280e-001
 8.2019013e-001
 8.2051402e-001
 8.2081717e-001
 8.2111311e-001
 8.2141507e-001
 8.2173502e-001
 8.2208353e-001
 8.2246923e-001
 8.2289827e-001
 8.2337433e-001
 8.2389784e-001
 8.2446635e-001
 8.2507408e-001
 8.2571185e-001
 8.2636762e-001
 8.2702631e-001
 8.2767093e-001
 8.2828295e-001
 8.2884407e-001
 8.2933843e-001
 8.2975358e-001
 8.3008260e-001
 8.3032459e-001
 8.3048576e-001
 8.3057886e-001
 8.3062285e-001
 8.3064240e-001
 8.3066636e-001
 8.3072537e-001
 8.3084869e-001
 8.3106118e-001
 8.3137995e-001
 8.3181286e-001
 8.3235693e-001
 8.3299917e-001
 8.3371729e-001
 8.3448207e-001
 8.3526027e-001
 8.3601779e-001
 8.3672327e-001
 8.3735007e-001
 8.3787876e-001
 8.3829850e-001
 8.3860737e-001
 8.3881229e-001
 8.3892798e-001
 8.3897567e-001
 8.3898085e-001
 8.3897007e-001
 8.3896816e-001
 8.3899605e-001
 8.3906829e-001
 8.3919281e-001
 8.3937067e-001
 8.3959740e-001
 8.3986449e-001
 8.4016097e-001
 8.4047538e-001
 8.4079677e-001
 8.4111601e-001
 8.4142613e-001
 8.4172231e-001
 8.4200191e-001
 8.4226412e-001
 8.4250951e-001
 8.4273952e-001
 8.4295613e-001
 8.4316164e-001
 8.4335792e-001
 8.4354651e-001
 8.4372836e-001
 8.4390372e-001
 8.4407210e-001
 8.4423274e-001
 8.4438443e-001
 8.4452665e-001
 8.4465933e-001
 8.4478378e-001
 8.4490269e-001
 8.4502017e-001
 8.4514183e-001
 8.4527409e-001
 8.4542370e-001
 8.4559703e-001
 8.4579927e-001
 8.4603393e-001
 8.4630251e-001
 8.4660441e-001
 8.4693712e-001
 8.4729683e-001
 8.4767878e-001
 8.4807801e-001
 8.4848970e-001
 8.4890974e-001
 8.4933424e-001
 8.4975994e-001
 8.5018325e-001
 8.5060006e-001
 8.5100549e-001
 8.5139304e-001
 8.5175538e-001
 8.5208392e-001
 8.5237020e-001
 8.5260659e-001
 8.5278755e-001
 8.5291034e-001
 8.5297620e-001
 8.5299033e-001
 8.5296160e-001
 8.5290182e-001
 8.5282433e-001
 8.5274243e-001
 8.5266793e-001
 8.5260999e-001
 8.5257417e-001
 8.5256237e-001
 8.5257316e-001
 8.5260266e-001
 8.5264564e-001
 8.5269696e-001
 8.5275263e-001
 8.5281050e-001
 8.5287088e-001
 8.5293615e-001
 8.5301018e-001
 8.5309768e-001
 8.5320359e-001
 8.5333216e-001
 8.5348666e-001
 8.5366881e-001
 8.5387820e-001
 8.5411233e-001
 8.5436606e-001
 8.5463184e-001
 8.5489959e-001
 8.5515708e-001
 8.5539055e-001
 8.5558516e-001
 8.5572654e-001
 8.5580182e-001
 8.5580146e-001
 8.5572040e-001
 8.5555965e-001
 8.5532641e-001
 8.5503322e-001
 8.5469621e-001
 8.5433346e-001
 8.5396242e-001
 8.5359782e-001
 8.5325032e-001
 8.5292536e-001
 8.5262293e-001
 8.5233819e-001
 8.5206252e-001
 8.5178518e-001
 8.5149527e-001
 8.5118401e-001
 8.5084647e-001
 8.5048270e-001
 8.5009801e-001
 8.4970289e-001
 8.4931111e-001
 8.4893799e-001
 8.4859806e-001
 8.4830266e-001
 8.4805810e-001
 8.4786433e-001
 8.4771460e-001
 8.4759617e-001
 8.4749204e-001
 8.4738302e-001
 8.4725082e-001
 8.4708065e-001
 8.4686357e-001
 8.4659791e-001
 8.4628981e-001
 8.4595245e-001
 8.4560394e-001
 8.4526467e-001
 8.4495413e-001
 8.4468722e-001
 8.4447223e-001
 8.4430826e-001
 8.4418547e-001
 8.4408575e-001
 8.4398490e-001
 8.4385645e-001
 8.4367526e-001
 8.4342164e-001
 8.4308481e-001
 8.4266472e-001
 8.4217304e-001
 8.4163153e-001
 8.4106994e-001
 8.4052134e-001
 8.4001756e-001
 8.3958489e-001
 8.3923930e-001
 8.3898467e-001
 8.3881110e-001
 8.3869642e-001
 8.3860880e-001
 8.3851087e-001
 8.3836484e-001
 8.3813721e-001
 8.3780295e-001
 8.3734870e-001
 8.3677393e-001
 8.3609033e-001
 8.3532029e-001
 8.3449328e-001
 8.3364254e-001
 8.3280134e-001
 8.3199912e-001
 8.3125997e-001
 8.3060032e-001
 8.3002943e-001
 8.2954943e-001
 8.2915640e-001
 8.2884187e-001
 8.2859421e-001
 8.2840008e-001
 8.2824516e-001
 8.2811522e-001
 8.2799691e-001
 8.2787824e-001
 8.2774919e-001
 8.2760292e-001
 8.2743573e-001
 8.2724804e-001
 8.2704431e-001
 8.2683271e-001
 8.2662410e-001
 8.2643038e-001
 8.2626224e-001
 8.2612705e-001
 8.2602614e-001
 8.2595330e-001
 8.2589334e-001
 8.2582259e-001
 8.2570988e-001
 8.2551968e-001
 8.2521641e-001
 8.2476938e-001
 8.2415819e-001
 8.2337719e-001
 8.2243866e-001
 8.2137293e-001
 8.2022405e-001
 8.1904548e-001
 8.1789386e-001
 8.1682295e-001
 8.1587905e-001
 8.1509644e-001
 8.1449664e-001
 8.1408709e-001
 8.1385911e-001
 8.1378835e-001
 8.1383681e-001
 8.1395680e-001
 8.1409675e-001
 8.1420761e-001
 8.1424993e-001
 8.1419939e-001
 8.1404990e-001
 8.1381381e-001
 8.1352592e-001
 8.1315690e-001
 8.1281525e-001
 8.1254715e-001
 8.1238931e-001
 8.1236184e-001
 8.1246430e-001
 8.1267732e-001
 8.1296861e-001
 8.1329858e-001
 8.1362557e-001
 8.1390822e-001
 8.1410843e-001
 8.1419468e-001
 8.1414491e-001
 8.1394923e-001
 8.1361037e-001
 8.1314260e-001
 8.1256872e-001
 8.1191707e-001
 8.1121856e-001
 8.1050426e-001
 8.0980396e-001
 8.0914360e-001
 8.0854237e-001
 8.0801028e-001
 8.0754679e-001
 8.0714196e-001
 8.0677885e-001
 8.0643654e-001
 8.0609232e-001
 8.0572319e-001
 8.0530781e-001
 8.0482757e-001
 8.0426979e-001
 8.0362886e-001
 8.0290705e-001
 8.0211413e-001
 8.0126524e-001
 8.0037844e-001
 7.9947352e-001
 7.9856962e-001
 7.9768473e-001
 7.9683286e-001
 7.9602134e-001
 7.9524928e-001
 7.9450560e-001
 7.9377079e-001
 7.9301894e-001
 7.9222018e-001
 7.9134303e-001
 7.9035568e-001
 7.8922784e-001
 7.8793228e-001
 7.8644627e-001
 7.8475487e-001
 7.8284991e-001
 7.8073066e-001
 7.7840179e-001
 7.7586997e-001
 7.7314442e-001
 7.7023345e-001
 7.6714569e-001
 7.6388788e-001
 7.6046282e-001
 7.5687015e-001
 7.5310522e-001
 7.4915797e-001
 7.4501693e-001
 7.4066710e-001
 7.3609418e-001
 7.3128372e-001
 7.2622025e-001
 7.2089177e-001
 7.1528643e-001
 7.0939696e-001
 7.0321983e-001
 6.9675243e-001
 6.8999720e-001
 6.8295497e-001
 6.7562973e-001
 6.6802603e-001
 6.6014624e-001
 6.5199745e-001
 6.4358473e-001
 6.3491821e-001
 6.2601078e-001
 6.1687452e-001
 6.0752618e-001
 5.9798390e-001
 5.8826339e-001
 5.7838690e-001
 5.6837606e-001
 5.5826455e-001
 5.4809994e-001
 5.3794503e-001
 5.2788842e-001
 5.1803267e-001
 5.0849795e-001
 4.9941221e-001
 4.9090347e-001
 4.8310217e-001
 4.7612742e-001
 4.7008497e-001
 4.6505311e-001
 4.6107155e-001
 4.5814133e-001
 4.5622510e-001
 4.5525950e-001
 4.5516437e-001
 4.5585182e-001
 4.5723116e-001
 4.5921260e-001
 4.6170872e-001
 4.6463683e-001
 4.6792215e-001
 4.7149649e-001
 4.7529835e-001
 4.7927269e-001
 4.8336577e-001
 4.8752758e-001
 4.9170825e-001
 4.9586055e-001
 4.9994382e-001
 5.0392395e-001
 5.0777996e-001
 5.1150209e-001
 5.1509207e-001
 5.1856124e-001
 5.2192420e-001
 5.2519947e-001
 5.2840483e-001
 5.3155655e-001
 5.3466916e-001
 5.3775012e-001
 5.4080105e-001
 5.4381430e-001
 5.4677504e-001
 5.4966390e-001
 5.5245745e-001
 5.5513084e-001
 5.5766028e-001
 5.6002259e-001
 5.6219953e-001
 5.6417859e-001
 5.6595623e-001
 5.6753945e-001
 5.6894326e-001
 5.7018995e-001
 5.7130527e-001
 5.7231665e-001
 5.7325250e-001
 5.7413965e-001
 5.7500339e-001
 5.7586497e-001
 5.7674068e-001
 5.7764161e-001
 5.7857341e-001
 5.7953858e-001
 5.8053702e-001
 5.8156747e-001
 5.8262885e-001
 5.8371943e-001
 5.8483791e-001
 5.8598363e-001
 5.8715600e-001
 5.8835554e-001
 5.8958292e-001
 5.9083915e-001
 5.9212589e-001
 5.9344429e-001
 5.9479588e-001
 5.9618104e-001
 5.9759855e-001
 5.9904563e-001
 6.0051543e-001
 6.0199821e-001
 6.0348070e-001
 6.0494709e-001
 6.0638088e-001
 6.0776436e-001
 6.0908109e-001
 6.1031622e-001
 6.1145896e-001
 6.1250609e-001
 6.1346340e-001
 6.1434776e-001
 6.1518520e-001
 6.1600882e-001
 6.1685622e-001
 6.1776626e-001
 6.1877751e-001
 6.1992610e-001
 6.2124151e-001
 6.2274373e-001
 6.2443829e-001
 6.2631530e-001
 6.2835169e-001
 6.3051319e-001
 6.3276058e-001
 6.3505089e-001
 6.3734239e-001
 6.3959402e-001
 6.4177215e-001
 6.4385283e-001
 6.4582396e-001
 6.4768964e-001
 6.4946663e-001
 6.5118217e-001
 6.5286773e-001
 6.5455872e-001
 6.5629035e-001
 6.5809387e-001
 6.5999544e-001
 6.6201067e-001
 6.6413921e-001
 6.6636628e-001
 6.6866201e-001
 6.7098665e-001
 6.7329228e-001
 6.7553020e-001
 6.7765170e-001
 6.7960995e-001
 6.8136692e-001
 6.8289691e-001
 6.8419009e-001
 6.8525630e-001
 6.8612230e-001
 6.8682641e-001
 6.8741524e-001
 6.8793833e-001
 6.8844587e-001
 6.8898535e-001
 6.8959916e-001
 6.9032061e-001
 6.9117004e-001
 6.9215429e-001
 6.9326800e-001
 6.9449562e-001
 6.9581693e-001
 6.9720870e-001
 6.9864732e-001
 7.0010811e-001
 7.0156866e-001
 7.0300800e-001
 7.0440686e-001
 7.0574933e-001
 7.0702213e-001
 7.0821267e-001
 7.0931059e-001
 7.1030593e-001
 7.1118903e-001
 7.1195239e-001
 7.1259147e-001
 7.1310687e-001
 7.1350569e-001
 7.1380293e-001
 7.1402073e-001
 7.1418571e-001
 7.1432799e-001
 7.1447855e-001
 7.1466815e-001
 7.1492529e-001
 7.1527350e-001
 7.1572822e-001
 7.1629351e-001
 7.1696121e-001
 7.1771222e-001
 7.1851861e-001
 7.1934813e-001
 7.2016644e-001
 7.2093862e-001
 7.2163266e-001
 7.2222126e-001
 7.2268581e-001
 7.2301888e-001
 7.2322625e-001
 7.2332507e-001
 7.2334099e-001
 7.2330469e-001
 7.2324920e-001
 7.2320753e-001
 7.2321075e-001
 7.2328538e-001
 7.2345012e-001
 7.2371328e-001
 7.2407138e-001
 7.2451061e-001
 7.2500914e-001
 7.2554076e-001
 7.2607732e-001
 7.2659010e-001
 7.2705263e-001
 7.2744244e-001
 7.2774357e-001
 7.2794980e-001
 7.2806519e-001
 7.2810310e-001
 7.2808379e-001
 7.2803158e-001
 7.2797269e-001
 7.2793335e-001
 7.2793835e-001
 7.2800899e-001
 7.2816050e-001
 7.2839999e-001
 7.2872573e-001
 7.2912765e-001
 7.2958976e-001
 7.3009270e-001
 7.3061544e-001
 7.3113662e-001
 7.3163664e-001
 7.3209888e-001
 7.3251182e-001
 7.3287141e-001
 7.3318160e-001
 7.3345321e-001
 7.3370278e-001
 7.3394972e-001
 7.3421484e-001
 7.3451853e-001
 7.3487920e-001
 7.3531097e-001
 7.3581970e-001
 7.3640144e-001
 7.3704070e-001
 7.3771107e-001
 7.3837912e-001
 7.3900682e-001
 7.3955399e-001
 7.3998123e-001
 7.4025226e-001
 7.4033779e-001
 7.4021995e-001
 7.3989707e-001
 7.3938459e-001
 7.3871434e-001
 7.3792940e-001
 7.3707956e-001
 7.3621839e-001
 7.3539883e-001
 7.3467094e-001
 7.3407793e-001
 7.3365164e-001
 7.3340791e-001
 7.3334527e-001
 7.3344648e-001
 7.3368269e-001
 7.3401827e-001
 7.3441404e-001
 7.3483062e-001
 7.3522991e-001
 7.3557740e-001
 7.3584527e-001
 7.3601425e-001
 7.3607469e-001
 7.3602563e-001
 7.3587263e-001
 7.3562497e-001
 7.3529398e-001
 7.3489136e-001
 7.3442870e-001
 7.3391730e-001
 7.3336673e-001
 7.3278511e-001
 7.3217839e-001
 7.3155135e-001
 7.3090702e-001
 7.3024768e-001
 7.2957551e-001
 7.2889173e-001
 7.2819638e-001
 7.2748798e-001
 7.2676092e-001
 7.2600496e-001
 7.2520500e-001
 7.2434092e-001
 7.2338897e-001
 7.2232336e-001
 7.2111809e-001
 7.1974677e-001
 7.1818447e-001
 7.1641070e-001
 7.1441001e-001
 7.1217442e-001
 7.0970649e-001
 7.0701504e-001
 7.0411533e-001
 7.0102525e-001
 6.9776648e-001
 6.9435889e-001
 6.9082123e-001
 6.8717271e-001
 6.8342614e-001
 6.7958933e-001
 6.7566717e-001
 6.7165679e-001
 6.6755247e-001
 6.6334558e-001
 6.5902972e-001
 6.5459734e-001
 6.5004534e-001
 6.4538383e-001
 6.4063609e-001
 6.3584781e-001
 6.3109291e-001
 6.2646413e-001
 6.2207073e-001
 6.1803484e-001
 6.1447889e-001
 6.1152411e-001
 6.0928172e-001
 6.0784394e-001
 6.0726643e-001
 6.0755879e-001
 6.0867816e-001
 6.1053491e-001
 6.1300528e-001
 6.1594319e-001
 6.1919516e-001
 6.2260604e-001
 6.2602818e-001
 6.2932724e-001
 6.3239783e-001
 6.3517076e-001
 6.3761491e-001
 6.3973755e-001
 6.4157230e-001
 6.4316738e-001
 6.4458001e-001
 6.4586902e-001
 6.4709020e-001
 6.4829409e-001
 6.4951998e-001
 6.5079308e-001
 6.5212119e-001
 6.5349859e-001
 6.5490866e-001
 6.5632725e-001
 6.5772849e-001
 6.5908563e-001
 6.6037238e-001
 6.6156673e-001
 6.6265202e-001
 6.6361952e-001
 6.6446847e-001
 6.6520649e-001
 6.6584688e-001
 6.6640580e-001
 6.6690159e-001
 6.6735262e-001
 6.6777617e-001
 6.6818792e-001
 6.6859996e-001
 6.6901916e-001
 6.6944772e-001
 6.6988271e-001
 6.7031795e-001
 6.7074472e-001
 6.7115366e-001
 6.7153478e-001
 6.7187721e-001
 6.7216986e-001
 6.7240030e-001
 6.7255437e-001
 6.7261654e-001
 6.7256945e-001
 6.7239475e-001
 6.7207342e-001
 6.7158645e-001
 6.7091519e-001
 6.7004371e-001
 6.6895944e-001
 6.6765696e-001
 6.6614079e-001
 6.6442519e-001
 6.6253352e-001
 6.6049749e-001
 6.5835154e-001
 6.5613234e-001
 6.5387619e-001
 6.5161955e-001
 6.4939392e-001
 6.4722508e-001
 6.4513260e-001
 6.4312565e-001
 6.4120591e-001
 6.3937062e-001
 6.3761204e-001
 6.3592130e-001
 6.3428843e-001
 6.3270420e-001
 6.3115805e-001
 6.2963909e-001
 6.2813693e-001
 6.2663966e-001
 6.2513494e-001
 6.2361109e-001
 6.2205523e-001
 6.2045461e-001
 6.1879814e-001
 6.1707526e-001
 6.1527896e-001
 6.1340719e-001
 6.1146665e-001
 6.0947078e-001
 6.0744023e-001
 6.0540253e-001
 6.0338694e-001
 6.0142398e-001
 5.9954494e-001
 5.9777725e-001
 5.9614295e-001
 5.9465414e-001
 5.9331077e-001
 5.9209740e-001
 5.9098554e-001
 5.8993793e-001
 5.8891076e-001
 5.8785790e-001
 5.8673429e-001
 5.8549744e-001
 5.8411229e-001
 5.8255571e-001
 5.8082241e-001
 5.7892442e-001
 5.7689029e-001
 5.7476234e-001
 5.7258868e-001
 5.7042080e-001
 5.6831223e-001
 5.6631273e-001
 5.6446731e-001
 5.6281370e-001
 5.6137651e-001
 5.6016803e-001
 5.5918884e-001
 5.5843139e-001
 5.5788243e-001
 5.5752647e-001
 5.5734736e-001
 5.5732852e-001
 5.5745435e-001
 5.5771011e-001
 5.5808264e-001
 5.5856055e-001
 5.5913401e-001
 5.5979395e-001
 5.6053233e-001
 5.6134140e-001
 5.6221294e-001
 5.6313920e-001
 5.6411207e-001
 5.6512201e-001
 5.6615943e-001
 5.6721389e-001
 5.6827331e-001
 5.6932604e-001
 5.7035989e-001
 5.7136291e-001
 5.7232255e-001
 5.7322758e-001
 5.7406735e-001
 5.7483184e-001
 5.7551295e-001
 5.7610434e-001
 5.7660067e-001
 5.7699835e-001
 5.7729435e-001
 5.7748634e-001
 5.7757181e-001
 5.7754874e-001
 5.7741511e-001
 5.7716918e-001
 5.7682556e-001
 5.7645488e-001
 5.7585710e-001
 5.7516265e-001
 5.7438117e-001
 5.7352257e-001
 5.7259613e-001
 5.7161218e-001
 5.7058012e-001
 5.6950980e-001
 5.6841093e-001
 5.6729245e-001
 5.6615895e-001
 5.6501144e-001
 5.6385142e-001
 5.6267977e-001
 5.6149834e-001
 5.6030822e-001
 5.5911052e-001
 5.5790657e-001
 5.5669802e-001
 5.5548596e-001
 5.5427164e-001
 5.5305612e-001
 5.5184126e-001
 5.5062807e-001
 5.4941767e-001
 5.4821116e-001
 5.4700935e-001
 5.4581392e-001
 5.4462564e-001
 5.4344553e-001
 5.4227459e-001
 5.4111433e-001
 5.3996551e-001
 5.3882933e-001
 5.3770655e-001
 5.3659880e-001
 5.3550690e-001
 5.3443193e-001
 5.3337502e-001
 5.3233695e-001
 5.3131926e-001
 5.3032273e-001
 5.2934581e-001
 5.2838576e-001
 5.2744061e-001
 5.2650738e-001
 5.2558368e-001
 5.2466673e-001
 5.2375436e-001
 5.2284384e-001
 5.2193260e-001
 5.2101821e-001
 5.2009779e-001
 5.1916921e-001
 5.1822978e-001
 5.1727688e-001
 5.1630783e-001
 5.1532048e-001
 5.1431203e-001
 5.1328003e-001
 5.1222163e-001
 5.1113474e-001
 5.1001662e-001
 5.0886506e-001
 5.0768048e-001
 5.0646567e-001
 5.0522262e-001
 5.0395352e-001
 5.0266063e-001
 5.0134581e-001
 5.0001198e-001
 4.9866098e-001
 4.9729517e-001
 4.9591631e-001
 4.9452746e-001
 4.9313036e-001
 4.9172723e-001
 4.9032015e-001
 4.8891184e-001
 4.8750430e-001
 4.8609972e-001
 4.8470035e-001
 4.8330805e-001
 4.8192573e-001
 4.8055539e-001
 4.7919905e-001
 4.7785884e-001
 4.7653750e-001
 4.7523698e-001
 4.7395921e-001
 4.7270358e-001
 4.7146931e-001
 4.7025454e-001
 4.6905789e-001
 4.6787784e-001
 4.6671262e-001
 4.6556142e-001
 4.6442249e-001
 4.6329430e-001
 4.6217519e-001
 4.6106425e-001
 4.5995972e-001
 4.5886007e-001
 4.5776370e-001
 4.5666960e-001
 4.5557612e-001
 4.5448175e-001
 4.5338470e-001
 4.5228419e-001
 4.5117840e-001
 4.5006585e-001
 4.4894516e-001
 4.4781455e-001
 4.4667315e-001
 4.4551918e-001
 4.4435114e-001
 4.4316745e-001
 4.4196704e-001
 4.4074821e-001
 4.3950999e-001
 4.3825349e-001
 4.3698230e-001
 4.3569905e-001
