s07_ASD Record=13224: Erionite+Merlinoite GDS144    BECKc AREF
 5.8654275e-002
 5.8715548e-002
 5.8786634e-002
 5.8865897e-002
 5.8950372e-002
 5.9036691e-002
 5.9122451e-002
 5.9207089e-002
 5.9291918e-002
 5.9379313e-002
 5.9471704e-002
 5.9570841e-002
 5.9677720e-002
 5.9792873e-002
 5.9916895e-002
 6.0051445e-002
 6.0199920e-002
 6.0367476e-002
 6.0560144e-002
 6.0783736e-002
 6.1042529e-002
 6.1338425e-002
 6.1670974e-002
 6.2038127e-002
 6.2437501e-002
 6.2867172e-002
 6.3326024e-002
 6.3813828e-002
 6.4330928e-002
 6.4878196e-002
 6.5455981e-002
 6.6063665e-002
 6.6699870e-002
 6.7363054e-002
 6.8050385e-002
 6.8757296e-002
 6.9479302e-002
 7.0212908e-002
 7.0955932e-002
 7.1707189e-002
 7.2466508e-002
 7.3234655e-002
 7.4013166e-002
 7.4804120e-002
 7.5608984e-002
 7.6427817e-002
 7.7258557e-002
 7.8097373e-002
 7.8938931e-002
 7.9777084e-002
 8.0605455e-002
 8.1418596e-002
 8.2214214e-002
 8.2994945e-002
 8.3769090e-002
 8.4549263e-002
 8.5349724e-002
 8.6180419e-002
 8.7044373e-002
 8.7939925e-002
 8.8849872e-002
 8.9755796e-002
 9.0652883e-002
 9.1539472e-002
 9.2421696e-002
 9.3315691e-002
 9.4234593e-002
 9.5185310e-002
 9.6172750e-002
 9.7200893e-002
 9.8273657e-002
 9.9393778e-002
 1.0056176e-001
 1.0177660e-001
 1.0303812e-001
 1.0435066e-001
 1.0572460e-001
 1.0717454e-001
 1.0871342e-001
 1.1034587e-001
 1.1206535e-001
 1.1385589e-001
 1.1569887e-001
 1.1757947e-001
 1.1949082e-001
 1.2143347e-001
 1.2341174e-001
 1.2542969e-001
 1.2748678e-001
 1.2957574e-001
 1.3168105e-001
 1.3378029e-001
 1.3584672e-001
 1.3785440e-001
 1.3978203e-001
 1.4161485e-001
 1.4334536e-001
 1.4497189e-001
 1.4649822e-001
 1.4793187e-001
 1.4928211e-001
 1.5055509e-001
 1.5174785e-001
 1.5284555e-001
 1.5382497e-001
 1.5466738e-001
 1.5537213e-001
 1.5596126e-001
 1.5647201e-001
 1.5694141e-001
 1.5739375e-001
 1.5783860e-001
 1.5827884e-001
 1.5871976e-001
 1.5917104e-001
 1.5963885e-001
 1.6011560e-001
 1.6057938e-001
 1.6100761e-001
 1.6139567e-001
 1.6176312e-001
 1.6214159e-001
 1.6255605e-001
 1.6301729e-001
 1.6352998e-001
 1.6410202e-001
 1.6474110e-001
 1.6544093e-001
 1.6617584e-001
 1.6691542e-001
 1.6764869e-001
 1.6839491e-001
 1.6918987e-001
 1.7006373e-001
 1.7103145e-001
 1.7210044e-001
 1.7327896e-001
 1.7457333e-001
 1.7597939e-001
 1.7748082e-001
 1.7905834e-001
 1.8070066e-001
 1.8240826e-001
 1.8418726e-001
 1.8604308e-001
 1.8798223e-001
 1.9002074e-001
 1.9218434e-001
 1.9448921e-001
 1.9691858e-001
 1.9941980e-001
 2.0193169e-001
 2.0441970e-001
 2.0689186e-001
 2.0938545e-001
 2.1194151e-001
 2.1458454e-001
 2.1731947e-001
 2.2013897e-001
 2.2303513e-001
 2.2600789e-001
 2.2907177e-001
 2.3225372e-001
 2.3557265e-001
 2.3901175e-001
 2.4251066e-001
 2.4600218e-001
 2.4946718e-001
 2.5295460e-001
 2.5654796e-001
 2.6030663e-001
 2.6423469e-001
 2.6829267e-001
 2.7243569e-001
 2.7664110e-001
 2.8091449e-001
 2.8527912e-001
 2.8976035e-001
 2.9437453e-001
 2.9911965e-001
 3.0397531e-001
 3.0891243e-001
 3.1390736e-001
 3.1895334e-001
 3.2405695e-001
 3.2923263e-001
 3.3449730e-001
 3.3986261e-001
 3.4531581e-001
 3.5081801e-001
 3.5633579e-001
 3.6187378e-001
 3.6746448e-001
 3.7311658e-001
 3.7878749e-001
 3.8441002e-001
 3.8994855e-001
 3.9542502e-001
 4.0089747e-001
 4.0641341e-001
 4.1197571e-001
 4.1754761e-001
 4.2308268e-001
 4.2856309e-001
 4.3401414e-001
 4.3947113e-001
 4.4492140e-001
 4.5028764e-001
 4.5549706e-001
 4.6056098e-001
 4.6556285e-001
 4.7056168e-001
 4.7553232e-001
 4.8040316e-001
 4.8513016e-001
 4.8971909e-001
 4.9417874e-001
 4.9849361e-001
 5.0267118e-001
 5.0678188e-001
 5.1089716e-001
 5.1499534e-001
 5.1898366e-001
 5.2280545e-001
 5.2647734e-001
 5.3002983e-001
 5.3346890e-001
 5.3679532e-001
 5.4001319e-001
 5.4311299e-001
 5.4607475e-001
 5.4889721e-001
 5.5160272e-001
 5.5420715e-001
 5.5670339e-001
 5.5908114e-001
 5.6135786e-001
 5.6357330e-001
 5.6574452e-001
 5.6783479e-001
 5.6979102e-001
 5.7160872e-001
 5.7333654e-001
 5.7500964e-001
 5.7659340e-001
 5.7801813e-001
 5.7928318e-001
 5.8049804e-001
 5.8177125e-001
 5.8306628e-001
 5.8423662e-001
 5.8520055e-001
 5.8602685e-001
 5.8685565e-001
 5.8776802e-001
 5.8873326e-001
 5.8967018e-001
 5.9052962e-001
 5.9131563e-001
 5.9204888e-001
 5.9272897e-001
 5.9334534e-001
 5.9391862e-001
 5.9449351e-001
 5.9506655e-001
 5.9556293e-001
 5.9594804e-001
 5.9631771e-001
 5.9677845e-001
 5.9729427e-001
 5.9777415e-001
 5.9823549e-001
 5.9874791e-001
 5.9927976e-001
 5.9974122e-001
 6.0015213e-001
 6.0062099e-001
 6.0115850e-001
 6.0164958e-001
 6.0203099e-001
 6.0238063e-001
 6.0279858e-001
 6.0327810e-001
 6.0376137e-001
 6.0424972e-001
 6.0477024e-001
 6.0529107e-001
 6.0573077e-001
 6.0605001e-001
 6.0632062e-001
 6.0668081e-001
 6.0720539e-001
 6.0782939e-001
 6.0840780e-001
 6.0884738e-001
 6.0918945e-001
 6.0956138e-001
 6.1004698e-001
 6.1063206e-001
 6.1127597e-001
 6.1198008e-001
 6.1275864e-001
 6.1356515e-001
 6.1428189e-001
 6.1482143e-001
 6.1524761e-001
 6.1573243e-001
 6.1636704e-001
 6.1709100e-001
 6.1781889e-001
 6.1852574e-001
 6.1919206e-001
 6.1980611e-001
 6.2045878e-001
 6.2128091e-001
 6.2221599e-001
 6.2302703e-001
 6.2359351e-001
 6.2405753e-001
 6.2465626e-001
 6.2546700e-001
 6.2640697e-001
 6.2740177e-001
 6.2844551e-001
 6.2953717e-001
 6.3062632e-001
 6.3163042e-001
 6.3249969e-001
 6.3326573e-001
 6.3402468e-001
 6.3487506e-001
 6.3586926e-001
 6.3700253e-001
 6.3822001e-001
 6.3942939e-001
 6.4053798e-001
 6.4151466e-001
 6.4242941e-001
 6.4341664e-001
 6.4458257e-001
 6.4593655e-001
 6.4739287e-001
 6.4881527e-001
 6.5006071e-001
 6.5103257e-001
 6.5176022e-001
 6.5243787e-001
 6.5332782e-001
 6.5456617e-001
 6.5604681e-001
 6.5751344e-001
 6.5879399e-001
 6.5994626e-001
 6.6112900e-001
 6.6233075e-001
 6.6350114e-001
 6.6475010e-001
 6.6621220e-001
 6.6784847e-001
 6.6950023e-001
 6.7105007e-001
 6.7247379e-001
 6.7379975e-001
 6.7504722e-001
 6.7620391e-001
 6.7726845e-001
 6.7828763e-001
 6.7932385e-001
 6.8040305e-001
 6.8150669e-001
 6.8261218e-001
 6.8375069e-001
 6.8499798e-001
 6.8635720e-001
 6.8769777e-001
 6.8888384e-001
 6.8992043e-001
 6.9093370e-001
 6.9203585e-001
 6.9320112e-001
 6.9427675e-001
 6.9516897e-001
 6.9597685e-001
 6.9688213e-001
 6.9797695e-001
 6.9922847e-001
 7.0051444e-001
 7.0164299e-001
 7.0244515e-001
 7.0297283e-001
 7.0352173e-001
 7.0430642e-001
 7.0521694e-001
 7.0603204e-001
 7.0669669e-001
 7.0728129e-001
 7.0781803e-001
 7.0830631e-001
 7.0877212e-001
 7.0928168e-001
 7.0986509e-001
 7.1046978e-001
 7.1104485e-001
 7.1158397e-001
 7.1208876e-001
 7.1254301e-001
 7.1291435e-001
 7.1317804e-001
 7.1335018e-001
 7.1348614e-001
 7.1363175e-001
 7.1376824e-001
 7.1381688e-001
 7.1371365e-001
 7.1349609e-001
 7.1329772e-001
 7.1323746e-001
 7.1329969e-001
 7.1334064e-001
 7.1322906e-001
 7.1298707e-001
 7.1278745e-001
 7.1278799e-001
 7.1294516e-001
 7.1303844e-001
 7.1286613e-001
 7.1237397e-001
 7.1167213e-001
 7.1096134e-001
 7.1047449e-001
 7.1001470e-001
 7.0963800e-001
 7.0930624e-001
 7.0898807e-001
 7.0865536e-001
 7.0827973e-001
 7.0783734e-001
 7.0733142e-001
 7.0677638e-001
 7.0618671e-001
 7.0557785e-001
 7.0497078e-001
 7.0438874e-001
 7.0385516e-001
 7.0338678e-001
 7.0295608e-001
 7.0251745e-001
 7.0202529e-001
 7.0144129e-001
 7.0077240e-001
 6.9991964e-001
 6.9915587e-001
 6.9838947e-001
 6.9763213e-001
 6.9688231e-001
 6.9613749e-001
 6.9539559e-001
 6.9465411e-001
 6.9390881e-001
 6.9315374e-001
 6.9238281e-001
 6.9158995e-001
 6.9076943e-001
 6.8992448e-001
 6.8906689e-001
 6.8820912e-001
 6.8736327e-001
 6.8654156e-001
 6.8574661e-001
 6.8497312e-001
 6.8421465e-001
 6.8346536e-001
 6.8271917e-001
 6.8197161e-001
 6.8122482e-001
 6.8048251e-001
 6.7974854e-001
 6.7902642e-001
 6.7832017e-001
 6.7763197e-001
 6.7696035e-001
 6.7630202e-001
 6.7565429e-001
 6.7501402e-001
 6.7437840e-001
 6.7374444e-001
 6.7310697e-001
 6.7245281e-001
 6.7176658e-001
 6.7103332e-001
 6.7023730e-001
 6.6936392e-001
 6.6839731e-001
 6.6732281e-001
 6.6613466e-001
 6.6486567e-001
 6.6355693e-001
 6.6225010e-001
 6.6098613e-001
 6.5980661e-001
 6.5875280e-001
 6.5786600e-001
 6.5717286e-001
 6.5664500e-001
 6.5624106e-001
 6.5592009e-001
 6.5564066e-001
 6.5536171e-001
 6.5504205e-001
 6.5464038e-001
 6.5412605e-001
 6.5350699e-001
 6.5279996e-001
 6.5202183e-001
 6.5118945e-001
 6.5031958e-001
 6.4942902e-001
 6.4853466e-001
 6.4765328e-001
 6.4680183e-001
 6.4599693e-001
 6.4525545e-001
 6.4459002e-001
 6.4399779e-001
 6.4347208e-001
 6.4300662e-001
 6.4259481e-001
 6.4223051e-001
 6.4190692e-001
 6.4161777e-001
 6.4135665e-001
 6.4111692e-001
 6.4089245e-001
 6.4067644e-001
 6.4046413e-001
 6.4025527e-001
 6.4005071e-001
 6.3985151e-001
 6.3965851e-001
 6.3947278e-001
 6.3929528e-001
 6.3912678e-001
 6.3896847e-001
 6.3882113e-001
 6.3868570e-001
 6.3856232e-001
 6.3844764e-001
 6.3833785e-001
 6.3822889e-001
 6.3811702e-001
 6.3799810e-001
 6.3786823e-001
 6.3772362e-001
 6.3756013e-001
 6.3737404e-001
 6.3716328e-001
 6.3693285e-001
 6.3668931e-001
 6.3643914e-001
 6.3618886e-001
 6.3594508e-001
 6.3571405e-001
 6.3550258e-001
 6.3531697e-001
 6.3516384e-001
 6.3504791e-001
 6.3496822e-001
 6.3492262e-001
 6.3490897e-001
 6.3492489e-001
 6.3496816e-001
 6.3503671e-001
 6.3512820e-001
 6.3524044e-001
 6.3537139e-001
 6.3551736e-001
 6.3567102e-001
 6.3582385e-001
 6.3596749e-001
 6.3609368e-001
 6.3619381e-001
 6.3625968e-001
 6.3628280e-001
 6.3625479e-001
 6.3617206e-001
 6.3604659e-001
 6.3589394e-001
 6.3572937e-001
 6.3556826e-001
 6.3542604e-001
 6.3531810e-001
 6.3525993e-001
 6.3526118e-001
 6.3531351e-001
 6.3540465e-001
 6.3552237e-001
 6.3565445e-001
 6.3578880e-001
 6.3591295e-001
 6.3601482e-001
 6.3608682e-001
 6.3613594e-001
 6.3617235e-001
 6.3620627e-001
 6.3624781e-001
 6.3630718e-001
 6.3639444e-001
 6.3651979e-001
 6.3669002e-001
 6.3690001e-001
 6.3714314e-001
 6.3739532e-001
 6.3768184e-001
 6.3797891e-001
 6.3827878e-001
 6.3857394e-001
 6.3885593e-001
 6.3911557e-001
 6.3934332e-001
 6.3953066e-001
 6.3967431e-001
 6.3978422e-001
 6.3988751e-001
 6.4002371e-001
 6.4023632e-001
 6.4056557e-001
 6.4103746e-001
 6.4165092e-001
 6.4237416e-001
 6.4315200e-001
 6.4391893e-001
 6.4461178e-001
 6.4518309e-001
 6.4561492e-001
 6.4592338e-001
 6.4615113e-001
 6.4635402e-001
 6.4658827e-001
 6.4689994e-001
 6.4731634e-001
 6.4784312e-001
 6.4846897e-001
 6.4917278e-001
 6.4993006e-001
 6.5071720e-001
 6.5151358e-001
 6.5230256e-001
 6.5307063e-001
 6.5380675e-001
 6.5450203e-001
 6.5515041e-001
 6.5546221e-001
 6.5603417e-001
 6.5657914e-001
 6.5710068e-001
 6.5760416e-001
 6.5809619e-001
 6.5858436e-001
 6.5907711e-001
 6.5958285e-001
 6.6011018e-001
 6.6066653e-001
 6.6125798e-001
 6.6188848e-001
 6.6255862e-001
 6.6326594e-001
 6.6400498e-001
 6.6476721e-001
 6.6554260e-001
 6.6632009e-001
 6.6708905e-001
 6.6784090e-001
 6.6856951e-001
 6.6927189e-001
 6.6994828e-001
 6.7060131e-001
 6.7123598e-001
 6.7185861e-001
 6.7247629e-001
 6.7309541e-001
 6.7372125e-001
 6.7435765e-001
 6.7500716e-001
 6.7567199e-001
 6.7635399e-001
 6.7705524e-001
 6.7777801e-001
 6.7852354e-001
 6.7929190e-001
 6.8008077e-001
 6.8088520e-001
 6.8169814e-001
 6.8251091e-001
 6.8331450e-001
 6.8410152e-001
 6.8486667e-001
 6.8560851e-001
 6.8632877e-001
 6.8703246e-001
 6.8772721e-001
 6.8842173e-001
 6.8912500e-001
 6.8984485e-001
 6.9058728e-001
 6.9135618e-001
 6.9215256e-001
 6.9297475e-001
 6.9381833e-001
 6.9467682e-001
 6.9554251e-001
 6.9640678e-001
 6.9726229e-001
 6.9810307e-001
 6.9892597e-001
 6.9973141e-001
 7.0052266e-001
 7.0130557e-001
 7.0208752e-001
 7.0287555e-001
 7.0367545e-001
 7.0449030e-001
 7.0532030e-001
 7.0616299e-001
 7.0701367e-001
 7.0786703e-001
 7.0871776e-001
 7.0956171e-001
 7.1039718e-001
 7.1122438e-001
 7.1204591e-001
 7.1286595e-001
 7.1368980e-001
 7.1452361e-001
 7.1537292e-001
 7.1624327e-001
 7.1713877e-001
 7.1806252e-001
 7.1901649e-001
 7.2000074e-001
 7.2101378e-001
 7.2205263e-001
 7.2311187e-001
 7.2418481e-001
 7.2526258e-001
 7.2633463e-001
 7.2739017e-001
 7.2841752e-001
 7.2940654e-001
 7.3034853e-001
 7.3123813e-001
 7.3207420e-001
 7.3285979e-001
 7.3360324e-001
 7.3431665e-001
 7.3501533e-001
 7.3571640e-001
 7.3643613e-001
 7.3718876e-001
 7.3798436e-001
 7.3882765e-001
 7.3971856e-001
 7.4065155e-001
 7.4161822e-001
 7.4260789e-001
 7.4360961e-001
 7.4461412e-001
 7.4561340e-001
 7.4660170e-001
 7.4757510e-001
 7.4853051e-001
 7.4946582e-001
 7.5037879e-001
 7.5126755e-001
 7.5213104e-001
 7.5296867e-001
 7.5378102e-001
 7.5456935e-001
 7.5533515e-001
 7.5607961e-001
 7.5680262e-001
 7.5750226e-001
 7.5817436e-001
 7.5881284e-001
 7.5941020e-001
 7.5995809e-001
 7.6044840e-001
 7.6087362e-001
 7.6122755e-001
 7.6150566e-001
 7.6170480e-001
 7.6182353e-001
 7.6186168e-001
 7.6182085e-001
 7.6170450e-001
 7.6151806e-001
 7.6126987e-001
 7.6097089e-001
 7.6063550e-001
 7.6028073e-001
 7.5992632e-001
 7.5959355e-001
 7.5930405e-001
 7.5907850e-001
 7.5893533e-001
 7.5888944e-001
 7.5895154e-001
 7.5912780e-001
 7.5942004e-001
 7.5982636e-001
 7.6034206e-001
 7.6096046e-001
 7.6167434e-001
 7.6247597e-001
 7.6335794e-001
 7.6431286e-001
 7.6533312e-001
 7.6641089e-001
 7.6753676e-001
 7.6870000e-001
 7.6988894e-001
 7.7109015e-001
 7.7229071e-001
 7.7347797e-001
 7.7464122e-001
 7.7577323e-001
 7.7687007e-001
 7.7793229e-001
 7.7896392e-001
 7.7997208e-001
 7.8096628e-001
 7.8195620e-001
 7.8295106e-001
 7.8395790e-001
 7.8498083e-001
 7.8602070e-001
 7.8707427e-001
 7.8813535e-001
 7.8919441e-001
 7.9024017e-001
 7.9126090e-001
 7.9224497e-001
 7.9318273e-001
 7.9406756e-001
 7.9489619e-001
 7.9566979e-001
 7.9639333e-001
 7.9707545e-001
 7.9772747e-001
 7.9836196e-001
 7.9899174e-001
 7.9962820e-001
 8.0028045e-001
 8.0095482e-001
 8.0165398e-001
 8.0237800e-001
 8.0312395e-001
 8.0388713e-001
 8.0466211e-001
 8.0544275e-001
 8.0622333e-001
 8.0699819e-001
 8.0776191e-001
 8.0850923e-001
 8.0923438e-001
 8.0993158e-001
 8.1059545e-001
 8.1122148e-001
 8.1180745e-001
 8.1235385e-001
 8.1286460e-001
 8.1334704e-001
 8.1381094e-001
 8.1426716e-001
 8.1472570e-001
 8.1519401e-001
 8.1567585e-001
 8.1617063e-001
 8.1667393e-001
 8.1717831e-001
 8.1767547e-001
 8.1815791e-001
 8.1862044e-001
 8.1906170e-001
 8.1948400e-001
 8.1989318e-001
 8.2029784e-001
 8.2070714e-001
 8.2112968e-001
 8.2157183e-001
 8.2203627e-001
 8.2252204e-001
 8.2302421e-001
 8.2353491e-001
 8.2404482e-001
 8.2454431e-001
 8.2502538e-001
 8.2548249e-001
 8.2591361e-001
 8.2632017e-001
 8.2670671e-001
 8.2707977e-001
 8.2744664e-001
 8.2781422e-001
 8.2818782e-001
 8.2857013e-001
 8.2896155e-001
 8.2936001e-001
 8.2976174e-001
 8.3016229e-001
 8.3055681e-001
 8.3094096e-001
 8.3131063e-001
 8.3166182e-001
 8.3199060e-001
 8.3229250e-001
 8.3256310e-001
 8.3279830e-001
 8.3299541e-001
 8.3315402e-001
 8.3327687e-001
 8.3337021e-001
 8.3344322e-001
 8.3350706e-001
 8.3357298e-001
 8.3365083e-001
 8.3374697e-001
 8.3386368e-001
 8.3399814e-001
 8.3414328e-001
 8.3428860e-001
 8.3442187e-001
 8.3453071e-001
 8.3460432e-001
 8.3463472e-001
 8.3461773e-001
 8.3455336e-001
 8.3444536e-001
 8.3430076e-001
 8.3412868e-001
 8.3393896e-001
 8.3374113e-001
 8.3354270e-001
 8.3334863e-001
 8.3316070e-001
 8.3297759e-001
 8.3279538e-001
 8.3260846e-001
 8.3241093e-001
 8.3219749e-001
 8.3196408e-001
 8.3170861e-001
 8.3143038e-001
 8.3112973e-001
 8.3080709e-001
 8.3046210e-001
 8.3009344e-001
 8.2969820e-001
 8.2927310e-001
 8.2881463e-001
 8.2831973e-001
 8.2778692e-001
 8.2721591e-001
 8.2660747e-001
 8.2596290e-001
 8.2528245e-001
 8.2456529e-001
 8.2380849e-001
 8.2300663e-001
 8.2215303e-001
 8.2123959e-001
 8.2025903e-001
 8.1920576e-001
 8.1807661e-001
 8.1687266e-001
 8.1559861e-001
 8.1426364e-001
 8.1288016e-001
 8.1146234e-001
 8.1002599e-001
 8.0858552e-001
 8.0715418e-001
 8.0574226e-001
 8.0435634e-001
 8.0300015e-001
 8.0167377e-001
 8.0037534e-001
 7.9910165e-001
 7.9784864e-001
 7.9661340e-001
 7.9539406e-001
 7.9419029e-001
 7.9300392e-001
 7.9183769e-001
 7.9069537e-001
 7.8958070e-001
 7.8849572e-001
 7.8744102e-001
 7.8641409e-001
 7.8541005e-001
 7.8442162e-001
 7.8343940e-001
 7.8245425e-001
 7.8145742e-001
 7.8044271e-001
 7.7940679e-001
 7.7834904e-001
 7.7727187e-001
 7.7617842e-001
 7.7507186e-001
 7.7395326e-001
 7.7281994e-001
 7.7166533e-001
 7.7047807e-001
 7.6924354e-001
 7.6794469e-001
 7.6656371e-001
 7.6508433e-001
 7.6349324e-001
 7.6178062e-001
 7.5994176e-001
 7.5797522e-001
 7.5588334e-001
 7.5367039e-001
 7.5134009e-001
 7.4889582e-001
 7.4633759e-001
 7.4366307e-001
 7.4086702e-001
 7.3794031e-001
 7.3487318e-001
 7.3165327e-001
 7.2826910e-001
 7.2470975e-001
 7.2096395e-001
 7.1702385e-001
 7.1288151e-001
 7.0853257e-001
 7.0397514e-001
 6.9920814e-001
 6.9423473e-001
 6.8906045e-001
 6.8369114e-001
 6.7813700e-001
 6.7240715e-001
 6.6651392e-001
 6.6047120e-001
 6.5429264e-001
 6.4799708e-001
 6.4160365e-001
 6.3513768e-001
 6.2862891e-001
 6.2210935e-001
 6.1561865e-001
 6.0919720e-001
 6.0289067e-001
 5.9674686e-001
 5.9081197e-001
 5.8513469e-001
 5.7975900e-001
 5.7472795e-001
 5.7007951e-001
 5.6584412e-001
 5.6204689e-001
 5.5870277e-001
 5.5581933e-001
 5.5339515e-001
 5.5142039e-001
 5.4987955e-001
 5.4875255e-001
 5.4801649e-001
 5.4764813e-001
 5.4762506e-001
 5.4792655e-001
 5.4853344e-001
 5.4942834e-001
 5.5059373e-001
 5.5201185e-001
 5.5366254e-001
 5.5552310e-001
 5.5756891e-001
 5.5977225e-001
 5.6210548e-001
 5.6454068e-001
 5.6705225e-001
 5.6961858e-001
 5.7222098e-001
 5.7484579e-001
 5.7748145e-001
 5.8011800e-001
 5.8274645e-001
 5.8535558e-001
 5.8793199e-001
 5.9046078e-001
 5.9292388e-001
 5.9530324e-001
 5.9758008e-001
 5.9973693e-001
 6.0175931e-001
 6.0363495e-001
 6.0535580e-001
 6.0691655e-001
 6.0831571e-001
 6.0955536e-001
 6.1064041e-001
 6.1157948e-001
 6.1238438e-001
 6.1307067e-001
 6.1365813e-001
 6.1417031e-001
 6.1463505e-001
 6.1508346e-001
 6.1554939e-001
 6.1606812e-001
 6.1667472e-001
 6.1740214e-001
 6.1828017e-001
 6.1933279e-001
 6.2057811e-001
 6.2202638e-001
 6.2368035e-001
 6.2553579e-001
 6.2758070e-001
 6.2979835e-001
 6.3216680e-001
 6.3466078e-001
 6.3725412e-001
 6.3991916e-001
 6.4263004e-001
 6.4536160e-001
 6.4809102e-001
 6.5079927e-001
 6.5346932e-001
 6.5608889e-001
 6.5864819e-001
 6.6114098e-001
 6.6356498e-001
 6.6591960e-001
 6.6820765e-001
 6.7043257e-001
 6.7259908e-001
 6.7471272e-001
 6.7677814e-001
 6.7879921e-001
 6.8077958e-001
 6.8272060e-001
 6.8462336e-001
 6.8648714e-001
 6.8831033e-001
 6.9009125e-001
 6.9182712e-001
 6.9351578e-001
 6.9515473e-001
 6.9674200e-001
 6.9827700e-001
 6.9975930e-001
 7.0119083e-001
 7.0257467e-001
 7.0391566e-001
 7.0522118e-001
 7.0649958e-001
 7.0776063e-001
 7.0901418e-001
 7.1026886e-001
 7.1153206e-001
 7.1280789e-001
 7.1409720e-001
 7.1539789e-001
 7.1670395e-001
 7.1800733e-001
 7.1929789e-001
 7.2056496e-001
 7.2179896e-001
 7.2299099e-001
 7.2413474e-001
 7.2522557e-001
 7.2626042e-001
 7.2723907e-001
 7.2816342e-001
 7.2903883e-001
 7.2987300e-001
 7.3067635e-001
 7.3146057e-001
 7.3223680e-001
 7.3301429e-001
 7.3379785e-001
 7.3458689e-001
 7.3537546e-001
 7.3615348e-001
 7.3690969e-001
 7.3763388e-001
 7.3831958e-001
 7.3896545e-001
 7.3957562e-001
 7.4015957e-001
 7.4073130e-001
 7.4130654e-001
 7.4190158e-001
 7.4253005e-001
 7.4320173e-001
 7.4392194e-001
 7.4469060e-001
 7.4550354e-001
 7.4635309e-001
 7.4722904e-001
 7.4812043e-001
 7.4901563e-001
 7.4990356e-001
 7.5077343e-001
 7.5161475e-001
 7.5241828e-001
 7.5317466e-001
 7.5387621e-001
 7.5451684e-001
 7.5509322e-001
 7.5560570e-001
 7.5605893e-001
 7.5646204e-001
 7.5682837e-001
 7.5717396e-001
 7.5751609e-001
 7.5787050e-001
 7.5824946e-001
 7.5866020e-001
 7.5910366e-001
 7.5957614e-001
 7.6006991e-001
 7.6057577e-001
 7.6108468e-001
 7.6158917e-001
 7.6208425e-001
 7.6256776e-001
 7.6304001e-001
 7.6350361e-001
 7.6396179e-001
 7.6441807e-001
 7.6487446e-001
 7.6533157e-001
 7.6578784e-001
 7.6624000e-001
 7.6668334e-001
 7.6711309e-001
 7.6752454e-001
 7.6791424e-001
 7.6828039e-001
 7.6862299e-001
 7.6894408e-001
 7.6924700e-001
 7.6953626e-001
 7.6981676e-001
 7.7009332e-001
 7.7037030e-001
 7.7065122e-001
 7.7093846e-001
 7.7123320e-001
 7.7153558e-001
 7.7184463e-001
 7.7215850e-001
 7.7247459e-001
 7.7278978e-001
 7.7310079e-001
 7.7340448e-001
 7.7369797e-001
 7.7397913e-001
 7.7424675e-001
 7.7450055e-001
 7.7474111e-001
 7.7497000e-001
 7.7518928e-001
 7.7540135e-001
 7.7560860e-001
 7.7581322e-001
 7.7601695e-001
 7.7622110e-001
 7.7642632e-001
 7.7663296e-001
 7.7684093e-001
 7.7705008e-001
 7.7726007e-001
 7.7747059e-001
 7.7768141e-001
 7.7789235e-001
 7.7810299e-001
 7.7831292e-001
 7.7852130e-001
 7.7872699e-001
 7.7892852e-001
 7.7912396e-001
 7.7931112e-001
 7.7948755e-001
 7.7965087e-001
 7.7979875e-001
 7.7992940e-001
 7.8004152e-001
 7.8013474e-001
 7.8020972e-001
 7.8026837e-001
 7.8031397e-001
 7.8035122e-001
 7.8038621e-001
 7.8042591e-001
 7.8047758e-001
 7.8054816e-001
 7.8064305e-001
 7.8076518e-001
 7.8091395e-001
 7.8108478e-001
 7.8126907e-001
 7.8145510e-001
 7.8162956e-001
 7.8177887e-001
 7.8189141e-001
 7.8195864e-001
 7.8197610e-001
 7.8194416e-001
 7.8186750e-001
 7.8175521e-001
 7.8161913e-001
 7.8147238e-001
 7.8132665e-001
 7.8119022e-001
 7.8106624e-001
 7.8095162e-001
 7.8083748e-001
 7.8071082e-001
 7.8055662e-001
 7.8036165e-001
 7.8011727e-001
 7.7982223e-001
 7.7948374e-001
 7.7911663e-001
 7.7874166e-001
 7.7838200e-001
 7.7806008e-001
 7.7779430e-001
 7.7759665e-001
 7.7747113e-001
 7.7741343e-001
 7.7741134e-001
 7.7744639e-001
 7.7749628e-001
 7.7753764e-001
 7.7754927e-001
 7.7751446e-001
 7.7742326e-001
 7.7727282e-001
 7.7706718e-001
 7.7681613e-001
 7.7653265e-001
 7.7623069e-001
 7.7592248e-001
 7.7561647e-001
 7.7531582e-001
 7.7501798e-001
 7.7471495e-001
 7.7439445e-001
 7.7404207e-001
 7.7364355e-001
 7.7318650e-001
 7.7266330e-001
 7.7207142e-001
 7.7141464e-001
 7.7070230e-001
 7.6994795e-001
 7.6916778e-001
 7.6837820e-001
 7.6759338e-001
 7.6682395e-001
 7.6607502e-001
 7.6534623e-001
 7.6463181e-001
 7.6392156e-001
 7.6320273e-001
 7.6246172e-001
 7.6168650e-001
 7.6086789e-001
 7.6000077e-001
 7.5908494e-001
 7.5812429e-001
 7.5712693e-001
 7.5610328e-001
 7.5506443e-001
 7.5402129e-001
 7.5298256e-001
 7.5195444e-001
 7.5094014e-001
 7.4993908e-001
 7.4894887e-001
 7.4796468e-001
 7.4698156e-001
 7.4599463e-001
 7.4500018e-001
 7.4399650e-001
 7.4298394e-001
 7.4196470e-001
 7.4094278e-001
 7.3992258e-001
 7.3890889e-001
 7.3790562e-001
 7.3691469e-001
 7.3593652e-001
 7.3496884e-001
 7.3400748e-001
 7.3304701e-001
 7.3208064e-001
 7.3110223e-001
 7.3010600e-001
 7.2908837e-001
 7.2804773e-001
 7.2698474e-001
 7.2590262e-001
 7.2480601e-001
 7.2370100e-001
 7.2259402e-001
 7.2149056e-001
 7.2039551e-001
 7.1931195e-001
 7.1824121e-001
 7.1718341e-001
 7.1613729e-001
 7.1510208e-001
 7.1407759e-001
 7.1306515e-001
 7.1206892e-001
 7.1109569e-001
 7.1015531e-001
 7.0926023e-001
 7.0842391e-001
 7.0766002e-001
 7.0697999e-001
 7.0639157e-001
 7.0589715e-001
 7.0549190e-001
 7.0516449e-001
 7.0489800e-001
 7.0467174e-001
 7.0446342e-001
 7.0425087e-001
 7.0401406e-001
 7.0373619e-001
 7.0340449e-001
 7.0301038e-001
 7.0254999e-001
 7.0202476e-001
 7.0144057e-001
 7.0080721e-001
 7.0013738e-001
 6.9944489e-001
 6.9874394e-001
 6.9804794e-001
 6.9736820e-001
 6.9671476e-001
 6.9604242e-001
 6.9545823e-001
 6.9492179e-001
 6.9443738e-001
 6.9400841e-001
 6.9363540e-001
 6.9331634e-001
 6.9304675e-001
 6.9282025e-001
 6.9262969e-001
 6.9246757e-001
 6.9232649e-001
 6.9219947e-001
 6.9208020e-001
 6.9196367e-001
 6.9184607e-001
 6.9172525e-001
 6.9160026e-001
 6.9147104e-001
 6.9133830e-001
 6.9120282e-001
 6.9106549e-001
 6.9092715e-001
 6.9078815e-001
 6.9064814e-001
 6.9050592e-001
 6.9035906e-001
 6.9020432e-001
 6.9003779e-001
 6.8985498e-001
 6.8965137e-001
 6.8942231e-001
 6.8916327e-001
 6.8887001e-001
 6.8853861e-001
 6.8816561e-001
 6.8774813e-001
 6.8728387e-001
 6.8677086e-001
 6.8620718e-001
 6.8559128e-001
 6.8492126e-001
 6.8419504e-001
 6.8341011e-001
 6.8256259e-001
 6.8164748e-001
 6.8065804e-001
 6.7958635e-001
 6.7842346e-001
 6.7715949e-001
 6.7578477e-001
 6.7428899e-001
 6.7266232e-001
 6.7089522e-001
 6.6897786e-001
 6.6690165e-001
 6.6465759e-001
 6.6223794e-001
 6.5963519e-001
 6.5684128e-001
 6.5384930e-001
 6.5065098e-001
 6.4723885e-001
 6.4360470e-001
 6.3973808e-001
 6.3562834e-001
 6.3126320e-001
 6.2662739e-001
 6.2170666e-001
 6.1648387e-001
 6.1094338e-001
 6.0506952e-001
 5.9884495e-001
 5.9225559e-001
 5.8528548e-001
 5.7792222e-001
 5.7015496e-001
 5.6197149e-001
 5.5336440e-001
 5.4432297e-001
 5.3484035e-001
 5.2491140e-001
 5.1453149e-001
 5.0370842e-001
 4.9245790e-001
 4.8081690e-001
 4.6884200e-001
 4.5660299e-001
 4.4418669e-001
 4.3168768e-001
 4.1919947e-001
 4.0682209e-001
 3.9464724e-001
 3.8276550e-001
 3.7125790e-001
 3.6018854e-001
 3.4961283e-001
 3.3956808e-001
 3.3008590e-001
 3.2119206e-001
 3.1290618e-001
 3.0525014e-001
 2.9824021e-001
 2.9189241e-001
 2.8621742e-001
 2.8121716e-001
 2.7688864e-001
 2.7321988e-001
 2.7019545e-001
 2.6779670e-001
 2.6600248e-001
 2.6479182e-001
 2.6414204e-001
 2.6402935e-001
 2.6442710e-001
 2.6530537e-001
 2.6663023e-001
 2.6836407e-001
 2.7046734e-001
 2.7289814e-001
 2.7561492e-001
 2.7857527e-001
 2.8173733e-001
 2.8506190e-001
 2.8851077e-001
 2.9205081e-001
 2.9565150e-001
 2.9928568e-001
 3.0293015e-001
 3.0656147e-001
 3.1015885e-001
 3.1370100e-001
 3.1716797e-001
 3.2054350e-001
 3.2381368e-001
 3.2697165e-001
 3.3001551e-001
 3.3294880e-001
 3.3578020e-001
 3.3851966e-001
 3.4117836e-001
 3.4376863e-001
 3.4630120e-001
 3.4878680e-001
 3.5123351e-001
 3.5364676e-001
 3.5602996e-001
 3.5838282e-001
 3.6070430e-001
 3.6299139e-001
 3.6524057e-001
 3.6744922e-001
 3.6961421e-001
 3.7173483e-001
 3.7381181e-001
 3.7584901e-001
 3.7785435e-001
 3.7983784e-001
 3.8181278e-001
 3.8379303e-001
 3.8579297e-001
 3.8782763e-001
 3.8991052e-001
 3.9205322e-001
 3.9426512e-001
 3.9655024e-001
 3.9890915e-001
 4.0133741e-001
 4.0382740e-001
 4.0637058e-001
 4.0895641e-001
 4.1157532e-001
 4.1421714e-001
 4.1687253e-001
 4.1953456e-001
 4.2219704e-001
 4.2485723e-001
 4.2751336e-001
 4.3016517e-001
 4.3281424e-001
 4.3546128e-001
 4.3810847e-001
 4.4075710e-001
 4.4340852e-001
 4.4606507e-001
 4.4872791e-001
 4.5139948e-001
 4.5408142e-001
 4.5677537e-001
 4.5948392e-001
 4.6220875e-001
 4.6495116e-001
 4.6771303e-001
 4.7049379e-001
 4.7329247e-001
 4.7610459e-001
 4.7892299e-001
 4.8173916e-001
 4.8454139e-001
 4.8731822e-001
 4.9005654e-001
 4.9274498e-001
 4.9537066e-001
 4.9792436e-001
 5.0039965e-001
 5.0279230e-001
 5.0510401e-001
 5.0734001e-001
 5.0950879e-001
 5.1161891e-001
 5.1368141e-001
 5.1570725e-001
 5.1770550e-001
 5.1968533e-001
 5.2165371e-001
 5.2361315e-001
 5.2556437e-001
 5.2750456e-001
 5.2942914e-001
 5.3133082e-001
 5.3320318e-001
 5.3503954e-001
 5.3683215e-001
 5.3857523e-001
 5.4026377e-001
 5.4189306e-001
 5.4346108e-001
 5.4496706e-001
 5.4641026e-001
 5.4779160e-001
 5.4911184e-001
 5.5037242e-001
 5.5157411e-001
 5.5271918e-001
 5.5381066e-001
 5.5485213e-001
 5.5584913e-001
 5.5680859e-001
 5.5773741e-001
 5.5864382e-001
 5.5953604e-001
 5.6042230e-001
 5.6130958e-001
 5.6220442e-001
 5.6311136e-001
 5.6403142e-001
 5.6496346e-001
 5.6590343e-001
 5.6684476e-001
 5.6778032e-001
 5.6870240e-001
 5.6960267e-001
 5.7047391e-001
 5.7130986e-001
 5.7210624e-001
 5.7286084e-001
 5.7357478e-001
 5.7425177e-001
 5.7489687e-001
 5.7551682e-001
 5.7611877e-001
 5.7670945e-001
 5.7729554e-001
 5.7788259e-001
 5.7847452e-001
 5.7907230e-001
 5.7967472e-001
 5.8027822e-001
 5.8087689e-001
 5.8146423e-001
 5.8203340e-001
 5.8257699e-001
 5.8308840e-001
 5.8356196e-001
 5.8399355e-001
 5.8438110e-001
 5.8472514e-001
 5.8502841e-001
 5.8529502e-001
 5.8553028e-001
 5.8573997e-001
 5.8592981e-001
 5.8610570e-001
 5.8627361e-001
 5.8643901e-001
 5.8660740e-001
 5.8678389e-001
 5.8697349e-001
 5.8718085e-001
 5.8741063e-001
 5.8766758e-001
 5.8795583e-001
 5.8827943e-001
 5.8864176e-001
 5.8904445e-001
 5.8948779e-001
 5.8996993e-001
 5.9048742e-001
 5.9103507e-001
 5.9160739e-001
 5.9219843e-001
 5.9280181e-001
 5.9341139e-001
 5.9402132e-001
 5.9462529e-001
 5.9521788e-001
 5.9579372e-001
 5.9634739e-001
 5.9687400e-001
 5.9736866e-001
 5.9782678e-001
 5.9824359e-001
 5.9861529e-001
 5.9893936e-001
 5.9921485e-001
 5.9944397e-001
 5.9963173e-001
 5.9978586e-001
 5.9991622e-001
 6.0003364e-001
 6.0014963e-001
 6.0027540e-001
 6.0042143e-001
 6.0059625e-001
 6.0080528e-001
 6.0104960e-001
 6.0132581e-001
 6.0162592e-001
 6.0193896e-001
 6.0225224e-001
 6.0255194e-001
 6.0282451e-001
 6.0305727e-001
 6.0323942e-001
 6.0336363e-001
 6.0342705e-001
 6.0343200e-001
 6.0338521e-001
 6.0329688e-001
 6.0317916e-001
 6.0304517e-001
 6.0290778e-001
 6.0277915e-001
 6.0266930e-001
 6.0258466e-001
 6.0252696e-001
 6.0249251e-001
 6.0247296e-001
 6.0245639e-001
 6.0242873e-001
 6.0237515e-001
 6.0228086e-001
 6.0213238e-001
 6.0191900e-001
 6.0163462e-001
 6.0127944e-001
 6.0086054e-001
 6.0039169e-001
 5.9989083e-001
 5.9937888e-001
 5.9887803e-001
 5.9840989e-001
 5.9799469e-001
 5.9764892e-001
 5.9738261e-001
 5.9719747e-001
 5.9708554e-001
 5.9703064e-001
 5.9701002e-001
 5.9699744e-001
 5.9696501e-001
 5.9688485e-001
 5.9673089e-001
 5.9648144e-001
 5.9612149e-001
 5.9564549e-001
 5.9505880e-001
 5.9437573e-001
 5.9361780e-001
 5.9281045e-001
 5.9198147e-001
 5.9115809e-001
 5.9036589e-001
 5.8962709e-001
 5.8895659e-001
 5.8836031e-001
 5.8783454e-001
 5.8736610e-001
 5.8693528e-001
 5.8651823e-001
 5.8608991e-001
 5.8562487e-001
 5.8509994e-001
 5.8449650e-001
 5.8380365e-001
 5.8302051e-001
 5.8215851e-001
 5.8123887e-001
 5.8029068e-001
 5.7934731e-001
 5.7844478e-001
 5.7761848e-001
 5.7690156e-001
 5.7632297e-001
 5.7590300e-001
 5.7565087e-001
 5.7556391e-001
 5.7562792e-001
 5.7582086e-001
 5.7611567e-001
 5.7648313e-001
 5.7689345e-001
 5.7731825e-001
 5.7773125e-001
 5.7811117e-001
 5.7844299e-001
 5.7871825e-001
 5.7893491e-001
 5.7909560e-001
 5.7920545e-001
 5.7927114e-001
 5.7929975e-001
 5.7929802e-001
 5.7927251e-001
 5.7922840e-001
 5.7916981e-001
 5.7909918e-001
 5.7901782e-001
 5.7892573e-001
 5.7882255e-001
 5.7870764e-001
 5.7858014e-001
 5.7843941e-001
 5.7828498e-001
 5.7811677e-001
 5.7793528e-001
 5.7774174e-001
 5.7753766e-001
 5.7732517e-001
 5.7710665e-001
 5.7688445e-001
 5.7666093e-001
 5.7643867e-001
 5.7621974e-001
 5.7600600e-001
 5.7579887e-001
 5.7559943e-001
 5.7540828e-001
 5.7522565e-001
 5.7505161e-001
 5.7488620e-001
 5.7472926e-001
 5.7458043e-001
 5.7443911e-001
 5.7430393e-001
 5.7417285e-001
 5.7404286e-001
 5.7391018e-001
 5.7377028e-001
 5.7361859e-001
 5.7345015e-001
 5.7326019e-001
 5.7304436e-001
 5.7279927e-001
 5.7252270e-001
 5.7221490e-001
 5.7187802e-001
 5.7151610e-001
 5.7113487e-001
 5.7074094e-001
 5.7034117e-001
 5.6994218e-001
 5.6955034e-001
 5.6917024e-001
 5.6880432e-001
 5.6845194e-001
 5.6810880e-001
 5.6776750e-001
 5.6741852e-001
 5.6705064e-001
 5.6665224e-001
 5.6621176e-001
 5.6571859e-001
 5.6516397e-001
 5.6454200e-001
 5.6385154e-001
 5.6309593e-001
 5.6228250e-001
 5.6142253e-001
 5.6052846e-001
 5.5961376e-001
 5.5869186e-001
 5.5777621e-001
 5.5687815e-001
 5.5600667e-001
 5.5516821e-001
 5.5436486e-001
 5.5359554e-001
 5.5285734e-001
 5.5214542e-001
 5.5145407e-001
 5.5077809e-001
 5.5011183e-001
 5.4945016e-001
 5.4878843e-001
 5.4812360e-001
 5.4745305e-001
 5.4677504e-001
 5.4608917e-001
 5.4539496e-001
 5.4469192e-001
 5.4398048e-001
 5.4326034e-001
 5.4253155e-001
 5.4179412e-001
 5.4104871e-001
 5.4029554e-001
 5.3953493e-001
 5.3876793e-001
 5.3799516e-001
 5.3721702e-001
 5.3643477e-001
 5.3564888e-001
 5.3486019e-001
 5.3406936e-001
 5.3327739e-001
 5.3248513e-001
 5.3169310e-001
 5.3090262e-001
 5.3011429e-001
 5.2932876e-001
 5.2854717e-001
 5.2776951e-001
 5.2699530e-001
 5.2622318e-001
 5.2544969e-001
 5.2466965e-001
 5.2387613e-001
 5.2306151e-001
 5.2221686e-001
 5.2133304e-001
 5.2040160e-001
 5.1941413e-001
 5.1836354e-001
 5.1724577e-001
 5.1605892e-001
 5.1480496e-001
 5.1348847e-001
 5.1211727e-001
 5.1069963e-001
 5.0924456e-001
 5.0776201e-001
 5.0626075e-001
 5.0474858e-001
 5.0323290e-001
 5.0171775e-001
 5.0020516e-001
 4.9869597e-001
 4.9718848e-001
 4.9568063e-001
 4.9416947e-001
 4.9265316e-001
 4.9112880e-001
 4.8959377e-001
 4.8804700e-001
 4.8648685e-001
 4.8491237e-001
 4.8332426e-001
 4.8172262e-001
 4.8010817e-001
 4.7848144e-001
 4.7684413e-001
 4.7519675e-001
 4.7353989e-001
 4.7187534e-001
 4.7026348e-001
 4.6898752e-001
 4.6730468e-001
 4.6562088e-001
 4.6393779e-001
 4.6225747e-001
 4.6058151e-001
 4.5891279e-001
 4.5725295e-001
 4.5560399e-001
 4.5396796e-001
 4.5234609e-001
 4.5073709e-001
 4.4913644e-001
 4.4753993e-001
 4.4594303e-001
 4.4434229e-001
 4.4273317e-001
 4.4111153e-001
 4.3947282e-001
 4.3781361e-001
 4.3612939e-001
 4.3441594e-001
 4.3266866e-001
 4.3088424e-001
 4.2905870e-001
 4.2719358e-001
 4.2529330e-001
 4.2336157e-001
 4.2140394e-001
 4.1942421e-001
 4.1742674e-001
 4.1541553e-001
 4.1339582e-001
 4.1137153e-001
 4.0934709e-001
 4.0732640e-001
 4.0531471e-001
 4.0331602e-001
 4.0133467e-001
 3.9937505e-001
 3.9744103e-001
 3.9553800e-001
 3.9366940e-001
 3.9183572e-001
 3.9003485e-001
 3.8826624e-001
 3.8652787e-001
 3.8481829e-001
 3.8313547e-001
 3.8147882e-001
 3.7984627e-001
 3.7823638e-001
 3.7664759e-001
 3.7507802e-001
 3.7352687e-001
 3.7199226e-001
 3.7047267e-001
 3.6896616e-001
 3.6747196e-001
 3.6598817e-001
 3.6451325e-001
 3.6304542e-001
 3.6158371e-001
 3.6012632e-001
 3.5867184e-001
 3.5721961e-001
 3.5577050e-001
 3.5432446e-001
 3.5288170e-001
 3.5144246e-001
 3.5000658e-001
 3.4857497e-001
 3.4714758e-001
 3.4572461e-001
 3.4430593e-001
 3.4289250e-001
 3.4148416e-001
 3.4008113e-001
 3.3868340e-001
 3.3729175e-001
 3.3590615e-001
 3.3452681e-001
 3.3315396e-001
 3.3178747e-001
 3.3042830e-001
 3.2907629e-001
 3.2773167e-001
 3.2639441e-001
 3.2506531e-001
 3.2374430e-001
 3.2243165e-001
 3.2112753e-001
 3.1983322e-001
 3.1854895e-001
 3.1727532e-001
 3.1601295e-001
 3.1476215e-001
 3.1352413e-001
 3.1229913e-001
 3.1108785e-001
 3.0989060e-001
 3.0870849e-001
 3.0754185e-001
 3.0639133e-001
 3.0525723e-001
 3.0414072e-001
 3.0304208e-001
 3.0196199e-001
 3.0090076e-001
 2.9985949e-001
 2.9883853e-001
 2.9783851e-001
 2.9686004e-001
 2.9590347e-001
 2.9496989e-001
 2.9405963e-001
 2.9317328e-001
 2.9231137e-001
 2.9147473e-001
 2.9066393e-001
 2.8987932e-001
 2.8912041e-001
 2.8838661e-001
 2.8767696e-001
