s07_ASD Record=13625: Kaolwxl.75+Alun_HS295 AMX14   BECKb AREF
 3.5563481e-001
 3.6127931e-001
 3.6707595e-001
 3.7296158e-001
 3.7886715e-001
 3.8473335e-001
 3.9052299e-001
 3.9622167e-001
 4.0183654e-001
 4.0739012e-001
 4.1291413e-001
 4.1844082e-001
 4.2399794e-001
 4.2960334e-001
 4.3525815e-001
 4.4094539e-001
 4.4663650e-001
 4.5230681e-001
 4.5794392e-001
 4.6354911e-001
 4.6912670e-001
 4.7466731e-001
 4.8013785e-001
 4.8548272e-001
 4.9063891e-001
 4.9555448e-001
 5.0021458e-001
 5.0464946e-001
 5.0890988e-001
 5.1303113e-001
 5.1702070e-001
 5.2087015e-001
 5.2456880e-001
 5.2811259e-001
 5.3151786e-001
 5.3482538e-001
 5.3808016e-001
 5.4131037e-001
 5.4451931e-001
 5.4768682e-001
 5.5078304e-001
 5.5378169e-001
 5.5666977e-001
 5.5944908e-001
 5.6212997e-001
 5.6472254e-001
 5.6722802e-001
 5.6963843e-001
 5.7194340e-001
 5.7414359e-001
 5.7625943e-001
 5.7832760e-001
 5.8038336e-001
 5.8243692e-001
 5.8446145e-001
 5.8640289e-001
 5.8821172e-001
 5.8988249e-001
 5.9145206e-001
 5.9298539e-001
 5.9456003e-001
 5.9617603e-001
 5.9780592e-001
 5.9941554e-001
 6.0093695e-001
 6.0231590e-001
 6.0355014e-001
 6.0466844e-001
 6.0571390e-001
 6.0674119e-001
 6.0780501e-001
 6.0894537e-001
 6.1017710e-001
 6.1148667e-001
 6.1283445e-001
 6.1416382e-001
 6.1541593e-001
 6.1654687e-001
 6.1753947e-001
 6.1840737e-001
 6.1918992e-001
 6.1994106e-001
 6.2071842e-001
 6.2157619e-001
 6.2256098e-001
 6.2370586e-001
 6.2501830e-001
 6.2646657e-001
 6.2797678e-001
 6.2945193e-001
 6.3081032e-001
 6.3202602e-001
 6.3314378e-001
 6.3425863e-001
 6.3547170e-001
 6.3684845e-001
 6.3839346e-001
 6.4004773e-001
 6.4170337e-001
 6.4323002e-001
 6.4450973e-001
 6.4547640e-001
 6.4613938e-001
 6.4657944e-001
 6.4691991e-001
 6.4727551e-001
 6.4770681e-001
 6.4821160e-001
 6.4875197e-001
 6.4929676e-001
 6.4985269e-001
 6.5046263e-001
 6.5117347e-001
 6.5199822e-001
 6.5289992e-001
 6.5379977e-001
 6.5459853e-001
 6.5521044e-001
 6.5561169e-001
 6.5587711e-001
 6.5615779e-001
 6.5659273e-001
 6.5721464e-001
 6.5793091e-001
 6.5859997e-001
 6.5913618e-001
 6.5955788e-001
 6.5995115e-001
 6.6039973e-001
 6.6094553e-001
 6.6159827e-001
 6.6235840e-001
 6.6321778e-001
 6.6414505e-001
 6.6508985e-001
 6.6601479e-001
 6.6691810e-001
 6.6781127e-001
 6.6867560e-001
 6.6946208e-001
 6.7015088e-001
 6.7079371e-001
 6.7147428e-001
 6.7222834e-001
 6.7302388e-001
 6.7381161e-001
 6.7457098e-001
 6.7531121e-001
 6.7605716e-001
 6.7683434e-001
 6.7763430e-001
 6.7839068e-001
 6.7903125e-001
 6.7958468e-001
 6.8021888e-001
 6.8113273e-001
 6.8238205e-001
 6.8380791e-001
 6.8514293e-001
 6.8620461e-001
 6.8700355e-001
 6.8768620e-001
 6.8839407e-001
 6.8919235e-001
 6.9011682e-001
 6.9122666e-001
 6.9254899e-001
 6.9397306e-001
 6.9526446e-001
 6.9624734e-001
 6.9697869e-001
 6.9770974e-001
 6.9864374e-001
 6.9973576e-001
 7.0074344e-001
 7.0145756e-001
 7.0186484e-001
 7.0212483e-001
 7.0245010e-001
 7.0300329e-001
 7.0384336e-001
 7.0492852e-001
 7.0617718e-001
 7.0752627e-001
 7.0890903e-001
 7.1018767e-001
 7.1116555e-001
 7.1172625e-001
 7.1197855e-001
 7.1224201e-001
 7.1283603e-001
 7.1383595e-001
 7.1501672e-001
 7.1604687e-001
 7.1676433e-001
 7.1728367e-001
 7.1785355e-001
 7.1864235e-001
 7.1967655e-001
 7.2092229e-001
 7.2232485e-001
 7.2374868e-001
 7.2495639e-001
 7.2574311e-001
 7.2612685e-001
 7.2636384e-001
 7.2672057e-001
 7.2724259e-001
 7.2778761e-001
 7.2823572e-001
 7.2858900e-001
 7.2891933e-001
 7.2933328e-001
 7.2994691e-001
 7.3076463e-001
 7.3160595e-001
 7.3228711e-001
 7.3286462e-001
 7.3356736e-001
 7.3449743e-001
 7.3552990e-001
 7.3651522e-001
 7.3746395e-001
 7.3848051e-001
 7.3956305e-001
 7.4053079e-001
 7.4117875e-001
 7.4149209e-001
 7.4168926e-001
 7.4207699e-001
 7.4288195e-001
 7.4415082e-001
 7.4571347e-001
 7.4724215e-001
 7.4843258e-001
 7.4917650e-001
 7.4956918e-001
 7.4981558e-001
 7.5018531e-001
 7.5094128e-001
 7.5211686e-001
 7.5335056e-001
 7.5410205e-001
 7.5411236e-001
 7.5362897e-001
 7.5321060e-001
 7.5333953e-001
 7.5414729e-001
 7.5538200e-001
 7.5660765e-001
 7.5750011e-001
 7.5799441e-001
 7.5821412e-001
 7.5834590e-001
 7.5856626e-001
 7.5894356e-001
 7.5936180e-001
 7.5965422e-001
 7.5986898e-001
 7.6029640e-001
 7.6114029e-001
 7.6221061e-001
 7.6303428e-001
 7.6327044e-001
 7.6298338e-001
 7.6256418e-001
 7.6246929e-001
 7.6294565e-001
 7.6383787e-001
 7.6472831e-001
 7.6539886e-001
 7.6600343e-001
 7.6669639e-001
 7.6730794e-001
 7.6751161e-001
 7.6730633e-001
 7.6727659e-001
 7.6804560e-001
 7.6936907e-001
 7.7035230e-001
 7.7056843e-001
 7.7031106e-001
 7.6997870e-001
 7.6991057e-001
 7.7052730e-001
 7.7192879e-001
 7.7360684e-001
 7.7486974e-001
 7.7536547e-001
 7.7512509e-001
 7.7441871e-001
 7.7368808e-001
 7.7333266e-001
 7.7339363e-001
 7.7365255e-001
 7.7407783e-001
 7.7479398e-001
 7.7554899e-001
 7.7579021e-001
 7.7550215e-001
 7.7540445e-001
 7.7604216e-001
 7.7715015e-001
 7.7811426e-001
 7.7865672e-001
 7.7891058e-001
 7.7908945e-001
 7.7926433e-001
 7.7944154e-001
 7.7973962e-001
 7.8029478e-001
 7.8097594e-001
 7.8147489e-001
 7.8177142e-001
 7.8219610e-001
 7.8289121e-001
 7.8353220e-001
 7.8372258e-001
 7.8339756e-001
 7.8286034e-001
 7.8252500e-001
 7.8262514e-001
 7.8307581e-001
 7.8357422e-001
 7.8384399e-001
 7.8379828e-001
 7.8354627e-001
 7.8332144e-001
 7.8340328e-001
 7.8401417e-001
 7.8516978e-001
 7.8658986e-001
 7.8780568e-001
 7.8841692e-001
 7.8828919e-001
 7.8757221e-001
 7.8662002e-001
 7.8589696e-001
 7.8580475e-001
 7.8640676e-001
 7.8727436e-001
 7.8773719e-001
 7.8744620e-001
 7.8673714e-001
 7.8637141e-001
 7.8681993e-001
 7.8778356e-001
 7.8848708e-001
 7.8847116e-001
 7.8808820e-001
 7.8819752e-001
 7.8931355e-001
 7.9102725e-001
 7.9235548e-001
 7.9294854e-001
 7.9326946e-001
 7.9377645e-001
 7.9425311e-001
 7.9390907e-001
 7.9259741e-001
 7.9139650e-001
 7.9126740e-001
 7.9183847e-001
 7.9226947e-001
 7.9249644e-001
 7.9297251e-001
 7.9386842e-001
 7.9500449e-001
 7.9613131e-001
 7.9696131e-001
 7.9723054e-001
 7.9707038e-001
 7.9709941e-001
 7.9776686e-001
 7.9879886e-001
 7.9955351e-001
 7.9966527e-001
 7.9922312e-001
 7.9860216e-001
 7.9822958e-001
 7.9831165e-001
 7.9859716e-001
 7.9860646e-001
 7.9842436e-001
 7.9881400e-001
 7.9993403e-001
 8.0072516e-001
 8.0049920e-001
 8.0012619e-001
 8.0056429e-001
 8.0133492e-001
 8.0150503e-001
 8.0114532e-001
 8.0092275e-001
 8.0104119e-001
 8.0113751e-001
 8.0092162e-001
 8.0054456e-001
 8.0050886e-001
 8.0141878e-001
 8.0311531e-001
 8.0451328e-001
 8.0503953e-001
 8.0520838e-001
 8.0563956e-001
 8.0640155e-001
 8.0708545e-001
 8.0726522e-001
 8.0696005e-001
 8.0664235e-001
 8.0675167e-001
 8.0720729e-001
 8.0743098e-001
 8.0689651e-001
 8.0570775e-001
 8.0458206e-001
 8.0421454e-001
 8.0464488e-001
 8.0527031e-001
 8.0545348e-001
 8.0506372e-001
 8.0449528e-001
 8.0425137e-001
 8.0457997e-001
 8.0544716e-001
 8.0669349e-001
 8.0807751e-001
 8.0926007e-001
 8.0984843e-001
 8.0971003e-001
 8.0906802e-001
 8.0828941e-001
 8.0768746e-001
 8.0733192e-001
 8.0719543e-001
 8.0725014e-001
 8.0746269e-001
 8.0776441e-001
 8.0807197e-001
 8.0830210e-001
 8.0839282e-001
 8.0842108e-001
 8.0852008e-001
 8.0882359e-001
 8.0943644e-001
 8.1027633e-001
 8.1118441e-001
 8.1200194e-001
 8.1258643e-001
 8.1290632e-001
 8.1296289e-001
 8.1275493e-001
 8.1232774e-001
 8.1177723e-001
 8.1127816e-001
 8.1100863e-001
 8.1114680e-001
 8.1186020e-001
 8.1308210e-001
 8.1451154e-001
 8.1583858e-001
 8.1675231e-001
 8.1695551e-001
 8.1643474e-001
 8.1545758e-001
 8.1430376e-001
 8.1325251e-001
 8.1257480e-001
 8.1234670e-001
 8.1245434e-001
 8.1277549e-001
 8.1318796e-001
 8.1356972e-001
 8.1382662e-001
 8.1397265e-001
 8.1404799e-001
 8.1409323e-001
 8.1414855e-001
 8.1425422e-001
 8.1444198e-001
 8.1470960e-001
 8.1504714e-001
 8.1544405e-001
 8.1589049e-001
-1.2300000e+034
-1.2300000e+034
 8.1742483e-001
 8.1796741e-001
 8.1850863e-001
 8.1903827e-001
 8.1954622e-001
 8.2002223e-001
-1.2300000e+034
-1.2300000e+034
 8.2115757e-001
 8.2140446e-001
 8.2156861e-001
 8.2163990e-001
 8.2160830e-001
 8.2146341e-001
 8.2119519e-001
 8.2079339e-001
 8.2025582e-001
 8.1960899e-001
 8.1888628e-001
 8.1812131e-001
 8.1734747e-001
 8.1659800e-001
 8.1590664e-001
 8.1530654e-001
 8.1482226e-001
 8.1444442e-001
 8.1415606e-001
 8.1394017e-001
 8.1377977e-001
 8.1365782e-001
 8.1355745e-001
 8.1346142e-001
 8.1335300e-001
 8.1321508e-001
 8.1303060e-001
 8.1278265e-001
 8.1246048e-001
 8.1207603e-001
 8.1164634e-001
 8.1118846e-001
 8.1071949e-001
 8.1025660e-001
 8.0981678e-001
 8.0941713e-001
 8.0907482e-001
 8.0880660e-001
 8.0862993e-001
 8.0856168e-001
 8.0861306e-001
 8.0877346e-001
 8.0902809e-001
 8.0936152e-001
 8.0975878e-001
 8.1020468e-001
 8.1068408e-001
 8.1118196e-001
 8.1168300e-001
 8.1217217e-001
 8.1263435e-001
 8.1305492e-001
 8.1342185e-001
 8.1372285e-001
 8.1394625e-001
 8.1408024e-001
 8.1411296e-001
 8.1403238e-001
 8.1382680e-001
 8.1348431e-001
 8.1299299e-001
 8.1235093e-001
 8.1158984e-001
 8.1074864e-001
 8.0986679e-001
 8.0898321e-001
 8.0813724e-001
 8.0736774e-001
 8.0671430e-001
 8.0621558e-001
 8.0591112e-001
 8.0582350e-001
 8.0592024e-001
 8.0615675e-001
 8.0648857e-001
 8.0687112e-001
 8.0725998e-001
 8.0761045e-001
 8.0787832e-001
 8.0801874e-001
 8.0798739e-001
 8.0775756e-001
 8.0736250e-001
 8.0684811e-001
 8.0626041e-001
 8.0564553e-001
 8.0504906e-001
 8.0451733e-001
 8.0409592e-001
 8.0383110e-001
 8.0374950e-001
 8.0381423e-001
 8.0397511e-001
 8.0418205e-001
 8.0438459e-001
 8.0453277e-001
 8.0457634e-001
 8.0446500e-001
 8.0416465e-001
 8.0369270e-001
 8.0307800e-001
 8.0234879e-001
 8.0153382e-001
 8.0066144e-001
 7.9976040e-001
 7.9885900e-001
 7.9797959e-001
 7.9712433e-001
 7.9629099e-001
 7.9547793e-001
 7.9468274e-001
 7.9390371e-001
 7.9313862e-001
 7.9238552e-001
 7.9164732e-001
 7.9094321e-001
 7.9029524e-001
 7.8977662e-001
 7.8932810e-001
 7.8900152e-001
 7.8882140e-001
 7.8881329e-001
 7.8900898e-001
 7.8944379e-001
 7.9015476e-001
 7.9117447e-001
 7.9251415e-001
 7.9413211e-001
 7.9591608e-001
 7.9770410e-001
 7.9931688e-001
 8.0058432e-001
 8.0137926e-001
 8.0165601e-001
 8.0146182e-001
 8.0091405e-001
 8.0016297e-001
 7.9936022e-001
 7.9863197e-001
 7.9805481e-001
 7.9764736e-001
 7.9738307e-001
 7.9721177e-001
 7.9707724e-001
 7.9692942e-001
 7.9673165e-001
 7.9646266e-001
 7.9611427e-001
 7.9568660e-001
 7.9518676e-001
 7.9463011e-001
 7.9404378e-001
 7.9346704e-001
 7.9294848e-001
 7.9253954e-001
 7.9228491e-001
 7.9221135e-001
 7.9308337e-001
 7.9314560e-001
 7.9326981e-001
 7.9344445e-001
 7.9365891e-001
 7.9390520e-001
 7.9417962e-001
 7.9448330e-001
 7.9482102e-001
 7.9520011e-001
 7.9562753e-001
 7.9610759e-001
 7.9664016e-001
 7.9721993e-001
 7.9783803e-001
 7.9848474e-001
 7.9915112e-001
 7.9983109e-001
 8.0052119e-001
 8.0121964e-001
 8.0192488e-001
 8.0263329e-001
 8.0333823e-001
 8.0402911e-001
 8.0469161e-001
 8.0530888e-001
 8.0586290e-001
 8.0633807e-001
 8.0672419e-001
 8.0702013e-001
 8.0723536e-001
 8.0738878e-001
 8.0750668e-001
 8.0761868e-001
 8.0775350e-001
 8.0793458e-001
 8.0817640e-001
 8.0848205e-001
 8.0884260e-001
 8.0923855e-001
 8.0964333e-001
 8.1002712e-001
 8.1036204e-001
 8.1062639e-001
 8.1080723e-001
 8.1090194e-001
 8.1091738e-001
 8.1086785e-001
 8.1077218e-001
 8.1065041e-001
 8.1052107e-001
 8.1039917e-001
 8.1029528e-001
 8.1021565e-001
 8.1016266e-001
 8.1013584e-001
 8.1013268e-001
 8.1014925e-001
 8.1018037e-001
 8.1021959e-001
 8.1025934e-001
 8.1029075e-001
 8.1030446e-001
 8.1029159e-001
 8.1024534e-001
 8.1016266e-001
 8.1004584e-001
 8.0990326e-001
 8.0974889e-001
 8.0960065e-001
 8.0947763e-001
 8.0939591e-001
 8.0936557e-001
 8.0938786e-001
 8.0945444e-001
 8.0954850e-001
 8.0964816e-001
 8.0973023e-001
 8.0977535e-001
 8.0977112e-001
 8.0971450e-001
 8.0961198e-001
 8.0947751e-001
 8.0932951e-001
 8.0918723e-001
 8.0906737e-001
 8.0898124e-001
 8.0893368e-001
 8.0892301e-001
 8.0894238e-001
 8.0898124e-001
 8.0902797e-001
 8.0907160e-001
 8.0910307e-001
 8.0911648e-001
 8.0910885e-001
 8.0907971e-001
 8.0903041e-001
 8.0896330e-001
 8.0888134e-001
 8.0878764e-001
 8.0868566e-001
 8.0857944e-001
 8.0847383e-001
 8.0837446e-001
 8.0828726e-001
 8.0821782e-001
 8.0817080e-001
 8.0814880e-001
 8.0815232e-001
 8.0817986e-001
 8.0822808e-001
 8.0829304e-001
 8.0837089e-001
 8.0845845e-001
 8.0855352e-001
 8.0865473e-001
 8.0876112e-001
 8.0887133e-001
 8.0898356e-001
 8.0909520e-001
 8.0920297e-001
 8.0930394e-001
 8.0939609e-001
 8.0947876e-001
 8.0955344e-001
 8.0962366e-001
 8.0969441e-001
 8.0977142e-001
 8.0986029e-001
 8.0996549e-001
 8.1008929e-001
 8.1023157e-001
 8.1038952e-001
 8.1055790e-001
 8.1072950e-001
 8.1089610e-001
 8.1104928e-001
 8.1118113e-001
 8.1128520e-001
 8.1135684e-001
 8.1139338e-001
 8.1139433e-001
 8.1136107e-001
 8.1129658e-001
 8.1120509e-001
 8.1109160e-001
 8.1096154e-001
 8.1082034e-001
 8.1067318e-001
 8.1052452e-001
 8.1037796e-001
 8.1023568e-001
 8.1009883e-001
 8.0996698e-001
 8.0983847e-001
 8.0971056e-001
 8.0957973e-001
 8.0944198e-001
 8.0929351e-001
 8.0913055e-001
 8.0895042e-001
 8.0875129e-001
 8.0853271e-001
 8.0829591e-001
 8.0804342e-001
 8.0777985e-001
 8.0751097e-001
 8.0724388e-001
 8.0698651e-001
 8.0674684e-001
 8.0653232e-001
 8.0634934e-001
 8.0620223e-001
 8.0609339e-001
 8.0602241e-001
 8.0598676e-001
 8.0598152e-001
 8.0599988e-001
 8.0603379e-001
 8.0607426e-001
 8.0611181e-001
 8.0613726e-001
 8.0614197e-001
 8.0611813e-001
 8.0605972e-001
 8.0596238e-001
 8.0582416e-001
 8.0564553e-001
 8.0542940e-001
 8.0518091e-001
 8.0490690e-001
 8.0461526e-001
 8.0431402e-001
 8.0401015e-001
 8.0370921e-001
 8.0341411e-001
 8.0312526e-001
 8.0284053e-001
 8.0255586e-001
 8.0226624e-001
 8.0196685e-001
 8.0165404e-001
 8.0132610e-001
 8.0098361e-001
 8.0062926e-001
 8.0026650e-001
 7.9989892e-001
 7.9952818e-001
 7.9915327e-001
 7.9876924e-001
 7.9836702e-001
 7.9793400e-001
 7.9745513e-001
 7.9691410e-001
 7.9629600e-001
 7.9558808e-001
 7.9478222e-001
 7.9387552e-001
 7.9287004e-001
 7.9177320e-001
 7.9059595e-001
 7.8935200e-001
 7.8805631e-001
 7.8672326e-001
 7.8536701e-001
 7.8400010e-001
 7.8263444e-001
 7.8128147e-001
 7.7995199e-001
 7.7865803e-001
 7.7741152e-001
 7.7622592e-001
 7.7511537e-001
 7.7409440e-001
 7.7317840e-001
 7.7238232e-001
 7.7172023e-001
 7.7120423e-001
 7.7084202e-001
 7.7063578e-001
 7.7057976e-001
 7.7065879e-001
 7.7084750e-001
 7.7111125e-001
 7.7140725e-001
 7.7168846e-001
 7.7190709e-001
 7.7201945e-001
 7.7198982e-001
 7.7179384e-001
 7.7142066e-001
 7.7087301e-001
 7.7016640e-001
 7.6932621e-001
 7.6838487e-001
 7.6737815e-001
 7.6634121e-001
 7.6530683e-001
 7.6430279e-001
 7.6335239e-001
 7.6247430e-001
 7.6168370e-001
 7.6099437e-001
 7.6041919e-001
 7.5997084e-001
 7.5966191e-001
 7.5950342e-001
 7.5950372e-001
 7.5966632e-001
 7.5998819e-001
 7.6045853e-001
 7.6105821e-001
 7.6175994e-001
 7.6252919e-001
 7.6332659e-001
 7.6410985e-001
 7.6483715e-001
 7.6546961e-001
 7.6597404e-001
 7.6632559e-001
 7.6650876e-001
 7.6651818e-001
 7.6635820e-001
 7.6604182e-001
 7.6558852e-001
 7.6502192e-001
 7.6436687e-001
 7.6364744e-001
 7.6288438e-001
 7.6209354e-001
 7.6128590e-001
 7.6046693e-001
 7.5963712e-001
 7.5879377e-001
 7.5793135e-001
 7.5704378e-001
 7.5612545e-001
 7.5517195e-001
 7.5418228e-001
 7.5315791e-001
 7.5210446e-001
 7.5103027e-001
 7.4994528e-001
 7.4886042e-001
 7.4778450e-001
 7.4672306e-001
 7.4567682e-001
 7.4463993e-001
 7.4360186e-001
 7.4254709e-001
 7.4145913e-001
 7.4032253e-001
 7.3912603e-001
 7.3786557e-001
 7.3654526e-001
 7.3517692e-001
 7.3377931e-001
 7.3237419e-001
 7.3098373e-001
 7.2962624e-001
 7.2831231e-001
 7.2704417e-001
 7.2581398e-001
 7.2460687e-001
 7.2340333e-001
 7.2218341e-001
 7.2093230e-001
 7.1964324e-001
 7.1832067e-001
 7.1698040e-001
 7.1564692e-001
 7.1435070e-001
 7.1312141e-001
 7.1198362e-001
 7.1095067e-001
 7.1002001e-001
 7.0917189e-001
 7.0836818e-001
 7.0755404e-001
 7.0666248e-001
 7.0561898e-001
 7.0434934e-001
 7.0278734e-001
 7.0088202e-001
 6.9860601e-001
 6.9595981e-001
 6.9297618e-001
 6.8971974e-001
 6.8628180e-001
 6.8277663e-001
 6.7932868e-001
 6.7606503e-001
 6.7310303e-001
 6.7054021e-001
 6.6844946e-001
 6.6687220e-001
 6.6581911e-001
 6.6526979e-001
 6.6517550e-001
 6.6546369e-001
 6.6604209e-001
 6.6680390e-001
 6.6763347e-001
 6.6841251e-001
 6.6902590e-001
 6.6936827e-001
 6.6934961e-001
 6.6889989e-001
 6.6797131e-001
 6.6653949e-001
 6.6460168e-001
 6.6217256e-001
 6.5928078e-001
 6.5596151e-001
 6.5225261e-001
 6.4818901e-001
 6.4379638e-001
 6.3909155e-001
 6.3407689e-001
 6.2874424e-001
 6.2307638e-001
 6.1705077e-001
 6.1065269e-001
 6.0388023e-001
 5.9676075e-001
 5.8935857e-001
 5.8177781e-001
 5.7416701e-001
 5.6670898e-001
 5.5960286e-001
 5.5305058e-001
 5.4722869e-001
 5.4227489e-001
 5.3827161e-001
 5.3523868e-001
 5.3313726e-001
 5.3187335e-001
 5.3130901e-001
 5.3127068e-001
 5.3155917e-001
 5.3195941e-001
 5.3225327e-001
 5.3223681e-001
 5.3174418e-001
 5.3067511e-001
 5.2902222e-001
 5.2688968e-001
 5.2449858e-001
 5.2217048e-001
 5.2028978e-001
 5.1925182e-001
 5.1940137e-001
 5.2097857e-001
 5.2407944e-001
 5.2864432e-001
 5.3446943e-001
 5.4124433e-001
 5.4860675e-001
 5.5619222e-001
 5.6368917e-001
 5.7086635e-001
 5.7759106e-001
 5.8382869e-001
 5.8962047e-001
 5.9506398e-001
 6.0028028e-001
 6.0538965e-001
 6.1049318e-001
 6.1565477e-001
 6.2090081e-001
 6.2621611e-001
 6.3155156e-001
 6.3683480e-001
 6.4197540e-001
 6.4687979e-001
 6.5145528e-001
 6.5561932e-001
 6.5930605e-001
 6.6246706e-001
 6.6507596e-001
 6.6712981e-001
 6.6864711e-001
 6.6966778e-001
 6.7024839e-001
 6.7045814e-001
 6.7037302e-001
 6.7006952e-001
 6.6961914e-001
 6.6908401e-001
 6.6851431e-001
 6.6794705e-001
 6.6740763e-001
 6.6691089e-001
 6.6646421e-001
 6.6606939e-001
 6.6572386e-001
 6.6542125e-001
 6.6515058e-001
 6.6489506e-001
 6.6463065e-001
 6.6432476e-001
 6.6393661e-001
 6.6341835e-001
 6.6271877e-001
 6.6178864e-001
 6.6058725e-001
 6.5909129e-001
 6.5730274e-001
 6.5525526e-001
 6.5302044e-001
 6.5070683e-001
 6.4845777e-001
 6.4644170e-001
 6.4483726e-001
 6.4381760e-001
 6.4353013e-001
 6.4407992e-001
 6.4551634e-001
 6.4782679e-001
 6.5093672e-001
 6.5472037e-001
 6.5901279e-001
 6.6362906e-001
 6.6838449e-001
 6.7310762e-001
 6.7765695e-001
 6.8192440e-001
 6.8583977e-001
 6.8937010e-001
 6.9251198e-001
 6.9528633e-001
 6.9773197e-001
 6.9989580e-001
 7.0182908e-001
 7.0358026e-001
 7.0519239e-001
 7.0670116e-001
 7.0813370e-001
 7.0951027e-001
 7.1084535e-001
 7.1214992e-001
 7.1343434e-001
 7.1470827e-001
 7.1598238e-001
 7.1726602e-001
 7.1856618e-001
 7.1988589e-001
 7.2122103e-001
 7.2256142e-001
 7.2389024e-001
 7.2518688e-001
 7.2643042e-001
 7.2760201e-001
 7.2868848e-001
 7.2968471e-001
 7.3059338e-001
 7.3142511e-001
 7.3219550e-001
 7.3292261e-001
 7.3362303e-001
 7.3430890e-001
 7.3498726e-001
 7.3565882e-001
 7.3631889e-001
 7.3695773e-001
 7.3756158e-001
 7.3811466e-001
 7.3860097e-001
 7.3900723e-001
 7.3932493e-001
 7.3955202e-001
 7.3969334e-001
 7.3976088e-001
 7.3977244e-001
 7.3974943e-001
 7.3971409e-001
 7.3968691e-001
 7.3968500e-001
 7.3972070e-001
 7.3980117e-001
 7.3992831e-001
 7.4009877e-001
 7.4030471e-001
 7.4053490e-001
 7.4077576e-001
 7.4101311e-001
 7.4123341e-001
 7.4142540e-001
 7.4158078e-001
 7.4169523e-001
 7.4176872e-001
 7.4180532e-001
 7.4181253e-001
 7.4180025e-001
 7.4177921e-001
 7.4175978e-001
 7.4175107e-001
 7.4175996e-001
 7.4179089e-001
 7.4184525e-001
 7.4192125e-001
 7.4201399e-001
 7.4211615e-001
 7.4221861e-001
 7.4231136e-001
 7.4238467e-001
 7.4243039e-001
 7.4244243e-001
 7.4241805e-001
 7.4235821e-001
 7.4226797e-001
 7.4215567e-001
 7.4203253e-001
 7.4191105e-001
 7.4180418e-001
 7.4172395e-001
 7.4168086e-001
 7.4168295e-001
 7.4173564e-001
 7.4184096e-001
 7.4199766e-001
 7.4220097e-001
 7.4244291e-001
 7.4271238e-001
 7.4299592e-001
 7.4327838e-001
 7.4354386e-001
 7.4377668e-001
 7.4396276e-001
 7.4409044e-001
 7.4415153e-001
 7.4414176e-001
 7.4406099e-001
 7.4391329e-001
 7.4370646e-001
 7.4345160e-001
 7.4316198e-001
 7.4285287e-001
 7.4254006e-001
 7.4223948e-001
 7.4196619e-001
 7.4173361e-001
 7.4155277e-001
 7.4143147e-001
 7.4137419e-001
 7.4138123e-001
 7.4144918e-001
 7.4157077e-001
 7.4173570e-001
 7.4193084e-001
 7.4214149e-001
 7.4235159e-001
 7.4254537e-001
 7.4270785e-001
 7.4282604e-001
 7.4289006e-001
 7.4289399e-001
 7.4283659e-001
 7.4272192e-001
 7.4255878e-001
 7.4236017e-001
 7.4214166e-001
 7.4191988e-001
 7.4171007e-001
 7.4152434e-001
 7.4136996e-001
 7.4124837e-001
 7.4115551e-001
 7.4108183e-001
 7.4101442e-001
 7.4093848e-001
 7.4083942e-001
 7.4070483e-001
 7.4052590e-001
 7.4029863e-001
 7.4002433e-001
 7.3970979e-001
 7.3936701e-001
 7.3901236e-001
 7.3866546e-001
 7.3834753e-001
 7.3807913e-001
 7.3787779e-001
 7.3775506e-001
 7.3771405e-001
 7.3774737e-001
 7.3783612e-001
 7.3795068e-001
 7.3805302e-001
 7.3810083e-001
 7.3805344e-001
 7.3787814e-001
 7.3755616e-001
 7.3708707e-001
 7.3649037e-001
 7.3580325e-001
 7.3507404e-001
 7.3435605e-001
 7.3369902e-001
 7.3314226e-001
 7.3270965e-001
 7.3240727e-001
 7.3222190e-001
 7.3212236e-001
 7.3206323e-001
 7.3199189e-001
 7.3185629e-001
 7.3161352e-001
 7.3123717e-001
 7.3072147e-001
 7.3008209e-001
 7.2935301e-001
 7.2857970e-001
 7.2781163e-001
 7.2709298e-001
 7.2645569e-001
 7.2591490e-001
 7.2546875e-001
 7.2510135e-001
 7.2478765e-001
 7.2449911e-001
 7.2420913e-001
 7.2389734e-001
 7.2355247e-001
 7.2317272e-001
 7.2276616e-001
 7.2234803e-001
 7.2193807e-001
 7.2155625e-001
 7.2121924e-001
 7.2093642e-001
 7.2070807e-001
 7.2052395e-001
 7.2036469e-001
 7.2020376e-001
 7.2001106e-001
 7.1975720e-001
 7.1941727e-001
 7.1897465e-001
 7.1842325e-001
 7.1776795e-001
 7.1702468e-001
 7.1621716e-001
 7.1537459e-001
 7.1452707e-001
 7.1370161e-001
 7.1291912e-001
 7.1219152e-001
 7.1152139e-001
 7.1090150e-001
 7.1031678e-001
 7.0974678e-001
 7.0916873e-001
 7.0856011e-001
 7.0790184e-001
 7.0717937e-001
 7.0638430e-001
 7.0551419e-001
 7.0457101e-001
 7.0356101e-001
 7.0249164e-001
 7.0137078e-001
 7.0020497e-001
 6.9899791e-001
 6.9775099e-001
 6.9646239e-001
 6.9512886e-001
 6.9374675e-001
 6.9231254e-001
 6.9082594e-001
 6.8928951e-001
 6.8771088e-001
 6.8610227e-001
 6.8447936e-001
 6.8286175e-001
 6.8126947e-001
 6.7972249e-001
 6.7823815e-001
 6.7682910e-001
 6.7550290e-001
 6.7426097e-001
 6.7309844e-001
 6.7200577e-001
 6.7096877e-001
 6.6997099e-001
 6.6899478e-001
 6.6802210e-001
 6.6703629e-001
 6.6602224e-001
 6.6496766e-001
 6.6386342e-001
 6.6270363e-001
 6.6148728e-001
 6.6021764e-001
 6.5890372e-001
 6.5755999e-001
 6.5620542e-001
 6.5486377e-001
 6.5356058e-001
 6.5232193e-001
 6.5117198e-001
 6.5012956e-001
 6.4920741e-001
 6.4841014e-001
 6.4773381e-001
 6.4716750e-001
 6.4669466e-001
 6.4629632e-001
 6.4595407e-001
 6.4565301e-001
 6.4538491e-001
 6.4514923e-001
 6.4495420e-001
 6.4481598e-001
 6.4475626e-001
 6.4479959e-001
 6.4496917e-001
 6.4528304e-001
 6.4575022e-001
 6.4636844e-001
 6.4712304e-001
 6.4798969e-001
 6.4893663e-001
 6.4992833e-001
 6.5092903e-001
 6.5190530e-001
 6.5282887e-001
 6.5367717e-001
 6.5443385e-001
 6.5509003e-001
 6.5564412e-001
 6.5610099e-001
 6.5647078e-001
 6.5676618e-001
 6.5700036e-001
 6.5718389e-001
 6.5732294e-001
 6.5741789e-001
 6.5746337e-001
 6.5754473e-001
 6.5747452e-001
 6.5731406e-001
 6.5704900e-001
 6.5667051e-001
 6.5617895e-001
 6.5558618e-001
 6.5491438e-001
 6.5419239e-001
 6.5345299e-001
 6.5272999e-001
 6.5205640e-001
 6.5146327e-001
 6.5097678e-001
 6.5061659e-001
 6.5039408e-001
 6.5031201e-001
 6.5036529e-001
 6.5054280e-001
 6.5082985e-001
 6.5120959e-001
 6.5166456e-001
 6.5217650e-001
 6.5272701e-001
 6.5329653e-001
 6.5386492e-001
 6.5441108e-001
 6.5491283e-001
 6.5534788e-001
 6.5569335e-001
 6.5592659e-001
 6.5602648e-001
 6.5597475e-001
 6.5575981e-001
 6.5538055e-001
 6.5485048e-001
 6.5419883e-001
 6.5346920e-001
 6.5271604e-001
 6.5199965e-001
 6.5138322e-001
 6.5092885e-001
 6.5069443e-001
 6.5072739e-001
 6.5105844e-001
 6.5169507e-001
 6.5261954e-001
 6.5379059e-001
 6.5515012e-001
 6.5663016e-001
 6.5815777e-001
 6.5965986e-001
 6.6106588e-001
 6.6231215e-001
 6.6334742e-001
 6.6413581e-001
 6.6465980e-001
 6.6491771e-001
 6.6491973e-001
 6.6468334e-001
 6.6422921e-001
 6.6357923e-001
 6.6275507e-001
 6.6177714e-001
 6.6066295e-001
 6.5942723e-001
 6.5808082e-001
 6.5663099e-001
 6.5508306e-001
 6.5344018e-001
 6.5170538e-001
 6.4988166e-001
 6.4797133e-001
 6.4597851e-001
 6.4390713e-001
 6.4176351e-001
 6.3955539e-001
 6.3729119e-001
 6.3498151e-001
 6.3263637e-001
 6.3026685e-001
 6.2788403e-001
 6.2549758e-001
 6.2311739e-001
 6.2075013e-001
 6.1840105e-001
 6.1607283e-001
 6.1376458e-001
 6.1147475e-001
 6.0920036e-001
 6.0693747e-001
 6.0468268e-001
 6.0243177e-001
 6.0018116e-001
 5.9792769e-001
 5.9566730e-001
 5.9339750e-001
 5.9111470e-001
 5.8881658e-001
 5.8650064e-001
 5.8416402e-001
 5.8180541e-001
 5.7942379e-001
 5.7702160e-001
 5.7460600e-001
 5.7218945e-001
 5.6979221e-001
 5.6743979e-001
 5.6516284e-001
 5.6299496e-001
 5.6096959e-001
 5.5912083e-001
 5.5747914e-001
 5.5607027e-001
 5.5491012e-001
 5.5400175e-001
 5.5333447e-001
 5.5288464e-001
 5.5261922e-001
 5.5249977e-001
 5.5248517e-001
 5.5253404e-001
 5.5260682e-001
 5.5266780e-001
 5.5268824e-001
 5.5264878e-001
 5.5254048e-001
 5.5236357e-001
 5.5212533e-001
 5.5183721e-001
 5.5151248e-001
 5.5116510e-001
 5.5080879e-001
 5.5045611e-001
 5.5011791e-001
 5.4980248e-001
 5.4951537e-001
 5.4925966e-001
 5.4903644e-001
 5.4884589e-001
 5.4868758e-001
 5.4856074e-001
 5.4846495e-001
 5.4839969e-001
 5.4836482e-001
 5.4836065e-001
 5.4838800e-001
 5.4844809e-001
 5.4854238e-001
 5.4867256e-001
 5.4884034e-001
 5.4904735e-001
 5.4929453e-001
 5.4958194e-001
 5.4990786e-001
 5.5026811e-001
 5.5065608e-001
 5.5106264e-001
 5.5147713e-001
 5.5188769e-001
 5.5228209e-001
 5.5264848e-001
 5.5297601e-001
 5.5325580e-001
 5.5348295e-001
 5.5365735e-001
 5.5378449e-001
 5.5387485e-001
 5.5394250e-001
 5.5400383e-001
 5.5407584e-001
 5.5417556e-001
 5.5431831e-001
 5.5451614e-001
 5.5477554e-001
 5.5509514e-001
 5.5546540e-001
 5.5586886e-001
 5.5628264e-001
 5.5668038e-001
 5.5703443e-001
 5.5731714e-001
 5.5750257e-001
 5.5756849e-001
 5.5749911e-001
 5.5728710e-001
 5.5693471e-001
 5.5645287e-001
 5.5585897e-001
 5.5517375e-001
 5.5442005e-001
 5.5362117e-001
 5.5279899e-001
 5.5197370e-001
 5.5116135e-001
 5.5037326e-001
 5.4961491e-001
 5.4888660e-001
 5.4818505e-001
 5.4750460e-001
 5.4683876e-001
 5.4618055e-001
 5.4552436e-001
 5.4486555e-001
 5.4420251e-001
 5.4353774e-001
 5.4287761e-001
 5.4223245e-001
 5.4161531e-001
 5.4104108e-001
 5.4052514e-001
 5.4008234e-001
 5.3972650e-001
 5.3946763e-001
 5.3931028e-001
 5.3925157e-001
 5.3928000e-001
 5.3937668e-001
 5.3951705e-001
 5.3967327e-001
 5.3981596e-001
 5.3991598e-001
 5.3994548e-001
 5.3988010e-001
 5.3970128e-001
 5.3939825e-001
 5.3896892e-001
 5.3841883e-001
 5.3775978e-001
 5.3700662e-001
 5.3617585e-001
 5.3528452e-001
 5.3435004e-001
 5.3338850e-001
 5.3241485e-001
 5.3144312e-001
 5.3048468e-001
 5.2954948e-001
 5.2864671e-001
 5.2778423e-001
 5.2696961e-001
 5.2620971e-001
 5.2551085e-001
 5.2487671e-001
 5.2430749e-001
 5.2379912e-001
 5.2334195e-001
 5.2292156e-001
 5.2252048e-001
 5.2211881e-001
 5.2169573e-001
 5.2123088e-001
 5.2070445e-001
 5.2009898e-001
 5.1940060e-001
 5.1860088e-001
 5.1769668e-001
 5.1668966e-001
 5.1558596e-001
 5.1439333e-001
 5.1312047e-001
 5.1177752e-001
 5.1037389e-001
 5.0891936e-001
 5.0742358e-001
 5.0589752e-001
 5.0435120e-001
 5.0279504e-001
 5.0124061e-001
 4.9969831e-001
 4.9817875e-001
 4.9669322e-001
 4.9525118e-001
 4.9386102e-001
 4.9252832e-001
 4.9125630e-001
 4.9004343e-001
 4.8888499e-001
 4.8777455e-001
 4.8670340e-001
 4.8566216e-001
 4.8464224e-001
 4.8363459e-001
 4.8263136e-001
 4.8162717e-001
 4.8061848e-001
 4.7960466e-001
 4.7858736e-001
 4.7757071e-001
 4.7655925e-001
 4.7555783e-001
 4.7457176e-001
 4.7360438e-001
 4.7265634e-001
 4.7172460e-001
 4.7079939e-001
 4.6986452e-001
 4.6889758e-001
 4.6787238e-001
 4.6675956e-001
 4.6552861e-001
 4.6415058e-001
 4.6259812e-001
 4.6084923e-001
 4.5889235e-001
 4.5672712e-001
 4.5436677e-001
 4.5183870e-001
 4.4917774e-001
 4.4642475e-001
 4.4362229e-001
 4.4081518e-001
 4.3804422e-001
 4.3534571e-001
 4.3275011e-001
 4.3027550e-001
 4.2792839e-001
 4.2570645e-001
 4.2359790e-001
 4.2158690e-001
 4.1965476e-001
 4.1778308e-001
 4.1595134e-001
 4.1413814e-001
 4.1232184e-001
 4.1047746e-001
 4.0857789e-001
 4.0659532e-001
 4.0449914e-001
 4.0225789e-001
 3.9984140e-001
 3.9721864e-001
 3.9436093e-001
 3.9124271e-001
 3.8784721e-001
 3.8416430e-001
 3.8019332e-001
 3.7594539e-001
 3.7143528e-001
 3.6668152e-001
 3.6170822e-001
 3.5653749e-001
 3.5119435e-001
 3.4570569e-001
 3.4010759e-001
 3.3443934e-001
 3.2874808e-001
 3.2309204e-001
 3.1753063e-001
 3.1212631e-001
 3.0694664e-001
 3.0205441e-001
 2.9750961e-001
 2.9336861e-001
 2.8967318e-001
 2.8645071e-001
 2.8371096e-001
 2.8145012e-001
 2.7965114e-001
 2.7829033e-001
 2.7734160e-001
 2.7677622e-001
 2.7656475e-001
 2.7667648e-001
 2.7707842e-001
 2.7773473e-001
 2.7860671e-001
 2.7965212e-001
 2.8082725e-001
 2.8208733e-001
 2.8338632e-001
 2.8467971e-001
 2.8592521e-001
 2.8708407e-001
 2.8812605e-001
 2.8903100e-001
 2.8978938e-001
 2.9040268e-001
 2.9087952e-001
 2.9123315e-001
 2.9147843e-001
 2.9163027e-001
 2.9170111e-001
 2.9169807e-001
 2.9161921e-001
 2.9145032e-001
 2.9116368e-001
 2.9071930e-001
 2.9006818e-001
 2.8915596e-001
 2.8792739e-001
 2.8632894e-001
 2.8431487e-001
 2.8185824e-001
 2.7895945e-001
 2.7565750e-001
 2.7203715e-001
 2.6821974e-001
 2.6435614e-001
 2.6061335e-001
 2.5716844e-001
 2.5419581e-001
 2.5186276e-001
 2.5032118e-001
 2.4969222e-001
 2.5005865e-001
 2.5145945e-001
 2.5389448e-001
 2.5733560e-001
 2.6173446e-001
 2.6703593e-001
 2.7317905e-001
 2.8009894e-001
 2.8771636e-001
 2.9594171e-001
 3.0466568e-001
 3.1375000e-001
 3.2304224e-001
 3.3237508e-001
 3.4156591e-001
 3.5043591e-001
 3.5880682e-001
 3.6651316e-001
 3.7340724e-001
 3.7938604e-001
 3.8439867e-001
 3.8844934e-001
 3.9159882e-001
 3.9394614e-001
 3.9561197e-001
 3.9672959e-001
 3.9743397e-001
 3.9785534e-001
 3.9811301e-001
 3.9830640e-001
 3.9850822e-001
 3.9876142e-001
 3.9908233e-001
 3.9946765e-001
 3.9990184e-001
 4.0036401e-001
 4.0083137e-001
 4.0128103e-001
 4.0169239e-001
 4.0204811e-001
 4.0233576e-001
 4.0254784e-001
 4.0268183e-001
 4.0273872e-001
 4.0272146e-001
 4.0263399e-001
 4.0248048e-001
 4.0226457e-001
 4.0198874e-001
 4.0165332e-001
 4.0125602e-001
 4.0079135e-001
 4.0025103e-001
 3.9962459e-001
 3.9890081e-001
 3.9806774e-001
 3.9711368e-001
 3.9602935e-001
 3.9480820e-001
 3.9344946e-001
 3.9196119e-001
 3.9035931e-001
 3.8866791e-001
 3.8691649e-001
 3.8513917e-001
 3.8337028e-001
 3.8164368e-001
 3.7999198e-001
 3.7844098e-001
 3.7700731e-001
 3.7569606e-001
 3.7449732e-001
 3.7338877e-001
 3.7233946e-001
 3.7131229e-001
 3.7026811e-001
 3.6916757e-001
 3.6797488e-001
 3.6665982e-001
 3.6520255e-001
 3.6359859e-001
 3.6185837e-001
 3.6000645e-001
 3.5807934e-001
 3.5611838e-001
 3.5416797e-001
 3.5227183e-001
 3.5047144e-001
 3.4879911e-001
 3.4727407e-001
 3.4589866e-001
 3.4465432e-001
 3.4350467e-001
 3.4240097e-001
 3.4128582e-001
 3.4009865e-001
 3.3878013e-001
 3.3727479e-001
 3.3553752e-001
 3.3353996e-001
 3.3127859e-001
 3.2877424e-001
 3.2607090e-001
 3.2323176e-001
 3.2032821e-001
 3.1743628e-001
 3.1463471e-001
 3.1199721e-001
 3.0959117e-001
 3.0747151e-001
 3.0567828e-001
 3.0423194e-001
 3.0313697e-001
 3.0238652e-001
 3.0196568e-001
 3.0185619e-001
 3.0203810e-001
 3.0249012e-001
 3.0318934e-001
 3.0411050e-001
 3.0522418e-001
 3.0649775e-001
 3.0789515e-001
 3.0937690e-001
 3.1090283e-001
 3.1243235e-001
 3.1392410e-001
 3.1533933e-001
 3.1664243e-001
 3.1780240e-001
 3.1879652e-001
 3.1961003e-001
 3.2023573e-001
 3.2067141e-001
 3.2091868e-001
 3.2098073e-001
 3.2086182e-001
 3.2056779e-001
 3.2010671e-001
 3.1949115e-001
 3.1873882e-001
 3.1787354e-001
 3.1692457e-001
 3.1592593e-001
 3.1491345e-001
 3.1392393e-001
 3.1299400e-001
 3.1215656e-001
 3.1143785e-001
 3.1085300e-001
 3.1040084e-001
 3.1006286e-001
 3.0980548e-001
 3.0958432e-001
 3.0934909e-001
 3.0904728e-001
 3.0862734e-001
 3.0804116e-001
 3.0724773e-001
 3.0621797e-001
 3.0493736e-001
 3.0340782e-001
 3.0164802e-001
 2.9968777e-001
 2.9756489e-001
 2.9532024e-001
 2.9299724e-001
 2.9063731e-001
 2.8828096e-001
 2.8596938e-001
 2.8381711e-001
 2.8222489e-001
 2.8026655e-001
 2.7844587e-001
 2.7676582e-001
 2.7523008e-001
 2.7384183e-001
 2.7260536e-001
 2.7152389e-001
 2.7060100e-001
 2.6984030e-001
 2.6924405e-001
 2.6880369e-001
 2.6850420e-001
 2.6833063e-001
 2.6826805e-001
 2.6830149e-001
 2.6841602e-001
 2.6859665e-001
 2.6882848e-001
 2.6909649e-001
 2.6938578e-001
 2.6968136e-001
 2.6996833e-001
 2.7023166e-001
 2.7045727e-001
 2.7063930e-001
 2.7077600e-001
 2.7086583e-001
 2.7090710e-001
 2.7089828e-001
 2.7083775e-001
 2.7072391e-001
 2.7055517e-001
 2.7032989e-001
 2.7004647e-001
 2.6970324e-001
 2.6929876e-001
 2.6883137e-001
 2.6829943e-001
 2.6770136e-001
 2.6703537e-001
 2.6630017e-001
 2.6549450e-001
 2.6462120e-001
 2.6368493e-001
 2.6269126e-001
 2.6164490e-001
 2.6055083e-001
 2.5941372e-001
 2.5823921e-001
 2.5703192e-001
 2.5579685e-001
 2.5453904e-001
 2.5326312e-001
 2.5197467e-001
 2.5067848e-001
 2.4937940e-001
 2.4808219e-001
 2.4679242e-001
 2.4551480e-001
 2.4425429e-001
 2.4301562e-001
 2.4180429e-001
 2.4062507e-001
 2.3948245e-001
 2.3837686e-001
 2.3730746e-001
 2.3627269e-001
 2.3527116e-001
 2.3430160e-001
 2.3336239e-001
 2.3245268e-001
 2.3157085e-001
 2.3071563e-001
 2.2988543e-001
 2.2907937e-001
 2.2829583e-001
 2.2753352e-001
 2.2679093e-001
 2.2606707e-001
 2.2536042e-001
 2.2466964e-001
 2.2399341e-001
 2.2333017e-001
 2.2267896e-001
 2.2203828e-001
 2.2140679e-001
 2.2078295e-001
 2.2016580e-001
 2.1955381e-001
 2.1894571e-001
 2.1834101e-001
 2.1773995e-001
 2.1714242e-001
 2.1654838e-001
 2.1595787e-001
 2.1537070e-001
 2.1478720e-001
 2.1420719e-001
 2.1363068e-001
 2.1305758e-001
 2.1248809e-001
 2.1192209e-001
 2.1135961e-001
 2.1080050e-001
 2.1024501e-001
 2.0969306e-001
 2.0914458e-001
 2.0859948e-001
 2.0805801e-001
 2.0752007e-001
 2.0698559e-001
 2.0645462e-001
 2.0592701e-001
 2.0540304e-001
 2.0488256e-001
 2.0436558e-001
 2.0385198e-001
 2.0334201e-001
 2.0283552e-001
 2.0233251e-001
 2.0183305e-001
 2.0133755e-001
 2.0084603e-001
