s07_ASD Record=13359: Halloysite+Kaolinite CM29     BECKa AREF
 6.0044491e-001
 6.0157859e-001
 6.0269529e-001
 6.0378480e-001
 6.0483694e-001
 6.0584521e-001
 6.0680538e-001
 6.0771048e-001
 6.0854834e-001
 6.0930347e-001
 6.0996217e-001
 6.1051726e-001
 6.1097014e-001
 6.1133313e-001
 6.1163270e-001
 6.1190844e-001
 6.1220664e-001
 6.1257201e-001
 6.1304039e-001
 6.1363226e-001
 6.1434805e-001
 6.1516964e-001
 6.1607111e-001
 6.1703426e-001
 6.1806059e-001
 6.1917585e-001
 6.2042189e-001
 6.2183410e-001
 6.2341911e-001
 6.2515295e-001
 6.2698931e-001
 6.2887597e-001
 6.3076741e-001
 6.3262922e-001
 6.3444471e-001
 6.3622272e-001
 6.3798755e-001
 6.3975847e-001
 6.4153296e-001
 6.4328039e-001
 6.4495581e-001
 6.4652437e-001
 6.4798182e-001
 6.4935958e-001
 6.5070862e-001
 6.5207422e-001
 6.5347600e-001
 6.5490454e-001
 6.5633231e-001
 6.5773112e-001
 6.5908504e-001
 6.6039377e-001
 6.6166973e-001
 6.6293156e-001
 6.6419905e-001
 6.6548830e-001
 6.6680694e-001
 6.6815078e-001
 6.6950774e-001
 6.7085660e-001
 6.7215800e-001
 6.7338932e-001
 6.7454314e-001
 6.7560899e-001
 6.7660105e-001
 6.7760158e-001
 6.7869842e-001
 6.7992896e-001
 6.8127507e-001
 6.8266481e-001
 6.8400621e-001
 6.8523687e-001
 6.8634737e-001
 6.8736792e-001
 6.8833989e-001
 6.8929696e-001
 6.9026464e-001
 6.9127148e-001
 6.9235659e-001
 6.9356287e-001
 6.9491851e-001
 6.9641876e-001
 6.9802135e-001
 6.9965601e-001
 7.0123482e-001
 7.0264095e-001
 7.0369297e-001
 7.0411968e-001
 7.0360386e-001
 7.0193088e-001
 6.9919759e-001
 6.9594908e-001
 6.9310802e-001
 6.9167507e-001
 6.9234842e-001
 6.9525957e-001
 6.9993234e-001
 7.0549464e-001
 7.1102631e-001
 7.1584171e-001
 7.1960610e-001
 7.2231251e-001
 7.2417450e-001
 7.2549754e-001
 7.2656494e-001
 7.2754312e-001
 7.2844195e-001
 7.2915590e-001
 7.2955537e-001
 7.2959322e-001
 7.2937614e-001
 7.2915077e-001
 7.2919101e-001
 7.2964412e-001
 7.3044324e-001
 7.3135471e-001
 7.3212582e-001
 7.3262548e-001
 7.3288858e-001
 7.3305631e-001
 7.3327315e-001
 7.3360747e-001
 7.3403525e-001
 7.3448783e-001
 7.3492885e-001
 7.3539805e-001
 7.3598009e-001
 7.3672539e-001
 7.3759884e-001
 7.3850089e-001
 7.3933023e-001
 7.4002594e-001
 7.4057001e-001
 7.4098450e-001
 7.4133927e-001
 7.4173898e-001
 7.4226075e-001
 7.4288964e-001
 7.4353355e-001
 7.4412453e-001
 7.4470860e-001
 7.4542475e-001
 7.4638456e-001
 7.4756593e-001
 7.4882466e-001
 7.5001776e-001
 7.5112426e-001
 7.5224698e-001
 7.5349534e-001
 7.5487214e-001
 7.5626910e-001
 7.5755256e-001
 7.5864571e-001
 7.5957185e-001
 7.6046079e-001
 7.6148748e-001
 7.6273328e-001
 7.6409858e-001
 7.6540405e-001
 7.6659584e-001
 7.6780307e-001
 7.6916355e-001
 7.7063215e-001
 7.7201515e-001
 7.7319485e-001
 7.7426493e-001
 7.7541590e-001
 7.7673227e-001
 7.7815175e-001
 7.7958524e-001
 7.8100187e-001
 7.8241861e-001
 7.8387606e-001
 7.8539515e-001
 7.8687572e-001
 7.8808677e-001
 7.8888983e-001
 7.8947568e-001
 7.9026771e-001
 7.9157335e-001
 7.9339504e-001
 7.9552364e-001
 7.9767507e-001
 7.9955983e-001
 8.0099249e-001
 8.0200732e-001
 8.0280250e-001
 8.0356181e-001
 8.0439359e-001
 8.0540740e-001
 8.0671406e-001
 8.0829883e-001
 8.0997038e-001
 8.1149727e-001
 8.1278616e-001
 8.1390995e-001
 8.1497979e-001
 8.1602156e-001
 8.1699151e-001
 8.1788731e-001
 8.1880176e-001
 8.1985277e-001
 8.2106483e-001
 8.2232153e-001
 8.2343769e-001
 8.2429671e-001
 8.2494134e-001
 8.2552886e-001
 8.2619041e-001
 8.2695645e-001
 8.2783991e-001
 8.2893097e-001
 8.3031613e-001
 8.3191067e-001
 8.3345127e-001
 8.3467436e-001
 8.3547252e-001
 8.3592111e-001
 8.3622909e-001
 8.3664465e-001
 8.3730853e-001
 8.3815318e-001
 8.3897936e-001
 8.3965462e-001
 8.4022975e-001
 8.4087062e-001
 8.4168977e-001
 8.4262359e-001
 8.4344852e-001
 8.4393579e-001
 8.4403878e-001
 8.4394330e-001
 8.4390837e-001
 8.4406090e-001
 8.4435719e-001
 8.4468800e-001
 8.4496939e-001
 8.4522820e-001
 8.4571469e-001
 8.4680498e-001
 8.4854209e-001
 8.5031623e-001
 8.5127592e-001
 8.5111040e-001
 8.5027933e-001
 8.4951776e-001
 8.4926671e-001
 8.4952807e-001
 8.5006458e-001
 8.5063738e-001
 8.5107243e-001
 8.5121816e-001
 8.5098809e-001
 8.5048443e-001
 8.5000163e-001
 8.4978211e-001
 8.4980839e-001
 8.4997469e-001
 8.5037768e-001
 8.5118622e-001
 8.5222059e-001
 8.5298926e-001
 8.5324806e-001
 8.5316783e-001
 8.5286760e-001
 8.5224265e-001
 8.5138667e-001
 8.5075974e-001
 8.5071260e-001
 8.5112107e-001
 8.5168731e-001
 8.5233229e-001
 8.5309255e-001
 8.5385495e-001
 8.5438436e-001
 8.5459518e-001
 8.5474509e-001
 8.5522491e-001
 8.5605842e-001
 8.5679418e-001
 8.5696721e-001
 8.5648346e-001
 8.5560250e-001
 8.5472775e-001
 8.5421920e-001
 8.5425884e-001
 8.5478556e-001
 8.5549337e-001
 8.5599113e-001
 8.5597908e-001
 8.5547227e-001
 8.5497326e-001
 8.5505617e-001
 8.5567749e-001
 8.5627967e-001
 8.5665286e-001
 8.5712212e-001
 8.5773426e-001
 8.5796940e-001
 8.5754573e-001
 8.5688800e-001
 8.5652691e-001
 8.5655075e-001
 8.5683960e-001
 8.5736930e-001
 8.5807991e-001
 8.5880250e-001
 8.5951245e-001
 8.6040592e-001
 8.6157417e-001
 8.6278808e-001
 8.6371827e-001
 8.6426431e-001
 8.6458808e-001
 8.6481661e-001
 8.6475170e-001
 8.6407655e-001
 8.6287922e-001
 8.6178792e-001
 8.6152059e-001
 8.6227494e-001
 8.6363029e-001
 8.6486405e-001
 8.6532938e-001
 8.6479080e-001
 8.6357546e-001
 8.6236608e-001
 8.6172801e-001
 8.6176586e-001
 8.6220860e-001
 8.6277735e-001
 8.6344409e-001
 8.6436009e-001
 8.6556649e-001
 8.6679894e-001
 8.6761487e-001
 8.6774975e-001
 8.6735803e-001
 8.6687189e-001
 8.6659437e-001
 8.6642957e-001
 8.6604953e-001
 8.6536473e-001
 8.6481750e-001
 8.6510020e-001
 8.6643457e-001
 8.6812472e-001
 8.6902744e-001
 8.6863881e-001
 8.6772889e-001
 8.6774051e-001
 8.6933357e-001
 8.7153661e-001
 8.7282461e-001
 8.7335593e-001
 8.7410474e-001
 8.7506092e-001
 8.7543577e-001
 8.7476289e-001
 8.7349206e-001
 8.7264150e-001
 8.7275916e-001
 8.7335479e-001
 8.7367773e-001
 8.7369066e-001
 8.7399417e-001
 8.7506664e-001
 8.7659192e-001
 8.7754035e-001
 8.7722832e-001
 8.7613595e-001
 8.7540334e-001
 8.7580502e-001
 8.7723917e-001
 8.7885195e-001
 8.7964886e-001
 8.7925899e-001
 8.7838483e-001
 8.7825465e-001
 8.7903214e-001
 8.7937909e-001
 8.7855530e-001
 8.7780863e-001
 8.7838686e-001
 8.7958312e-001
 8.8011038e-001
 8.8006639e-001
 8.8038957e-001
 8.8131958e-001
 8.8210422e-001
 8.8191015e-001
 8.8096386e-001
 8.8050413e-001
 8.8108301e-001
 8.8163429e-001
 8.8108039e-001
 8.7999612e-001
 8.7950772e-001
 8.8013059e-001
 8.8144588e-001
 8.8266462e-001
 8.8341177e-001
 8.8370776e-001
 8.8382268e-001
 8.8397020e-001
 8.8405514e-001
 8.8372552e-001
 8.8273221e-001
 8.8141292e-001
 8.8066965e-001
 8.8124937e-001
 8.8292325e-001
 8.8452947e-001
 8.8491940e-001
 8.8388628e-001
 8.8217586e-001
 8.8072902e-001
 8.8011199e-001
 8.8046294e-001
 8.8164389e-001
 8.8317126e-001
 8.8426709e-001
 8.8433164e-001
 8.8358480e-001
 8.8294321e-001
 8.8320023e-001
 8.8445896e-001
 8.8604230e-001
 8.8685495e-001
 8.8639224e-001
 8.8494843e-001
 8.8325453e-001
 8.8190818e-001
 8.8109368e-001
 8.8082910e-001
 8.8113266e-001
 8.8198125e-001
 8.8308352e-001
 8.8403940e-001
 8.8444924e-001
 8.8400304e-001
 8.8298720e-001
 8.8192856e-001
 8.8135493e-001
 8.8170117e-001
 8.8278776e-001
 8.8418585e-001
 8.8546592e-001
 8.8624954e-001
 8.8649851e-001
 8.8624686e-001
 8.8568074e-001
 8.8489759e-001
 8.8399601e-001
 8.8307220e-001
 8.8222241e-001
 8.8154310e-001
 8.8112700e-001
 8.8098919e-001
 8.8106734e-001
 8.8129586e-001
 8.8160920e-001
 8.8194180e-001
 8.8222319e-001
 8.8237864e-001
 8.8233304e-001
 8.8201141e-001
 8.8134253e-001
 8.8033503e-001
 8.7907690e-001
 8.7765843e-001
 8.7617117e-001
 8.7470567e-001
 8.7333697e-001
 8.7207866e-001
 8.7092942e-001
 8.6988789e-001
-1.2300000e+034
-1.2300000e+034
 8.6739570e-001
 8.6677140e-001
 8.6624789e-001
 8.6582398e-001
 8.6549824e-001
-1.2300000e+034
-1.2300000e+034
 8.6509663e-001
 8.6514997e-001
 8.6529487e-001
 8.6552966e-001
 8.6585325e-001
 8.6626410e-001
-1.2300000e+034
-1.2300000e+034
 8.6800718e-001
 8.6875373e-001
 8.6958104e-001
 8.7048727e-001
 8.7147146e-001
 8.7253207e-001
 8.7366772e-001
 8.7487733e-001
 8.7614870e-001
 8.7743223e-001
 8.7866819e-001
 8.7979752e-001
 8.8076103e-001
 8.8149941e-001
 8.8195366e-001
 8.8206446e-001
 8.8179320e-001
 8.8117766e-001
 8.8027346e-001
 8.7913573e-001
 8.7781978e-001
 8.7638122e-001
 8.7487525e-001
 8.7335736e-001
 8.7188286e-001
 8.7050718e-001
 8.6928552e-001
 8.6827350e-001
 8.6751068e-001
 8.6698002e-001
 8.6665130e-001
 8.6649466e-001
 8.6648005e-001
 8.6657745e-001
 8.6675680e-001
 8.6698824e-001
 8.6724156e-001
 8.6748677e-001
 8.6769402e-001
 8.6783308e-001
 8.6788321e-001
 8.6785573e-001
 8.6776984e-001
 8.6764419e-001
 8.6749756e-001
 8.6734885e-001
 8.6721694e-001
 8.6712062e-001
 8.6707872e-001
 8.6711007e-001
 8.6723363e-001
 8.6745864e-001
 8.6776173e-001
 8.6811179e-001
 8.6847830e-001
 8.6883014e-001
 8.6913669e-001
 8.6936700e-001
 8.6949039e-001
 8.6947584e-001
 8.6929268e-001
 8.6892283e-001
 8.6839324e-001
 8.6774015e-001
 8.6700034e-001
 8.6620986e-001
 8.6540556e-001
 8.6462355e-001
 8.6390072e-001
 8.6327308e-001
 8.6277741e-001
 8.6243832e-001
 8.6224085e-001
 8.6216128e-001
 8.6217606e-001
 8.6226171e-001
 8.6239433e-001
 8.6255056e-001
 8.6270672e-001
 8.6283922e-001
 8.6292458e-001
 8.6294430e-001
 8.6289841e-001
 8.6279064e-001
 8.6262447e-001
 8.6240387e-001
 8.6213231e-001
 8.6181355e-001
 8.6145139e-001
 8.6104929e-001
 8.6060971e-001
 8.6012989e-001
 8.5960650e-001
 8.5903603e-001
 8.5841471e-001
 8.5773915e-001
 8.5700601e-001
 8.5621142e-001
 8.5535908e-001
 8.5447514e-001
 8.5359097e-001
 8.5273743e-001
 8.5194570e-001
 8.5124701e-001
 8.5067236e-001
 8.5025281e-001
 8.5000193e-001
 8.4987575e-001
 8.4981889e-001
 8.4977573e-001
 8.4969068e-001
 8.4950846e-001
 8.4917325e-001
 8.4862977e-001
 8.4786046e-001
 8.4697074e-001
 8.4609079e-001
 8.4543228e-001
 8.4503311e-001
 8.4504592e-001
 8.4555155e-001
 8.4654850e-001
 8.4796298e-001
 8.4967178e-001
 8.5152757e-001
 8.5337704e-001
 8.5507894e-001
 8.5652995e-001
 8.5768312e-001
 8.5853255e-001
 8.5909009e-001
 8.5937566e-001
 8.5942078e-001
 8.5927832e-001
 8.5902566e-001
 8.5875863e-001
 8.5857987e-001
 8.5858428e-001
 8.5883707e-001
 8.5935056e-001
 8.6007547e-001
 8.6091495e-001
 8.6174965e-001
 8.6246240e-001
 8.6296254e-001
 8.6320525e-001
 8.6319834e-001
 8.6299127e-001
 8.6265624e-001
 8.6226976e-001
 8.6189854e-001
 8.6158991e-001
 8.6136878e-001
 8.6124152e-001
 8.6120278e-001
 8.6124140e-001
 8.6134386e-001
 8.6174577e-001
 8.6184174e-001
 8.6196023e-001
 8.6209381e-001
 8.6223590e-001
 8.6238116e-001
 8.6252624e-001
 8.6266971e-001
 8.6281228e-001
 8.6295652e-001
 8.6310655e-001
 8.6326730e-001
 8.6344361e-001
 8.6363930e-001
 8.6385608e-001
 8.6409324e-001
 8.6434734e-001
 8.6461246e-001
 8.6488086e-001
 8.6514372e-001
 8.6539245e-001
 8.6561912e-001
 8.6581743e-001
 8.6598241e-001
 8.6611062e-001
 8.6620009e-001
 8.6625004e-001
 8.6626107e-001
 8.6623555e-001
 8.6617827e-001
 8.6609697e-001
 8.6600316e-001
 8.6591208e-001
 8.6584216e-001
 8.6581320e-001
 8.6584365e-001
 8.6594784e-001
 8.6613226e-001
 8.6639386e-001
 8.6671913e-001
 8.6708575e-001
 8.6746562e-001
 8.6782885e-001
 8.6814880e-001
 8.6840504e-001
 8.6858624e-001
 8.6869013e-001
 8.6872262e-001
 8.6869556e-001
 8.6862415e-001
 8.6852455e-001
 8.6841196e-001
 8.6830026e-001
 8.6820126e-001
 8.6812550e-001
 8.6808211e-001
 8.6807901e-001
 8.6812258e-001
 8.6821693e-001
 8.6836302e-001
 8.6855817e-001
 8.6879563e-001
 8.6906493e-001
 8.6935312e-001
 8.6964613e-001
 8.6993092e-001
 8.7019747e-001
 8.7043977e-001
 8.7065709e-001
 8.7085295e-001
 8.7103385e-001
 8.7120688e-001
 8.7137747e-001
 8.7154710e-001
 8.7171239e-001
 8.7186521e-001
 8.7199438e-001
 8.7208819e-001
 8.7213773e-001
 8.7213975e-001
 8.7209886e-001
 8.7202799e-001
 8.7194747e-001
 8.7188220e-001
 8.7185794e-001
 8.7189662e-001
 8.7201244e-001
 8.7220877e-001
 8.7247729e-001
 8.7279910e-001
 8.7314802e-001
 8.7349528e-001
 8.7381417e-001
 8.7408477e-001
 8.7429661e-001
 8.7444872e-001
 8.7454826e-001
 8.7460756e-001
 8.7464017e-001
 8.7465805e-001
 8.7466967e-001
 8.7467963e-001
 8.7468994e-001
 8.7470162e-001
 8.7471658e-001
 8.7473881e-001
 8.7477410e-001
 8.7482959e-001
 8.7491149e-001
 8.7502378e-001
 8.7516659e-001
 8.7533557e-001
 8.7552214e-001
 8.7571466e-001
 8.7589991e-001
 8.7606490e-001
 8.7619853e-001
 8.7629265e-001
 8.7634289e-001
 8.7634885e-001
 8.7631392e-001
 8.7624460e-001
 8.7615013e-001
 8.7604147e-001
 8.7593085e-001
 8.7583083e-001
 8.7575370e-001
 8.7571055e-001
 8.7571061e-001
 8.7576002e-001
 8.7586147e-001
 8.7601334e-001
 8.7621015e-001
 8.7644261e-001
 8.7669957e-001
 8.7696886e-001
 8.7723964e-001
 8.7750334e-001
 8.7775439e-001
 8.7798971e-001
 8.7820727e-001
 8.7840408e-001
 8.7857461e-001
 8.7870914e-001
 8.7879467e-001
 8.7881643e-001
 8.7876076e-001
 8.7861902e-001
 8.7839037e-001
 8.7808383e-001
 8.7771803e-001
 8.7731898e-001
 8.7691665e-001
 8.7654024e-001
 8.7621409e-001
 8.7595457e-001
 8.7576872e-001
 8.7565452e-001
 8.7560326e-001
 8.7560213e-001
 8.7563795e-001
 8.7569964e-001
 8.7578040e-001
 8.7587792e-001
 8.7599397e-001
 8.7613249e-001
 8.7629730e-001
 8.7648970e-001
 8.7670696e-001
 8.7694156e-001
 8.7718207e-001
 8.7741435e-001
 8.7762439e-001
 8.7780094e-001
 8.7793732e-001
 8.7803304e-001
 8.7809384e-001
 8.7813061e-001
 8.7815732e-001
 8.7818891e-001
 8.7823832e-001
 8.7831509e-001
 8.7842381e-001
 8.7856406e-001
 8.7873131e-001
 8.7891835e-001
 8.7911689e-001
 8.7931931e-001
 8.7951958e-001
 8.7971318e-001
 8.7989682e-001
 8.8006687e-001
 8.8021839e-001
 8.8034439e-001
 8.8043582e-001
 8.8048279e-001
 8.8047671e-001
 8.8041246e-001
 8.8028997e-001
 8.8011539e-001
 8.7990046e-001
 8.7966031e-001
 8.7941122e-001
 8.7916708e-001
 8.7893736e-001
 8.7872535e-001
 8.7852842e-001
 8.7833911e-001
 8.7814742e-001
 8.7794310e-001
 8.7771761e-001
 8.7746561e-001
 8.7718523e-001
 8.7687749e-001
 8.7654489e-001
 8.7619013e-001
 8.7581432e-001
 8.7541592e-001
 8.7499046e-001
 8.7453026e-001
 8.7402552e-001
 8.7346548e-001
 8.7284011e-001
 8.7214136e-001
 8.7136430e-001
 8.7050861e-001
 8.6957800e-001
 8.6858147e-001
 8.6753261e-001
 8.6644876e-001
 8.6535192e-001
 8.6426687e-001
 8.6322182e-001
 8.6224687e-001
 8.6137253e-001
 8.6062884e-001
 8.6004221e-001
 8.5963398e-001
 8.5941720e-001
 8.5939485e-001
 8.5955840e-001
 8.5988736e-001
 8.6035019e-001
 8.6090678e-001
 8.6151230e-001
 8.6212140e-001
 8.6269337e-001
 8.6319679e-001
 8.6361271e-001
 8.6393642e-001
 8.6417687e-001
 8.6435419e-001
 8.6449558e-001
 8.6462986e-001
 8.6478257e-001
 8.6497098e-001
 8.6520147e-001
 8.6546850e-001
 8.6575574e-001
 8.6603922e-001
 8.6629188e-001
 8.6648810e-001
 8.6660856e-001
 8.6664253e-001
 8.6658925e-001
 8.6645645e-001
 8.6625749e-001
 8.6600733e-001
 8.6571842e-001
 8.6539769e-001
 8.6504447e-001
 8.6465114e-001
 8.6420387e-001
 8.6368555e-001
 8.6307806e-001
 8.6236411e-001
 8.6152881e-001
 8.6055988e-001
 8.5944837e-001
 8.5818845e-001
 8.5677737e-001
 8.5521704e-001
 8.5351396e-001
 8.5168099e-001
 8.4973711e-001
 8.4770644e-001
 8.4561807e-001
 8.4350240e-001
 8.4138989e-001
 8.3930784e-001
 8.3727765e-001
 8.3531487e-001
 8.3342803e-001
 8.3161855e-001
 8.2988352e-001
 8.2821566e-001
 8.2660669e-001
 8.2504851e-001
 8.2353395e-001
 8.2205927e-001
 8.2062274e-001
 8.1922621e-001
 8.1787360e-001
 8.1656963e-001
 8.1532001e-001
 8.1412876e-001
 8.1299841e-001
 8.1192869e-001
 8.1091577e-001
 8.0995291e-001
 8.0903012e-001
 8.0813551e-001
 8.0725616e-001
 8.0637902e-001
 8.0549288e-001
 8.0458915e-001
 8.0366254e-001
 8.0271202e-001
 8.0173981e-001
 8.0075133e-001
 7.9975379e-001
 7.9875457e-001
 7.9776108e-001
 7.9677874e-001
 7.9581207e-001
 7.9486477e-001
 7.9394013e-001
 7.9304284e-001
 7.9217851e-001
 7.9135418e-001
 7.9057682e-001
 7.8985131e-001
 7.8917867e-001
 7.8855348e-001
 7.8796250e-001
 7.8738397e-001
 7.8678793e-001
 7.8613752e-001
 7.8539139e-001
 7.8450513e-001
 7.8343475e-001
 7.8213805e-001
 7.8057784e-001
 7.7872473e-001
 7.7655870e-001
 7.7407420e-001
 7.7128053e-001
 7.6820600e-001
 7.6489747e-001
 7.6141787e-001
 7.5784516e-001
 7.5426346e-001
 7.5075895e-001
 7.4741060e-001
 7.4428171e-001
 7.4141687e-001
 7.3883462e-001
 7.3652834e-001
 7.3446631e-001
 7.3259360e-001
 7.3083872e-001
 7.2911727e-001
 7.2733968e-001
 7.2541600e-001
 7.2326046e-001
 7.2079659e-001
 7.1795911e-001
 7.1469426e-001
 7.1096224e-001
 7.0673347e-001
 7.0199084e-001
 6.9672781e-001
 6.9094592e-001
 6.8466038e-001
 6.7789567e-001
 6.7069304e-001
 6.6310990e-001
 6.5521818e-001
 6.4711034e-001
 6.3888907e-001
 6.3066971e-001
 6.2257165e-001
 6.1470890e-001
 6.0719121e-001
 6.0011214e-001
 5.9355366e-001
 5.8758307e-001
 5.8225214e-001
 5.7760346e-001
 5.7366896e-001
 5.7046819e-001
 5.6800950e-001
 5.6628311e-001
 5.6525856e-001
 5.6487894e-001
 5.6505752e-001
 5.6567621e-001
 5.6658685e-001
 5.6761491e-001
 5.6856763e-001
 5.6924713e-001
 5.6946641e-001
 5.6907123e-001
 5.6796455e-001
 5.6613195e-001
 5.6366247e-001
 5.6076366e-001
 5.5775911e-001
 5.5507272e-001
 5.5319095e-001
 5.5260968e-001
 5.5377346e-001
 5.5701423e-001
 5.6250143e-001
 5.7021308e-001
 5.7993901e-001
 5.9130096e-001
 6.0380340e-001
 6.1689937e-001
 6.3004369e-001
 6.4275932e-001
 6.5466613e-001
 6.6550535e-001
 6.7514503e-001
 6.8355751e-001
 6.9080526e-001
 6.9700599e-001
 7.0230979e-001
 7.0687765e-001
 7.1086097e-001
 7.1439582e-001
 7.1759486e-001
 7.2054893e-001
 7.2332931e-001
 7.2598875e-001
 7.2856593e-001
 7.3108554e-001
 7.3355991e-001
 7.3599106e-001
 7.3837024e-001
 7.4068141e-001
 7.4290508e-001
 7.4502027e-001
 7.4701041e-001
 7.4886453e-001
 7.5057948e-001
 7.5216043e-001
 7.5361830e-001
 7.5496870e-001
 7.5622839e-001
 7.5741380e-001
 7.5853986e-001
 7.5961876e-001
 7.6066124e-001
 7.6167661e-001
 7.6267332e-001
 7.6366049e-001
 7.6464677e-001
 7.6564127e-001
 7.6665223e-001
 7.6768655e-001
 7.6874983e-001
 7.6984471e-001
 7.7097094e-001
 7.7212524e-001
 7.7330029e-001
 7.7448612e-001
 7.7566940e-001
 7.7683502e-001
 7.7796799e-001
 7.7905416e-001
 7.8008330e-001
 7.8104925e-001
 7.8195167e-001
 7.8279585e-001
 7.8359091e-001
 7.8434908e-001
 7.8508270e-001
 7.8580266e-001
 7.8651750e-001
 7.8723234e-001
 7.8794998e-001
 7.8867155e-001
 7.8939760e-001
 7.9012960e-001
 7.9086912e-001
 7.9161823e-001
 7.9237777e-001
 7.9314685e-001
 7.9392195e-001
 7.9469681e-001
 7.9546297e-001
 7.9621148e-001
 7.9693383e-001
 7.9762411e-001
 7.9827905e-001
 7.9889888e-001
 7.9948711e-001
 8.0004919e-001
 8.0059224e-001
 8.0112380e-001
 8.0165100e-001
 8.0218083e-001
 8.0271882e-001
 8.0326974e-001
 8.0383682e-001
 8.0442160e-001
 8.0502409e-001
 8.0564231e-001
 8.0627334e-001
 8.0691314e-001
 8.0755806e-001
 8.0820543e-001
 8.0885357e-001
 8.0950218e-001
 8.1015211e-001
 8.1080365e-001
 8.1145656e-001
 8.1210864e-001
 8.1275594e-001
 8.1339395e-001
 8.1401783e-001
 8.1462389e-001
 8.1520969e-001
 8.1577379e-001
 8.1631559e-001
 8.1683379e-001
 8.1732506e-001
 8.1778228e-001
 8.1819373e-001
 8.1854391e-001
 8.1881607e-001
 8.1899750e-001
 8.1908494e-001
 8.1908989e-001
 8.1903958e-001
 8.1897342e-001
 8.1893581e-001
 8.1896859e-001
 8.1910342e-001
 8.1935734e-001
 8.1973070e-001
 8.2020718e-001
 8.2075703e-001
 8.2134217e-001
 8.2192302e-001
 8.2246423e-001
 8.2294017e-001
 8.2333773e-001
 8.2365626e-001
 8.2390654e-001
 8.2410711e-001
 8.2428044e-001
 8.2444900e-001
 8.2463151e-001
 8.2484156e-001
 8.2508624e-001
 8.2536662e-001
 8.2567859e-001
 8.2601345e-001
 8.2635939e-001
 8.2670236e-001
 8.2702827e-001
 8.2732475e-001
 8.2758236e-001
 8.2779622e-001
 8.2796645e-001
 8.2809752e-001
 8.2819736e-001
 8.2827592e-001
 8.2834315e-001
 8.2840794e-001
 8.2847691e-001
 8.2855451e-001
 8.2864362e-001
 8.2874650e-001
 8.2886541e-001
 8.2900327e-001
 8.2916397e-001
 8.2935178e-001
 8.2957059e-001
 8.2982296e-001
 8.3010834e-001
 8.3042216e-001
 8.3075494e-001
 8.3109218e-001
 8.3141571e-001
 8.3170515e-001
 8.3194071e-001
 8.3210611e-001
 8.3219099e-001
 8.3219314e-001
 8.3211905e-001
 8.3198351e-001
 8.3180791e-001
 8.3161706e-001
 8.3143580e-001
 8.3128566e-001
 8.3118176e-001
 8.3113104e-001
 8.3113205e-001
 8.3117604e-001
 8.3124882e-001
 8.3133388e-001
 8.3141536e-001
 8.3148056e-001
 8.3152187e-001
 8.3153719e-001
 8.3152992e-001
 8.3150768e-001
 8.3148026e-001
 8.3145773e-001
 8.3144879e-001
 8.3145916e-001
 8.3149117e-001
 8.3154333e-001
 8.3161116e-001
 8.3168793e-001
 8.3176577e-001
 8.3183676e-001
 8.3189374e-001
 8.3193129e-001
 8.3194590e-001
 8.3193630e-001
 8.3190352e-001
 8.3185083e-001
 8.3178312e-001
 8.3170664e-001
 8.3162826e-001
 8.3155447e-001
 8.3149076e-001
 8.3144021e-001
 8.3140337e-001
 8.3137757e-001
 8.3135718e-001
 8.3133459e-001
 8.3130157e-001
 8.3125120e-001
 8.3117968e-001
 8.3108819e-001
 8.3098382e-001
 8.3087939e-001
 8.3079225e-001
 8.3074164e-001
 8.3074504e-001
 8.3081460e-001
 8.3095366e-001
 8.3115435e-001
 8.3139694e-001
 8.3165121e-001
 8.3187997e-001
 8.3204383e-001
 8.3210748e-001
 8.3204561e-001
 8.3184767e-001
 8.3152050e-001
 8.3108711e-001
 8.3058262e-001
 8.3004916e-001
 8.2952964e-001
 8.2906204e-001
 8.2867515e-001
 8.2838583e-001
 8.2819778e-001
 8.2810122e-001
 8.2807469e-001
 8.2808858e-001
 8.2810950e-001
 8.2810581e-001
 8.2805151e-001
 8.2793021e-001
 8.2773620e-001
 8.2747436e-001
 8.2715839e-001
 8.2680827e-001
 8.2644713e-001
 8.2609880e-001
 8.2578492e-001
 8.2552367e-001
 8.2532895e-001
 8.2520920e-001
 8.2516748e-001
 8.2520062e-001
 8.2529920e-001
 8.2544768e-001
 8.2562506e-001
 8.2580560e-001
 8.2596081e-001
 8.2606190e-001
 8.2608247e-001
 8.2600147e-001
 8.2580560e-001
 8.2549101e-001
 8.2506382e-001
 8.2453942e-001
 8.2394052e-001
 8.2329416e-001
 8.2262886e-001
 8.2197100e-001
 8.2134241e-001
 8.2075840e-001
 8.2022643e-001
 8.1974691e-001
 8.1931365e-001
 8.1891584e-001
 8.1854016e-001
 8.1817251e-001
 8.1780034e-001
 8.1741333e-001
 8.1700468e-001
 8.1657070e-001
 8.1611067e-001
 8.1562591e-001
 8.1511879e-001
 8.1459147e-001
 8.1404555e-001
 8.1348091e-001
 8.1289613e-001
 8.1228846e-001
 8.1165451e-001
 8.1099153e-001
 8.1029832e-001
 8.0957681e-001
 8.0883282e-001
 8.0807632e-001
 8.0732197e-001
 8.0658722e-001
 8.0589157e-001
 8.0525362e-001
 8.0468839e-001
 8.0420482e-001
 8.0380344e-001
 8.0347508e-001
 8.0320084e-001
 8.0295324e-001
 8.0269897e-001
 8.0240273e-001
 8.0203152e-001
 8.0155903e-001
 8.0096924e-001
 8.0025899e-001
 7.9943860e-001
 7.9853082e-001
 7.9756814e-001
 7.9658836e-001
 7.9563046e-001
 7.9472911e-001
 7.9391074e-001
 7.9319102e-001
 7.9257298e-001
 7.9204798e-001
 7.9159737e-001
 7.9119545e-001
 7.9081339e-001
 7.9042250e-001
 7.8999782e-001
 7.8952014e-001
 7.8897709e-001
 7.8836352e-001
 7.8768063e-001
 7.8693426e-001
 7.8613353e-001
 7.8528821e-001
 7.8440791e-001
 7.8350061e-001
 7.8257155e-001
 7.8162402e-001
 7.8065890e-001
 7.7967602e-001
 7.7867502e-001
 7.7765536e-001
 7.7661860e-001
 7.7556717e-001
 7.7450603e-001
 7.7344185e-001
 7.7238202e-001
 7.7133483e-001
 7.7030718e-001
 7.6930457e-001
 7.6832962e-001
 7.6738095e-001
 7.6645422e-001
 7.6554191e-001
 7.6463485e-001
 7.6372355e-001
 7.6279885e-001
 7.6185375e-001
 7.6088339e-001
 7.5988615e-001
 7.5886363e-001
 7.5782049e-001
 7.5676519e-001
 7.5570881e-001
 7.5466383e-001
 7.5364345e-001
 7.5265878e-001
 7.5171781e-001
 7.5082350e-001
 7.4997276e-001
 7.4915737e-001
 7.4836433e-001
 7.4759746e-001
 7.4681687e-001
 7.4600536e-001
 7.4515140e-001
 7.4425191e-001
 7.4331510e-001
 7.4235916e-001
 7.4140871e-001
 7.4049258e-001
 7.3964018e-001
 7.3888046e-001
 7.3823982e-001
 7.3773921e-001
 7.3739189e-001
 7.3720163e-001
 7.3716182e-001
 7.3725635e-001
 7.3746234e-001
 7.3775220e-001
 7.3809648e-001
 7.3846513e-001
 7.3882908e-001
 7.3916197e-001
 7.3944217e-001
 7.3965448e-001
 7.3979121e-001
 7.3985142e-001
 7.3983896e-001
 7.3976064e-001
 7.3962474e-001
 7.3943996e-001
 7.3921514e-001
 7.3895866e-001
 7.3867863e-001
 7.3838240e-001
 7.3807639e-001
 7.3776656e-001
 7.3745835e-001
 7.3715669e-001
 7.3686659e-001
 7.3659271e-001
 7.3633939e-001
 7.3611051e-001
 7.3590863e-001
 7.3573512e-001
 7.3558968e-001
 7.3547071e-001
 7.3537534e-001
 7.3530024e-001
 7.3524141e-001
 7.3519385e-001
 7.3515058e-001
 7.3510057e-001
 7.3502582e-001
 7.3489928e-001
 7.3468357e-001
 7.3433214e-001
 7.3379177e-001
 7.3300505e-001
 7.3191357e-001
 7.3045987e-001
 7.2859168e-001
 7.2626746e-001
 7.2346252e-001
 7.2017676e-001
 7.1643698e-001
 7.1229219e-001
 7.0781118e-001
 7.0307100e-001
 6.9815499e-001
 6.9314712e-001
 6.8812609e-001
 6.8316483e-001
 6.7832041e-001
 6.7363298e-001
 6.6912204e-001
 6.6478676e-001
 6.6061497e-001
 6.5658385e-001
 6.5266830e-001
 6.4884132e-001
 6.4507377e-001
 6.4133793e-001
 6.3760340e-001
 6.3384032e-001
 6.3001782e-001
 6.2610275e-001
 6.2206262e-001
 6.1786479e-001
 6.1347550e-001
 6.0886490e-001
 6.0400546e-001
 5.9888053e-001
 5.9348929e-001
 5.8785003e-001
 5.8200681e-001
 5.7602215e-001
 5.6997603e-001
 5.6395781e-001
 5.5805868e-001
 5.5237299e-001
 5.4698884e-001
 5.4198837e-001
 5.3744036e-001
 5.3339344e-001
 5.2987820e-001
 5.2690512e-001
 5.2447242e-001
 5.2256995e-001
 5.2118289e-001
 5.2029485e-001
 5.1988751e-001
 5.1994014e-001
 5.2042782e-001
 5.2132046e-001
 5.2258182e-001
 5.2416992e-001
 5.2603960e-001
 5.2814239e-001
 5.3042978e-001
 5.3285253e-001
 5.3536236e-001
 5.3791440e-001
 5.4046655e-001
 5.4298359e-001
 5.4543555e-001
 5.4779804e-001
 5.5005163e-001
 5.5217826e-001
 5.5416250e-001
 5.5598921e-001
 5.5764526e-001
 5.5912179e-001
 5.6041503e-001
 5.6153011e-001
 5.6248033e-001
 5.6328726e-001
 5.6397873e-001
 5.6458575e-001
 5.6514078e-001
 5.6567669e-001
 5.6622458e-001
 5.6681275e-001
 5.6746352e-001
 5.6819201e-001
 5.6900525e-001
 5.6990236e-001
 5.7087749e-001
 5.7192117e-001
 5.7302219e-001
 5.7416904e-001
 5.7534963e-001
 5.7655215e-001
 5.7776445e-001
 5.7897407e-001
 5.8016914e-001
 5.8133703e-001
 5.8246553e-001
 5.8354223e-001
 5.8455467e-001
 5.8549166e-001
 5.8634281e-001
 5.8710092e-001
 5.8776420e-001
 5.8833718e-001
 5.8883232e-001
 5.8926862e-001
 5.8967030e-001
 5.9006441e-001
 5.9047920e-001
 5.9094286e-001
 5.9148133e-001
 5.9211630e-001
 5.9286249e-001
 5.9372437e-001
 5.9469587e-001
 5.9576076e-001
 5.9689558e-001
 5.9807289e-001
 5.9926289e-001
 6.0043585e-001
 6.0156286e-001
 6.0261816e-001
 6.0358095e-001
 6.0443693e-001
 6.0517967e-001
 6.0580897e-001
 6.0632980e-001
 6.0675025e-001
 6.0707974e-001
 6.0732830e-001
 6.0750645e-001
 6.0762495e-001
 6.0769504e-001
 6.0772878e-001
 6.0773885e-001
 6.0773861e-001
 6.0774207e-001
 6.0776323e-001
 6.0781628e-001
 6.0791516e-001
 6.0807264e-001
 6.0829967e-001
 6.0860384e-001
 6.0898811e-001
 6.0945070e-001
 6.0998523e-001
 6.1058223e-001
 6.1122966e-001
 6.1191517e-001
 6.1262614e-001
 6.1334944e-001
 6.1407340e-001
 6.1478734e-001
 6.1548156e-001
 6.1614877e-001
 6.1678290e-001
 6.1737925e-001
 6.1793333e-001
 6.1844152e-001
 6.1890042e-001
 6.1930650e-001
 6.1965740e-001
 6.1995137e-001
 6.2018794e-001
 6.2036824e-001
 6.2049466e-001
 6.2057042e-001
 6.2059939e-001
 6.2058580e-001
 6.2053382e-001
 6.2044775e-001
 6.2033176e-001
 6.2018996e-001
 6.2002635e-001
 6.1984479e-001
 6.1964887e-001
 6.1944228e-001
 6.1922842e-001
 6.1901075e-001
 6.1879230e-001
 6.1857557e-001
 6.1836171e-001
 6.1814958e-001
 6.1793524e-001
 6.1771119e-001
 6.1746699e-001
 6.1719030e-001
 6.1686713e-001
 6.1648309e-001
 6.1602432e-001
 6.1547774e-001
 6.1483318e-001
 6.1408436e-001
 6.1323160e-001
 6.1228114e-001
 6.1124486e-001
 6.1013991e-001
 6.0898513e-001
 6.0780048e-001
 6.0660678e-001
 6.0542279e-001
 6.0426509e-001
 6.0314554e-001
 6.0207093e-001
 6.0104072e-001
 6.0004836e-001
 5.9908378e-001
 5.9813356e-001
 5.9718311e-001
 5.9621841e-001
 5.9522581e-001
 5.9419399e-001
 5.9311503e-001
 5.9198678e-001
 5.9081179e-001
 5.8959770e-001
 5.8835655e-001
 5.8710188e-001
 5.8584791e-001
 5.8460993e-001
 5.8340108e-001
 5.8223230e-001
 5.8111107e-001
 5.8003885e-001
 5.7901090e-001
 5.7801706e-001
 5.7704359e-001
 5.7607365e-001
 5.7508951e-001
 5.7407379e-001
 5.7300949e-001
 5.7188147e-001
 5.7067871e-001
 5.6939405e-001
 5.6802571e-001
 5.6657606e-001
 5.6505191e-001
 5.6346112e-001
 5.6181246e-001
 5.6011641e-001
 5.5838269e-001
 5.5662143e-001
 5.5484474e-001
 5.5306464e-001
 5.5129421e-001
 5.4954880e-001
 5.4784340e-001
 5.4619366e-001
 5.4461485e-001
 5.4312253e-001
 5.4172891e-001
 5.4044169e-001
 5.3926194e-001
 5.3817940e-001
 5.3717238e-001
 5.3620970e-001
 5.3525180e-001
 5.3425479e-001
 5.3317249e-001
 5.3195930e-001
 5.3057009e-001
 5.2896267e-001
 5.2710158e-001
 5.2495736e-001
 5.2250838e-001
 5.1974231e-001
 5.1665020e-001
 5.1322633e-001
 5.0946915e-001
 5.0537574e-001
 5.0094575e-001
 4.9618021e-001
 4.9108818e-001
 4.8568147e-001
 4.7997835e-001
 4.7400728e-001
 4.6779722e-001
 4.6137956e-001
 4.5479175e-001
 4.4806749e-001
 4.4124258e-001
 4.3435237e-001
 4.2743897e-001
 4.2054206e-001
 4.1370410e-001
 4.0697488e-001
 4.0040106e-001
 3.9403048e-001
 3.8791588e-001
 3.8210461e-001
 3.7664223e-001
 3.7157375e-001
 3.6693287e-001
 3.6274448e-001
 3.5902166e-001
 3.5576993e-001
 3.5298482e-001
 3.5065758e-001
 3.4877869e-001
 3.4733498e-001
 3.4631079e-001
 3.4568599e-001
 3.4543091e-001
 3.4550455e-001
 3.4585309e-001
 3.4641063e-001
 3.4710303e-001
 3.4785119e-001
 3.4857351e-001
 3.4918982e-001
 3.4962413e-001
 3.4980965e-001
 3.4969562e-001
 3.4925249e-001
 3.4847468e-001
 3.4737784e-001
 3.4599334e-001
 3.4436148e-001
 3.4252796e-001
 3.4053719e-001
 3.3842963e-001
 3.3623812e-001
 3.3397868e-001
 3.3164638e-001
 3.2921484e-001
 3.2663524e-001
 3.2384399e-001
 3.2076788e-001
 3.1733298e-001
 3.1346616e-001
 3.0910534e-001
 3.0421585e-001
 2.9880059e-001
 2.9291707e-001
 2.8668800e-001
 2.8028706e-001
 2.7392969e-001
 2.6785386e-001
 2.6231194e-001
 2.5755075e-001
 2.5380453e-001
 2.5128010e-001
 2.5013113e-001
 2.5044411e-001
 2.5222954e-001
 2.5542957e-001
 2.5993717e-001
 2.6561165e-001
 2.7230078e-001
 2.7984613e-001
 2.8809124e-001
 2.9687676e-001
 3.0605528e-001
 3.1548804e-001
 3.2503897e-001
 3.3458695e-001
 3.4401709e-001
 3.5321167e-001
 3.6206251e-001
 3.7046248e-001
 3.7831286e-001
 3.8552269e-001
 3.9202857e-001
 3.9779618e-001
 4.0281996e-001
 4.0712824e-001
 4.1077054e-001
 4.1380700e-001
 4.1630667e-001
 4.1833982e-001
 4.1997427e-001
 4.2127559e-001
 4.2230222e-001
 4.2310381e-001
 4.2371956e-001
 4.2418033e-001
 4.2451012e-001
 4.2472878e-001
 4.2485437e-001
 4.2490387e-001
 4.2489341e-001
 4.2483801e-001
 4.2475072e-001
 4.2464218e-001
 4.2452019e-001
 4.2439014e-001
 4.2425537e-001
 4.2411831e-001
 4.2398059e-001
 4.2384350e-001
 4.2370763e-001
 4.2357239e-001
 4.2343518e-001
 4.2329082e-001
 4.2313114e-001
 4.2294526e-001
 4.2272037e-001
 4.2244264e-001
 4.2209762e-001
 4.2167103e-001
 4.2114970e-001
 4.2052221e-001
 4.1978034e-001
 4.1892087e-001
 4.1794506e-001
 4.1685882e-001
 4.1567105e-001
 4.1439351e-001
 4.1303805e-001
 4.1161662e-001
 4.1014194e-001
 4.0862480e-001
 4.0707442e-001
 4.0549916e-001
 4.0390396e-001
 4.0229172e-001
 4.0066499e-001
 3.9902422e-001
 3.9736989e-001
 3.9570186e-001
 3.9402139e-001
 3.9232877e-001
 3.9062476e-001
 3.8891202e-001
 3.8719273e-001
 3.8546976e-001
 3.8374770e-001
 3.8203016e-001
 3.8032126e-001
 3.7862462e-001
 3.7694457e-001
 3.7528336e-001
 3.7364164e-001
 3.7201914e-001
 3.7041208e-001
 3.6881456e-001
 3.6722028e-001
 3.6562094e-001
 3.6400786e-001
 3.6237395e-001
 3.6071226e-001
 3.5901895e-001
 3.5729441e-001
 3.5554644e-001
 3.5378858e-001
 3.5204053e-001
 3.5032791e-001
 3.4867772e-001
 3.4711811e-001
 3.4567806e-001
 3.4438348e-001
 3.4325635e-001
 3.4231141e-001
 3.4155419e-001
 3.4097892e-001
 3.4057021e-001
 3.4030578e-001
 3.4015885e-001
 3.4010065e-001
 3.4010202e-001
 3.4013429e-001
 3.4017056e-001
 3.4018689e-001
 3.4016326e-001
 3.4008414e-001
 3.3993793e-001
 3.3971614e-001
 3.3941194e-001
 3.3901939e-001
 3.3853340e-001
 3.3794925e-001
 3.3726338e-001
 3.3647451e-001
 3.3558354e-001
 3.3459425e-001
 3.3351284e-001
 3.3234802e-001
 3.3110896e-001
 3.2980537e-001
 3.2844818e-001
 3.2704788e-001
 3.2561564e-001
 3.2416487e-001
 3.2270950e-001
 3.2126567e-001
 3.1985080e-001
 3.1848466e-001
 3.1718659e-001
 3.1597617e-001
 3.1487307e-001
 3.1389374e-001
 3.1304979e-001
 3.1234512e-001
 3.1177160e-001
 3.1130844e-001
 3.1092426e-001
 3.1057975e-001
 3.1023145e-001
 3.0983451e-001
 3.0934522e-001
 3.0872300e-001
 3.0793384e-001
 3.0695483e-001
 3.0577633e-001
 3.0440384e-001
 3.0285838e-001
 3.0117115e-001
 2.9938066e-001
 2.9752827e-001
 2.9565743e-001
 2.9380974e-001
 2.9202592e-001
 2.9034671e-001
 2.8886011e-001
 2.8784135e-001
 2.8668219e-001
 2.8569070e-001
 2.8485754e-001
 2.8417388e-001
 2.8363073e-001
 2.8321931e-001
 2.8293064e-001
 2.8275576e-001
 2.8268576e-001
 2.8271154e-001
 2.8282216e-001
 2.8300580e-001
 2.8325057e-001
 2.8354460e-001
 2.8387591e-001
 2.8423268e-001
 2.8460297e-001
 2.8497502e-001
 2.8533676e-001
 2.8567642e-001
 2.8598207e-001
 2.8624192e-001
 2.8644386e-001
 2.8657711e-001
 2.8663865e-001
 2.8662983e-001
 2.8655204e-001
 2.8640679e-001
 2.8619543e-001
 2.8591943e-001
 2.8558010e-001
 2.8517905e-001
 2.8471753e-001
 2.8419706e-001
 2.8361887e-001
 2.8298467e-001
 2.8229573e-001
 2.8155348e-001
 2.8075936e-001
 2.7991453e-001
 2.7902088e-001
 2.7807969e-001
 2.7709371e-001
 2.7606595e-001
 2.7500024e-001
 2.7389961e-001
 2.7276736e-001
 2.7160656e-001
 2.7042100e-001
 2.6921374e-001
 2.6798812e-001
 2.6674736e-001
 2.6549456e-001
 2.6423347e-001
 2.6296726e-001
 2.6169914e-001
 2.6043218e-001
 2.5917017e-001
 2.5791621e-001
 2.5667360e-001
 2.5544527e-001
 2.5423515e-001
 2.5304630e-001
 2.5188166e-001
 2.5074148e-001
 2.4962546e-001
 2.4853249e-001
 2.4746175e-001
 2.4641246e-001
 2.4538344e-001
 2.4437445e-001
 2.4338438e-001
 2.4241240e-001
 2.4145748e-001
 2.4051923e-001
 2.3959656e-001
 2.3868868e-001
 2.3779456e-001
 2.3691377e-001
 2.3604527e-001
 2.3518828e-001
 2.3434189e-001
 2.3350513e-001
 2.3267755e-001
 2.3185813e-001
 2.3104605e-001
 2.3024029e-001
 2.2944039e-001
 2.2864534e-001
 2.2785436e-001
 2.2706710e-001
 2.2628403e-001
 2.2550502e-001
 2.2473022e-001
 2.2395968e-001
 2.2319330e-001
 2.2243159e-001
 2.2167443e-001
 2.2092189e-001
 2.2017394e-001
 2.1943100e-001
 2.1869299e-001
 2.1795996e-001
 2.1723190e-001
 2.1650924e-001
 2.1579187e-001
 2.1507987e-001
 2.1437322e-001
 2.1367233e-001
 2.1297711e-001
 2.1228765e-001
 2.1160404e-001
 2.1092626e-001
 2.1025467e-001
 2.0958923e-001
 2.0893005e-001
 2.0827702e-001
 2.0763057e-001
 2.0699067e-001
 2.0635734e-001
 2.0573026e-001
 2.0510945e-001
 2.0449445e-001
