s07_ASD Record=13604: Kaolin_Smect KLF508 .85Kaol   BECKb AREF
 8.7019734e-002
 8.8489860e-002
 8.9995071e-002
 9.1532789e-002
 9.3094356e-002
 9.4665855e-002
 9.6234024e-002
 9.7791649e-002
 9.9339999e-002
 1.0088587e-001
 1.0243672e-001
 1.0399602e-001
 1.0556176e-001
 1.0712623e-001
 1.0867763e-001
 1.1020497e-001
 1.1170244e-001
 1.1317021e-001
 1.1461104e-001
 1.1602671e-001
 1.1741540e-001
 1.1877208e-001
 1.2009215e-001
 1.2137491e-001
 1.2262601e-001
 1.2385745e-001
 1.2508564e-001
 1.2632483e-001
 1.2758037e-001
 1.2884755e-001
 1.3011439e-001
 1.3136692e-001
 1.3259205e-001
 1.3377807e-001
 1.3491659e-001
 1.3600655e-001
 1.3705374e-001
 1.3806781e-001
 1.3906012e-001
 1.4004089e-001
 1.4101727e-001
 1.4199267e-001
 1.4296710e-001
 1.4393853e-001
 1.4490360e-001
 1.4585847e-001
 1.4679797e-001
 1.4771491e-001
 1.4859985e-001
 1.4944375e-001
 1.5024222e-001
 1.5099896e-001
 1.5172516e-001
 1.5243432e-001
 1.5313615e-001
 1.5383376e-001
 1.5452616e-001
 1.5521294e-001
 1.5589595e-001
 1.5657778e-001
 1.5725534e-001
 1.5791976e-001
 1.5856439e-001
 1.5918019e-001
 1.5975595e-001
 1.6029546e-001
 1.6081396e-001
 1.6132672e-001
 1.6184506e-001
 1.6237371e-001
 1.6290924e-001
 1.6344310e-001
 1.6396852e-001
 1.6448621e-001
 1.6500489e-001
 1.6553684e-001
 1.6609077e-001
 1.6666760e-001
 1.6726109e-001
 1.6786245e-001
 1.6846442e-001
 1.6906233e-001
 1.6965295e-001
 1.7023416e-001
 1.7080711e-001
 1.7137845e-001
 1.7195879e-001
 1.7255642e-001
 1.7316921e-001
 1.7378139e-001
 1.7436838e-001
 1.7490850e-001
 1.7539486e-001
 1.7584090e-001
 1.7627636e-001
 1.7673601e-001
 1.7724428e-001
 1.7780076e-001
 1.7837548e-001
 1.7891939e-001
 1.7938618e-001
 1.7975442e-001
 1.8003568e-001
 1.8026507e-001
 1.8048070e-001
 1.8070252e-001
 1.8092756e-001
 1.8114571e-001
 1.8135771e-001
 1.8157788e-001
 1.8182024e-001
 1.8208413e-001
 1.8235388e-001
 1.8261215e-001
 1.8285309e-001
 1.8308437e-001
 1.8331826e-001
 1.8355976e-001
 1.8380068e-001
 1.8402481e-001
 1.8422134e-001
 1.8439570e-001
 1.8456700e-001
 1.8475343e-001
 1.8495940e-001
 1.8517576e-001
 1.8539144e-001
 1.8560538e-001
 1.8582925e-001
 1.8607996e-001
 1.8636850e-001
 1.8669455e-001
 1.8704934e-001
 1.8742126e-001
 1.8779714e-001
 1.8816143e-001
 1.8849880e-001
 1.8880090e-001
 1.8907164e-001
 1.8932891e-001
 1.8960382e-001
 1.8993299e-001
 1.9033828e-001
 1.9080146e-001
 1.9125907e-001
 1.9163513e-001
 1.9189560e-001
 1.9207986e-001
 1.9227657e-001
 1.9256023e-001
 1.9294077e-001
 1.9336723e-001
 1.9377720e-001
 1.9414705e-001
 1.9450156e-001
 1.9488069e-001
 1.9529673e-001
 1.9572170e-001
 1.9611423e-001
 1.9645827e-001
 1.9677523e-001
 1.9710098e-001
 1.9745542e-001
 1.9783704e-001
 1.9824319e-001
 1.9868186e-001
 1.9915357e-001
 1.9962581e-001
 2.0004150e-001
 2.0036332e-001
 2.0061047e-001
 2.0085041e-001
 2.0115124e-001
 2.0153238e-001
 2.0195022e-001
 2.0233060e-001
 2.0262444e-001
 2.0284158e-001
 2.0303757e-001
 2.0327431e-001
 2.0359048e-001
 2.0398718e-001
 2.0442072e-001
 2.0482169e-001
 2.0514947e-001
 2.0543124e-001
 2.0572974e-001
 2.0607765e-001
 2.0646350e-001
 2.0687027e-001
 2.0729290e-001
 2.0771611e-001
 2.0810857e-001
 2.0845591e-001
 2.0878452e-001
 2.0913771e-001
 2.0953165e-001
 2.0994537e-001
 2.1035489e-001
 2.1076240e-001
 2.1117899e-001
 2.1159126e-001
 2.1196713e-001
 2.1229242e-001
 2.1258080e-001
 2.1284731e-001
 2.1309640e-001
 2.1335122e-001
 2.1368232e-001
 2.1417576e-001
 2.1484897e-001
 2.1560827e-001
 2.1631992e-001
 2.1692681e-001
 2.1747403e-001
 2.1801879e-001
 2.1854058e-001
 2.1896334e-001
 2.1926697e-001
 2.1954823e-001
 2.1993794e-001
 2.2046684e-001
 2.2104792e-001
 2.2158682e-001
 2.2207922e-001
 2.2260003e-001
 2.2322257e-001
 2.2395596e-001
 2.2475015e-001
 2.2555166e-001
 2.2634676e-001
 2.2714125e-001
 2.2789982e-001
 2.2854754e-001
 2.2908171e-001
 2.2965708e-001
 2.3048165e-001
 2.3160358e-001
 2.3283784e-001
 2.3391804e-001
 2.3472029e-001
 2.3535436e-001
 2.3604950e-001
 2.3695000e-001
 2.3801000e-001
 2.3906872e-001
 2.4001466e-001
 2.4086544e-001
 2.4168953e-001
 2.4250676e-001
 2.4332334e-001
 2.4418667e-001
 2.4511985e-001
 2.4608104e-001
 2.4705465e-001
 2.4808623e-001
 2.4915113e-001
 2.5011685e-001
 2.5093058e-001
 2.5172731e-001
 2.5263143e-001
 2.5356159e-001
 2.5437137e-001
 2.5507483e-001
 2.5580418e-001
 2.5663847e-001
 2.5756738e-001
 2.5855035e-001
 2.5953045e-001
 2.6043567e-001
 2.6124123e-001
 2.6200601e-001
 2.6279885e-001
 2.6361063e-001
 2.6437271e-001
 2.6505271e-001
 2.6570192e-001
 2.6638988e-001
 2.6711118e-001
 2.6780543e-001
 2.6845905e-001
 2.6912948e-001
 2.6985696e-001
 2.7058825e-001
 2.7122137e-001
 2.7171472e-001
 2.7213842e-001
 2.7262640e-001
 2.7327302e-001
 2.7406210e-001
 2.7489176e-001
 2.7567616e-001
 2.7642363e-001
 2.7721885e-001
 2.7812853e-001
 2.7911440e-001
 2.8004324e-001
 2.8079188e-001
 2.8134128e-001
 2.8178233e-001
 2.8225338e-001
 2.8285810e-001
 2.8359970e-001
 2.8437769e-001
 2.8508049e-001
 2.8570554e-001
 2.8634846e-001
 2.8706306e-001
 2.8780115e-001
 2.8851187e-001
 2.8922784e-001
 2.9001623e-001
 2.9088363e-001
 2.9175201e-001
 2.9252833e-001
 2.9320157e-001
 2.9385433e-001
 2.9457688e-001
 2.9539779e-001
 2.9627797e-001
 2.9715210e-001
 2.9797933e-001
 2.9876870e-001
 2.9956126e-001
 3.0038467e-001
 3.0122522e-001
 3.0204102e-001
 3.0280164e-001
 3.0351722e-001
 3.0422977e-001
 3.0497858e-001
 3.0577493e-001
 3.0660275e-001
 3.0743575e-001
 3.0825111e-001
 3.0903569e-001
 3.0978876e-001
 3.1052288e-001
 3.1125730e-001
 3.1200516e-001
 3.1276619e-001
 3.1353435e-001
 3.1431648e-001
 3.1514204e-001
 3.1604296e-001
 3.1700915e-001
 3.1796241e-001
 3.1879365e-001
 3.1944412e-001
 3.1995532e-001
 3.2043374e-001
 3.2096022e-001
 3.2154161e-001
 3.2218340e-001
 3.2298753e-001
 3.2402688e-001
 3.2520491e-001
 3.2628497e-001
 3.2706505e-001
 3.2758388e-001
 3.2809913e-001
 3.2874885e-001
 3.2939115e-001
 3.2998118e-001
 3.3078581e-001
 3.3187568e-001
 3.3279619e-001
 3.3320466e-001
 3.3343726e-001
 3.3400315e-001
 3.3490536e-001
 3.3579177e-001
 3.3646533e-001
 3.3705291e-001
 3.3780086e-001
 3.3872506e-001
 3.3953866e-001
 3.4006900e-001
 3.4053284e-001
 3.4116572e-001
 3.4185812e-001
 3.4242418e-001
 3.4296104e-001
 3.4369576e-001
 3.4464672e-001
 3.4556660e-001
 3.4616232e-001
 3.4639615e-001
 3.4655786e-001
 3.4695372e-001
 3.4762225e-001
 3.4843197e-001
 3.4927461e-001
 3.5004169e-001
 3.5057318e-001
 3.5080245e-001
 3.5087654e-001
 3.5098743e-001
 3.5124263e-001
 3.5163599e-001
 3.5209504e-001
 3.5256338e-001
 3.5301152e-001
 3.5343155e-001
 3.5382715e-001
 3.5421550e-001
 3.5462570e-001
 3.5508740e-001
 3.5561806e-001
 3.5621935e-001
 3.5686684e-001
 3.5747519e-001
 3.5790715e-001
 3.5806495e-001
 3.5801536e-001
 3.5798216e-001
 3.5818344e-001
 3.5866958e-001
 3.5932186e-001
 3.5997865e-001
 3.6051980e-001
 3.6087763e-001
 3.6103874e-001
 3.6108777e-001
 3.6118269e-001
 3.6144644e-001
 3.6188564e-001
 3.6237696e-001
 3.6272830e-001
 3.6282682e-001
 3.6282101e-001
 3.6283594e-001
 3.6299399e-001
 3.6326262e-001
 3.6354691e-001
 3.6375192e-001
 3.6380294e-001
 3.6375934e-001
 3.6373445e-001
 3.6384189e-001
 3.6417216e-001
 3.6466509e-001
 3.6519945e-001
 3.6565384e-001
 3.6592576e-001
 3.6603814e-001
 3.6606476e-001
 3.6607942e-001
 3.6614799e-001
 3.6628249e-001
 3.6650956e-001
 3.6675310e-001
 3.6703104e-001
 3.6733061e-001
 3.6763605e-001
 3.6793181e-001
 3.6820209e-001
 3.6843178e-001
 3.6862096e-001
 3.6878455e-001
 3.6893818e-001
 3.6909747e-001
 3.6927739e-001
 3.6947826e-001
 3.6968601e-001
 3.6988598e-001
 3.7006342e-001
 3.7020448e-001
 3.7031165e-001
 3.7040362e-001
 3.7049979e-001
 3.7061951e-001
 3.7078217e-001
 3.7099993e-001
 3.7125665e-001
 3.7152943e-001
 3.7179533e-001
 3.7203142e-001
 3.7221482e-001
 3.7233096e-001
 3.7239766e-001
 3.7244037e-001
 3.7248468e-001
 3.7255612e-001
 3.7268022e-001
 3.7288252e-001
 3.7318000e-001
 3.7355703e-001
 3.7399024e-001
 3.7445623e-001
 3.7493169e-001
 3.7539309e-001
 3.7581715e-001
 3.7618044e-001
 3.7646541e-001
 3.7667692e-001
 3.7682492e-001
 3.7691924e-001
 3.7696993e-001
 3.7698704e-001
 3.7698036e-001
 3.7695998e-001
 3.7693521e-001
 3.7691328e-001
 3.7690067e-001
 3.7690410e-001
 3.7693015e-001
 3.7698543e-001
 3.7707660e-001
 3.7721032e-001
 3.7739068e-001
 3.7761310e-001
 3.7787083e-001
 3.7815720e-001
 3.7846547e-001
 3.7878892e-001
 3.7912089e-001
 3.7945455e-001
 3.7978336e-001
 3.8010046e-001
 3.8039920e-001
 3.8067281e-001
 3.8091764e-001
 3.8114002e-001
 3.8134915e-001
 3.8155383e-001
 3.8176310e-001
 3.8198593e-001
 3.8223124e-001
 3.8250807e-001
 3.8282531e-001
 3.8319197e-001
 3.8361698e-001
 3.8410938e-001
 3.8467318e-001
 3.8529554e-001
 3.8595948e-001
 3.8664821e-001
 3.8734487e-001
 3.8803270e-001
 3.8869467e-001
 3.8931417e-001
 3.8987419e-001
 3.9035791e-001
 3.9074856e-001
 3.9103675e-001
 3.9123961e-001
 3.9137992e-001
 3.9148062e-001
 3.9156452e-001
 3.9165446e-001
 3.9177334e-001
 3.9194411e-001
 3.9218950e-001
 3.9253247e-001
 3.9298645e-001
 3.9353263e-001
 3.9414528e-001
 3.9479834e-001
 3.9546612e-001
 3.9612269e-001
 3.9674222e-001
 3.9729887e-001
 3.9776680e-001
 3.9812011e-001
 3.9834434e-001
 3.9846367e-001
 3.9851066e-001
 3.9851779e-001
 3.9851755e-001
 3.9854249e-001
 3.9862508e-001
 3.9879784e-001
 3.9909333e-001
 3.9954403e-001
 4.0016901e-001
 4.0094268e-001
 4.0182948e-001
 4.0279439e-001
 4.0380186e-001
 4.0481684e-001
 4.0580380e-001
 4.0672773e-001
 4.0755308e-001
 4.0825513e-001
 4.0884382e-001
 4.0933615e-001
 4.0974939e-001
 4.1010052e-001
 4.1040677e-001
 4.1068524e-001
 4.1095307e-001
 4.1122463e-001
 4.1150534e-001
 4.1179875e-001
 4.1210848e-001
 4.1243789e-001
 4.1279078e-001
 4.1317055e-001
 4.1358072e-001
 4.1402334e-001
 4.1449443e-001
 4.1498920e-001
 4.1550261e-001
 4.1602996e-001
 4.1656619e-001
 4.1710654e-001
 4.1764593e-001
 4.1818380e-001
 4.1873291e-001
 4.1930896e-001
 4.1989070e-001
 4.2057529e-001
 4.2133665e-001
 4.2217907e-001
 4.2309496e-001
 4.2406309e-001
 4.2505291e-001
 4.2602941e-001
 4.2695737e-001
 4.2780811e-001
 4.2857066e-001
 4.2925876e-001
 4.2990375e-001
 4.3054354e-001
 4.3121406e-001
 4.3193921e-001
 4.3272054e-001
 4.3353346e-001
 4.3433395e-001
 4.3506983e-001
 4.3569198e-001
 4.3616891e-001
 4.3650052e-001
 4.3672356e-001
 4.3690297e-001
 4.3711653e-001
 4.3743834e-001
 4.3792138e-001
 4.3858236e-001
 4.3939695e-001
 4.4030839e-001
 4.4124341e-001
 4.4212887e-001
 4.4290707e-001
 4.4354695e-001
 4.4404787e-001
 4.4443393e-001
 4.4474396e-001
 4.4502136e-001
 4.4530666e-001
 4.4593540e-001
 4.4643626e-001
 4.4697088e-001
 4.4754553e-001
 4.4816202e-001
 4.4881743e-001
 4.4950461e-001
 4.5021343e-001
 4.5093113e-001
 4.5164451e-001
 4.5234090e-001
 4.5301002e-001
 4.5364520e-001
 4.5424363e-001
 4.5480585e-001
 4.5533499e-001
 4.5583513e-001
 4.5631105e-001
 4.5676708e-001
 4.5720756e-001
 4.5763686e-001
 4.5805940e-001
 4.5848027e-001
 4.5890480e-001
 4.5933849e-001
 4.5978674e-001
 4.6025389e-001
 4.6074244e-001
 4.6125209e-001
 4.6177909e-001
 4.6231681e-001
 4.6285626e-001
 4.6338806e-001
 4.6390358e-001
 4.6439669e-001
 4.6486506e-001
 4.6531039e-001
 4.6573883e-001
 4.6615976e-001
 4.6658438e-001
 4.6702415e-001
 4.6748835e-001
 4.6798259e-001
 4.6850792e-001
 4.6905997e-001
 4.6963015e-001
 4.7020638e-001
 4.7077510e-001
 4.7132382e-001
 4.7184238e-001
 4.7232506e-001
 4.7277096e-001
 4.7318411e-001
 4.7357285e-001
 4.7394809e-001
 4.7432193e-001
 4.7470549e-001
 4.7510755e-001
 4.7553372e-001
 4.7598553e-001
 4.7646111e-001
 4.7695562e-001
 4.7746238e-001
 4.7797418e-001
 4.7848374e-001
 4.7898462e-001
 4.7947165e-001
 4.7994056e-001
 4.8038855e-001
 4.8081392e-001
 4.8121658e-001
 4.8159853e-001
 4.8196384e-001
 4.8231906e-001
 4.8267245e-001
 4.8303333e-001
 4.8341075e-001
 4.8381183e-001
 4.8424062e-001
 4.8469710e-001
 4.8517701e-001
 4.8567262e-001
 4.8617366e-001
 4.8666927e-001
 4.8714951e-001
 4.8760679e-001
 4.8803720e-001
 4.8844051e-001
 4.8882020e-001
 4.8918292e-001
 4.8953727e-001
 4.8989305e-001
 4.9025968e-001
 4.9064541e-001
 4.9105650e-001
 4.9149641e-001
 4.9196571e-001
 4.9246180e-001
 4.9297932e-001
 4.9351087e-001
 4.9404746e-001
 4.9457997e-001
 4.9509954e-001
 4.9559882e-001
 4.9607250e-001
 4.9651745e-001
 4.9693307e-001
 4.9732056e-001
 4.9768266e-001
 4.9802312e-001
 4.9834567e-001
 4.9865407e-001
 4.9895135e-001
 4.9923995e-001
 4.9952191e-001
 4.9979907e-001
 5.0007343e-001
 5.0034767e-001
 5.0062525e-001
 5.0091040e-001
 5.0120813e-001
 5.0152349e-001
 5.0186139e-001
 5.0222564e-001
 5.0261873e-001
 5.0304127e-001
 5.0349176e-001
 5.0396723e-001
 5.0446296e-001
 5.0497365e-001
 5.0549370e-001
 5.0601792e-001
 5.0654203e-001
 5.0706267e-001
 5.0757766e-001
 5.0808537e-001
 5.0858450e-001
 5.0907379e-001
 5.0955170e-001
 5.1001614e-001
 5.1046520e-001
 5.1089716e-001
 5.1131117e-001
 5.1170737e-001
 5.1208681e-001
 5.1245165e-001
 5.1280403e-001
 5.1314557e-001
 5.1347655e-001
 5.1379555e-001
 5.1409972e-001
 5.1438469e-001
 5.1464623e-001
 5.1488066e-001
 5.1508641e-001
 5.1526493e-001
 5.1542091e-001
 5.1556230e-001
 5.1569963e-001
 5.1584494e-001
 5.1601034e-001
 5.1620632e-001
 5.1644075e-001
 5.1671755e-001
 5.1703668e-001
 5.1739401e-001
 5.1778251e-001
 5.1819313e-001
 5.1861662e-001
 5.1904470e-001
 5.1947159e-001
 5.1989430e-001
 5.2031296e-001
 5.2073050e-001
 5.2115107e-001
 5.2157962e-001
 5.2201986e-001
 5.2247339e-001
 5.2293950e-001
 5.2341467e-001
 5.2389383e-001
 5.2437103e-001
 5.2484119e-001
 5.2530122e-001
 5.2575040e-001
 5.2619100e-001
 5.2662718e-001
 5.2706397e-001
 5.2750570e-001
 5.2795488e-001
 5.2841067e-001
 5.2886933e-001
 5.2932405e-001
 5.2976650e-001
 5.3018844e-001
 5.3058332e-001
 5.3094840e-001
 5.3128552e-001
 5.3160125e-001
 5.3190631e-001
 5.3221387e-001
 5.3253740e-001
 5.3288817e-001
 5.3327328e-001
 5.3369439e-001
 5.3414702e-001
 5.3462166e-001
 5.3510457e-001
 5.3558028e-001
 5.3603315e-001
 5.3644913e-001
 5.3681743e-001
 5.3713113e-001
 5.3738767e-001
 5.3758925e-001
 5.3774267e-001
 5.3785920e-001
 5.3795379e-001
 5.3804398e-001
 5.3814816e-001
 5.3828335e-001
 5.3846300e-001
 5.3869468e-001
 5.3897887e-001
 5.3930879e-001
 5.3967130e-001
 5.4004955e-001
 5.4042518e-001
 5.4078192e-001
 5.4110801e-001
 5.4139739e-001
 5.4165041e-001
 5.4187280e-001
 5.4207408e-001
 5.4226571e-001
 5.4245919e-001
 5.4266471e-001
 5.4289001e-001
 5.4314053e-001
 5.4341918e-001
 5.4372680e-001
 5.4406250e-001
 5.4442453e-001
 5.4480994e-001
 5.4521537e-001
 5.4563695e-001
 5.4607034e-001
 5.4651129e-001
 5.4695505e-001
 5.4739672e-001
 5.4783106e-001
 5.4825240e-001
 5.4865479e-001
 5.4903239e-001
 5.4937977e-001
 5.4969275e-001
 5.4996920e-001
 5.5020988e-001
 5.5041867e-001
 5.5060279e-001
 5.5077225e-001
 5.5093849e-001
 5.5111331e-001
 5.5130720e-001
 5.5152762e-001
 5.5177850e-001
 5.5205923e-001
 5.5236542e-001
 5.5268955e-001
 5.5302268e-001
 5.5335599e-001
 5.5368227e-001
 5.5399746e-001
 5.5430090e-001
 5.5459511e-001
 5.5488515e-001
 5.5517626e-001
 5.5547309e-001
 5.5577737e-001
 5.5608732e-001
 5.5639750e-001
 5.5669910e-001
 5.5698168e-001
 5.5723459e-001
 5.5744880e-001
 5.5761832e-001
 5.5774099e-001
 5.5781865e-001
 5.5785686e-001
 5.5786395e-001
 5.5784982e-001
 5.5782479e-001
 5.5779827e-001
 5.5777776e-001
 5.5776846e-001
 5.5777252e-001
 5.5778939e-001
 5.5781597e-001
 5.5784750e-001
 5.5787820e-001
 5.5790293e-001
 5.5791771e-001
 5.5792111e-001
 5.5791485e-001
 5.5790371e-001
 5.5789548e-001
 5.5790001e-001
 5.5792773e-001
 5.5798841e-001
 5.5808932e-001
 5.5823410e-001
 5.5842167e-001
 5.5864602e-001
 5.5889672e-001
 5.5915976e-001
 5.5941951e-001
 5.5966055e-001
 5.5986977e-001
 5.6003803e-001
 5.6016153e-001
 5.6024230e-001
 5.6028748e-001
 5.6030852e-001
 5.6031913e-001
 5.6033325e-001
 5.6036288e-001
 5.6041598e-001
 5.6049556e-001
 5.6059903e-001
 5.6071848e-001
 5.6084198e-001
 5.6095535e-001
 5.6104422e-001
 5.6109601e-001
 5.6110156e-001
 5.6105620e-001
 5.6095988e-001
 5.6081694e-001
 5.6063497e-001
 5.6042331e-001
 5.6019169e-001
 5.5994856e-001
 5.5970037e-001
 5.5945063e-001
 5.5919945e-001
 5.5894458e-001
 5.5868125e-001
 5.5840373e-001
 5.5810642e-001
 5.5778468e-001
 5.5743623e-001
 5.5706143e-001
 5.5666381e-001
 5.5624938e-001
 5.5582595e-001
 5.5540174e-001
 5.5498350e-001
 5.5457509e-001
 5.5417556e-001
 5.5377817e-001
 5.5337006e-001
 5.5293208e-001
 5.5244011e-001
 5.5186653e-001
 5.5118155e-001
 5.5035603e-001
 5.4936248e-001
 5.4817629e-001
 5.4677683e-001
 5.4514652e-001
 5.4327136e-001
 5.4114026e-001
 5.3874433e-001
 5.3607911e-001
 5.3314465e-001
 5.2994990e-001
 5.2651531e-001
 5.2287394e-001
 5.1907635e-001
 5.1518679e-001
 5.1128393e-001
 5.0745487e-001
 5.0378734e-001
 5.0036550e-001
 4.9725956e-001
 4.9452236e-001
 4.9218431e-001
 4.9025089e-001
 4.8870540e-001
 4.8751110e-001
 4.8661557e-001
 4.8595729e-001
 4.8547006e-001
 4.8508811e-001
 4.8474875e-001
 4.8439378e-001
 4.8396909e-001
 4.8342329e-001
 4.8270616e-001
 4.8176774e-001
 4.8055896e-001
 4.7903547e-001
 4.7716284e-001
 4.7492594e-001
 4.7233844e-001
 4.6945095e-001
 4.6636018e-001
 4.6320778e-001
 4.6017817e-001
 4.5748502e-001
 4.5535132e-001
 4.5398790e-001
 4.5356727e-001
 4.5420367e-001
 4.5593759e-001
 4.5873198e-001
 4.6247610e-001
 4.6699956e-001
 4.7209477e-001
 4.7753605e-001
 4.8310640e-001
 4.8861173e-001
 4.9389565e-001
 4.9884787e-001
 5.0340092e-001
 5.0753045e-001
 5.1124430e-001
 5.1457494e-001
 5.1757109e-001
 5.2028590e-001
 5.2277285e-001
 5.2507764e-001
 5.2723628e-001
 5.2927440e-001
 5.3120601e-001
 5.3303725e-001
 5.3476727e-001
 5.3639179e-001
 5.3790665e-001
 5.3930813e-001
 5.4059577e-001
 5.4177254e-001
 5.4284436e-001
 5.4381996e-001
 5.4470927e-001
 5.4552275e-001
 5.4627085e-001
 5.4696268e-001
 5.4760653e-001
 5.4820919e-001
 5.4877645e-001
 5.4931378e-001
 5.4982561e-001
 5.5031651e-001
 5.5079055e-001
 5.5125147e-001
 5.5170268e-001
 5.5214709e-001
 5.5258703e-001
 5.5302477e-001
 5.5346245e-001
 5.5390292e-001
 5.5434984e-001
 5.5480784e-001
 5.5528319e-001
 5.5578250e-001
 5.5631298e-001
 5.5688119e-001
 5.5749232e-001
 5.5814970e-001
 5.5885375e-001
 5.5960256e-001
 5.6039119e-001
 5.6121236e-001
 5.6205738e-001
 5.6291580e-001
 5.6377733e-001
 5.6463158e-001
 5.6546938e-001
 5.6628358e-001
 5.6706935e-001
 5.6782514e-001
 5.6855243e-001
 5.6925583e-001
 5.6994241e-001
 5.7062048e-001
 5.7129860e-001
 5.7198387e-001
 5.7268083e-001
 5.7339150e-001
 5.7411414e-001
 5.7484466e-001
 5.7557708e-001
 5.7630467e-001
 5.7702124e-001
 5.7772148e-001
 5.7840180e-001
 5.7906079e-001
 5.7969826e-001
 5.8031601e-001
 5.8091646e-001
 5.8150291e-001
 5.8207923e-001
 5.8264875e-001
 5.8321476e-001
 5.8377904e-001
 5.8434218e-001
 5.8490354e-001
 5.8546138e-001
 5.8601415e-001
 5.8656132e-001
 5.8710486e-001
 5.8765006e-001
 5.8820522e-001
 5.8878076e-001
 5.8938771e-001
 5.9003401e-001
 5.9072268e-001
 5.9144890e-001
 5.9219939e-001
 5.9295475e-001
 5.9369195e-001
 5.9438825e-001
 5.9502393e-001
 5.9558415e-001
 5.9606075e-001
 5.9645355e-001
 5.9677070e-001
 5.9702712e-001
 5.9724241e-001
 5.9743732e-001
 5.9763050e-001
 5.9783632e-001
 5.9806383e-001
 5.9831673e-001
 5.9859502e-001
 5.9889632e-001
 5.9921813e-001
 5.9955877e-001
 5.9991771e-001
 6.0029590e-001
 6.0069519e-001
 6.0111743e-001
 6.0156369e-001
 6.0203308e-001
 6.0252243e-001
 6.0302573e-001
 6.0353464e-001
 6.0403997e-001
 6.0453260e-001
 6.0500562e-001
 6.0545540e-001
 6.0588264e-001
 6.0629189e-001
 6.0669017e-001
 6.0708529e-001
 6.0748369e-001
 6.0788918e-001
 6.0830188e-001
 6.0871774e-001
 6.0912931e-001
 6.0952634e-001
 6.0989791e-001
 6.1023527e-001
 6.1053371e-001
 6.1079484e-001
 6.1102712e-001
 6.1124420e-001
 6.1146289e-001
 6.1169910e-001
 6.1196411e-001
 6.1226171e-001
 6.1258721e-001
 6.1292899e-001
 6.1327094e-001
 6.1359638e-001
 6.1389112e-001
 6.1414623e-001
 6.1435926e-001
 6.1453450e-001
 6.1468267e-001
 6.1481887e-001
 6.1496025e-001
 6.1512333e-001
 6.1532146e-001
 6.1556292e-001
 6.1585027e-001
 6.1617994e-001
 6.1654329e-001
 6.1692816e-001
 6.1732000e-001
 6.1770386e-001
 6.1806566e-001
 6.1839324e-001
 6.1867768e-001
 6.1891335e-001
 6.1909866e-001
 6.1923575e-001
 6.1933064e-001
 6.1939269e-001
 6.1943352e-001
 6.1946607e-001
 6.1950326e-001
 6.1955643e-001
 6.1963439e-001
 6.1974204e-001
 6.1988038e-001
 6.2004638e-001
 6.2023407e-001
 6.2043566e-001
 6.2064314e-001
 6.2084967e-001
 6.2105113e-001
 6.2124640e-001
 6.2143779e-001
 6.2163037e-001
 6.2183070e-001
 6.2204587e-001
 6.2228155e-001
 6.2254113e-001
 6.2282497e-001
 6.2312967e-001
 6.2344915e-001
 6.2377465e-001
 6.2409639e-001
 6.2440449e-001
 6.2469012e-001
 6.2494642e-001
 6.2516910e-001
 6.2535679e-001
 6.2551117e-001
 6.2563634e-001
 6.2573898e-001
 6.2582749e-001
 6.2591153e-001
 6.2600112e-001
 6.2610579e-001
 6.2623399e-001
 6.2639165e-001
 6.2658197e-001
 6.2680465e-001
 6.2705564e-001
 6.2732780e-001
 6.2761140e-001
 6.2789506e-001
 6.2816733e-001
 6.2841755e-001
 6.2863714e-001
 6.2882030e-001
 6.2896430e-001
 6.2906963e-001
 6.2913954e-001
 6.2917960e-001
 6.2919682e-001
 6.2919903e-001
 6.2919432e-001
 6.2918997e-001
 6.2919259e-001
 6.2920755e-001
 6.2923872e-001
 6.2928879e-001
 6.2935907e-001
 6.2944967e-001
 6.2955952e-001
 6.2968647e-001
 6.2982762e-001
 6.2997943e-001
 6.3013810e-001
 6.3029993e-001
 6.3046139e-001
 6.3061982e-001
 6.3077307e-001
 6.3091999e-001
 6.3106024e-001
 6.3119453e-001
 6.3132429e-001
 6.3145190e-001
 6.3158029e-001
 6.3171309e-001
 6.3185382e-001
 6.3200623e-001
 6.3217330e-001
 6.3235742e-001
 6.3255990e-001
 6.3278097e-001
 6.3301963e-001
 6.3327384e-001
 6.3354045e-001
 6.3381571e-001
 6.3409543e-001
 6.3437510e-001
 6.3465059e-001
 6.3491797e-001
 6.3517368e-001
 6.3541484e-001
 6.3563871e-001
 6.3584304e-001
 6.3602573e-001
 6.3618469e-001
 6.3631785e-001
 6.3642299e-001
 6.3649768e-001
 6.3653958e-001
 6.3654637e-001
 6.3651609e-001
 6.3644713e-001
 6.3633859e-001
 6.3619071e-001
 6.3600451e-001
 6.3578242e-001
 6.3552797e-001
 6.3524586e-001
 6.3494188e-001
 6.3462281e-001
 6.3429630e-001
 6.3397086e-001
 6.3365549e-001
 6.3335949e-001
 6.3309240e-001
 6.3286275e-001
 6.3267809e-001
 6.3254362e-001
 6.3246179e-001
 6.3243157e-001
 6.3244778e-001
 6.3250172e-001
 6.3258117e-001
 6.3267183e-001
 6.3275856e-001
 6.3282686e-001
 6.3286477e-001
 6.3286418e-001
 6.3282156e-001
 6.3273853e-001
 6.3262117e-001
 6.3247955e-001
 6.3232589e-001
 6.3217306e-001
 6.3203305e-001
 6.3191521e-001
 6.3182557e-001
 6.3176632e-001
 6.3173550e-001
 6.3172823e-001
 6.3173687e-001
 6.3175279e-001
 6.3176709e-001
 6.3177156e-001
 6.3175958e-001
 6.3172650e-001
 6.3166940e-001
 6.3158745e-001
 6.3148081e-001
 6.3135093e-001
 6.3119942e-001
 6.3102800e-001
 6.3083822e-001
 6.3063103e-001
 6.3040709e-001
 6.3016683e-001
 6.2991065e-001
 6.2963945e-001
 6.2935454e-001
 6.2905836e-001
 6.2875462e-001
 6.2844783e-001
 6.2814397e-001
 6.2784928e-001
 6.2757075e-001
 6.2731504e-001
 6.2708825e-001
 6.2689549e-001
 6.2674034e-001
 6.2662494e-001
 6.2654954e-001
 6.2651223e-001
 6.2650895e-001
 6.2653327e-001
 6.2657607e-001
 6.2662572e-001
 6.2666798e-001
 6.2668699e-001
 6.2666619e-001
 6.2658954e-001
 6.2644285e-001
 6.2621516e-001
 6.2589997e-001
 6.2549573e-001
 6.2500632e-001
 6.2444097e-001
 6.2381512e-001
 6.2315011e-001
 6.2247217e-001
 6.2181026e-001
 6.2119430e-001
 6.2065142e-001
 6.2020350e-001
 6.1986405e-001
 6.1963713e-001
 6.1951727e-001
 6.1940920e-001
 6.1948532e-001
 6.1961192e-001
 6.1976397e-001
 6.1991823e-001
 6.2005574e-001
 6.2016267e-001
 6.2023032e-001
 6.2025350e-001
 6.2022907e-001
 6.2015480e-001
 6.2002927e-001
 6.1985177e-001
 6.1962318e-001
 6.1934686e-001
 6.1902922e-001
 6.1867988e-001
 6.1831164e-001
 6.1793953e-001
 6.1758000e-001
 6.1725020e-001
 6.1696696e-001
 6.1674589e-001
 6.1659992e-001
 6.1653715e-001
 6.1655903e-001
 6.1665976e-001
 6.1682659e-001
 6.1704224e-001
 6.1728632e-001
 6.1753726e-001
 6.1777371e-001
 6.1797523e-001
 6.1812472e-001
 6.1820954e-001
 6.1822391e-001
 6.1816913e-001
 6.1805302e-001
 6.1788833e-001
 6.1769056e-001
 6.1747658e-001
 6.1726314e-001
 6.1706585e-001
 6.1689752e-001
 6.1676615e-001
 6.1667323e-001
 6.1661321e-001
 6.1657381e-001
 6.1653823e-001
 6.1648661e-001
 6.1639786e-001
 6.1625046e-001
 6.1602312e-001
 6.1569560e-001
 6.1524898e-001
 6.1466676e-001
 6.1393446e-001
 6.1303991e-001
 6.1197269e-001
 6.1072290e-001
 6.0928166e-001
 6.0764021e-001
 6.0579121e-001
 6.0372937e-001
 6.0145181e-001
 5.9896076e-001
 5.9626329e-001
 5.9336990e-001
 5.9029555e-001
 5.8705562e-001
 5.8366764e-001
 5.8014888e-001
 5.7651478e-001
 5.7278043e-001
 5.6895614e-001
 5.6504917e-001
 5.6106204e-001
 5.5699146e-001
 5.5283308e-001
 5.4857844e-001
 5.4421997e-001
 5.3974974e-001
 5.3515893e-001
 5.3044194e-001
 5.2559298e-001
 5.2061087e-001
 5.1549727e-001
 5.1025504e-001
 5.0489086e-001
 4.9941254e-001
 4.9382702e-001
 4.8814470e-001
 4.8237517e-001
 4.7653350e-001
 4.7064075e-001
 4.6472386e-001
 4.5882136e-001
 4.5297697e-001
 4.4724235e-001
 4.4167262e-001
 4.3632230e-001
 4.3124831e-001
 4.2650279e-001
 4.2213506e-001
 4.1818610e-001
 4.1468459e-001
 4.1164887e-001
 4.0908471e-001
 4.0699095e-001
 4.0536126e-001
 4.0418622e-001
 4.0345553e-001
 4.0315661e-001
 4.0327427e-001
 4.0378812e-001
 4.0467143e-001
 4.0588993e-001
 4.0740260e-001
 4.0916416e-001
 4.1112560e-001
 4.1323775e-001
 4.1545087e-001
 4.1771719e-001
 4.1999397e-001
 4.2224458e-001
 4.2444310e-001
 4.2657351e-001
 4.2862952e-001
 4.3061277e-001
 4.3252817e-001
 4.3438354e-001
 4.3618673e-001
 4.3794531e-001
 4.3966645e-001
 4.4135466e-001
 4.4301271e-001
 4.4464001e-001
 4.4623351e-001
 4.4778886e-001
 4.4930002e-001
 4.5076057e-001
 4.5216468e-001
 4.5350644e-001
 4.5478225e-001
 4.5599046e-001
 4.5713291e-001
 4.5821568e-001
 4.5924777e-001
 4.6024117e-001
 4.6120903e-001
 4.6216515e-001
 4.6312353e-001
 4.6409684e-001
 4.6509615e-001
 4.6612883e-001
 4.6719763e-001
 4.6830055e-001
 4.6943048e-001
 4.7057751e-001
 4.7172922e-001
 4.7287244e-001
 4.7399431e-001
 4.7508270e-001
 4.7612762e-001
 4.7712326e-001
 4.7806841e-001
 4.7896799e-001
 4.7983170e-001
 4.8067293e-001
 4.8150772e-001
 4.8235255e-001
 4.8322430e-001
 4.8413840e-001
 4.8510766e-001
 4.8614097e-001
 4.8724082e-001
 4.8840377e-001
 4.8962006e-001
 4.9087560e-001
 4.9215421e-001
 4.9343795e-001
 4.9470940e-001
 4.9595156e-001
 4.9714956e-001
 4.9829248e-001
 4.9937370e-001
 5.0039250e-001
 5.0135261e-001
 5.0226122e-001
 5.0312823e-001
 5.0396395e-001
 5.0477922e-001
 5.0558496e-001
 5.0639105e-001
 5.0720692e-001
 5.0804025e-001
 5.0889730e-001
 5.0978327e-001
 5.1070195e-001
 5.1165700e-001
 5.1265109e-001
 5.1368737e-001
 5.1476723e-001
 5.1589167e-001
 5.1705956e-001
 5.1826596e-001
 5.1950377e-001
 5.2076262e-001
 5.2203035e-001
 5.2329266e-001
 5.2453572e-001
 5.2574569e-001
 5.2690876e-001
 5.2801389e-001
 5.2905315e-001
 5.3002214e-001
 5.3092200e-001
 5.3175777e-001
 5.3253788e-001
 5.3327221e-001
 5.3397185e-001
 5.3464806e-001
 5.3531092e-001
 5.3596967e-001
 5.3663081e-001
 5.3729725e-001
 5.3796834e-001
 5.3864026e-001
 5.3930610e-001
 5.3995806e-001
 5.4058731e-001
 5.4118544e-001
 5.4174417e-001
 5.4225725e-001
 5.4272091e-001
 5.4313481e-001
 5.4350275e-001
 5.4383206e-001
 5.4413259e-001
 5.4441583e-001
 5.4469395e-001
 5.4497910e-001
 5.4528242e-001
 5.4561335e-001
 5.4597825e-001
 5.4637897e-001
 5.4681301e-001
 5.4727352e-001
 5.4775029e-001
 5.4823148e-001
 5.4870462e-001
 5.4915661e-001
 5.4957551e-001
 5.4995066e-001
 5.5027407e-001
 5.5054104e-001
 5.5075091e-001
 5.5090648e-001
 5.5101299e-001
 5.5107731e-001
 5.5110705e-001
 5.5110985e-001
 5.5109322e-001
 5.5106378e-001
 5.5102688e-001
 5.5098617e-001
 5.5094332e-001
 5.5089819e-001
 5.5084938e-001
 5.5079478e-001
 5.5073184e-001
 5.5065787e-001
 5.5057043e-001
 5.5046737e-001
 5.5034721e-001
 5.5020928e-001
 5.5005383e-001
 5.4988199e-001
 5.4969549e-001
 5.4949635e-001
 5.4928690e-001
 5.4906958e-001
 5.4884660e-001
 5.4862040e-001
 5.4839331e-001
 5.4816759e-001
 5.4794556e-001
 5.4772925e-001
 5.4752105e-001
 5.4732299e-001
 5.4713708e-001
 5.4696524e-001
 5.4680878e-001
 5.4666793e-001
 5.4654115e-001
 5.4642445e-001
 5.4631120e-001
 5.4619223e-001
 5.4605675e-001
 5.4589289e-001
 5.4568833e-001
 5.4543120e-001
 5.4511070e-001
 5.4471868e-001
 5.4425150e-001
 5.4371113e-001
 5.4310608e-001
 5.4245114e-001
 5.4176509e-001
 5.4106933e-001
 5.4038614e-001
 5.3973800e-001
 5.3914553e-001
 5.3862536e-001
 5.3818864e-001
 5.3783768e-001
 5.3756571e-001
 5.3735769e-001
 5.3719223e-001
 5.3704453e-001
 5.3688794e-001
 5.3669542e-001
 5.3644079e-001
 5.3609949e-001
 5.3565037e-001
 5.3507626e-001
 5.3436470e-001
 5.3350800e-001
 5.3250104e-001
 5.3134054e-001
 5.3002495e-001
 5.2855247e-001
 5.2692163e-001
 5.2513099e-001
 5.2318060e-001
 5.2107000e-001
 5.1879913e-001
 5.1637024e-001
 5.1378429e-001
 5.1104242e-001
 5.0814784e-001
 5.0510234e-001
 5.0190860e-001
 4.9856973e-001
 4.9509293e-001
 4.9148560e-001
 4.8775756e-001
 4.8392379e-001
 4.7999844e-001
 4.7599658e-001
 4.7193685e-001
 4.6783537e-001
 4.6370873e-001
 4.5957753e-001
 4.5546103e-001
 4.5138159e-001
 4.4736302e-001
 4.4343424e-001
 4.3962285e-001
 4.3595737e-001
 4.3246913e-001
 4.2918584e-001
 4.2613283e-001
 4.2333221e-001
 4.2079473e-001
 4.1851956e-001
 4.1649184e-001
 4.1468585e-001
 4.1306531e-001
 4.1158873e-001
 4.1021347e-001
 4.0889597e-001
 4.0759552e-001
 4.0627867e-001
 4.0492180e-001
 4.0351570e-001
 4.0206820e-001
 4.0060067e-001
 3.9914545e-001
 3.9774078e-001
 3.9642841e-001
 3.9524812e-001
 3.9423493e-001
 3.9341369e-001
 3.9279044e-001
 3.9234671e-001
 3.9203712e-001
 3.9179134e-001
 3.9152110e-001
 3.9112747e-001
 3.9050782e-001
 3.8956147e-001
 3.8819751e-001
 3.8634777e-001
 3.8397947e-001
 3.8110885e-001
 3.7780890e-001
 3.7419996e-001
 3.7043926e-001
 3.6670485e-001
 3.6318681e-001
 3.6007270e-001
 3.5754180e-001
 3.5575461e-001
 3.5483533e-001
 3.5486215e-001
 3.5586131e-001
 3.5781208e-001
 3.6066017e-001
 3.6432829e-001
 3.6873075e-001
 3.7377709e-001
 3.7937614e-001
 3.8543114e-001
 3.9184701e-001
 3.9852625e-001
 4.0536335e-001
 4.1225478e-001
 4.1909495e-001
 4.2577231e-001
 4.3218064e-001
 4.3821466e-001
 4.4377720e-001
 4.4878155e-001
 4.5316878e-001
 4.5691183e-001
 4.6001661e-001
 4.6252415e-001
 4.6449867e-001
 4.6601731e-001
 4.6716517e-001
 4.6802834e-001
 4.6868962e-001
 4.6922514e-001
 4.6969837e-001
 4.7015601e-001
 4.7062567e-001
 4.7111836e-001
 4.7163272e-001
 4.7215942e-001
 4.7268599e-001
 4.7319877e-001
 4.7368404e-001
 4.7412992e-001
 4.7452700e-001
 4.7486958e-001
 4.7515571e-001
 4.7538725e-001
 4.7556865e-001
 4.7570586e-001
 4.7580570e-001
 4.7587499e-001
 4.7592017e-001
 4.7594669e-001
 4.7595835e-001
 4.7595662e-001
 4.7594041e-001
 4.7590634e-001
 4.7584933e-001
 4.7576335e-001
 4.7564182e-001
 4.7547814e-001
 4.7526616e-001
 4.7500026e-001
 4.7467616e-001
 4.7429150e-001
 4.7384557e-001
 4.7333953e-001
 4.7277561e-001
 4.7215724e-001
 4.7148791e-001
 4.7077110e-001
 4.7001094e-001
 4.6921113e-001
 4.6837538e-001
 4.6750820e-001
 4.6661353e-001
 4.6569547e-001
 4.6475884e-001
 4.6380782e-001
 4.6284682e-001
 4.6187967e-001
 4.6091044e-001
 4.5994136e-001
 4.5897254e-001
 4.5800236e-001
 4.5702538e-001
 4.5603368e-001
 4.5501798e-001
 4.5396724e-001
 4.5287019e-001
 4.5171547e-001
 4.5049363e-001
 4.4919646e-001
 4.4781947e-001
 4.4636405e-001
 4.4483617e-001
 4.4324660e-001
 4.4161108e-001
 4.3994623e-001
 4.3826973e-001
 4.3660054e-001
 4.3495566e-001
 4.3335098e-001
 4.3179917e-001
 4.3031034e-001
 4.2888921e-001
 4.2753688e-001
 4.2625263e-001
 4.2503306e-001
 4.2387408e-001
 4.2277223e-001
 4.2172334e-001
 4.2072403e-001
 4.1977173e-001
 4.1886565e-001
 4.1800579e-001
 4.1719350e-001
 4.1643155e-001
 4.1572267e-001
 4.1506982e-001
 4.1447625e-001
 4.1394392e-001
 4.1347343e-001
 4.1306269e-001
 4.1270632e-001
 4.1239461e-001
 4.1211450e-001
 4.1185033e-001
 4.1158482e-001
 4.1129991e-001
 4.1097790e-001
 4.1060156e-001
 4.1015548e-001
 4.0962756e-001
 4.0900952e-001
 4.0829766e-001
 4.0749222e-001
 4.0659708e-001
 4.0561730e-001
 4.0455881e-001
 4.0342891e-001
 4.0223467e-001
 4.0098402e-001
 3.9968732e-001
 3.9835608e-001
 3.9700434e-001
 3.9564794e-001
 3.9430526e-001
 3.9299455e-001
 3.9173442e-001
 3.9054400e-001
 3.8943979e-001
 3.8843495e-001
 3.8753751e-001
 3.8674667e-001
 3.8605273e-001
 3.8543871e-001
 3.8488162e-001
 3.8435566e-001
 3.8383380e-001
 3.8328952e-001
 3.8269746e-001
 3.8203532e-001
 3.8128588e-001
 3.8043788e-001
 3.7948683e-001
 3.7843543e-001
 3.7729090e-001
 3.7606382e-001
 3.7476608e-001
 3.7341094e-001
 3.7201074e-001
 3.7057763e-001
 3.6912459e-001
 3.6771548e-001
 3.6661121e-001
 3.6518404e-001
 3.6379662e-001
 3.6246225e-001
 3.6119461e-001
 3.6000711e-001
 3.5891396e-001
 3.5792845e-001
 3.5706428e-001
 3.5633516e-001
 3.5575271e-001
 3.5531169e-001
 3.5499692e-001
 3.5479346e-001
 3.5468602e-001
 3.5465968e-001
 3.5469937e-001
 3.5478988e-001
 3.5491624e-001
 3.5506332e-001
 3.5521606e-001
 3.5535935e-001
 3.5547811e-001
 3.5555729e-001
 3.5558286e-001
 3.5555097e-001
 3.5546306e-001
 3.5532054e-001
 3.5512510e-001
 3.5487822e-001
 3.5458136e-001
 3.5423604e-001
 3.5384387e-001
 3.5340634e-001
 3.5292497e-001
 3.5240117e-001
 3.5183662e-001
 3.5123286e-001
 3.5059130e-001
 3.4991354e-001
 3.4920087e-001
 3.4845516e-001
 3.4767789e-001
 3.4687117e-001
 3.4603730e-001
 3.4517920e-001
 3.4429908e-001
 3.4339947e-001
 3.4248263e-001
 3.4155148e-001
 3.4060830e-001
 3.3965558e-001
 3.3869570e-001
 3.3773109e-001
 3.3676454e-001
 3.3579838e-001
 3.3483508e-001
 3.3387694e-001
 3.3292675e-001
 3.3198699e-001
 3.3105993e-001
 3.3014795e-001
 3.2925400e-001
 3.2838026e-001
 3.2752895e-001
 3.2669973e-001
 3.2589167e-001
 3.2510310e-001
 3.2433271e-001
 3.2357907e-001
 3.2284063e-001
 3.2211635e-001
 3.2140470e-001
 3.2070425e-001
 3.2001352e-001
 3.1933141e-001
 3.1865638e-001
 3.1798699e-001
 3.1732181e-001
 3.1665969e-001
 3.1599915e-001
 3.1533873e-001
 3.1467712e-001
 3.1401268e-001
 3.1334445e-001
 3.1267089e-001
 3.1199050e-001
 3.1130186e-001
 3.1060380e-001
 3.0989486e-001
 3.0917376e-001
 3.0844048e-001
 3.0769622e-001
 3.0694145e-001
 3.0617705e-001
 3.0540377e-001
 3.0462223e-001
 3.0383354e-001
 3.0303839e-001
 3.0223748e-001
 3.0143148e-001
 3.0062154e-001
 2.9980820e-001
 2.9899228e-001
 2.9817435e-001
 2.9735568e-001
 2.9653674e-001
 2.9571840e-001
 2.9490116e-001
 2.9408637e-001
 2.9327443e-001
 2.9246622e-001
 2.9166254e-001
 2.9086393e-001
 2.9007161e-001
 2.8928614e-001
 2.8850833e-001
 2.8773877e-001
 2.8697860e-001
 2.8622845e-001
 2.8548902e-001
 2.8476021e-001
 2.8404206e-001
 2.8333426e-001
