s07_ASD Record=12706: Calc.25+Dolo.25+Na-Mon AMX18 ASDNGb AREF
-1.2300000e+034
 5.3870744e-001
 5.3799325e-001
 5.3792739e-001
 5.3877008e-001
 5.3933126e-001
 5.4006439e-001
 5.4096371e-001
 5.4193044e-001
 5.4280686e-001
 5.4406869e-001
 5.4544371e-001
 5.4641563e-001
 5.4733294e-001
 5.4838276e-001
 5.4963595e-001
 5.5102783e-001
 5.5263412e-001
 5.5433136e-001
 5.5604881e-001
 5.5795962e-001
 5.5988973e-001
 5.6178856e-001
 5.6368905e-001
 5.6575030e-001
 5.6794101e-001
 5.7020909e-001
 5.7250208e-001
 5.7490349e-001
 5.7726389e-001
 5.7947958e-001
 5.8180016e-001
 5.8391869e-001
 5.8597553e-001
 5.8830327e-001
 5.9069204e-001
 5.9299535e-001
 5.9516776e-001
 5.9728354e-001
 5.9913087e-001
 6.0087198e-001
 6.0266501e-001
 6.0434234e-001
 6.0603875e-001
 6.0774040e-001
 6.0935718e-001
 6.1092424e-001
 6.1242068e-001
 6.1385286e-001
 6.1527425e-001
 6.1676466e-001
 6.1832654e-001
 6.1989641e-001
 6.2124789e-001
 6.2275660e-001
 6.2437421e-001
 6.2580603e-001
 6.2736368e-001
 6.2889028e-001
 6.3034099e-001
 6.3195330e-001
 6.3347763e-001
 6.3499045e-001
 6.3660944e-001
 6.3823217e-001
 6.3977641e-001
 6.4129782e-001
 6.4293921e-001
 6.4454198e-001
 6.4609838e-001
 6.4763916e-001
 6.4921463e-001
 6.5073967e-001
 6.5222442e-001
 6.5370351e-001
 6.5514427e-001
 6.5654445e-001
 6.5789729e-001
 6.5919077e-001
 6.6050249e-001
 6.6178352e-001
 6.6300178e-001
 6.6423368e-001
 6.6543674e-001
 6.6662890e-001
 6.6785383e-001
 6.6911012e-001
 6.7043203e-001
 6.7182255e-001
 6.7324042e-001
 6.7470700e-001
 6.7618042e-001
 6.7762631e-001
 6.7910475e-001
 6.8053627e-001
 6.8190384e-001
 6.8323493e-001
 6.8451726e-001
 6.8574631e-001
 6.8691593e-001
 6.8801457e-001
 6.8908894e-001
 6.9011921e-001
 6.9107419e-001
 6.9200134e-001
 6.9288790e-001
 6.9373327e-001
 6.9455069e-001
 6.9533849e-001
 6.9611800e-001
 6.9689530e-001
 6.9762546e-001
 6.9834638e-001
 6.9906157e-001
 6.9976687e-001
 7.0048791e-001
 7.0121711e-001
 7.0193803e-001
 7.0263141e-001
 7.0329952e-001
 7.0396698e-001
 7.0463836e-001
 7.0524120e-001
 7.0583433e-001
 7.0642418e-001
 7.0698255e-001
 7.0750600e-001
 7.0798790e-001
 7.0844311e-001
 7.0893008e-001
 7.0938349e-001
 7.0981538e-001
 7.1025246e-001
 7.1066594e-001
 7.1109825e-001
 7.1154732e-001
 7.1196586e-001
 7.1241790e-001
 7.1288836e-001
 7.1336603e-001
 7.1388221e-001
 7.1440321e-001
 7.1492362e-001
 7.1545237e-001
 7.1600032e-001
 7.1656030e-001
 7.1712846e-001
 7.1770632e-001
 7.1827519e-001
 7.1883696e-001
 7.1940017e-001
 7.1998233e-001
 7.2054011e-001
 7.2107625e-001
 7.2162080e-001
 7.2215897e-001
 7.2269547e-001
 7.2323853e-001
 7.2379404e-001
 7.2436225e-001
 7.2495002e-001
 7.2556901e-001
 7.2622484e-001
 7.2691149e-001
 7.2762829e-001
 7.2837502e-001
 7.2915483e-001
 7.2995538e-001
 7.3076260e-001
 7.3156577e-001
 7.3237848e-001
 7.3318911e-001
 7.3397338e-001
 7.3473608e-001
 7.3546928e-001
 7.3616999e-001
 7.3684371e-001
 7.3748606e-001
 7.3809886e-001
 7.3868412e-001
 7.3923063e-001
 7.3976052e-001
 7.4028116e-001
 7.4078530e-001
 7.4127042e-001
 7.4174190e-001
 7.4220926e-001
 7.4268663e-001
 7.4316192e-001
 7.4363273e-001
 7.4410236e-001
 7.4458176e-001
 7.4506515e-001
 7.4554497e-001
 7.4601305e-001
 7.4648005e-001
 7.4694246e-001
 7.4739438e-001
 7.4783164e-001
 7.4825901e-001
 7.4867368e-001
 7.4906760e-001
 7.4944216e-001
 7.4979430e-001
 7.5012606e-001
 7.5045085e-001
 7.5077415e-001
 7.5108379e-001
 7.5136560e-001
 7.5163400e-001
 7.5189269e-001
 7.5214058e-001
 7.5237173e-001
 7.5258499e-001
 7.5278562e-001
 7.5297850e-001
 7.5315893e-001
 7.5333178e-001
 7.5349742e-001
 7.5365186e-001
 7.5378937e-001
 7.5390822e-001
 7.5401413e-001
 7.5412285e-001
 7.5422144e-001
 7.5431377e-001
 7.5440615e-001
 7.5448191e-001
 7.5455201e-001
 7.5462574e-001
 7.5470954e-001
 7.5480324e-001
 7.5489879e-001
 7.5498879e-001
 7.5507337e-001
 7.5515509e-001
 7.5524187e-001
 7.5533903e-001
 7.5543261e-001
 7.5550491e-001
 7.5555152e-001
 7.5558507e-001
 7.5562817e-001
 7.5567555e-001
 7.5571674e-001
 7.5575036e-001
 7.5579500e-001
 7.5585359e-001
 7.5591606e-001
 7.5597006e-001
 7.5601435e-001
 7.5605357e-001
 7.5609845e-001
 7.5614268e-001
 7.5617975e-001
 7.5620806e-001
 7.5624424e-001
 7.5629652e-001
 7.5635731e-001
 7.5640428e-001
 7.5643951e-001
 7.5647253e-001
 7.5651246e-001
 7.5656396e-001
 7.5661421e-001
 7.5665712e-001
 7.5669253e-001
 7.5673330e-001
 7.5678974e-001
 7.5685835e-001
 7.5691754e-001
 7.5697327e-001
 7.5703162e-001
 7.5709665e-001
 7.5715852e-001
 7.5722063e-001
 7.5728768e-001
 7.5736326e-001
 7.5742984e-001
 7.5750029e-001
 7.5758183e-001
 7.5766402e-001
 7.5773972e-001
 7.5781828e-001
 7.5791359e-001
 7.5801265e-001
 7.5811625e-001
 7.5821930e-001
 7.5831985e-001
 7.5843704e-001
 7.5856173e-001
 7.5867820e-001
 7.5878036e-001
 7.5888431e-001
 7.5899553e-001
 7.5911766e-001
 7.5925297e-001
 7.5939769e-001
 7.5954443e-001
 7.5969106e-001
 7.5982934e-001
 7.5997132e-001
 7.6012915e-001
 7.6028770e-001
 7.6044106e-001
 7.6059580e-001
 7.6076078e-001
 7.6091421e-001
 7.6106983e-001
 7.6124209e-001
 7.6143354e-001
 7.6161844e-001
 7.6179600e-001
 7.6197165e-001
 7.6214099e-001
 7.6231045e-001
 7.6247889e-001
 7.6264244e-001
 7.6283103e-001
 7.6304197e-001
 7.6325852e-001
 7.6344633e-001
 7.6362443e-001
 7.6380920e-001
 7.6400965e-001
 7.6420236e-001
 7.6439643e-001
 7.6459068e-001
 7.6477778e-001
 7.6496351e-001
 7.6515150e-001
 7.6534432e-001
 7.6554710e-001
 7.6574981e-001
 7.6594698e-001
 7.6613963e-001
 7.6633525e-001
 7.6653355e-001
 7.6673234e-001
 7.6692736e-001
 7.6711500e-001
 7.6730150e-001
 7.6749027e-001
 7.6768410e-001
 7.6786476e-001
 7.6803166e-001
 7.6819336e-001
 7.6836807e-001
 7.6855248e-001
 7.6874149e-001
 7.6892591e-001
 7.6909298e-001
 7.6924449e-001
 7.6939094e-001
 7.6955301e-001
 7.6971179e-001
 7.6986527e-001
 7.7001715e-001
 7.7016360e-001
 7.7030605e-001
 7.7044803e-001
 7.7059478e-001
 7.7072561e-001
 7.7085298e-001
 7.7098656e-001
 7.7111357e-001
 7.7123964e-001
 7.7136618e-001
 7.7149034e-001
 7.7160019e-001
 7.7169853e-001
 7.7179706e-001
 7.7191085e-001
 7.7201688e-001
 7.7211863e-001
 7.7222306e-001
 7.7233112e-001
 7.7242839e-001
 7.7251428e-001
 7.7259558e-001
 7.7268100e-001
 7.7276164e-001
 7.7282888e-001
 7.7287924e-001
 7.7293599e-001
 7.7300382e-001
 7.7307981e-001
 7.7315444e-001
 7.7323097e-001
 7.7330440e-001
 7.7336860e-001
 7.7342713e-001
 7.7348113e-001
 7.7353948e-001
 7.7361327e-001
 7.7369010e-001
 7.7376693e-001
 7.7384216e-001
 7.7391428e-001
 7.7398354e-001
 7.7404821e-001
 7.7410871e-001
 7.7417392e-001
 7.7423900e-001
 7.7429998e-001
 7.7435732e-001
 7.7441096e-001
 7.7446443e-001
 7.7452183e-001
 7.7458507e-001
 7.7464443e-001
 7.7469397e-001
 7.7473122e-001
 7.7476043e-001
 7.7478939e-001
 7.7482378e-001
 7.7486491e-001
 7.7489591e-001
 7.7492797e-001
 7.7496397e-001
 7.7499831e-001
 7.7503496e-001
 7.7506077e-001
 7.7506620e-001
 7.7505398e-001
 7.7505171e-001
 7.7506477e-001
 7.7508759e-001
 7.7511048e-001
 7.7513260e-001
 7.7515256e-001
 7.7516985e-001
 7.7519071e-001
 7.7520531e-001
 7.7520519e-001
 7.7518678e-001
 7.7517182e-001
 7.7516603e-001
 7.7516562e-001
 7.7515620e-001
 7.7514219e-001
 7.7512234e-001
 7.7509516e-001
 7.7506435e-001
 7.7503783e-001
 7.7501744e-001
 7.7500230e-001
 7.7499360e-001
 7.7498007e-001
 7.7495646e-001
 7.7492934e-001
 7.7491015e-001
 7.7489096e-001
 7.7486581e-001
 7.7484798e-001
 7.7483010e-001
 7.7481616e-001
 7.7481258e-001
 7.7481031e-001
 7.7479970e-001
 7.7477992e-001
 7.7475721e-001
 7.7473575e-001
 7.7470541e-001
 7.7466196e-001
 7.7461022e-001
 7.7456224e-001
 7.7452147e-001
 7.7448726e-001
 7.7445740e-001
 7.7442271e-001
 7.7438647e-001
 7.7435261e-001
 7.7430475e-001
 7.7425528e-001
 7.7421123e-001
 7.7417397e-001
 7.7414078e-001
 7.7409965e-001
 7.7404785e-001
 7.7399296e-001
 7.7392030e-001
 7.7385324e-001
 7.7380472e-001
 7.7375436e-001
 7.7369535e-001
 7.7363390e-001
 7.7357543e-001
 7.7350974e-001
 7.7344376e-001
 7.7337933e-001
 7.7331668e-001
 7.7326661e-001
 7.7322370e-001
 7.7318054e-001
 7.7312857e-001
 7.7307272e-001
 7.7301741e-001
 7.7296329e-001
 7.7290708e-001
 7.7284801e-001
 7.7279371e-001
 7.7274096e-001
 7.7266270e-001
 7.7259779e-001
 7.7253699e-001
 7.7246433e-001
 7.7239460e-001
 7.7232569e-001
 7.7226800e-001
 7.7222914e-001
 7.7219421e-001
 7.7215469e-001
 7.7210897e-001
 7.7206069e-001
 7.7200335e-001
 7.7194506e-001
 7.7189308e-001
 7.7184910e-001
 7.7180332e-001
 7.7175349e-001
 7.7170128e-001
 7.7165145e-001
 7.7160794e-001
 7.7156907e-001
 7.7153128e-001
 7.7148986e-001
 7.7144873e-001
 7.7140516e-001
 7.7135682e-001
 7.7130765e-001
 7.7126485e-001
 7.7122164e-001
 7.7117062e-001
 7.7113336e-001
 7.7110106e-001
 7.7106649e-001
 7.7102458e-001
 7.7097583e-001
 7.7093464e-001
 7.7090418e-001
 7.7087641e-001
 7.7084875e-001
 7.7081931e-001
 7.7078897e-001
 7.7076131e-001
 7.7072835e-001
 7.7069926e-001
 7.7067870e-001
 7.7065986e-001
 7.7063608e-001
 7.7061403e-001
 7.7059627e-001
 7.7056527e-001
 7.7053589e-001
 7.7051151e-001
 7.7049148e-001
 7.7047259e-001
 7.7046126e-001
 7.7044976e-001
 7.7042902e-001
 7.7040637e-001
 7.7038127e-001
 7.7035451e-001
 7.7033007e-001
 7.7032042e-001
 7.7031034e-001
 7.7030110e-001
 7.7030003e-001
 7.7028847e-001
 7.7027339e-001
 7.7025884e-001
 7.7024651e-001
 7.7024943e-001
 7.7024025e-001
 7.7021646e-001
 7.7019751e-001
 7.7018172e-001
 7.7017242e-001
 7.7016431e-001
 7.7014631e-001
 7.7014261e-001
 7.7013594e-001
 7.7011639e-001
 7.7008903e-001
 7.7005279e-001
 7.7001727e-001
 7.6998758e-001
 7.6996273e-001
 7.6993400e-001
 7.6990718e-001
 7.6988578e-001
 7.6986724e-001
 7.6984274e-001
 7.6981384e-001
 7.6977670e-001
 7.6971871e-001
 7.6966792e-001
 7.6961410e-001
 7.6954752e-001
 7.6947367e-001
 7.6939797e-001
 7.6933461e-001
 7.6928407e-001
 7.6921636e-001
 7.6914072e-001
 7.6908815e-001
 7.6905906e-001
 7.6899183e-001
 7.6895225e-001
 7.6892465e-001
 7.6889384e-001
 7.6888210e-001
 7.6889217e-001
 7.6891261e-001
 7.6894468e-001
 7.6902372e-001
 7.6910090e-001
 7.6919580e-001
 7.6931196e-001
 7.6939768e-001
 7.6950186e-001
 7.6963091e-001
 7.6977074e-001
 7.6989228e-001
 7.7000767e-001
 7.7013075e-001
 7.7026159e-001
 7.7036947e-001
 7.7050668e-001
 7.7061981e-001
 7.7069014e-001
 7.7078277e-001
 7.7089661e-001
 7.7099073e-001
 7.7105975e-001
 7.7115303e-001
 7.7123487e-001
 7.7133888e-001
 7.7144992e-001
 7.7149278e-001
 7.7156335e-001
 7.7165157e-001
 7.7172935e-001
 7.7177674e-001
 7.7187109e-001
 7.7194387e-001
 7.7199203e-001
 7.7207810e-001
 7.7213693e-001
 7.7221286e-001
 7.7225173e-001
 7.7231354e-001
 7.7237427e-001
 7.7243412e-001
 7.7249330e-001
 7.7255195e-001
 7.7261037e-001
 7.7266872e-001
 7.7272719e-001
 7.7278590e-001
 7.7284479e-001
 7.7290368e-001
 7.7296239e-001
 7.7302063e-001
 7.7307791e-001
 7.7313423e-001
 7.7318954e-001
 7.7324408e-001
 7.7329808e-001
 7.7335215e-001
 7.7340651e-001
 7.7346152e-001
 7.7351713e-001
 7.7357322e-001
 7.7362931e-001
 7.7368504e-001
 7.7373981e-001
 7.7379340e-001
 7.7384549e-001
 7.7389604e-001
 7.7394521e-001
 7.7399313e-001
 7.7404010e-001
 7.7408648e-001
 7.7413249e-001
 7.7417839e-001
 7.7422440e-001
 7.7427071e-001
 7.7431762e-001
 7.7436531e-001
 7.7441400e-001
 7.7446383e-001
 7.7451497e-001
 7.7456731e-001
 7.7462077e-001
 7.7467501e-001
 7.7472979e-001
 7.7478474e-001
 7.7483970e-001
 7.7489448e-001
 7.7494919e-001
 7.7500391e-001
 7.7505869e-001
 7.7511358e-001
 7.7516866e-001
 7.7522379e-001
 7.7527893e-001
 7.7533388e-001
 7.7538860e-001
 7.7544308e-001
 7.7549738e-001
 7.7555150e-001
 7.7560562e-001
 7.7565974e-001
 7.7571380e-001
 7.7576786e-001
 7.7582181e-001
 7.7587569e-001
 7.7592951e-001
 7.7598315e-001
 7.7603662e-001
 7.7608979e-001
 7.7614242e-001
 7.7619445e-001
 7.7624559e-001
 7.7629578e-001
 7.7634507e-001
 7.7639359e-001
 7.7644169e-001
 7.7648973e-001
 7.7653837e-001
 7.7658802e-001
 7.7663916e-001
 7.7669203e-001
 7.7674657e-001
 7.7680272e-001
 7.7686000e-001
 7.7691782e-001
 7.7697563e-001
 7.7703279e-001
 7.7708882e-001
 7.7714348e-001
 7.7719647e-001
 7.7724779e-001
 7.7729756e-001
 7.7734578e-001
 7.7739269e-001
 7.7743852e-001
 7.7748340e-001
 7.7752769e-001
 7.7757150e-001
 7.7761507e-001
 7.7765852e-001
 7.7770197e-001
 7.7774549e-001
 7.7778888e-001
 7.7783221e-001
 7.7787530e-001
 7.7791816e-001
 7.7796060e-001
 7.7800274e-001
 7.7804458e-001
 7.7808625e-001
 7.7812767e-001
 7.7816886e-001
 7.7820987e-001
 7.7825052e-001
 7.7829057e-001
 7.7832985e-001
 7.7836794e-001
 7.7840447e-001
 7.7843910e-001
 7.7847141e-001
 7.7850103e-001
 7.7852768e-001
 7.7855116e-001
 7.7857131e-001
 7.7858806e-001
 7.7860111e-001
 7.7861017e-001
 7.7861482e-001
 7.7861434e-001
 7.7860796e-001
 7.7859485e-001
 7.7857399e-001
 7.7854455e-001
 7.7850598e-001
 7.7845782e-001
 7.7840000e-001
 7.7833289e-001
 7.7825713e-001
 7.7817398e-001
 7.7808499e-001
 7.7799225e-001
 7.7789807e-001
 7.7780515e-001
 7.7771628e-001
 7.7763432e-001
 7.7756208e-001
 7.7750206e-001
 7.7745646e-001
 7.7742690e-001
 7.7741450e-001
 7.7741957e-001
 7.7744192e-001
 7.7748060e-001
 7.7753419e-001
 7.7760082e-001
 7.7767825e-001
 7.7776408e-001
 7.7785587e-001
 7.7795136e-001
 7.7804840e-001
 7.7814513e-001
 7.7824003e-001
 7.7833205e-001
 7.7842027e-001
 7.7850413e-001
 7.7858335e-001
 7.7865785e-001
 7.7872759e-001
 7.7879286e-001
 7.7885401e-001
 7.7891129e-001
 7.7896523e-001
 7.7901620e-001
 7.7906460e-001
 7.7911079e-001
 7.7915525e-001
 7.7919823e-001
 7.7924007e-001
 7.7928096e-001
 7.7932096e-001
 7.7936012e-001
 7.7939826e-001
 7.7943534e-001
 7.7947122e-001
 7.7950567e-001
 7.7953881e-001
 7.7957070e-001
 7.7960157e-001
 7.7963167e-001
 7.7966148e-001
 7.7969146e-001
 7.7972192e-001
 7.7975345e-001
 7.7978647e-001
 7.7982134e-001
 7.7985829e-001
 7.7989751e-001
 7.7993888e-001
 7.7998221e-001
 7.8002709e-001
 7.8007311e-001
 7.8011996e-001
 7.8016716e-001
 7.8021449e-001
 7.8026181e-001
 7.8030890e-001
 7.8035569e-001
 7.8040218e-001
 7.8044832e-001
 7.8049403e-001
 7.8053939e-001
 7.8058434e-001
 7.8062892e-001
 7.8067333e-001
 7.8071767e-001
 7.8076202e-001
 7.8080642e-001
 7.8085089e-001
 7.8089541e-001
 7.8093988e-001
 7.8098410e-001
 7.8102797e-001
 7.8107125e-001
 7.8111392e-001
 7.8115577e-001
 7.8119659e-001
 7.8123629e-001
 7.8127468e-001
 7.8131163e-001
 7.8134716e-001
 7.8138125e-001
 7.8141409e-001
 7.8144592e-001
 7.8147709e-001
 7.8150773e-001
 7.8153813e-001
 7.8156847e-001
 7.8159881e-001
 7.8162909e-001
 7.8165919e-001
 7.8168923e-001
 7.8171915e-001
 7.8174913e-001
 7.8177941e-001
 7.8181052e-001
 7.8184277e-001
 7.8187656e-001
 7.8191221e-001
 7.8194976e-001
 7.8198928e-001
 7.8203046e-001
 7.8207302e-001
 7.8211665e-001
 7.8216094e-001
 7.8220558e-001
 7.8225017e-001
 7.8229433e-001
 7.8233784e-001
 7.8238022e-001
 7.8242117e-001
 7.8246033e-001
 7.8249747e-001
 7.8253245e-001
 7.8256500e-001
 7.8259510e-001
 7.8262269e-001
 7.8264773e-001
 7.8267020e-001
 7.8268999e-001
 7.8270704e-001
 7.8272128e-001
 7.8273267e-001
 7.8274107e-001
 7.8274637e-001
 7.8274852e-001
 7.8274745e-001
 7.8274304e-001
 7.8273547e-001
 7.8272468e-001
 7.8271079e-001
 7.8269410e-001
 7.8267467e-001
 7.8265291e-001
 7.8262901e-001
 7.8260326e-001
 7.8257585e-001
 7.8254694e-001
 7.8251672e-001
 7.8248525e-001
 7.8245270e-001
 7.8241909e-001
 7.8238475e-001
 7.8234988e-001
 7.8231490e-001
 7.8227997e-001
 7.8224552e-001
 7.8221160e-001
 7.8217828e-001
 7.8214550e-001
 7.8211284e-001
 7.8208011e-001
 7.8204697e-001
 7.8201318e-001
 7.8197849e-001
 7.8194302e-001
 7.8190684e-001
 7.8186995e-001
 7.8183258e-001
 7.8179473e-001
 7.8175640e-001
 7.8171736e-001
 7.8167742e-001
 7.8163630e-001
 7.8159368e-001
 7.8154910e-001
 7.8150243e-001
 7.8145337e-001
 7.8140187e-001
 7.8134793e-001
 7.8129166e-001
 7.8123319e-001
 7.8117269e-001
 7.8111047e-001
 7.8104669e-001
 7.8098142e-001
 7.8091484e-001
 7.8084701e-001
 7.8077793e-001
 7.8070760e-001
 7.8063601e-001
 7.8056312e-001
 7.8048897e-001
 7.8041345e-001
 7.8033674e-001
 7.8025883e-001
 7.8017986e-001
 7.8009993e-001
 7.8001928e-001
 7.7993810e-001
 7.7985656e-001
 7.7977461e-001
 7.7969229e-001
 7.7960932e-001
 7.7952522e-001
 7.7943945e-001
 7.7935123e-001
 7.7925950e-001
 7.7916330e-001
 7.7906144e-001
 7.7895254e-001
 7.7883536e-001
 7.7870840e-001
 7.7857000e-001
 7.7841842e-001
 7.7825135e-001
 7.7806646e-001
 7.7786070e-001
 7.7763075e-001
 7.7737272e-001
 7.7708232e-001
 7.7675509e-001
 7.7638614e-001
 7.7597082e-001
 7.7550459e-001
 7.7498305e-001
 7.7440292e-001
 7.7376145e-001
 7.7305716e-001
 7.7228999e-001
 7.7146095e-001
 7.7057248e-001
 7.6962763e-001
 7.6862997e-001
 7.6758295e-001
 7.6648849e-001
 7.6534742e-001
 7.6415789e-001
 7.6291609e-001
 7.6161581e-001
 7.6024866e-001
 7.5880563e-001
 7.5727683e-001
 7.5565368e-001
 7.5392956e-001
 7.5209981e-001
 7.5016391e-001
 7.4812508e-001
 7.4598938e-001
 7.4376774e-001
 7.4147296e-001
 7.3912114e-001
 7.3673016e-001
 7.3431814e-001
 7.3190498e-001
 7.2950947e-001
 7.2715139e-001
 7.2485024e-001
 7.2262490e-001
 7.2049546e-001
 7.1848130e-001
 7.1660328e-001
 7.1488249e-001
 7.1333963e-001
 7.1199620e-001
 7.1087205e-001
 7.0998609e-001
 7.0935494e-001
 7.0899159e-001
 7.0890540e-001
 7.0910090e-001
 7.0957744e-001
 7.1032870e-001
 7.1134317e-001
 7.1260375e-001
 7.1408838e-001
 7.1577179e-001
 7.1762466e-001
 7.1961677e-001
 7.2171623e-001
 7.2389156e-001
 7.2611338e-001
 7.2835344e-001
 7.3058754e-001
 7.3279387e-001
 7.3495412e-001
 7.3705411e-001
 7.3908198e-001
 7.4102944e-001
 7.4289000e-001
 7.4465907e-001
 7.4633437e-001
 7.4791390e-001
 7.4939746e-001
 7.5078493e-001
 7.5207692e-001
 7.5327510e-001
 7.5438106e-001
 7.5539702e-001
 7.5632584e-001
 7.5717050e-001
 7.5793457e-001
 7.5862157e-001
 7.5923538e-001
 7.5978011e-001
 7.6025987e-001
 7.6067913e-001
 7.6104254e-001
 7.6135510e-001
 7.6162243e-001
 7.6185077e-001
 7.6204705e-001
 7.6221895e-001
 7.6237470e-001
 7.6252306e-001
 7.6267284e-001
 7.6283270e-001
 7.6301080e-001
 7.6321417e-001
 7.6344877e-001
 7.6371884e-001
 7.6402700e-001
 7.6437420e-001
 7.6475942e-001
 7.6518047e-001
 7.6563364e-001
 7.6611418e-001
 7.6661712e-001
 7.6713681e-001
 7.6766789e-001
 7.6820499e-001
 7.6874334e-001
 7.6927876e-001
 7.6980746e-001
 7.7032667e-001
 7.7083397e-001
 7.7132767e-001
 7.7180690e-001
 7.7227104e-001
 7.7272022e-001
 7.7315468e-001
 7.7357507e-001
 7.7398223e-001
 7.7437681e-001
 7.7475971e-001
 7.7513146e-001
 7.7549261e-001
 7.7584356e-001
 7.7618462e-001
 7.7651602e-001
 7.7683806e-001
 7.7715099e-001
 7.7745527e-001
 7.7775127e-001
 7.7803940e-001
 7.7832013e-001
 7.7859402e-001
 7.7886140e-001
 7.7912265e-001
 7.7937818e-001
 7.7962834e-001
 7.7987331e-001
 7.8011346e-001
 7.8034908e-001
 7.8058034e-001
 7.8080755e-001
 7.8103095e-001
 7.8125072e-001
 7.8146684e-001
 7.8167951e-001
 7.8188866e-001
 7.8209424e-001
 7.8229630e-001
 7.8249478e-001
 7.8268957e-001
 7.8288072e-001
 7.8306800e-001
 7.8325129e-001
 7.8343046e-001
 7.8360528e-001
 7.8377557e-001
 7.8394127e-001
 7.8410238e-001
 7.8425914e-001
 7.8441173e-001
 7.8456068e-001
 7.8470629e-001
 7.8484887e-001
 7.8498870e-001
 7.8512585e-001
 7.8526032e-001
 7.8539217e-001
 7.8552121e-001
 7.8564775e-001
 7.8577197e-001
 7.8589427e-001
 7.8601521e-001
 7.8613526e-001
 7.8625500e-001
 7.8637469e-001
 7.8649437e-001
 7.8661388e-001
 7.8673267e-001
 7.8685009e-001
 7.8696537e-001
 7.8707761e-001
 7.8718597e-001
 7.8728980e-001
 7.8738874e-001
 7.8748256e-001
 7.8757143e-001
 7.8765583e-001
 7.8773648e-001
 7.8781438e-001
 7.8789067e-001
 7.8796661e-001
 7.8804356e-001
 7.8812283e-001
 7.8820556e-001
 7.8829294e-001
 7.8838587e-001
 7.8848499e-001
 7.8859061e-001
 7.8870273e-001
 7.8882098e-001
 7.8894466e-001
 7.8907275e-001
 7.8920412e-001
 7.8933746e-001
 7.8947157e-001
 7.8960526e-001
 7.8973746e-001
 7.8986740e-001
 7.8999430e-001
 7.9011768e-001
 7.9023731e-001
 7.9035294e-001
 7.9046452e-001
 7.9057229e-001
 7.9067630e-001
 7.9077685e-001
 7.9087442e-001
 7.9096919e-001
 7.9106158e-001
 7.9115200e-001
 7.9124063e-001
 7.9132771e-001
 7.9141343e-001
 7.9149771e-001
 7.9158062e-001
 7.9166198e-001
 7.9174161e-001
 7.9181916e-001
 7.9189438e-001
 7.9196697e-001
 7.9203665e-001
 7.9210311e-001
 7.9216617e-001
 7.9222572e-001
 7.9228181e-001
 7.9233438e-001
 7.9238367e-001
 7.9242986e-001
 7.9247344e-001
 7.9251462e-001
 7.9255408e-001
 7.9259229e-001
 7.9262972e-001
 7.9266697e-001
 7.9270452e-001
 7.9274267e-001
 7.9278153e-001
 7.9282111e-001
 7.9286116e-001
 7.9290134e-001
 7.9294127e-001
 7.9298043e-001
 7.9301864e-001
 7.9305553e-001
 7.9309112e-001
 7.9312539e-001
 7.9315871e-001
 7.9319125e-001
 7.9322356e-001
 7.9325581e-001
 7.9328841e-001
 7.9332137e-001
 7.9335475e-001
 7.9338831e-001
 7.9342169e-001
 7.9345435e-001
 7.9348570e-001
 7.9351509e-001
 7.9354191e-001
 7.9356545e-001
 7.9358548e-001
 7.9360175e-001
 7.9361439e-001
 7.9362392e-001
 7.9363108e-001
 7.9363698e-001
 7.9364288e-001
 7.9365033e-001
 7.9366070e-001
 7.9367542e-001
 7.9369563e-001
 7.9372221e-001
 7.9375553e-001
 7.9379565e-001
 7.9384190e-001
 7.9389340e-001
 7.9394883e-001
 7.9400671e-001
 7.9406554e-001
 7.9412389e-001
 7.9418063e-001
 7.9423499e-001
 7.9428637e-001
 7.9433459e-001
 7.9437947e-001
 7.9442114e-001
 7.9445958e-001
 7.9449493e-001
 7.9452717e-001
 7.9455620e-001
 7.9458201e-001
 7.9460466e-001
 7.9462421e-001
 7.9464090e-001
 7.9465503e-001
 7.9466695e-001
 7.9467720e-001
 7.9468608e-001
 7.9469377e-001
 7.9470032e-001
 7.9470557e-001
 7.9470915e-001
 7.9471046e-001
 7.9470891e-001
 7.9470408e-001
 7.9469538e-001
 7.9468262e-001
 7.9466569e-001
 7.9464471e-001
 7.9462004e-001
 7.9459184e-001
 7.9456061e-001
 7.9452658e-001
 7.9448974e-001
 7.9445016e-001
 7.9440755e-001
 7.9436165e-001
 7.9431218e-001
 7.9425901e-001
 7.9420227e-001
 7.9414213e-001
 7.9407907e-001
 7.9401362e-001
 7.9394639e-001
 7.9387766e-001
 7.9380786e-001
 7.9373699e-001
 7.9366499e-001
 7.9359186e-001
 7.9351765e-001
 7.9344237e-001
 7.9336631e-001
 7.9328972e-001
 7.9321277e-001
 7.9313540e-001
 7.9305738e-001
 7.9297817e-001
 7.9289711e-001
 7.9281330e-001
 7.9272604e-001
 7.9263455e-001
 7.9253846e-001
 7.9243761e-001
 7.9233217e-001
 7.9222244e-001
 7.9210895e-001
 7.9199219e-001
 7.9187274e-001
 7.9175103e-001
 7.9162723e-001
 7.9150152e-001
 7.9137403e-001
 7.9124457e-001
 7.9111326e-001
 7.9098016e-001
 7.9084539e-001
 7.9070932e-001
 7.9057246e-001
 7.9043531e-001
 7.9029864e-001
 7.9016298e-001
 7.9002905e-001
 7.8989726e-001
 7.8976804e-001
 7.8964180e-001
 7.8951865e-001
 7.8939879e-001
 7.8928226e-001
 7.8916931e-001
 7.8905994e-001
 7.8895432e-001
 7.8885263e-001
 7.8875506e-001
 7.8866208e-001
 7.8857422e-001
 7.8849208e-001
 7.8841668e-001
 7.8834891e-001
 7.8828990e-001
 7.8824055e-001
 7.8820157e-001
 7.8817350e-001
 7.8815639e-001
 7.8814989e-001
 7.8815335e-001
 7.8816569e-001
 7.8818560e-001
 7.8821135e-001
 7.8824109e-001
 7.8827274e-001
 7.8830409e-001
 7.8833306e-001
 7.8835750e-001
 7.8837568e-001
 7.8838617e-001
 7.8838801e-001
 7.8838038e-001
 7.8836304e-001
 7.8833586e-001
 7.8829885e-001
 7.8825223e-001
 7.8819633e-001
 7.8813171e-001
 7.8805900e-001
 7.8797895e-001
 7.8789252e-001
 7.8780073e-001
 7.8770465e-001
 7.8760505e-001
 7.8750259e-001
 7.8739768e-001
 7.8729033e-001
 7.8718030e-001
 7.8706723e-001
 7.8695077e-001
 7.8683066e-001
 7.8670681e-001
 7.8657961e-001
 7.8644961e-001
 7.8631765e-001
 7.8618479e-001
 7.8605187e-001
 7.8591967e-001
 7.8578794e-001
 7.8565758e-001
 7.8552705e-001
 7.8539491e-001
 7.8525943e-001
 7.8511888e-001
 7.8497177e-001
 7.8481710e-001
 7.8465426e-001
 7.8448319e-001
 7.8430402e-001
 7.8411734e-001
 7.8392351e-001
 7.8372294e-001
 7.8351605e-001
 7.8330290e-001
 7.8308332e-001
 7.8285724e-001
 7.8262419e-001
 7.8238404e-001
 7.8213650e-001
 7.8188151e-001
 7.8161901e-001
 7.8134912e-001
 7.8107166e-001
 7.8078645e-001
 7.8049296e-001
 7.8019071e-001
 7.7987880e-001
 7.7955651e-001
 7.7922326e-001
 7.7887857e-001
 7.7852249e-001
 7.7815515e-001
 7.7777719e-001
 7.7738959e-001
 7.7699310e-001
 7.7658892e-001
 7.7617788e-001
 7.7576053e-001
 7.7533710e-001
 7.7490717e-001
 7.7446997e-001
 7.7402431e-001
 7.7356839e-001
 7.7310038e-001
 7.7261811e-001
 7.7211952e-001
 7.7160245e-001
 7.7106446e-001
 7.7050340e-001
 7.6991665e-001
 7.6930165e-001
 7.6865590e-001
 7.6797640e-001
 7.6726061e-001
 7.6650560e-001
 7.6570886e-001
 7.6486784e-001
 7.6397961e-001
 7.6304132e-001
 7.6204920e-001
 7.6099920e-001
 7.5988644e-001
 7.5870484e-001
 7.5744802e-001
 7.5610936e-001
 7.5468177e-001
 7.5315940e-001
 7.5153673e-001
 7.4980980e-001
 7.4797601e-001
 7.4603266e-001
 7.4397820e-001
 7.4180919e-001
 7.3952150e-001
 7.3710853e-001
 7.3456001e-001
 7.3186439e-001
 7.2900641e-001
 7.2597075e-001
 7.2274250e-001
 7.1930742e-001
 7.1565670e-001
 7.1178514e-001
 7.0769584e-001
 7.0340014e-001
 6.9891673e-001
 6.9427490e-001
 6.8951285e-001
 6.8467504e-001
 6.7981476e-001
 6.7498797e-001
 6.7025554e-001
 6.6567951e-001
 6.6131985e-001
 6.5723658e-001
 6.5348387e-001
 6.5011203e-001
 6.4716423e-001
 6.4467436e-001
 6.4266795e-001
 6.4115900e-001
 6.4015156e-001
 6.3963848e-001
 6.3960254e-001
 6.4001769e-001
 6.4085048e-001
 6.4206165e-001
 6.4360750e-001
 6.4544261e-001
 6.4751989e-001
 6.4979357e-001
 6.5221894e-001
 6.5475363e-001
 6.5735942e-001
 6.6000098e-001
 6.6264677e-001
 6.6527015e-001
 6.6784722e-001
 6.7035884e-001
 6.7278880e-001
 6.7512405e-001
 6.7735565e-001
 6.7947632e-001
 6.8148243e-001
 6.8337178e-001
 6.8514389e-001
 6.8680030e-001
 6.8834293e-001
 6.8977523e-001
 6.9110066e-001
 6.9232357e-001
 6.9344914e-001
 6.9448268e-001
 6.9543034e-001
 6.9629842e-001
 6.9709337e-001
 6.9782203e-001
 6.9849086e-001
 6.9910598e-001
 6.9967306e-001
 7.0019704e-001
 7.0068246e-001
 7.0113283e-001
 7.0155126e-001
 7.0194030e-001
 7.0230186e-001
 7.0263761e-001
 7.0294887e-001
 7.0323694e-001
 7.0350319e-001
 7.0374924e-001
 7.0397735e-001
 7.0419002e-001
 7.0439035e-001
 7.0458174e-001
 7.0476764e-001
 7.0495141e-001
 7.0513600e-001
 7.0532382e-001
 7.0551705e-001
 7.0571715e-001
 7.0592541e-001
 7.0614290e-001
 7.0637065e-001
 7.0660973e-001
 7.0686132e-001
 7.0712674e-001
 7.0740741e-001
 7.0770466e-001
 7.0801985e-001
 7.0835406e-001
 7.0870805e-001
 7.0908254e-001
 7.0947760e-001
 7.0989305e-001
 7.1032798e-001
 7.1078104e-001
 7.1125048e-001
 7.1173376e-001
 7.1222866e-001
 7.1273261e-001
 7.1324360e-001
 7.1376055e-001
 7.1428305e-001
 7.1481234e-001
 7.1535093e-001
 7.1590251e-001
 7.1647239e-001
 7.1706688e-001
 7.1769279e-001
 7.1835762e-001
 7.1906829e-001
 7.1983135e-001
 7.2065187e-001
 7.2153312e-001
 7.2247678e-001
 7.2348160e-001
 7.2454429e-001
 7.2565866e-001
 7.2681683e-001
 7.2800803e-001
 7.2922117e-001
 7.3044467e-001
 7.3166627e-001
 7.3287576e-001
 7.3406392e-001
 7.3522371e-001
 7.3634899e-001
 7.3743635e-001
 7.3848385e-001
 7.3949051e-001
 7.4045724e-001
 7.4138618e-001
 7.4227971e-001
 7.4314135e-001
 7.4397451e-001
 7.4478263e-001
 7.4556786e-001
 7.4633211e-001
 7.4707639e-001
 7.4780029e-001
 7.4850345e-001
 7.4918514e-001
 7.4984443e-001
 7.5048089e-001
 7.5109488e-001
 7.5168663e-001
 7.5225711e-001
 7.5280750e-001
 7.5333875e-001
 7.5385141e-001
 7.5434583e-001
 7.5482231e-001
 7.5528038e-001
 7.5572026e-001
 7.5614256e-001
 7.5654823e-001
 7.5693911e-001
 7.5731742e-001
 7.5768542e-001
 7.5804472e-001
 7.5839621e-001
 7.5873983e-001
 7.5907415e-001
 7.5939715e-001
 7.5970638e-001
 7.5999892e-001
 7.6027244e-001
 7.6052505e-001
 7.6075512e-001
 7.6096201e-001
 7.6114553e-001
 7.6130623e-001
 7.6144499e-001
 7.6156348e-001
 7.6166362e-001
 7.6174736e-001
 7.6181638e-001
 7.6187199e-001
 7.6191491e-001
 7.6194531e-001
 7.6196307e-001
 7.6196814e-001
 7.6196063e-001
 7.6194113e-001
 7.6191080e-001
 7.6187086e-001
 7.6182288e-001
 7.6176798e-001
 7.6170689e-001
 7.6163995e-001
 7.6156682e-001
 7.6148707e-001
 7.6140004e-001
 7.6130533e-001
 7.6120257e-001
 7.6109207e-001
 7.6097441e-001
 7.6085061e-001
 7.6072210e-001
 7.6059043e-001
 7.6045734e-001
 7.6032454e-001
 7.6019371e-001
 7.6006633e-001
 7.5994354e-001
 7.5982618e-001
 7.5971448e-001
 7.5960827e-001
 7.5950700e-001
 7.5940943e-001
 7.5931436e-001
 7.5922024e-001
 7.5912571e-001
 7.5902933e-001
 7.5892991e-001
 7.5882649e-001
 7.5871837e-001
 7.5860488e-001
 7.5848591e-001
 7.5836158e-001
 7.5823241e-001
 7.5809950e-001
 7.5796437e-001
 7.5782877e-001
 7.5769454e-001
 7.5756305e-001
 7.5743514e-001
 7.5731051e-001
 7.5718820e-001
 7.5706589e-001
 7.5694072e-001
 7.5680959e-001
 7.5666904e-001
 7.5651604e-001
 7.5634807e-001
 7.5616300e-001
 7.5595921e-001
 7.5573522e-001
 7.5549030e-001
 7.5522357e-001
 7.5493431e-001
 7.5462234e-001
 7.5428724e-001
 7.5392902e-001
 7.5354791e-001
 7.5314444e-001
 7.5271904e-001
 7.5227267e-001
 7.5180596e-001
 7.5131929e-001
 7.5081283e-001
 7.5028694e-001
 7.4974161e-001
 7.4917722e-001
 7.4859482e-001
 7.4799585e-001
 7.4738246e-001
 7.4675781e-001
 7.4612528e-001
 7.4548888e-001
 7.4485248e-001
 7.4422026e-001
 7.4359518e-001
 7.4297875e-001
 7.4237114e-001
 7.4176967e-001
 7.4116910e-001
 7.4056226e-001
 7.3993993e-001
 7.3929131e-001
 7.3860604e-001
 7.3787355e-001
 7.3708451e-001
 7.3623103e-001
 7.3530769e-001
 7.3431057e-001
 7.3323786e-001
 7.3209059e-001
 7.3087102e-001
 7.2958308e-001
 7.2823274e-001
 7.2682613e-001
 7.2536969e-001
 7.2386944e-001
 7.2233176e-001
 7.2076118e-001
 7.1916121e-001
 7.1753573e-001
 7.1588665e-001
 7.1421558e-001
 7.1252519e-001
 7.1081674e-001
 7.0909154e-001
 7.0735204e-001
 7.0559931e-001
 7.0383477e-001
 7.0205927e-001
 7.0027465e-001
 6.9848126e-001
 6.9667894e-001
 6.9486833e-001
 6.9304818e-001
 6.9121677e-001
 6.8937320e-001
 6.8751544e-001
 6.8564212e-001
 6.8375254e-001
 6.8184888e-001
 6.7993379e-001
 6.7801225e-001
 6.7609304e-001
 6.7418605e-001
 6.7230368e-001
 6.7046177e-001
 6.6867661e-001
 6.6696644e-001
 6.6534984e-001
 6.6384703e-001
 6.6247660e-001
 6.6125631e-001
 6.6020280e-001
 6.5932947e-001
 6.5864664e-001
 6.5816134e-001
 6.5787584e-001
 6.5778828e-001
 6.5789241e-001
 6.5817744e-001
 6.5862882e-001
 6.5922862e-001
 6.5995544e-001
 6.6078609e-001
 6.6169590e-001
 6.6265893e-001
 6.6365010e-001
 6.6464543e-001
 6.6562229e-001
 6.6656148e-001
 6.6744673e-001
 6.6826570e-001
 6.6900903e-001
 6.6967183e-001
 6.7025238e-001
 6.7075181e-001
 6.7117423e-001
 6.7152619e-001
 6.7181569e-001
 6.7205262e-001
 6.7224753e-001
 6.7241162e-001
 6.7255604e-001
 6.7269140e-001
 6.7282730e-001
 6.7297190e-001
 6.7313147e-001
 6.7331028e-001
 6.7351002e-001
 6.7373031e-001
 6.7396849e-001
 6.7421967e-001
 6.7447710e-001
 6.7473251e-001
 6.7497635e-001
 6.7519796e-001
 6.7538667e-001
 6.7553163e-001
 6.7562270e-001
 6.7565101e-001
 6.7560917e-001
 6.7549205e-001
 6.7529666e-001
 6.7502236e-001
 6.7467093e-001
 6.7424613e-001
 6.7375320e-001
 6.7319858e-001
 6.7258960e-001
 6.7193329e-001
 6.7123628e-001
 6.7050505e-001
 6.6974467e-001
 6.6895914e-001
 6.6815192e-001
 6.6732502e-001
 6.6647971e-001
 6.6561621e-001
 6.6473478e-001
 6.6383427e-001
 6.6291285e-001
 6.6196865e-001
 6.6099834e-001
 6.5999794e-001
 6.5896398e-001
 6.5789229e-001
 6.5677923e-001
 6.5562296e-001
 6.5442193e-001
 6.5317637e-001
 6.5188760e-001
 6.5055913e-001
 6.4919466e-001
 6.4779896e-001
 6.4637840e-001
 6.4493906e-001
 6.4348704e-001
 6.4202917e-001
 6.4057082e-001
 6.3911664e-001
 6.3766980e-001
 6.3623333e-001
 6.3480824e-001
 6.3339496e-001
 6.3199461e-001
 6.3060755e-001
 6.2923449e-001
 6.2787765e-001
 6.2653863e-001
 6.2521946e-001
 6.2392277e-001
 6.2265009e-001
 6.2140244e-001
 6.2017959e-001
 6.1898130e-001
 6.1780530e-001
 6.1664855e-001
 6.1550844e-001
 6.1438119e-001
 6.1326319e-001
 6.1215210e-001
 6.1104548e-001
 6.0994220e-001
 6.0884213e-001
 6.0774726e-001
 6.0666049e-001
 6.0558617e-001
 6.0453111e-001
 6.0350275e-001
 6.0251004e-001
 6.0156363e-001
 6.0067397e-001
 5.9985209e-001
 5.9910840e-001
 5.9845304e-001
 5.9789461e-001
 5.9744030e-001
 5.9709662e-001
 5.9686869e-001
 5.9676105e-001
 5.9677762e-001
 5.9692150e-001
 5.9719545e-001
 5.9760106e-001
 5.9813935e-001
 5.9881049e-001
 5.9961426e-001
 6.0054922e-001
 6.0161430e-001
 6.0280758e-001
 6.0412544e-001
 6.0556316e-001
 6.0711378e-001
 6.0876620e-001
 6.1050749e-001
 6.1232150e-001
 6.1419064e-001
 6.1609483e-001
 6.1801583e-001
 6.1993676e-001
 6.2184191e-001
 6.2372005e-001
 6.2556291e-001
 6.2736386e-001
 6.2911958e-001
 6.3082749e-001
 6.3248396e-001
 6.3408554e-001
 6.3562709e-001
 6.3710237e-001
 6.3850313e-001
 6.3982165e-001
 6.4105022e-001
 6.4218086e-001
 6.4320731e-001
 6.4412409e-001
 6.4492601e-001
 6.4560926e-001
 6.4617079e-001
 6.4660883e-001
 6.4692295e-001
 6.4711517e-001
 6.4719009e-001
 6.4715517e-001
 6.4702076e-001
 6.4679921e-001
 6.4650464e-001
 6.4615101e-001
 6.4575160e-001
 6.4531809e-001
 6.4485931e-001
 6.4438099e-001
 6.4388579e-001
 6.4337367e-001
 6.4284158e-001
 6.4228451e-001
 6.4169663e-001
 6.4107174e-001
 6.4040452e-001
 6.3969207e-001
 6.3893354e-001
 6.3813144e-001
 6.3729078e-001
 6.3641965e-001
 6.3552749e-001
 6.3462460e-001
 6.3372231e-001
 6.3283062e-001
 6.3195819e-001
 6.3111198e-001
 6.3029534e-001
 6.2950808e-001
 6.2874657e-001
 6.2800318e-001
 6.2726766e-001
 6.2652761e-001
 6.2577057e-001
 6.2498403e-001
 6.2415659e-001
 6.2327880e-001
 6.2234223e-001
 6.2133950e-001
 6.2026513e-001
 6.1911410e-001
 6.1788285e-001
 6.1656934e-001
 6.1517447e-001
 6.1370081e-001
 6.1215323e-001
 6.1053973e-001
 6.0886848e-001
 6.0714817e-001
 6.0538864e-001
 6.0359758e-001
 6.0178173e-001
 5.9994823e-001
 5.9810209e-001
 5.9624797e-001
 5.9438944e-001
 5.9253037e-001
 5.9067190e-001
 5.8881366e-001
 5.8695430e-001
 5.8508945e-001
 5.8321291e-001
 5.8131921e-001
 5.7940167e-001
 5.7745564e-001
 5.7547837e-001
 5.7347202e-001
 5.7144082e-001
 5.6939232e-001
 5.6733841e-001
 5.6529111e-001
 5.6326288e-001
 5.6126690e-001
 5.5931336e-001
 5.5741012e-001
 5.5556226e-001
 5.5377322e-001
 5.5204290e-001
 5.5036920e-001
 5.4874980e-001
 5.4718012e-001
 5.4565489e-001
 5.4416996e-001
 5.4272026e-001
 5.4130155e-001
 5.3991151e-001
 5.3854787e-001
 5.3720951e-001
 5.3589547e-001
 5.3460574e-001
 5.3333879e-001
 5.3209227e-001
 5.3086340e-001
 5.2964729e-001
 5.2843791e-001
 5.2722967e-001
 5.2601612e-001
 5.2479190e-001
 5.2355278e-001
 5.2229714e-001
 5.2102399e-001
 5.1973367e-001
 5.1842809e-001
 5.1710844e-001
 5.1577550e-001
 5.1443046e-001
 5.1307285e-001
 5.1170212e-001
 5.1031923e-001
 5.0892532e-001
 5.0752336e-001
 5.0611824e-001
 5.0471783e-001
 5.0333112e-001
 5.0196868e-001
 5.0064355e-001
 4.9936885e-001
 4.9815795e-001
 4.9702463e-001
 4.9597991e-001
 4.9503195e-001
 4.9418491e-001
 4.9343914e-001
 4.9279061e-001
 4.9223226e-001
-1.2300000e+034
