s07_ASD Record=13200: Dolomite.5+Ca-Mont.5 AMX10   ASDNGb AREF
-1.2300000e+034
 5.7837427e-001
 5.7719225e-001
 5.7672089e-001
 5.7780963e-001
 5.7885385e-001
 5.7977086e-001
 5.8063185e-001
 5.8154100e-001
 5.8249623e-001
 5.8336389e-001
 5.8414423e-001
 5.8492994e-001
 5.8600587e-001
 5.8675367e-001
 5.8707190e-001
 5.8748847e-001
 5.8813602e-001
 5.8884245e-001
 5.8941931e-001
 5.8981502e-001
 5.9042954e-001
 5.9133101e-001
 5.9236425e-001
 5.9318471e-001
 5.9388608e-001
 5.9456664e-001
 5.9526873e-001
 5.9606022e-001
 5.9688497e-001
 5.9768325e-001
 5.9852803e-001
 5.9906298e-001
 5.9950197e-001
 6.0029739e-001
 6.0118610e-001
 6.0211015e-001
 6.0305780e-001
 6.0405427e-001
 6.0481441e-001
 6.0542536e-001
 6.0602611e-001
 6.0656941e-001
 6.0727024e-001
 6.0802680e-001
 6.0859275e-001
 6.0916710e-001
 6.0973400e-001
 6.1023527e-001
 6.1059034e-001
 6.1103165e-001
 6.1159217e-001
 6.1218387e-001
 6.1249930e-001
 6.1291981e-001
 6.1343247e-001
 6.1378539e-001
 6.1419910e-001
 6.1457646e-001
 6.1489177e-001
 6.1530393e-001
 6.1561900e-001
 6.1593467e-001
 6.1636645e-001
 6.1675417e-001
 6.1707246e-001
 6.1737800e-001
 6.1776853e-001
 6.1809814e-001
 6.1839157e-001
 6.1868984e-001
 6.1899835e-001
 6.1933452e-001
 6.1967319e-001
 6.1999071e-001
 6.2035733e-001
 6.2069815e-001
 6.2100196e-001
 6.2132692e-001
 6.2170619e-001
 6.2206322e-001
 6.2236911e-001
 6.2277538e-001
 6.2315053e-001
 6.2348598e-001
 6.2383366e-001
 6.2420571e-001
 6.2462044e-001
 6.2506497e-001
 6.2548482e-001
 6.2596905e-001
 6.2647963e-001
 6.2697679e-001
 6.2753451e-001
 6.2812066e-001
 6.2871301e-001
 6.2930149e-001
 6.2992048e-001
 6.3054281e-001
 6.3114882e-001
 6.3174981e-001
 6.3235492e-001
 6.3294971e-001
 6.3351762e-001
 6.3408619e-001
 6.3461876e-001
 6.3512474e-001
 6.3565683e-001
 6.3618755e-001
 6.3671207e-001
 6.3722426e-001
 6.3770115e-001
 6.3817102e-001
 6.3862985e-001
 6.3906980e-001
 6.3953173e-001
 6.4000046e-001
 6.4046276e-001
 6.4091951e-001
 6.4136106e-001
 6.4180422e-001
 6.4225590e-001
 6.4267248e-001
 6.4310300e-001
 6.4354819e-001
 6.4397848e-001
 6.4440340e-001
 6.4480871e-001
 6.4520305e-001
 6.4564604e-001
 6.4607829e-001
 6.4649993e-001
 6.4692426e-001
 6.4733058e-001
 6.4775884e-001
 6.4820033e-001
 6.4859813e-001
 6.4903396e-001
 6.4947313e-001
 6.4989209e-001
 6.5034461e-001
 6.5079999e-001
 6.5124017e-001
 6.5165806e-001
 6.5208894e-001
 6.5252978e-001
 6.5297806e-001
 6.5343708e-001
 6.5387833e-001
 6.5431219e-001
 6.5475726e-001
 6.5522289e-001
 6.5567356e-001
 6.5611291e-001
 6.5656698e-001
 6.5701985e-001
 6.5746367e-001
 6.5789968e-001
 6.5834266e-001
 6.5879023e-001
 6.5923834e-001
 6.5968478e-001
 6.6013747e-001
 6.6058004e-001
 6.6101474e-001
 6.6145998e-001
 6.6192740e-001
 6.6240168e-001
 6.6286445e-001
 6.6330731e-001
 6.6375887e-001
 6.6422153e-001
 6.6468233e-001
 6.6513664e-001
 6.6558957e-001
 6.6604549e-001
 6.6650522e-001
 6.6696513e-001
 6.6742730e-001
 6.6789365e-001
 6.6835374e-001
 6.6881531e-001
 6.6927934e-001
 6.6973937e-001
 6.7020774e-001
 6.7068529e-001
 6.7116964e-001
 6.7165774e-001
 6.7214471e-001
 6.7262447e-001
 6.7309505e-001
 6.7358726e-001
 6.7407703e-001
 6.7455393e-001
 6.7503095e-001
 6.7551297e-001
 6.7599779e-001
 6.7648119e-001
 6.7695659e-001
 6.7742640e-001
 6.7789358e-001
 6.7836177e-001
 6.7883182e-001
 6.7929429e-001
 6.7974788e-001
 6.8021411e-001
 6.8068337e-001
 6.8114913e-001
 6.8160647e-001
 6.8205255e-001
 6.8249732e-001
 6.8294263e-001
 6.8337893e-001
 6.8381006e-001
 6.8423450e-001
 6.8464845e-001
 6.8504488e-001
 6.8543440e-001
 6.8581975e-001
 6.8619531e-001
 6.8655807e-001
 6.8691230e-001
 6.8726134e-001
 6.8760306e-001
 6.8794274e-001
 6.8828130e-001
 6.8861574e-001
 6.8893820e-001
 6.8924326e-001
 6.8954110e-001
 6.8985450e-001
 6.9017005e-001
 6.9048679e-001
 6.9080287e-001
 6.9110918e-001
 6.9141293e-001
 6.9171834e-001
 6.9202381e-001
 6.9230747e-001
 6.9257367e-001
 6.9282466e-001
 6.9305623e-001
 6.9329470e-001
 6.9353950e-001
 6.9378376e-001
 6.9402677e-001
 6.9427735e-001
 6.9453478e-001
 6.9478875e-001
 6.9503027e-001
 6.9526458e-001
 6.9549364e-001
 6.9571149e-001
 6.9592530e-001
 6.9613737e-001
 6.9634700e-001
 6.9655490e-001
 6.9675744e-001
 6.9695634e-001
 6.9715762e-001
 6.9735694e-001
 6.9755369e-001
 6.9774592e-001
 6.9792503e-001
 6.9809914e-001
 6.9827080e-001
 6.9843906e-001
 6.9861031e-001
 6.9878793e-001
 6.9896859e-001
 6.9913900e-001
 6.9930428e-001
 6.9946784e-001
 6.9963312e-001
 6.9980139e-001
 6.9996768e-001
 7.0013279e-001
 7.0029962e-001
 7.0045424e-001
 7.0060509e-001
 7.0075953e-001
 7.0091963e-001
 7.0108235e-001
 7.0124733e-001
 7.0141536e-001
 7.0157540e-001
 7.0172679e-001
 7.0187157e-001
 7.0202255e-001
 7.0217776e-001
 7.0234263e-001
 7.0251292e-001
 7.0267123e-001
 7.0282614e-001
 7.0297468e-001
 7.0311534e-001
 7.0327079e-001
 7.0343280e-001
 7.0358926e-001
 7.0373470e-001
 7.0389330e-001
 7.0405775e-001
 7.0421857e-001
 7.0437509e-001
 7.0452541e-001
 7.0467460e-001
 7.0482773e-001
 7.0497513e-001
 7.0512122e-001
 7.0527118e-001
 7.0542234e-001
 7.0556957e-001
 7.0571727e-001
 7.0587087e-001
 7.0602441e-001
 7.0617396e-001
 7.0632035e-001
 7.0646864e-001
 7.0662826e-001
 7.0679182e-001
 7.0694840e-001
 7.0708895e-001
 7.0721209e-001
 7.0733452e-001
 7.0747155e-001
 7.0760101e-001
 7.0773733e-001
 7.0787895e-001
 7.0801163e-001
 7.0813608e-001
 7.0825392e-001
 7.0837080e-001
 7.0850337e-001
 7.0863283e-001
 7.0875716e-001
 7.0888150e-001
 7.0899826e-001
 7.0910764e-001
 7.0921391e-001
 7.0932376e-001
 7.0943636e-001
 7.0954138e-001
 7.0963341e-001
 7.0973116e-001
 7.0983851e-001
 7.0994222e-001
 7.1002948e-001
 7.1012926e-001
 7.1023643e-001
 7.1034342e-001
 7.1044093e-001
 7.1053571e-001
 7.1062338e-001
 7.1070534e-001
 7.1080023e-001
 7.1090174e-001
 7.1100426e-001
 7.1109962e-001
 7.1117300e-001
 7.1123779e-001
 7.1130693e-001
 7.1138877e-001
 7.1146804e-001
 7.1154743e-001
 7.1163338e-001
 7.1173459e-001
 7.1183163e-001
 7.1192747e-001
 7.1202940e-001
 7.1211952e-001
 7.1220374e-001
 7.1229082e-001
 7.1238703e-001
 7.1248871e-001
 7.1258968e-001
 7.1269071e-001
 7.1280879e-001
 7.1292925e-001
 7.1304208e-001
 7.1314055e-001
 7.1322757e-001
 7.1331191e-001
 7.1339279e-001
 7.1346325e-001
 7.1353567e-001
 7.1361607e-001
 7.1370220e-001
 7.1377635e-001
 7.1384430e-001
 7.1390778e-001
 7.1396762e-001
 7.1403015e-001
 7.1409464e-001
 7.1416545e-001
 7.1424788e-001
 7.1433645e-001
 7.1442574e-001
 7.1451384e-001
 7.1460313e-001
 7.1470273e-001
 7.1480441e-001
 7.1490091e-001
 7.1500820e-001
 7.1511149e-001
 7.1520430e-001
 7.1529073e-001
 7.1537083e-001
 7.1545422e-001
 7.1554589e-001
 7.1564269e-001
 7.1573544e-001
 7.1582347e-001
 7.1590567e-001
 7.1597362e-001
 7.1603060e-001
 7.1608168e-001
 7.1613240e-001
 7.1618444e-001
 7.1624625e-001
 7.1631664e-001
 7.1638477e-001
 7.1645170e-001
 7.1651489e-001
 7.1656811e-001
 7.1659929e-001
 7.1663535e-001
 7.1668035e-001
 7.1673173e-001
 7.1679503e-001
 7.1685451e-001
 7.1690381e-001
 7.1694541e-001
 7.1699256e-001
 7.1703446e-001
 7.1706223e-001
 7.1707588e-001
 7.1710372e-001
 7.1713769e-001
 7.1716827e-001
 7.1720165e-001
 7.1724111e-001
 7.1727896e-001
 7.1730644e-001
 7.1732968e-001
 7.1735334e-001
 7.1737885e-001
 7.1740651e-001
 7.1742737e-001
 7.1743929e-001
 7.1744424e-001
 7.1745139e-001
 7.1745723e-001
 7.1746463e-001
 7.1747380e-001
 7.1747643e-001
 7.1746653e-001
 7.1745837e-001
 7.1747106e-001
 7.1749949e-001
 7.1753204e-001
 7.1755946e-001
 7.1757698e-001
 7.1759778e-001
 7.1761471e-001
 7.1762246e-001
 7.1762216e-001
 7.1762985e-001
 7.1764451e-001
 7.1766114e-001
 7.1767932e-001
 7.1768403e-001
 7.1767944e-001
 7.1767396e-001
 7.1765774e-001
 7.1764177e-001
 7.1762896e-001
 7.1761578e-001
 7.1760041e-001
 7.1757615e-001
 7.1754575e-001
 7.1752012e-001
 7.1748376e-001
 7.1744740e-001
 7.1742010e-001
 7.1739626e-001
 7.1736646e-001
 7.1733338e-001
 7.1730262e-001
 7.1727359e-001
 7.1725380e-001
 7.1723682e-001
 7.1721238e-001
 7.1718216e-001
 7.1715415e-001
 7.1712869e-001
 7.1710008e-001
 7.1707124e-001
 7.1703923e-001
 7.1700746e-001
 7.1698767e-001
 7.1695656e-001
 7.1692473e-001
 7.1689814e-001
 7.1685880e-001
 7.1682990e-001
 7.1680504e-001
 7.1677113e-001
 7.1672970e-001
 7.1668822e-001
 7.1665412e-001
 7.1662802e-001
 7.1659321e-001
 7.1655875e-001
 7.1653134e-001
 7.1651363e-001
 7.1649140e-001
 7.1645939e-001
 7.1642399e-001
 7.1639979e-001
 7.1636683e-001
 7.1632469e-001
 7.1627814e-001
 7.1623349e-001
 7.1619755e-001
 7.1616429e-001
 7.1612591e-001
 7.1607792e-001
 7.1602368e-001
 7.1597171e-001
 7.1592724e-001
 7.1587992e-001
 7.1584082e-001
 7.1580821e-001
 7.1577549e-001
 7.1574152e-001
 7.1570116e-001
 7.1566242e-001
 7.1563554e-001
 7.1559876e-001
 7.1556848e-001
 7.1554637e-001
 7.1551836e-001
 7.1547449e-001
 7.1543211e-001
 7.1539772e-001
 7.1536171e-001
 7.1531719e-001
 7.1527678e-001
 7.1524364e-001
 7.1520221e-001
 7.1514374e-001
 7.1508145e-001
 7.1502417e-001
 7.1495026e-001
 7.1489543e-001
 7.1485156e-001
 7.1480417e-001
 7.1475774e-001
 7.1471530e-001
 7.1467090e-001
 7.1461827e-001
 7.1456456e-001
 7.1450704e-001
 7.1444893e-001
 7.1439505e-001
 7.1434599e-001
 7.1429604e-001
 7.1424848e-001
 7.1420717e-001
 7.1416223e-001
 7.1410459e-001
 7.1404260e-001
 7.1399105e-001
 7.1392637e-001
 7.1386963e-001
 7.1382189e-001
 7.1376467e-001
 7.1370214e-001
 7.1362817e-001
 7.1354419e-001
 7.1345830e-001
 7.1337396e-001
 7.1327907e-001
 7.1317708e-001
 7.1308762e-001
 7.1297836e-001
 7.1287346e-001
 7.1277708e-001
 7.1266222e-001
 7.1255726e-001
 7.1244568e-001
 7.1232331e-001
 7.1221149e-001
 7.1206582e-001
 7.1191764e-001
 7.1177083e-001
 7.1157074e-001
 7.1137816e-001
 7.1117043e-001
 7.1092856e-001
 7.1066946e-001
 7.1040809e-001
 7.1014678e-001
 7.0988292e-001
 7.0960450e-001
 7.0931160e-001
 7.0905101e-001
 7.0882720e-001
 7.0855349e-001
 7.0834565e-001
 7.0816875e-001
 7.0798916e-001
 7.0784295e-001
 7.0772797e-001
 7.0762360e-001
 7.0753467e-001
 7.0752251e-001
 7.0751840e-001
 7.0754594e-001
 7.0762157e-001
 7.0771015e-001
 7.0780146e-001
 7.0794994e-001
 7.0816278e-001
 7.0834321e-001
 7.0852149e-001
 7.0872742e-001
 7.0894450e-001
 7.0908320e-001
 7.0927691e-001
 7.0945477e-001
 7.0957530e-001
 7.0971018e-001
 7.0985341e-001
 7.1000355e-001
 7.1014208e-001
 7.1023476e-001
 7.1040219e-001
 7.1054846e-001
 7.1063226e-001
 7.1073079e-001
 7.1085793e-001
 7.1095538e-001
 7.1102375e-001
 7.1113485e-001
 7.1127290e-001
 7.1136439e-001
 7.1142119e-001
 7.1152693e-001
 7.1161258e-001
 7.1172392e-001
 7.1175861e-001
 7.1183729e-001
 7.1191299e-001
 7.1198565e-001
 7.1205544e-001
 7.1212238e-001
 7.1218681e-001
 7.1224904e-001
 7.1230954e-001
 7.1236867e-001
 7.1242684e-001
 7.1248436e-001
 7.1254128e-001
 7.1259767e-001
 7.1265346e-001
 7.1270853e-001
 7.1276289e-001
 7.1281660e-001
 7.1286982e-001
 7.1292281e-001
 7.1297598e-001
 7.1302962e-001
 7.1308404e-001
 7.1313936e-001
 7.1319550e-001
 7.1325225e-001
 7.1330935e-001
 7.1336639e-001
 7.1342295e-001
 7.1347880e-001
 7.1353376e-001
 7.1358770e-001
 7.1364093e-001
 7.1369356e-001
 7.1374601e-001
 7.1379870e-001
 7.1385181e-001
 7.1390563e-001
 7.1396035e-001
 7.1401596e-001
 7.1407259e-001
 7.1413022e-001
 7.1418881e-001
 7.1424818e-001
 7.1430826e-001
 7.1436882e-001
 7.1442950e-001
 7.1449006e-001
 7.1455020e-001
 7.1460968e-001
 7.1466839e-001
 7.1472627e-001
 7.1478337e-001
 7.1483976e-001
 7.1489537e-001
 7.1495044e-001
 7.1500492e-001
 7.1505904e-001
 7.1511292e-001
 7.1516687e-001
 7.1522117e-001
 7.1527600e-001
 7.1533173e-001
 7.1538842e-001
 7.1544617e-001
 7.1550483e-001
 7.1556431e-001
 7.1562427e-001
 7.1568447e-001
 7.1574450e-001
 7.1580386e-001
 7.1586215e-001
 7.1591902e-001
 7.1597433e-001
 7.1602803e-001
 7.1608019e-001
 7.1613109e-001
 7.1618104e-001
 7.1623045e-001
 7.1627957e-001
 7.1632874e-001
 7.1637839e-001
 7.1642864e-001
 7.1647984e-001
 7.1653199e-001
 7.1658504e-001
 7.1663892e-001
 7.1669310e-001
 7.1674716e-001
 7.1680051e-001
 7.1685249e-001
 7.1690273e-001
 7.1695077e-001
 7.1699655e-001
 7.1704000e-001
 7.1708125e-001
 7.1712053e-001
 7.1715820e-001
 7.1719456e-001
 7.1722990e-001
 7.1726465e-001
 7.1729892e-001
 7.1733284e-001
 7.1736634e-001
 7.1739930e-001
 7.1743149e-001
 7.1746266e-001
 7.1749246e-001
 7.1752077e-001
 7.1754748e-001
 7.1757257e-001
 7.1759599e-001
 7.1761769e-001
 7.1763760e-001
 7.1765554e-001
 7.1767116e-001
 7.1768433e-001
 7.1769458e-001
 7.1770161e-001
 7.1770501e-001
 7.1770436e-001
 7.1769905e-001
 7.1768820e-001
 7.1767104e-001
 7.1764642e-001
 7.1761310e-001
 7.1756971e-001
 7.1751481e-001
 7.1744686e-001
 7.1736413e-001
 7.1726501e-001
 7.1714747e-001
 7.1700960e-001
 7.1684933e-001
 7.1666467e-001
 7.1645373e-001
 7.1621495e-001
 7.1594709e-001
 7.1564949e-001
 7.1532226e-001
 7.1496612e-001
 7.1458286e-001
 7.1417505e-001
 7.1374655e-001
 7.1330225e-001
 7.1284789e-001
 7.1239048e-001
 7.1193761e-001
 7.1149772e-001
 7.1107954e-001
 7.1069151e-001
 7.1034193e-001
 7.1003801e-001
 7.0978588e-001
 7.0959002e-001
 7.0945311e-001
 7.0937586e-001
 7.0935708e-001
 7.0939380e-001
 7.0948142e-001
 7.0961410e-001
 7.0978528e-001
 7.0998770e-001
 7.1021432e-001
 7.1045792e-001
 7.1071225e-001
 7.1097130e-001
 7.1123010e-001
 7.1148449e-001
 7.1173108e-001
 7.1196717e-001
 7.1219105e-001
 7.1240127e-001
 7.1259719e-001
 7.1277851e-001
 7.1294516e-001
 7.1309751e-001
 7.1323603e-001
 7.1336150e-001
 7.1347463e-001
 7.1357626e-001
 7.1366721e-001
 7.1374834e-001
 7.1382034e-001
 7.1388388e-001
 7.1393973e-001
 7.1398866e-001
 7.1403152e-001
 7.1406949e-001
 7.1410376e-001
 7.1413583e-001
 7.1416730e-001
 7.1419972e-001
 7.1423453e-001
 7.1427304e-001
 7.1431613e-001
 7.1436447e-001
 7.1441817e-001
 7.1447724e-001
 7.1454126e-001
 7.1460956e-001
 7.1468139e-001
 7.1475589e-001
 7.1483219e-001
 7.1490937e-001
 7.1498662e-001
 7.1506327e-001
 7.1513867e-001
 7.1521246e-001
 7.1528417e-001
 7.1535349e-001
 7.1542025e-001
 7.1548420e-001
 7.1554518e-001
 7.1560311e-001
 7.1565789e-001
 7.1570957e-001
 7.1575803e-001
 7.1580350e-001
 7.1584606e-001
 7.1588600e-001
 7.1592355e-001
 7.1595907e-001
 7.1599311e-001
 7.1602595e-001
 7.1605808e-001
 7.1608990e-001
 7.1612167e-001
 7.1615362e-001
 7.1618569e-001
 7.1621782e-001
 7.1624964e-001
 7.1628088e-001
 7.1631092e-001
 7.1633917e-001
 7.1636504e-001
 7.1638793e-001
 7.1640718e-001
 7.1642232e-001
 7.1643281e-001
 7.1643823e-001
 7.1643835e-001
 7.1643287e-001
 7.1642172e-001
 7.1640503e-001
 7.1638310e-001
 7.1635646e-001
 7.1632582e-001
 7.1629220e-001
 7.1625680e-001
 7.1622109e-001
 7.1618670e-001
 7.1615535e-001
 7.1612871e-001
 7.1610850e-001
 7.1609610e-001
 7.1609247e-001
 7.1609807e-001
 7.1611267e-001
 7.1613550e-001
 7.1616507e-001
 7.1619946e-001
 7.1623635e-001
 7.1627337e-001
 7.1630818e-001
 7.1633852e-001
 7.1636260e-001
 7.1637905e-001
 7.1638674e-001
 7.1638495e-001
 7.1637338e-001
 7.1635175e-001
 7.1632016e-001
 7.1627855e-001
 7.1622729e-001
 7.1616656e-001
 7.1609652e-001
 7.1601743e-001
 7.1592939e-001
 7.1583259e-001
 7.1572697e-001
 7.1561277e-001
 7.1548998e-001
 7.1535879e-001
 7.1521968e-001
 7.1507305e-001
 7.1491957e-001
 7.1476001e-001
 7.1459538e-001
 7.1442670e-001
 7.1425521e-001
 7.1408212e-001
 7.1390879e-001
 7.1373647e-001
 7.1356648e-001
 7.1339983e-001
 7.1323729e-001
 7.1307939e-001
 7.1292615e-001
 7.1277726e-001
 7.1263194e-001
 7.1248913e-001
 7.1234757e-001
 7.1220577e-001
 7.1206260e-001
 7.1191680e-001
 7.1176755e-001
 7.1161431e-001
 7.1145672e-001
 7.1129465e-001
 7.1112806e-001
 7.1095675e-001
 7.1078062e-001
 7.1059912e-001
 7.1041161e-001
 7.1021742e-001
 7.1001548e-001
 7.0980495e-001
 7.0958495e-001
 7.0935470e-001
 7.0911390e-001
 7.0886219e-001
 7.0859975e-001
 7.0832682e-001
 7.0804387e-001
 7.0775163e-001
 7.0745087e-001
 7.0714253e-001
 7.0682758e-001
 7.0650709e-001
 7.0618194e-001
 7.0585316e-001
 7.0552152e-001
 7.0518768e-001
 7.0485222e-001
 7.0451558e-001
 7.0417804e-001
 7.0383996e-001
 7.0350176e-001
 7.0316380e-001
 7.0282674e-001
 7.0249099e-001
 7.0215720e-001
 7.0182592e-001
 7.0149750e-001
 7.0117205e-001
 7.0084947e-001
 7.0052916e-001
 7.0021039e-001
 6.9989198e-001
 6.9957256e-001
 6.9925040e-001
 6.9892365e-001
 6.9859034e-001
 6.9824797e-001
 6.9789428e-001
 6.9752651e-001
 6.9714171e-001
 6.9673681e-001
 6.9630843e-001
 6.9585311e-001
 6.9536698e-001
 6.9484639e-001
 6.9428754e-001
 6.9368643e-001
 6.9303930e-001
 6.9234246e-001
 6.9159210e-001
 6.9078475e-001
 6.8991643e-001
 6.8898344e-001
 6.8798172e-001
 6.8690675e-001
 6.8575394e-001
 6.8451798e-001
 6.8319374e-001
 6.8177599e-001
 6.8025899e-001
 6.7863756e-001
 6.7690581e-001
 6.7505813e-001
 6.7308843e-001
 6.7098922e-001
 6.6875350e-001
 6.6637301e-001
 6.6384107e-001
 6.6115296e-001
 6.5830636e-001
 6.5530497e-001
 6.5215868e-001
 6.4888328e-001
 6.4550298e-001
 6.4204639e-001
 6.3854760e-001
 6.3504279e-001
 6.3156629e-001
 6.2815106e-001
 6.2482375e-001
 6.2160611e-001
 6.1851341e-001
 6.1555350e-001
 6.1273074e-001
 6.1004424e-001
 6.0749179e-001
 6.0507077e-001
 6.0277855e-001
 6.0061610e-001
 5.9858704e-001
 5.9670007e-001
 5.9496880e-001
 5.9341055e-001
 5.9204721e-001
 5.9090233e-001
 5.9000039e-001
 5.8936411e-001
 5.8901215e-001
 5.8895779e-001
 5.8920676e-001
 5.8975673e-001
 5.9059674e-001
 5.9170800e-001
 5.9306437e-001
 5.9463406e-001
 5.9638232e-001
 5.9827191e-001
 6.0026681e-001
 6.0233241e-001
 6.0443735e-001
 6.0655504e-001
 6.0866237e-001
 6.1074138e-001
 6.1277741e-001
 6.1475891e-001
 6.1667776e-001
 6.1852682e-001
 6.2030125e-001
 6.2199682e-001
 6.2361020e-001
 6.2513942e-001
 6.2658280e-001
 6.2793940e-001
 6.2920964e-001
 6.3039380e-001
 6.3149327e-001
 6.3250941e-001
 6.3344389e-001
 6.3429868e-001
 6.3507557e-001
 6.3577664e-001
 6.3640398e-001
 6.3696021e-001
 6.3744873e-001
 6.3787383e-001
 6.3824105e-001
 6.3855743e-001
 6.3883150e-001
 6.3907337e-001
 6.3929451e-001
 6.3950759e-001
 6.3972574e-001
 6.3996255e-001
 6.4023119e-001
 6.4054370e-001
 6.4091086e-001
 6.4134121e-001
 6.4184099e-001
 6.4241374e-001
 6.4306009e-001
 6.4377803e-001
 6.4456332e-001
 6.4540923e-001
 6.4630783e-001
 6.4724988e-001
 6.4822561e-001
 6.4922553e-001
 6.5024006e-001
 6.5126103e-001
 6.5228087e-001
 6.5329319e-001
 6.5429342e-001
 6.5527761e-001
 6.5624344e-001
 6.5718931e-001
 6.5811414e-001
 6.5901804e-001
 6.5990072e-001
 6.6076279e-001
 6.6160429e-001
 6.6242540e-001
 6.6322649e-001
 6.6400766e-001
 6.6476911e-001
 6.6551131e-001
 6.6623473e-001
 6.6694015e-001
 6.6762853e-001
 6.6830069e-001
 6.6895783e-001
 6.6960096e-001
 6.7023104e-001
 6.7084897e-001
 6.7145514e-001
 6.7205042e-001
 6.7263490e-001
 6.7320913e-001
 6.7377323e-001
 6.7432737e-001
 6.7487180e-001
 6.7540663e-001
 6.7593217e-001
 6.7644858e-001
 6.7695600e-001
 6.7745507e-001
 6.7794591e-001
 6.7842901e-001
 6.7890489e-001
 6.7937368e-001
 6.7983574e-001
 6.8029112e-001
 6.8073976e-001
 6.8118161e-001
 6.8161643e-001
 6.8204421e-001
 6.8246472e-001
 6.8287802e-001
 6.8328428e-001
 6.8368351e-001
 6.8407619e-001
 6.8446243e-001
 6.8484229e-001
 6.8521607e-001
 6.8558359e-001
 6.8594491e-001
 6.8629986e-001
 6.8664843e-001
 6.8699062e-001
 6.8732649e-001
 6.8765646e-001
 6.8798077e-001
 6.8829983e-001
 6.8861407e-001
 6.8892390e-001
 6.8922943e-001
 6.8953109e-001
 6.8982905e-001
 6.9012350e-001
 6.9041467e-001
 6.9070280e-001
 6.9098818e-001
 6.9127101e-001
 6.9155163e-001
 6.9183016e-001
 6.9210684e-001
 6.9238198e-001
 6.9265568e-001
 6.9292825e-001
 6.9319987e-001
 6.9347054e-001
 6.9374031e-001
 6.9400913e-001
 6.9427663e-001
 6.9454253e-001
 6.9480628e-001
 6.9506741e-001
 6.9532531e-001
 6.9557959e-001
 6.9582981e-001
 6.9607568e-001
 6.9631726e-001
 6.9655436e-001
 6.9678700e-001
 6.9701529e-001
 6.9723892e-001
 6.9745785e-001
 6.9767171e-001
 6.9788021e-001
 6.9808298e-001
 6.9827992e-001
 6.9847095e-001
 6.9865620e-001
 6.9883597e-001
 6.9901091e-001
 6.9918150e-001
 6.9934869e-001
 6.9951326e-001
 6.9967598e-001
 6.9983780e-001
 6.9999933e-001
 7.0016116e-001
 7.0032364e-001
 7.0048672e-001
 7.0065033e-001
 7.0081401e-001
 7.0097703e-001
 7.0113879e-001
 7.0129842e-001
 7.0145512e-001
 7.0160824e-001
 7.0175719e-001
 7.0190144e-001
 7.0204061e-001
 7.0217466e-001
 7.0230353e-001
 7.0242745e-001
 7.0254672e-001
 7.0266181e-001
 7.0277339e-001
 7.0288217e-001
 7.0298874e-001
 7.0309389e-001
 7.0319802e-001
 7.0330173e-001
 7.0340520e-001
 7.0350862e-001
 7.0361197e-001
 7.0371521e-001
 7.0381814e-001
 7.0392066e-001
 7.0402247e-001
 7.0412356e-001
 7.0422369e-001
 7.0432276e-001
 7.0442080e-001
 7.0451766e-001
 7.0461333e-001
 7.0470780e-001
 7.0480108e-001
 7.0489299e-001
 7.0498359e-001
 7.0507276e-001
 7.0516044e-001
 7.0524651e-001
 7.0533097e-001
 7.0541376e-001
 7.0549488e-001
 7.0557439e-001
 7.0565236e-001
 7.0572883e-001
 7.0580411e-001
 7.0587832e-001
 7.0595175e-001
 7.0602465e-001
 7.0609725e-001
 7.0616966e-001
 7.0624202e-001
 7.0631427e-001
 7.0638615e-001
 7.0645761e-001
 7.0652819e-001
 7.0659769e-001
 7.0666564e-001
 7.0673168e-001
 7.0679539e-001
 7.0685655e-001
 7.0691472e-001
 7.0696974e-001
 7.0702147e-001
 7.0706981e-001
 7.0711482e-001
 7.0715624e-001
 7.0719409e-001
 7.0722800e-001
 7.0725769e-001
 7.0728278e-001
 7.0730275e-001
 7.0731717e-001
 7.0732564e-001
 7.0732790e-001
 7.0732391e-001
 7.0731366e-001
 7.0729750e-001
 7.0727587e-001
 7.0724934e-001
 7.0721859e-001
 7.0718431e-001
 7.0714706e-001
 7.0710742e-001
 7.0706558e-001
 7.0702183e-001
 7.0697600e-001
 7.0692796e-001
 7.0687765e-001
 7.0682472e-001
 7.0676899e-001
 7.0671028e-001
 7.0664841e-001
 7.0658320e-001
 7.0651430e-001
 7.0644158e-001
 7.0636457e-001
 7.0628297e-001
 7.0619649e-001
 7.0610470e-001
 7.0600748e-001
 7.0590472e-001
 7.0579660e-001
 7.0568323e-001
 7.0556498e-001
 7.0544225e-001
 7.0531529e-001
 7.0518440e-001
 7.0504963e-001
 7.0491093e-001
 7.0476806e-001
 7.0462066e-001
 7.0446855e-001
 7.0431143e-001
 7.0414913e-001
 7.0398170e-001
 7.0380908e-001
 7.0363140e-001
 7.0344859e-001
 7.0326066e-001
 7.0306742e-001
 7.0286876e-001
 7.0266443e-001
 7.0245433e-001
 7.0223832e-001
 7.0201653e-001
 7.0178914e-001
 7.0155638e-001
 7.0131868e-001
 7.0107651e-001
 7.0083028e-001
 7.0058036e-001
 7.0032710e-001
 7.0007050e-001
 6.9981062e-001
 6.9954741e-001
 6.9928050e-001
 6.9900966e-001
 6.9873464e-001
 6.9845533e-001
 6.9817203e-001
 6.9788504e-001
 6.9759530e-001
 6.9730377e-001
 6.9701195e-001
 6.9672137e-001
 6.9643354e-001
 6.9615000e-001
 6.9587207e-001
 6.9560069e-001
 6.9533658e-001
 6.9508004e-001
 6.9483113e-001
 6.9458961e-001
 6.9435489e-001
 6.9412631e-001
 6.9390297e-001
 6.9368392e-001
 6.9346815e-001
 6.9325447e-001
 6.9304192e-001
 6.9282931e-001
 6.9261551e-001
 6.9239962e-001
 6.9218045e-001
 6.9195712e-001
 6.9172865e-001
 6.9149429e-001
 6.9125348e-001
 6.9100583e-001
 6.9075137e-001
 6.9049060e-001
 6.9022411e-001
 6.8995303e-001
 6.8967837e-001
 6.8940145e-001
 6.8912327e-001
 6.8884462e-001
 6.8856627e-001
 6.8828839e-001
 6.8801129e-001
 6.8773508e-001
 6.8745965e-001
 6.8718511e-001
 6.8691140e-001
 6.8663889e-001
 6.8636769e-001
 6.8609810e-001
 6.8583059e-001
 6.8556559e-001
 6.8530339e-001
 6.8504447e-001
 6.8478888e-001
 6.8453681e-001
 6.8428826e-001
 6.8404329e-001
 6.8380195e-001
 6.8356448e-001
 6.8333101e-001
 6.8310213e-001
 6.8287826e-001
 6.8265998e-001
 6.8244791e-001
 6.8224257e-001
 6.8204445e-001
 6.8185365e-001
 6.8167013e-001
 6.8149036e-001
 6.8132001e-001
 6.8115431e-001
 6.8099153e-001
 6.8082988e-001
 6.8066752e-001
 6.8050289e-001
 6.8033475e-001
 6.8016207e-001
 6.7998421e-001
 6.7980075e-001
 6.7961168e-001
 6.7941707e-001
 6.7921734e-001
 6.7901307e-001
 6.7880499e-001
 6.7859399e-001
 6.7838091e-001
 6.7816615e-001
 6.7795020e-001
 6.7773283e-001
 6.7751348e-001
 6.7729110e-001
 6.7706400e-001
 6.7683023e-001
 6.7658746e-001
 6.7633289e-001
 6.7606401e-001
 6.7577803e-001
 6.7547256e-001
 6.7514545e-001
 6.7479467e-001
 6.7441875e-001
 6.7401624e-001
 6.7358607e-001
 6.7312723e-001
 6.7263883e-001
 6.7212015e-001
 6.7157066e-001
 6.7098993e-001
 6.7037803e-001
 6.6973484e-001
 6.6906089e-001
 6.6835654e-001
 6.6762197e-001
 6.6685730e-001
 6.6606194e-001
 6.6523522e-001
 6.6437614e-001
 6.6348320e-001
 6.6255552e-001
 6.6159189e-001
 6.6059226e-001
 6.5955693e-001
 6.5848672e-001
 6.5738350e-001
 6.5624899e-001
 6.5508544e-001
 6.5389502e-001
 6.5267873e-001
 6.5143704e-001
 6.5016818e-001
 6.4886862e-001
 6.4753217e-001
 6.4614934e-001
 6.4470804e-001
 6.4319330e-001
 6.4158762e-001
 6.3987261e-001
 6.3802886e-001
 6.3603806e-001
 6.3388377e-001
 6.3155085e-001
 6.2902778e-001
 6.2630481e-001
 6.2337512e-001
 6.2023437e-001
 6.1687851e-001
 6.1330622e-001
 6.0951579e-001
 6.0550779e-001
 6.0128385e-001
 5.9684563e-001
 5.9219837e-001
 5.8734709e-001
 5.8230096e-001
 5.7707196e-001
 5.7167351e-001
 5.6612486e-001
 5.6044930e-001
 5.5467284e-001
 5.4882854e-001
 5.4295105e-001
 5.3708130e-001
 5.3126389e-001
 5.2554482e-001
 5.1997513e-001
 5.1460505e-001
 5.0948709e-001
 5.0467253e-001
 5.0020772e-001
 4.9613643e-001
 4.9249375e-001
 4.8930821e-001
 4.8659918e-001
 4.8437563e-001
 4.8263842e-001
 4.8137853e-001
 4.8057947e-001
 4.8021743e-001
 4.8026264e-001
 4.8068091e-001
 4.8143503e-001
 4.8248583e-001
 4.8379359e-001
 4.8531955e-001
 4.8702592e-001
 4.8887679e-001
 4.9083945e-001
 4.9288288e-001
 4.9497989e-001
 4.9710554e-001
 4.9923781e-001
 5.0135845e-001
 5.0345105e-001
 5.0550306e-001
 5.0750375e-001
 5.0944495e-001
 5.1132119e-001
 5.1312810e-001
 5.1486373e-001
 5.1652694e-001
 5.1811785e-001
 5.1963812e-001
 5.2108932e-001
 5.2247459e-001
 5.2379674e-001
 5.2505904e-001
 5.2626544e-001
 5.2741921e-001
 5.2852374e-001
 5.2958256e-001
 5.3059834e-001
 5.3157395e-001
 5.3251147e-001
 5.3341246e-001
 5.3427833e-001
 5.3510976e-001
 5.3590715e-001
 5.3667045e-001
 5.3739941e-001
 5.3809422e-001
 5.3875494e-001
 5.3938228e-001
 5.3997737e-001
 5.4054183e-001
 5.4107785e-001
 5.4158783e-001
 5.4207468e-001
 5.4254127e-001
 5.4299062e-001
 5.4342586e-001
 5.4384989e-001
 5.4426563e-001
 5.4467613e-001
 5.4508418e-001
 5.4549325e-001
 5.4590666e-001
 5.4632837e-001
 5.4676270e-001
 5.4721451e-001
 5.4768890e-001
 5.4819101e-001
 5.4872608e-001
 5.4929912e-001
 5.4991472e-001
 5.5057722e-001
 5.5129015e-001
 5.5205667e-001
 5.5287951e-001
 5.5376041e-001
 5.5470097e-001
 5.5570179e-001
 5.5676258e-001
 5.5788255e-001
 5.5905926e-001
 5.6028950e-001
 5.6156868e-001
 5.6289083e-001
 5.6424975e-001
 5.6563807e-001
 5.6704807e-001
 5.6847262e-001
 5.6990415e-001
 5.7133609e-001
 5.7276213e-001
 5.7417673e-001
 5.7557583e-001
 5.7695556e-001
 5.7831383e-001
 5.7964873e-001
 5.8096004e-001
 5.8224678e-001
 5.8350945e-001
 5.8474863e-001
 5.8596438e-001
 5.8715761e-001
 5.8832890e-001
 5.8947927e-001
 5.9060872e-001
 5.9171808e-001
 5.9280807e-001
 5.9387851e-001
 5.9492993e-001
 5.9596300e-001
 5.9697777e-001
 5.9797502e-001
 5.9895533e-001
 5.9991956e-001
 6.0086739e-001
 6.0179895e-001
 6.0271406e-001
 6.0361117e-001
 6.0448927e-001
 6.0534728e-001
 6.0618359e-001
 6.0699737e-001
 6.0778862e-001
 6.0855716e-001
 6.0930389e-001
 6.1003017e-001
 6.1073768e-001
 6.1142761e-001
 6.1210150e-001
 6.1276060e-001
 6.1340541e-001
 6.1403650e-001
 6.1465442e-001
 6.1525923e-001
 6.1585158e-001
 6.1643219e-001
 6.1700159e-001
 6.1756003e-001
 6.1810744e-001
 6.1864346e-001
 6.1916685e-001
 6.1967635e-001
 6.2017083e-001
 6.2064886e-001
 6.2110984e-001
 6.2155348e-001
 6.2197948e-001
 6.2238818e-001
 6.2278020e-001
 6.2315631e-001
 6.2351716e-001
 6.2386376e-001
 6.2419707e-001
 6.2451768e-001
 6.2482631e-001
 6.2512308e-001
 6.2540776e-001
 6.2567985e-001
 6.2593877e-001
 6.2618417e-001
 6.2641543e-001
 6.2663293e-001
 6.2683707e-001
 6.2702864e-001
 6.2720865e-001
 6.2737805e-001
 6.2753749e-001
 6.2768745e-001
 6.2782806e-001
 6.2795931e-001
 6.2808079e-001
 6.2819219e-001
 6.2829328e-001
 6.2838358e-001
 6.2846297e-001
 6.2853152e-001
 6.2858915e-001
 6.2863648e-001
 6.2867403e-001
 6.2870270e-001
 6.2872368e-001
 6.2873846e-001
 6.2874877e-001
 6.2875634e-001
 6.2876314e-001
 6.2877077e-001
 6.2878054e-001
 6.2879306e-001
 6.2880850e-001
 6.2882614e-001
 6.2884480e-001
 6.2886298e-001
 6.2887883e-001
 6.2889040e-001
 6.2889594e-001
 6.2889397e-001
 6.2888330e-001
 6.2886322e-001
 6.2883359e-001
 6.2879473e-001
 6.2874752e-001
 6.2869322e-001
 6.2863320e-001
 6.2856895e-001
 6.2850147e-001
 6.2843132e-001
 6.2835842e-001
 6.2828195e-001
 6.2820053e-001
 6.2811249e-001
 6.2801611e-001
 6.2790984e-001
 6.2779278e-001
 6.2766433e-001
 6.2752479e-001
 6.2737489e-001
 6.2721586e-001
 6.2704939e-001
 6.2687719e-001
 6.2670135e-001
 6.2652397e-001
 6.2634718e-001
 6.2617332e-001
 6.2600470e-001
 6.2584341e-001
 6.2569159e-001
 6.2555075e-001
 6.2542218e-001
 6.2530667e-001
 6.2520486e-001
 6.2511700e-001
 6.2504333e-001
 6.2498420e-001
 6.2494034e-001
 6.2491250e-001
 6.2490201e-001
 6.2491047e-001
 6.2493956e-001
 6.2499130e-001
 6.2506717e-001
 6.2516820e-001
 6.2529445e-001
 6.2544441e-001
 6.2561518e-001
 6.2580234e-001
 6.2600005e-001
 6.2620157e-001
 6.2639982e-001
 6.2658757e-001
 6.2675828e-001
 6.2690604e-001
 6.2702584e-001
 6.2711376e-001
 6.2716687e-001
 6.2718314e-001
 6.2716132e-001
 6.2710065e-001
 6.2700069e-001
 6.2686110e-001
 6.2668103e-001
 6.2645936e-001
 6.2619436e-001
 6.2588394e-001
 6.2552559e-001
 6.2511688e-001
 6.2465578e-001
 6.2414020e-001
 6.2356871e-001
 6.2294018e-001
 6.2225348e-001
 6.2150729e-001
 6.2070054e-001
 6.1983150e-001
 6.1889845e-001
 6.1789912e-001
 6.1683166e-001
 6.1569339e-001
 6.1448073e-001
 6.1319047e-001
 6.1181712e-001
 6.1035419e-001
 6.0879493e-001
 6.0713089e-001
 6.0535347e-001
 6.0345399e-001
 6.0142601e-001
 5.9926307e-001
 5.9696043e-001
 5.9451711e-001
 5.9193295e-001
 5.8921003e-001
 5.8635533e-001
 5.8337706e-001
 5.8028734e-001
 5.7710129e-001
 5.7384026e-001
 5.7052773e-001
 5.6719118e-001
 5.6386453e-001
 5.6058317e-001
 5.5738527e-001
 5.5431312e-001
 5.5140758e-001
 5.4870856e-001
 5.4625559e-001
 5.4408193e-001
 5.4221547e-001
 5.4067630e-001
 5.3947628e-001
 5.3861576e-001
 5.3808481e-001
 5.3786325e-001
 5.3792095e-001
 5.3822047e-001
 5.3871876e-001
 5.3937060e-001
 5.4013103e-001
 5.4095805e-001
 5.4181367e-001
 5.4266673e-001
 5.4349256e-001
 5.4427242e-001
 5.4499388e-001
 5.4564941e-001
 5.4623443e-001
 5.4674739e-001
 5.4718810e-001
 5.4755652e-001
 5.4785329e-001
 5.4807848e-001
 5.4823190e-001
 5.4831284e-001
 5.4832053e-001
 5.4825401e-001
 5.4811269e-001
 5.4789644e-001
 5.4760587e-001
 5.4724270e-001
 5.4680949e-001
 5.4630977e-001
 5.4574770e-001
 5.4512805e-001
 5.4445547e-001
 5.4373419e-001
 5.4296857e-001
 5.4216182e-001
 5.4131669e-001
 5.4043627e-001
 5.3952277e-001
 5.3857869e-001
 5.3760767e-001
 5.3661317e-001
 5.3559947e-001
 5.3457141e-001
 5.3353477e-001
 5.3249496e-001
 5.3145754e-001
 5.3042865e-001
 5.2941382e-001
 5.2841794e-001
 5.2744627e-001
 5.2650237e-001
 5.2558881e-001
 5.2470642e-001
 5.2385473e-001
 5.2303058e-001
 5.2222890e-001
 5.2144313e-001
 5.2066469e-001
 5.1988351e-001
 5.1908940e-001
 5.1827097e-001
 5.1741719e-001
 5.1651818e-001
 5.1556480e-001
 5.1454967e-001
 5.1346743e-001
 5.1231581e-001
 5.1109415e-001
 5.0980419e-001
 5.0845063e-001
 5.0703895e-001
 5.0557572e-001
 5.0406909e-001
 5.0252610e-001
 5.0095391e-001
 4.9935868e-001
 4.9774703e-001
 4.9612382e-001
 4.9449351e-001
 4.9286145e-001
 4.9123159e-001
 4.8960790e-001
 4.8799530e-001
 4.8639727e-001
 4.8481691e-001
 4.8325795e-001
 4.8172244e-001
 4.8021218e-001
 4.7872806e-001
 4.7727150e-001
 4.7584233e-001
 4.7443995e-001
 4.7306460e-001
 4.7171575e-001
 4.7039360e-001
 4.6910071e-001
 4.6784079e-001
 4.6662056e-001
 4.6544945e-001
 4.6434075e-001
 4.6330976e-001
 4.6237421e-001
 4.6155429e-001
 4.6087044e-001
 4.6034348e-001
 4.5999387e-001
 4.5984015e-001
 4.5989844e-001
 4.6018180e-001
 4.6069893e-001
 4.6145442e-001
 4.6244839e-001
 4.6367565e-001
 4.6512756e-001
 4.6679202e-001
 4.6865293e-001
 4.7069341e-001
 4.7289595e-001
 4.7524151e-001
 4.7771370e-001
 4.8029724e-001
 4.8297939e-001
 4.8574686e-001
 4.8858890e-001
 4.9149421e-001
 4.9444750e-001
 4.9743238e-001
 5.0042856e-001
 5.0340962e-001
 5.0634754e-001
 5.0921106e-001
 5.1196855e-001
 5.1458710e-001
 5.1703835e-001
 5.1929778e-001
 5.2134478e-001
 5.2316666e-001
 5.2475691e-001
 5.2611428e-001
 5.2724439e-001
 5.2815694e-001
 5.2886444e-001
 5.2938193e-001
 5.2972531e-001
 5.2991045e-001
 5.2995259e-001
 5.2986586e-001
 5.2966309e-001
 5.2935529e-001
 5.2895153e-001
 5.2845842e-001
 5.2788073e-001
 5.2722090e-001
 5.2647984e-001
 5.2565759e-001
 5.2475506e-001
 5.2377415e-001
 5.2271903e-001
 5.2159780e-001
 5.2042115e-001
 5.1920223e-001
 5.1795691e-001
 5.1670057e-001
 5.1544750e-001
 5.1421028e-001
 5.1299715e-001
 5.1181239e-001
 5.1065534e-001
 5.0952214e-001
 5.0840455e-001
 5.0729221e-001
 5.0617474e-001
 5.0504196e-001
 5.0388587e-001
 5.0270212e-001
 5.0148886e-001
 5.0024748e-001
 4.9898118e-001
 4.9769542e-001
 4.9639523e-001
 4.9508575e-001
 4.9377272e-001
 4.9246070e-001
 4.9115407e-001
 4.8985776e-001
 4.8857516e-001
 4.8730841e-001
 4.8605877e-001
 4.8482400e-001
 4.8359925e-001
 4.8237637e-001
 4.8114532e-001
 4.7989327e-001
 4.7860608e-001
 4.7727019e-001
 4.7587177e-001
 4.7439808e-001
 4.7283933e-001
 4.7118717e-001
 4.6943650e-001
 4.6758506e-001
 4.6563554e-001
 4.6359280e-001
 4.6146503e-001
 4.5926470e-001
 4.5700490e-001
 4.5469975e-001
 4.5236519e-001
 4.5001453e-001
 4.4765902e-001
 4.4530869e-001
 4.4296822e-001
 4.4063899e-001
 4.3831792e-001
 4.3600044e-001
 4.3367788e-001
 4.3134043e-001
 4.2897990e-001
 4.2658734e-001
 4.2415541e-001
 4.2168081e-001
 4.1916120e-001
 4.1659790e-001
 4.1399500e-001
 4.1136190e-001
 4.0870962e-001
 4.0605187e-001
 4.0340632e-001
 4.0078962e-001
 3.9821821e-001
 3.9570934e-001
 3.9327654e-001
 3.9093190e-001
 3.8868463e-001
 3.8654304e-001
 3.8451129e-001
 3.8259128e-001
 3.8078377e-001
 3.7908638e-001
 3.7749544e-001
 3.7600774e-001
 3.7461874e-001
 3.7332407e-001
 3.7212023e-001
 3.7100232e-001
 3.6996481e-001
 3.6900058e-001
 3.6810181e-001
 3.6725867e-001
 3.6646038e-001
 3.6569625e-001
 3.6495480e-001
 3.6422443e-001
 3.6349410e-001
 3.6275196e-001
 3.6198595e-001
 3.6118343e-001
 3.6033183e-001
 3.5941797e-001
 3.5842904e-001
 3.5735419e-001
 3.5618415e-001
 3.5491252e-001
 3.5353762e-001
 3.5206082e-001
 3.5048729e-001
 3.4882674e-001
 3.4709072e-001
 3.4529355e-001
 3.4345111e-001
 3.4158230e-001
 3.3970639e-001
 3.3784428e-001
 3.3601955e-001
 3.3425534e-001
 3.3257464e-001
 3.3099979e-001
 3.2954803e-001
 3.2823151e-001
 3.2705551e-001
 3.2601967e-001
 3.2511714e-001
 3.2433727e-001
-1.2300000e+034
