s07_ASD Record=13485: Kaol_Wxl+0.5Musc_Ruby AMX12   BECKa AREF
 3.9355853e-001
 3.9764422e-001
 4.0182278e-001
 4.0607464e-001
 4.1037646e-001
 4.1470265e-001
 4.1903153e-001
 4.2334846e-001
 4.2765021e-001
 4.3194407e-001
 4.3624559e-001
 4.4057202e-001
 4.4493842e-001
 4.4935301e-001
 4.5381200e-001
 4.5830041e-001
 4.6279874e-001
 4.6729535e-001
 4.7179136e-001
 4.7629917e-001
 4.8083076e-001
 4.8538280e-001
 4.8992893e-001
 4.9442312e-001
 4.9881372e-001
 5.0305772e-001
 5.0713754e-001
 5.1106340e-001
 5.1485485e-001
 5.1851976e-001
 5.2205211e-001
 5.2544343e-001
 5.2869129e-001
 5.3180277e-001
 5.3480512e-001
 5.3774559e-001
 5.4067427e-001
 5.4362780e-001
 5.4662198e-001
 5.4964983e-001
 5.5268794e-001
 5.5570757e-001
 5.5868495e-001
 5.6160843e-001
 5.6447583e-001
 5.6728733e-001
 5.7003611e-001
 5.7270634e-001
 5.7527816e-001
 5.7773584e-001
 5.8006817e-001
 5.8225226e-001
 5.8422667e-001
 5.8587152e-001
 5.8702916e-001
 5.8757794e-001
 5.8757263e-001
 5.8734190e-001
 5.8737636e-001
 5.8835202e-001
 5.9070235e-001
 5.9389937e-001
 5.9752053e-001
 6.0121691e-001
 6.0450464e-001
 6.0716373e-001
 6.0931355e-001
 6.1113924e-001
 6.1278874e-001
 6.1436778e-001
 6.1593968e-001
 6.1753672e-001
 6.1917013e-001
 6.2083632e-001
 6.2252164e-001
 6.2420791e-001
 6.2587708e-001
 6.2751174e-001
 6.2909383e-001
 6.3060415e-001
 6.3202792e-001
 6.3336408e-001
 6.3463372e-001
 6.3587922e-001
 6.3715106e-001
 6.3848591e-001
 6.3988727e-001
 6.4132041e-001
 6.4272577e-001
 6.4404887e-001
 6.4527196e-001
 6.4642996e-001
 6.4759874e-001
 6.4885890e-001
 6.5025753e-001
 6.5178853e-001
 6.5340108e-001
 6.5502697e-001
 6.5660655e-001
 6.5809631e-001
 6.5946567e-001
 6.6069901e-001
 6.6180217e-001
 6.6280556e-001
 6.6375631e-001
 6.6469651e-001
 6.6563946e-001
 6.6656488e-001
 6.6743553e-001
 6.6822618e-001
 6.6894650e-001
 6.6964054e-001
 6.7036313e-001
 6.7114556e-001
 6.7197204e-001
 6.7277873e-001
 6.7347854e-001
 6.7400354e-001
 6.7434824e-001
 6.7458588e-001
 6.7483830e-001
 6.7521054e-001
 6.7573577e-001
 6.7637044e-001
 6.7704242e-001
 6.7771173e-001
 6.7839807e-001
 6.7915910e-001
 6.8004429e-001
 6.8106163e-001
 6.8217790e-001
 6.8334287e-001
 6.8451178e-001
 6.8565750e-001
 6.8677408e-001
 6.8787605e-001
 6.8898404e-001
 6.9009531e-001
 6.9116235e-001
 6.9210905e-001
 6.9288123e-001
 6.9348210e-001
 6.9395322e-001
 6.9432336e-001
 6.9458413e-001
 6.9471335e-001
 6.9471109e-001
 6.9461113e-001
 6.9446474e-001
 6.9431013e-001
 6.9414568e-001
 6.9393194e-001
 6.9363832e-001
 6.9330239e-001
 6.9303960e-001
 6.9297618e-001
 6.9315630e-001
 6.9350475e-001
 6.9388366e-001
 6.9419712e-001
 6.9445366e-001
 6.9473004e-001
 6.9508260e-001
 6.9550705e-001
 6.9598627e-001
 6.9654131e-001
 6.9719470e-001
 6.9789451e-001
 6.9852614e-001
 6.9902498e-001
 6.9945478e-001
 6.9994509e-001
 7.0054758e-001
 7.0116472e-001
 7.0162606e-001
 7.0183367e-001
 7.0183992e-001
 7.0180511e-001
 7.0189434e-001
 7.0219541e-001
 7.0269322e-001
 7.0330149e-001
 7.0392746e-001
 7.0452261e-001
 7.0507795e-001
 7.0557433e-001
 7.0595443e-001
 7.0616508e-001
 7.0623738e-001
 7.0630503e-001
 7.0651352e-001
 7.0690072e-001
 7.0737767e-001
 7.0782167e-001
 7.0817518e-001
 7.0846450e-001
 7.0875472e-001
 7.0910776e-001
 7.0957291e-001
 7.1018422e-001
 7.1093249e-001
 7.1173084e-001
 7.1243054e-001
 7.1290904e-001
 7.1316350e-001
 7.1330154e-001
 7.1341842e-001
 7.1350676e-001
 7.1352583e-001
 7.1352154e-001
 7.1360803e-001
 7.1384329e-001
 7.1418893e-001
 7.1457714e-001
 7.1494973e-001
 7.1525186e-001
 7.1546793e-001
 7.1566540e-001
 7.1593469e-001
 7.1628261e-001
 7.1664321e-001
 7.1699125e-001
 7.1738547e-001
 7.1788704e-001
 7.1847063e-001
 7.1902710e-001
 7.1943974e-001
 7.1967226e-001
 7.1981865e-001
 7.2008365e-001
 7.2068125e-001
 7.2168314e-001
 7.2291803e-001
 7.2404611e-001
 7.2480655e-001
 7.2520739e-001
 7.2545177e-001
 7.2573972e-001
 7.2621340e-001
 7.2698218e-001
 7.2801203e-001
 7.2901356e-001
 7.2962719e-001
 7.2975826e-001
 7.2964102e-001
 7.2961044e-001
 7.2990513e-001
 7.3060721e-001
 7.3159295e-001
 7.3256034e-001
 7.3327518e-001
 7.3377228e-001
 7.3422974e-001
 7.3473591e-001
 7.3527515e-001
 7.3585498e-001
 7.3649228e-001
 7.3710924e-001
 7.3761386e-001
 7.3808050e-001
 7.3865932e-001
 7.3929965e-001
 7.3976707e-001
 7.3997462e-001
 7.4011189e-001
 7.4039090e-001
 7.4085265e-001
 7.4148208e-001
 7.4227828e-001
 7.4313062e-001
 7.4384528e-001
 7.4438465e-001
 7.4491000e-001
 7.4549091e-001
 7.4595076e-001
 7.4618828e-001
 7.4649668e-001
 7.4723488e-001
 7.4823415e-001
 7.4897122e-001
 7.4926639e-001
 7.4936599e-001
 7.4950129e-001
 7.4982387e-001
 7.5054586e-001
 7.5168169e-001
 7.5287443e-001
 7.5372040e-001
 7.5411838e-001
 7.5421882e-001
 7.5422102e-001
 7.5428987e-001
 7.5450087e-001
 7.5477529e-001
 7.5498378e-001
 7.5516462e-001
 7.5548381e-001
 7.5593454e-001
 7.5630003e-001
 7.5650930e-001
 7.5681353e-001
 7.5748533e-001
 7.5846809e-001
 7.5939709e-001
 7.5993592e-001
 7.6008588e-001
 7.6014066e-001
 7.6034659e-001
 7.6071686e-001
 7.6116949e-001
 7.6166391e-001
 7.6215893e-001
 7.6261419e-001
 7.6310855e-001
 7.6381302e-001
 7.6474619e-001
 7.6566195e-001
 7.6624459e-001
 7.6633960e-001
 7.6606643e-001
 7.6575738e-001
 7.6573294e-001
 7.6609290e-001
 7.6670706e-001
 7.6734996e-001
 7.6781362e-001
 7.6798278e-001
 7.6792181e-001
 7.6791131e-001
 7.6830947e-001
 7.6926643e-001
 7.7053958e-001
 7.7162570e-001
 7.7212089e-001
 7.7198458e-001
 7.7150309e-001
 7.7106613e-001
 7.7098125e-001
 7.7138531e-001
 7.7218413e-001
 7.7304178e-001
 7.7354485e-001
 7.7351749e-001
 7.7321756e-001
 7.7315581e-001
 7.7363205e-001
 7.7442896e-001
 7.7502018e-001
 7.7511108e-001
 7.7496600e-001
 7.7516168e-001
 7.7595347e-001
 7.7691352e-001
 7.7743059e-001
 7.7768803e-001
 7.7819330e-001
 7.7892125e-001
 7.7939487e-001
 7.7925485e-001
 7.7869529e-001
 7.7834189e-001
 7.7855611e-001
 7.7903086e-001
 7.7935302e-001
 7.7960491e-001
 7.8009027e-001
 7.8082371e-001
 7.8155321e-001
 7.8204542e-001
 7.8221369e-001
 7.8213882e-001
 7.8209424e-001
 7.8244072e-001
 7.8330261e-001
 7.8437096e-001
 7.8514707e-001
 7.8535163e-001
 7.8513116e-001
 7.8493029e-001
 7.8507227e-001
 7.8545880e-001
 7.8574032e-001
 7.8573787e-001
 7.8572643e-001
 7.8621387e-001
 7.8720629e-001
 7.8799689e-001
 7.8812319e-001
 7.8802907e-001
 7.8823388e-001
 7.8851122e-001
 7.8849024e-001
 7.8838044e-001
 7.8847784e-001
 7.8853804e-001
 7.8817868e-001
 7.8754658e-001
 7.8708953e-001
 7.8718644e-001
 7.8796077e-001
 7.8910726e-001
 7.9007077e-001
 7.9061490e-001
 7.9100800e-001
 7.9153657e-001
 7.9215592e-001
 7.9253590e-001
 7.9237086e-001
 7.9173338e-001
 7.9107642e-001
 7.9083365e-001
 7.9102749e-001
 7.9128206e-001
 7.9122198e-001
 7.9085881e-001
 7.9058361e-001
 7.9076803e-001
 7.9136264e-001
 7.9191011e-001
 7.9196268e-001
 7.9147929e-001
 7.9083383e-001
 7.9047233e-001
 7.9059774e-001
 7.9115397e-001
 7.9198575e-001
 7.9289645e-001
 7.9363930e-001
 7.9393989e-001
 7.9373342e-001
 7.9314882e-001
 7.9247963e-001
 7.9195905e-001
 7.9163921e-001
 7.9149956e-001
 7.9151940e-001
 7.9166943e-001
 7.9186374e-001
 7.9199350e-001
 7.9195005e-001
 7.9165435e-001
 7.9122353e-001
 7.9085433e-001
 7.9074341e-001
 7.9104823e-001
 7.9166448e-001
 7.9238194e-001
 7.9298991e-001
 7.9330361e-001
 7.9331136e-001
 7.9301137e-001
 7.9255581e-001
 7.9198009e-001
 7.9136199e-001
 7.9079801e-001
 7.9038483e-001
 7.9021972e-001
 7.9039413e-001
 7.9087442e-001
 7.9150289e-001
 7.9211646e-001
 7.9255182e-001
 7.9265213e-001
 7.9239577e-001
 7.9189456e-001
 7.9126662e-001
 7.9062939e-001
 7.9009801e-001
 7.8972208e-001
 7.8948832e-001
 7.8938043e-001
 7.8938222e-001
 7.8947759e-001
 7.8964424e-001
 7.8983778e-001
 7.9000807e-001
 7.9010493e-001
 7.9007828e-001
 7.8987795e-001
 7.8947043e-001
 7.8888661e-001
 7.8817189e-001
 7.8737277e-001
 7.8653491e-001
 7.8570437e-001
 7.8492713e-001
 7.8424317e-001
 7.8367019e-001
 7.8322041e-001
 7.8290606e-001
 7.8273934e-001
 7.8273267e-001
 7.8289813e-001
 7.8324789e-001
 7.8378302e-001
 7.8446120e-001
 7.8523016e-001
 7.8603733e-001
 7.8683048e-001
 7.8755730e-001
 7.8816551e-001
 7.8860259e-001
 7.8883094e-001
 7.8886724e-001
 7.8874075e-001
 7.8848100e-001
 7.8811741e-001
 7.8767920e-001
 7.8719598e-001
 7.8669697e-001
 7.8620672e-001
 7.8573084e-001
 7.8527087e-001
 7.8482836e-001
 7.8440481e-001
 7.8400165e-001
 7.8362036e-001
 7.8326255e-001
 7.8292972e-001
 7.8262329e-001
 7.8234482e-001
 7.8209573e-001
 7.8187740e-001
 7.8168994e-001
 7.8153348e-001
 7.8140789e-001
 7.8131342e-001
 7.8125006e-001
 7.8121775e-001
 7.8121656e-001
 7.8124654e-001
 7.8130764e-001
 7.8140008e-001
 7.8152376e-001
 7.8167814e-001
 7.8186095e-001
 7.8206915e-001
 7.8229988e-001
 7.8255045e-001
 7.8281784e-001
 7.8309911e-001
 7.8339159e-001
 7.8369242e-001
 7.8399849e-001
 7.8430712e-001
 7.8461337e-001
 7.8490525e-001
 7.8516895e-001
 7.8539115e-001
 7.8555799e-001
 7.8565603e-001
 7.8567141e-001
 7.8559077e-001
 7.8540045e-001
 7.8508669e-001
 7.8464454e-001
 7.8409821e-001
 7.8347802e-001
 7.8281492e-001
 7.8213924e-001
 7.8148186e-001
 7.8087306e-001
 7.8034365e-001
 7.7992415e-001
 7.7964514e-001
 7.7952594e-001
 7.7954715e-001
 7.7968121e-001
 7.7990031e-001
 7.8017676e-001
 7.8048313e-001
 7.8079158e-001
 7.8107458e-001
 7.8130430e-001
 7.8145343e-001
 7.8150356e-001
 7.8146940e-001
 7.8137237e-001
 7.8123367e-001
 7.8107476e-001
 7.8091681e-001
 7.8078145e-001
 7.8068990e-001
 7.8066337e-001
 7.8071445e-001
 7.8082508e-001
 7.8097147e-001
 7.8112930e-001
 7.8127462e-001
 7.8138345e-001
 7.8143167e-001
 7.8139532e-001
 7.8125632e-001
 7.8101707e-001
 7.8068405e-001
 7.8026372e-001
 7.7976245e-001
 7.7918673e-001
 7.7854323e-001
 7.7783817e-001
 7.7707940e-001
 7.7627844e-001
 7.7544796e-001
 7.7460057e-001
 7.7374852e-001
 7.7290469e-001
 7.7208143e-001
 7.7129132e-001
 7.7055109e-001
 7.6989150e-001
 7.6934606e-001
 7.6899612e-001
 7.6881105e-001
 7.6883894e-001
 7.6910508e-001
 7.6961952e-001
 7.7038211e-001
 7.7138489e-001
 7.7261603e-001
 7.7405965e-001
 7.7568877e-001
 7.7745134e-001
 7.7926290e-001
 7.8101701e-001
 7.8259993e-001
 7.8390592e-001
 7.8485990e-001
 7.8544468e-001
 7.8570920e-001
 7.8575224e-001
 7.8569525e-001
 7.8565818e-001
 7.8573519e-001
 7.8597248e-001
 7.8635985e-001
 7.8684336e-001
 7.8734761e-001
 7.8779602e-001
 7.8812867e-001
 7.8831571e-001
 7.8836161e-001
 7.8829849e-001
 7.8817314e-001
 7.8803509e-001
 7.8792709e-001
 7.8787857e-001
 7.8790349e-001
 7.8800309e-001
 7.8817004e-001
 7.8839171e-001
 7.8865105e-001
 7.8884470e-001
 7.8897154e-001
 7.8907788e-001
 7.8915536e-001
 7.8919923e-001
 7.8920853e-001
 7.8918678e-001
 7.8914124e-001
 7.8908229e-001
 7.8902227e-001
 7.8897309e-001
 7.8894514e-001
 7.8894496e-001
 7.8897518e-001
 7.8903461e-001
 7.8911972e-001
 7.8922546e-001
 7.8934675e-001
 7.8947866e-001
 7.8961647e-001
 7.8975540e-001
 7.8989011e-001
 7.9001456e-001
 7.9012179e-001
 7.9020447e-001
 7.9025525e-001
 7.9026806e-001
 7.9023939e-001
 7.9016978e-001
 7.9006499e-001
 7.8993577e-001
 7.8979707e-001
 7.8966594e-001
 7.8955960e-001
 7.8949332e-001
 7.8947818e-001
 7.8951991e-001
 7.8961778e-001
 7.8976494e-001
 7.8994918e-001
 7.9015440e-001
 7.9036313e-001
 7.9055834e-001
 7.9072577e-001
 7.9085559e-001
 7.9094332e-001
 7.9098994e-001
 7.9100126e-001
 7.9098660e-001
 7.9095662e-001
 7.9092121e-001
 7.9088771e-001
 7.9085952e-001
 7.9083562e-001
 7.9081112e-001
 7.9077899e-001
 7.9073191e-001
 7.9066473e-001
 7.9057574e-001
 7.9046786e-001
 7.9034823e-001
 7.9022694e-001
 7.9011506e-001
 7.9002279e-001
 7.8995782e-001
 7.8992456e-001
 7.8992409e-001
 7.8995496e-001
 7.9001391e-001
 7.9009706e-001
 7.9020000e-001
 7.9031813e-001
 7.9044604e-001
 7.9057747e-001
 7.9070526e-001
 7.9082191e-001
 7.9092062e-001
 7.9099661e-001
 7.9104823e-001
 7.9107761e-001
 7.9109025e-001
 7.9109430e-001
 7.9109871e-001
 7.9111171e-001
 7.9113913e-001
 7.9118383e-001
 7.9124534e-001
 7.9132086e-001
 7.9140633e-001
 7.9149771e-001
 7.9159182e-001
 7.9168719e-001
 7.9178363e-001
 7.9188180e-001
 7.9198241e-001
 7.9208493e-001
 7.9218745e-001
 7.9228592e-001
 7.9237515e-001
 7.9244906e-001
 7.9250252e-001
 7.9253227e-001
 7.9253799e-001
 7.9252297e-001
 7.9249340e-001
 7.9245782e-001
 7.9242527e-001
 7.9240400e-001
 7.9239970e-001
 7.9241532e-001
 7.9245055e-001
 7.9250306e-001
 7.9256946e-001
 7.9264635e-001
 7.9273117e-001
 7.9282248e-001
 7.9291934e-001
 7.9302078e-001
 7.9312491e-001
 7.9322898e-001
 7.9332936e-001
 7.9342258e-001
 7.9350650e-001
 7.9358107e-001
 7.9364896e-001
 7.9371536e-001
 7.9378635e-001
 7.9386812e-001
 7.9396492e-001
 7.9407841e-001
 7.9420716e-001
 7.9434764e-001
 7.9449540e-001
 7.9464638e-001
 7.9479855e-001
 7.9495227e-001
 7.9511029e-001
 7.9527664e-001
 7.9545563e-001
 7.9565024e-001
 7.9586101e-001
 7.9608572e-001
 7.9631937e-001
 7.9655504e-001
 7.9678488e-001
 7.9700136e-001
 7.9719812e-001
 7.9737085e-001
 7.9751736e-001
 7.9763746e-001
 7.9773253e-001
 7.9780459e-001
 7.9785591e-001
 7.9788840e-001
 7.9790330e-001
 7.9790157e-001
 7.9788399e-001
 7.9785180e-001
 7.9780728e-001
 7.9775387e-001
 7.9769653e-001
 7.9764122e-001
 7.9759455e-001
 7.9756290e-001
 7.9755193e-001
 7.9756558e-001
 7.9760605e-001
 7.9767311e-001
 7.9776466e-001
 7.9787666e-001
 7.9800385e-001
 7.9814041e-001
 7.9828042e-001
 7.9841882e-001
 7.9855204e-001
 7.9867810e-001
 7.9879749e-001
 7.9891258e-001
 7.9902762e-001
 7.9914790e-001
 7.9927891e-001
 7.9942536e-001
 7.9958999e-001
 7.9977304e-001
 7.9997158e-001
 8.0017978e-001
 8.0038941e-001
 8.0059075e-001
 8.0077410e-001
 8.0093074e-001
 8.0105448e-001
 8.0114228e-001
 8.0119485e-001
 8.0121642e-001
 8.0121422e-001
 8.0119735e-001
 8.0117553e-001
 8.0115807e-001
 8.0115217e-001
 8.0116254e-001
 8.0119085e-001
 8.0123574e-001
 8.0129343e-001
 8.0135888e-001
 8.0142623e-001
 8.0149031e-001
 8.0154717e-001
 8.0159456e-001
 8.0163187e-001
 8.0165994e-001
 8.0167985e-001
 8.0169243e-001
 8.0169725e-001
 8.0169213e-001
 8.0167270e-001
 8.0163318e-001
 8.0156666e-001
 8.0146646e-001
 8.0132693e-001
 8.0114454e-001
 8.0091846e-001
 8.0065060e-001
 8.0034548e-001
 8.0000961e-001
 7.9965079e-001
 7.9927737e-001
 7.9889750e-001
 7.9851907e-001
 7.9814917e-001
 7.9779392e-001
 7.9745907e-001
 7.9714978e-001
 7.9687095e-001
 7.9662740e-001
 7.9642403e-001
 7.9626596e-001
 7.9615819e-001
 7.9610616e-001
 7.9611492e-001
 7.9618919e-001
 7.9633272e-001
 7.9654783e-001
 7.9683506e-001
 7.9719192e-001
 7.9761314e-001
 7.9808974e-001
 7.9860950e-001
 7.9915750e-001
 7.9971695e-001
 8.0027109e-001
 8.0080467e-001
 8.0130577e-001
 8.0176729e-001
 8.0218732e-001
 8.0256915e-001
 8.0291951e-001
 8.0324697e-001
 8.0355972e-001
 8.0386323e-001
 8.0415922e-001
 8.0444527e-001
 8.0471557e-001
 8.0496228e-001
 8.0517745e-001
 8.0535471e-001
 8.0549055e-001
 8.0558443e-001
 8.0563885e-001
 8.0565792e-001
 8.0564612e-001
 8.0560702e-001
 8.0554205e-001
 8.0544966e-001
 8.0532491e-001
 8.0515975e-001
 8.0494326e-001
 8.0466300e-001
 8.0430526e-001
 8.0385745e-001
 8.0330902e-001
 8.0265331e-001
 8.0188912e-001
 8.0102158e-001
 8.0006289e-001
 7.9903215e-001
 7.9795331e-001
 7.9685420e-001
 7.9576296e-001
 7.9470575e-001
 7.9370368e-001
 7.9277021e-001
 7.9191059e-001
 7.9112142e-001
 7.9039145e-001
 7.8970444e-001
 7.8904140e-001
 7.8838456e-001
 7.8771996e-001
 7.8703952e-001
 7.8634256e-001
 7.8563499e-001
 7.8492832e-001
 7.8423727e-001
 7.8357637e-001
 7.8295857e-001
 7.8239208e-001
 7.8188026e-001
 7.8142083e-001
 7.8100663e-001
 7.8062701e-001
 7.8026879e-001
 7.7991849e-001
 7.7956307e-001
 7.7919149e-001
 7.7879572e-001
 7.7837145e-001
 7.7791852e-001
 7.7744114e-001
 7.7694744e-001
 7.7644891e-001
 7.7595919e-001
 7.7549231e-001
 7.7506149e-001
 7.7467728e-001
 7.7434689e-001
 7.7407336e-001
 7.7385557e-001
 7.7368897e-001
 7.7356684e-001
 7.7348131e-001
 7.7342457e-001
 7.7338970e-001
 7.7337086e-001
 7.7336270e-001
 7.7335906e-001
 7.7335149e-001
 7.7332735e-001
 7.7326810e-001
 7.7314878e-001
 7.7293807e-001
 7.7260017e-001
 7.7209711e-001
 7.7139324e-001
 7.7045935e-001
 7.6927656e-001
 7.6784110e-001
 7.6616544e-001
 7.6428014e-001
 7.6223218e-001
 7.6008129e-001
 7.5789666e-001
 7.5574994e-001
 7.5371063e-001
 7.5184035e-001
 7.5018770e-001
 7.4878711e-001
 7.4765605e-001
 7.4679631e-001
 7.4619478e-001
 7.4582458e-001
 7.4564791e-001
 7.4561721e-001
 7.4567771e-001
 7.4576902e-001
 7.4582821e-001
 7.4579215e-001
 7.4560130e-001
 7.4520254e-001
 7.4455225e-001
 7.4361849e-001
 7.4238187e-001
 7.4083537e-001
 7.3898172e-001
 7.3683184e-001
 7.3439890e-001
 7.3169601e-001
 7.2873092e-001
 7.2550136e-001
 7.2199440e-001
 7.1818215e-001
 7.1402514e-001
 7.0947367e-001
 7.0447129e-001
 6.9896549e-001
 6.9291192e-001
 6.8628764e-001
 6.7909807e-001
 6.7137963e-001
 6.6320747e-001
 6.5469068e-001
 6.4596248e-001
 6.3717735e-001
 6.2849104e-001
 6.2005627e-001
 6.1200929e-001
 6.0446024e-001
 5.9749478e-001
 5.9116477e-001
 5.8549243e-001
 5.8046740e-001
 5.7604575e-001
 5.7215768e-001
 5.6871134e-001
 5.6561118e-001
 5.6277716e-001
 5.6016940e-001
 5.5781579e-001
 5.5582809e-001
 5.5440998e-001
 5.5384451e-001
 5.5446452e-001
 5.5660850e-001
 5.6056970e-001
 5.6654549e-001
 5.7459992e-001
 5.8464998e-001
 5.9646428e-001
 6.0969007e-001
 6.2389964e-001
 6.3862604e-001
 6.5342301e-001
 6.6789138e-001
 6.8171054e-001
 6.9465613e-001
 7.0658857e-001
 7.1745574e-001
 7.2726625e-001
 7.3607558e-001
 7.4396974e-001
 7.5104243e-001
 7.5739026e-001
 7.6309878e-001
 7.6824123e-001
 7.7287930e-001
 7.7706039e-001
 7.8082407e-001
 7.8420162e-001
 7.8722006e-001
 7.8990561e-001
 7.9228312e-001
 7.9437894e-001
 7.9622215e-001
 7.9784352e-001
 7.9927659e-001
 8.0055571e-001
 8.0171466e-001
 8.0278516e-001
 8.0379385e-001
 8.0476129e-001
 8.0570060e-001
 8.0661732e-001
 8.0751103e-001
 8.0837637e-001
 8.0920649e-001
 8.0999452e-001
 8.1073666e-001
 8.1143337e-001
 8.1208992e-001
 8.1271648e-001
 8.1332678e-001
 8.1393635e-001
 8.1456071e-001
 8.1521279e-001
 8.1590086e-001
 8.1662744e-001
 8.1738770e-001
 8.1817001e-001
 8.1895661e-001
 8.1972557e-001
 8.2045364e-001
 8.2111919e-001
 8.2170540e-001
 8.2220238e-001
 8.2260907e-001
 8.2293290e-001
 8.2318854e-001
 8.2339555e-001
 8.2357508e-001
 8.2374704e-001
 8.2392770e-001
 8.2412803e-001
 8.2435405e-001
 8.2460725e-001
 8.2488656e-001
 8.2518977e-001
 8.2551485e-001
 8.2586074e-001
 8.2622731e-001
 8.2661450e-001
 8.2702148e-001
 8.2744557e-001
 8.2788122e-001
 8.2832032e-001
 8.2875168e-001
 8.2916266e-001
 8.2954007e-001
 8.2987183e-001
 8.3014882e-001
 8.3036596e-001
 8.3052331e-001
 8.3062643e-001
 8.3068597e-001
 8.3071661e-001
 8.3073550e-001
 8.3076018e-001
 8.3080643e-001
 8.3088654e-001
 8.3100790e-001
 8.3117235e-001
 8.3137661e-001
 8.3161354e-001
 8.3187383e-001
 8.3214802e-001
 8.3242804e-001
 8.3270824e-001
 8.3298606e-001
 8.3326077e-001
 8.3353311e-001
 8.3380318e-001
 8.3406955e-001
 8.3432871e-001
 8.3457500e-001
 8.3480173e-001
 8.3500177e-001
 8.3516848e-001
 8.3529699e-001
 8.3538479e-001
 8.3543295e-001
 8.3544630e-001
 8.3543342e-001
 8.3540547e-001
 8.3537483e-001
 8.3535355e-001
 8.3535153e-001
 8.3537513e-001
 8.3542675e-001
 8.3550507e-001
 8.3560628e-001
 8.3572507e-001
 8.3585602e-001
 8.3599454e-001
 8.3613718e-001
 8.3628148e-001
 8.3642632e-001
 8.3657104e-001
 8.3671516e-001
 8.3685768e-001
 8.3699715e-001
 8.3713174e-001
 8.3725947e-001
 8.3737874e-001
 8.3748919e-001
 8.3759153e-001
 8.3768821e-001
 8.3778226e-001
 8.3787751e-001
 8.3797705e-001
 8.3808339e-001
 8.3819747e-001
 8.3831871e-001
 8.3844489e-001
 8.3857238e-001
 8.3869636e-001
 8.3881187e-001
 8.3891439e-001
 8.3900064e-001
 8.3906925e-001
 8.3912069e-001
 8.3915746e-001
 8.3918327e-001
 8.3920276e-001
 8.3922076e-001
 8.3924192e-001
 8.3927047e-001
 8.3931017e-001
 8.3936471e-001
 8.3943754e-001
 8.3953214e-001
 8.3965194e-001
 8.3980018e-001
 8.3997929e-001
 8.4019065e-001
 8.4043372e-001
 8.4070593e-001
 8.4100187e-001
 8.4131348e-001
 8.4163052e-001
 8.4194100e-001
 8.4223205e-001
 8.4249157e-001
 8.4270859e-001
 8.4287483e-001
 8.4298515e-001
 8.4303778e-001
 8.4303474e-001
 8.4298110e-001
 8.4288502e-001
 8.4275687e-001
 8.4260845e-001
 8.4245265e-001
 8.4230238e-001
 8.4217024e-001
 8.4206748e-001
 8.4200352e-001
 8.4198540e-001
 8.4201735e-001
 8.4210038e-001
 8.4223241e-001
 8.4240824e-001
 8.4261984e-001
 8.4285700e-001
 8.4310782e-001
 8.4335905e-001
 8.4359741e-001
 8.4380978e-001
 8.4398454e-001
 8.4411234e-001
 8.4418684e-001
 8.4420544e-001
 8.4416991e-001
 8.4408617e-001
 8.4396404e-001
 8.4381598e-001
 8.4365642e-001
 8.4349960e-001
 8.4335864e-001
 8.4324384e-001
 8.4316194e-001
 8.4311551e-001
 8.4310287e-001
 8.4311861e-001
 8.4315383e-001
 8.4319746e-001
 8.4323728e-001
 8.4326082e-001
 8.4325695e-001
 8.4321743e-001
 8.4313780e-001
 8.4301925e-001
 8.4286886e-001
 8.4270012e-001
 8.4253192e-001
 8.4238660e-001
 8.4228724e-001
 8.4225392e-001
 8.4230018e-001
 8.4242928e-001
 8.4263265e-001
 8.4288937e-001
 8.4316766e-001
 8.4342891e-001
 8.4363312e-001
 8.4374541e-001
 8.4374201e-001
 8.4361553e-001
 8.4337670e-001
 8.4305269e-001
 8.4268242e-001
 8.4230983e-001
 8.4197712e-001
 8.4171808e-001
 8.4155339e-001
 8.4148842e-001
 8.4151208e-001
 8.4159750e-001
 8.4170610e-001
 8.4179342e-001
 8.4181637e-001
 8.4174097e-001
 8.4154886e-001
 8.4124088e-001
 8.4083748e-001
 8.4037560e-001
 8.3990180e-001
 8.3946490e-001
 8.3910704e-001
 8.3885682e-001
 8.3872503e-001
 8.3870476e-001
 8.3877474e-001
 8.3890420e-001
 8.3905882e-001
 8.3920664e-001
 8.3932221e-001
 8.3938956e-001
 8.3940327e-001
 8.3936810e-001
 8.3929741e-001
 8.3921009e-001
 8.3912712e-001
 8.3906770e-001
 8.3904624e-001
 8.3906984e-001
 8.3913732e-001
 8.3923960e-001
 8.3936101e-001
 8.3948189e-001
 8.3958143e-001
 8.3964044e-001
 8.3964390e-001
 8.3958262e-001
 8.3945411e-001
 8.3926243e-001
 8.3901721e-001
 8.3873200e-001
 8.3842248e-001
 8.3810437e-001
 8.3779186e-001
 8.3749610e-001
 8.3722490e-001
 8.3698231e-001
 8.3676898e-001
 8.3658302e-001
 8.3642048e-001
 8.3627653e-001
 8.3614600e-001
 8.3602393e-001
 8.3590609e-001
 8.3578885e-001
 8.3566922e-001
 8.3554482e-001
 8.3541358e-001
 8.3527339e-001
 8.3512217e-001
 8.3495748e-001
 8.3477688e-001
 8.3457768e-001
 8.3435744e-001
 8.3411425e-001
 8.3384722e-001
 8.3355677e-001
 8.3324504e-001
 8.3291602e-001
 8.3257574e-001
 8.3223152e-001
 8.3189195e-001
 8.3156562e-001
 8.3126068e-001
 8.3098352e-001
 8.3073843e-001
 8.3052659e-001
 8.3034647e-001
 8.3019340e-001
 8.3006024e-001
 8.2993823e-001
 8.2981747e-001
 8.2968807e-001
 8.2954043e-001
 8.2936627e-001
 8.2915854e-001
 8.2891196e-001
 8.2862294e-001
 8.2828945e-001
 8.2791108e-001
 8.2748890e-001
 8.2702553e-001
 8.2652485e-001
 8.2599187e-001
 8.2543254e-001
 8.2485330e-001
 8.2426047e-001
 8.2366002e-001
 8.2305658e-001
 8.2245338e-001
 8.2185197e-001
 8.2125175e-001
 8.2065099e-001
 8.2004654e-001
 8.1943536e-001
 8.1881487e-001
 8.1818390e-001
 8.1754345e-001
 8.1689686e-001
 8.1625032e-001
 8.1561214e-001
 8.1499177e-001
 8.1439930e-001
 8.1384313e-001
 8.1332910e-001
 8.1285888e-001
 8.1242919e-001
 8.1203181e-001
 8.1165457e-001
 8.1128305e-001
 8.1090212e-001
 8.1049752e-001
 8.1005770e-001
 8.0957448e-001
 8.0904400e-001
 8.0846667e-001
 8.0784756e-001
 8.0719674e-001
 8.0652809e-001
 8.0585784e-001
 8.0520302e-001
 8.0457848e-001
 8.0399507e-001
 8.0345720e-001
 8.0296171e-001
 8.0249852e-001
 8.0206615e-001
 8.0164069e-001
 8.0118608e-001
 8.0067956e-001
 8.0010432e-001
 7.9945242e-001
 7.9872763e-001
 7.9794431e-001
 7.9712361e-001
 7.9629117e-001
 7.9547334e-001
 7.9469651e-001
 7.9398525e-001
 7.9336047e-001
 7.9283816e-001
 7.9242796e-001
 7.9213274e-001
 7.9194963e-001
 7.9187095e-001
 7.9188627e-001
 7.9198366e-001
 7.9215050e-001
 7.9237378e-001
 7.9264009e-001
 7.9293513e-001
 7.9324394e-001
 7.9355079e-001
 7.9383880e-001
 7.9409093e-001
 7.9428965e-001
 7.9441768e-001
 7.9445851e-001
 7.9439795e-001
 7.9422641e-001
 7.9394203e-001
 7.9355317e-001
 7.9307956e-001
 7.9255134e-001
 7.9200625e-001
 7.9148632e-001
 7.9103559e-001
 7.9069763e-001
 7.9051298e-001
 7.9051554e-001
 7.9072785e-001
 7.9115731e-001
 7.9179430e-001
 7.9261386e-001
 7.9357976e-001
 7.9464918e-001
 7.9577601e-001
 7.9691380e-001
 7.9801744e-001
 7.9904521e-001
 7.9996234e-001
 8.0074203e-001
 8.0136746e-001
 8.0182999e-001
 8.0212760e-001
 8.0226195e-001
 8.0223662e-001
 8.0205613e-001
 8.0172545e-001
 8.0125022e-001
 8.0063689e-001
 7.9989326e-001
 7.9902864e-001
 7.9805321e-001
 7.9697847e-001
 7.9581612e-001
 7.9457837e-001
 7.9327732e-001
 7.9192436e-001
 7.9053062e-001
 7.8910512e-001
 7.8765559e-001
 7.8618759e-001
 7.8470415e-001
 7.8320777e-001
 7.8169924e-001
 7.8017968e-001
 7.7864969e-001
 7.7710944e-001
 7.7555960e-001
 7.7399975e-001
 7.7242970e-001
 7.7084887e-001
 7.6925576e-001
 7.6764911e-001
 7.6602751e-001
 7.6438898e-001
 7.6273221e-001
 7.6105547e-001
 7.5935793e-001
 7.5763935e-001
 7.5589991e-001
 7.5414145e-001
 7.5236595e-001
 7.5057662e-001
 7.4877709e-001
 7.4697065e-001
 7.4516183e-001
 7.4335486e-001
 7.4155593e-001
 7.3977327e-001
 7.3801762e-001
 7.3630345e-001
 7.3464745e-001
 7.3306906e-001
 7.3158884e-001
 7.3022723e-001
 7.2900498e-001
 7.2794038e-001
 7.2704887e-001
 7.2633970e-001
 7.2581404e-001
 7.2546440e-001
 7.2527516e-001
 7.2522491e-001
 7.2528857e-001
 7.2543973e-001
 7.2565144e-001
 7.2589791e-001
 7.2615564e-001
 7.2640485e-001
 7.2663140e-001
 7.2682685e-001
 7.2698814e-001
 7.2711623e-001
 7.2721434e-001
 7.2728699e-001
 7.2733903e-001
 7.2737551e-001
 7.2740138e-001
 7.2742164e-001
 7.2744119e-001
 7.2746474e-001
 7.2749692e-001
 7.2754234e-001
 7.2760546e-001
 7.2769076e-001
 7.2780240e-001
 7.2794408e-001
 7.2811854e-001
 7.2832680e-001
 7.2856748e-001
 7.2883689e-001
 7.2912890e-001
 7.2943568e-001
 7.2974855e-001
 7.3005819e-001
 7.3035556e-001
 7.3063195e-001
 7.3088002e-001
 7.3109418e-001
 7.3127180e-001
 7.3141301e-001
 7.3152089e-001
 7.3160022e-001
 7.3165727e-001
 7.3169863e-001
 7.3173118e-001
 7.3176122e-001
 7.3179466e-001
 7.3183590e-001
 7.3188788e-001
 7.3195153e-001
 7.3202622e-001
 7.3211002e-001
 7.3220026e-001
 7.3229396e-001
 7.3238802e-001
 7.3247933e-001
 7.3256516e-001
 7.3264301e-001
 7.3271096e-001
 7.3276764e-001
 7.3281223e-001
 7.3284423e-001
 7.3286337e-001
 7.3286951e-001
 7.3286247e-001
 7.3284185e-001
 7.3280704e-001
 7.3275667e-001
 7.3268861e-001
 7.3259974e-001
 7.3248631e-001
 7.3234373e-001
 7.3216730e-001
 7.3195201e-001
 7.3169333e-001
 7.3138708e-001
 7.3103082e-001
 7.3062420e-001
 7.3017037e-001
 7.2967589e-001
 7.2915059e-001
 7.2860670e-001
 7.2805768e-001
 7.2751796e-001
 7.2700149e-001
 7.2652191e-001
 7.2609097e-001
 7.2571772e-001
 7.2540778e-001
 7.2516233e-001
 7.2497916e-001
 7.2485316e-001
 7.2477770e-001
 7.2474521e-001
 7.2474802e-001
 7.2477829e-001
 7.2482842e-001
 7.2489089e-001
 7.2495884e-001
 7.2502548e-001
 7.2508460e-001
 7.2513032e-001
 7.2515666e-001
 7.2515804e-001
 7.2512889e-001
 7.2506398e-001
 7.2495896e-001
 7.2481030e-001
 7.2461641e-001
 7.2437710e-001
 7.2409374e-001
 7.2376925e-001
 7.2340667e-001
 7.2300982e-001
 7.2258234e-001
 7.2212821e-001
 7.2165143e-001
 7.2115588e-001
 7.2064596e-001
 7.2012603e-001
 7.1960038e-001
 7.1907395e-001
 7.1855122e-001
 7.1803683e-001
 7.1753514e-001
 7.1705031e-001
 7.1658510e-001
 7.1614051e-001
 7.1571559e-001
 7.1530646e-001
 7.1490681e-001
 7.1450895e-001
 7.1410394e-001
 7.1368217e-001
 7.1323442e-001
 7.1275139e-001
 7.1222460e-001
 7.1164650e-001
 7.1101153e-001
 7.1031535e-001
 7.0955527e-001
 7.0873016e-001
 7.0783913e-001
 7.0688158e-001
 7.0585799e-001
 7.0476860e-001
 7.0361495e-001
 7.0240009e-001
 7.0112997e-001
 6.9981235e-001
 6.9845718e-001
 6.9707698e-001
 6.9568437e-001
 6.9429231e-001
 6.9291455e-001
 6.9156307e-001
 6.9024831e-001
 6.8897742e-001
 6.8775427e-001
 6.8657738e-001
 6.8544108e-001
 6.8433744e-001
 6.8325603e-001
 6.8218547e-001
 6.8111521e-001
 6.8003446e-001
 6.7893386e-001
 6.7780721e-001
 6.7665082e-001
 6.7546469e-001
 6.7425191e-001
 6.7301881e-001
 6.7177230e-001
 6.7051977e-001
 6.6926950e-001
 6.6802824e-001
 6.6680104e-001
 6.6559106e-001
 6.6439688e-001
 6.6321331e-001
 6.6203099e-001
 6.6083890e-001
 6.5962332e-001
 6.5837008e-001
 6.5706605e-001
 6.5569860e-001
 6.5425807e-001
 6.5274078e-001
 6.5114856e-001
 6.4949095e-001
 6.4778513e-001
 6.4605218e-001
 6.4431649e-001
 6.4260340e-001
 6.4093918e-001
 6.3934785e-001
 6.3785028e-001
 6.3646334e-001
 6.3519591e-001
 6.3404912e-001
 6.3301808e-001
 6.3209188e-001
 6.3125682e-001
 6.3049746e-001
 6.2979805e-001
 6.2914175e-001
 6.2851089e-001
 6.2788689e-001
 6.2724882e-001
 6.2657380e-001
 6.2583756e-001
 6.2501389e-001
 6.2407583e-001
 6.2299699e-001
 6.2175059e-001
 6.2031162e-001
 6.1865759e-001
 6.1677247e-001
 6.1464566e-001
 6.1227423e-001
 6.0966361e-001
 6.0682279e-001
 6.0376346e-001
 6.0050136e-001
 5.9705085e-001
 5.9342813e-001
 5.8965045e-001
 5.8574080e-001
 5.8172357e-001
 5.7762772e-001
 5.7348931e-001
 5.6934446e-001
 5.6523097e-001
 5.6119037e-001
 5.5726045e-001
 5.5347711e-001
 5.4987413e-001
 5.4647481e-001
 5.4329258e-001
 5.4032868e-001
 5.3757566e-001
 5.3501600e-001
 5.3262788e-001
 5.3038859e-001
 5.2827281e-001
 5.2625459e-001
 5.2430910e-001
 5.2240884e-001
 5.2052581e-001
 5.1863021e-001
 5.1669228e-001
 5.1468015e-001
 5.1256132e-001
 5.1030499e-001
 5.0787938e-001
 5.0525451e-001
 5.0240636e-001
 4.9931562e-001
 4.9597186e-001
 4.9237698e-001
 4.8853955e-001
 4.8447555e-001
 4.8020393e-001
 4.7574875e-001
 4.7113171e-001
 4.6637481e-001
 4.6150357e-001
 4.5654038e-001
 4.5150781e-001
 4.4643226e-001
 4.4133684e-001
 4.3624613e-001
 4.3118364e-001
 4.2617694e-001
 4.2125088e-001
 4.1643295e-001
 4.1175905e-001
 4.0726998e-001
 4.0301794e-001
 3.9907077e-001
 3.9550442e-001
 3.9240420e-001
 3.8985965e-001
 3.8796374e-001
 3.8680598e-001
 3.8647059e-001
 3.8702917e-001
 3.8853160e-001
 3.9099962e-001
 3.9442101e-001
 3.9875630e-001
 4.0394545e-001
 4.0991160e-001
 4.1657507e-001
 4.2385206e-001
 4.3165836e-001
 4.3990111e-001
 4.4848830e-001
 4.5732194e-001
 4.6629077e-001
 4.7528353e-001
 4.8418432e-001
 4.9286836e-001
 5.0121695e-001
 5.0911194e-001
 5.1644427e-001
 5.2311569e-001
 5.2905965e-001
 5.3424478e-001
 5.3867579e-001
 5.4239696e-001
 5.4547822e-001
 5.4800344e-001
 5.5006576e-001
 5.5175978e-001
 5.5317611e-001
 5.5439949e-001
 5.5550164e-001
 5.5653781e-001
 5.5754364e-001
 5.5853868e-001
 5.5952996e-001
 5.6051624e-001
 5.6149346e-001
 5.6245589e-001
 5.6339663e-001
 5.6430918e-001
 5.6518674e-001
 5.6602222e-001
 5.6680793e-001
 5.6753623e-001
 5.6819946e-001
 5.6878930e-001
 5.6929803e-001
 5.6971800e-001
 5.7004201e-001
 5.7026440e-001
 5.7038170e-001
 5.7039344e-001
 5.7030255e-001
 5.7011485e-001
 5.6983852e-001
 5.6948304e-001
 5.6905854e-001
 5.6857502e-001
 5.6804287e-001
 5.6747162e-001
 5.6686985e-001
 5.6624550e-001
 5.6560469e-001
 5.6495279e-001
 5.6429386e-001
 5.6363213e-001
 5.6297100e-001
 5.6231338e-001
 5.6166214e-001
 5.6101829e-001
 5.6038094e-001
 5.5974656e-001
 5.5910820e-001
 5.5845588e-001
 5.5777818e-001
 5.5706191e-001
 5.5629349e-001
 5.5545944e-001
 5.5454779e-001
 5.5354828e-001
 5.5245411e-001
 5.5126446e-001
 5.4998308e-001
 5.4861873e-001
 5.4718488e-001
 5.4569614e-001
 5.4416835e-001
 5.4261696e-001
 5.4105765e-001
 5.3950232e-001
 5.3795922e-001
 5.3643203e-001
 5.3491747e-001
 5.3340685e-001
 5.3188860e-001
 5.3034759e-001
 5.2876776e-001
 5.2713424e-001
 5.2543211e-001
 5.2364939e-001
 5.2177799e-001
 5.1981688e-001
 5.1777029e-001
 5.1564825e-001
 5.1346654e-001
 5.1124209e-001
 5.0899291e-001
 5.0673878e-001
 5.0449735e-001
 5.0228518e-001
 5.0011587e-001
 4.9800089e-001
 4.9594623e-001
 4.9395448e-001
 4.9202698e-001
 4.9016210e-001
 4.8835739e-001
 4.8661140e-001
 4.8492110e-001
 4.8328358e-001
 4.8169509e-001
 4.8015222e-001
 4.7864985e-001
 4.7718212e-001
 4.7574371e-001
 4.7432801e-001
 4.7292829e-001
 4.7153899e-001
 4.7015390e-001
 4.6876755e-001
 4.6737695e-001
 4.6597987e-001
 4.6457648e-001
 4.6316850e-001
 4.6175995e-001
 4.6035472e-001
 4.5895720e-001
 4.5757321e-001
 4.5620829e-001
 4.5486951e-001
 4.5356721e-001
 4.5231393e-001
 4.5112619e-001
 4.5002350e-001
 4.4902864e-001
 4.4816491e-001
 4.4745621e-001
 4.4692624e-001
 4.4659543e-001
 4.4647899e-001
 4.4658253e-001
 4.4689858e-001
 4.4740540e-001
 4.4806817e-001
 4.4884384e-001
 4.4968432e-001
 4.5054010e-001
 4.5136154e-001
 4.5210242e-001
 4.5272210e-001
 4.5318827e-001
 4.5348042e-001
 4.5359087e-001
 4.5352373e-001
 4.5329258e-001
 4.5291698e-001
 4.5241910e-001
 4.5182246e-001
 4.5115009e-001
 4.5042461e-001
 4.4966862e-001
 4.4893074e-001
 4.4836110e-001
 4.4764191e-001
 4.4696346e-001
 4.4633609e-001
 4.4577041e-001
 4.4527701e-001
 4.4486666e-001
 4.4454983e-001
 4.4433707e-001
 4.4423911e-001
 4.4426453e-001
 4.4440502e-001
 4.4464257e-001
 4.4495934e-001
 4.4533736e-001
 4.4575849e-001
 4.4620484e-001
 4.4665840e-001
 4.4710144e-001
 4.4751570e-001
 4.4788325e-001
 4.4818622e-001
 4.4840658e-001
 4.4852632e-001
 4.4852909e-001
 4.4841254e-001
 4.4818175e-001
 4.4784185e-001
 4.4739833e-001
 4.4685641e-001
 4.4622114e-001
 4.4549775e-001
 4.4469175e-001
 4.4380826e-001
 4.4285250e-001
 4.4182944e-001
 4.4074485e-001
 4.3960369e-001
 4.3841124e-001
 4.3717271e-001
 4.3589306e-001
 4.3457809e-001
 4.3323275e-001
 4.3186164e-001
 4.3046871e-001
 4.2905897e-001
 4.2763638e-001
 4.2620531e-001
 4.2476973e-001
 4.2333466e-001
 4.2190403e-001
 4.2048216e-001
 4.1907343e-001
 4.1768184e-001
 4.1631228e-001
 4.1496885e-001
 4.1365576e-001
 4.1237715e-001
 4.1113785e-001
 4.0994194e-001
 4.0879366e-001
 4.0769717e-001
 4.0665728e-001
 4.0567803e-001
 4.0476328e-001
 4.0391281e-001
 4.0312493e-001
 4.0239727e-001
 4.0172789e-001
 4.0111467e-001
 4.0055528e-001
 4.0004799e-001
 3.9959055e-001
 3.9918095e-001
 3.9881685e-001
 3.9849657e-001
 3.9821774e-001
 3.9797831e-001
 3.9777628e-001
 3.9760950e-001
 3.9747590e-001
 3.9737344e-001
 3.9729995e-001
 3.9725330e-001
 3.9723155e-001
 3.9723256e-001
 3.9725423e-001
 3.9729449e-001
 3.9735121e-001
 3.9742237e-001
 3.9750591e-001
 3.9760113e-001
 3.9770758e-001
 3.9782500e-001
 3.9795309e-001
 3.9809155e-001
 3.9824009e-001
 3.9839834e-001
 3.9856598e-001
 3.9874279e-001
 3.9892840e-001
 3.9912254e-001
 3.9932480e-001
 3.9953497e-001
 3.9975277e-001
 3.9997777e-001
 4.0020978e-001
 4.0044841e-001
 4.0069342e-001
 4.0094444e-001
 4.0120116e-001
 4.0146327e-001
 4.0173051e-001
 4.0200263e-001
 4.0227917e-001
 4.0255988e-001
 4.0284440e-001
 4.0313265e-001
 4.0342402e-001
 4.0371829e-001
 4.0401527e-001
 4.0431428e-001
 4.0461457e-001
 4.0491554e-001
