s07_ASD Record=13019: Chlorite_Serpentine BR93-22B  BECKb AREF
 7.3594049e-002
 7.4312501e-002
 7.5035498e-002
 7.5763181e-002
 7.6495878e-002
 7.7232584e-002
 7.7970192e-002
 7.8703232e-002
 7.9424165e-002
 8.0123857e-002
 8.0792680e-002
 8.1421763e-002
 8.2004234e-002
 8.2536809e-002
 8.3023265e-002
 8.3477199e-002
 8.3920926e-002
 8.4381104e-002
 8.4883735e-002
 8.5449949e-002
 8.6092398e-002
 8.6813144e-002
 8.7604098e-002
 8.8449560e-002
 8.9330174e-002
 9.0225957e-002
 9.1120213e-002
 9.2003115e-002
 9.2871830e-002
 9.3727589e-002
 9.4573282e-002
 9.5412932e-002
 9.6251346e-002
 9.7094484e-002
 9.7949207e-002
 9.8820850e-002
 9.9711634e-002
 1.0062061e-001
 1.0154442e-001
 1.0247756e-001
 1.0341243e-001
 1.0433928e-001
 1.0524737e-001
 1.0612781e-001
 1.0697607e-001
 1.0779311e-001
 1.0858380e-001
 1.0935407e-001
 1.1010765e-001
 1.1084419e-001
 1.1155887e-001
 1.1224379e-001
 1.1289122e-001
 1.1349705e-001
 1.1406288e-001
 1.1459552e-001
 1.1510605e-001
 1.1560722e-001
 1.1611009e-001
 1.1662683e-001
 1.1716910e-001
 1.1773454e-001
 1.1831920e-001
 1.1892087e-001
 1.1953308e-001
 1.2014508e-001
 1.2075076e-001
 1.2134811e-001
 1.2193564e-001
 1.2250941e-001
 1.2306214e-001
 1.2358627e-001
 1.2408014e-001
 1.2455314e-001
 1.2502587e-001
 1.2552479e-001
 1.2607291e-001
 1.2668183e-001
 1.2734862e-001
 1.2805863e-001
 1.2879172e-001
 1.2952839e-001
 1.3025475e-001
 1.3096540e-001
 1.3166453e-001
 1.3236424e-001
 1.3308011e-001
 1.3382490e-001
 1.3460314e-001
 1.3541029e-001
 1.3623643e-001
 1.3707300e-001
 1.3791740e-001
 1.3877334e-001
 1.3964723e-001
 1.4054427e-001
 1.4146693e-001
 1.4241616e-001
 1.4339325e-001
 1.4439791e-001
 1.4542277e-001
 1.4644790e-001
 1.4744231e-001
 1.4837360e-001
 1.4922284e-001
 1.4999817e-001
 1.5073229e-001
 1.5146427e-001
 1.5221889e-001
 1.5299578e-001
 1.5377469e-001
 1.5453117e-001
 1.5525235e-001
 1.5594299e-001
 1.5661953e-001
 1.5729676e-001
 1.5797676e-001
 1.5864848e-001
 1.5929911e-001
 1.5992996e-001
 1.6056328e-001
 1.6123043e-001
 1.6194727e-001
 1.6269627e-001
 1.6343299e-001
 1.6411200e-001
 1.6471227e-001
 1.6524495e-001
 1.6574547e-001
 1.6625778e-001
 1.6681732e-001
 1.6743639e-001
 1.6810121e-001
 1.6878764e-001
 1.6948377e-001
 1.7019433e-001
 1.7091940e-001
 1.7163585e-001
 1.7231245e-001
 1.7294739e-001
 1.7358249e-001
 1.7427155e-001
 1.7503418e-001
 1.7584132e-001
 1.7664307e-001
 1.7740664e-001
 1.7812979e-001
 1.7882803e-001
 1.7951952e-001
 1.8022767e-001
 1.8099029e-001
 1.8184993e-001
 1.8282078e-001
 1.8386516e-001
 1.8491408e-001
 1.8592308e-001
 1.8690653e-001
 1.8791065e-001
 1.8895148e-001
 1.8999018e-001
 1.9097440e-001
 1.9189101e-001
 1.9276112e-001
 1.9359151e-001
 1.9435762e-001
 1.9504143e-001
 1.9567001e-001
 1.9630438e-001
 1.9699219e-001
 1.9773248e-001
 1.9847992e-001
 1.9918343e-001
 1.9982608e-001
 2.0042849e-001
 2.0101264e-001
 2.0157260e-001
 2.0208895e-001
 2.0255671e-001
 2.0297833e-001
 2.0334162e-001
 2.0363635e-001
 2.0389223e-001
 2.0417212e-001
 2.0452106e-001
 2.0494065e-001
 2.0541368e-001
 2.0592764e-001
 2.0646074e-001
 2.0696174e-001
 2.0736986e-001
 2.0766504e-001
 2.0788690e-001
 2.0808841e-001
 2.0827131e-001
 2.0838447e-001
 2.0839465e-001
 2.0834890e-001
 2.0834874e-001
 2.0845421e-001
 2.0862570e-001
 2.0877315e-001
 2.0884639e-001
 2.0885493e-001
 2.0882255e-001
 2.0876414e-001
 2.0869774e-001
 2.0864034e-001
 2.0860140e-001
 2.0861857e-001
 2.0877641e-001
 2.0912398e-001
 2.0956892e-001
 2.0990960e-001
 2.0999497e-001
 2.0983662e-001
 2.0957363e-001
 2.0935497e-001
 2.0924388e-001
 2.0919275e-001
 2.0909019e-001
 2.0885143e-001
 2.0849048e-001
 2.0811173e-001
 2.0781766e-001
 2.0760891e-001
 2.0738055e-001
 2.0703717e-001
 2.0660992e-001
 2.0623924e-001
 2.0604464e-001
 2.0602891e-001
 2.0609747e-001
 2.0614822e-001
 2.0614761e-001
 2.0614085e-001
 2.0619254e-001
 2.0630834e-001
 2.0642227e-001
 2.0647714e-001
 2.0649318e-001
 2.0651826e-001
 2.0653845e-001
 2.0650306e-001
 2.0642619e-001
 2.0639582e-001
 2.0647173e-001
 2.0661414e-001
 2.0672375e-001
 2.0673412e-001
 2.0665772e-001
 2.0654313e-001
 2.0642015e-001
 2.0630759e-001
 2.0623778e-001
 2.0622730e-001
 2.0623323e-001
 2.0619649e-001
 2.0613633e-001
 2.0613196e-001
 2.0617943e-001
 2.0616427e-001
 2.0605955e-001
 2.0603593e-001
 2.0620294e-001
 2.0635505e-001
 2.0622241e-001
 2.0586258e-001
 2.0554528e-001
 2.0535819e-001
 2.0517302e-001
 2.0494297e-001
 2.0479323e-001
 2.0479207e-001
 2.0483710e-001
 2.0483534e-001
 2.0483929e-001
 2.0491149e-001
 2.0497958e-001
 2.0494050e-001
 2.0480818e-001
 2.0466374e-001
 2.0455226e-001
 2.0448530e-001
 2.0448658e-001
 2.0455842e-001
 2.0461598e-001
 2.0452909e-001
 2.0426391e-001
 2.0394517e-001
 2.0374452e-001
 2.0372367e-001
 2.0379096e-001
 2.0380796e-001
 2.0373823e-001
 2.0366544e-001
 2.0366542e-001
 2.0371680e-001
 2.0375526e-001
 2.0376781e-001
 2.0380309e-001
 2.0389177e-001
 2.0397478e-001
 2.0395440e-001
 2.0382671e-001
 2.0369898e-001
 2.0365712e-001
 2.0369418e-001
 2.0378619e-001
 2.0394321e-001
 2.0415200e-001
 2.0435314e-001
 2.0451286e-001
 2.0465018e-001
 2.0476547e-001
 2.0481418e-001
 2.0478953e-001
 2.0477678e-001
 2.0488793e-001
 2.0516340e-001
 2.0550874e-001
 2.0573291e-001
 2.0571736e-001
 2.0556913e-001
 2.0555173e-001
 2.0584852e-001
 2.0640957e-001
 2.0700313e-001
 2.0739700e-001
 2.0750056e-001
 2.0736878e-001
 2.0712382e-001
 2.0689018e-001
 2.0676492e-001
 2.0679957e-001
 2.0698972e-001
 2.0728692e-001
 2.0762594e-001
 2.0794648e-001
 2.0820531e-001
 2.0838712e-001
 2.0851079e-001
 2.0861886e-001
 2.0875446e-001
 2.0894189e-001
 2.0917460e-001
 2.0940363e-001
 2.0953667e-001
 2.0947589e-001
 2.0918724e-001
 2.0874856e-001
 2.0833614e-001
 2.0815942e-001
 2.0836262e-001
 2.0884003e-001
 2.0920329e-001
 2.0926099e-001
 2.0922808e-001
 2.0934980e-001
 2.0954569e-001
 2.0965417e-001
 2.0976491e-001
 2.1006197e-001
 2.1052644e-001
 2.1094902e-001
 2.1115091e-001
 2.1117130e-001
 2.1124229e-001
 2.1150774e-001
 2.1184662e-001
 2.1208467e-001
 2.1223515e-001
 2.1241027e-001
 2.1264330e-001
 2.1290627e-001
 2.1319410e-001
 2.1350297e-001
 2.1378629e-001
 2.1399672e-001
 2.1414520e-001
 2.1429045e-001
 2.1449307e-001
 2.1478464e-001
 2.1515022e-001
 2.1552013e-001
 2.1580715e-001
 2.1599975e-001
 2.1620224e-001
 2.1653914e-001
 2.1704336e-001
 2.1765070e-001
 2.1824840e-001
 2.1871178e-001
 2.1896312e-001
 2.1906097e-001
 2.1919210e-001
 2.1948908e-001
 2.1990372e-001
 2.2035636e-001
 2.2085792e-001
 2.2149599e-001
 2.2223149e-001
 2.2282396e-001
 2.2315049e-001
 2.2333847e-001
 2.2355074e-001
 2.2385621e-001
 2.2424176e-001
 2.2466645e-001
 2.2508608e-001
 2.2545986e-001
 2.2576995e-001
 2.2606093e-001
 2.2643337e-001
 2.2696565e-001
 2.2761881e-001
 2.2824189e-001
 2.2869547e-001
 2.2898056e-001
 2.2923380e-001
 2.2959025e-001
 2.3005377e-001
 2.3049793e-001
 2.3080471e-001
 2.3101623e-001
 2.3131303e-001
 2.3184787e-001
 2.3262918e-001
 2.3350145e-001
 2.3422125e-001
 2.3458919e-001
 2.3485985e-001
 2.3511592e-001
 2.3549145e-001
 2.3597579e-001
 2.3649997e-001
 2.3699494e-001
 2.3740347e-001
 2.3774663e-001
 2.3807707e-001
 2.3844762e-001
 2.3890081e-001
 2.3941302e-001
 2.3993374e-001
 2.4041250e-001
 2.4080858e-001
 2.4114771e-001
 2.4148235e-001
 2.4186508e-001
 2.4233879e-001
 2.4288252e-001
 2.4354276e-001
 2.4407728e-001
 2.4453399e-001
 2.4490029e-001
 2.4519615e-001
 2.4544318e-001
 2.4566281e-001
 2.4587627e-001
 2.4609543e-001
 2.4632299e-001
 2.4656135e-001
 2.4681279e-001
 2.4707966e-001
 2.4736264e-001
 2.4766096e-001
 2.4797370e-001
 2.4830003e-001
 2.4863891e-001
 2.4898736e-001
 2.4934024e-001
 2.4969243e-001
 2.5003868e-001
 2.5037390e-001
 2.5069374e-001
 2.5099704e-001
 2.5128362e-001
 2.5155318e-001
 2.5180542e-001
 2.5204009e-001
 2.5225648e-001
 2.5245264e-001
 2.5262618e-001
 2.5277472e-001
 2.5289589e-001
 2.5298733e-001
 2.5304660e-001
 2.5307652e-001
 2.5309885e-001
 2.5314003e-001
 2.5322640e-001
 2.5338447e-001
 2.5364059e-001
 2.5402126e-001
 2.5455275e-001
 2.5524533e-001
 2.5604719e-001
 2.5689253e-001
 2.5771502e-001
 2.5844869e-001
 2.5902745e-001
 2.5938523e-001
 2.5945592e-001
 2.5919744e-001
 2.5865713e-001
 2.5790331e-001
 2.5700396e-001
 2.5602755e-001
 2.5504205e-001
 2.5411588e-001
 2.5331706e-001
 2.5269800e-001
 2.5225195e-001
 2.5195885e-001
 2.5179848e-001
 2.5175065e-001
 2.5179529e-001
 2.5191218e-001
 2.5208113e-001
 2.5228202e-001
 2.5249469e-001
 2.5269893e-001
 2.5287455e-001
 2.5300619e-001
 2.5309521e-001
 2.5314707e-001
 2.5316700e-001
 2.5316042e-001
 2.5313264e-001
 2.5308901e-001
 2.5303483e-001
 2.5297555e-001
 2.5291640e-001
 2.5286275e-001
 2.5281999e-001
 2.5279233e-001
 2.5278029e-001
 2.5278342e-001
 2.5280136e-001
 2.5283372e-001
 2.5288010e-001
 2.5294012e-001
 2.5301340e-001
 2.5309950e-001
 2.5319809e-001
 2.5330874e-001
 2.5343010e-001
 2.5355718e-001
 2.5368416e-001
 2.5380549e-001
 2.5391525e-001
 2.5400785e-001
 2.5407740e-001
 2.5411832e-001
 2.5412479e-001
 2.5409111e-001
 2.5401464e-001
 2.5390387e-001
 2.5376952e-001
 2.5362232e-001
 2.5347304e-001
 2.5333259e-001
 2.5321156e-001
 2.5312081e-001
 2.5307104e-001
 2.5307313e-001
 2.5313407e-001
 2.5324866e-001
 2.5340882e-001
 2.5360659e-001
 2.5383404e-001
 2.5408310e-001
 2.5434586e-001
 2.5461432e-001
 2.5488046e-001
 2.5513634e-001
 2.5537580e-001
 2.5559899e-001
 2.5580728e-001
 2.5600219e-001
 2.5618514e-001
 2.5635761e-001
 2.5652093e-001
 2.5667664e-001
 2.5682610e-001
 2.5696945e-001
 2.5710198e-001
 2.5721824e-001
 2.5731257e-001
 2.5737938e-001
 2.5741318e-001
 2.5740832e-001
 2.5735930e-001
 2.5726485e-001
 2.5713789e-001
 2.5699428e-001
 2.5684988e-001
 2.5672057e-001
 2.5662225e-001
 2.5657070e-001
 2.5658184e-001
 2.5666666e-001
 2.5682005e-001
 2.5703382e-001
 2.5729966e-001
 2.5760925e-001
 2.5795436e-001
 2.5832674e-001
 2.5871801e-001
 2.5911802e-001
 2.5950974e-001
 2.5987503e-001
 2.6016626e-001
 2.6041022e-001
 2.6057357e-001
 2.6064676e-001
 2.6063803e-001
 2.6057100e-001
 2.6047996e-001
 2.6040426e-001
 2.6038358e-001
 2.6044989e-001
 2.6061493e-001
 2.6086223e-001
 2.6115516e-001
 2.6144931e-001
 2.6170155e-001
 2.6187846e-001
 2.6196533e-001
 2.6196894e-001
 2.6191214e-001
 2.6182544e-001
 2.6174003e-001
 2.6168212e-001
 2.6166821e-001
 2.6170343e-001
 2.6178387e-001
 2.6190084e-001
 2.6204368e-001
 2.6220098e-001
 2.6236111e-001
 2.6251212e-001
 2.6264209e-001
 2.6273978e-001
 2.6279658e-001
 2.6280919e-001
 2.6278257e-001
 2.6273069e-001
 2.6267448e-001
 2.6263791e-001
 2.6264259e-001
 2.6270178e-001
 2.6295429e-001
 2.6302117e-001
 2.6308876e-001
 2.6315203e-001
 2.6320669e-001
 2.6325014e-001
 2.6328212e-001
 2.6330516e-001
 2.6332423e-001
 2.6334631e-001
 2.6337916e-001
 2.6342985e-001
 2.6350349e-001
 2.6360238e-001
 2.6372558e-001
 2.6386973e-001
 2.6402956e-001
 2.6419890e-001
 2.6437140e-001
 2.6454109e-001
 2.6470307e-001
 2.6485339e-001
 2.6498958e-001
 2.6511037e-001
 2.6521569e-001
 2.6530692e-001
 2.6538661e-001
 2.6545867e-001
 2.6552776e-001
 2.6559868e-001
 2.6567566e-001
 2.6576155e-001
 2.6585722e-001
 2.6596174e-001
 2.6607254e-001
 2.6618636e-001
 2.6629999e-001
 2.6641160e-001
 2.6652098e-001
 2.6662996e-001
 2.6674184e-001
 2.6686019e-001
 2.6698777e-001
 2.6712528e-001
 2.6727071e-001
 2.6741949e-001
 2.6756507e-001
 2.6770034e-001
 2.6781926e-001
 2.6791790e-001
 2.6799563e-001
 2.6805508e-001
 2.6810190e-001
 2.6814362e-001
 2.6818860e-001
 2.6824468e-001
 2.6831841e-001
 2.6841423e-001
 2.6853442e-001
 2.6867899e-001
 2.6884606e-001
 2.6903233e-001
 2.6923341e-001
 2.6944447e-001
 2.6966035e-001
 2.6987615e-001
 2.7008739e-001
 2.7029029e-001
 2.7048200e-001
 2.7066085e-001
 2.7082640e-001
 2.7097964e-001
 2.7112296e-001
 2.7125993e-001
 2.7139515e-001
 2.7153385e-001
 2.7168155e-001
 2.7184334e-001
 2.7202362e-001
 2.7222532e-001
 2.7244985e-001
 2.7269688e-001
 2.7296424e-001
 2.7324852e-001
 2.7354530e-001
 2.7384982e-001
 2.7415782e-001
 2.7446574e-001
 2.7477133e-001
 2.7507356e-001
 2.7537242e-001
 2.7566847e-001
 2.7596232e-001
 2.7625409e-001
 2.7654323e-001
 2.7682835e-001
 2.7710763e-001
 2.7737910e-001
 2.7764127e-001
 2.7789363e-001
 2.7813682e-001
 2.7837279e-001
 2.7860445e-001
 2.7883536e-001
 2.7906939e-001
 2.7930984e-001
 2.7955943e-001
 2.7981979e-001
 2.8009132e-001
 2.8037342e-001
 2.8066447e-001
 2.8096229e-001
 2.8126433e-001
 2.8156814e-001
 2.8187206e-001
 2.8217518e-001
 2.8247792e-001
 2.8278199e-001
 2.8309023e-001
 2.8340620e-001
 2.8373349e-001
 2.8407496e-001
 2.8443238e-001
 2.8480533e-001
 2.8519174e-001
 2.8558755e-001
 2.8598744e-001
 2.8638577e-001
 2.8677723e-001
 2.8715771e-001
 2.8752473e-001
 2.8787756e-001
 2.8821734e-001
 2.8854638e-001
 2.8886807e-001
 2.8918597e-001
 2.8950360e-001
 2.8982425e-001
 2.9015052e-001
 2.9048449e-001
 2.9082757e-001
 2.9118058e-001
 2.9154372e-001
 2.9191655e-001
 2.9229808e-001
 2.9268679e-001
 2.9308063e-001
 2.9347724e-001
 2.9387408e-001
 2.9426849e-001
 2.9465824e-001
 2.9504138e-001
 2.9541665e-001
 2.9578340e-001
 2.9614171e-001
 2.9649243e-001
 2.9683673e-001
 2.9717630e-001
 2.9751280e-001
 2.9784772e-001
 2.9818240e-001
 2.9851755e-001
 2.9885355e-001
 2.9919025e-001
 2.9952720e-001
 2.9986399e-001
 3.0020028e-001
 3.0053616e-001
 3.0087239e-001
 3.0121040e-001
 3.0155256e-001
 3.0190176e-001
 3.0226138e-001
 3.0263528e-001
 3.0302691e-001
 3.0343965e-001
 3.0387601e-001
 3.0433765e-001
 3.0482534e-001
 3.0533865e-001
 3.0587631e-001
 3.0643585e-001
 3.0701378e-001
 3.0760574e-001
 3.0820599e-001
 3.0880806e-001
 3.0940416e-001
 3.0998597e-001
 3.1054533e-001
 3.1107476e-001
 3.1156877e-001
 3.1202498e-001
 3.1244463e-001
 3.1283304e-001
 3.1319889e-001
 3.1355321e-001
 3.1390771e-001
 3.1427282e-001
 3.1465635e-001
 3.1506208e-001
 3.1548977e-001
 3.1593597e-001
 3.1639475e-001
 3.1685978e-001
 3.1732535e-001
 3.1778744e-001
 3.1824443e-001
 3.1869647e-001
 3.1914541e-001
 3.1959355e-001
 3.2004312e-001
 3.2049578e-001
 3.2095227e-001
 3.2141221e-001
 3.2187468e-001
 3.2233807e-001
 3.2280058e-001
 3.2326019e-001
 3.2371485e-001
 3.2416290e-001
 3.2460263e-001
 3.2503307e-001
 3.2545352e-001
 3.2586390e-001
 3.2626498e-001
 3.2665768e-001
 3.2704359e-001
 3.2742423e-001
 3.2780120e-001
 3.2817614e-001
 3.2855046e-001
 3.2892597e-001
 3.2930455e-001
 3.2968852e-001
 3.3008075e-001
 3.3048409e-001
 3.3090135e-001
 3.3133456e-001
 3.3178443e-001
 3.3225009e-001
 3.3272868e-001
 3.3321542e-001
 3.3370420e-001
 3.3418798e-001
 3.3466011e-001
 3.3511493e-001
 3.3554894e-001
 3.3596149e-001
 3.3635470e-001
 3.3673355e-001
 3.3710483e-001
 3.3747613e-001
 3.3785474e-001
 3.3824596e-001
 3.3865258e-001
 3.3907411e-001
 3.3950695e-001
 3.3994508e-001
 3.4038085e-001
 3.4080663e-001
 3.4121570e-001
 3.4160340e-001
 3.4196806e-001
 3.4231082e-001
 3.4263530e-001
 3.4294701e-001
 3.4325203e-001
 3.4355608e-001
 3.4386340e-001
 3.4417632e-001
 3.4449521e-001
 3.4481856e-001
 3.4514391e-001
 3.4546843e-001
 3.4578961e-001
 3.4610605e-001
 3.4641731e-001
 3.4672427e-001
 3.4702870e-001
 3.4733307e-001
 3.4764069e-001
 3.4795508e-001
 3.4828040e-001
 3.4862125e-001
 3.4898239e-001
 3.4936878e-001
 3.4978470e-001
 3.5023353e-001
 3.5071656e-001
 3.5123277e-001
 3.5177839e-001
 3.5234672e-001
 3.5292873e-001
 3.5351408e-001
 3.5409197e-001
 3.5465300e-001
 3.5518998e-001
 3.5569897e-001
 3.5617977e-001
 3.5663512e-001
 3.5707006e-001
 3.5749018e-001
 3.5790032e-001
 3.5830361e-001
 3.5870069e-001
 3.5909036e-001
 3.5947019e-001
 3.5983807e-001
 3.6019337e-001
 3.6053741e-001
 3.6087397e-001
 3.6120805e-001
 3.6154515e-001
 3.6188978e-001
 3.6224455e-001
 3.6260968e-001
 3.6298349e-001
 3.6336288e-001
 3.6374465e-001
 3.6412638e-001
 3.6450684e-001
 3.6488646e-001
 3.6526629e-001
 3.6564779e-001
 3.6603156e-001
 3.6641684e-001
 3.6680153e-001
 3.6718187e-001
 3.6755353e-001
 3.6791199e-001
 3.6825353e-001
 3.6857593e-001
 3.6887842e-001
 3.6916196e-001
 3.6942834e-001
 3.6967963e-001
 3.6991736e-001
 3.7014142e-001
 3.7034976e-001
 3.7053829e-001
 3.7070090e-001
 3.7083045e-001
 3.7091944e-001
 3.7096128e-001
 3.7095103e-001
 3.7088624e-001
 3.7076730e-001
 3.7059757e-001
 3.7038344e-001
 3.7013403e-001
 3.6986104e-001
 3.6957836e-001
 3.6930177e-001
 3.6904845e-001
 3.6883599e-001
 3.6868155e-001
 3.6860022e-001
 3.6860386e-001
 3.6869919e-001
 3.6888677e-001
 3.6915976e-001
 3.6950377e-001
 3.6989674e-001
 3.7031007e-001
 3.7070984e-001
 3.7105814e-001
 3.7131470e-001
 3.7143818e-001
 3.7138671e-001
 3.7111837e-001
 3.7059152e-001
 3.6976552e-001
 3.6860195e-001
 3.6706817e-001
 3.6514035e-001
 3.6280972e-001
 3.6008695e-001
 3.5700467e-001
 3.5362074e-001
 3.5001308e-001
 3.4627676e-001
 3.4251484e-001
 3.3882782e-001
 3.3530891e-001
 3.3203503e-001
 3.2906809e-001
 3.2645488e-001
 3.2423002e-001
 3.2242200e-001
 3.2105500e-001
 3.2014883e-001
 3.1971759e-001
 3.1976420e-001
 3.2027566e-001
 3.2121852e-001
 3.2253781e-001
 3.2415786e-001
 3.2598865e-001
 3.2793194e-001
 3.2989058e-001
 3.3177745e-001
 3.3352083e-001
 3.3507052e-001
 3.3639789e-001
 3.3749601e-001
 3.3837673e-001
 3.3906573e-001
 3.3959821e-001
 3.4001336e-001
 3.4035027e-001
 3.4064454e-001
 3.4092554e-001
 3.4121534e-001
 3.4152827e-001
 3.4187123e-001
 3.4224516e-001
 3.4264594e-001
 3.4306622e-001
 3.4349722e-001
 3.4392995e-001
 3.4435704e-001
 3.4477344e-001
 3.4517711e-001
 3.4556943e-001
 3.4595451e-001
 3.4633866e-001
 3.4672898e-001
 3.4713221e-001
 3.4755367e-001
 3.4799618e-001
 3.4845987e-001
 3.4894234e-001
 3.4943920e-001
 3.4994572e-001
 3.5045755e-001
 3.5097247e-001
 3.5149115e-001
 3.5201776e-001
 3.5256004e-001
 3.5312831e-001
 3.5373425e-001
 3.5438973e-001
 3.5510433e-001
 3.5588467e-001
 3.5673258e-001
 3.5764500e-001
 3.5861433e-001
 3.5962862e-001
 3.6067376e-001
 3.6173403e-001
 3.6279419e-001
 3.6384103e-001
 3.6486366e-001
 3.6585498e-001
 3.6681098e-001
 3.6773089e-001
 3.6861691e-001
 3.6947259e-001
 3.7030280e-001
 3.7111214e-001
 3.7190473e-001
 3.7268388e-001
 3.7345168e-001
 3.7420946e-001
 3.7495866e-001
 3.7570083e-001
 3.7643918e-001
 3.7717822e-001
 3.7792417e-001
 3.7868479e-001
 3.7946770e-001
 3.8028005e-001
 3.8112631e-001
 3.8200760e-001
 3.8292119e-001
 3.8385990e-001
 3.8481358e-001
 3.8576952e-001
 3.8671461e-001
 3.8763729e-001
 3.8852820e-001
 3.8938227e-001
 3.9019835e-001
 3.9097947e-001
 3.9173251e-001
 3.9246634e-001
 3.9319134e-001
 3.9391723e-001
 3.9465204e-001
 3.9540118e-001
 3.9616627e-001
 3.9694494e-001
 3.9773151e-001
 3.9851695e-001
 3.9929068e-001
 4.0004146e-001
 4.0075901e-001
 4.0143573e-001
 4.0206701e-001
 4.0265232e-001
 4.0319476e-001
 4.0370065e-001
 4.0417871e-001
 4.0463850e-001
 4.0508997e-001
 4.0554205e-001
 4.0600231e-001
 4.0647697e-001
 4.0697041e-001
 4.0748593e-001
 4.0802544e-001
 4.0858975e-001
 4.0917891e-001
 4.0979156e-001
 4.1042516e-001
 4.1107586e-001
 4.1173798e-001
 4.1240475e-001
 4.1306806e-001
 4.1371951e-001
 4.1435152e-001
 4.1495749e-001
 4.1553295e-001
 4.1607544e-001
 4.1658437e-001
 4.1706154e-001
 4.1751075e-001
 4.1793779e-001
 4.1834965e-001
 4.1875374e-001
 4.1915718e-001
 4.1956559e-001
 4.1998312e-001
 4.2041177e-001
 4.2085144e-001
 4.2130068e-001
 4.2175680e-001
 4.2221686e-001
 4.2267779e-001
 4.2313701e-001
 4.2359290e-001
 4.2404476e-001
 4.2449304e-001
 4.2493978e-001
 4.2538804e-001
 4.2584202e-001
 4.2630631e-001
 4.2678514e-001
 4.2728174e-001
 4.2779684e-001
 4.2832839e-001
 4.2887077e-001
 4.2941487e-001
 4.2994946e-001
 4.3046227e-001
 4.3094212e-001
 4.3138018e-001
 4.3177149e-001
 4.3211555e-001
 4.3241638e-001
 4.3268281e-001
 4.3292749e-001
 4.3316573e-001
 4.3341339e-001
 4.3368465e-001
 4.3398997e-001
 4.3433502e-001
 4.3471980e-001
 4.3513954e-001
 4.3558571e-001
 4.3604755e-001
 4.3651423e-001
 4.3697584e-001
 4.3742463e-001
 4.3785512e-001
 4.3826401e-001
 4.3865007e-001
 4.3901363e-001
 4.3935630e-001
 4.3968058e-001
 4.3998972e-001
 4.4028753e-001
 4.4057783e-001
 4.4086465e-001
 4.4115165e-001
 4.4144210e-001
 4.4173881e-001
 4.4204390e-001
 4.4235876e-001
 4.4268420e-001
 4.4302016e-001
 4.4336602e-001
 4.4372049e-001
 4.4408175e-001
 4.4444790e-001
 4.4481668e-001
 4.4518617e-001
 4.4555467e-001
 4.4592088e-001
 4.4628420e-001
 4.4664431e-001
 4.4700134e-001
 4.4735551e-001
 4.4770691e-001
 4.4805539e-001
 4.4840014e-001
 4.4873995e-001
 4.4907296e-001
 4.4939691e-001
 4.4970965e-001
 4.5000908e-001
 4.5029387e-001
 4.5056343e-001
 4.5081815e-001
 4.5105967e-001
 4.5129061e-001
 4.5151430e-001
 4.5173484e-001
 4.5195648e-001
 4.5218354e-001
 4.5242000e-001
 4.5266917e-001
 4.5293379e-001
 4.5321533e-001
 4.5351440e-001
 4.5383018e-001
 4.5416069e-001
 4.5450279e-001
 4.5485240e-001
 4.5520481e-001
 4.5555502e-001
 4.5589817e-001
 4.5623022e-001
 4.5654786e-001
 4.5684919e-001
 4.5713365e-001
 4.5740196e-001
 4.5765620e-001
 4.5789945e-001
 4.5813552e-001
 4.5836881e-001
 4.5860389e-001
 4.5884523e-001
 4.5909688e-001
 4.5936227e-001
 4.5964390e-001
 4.5994315e-001
 4.6026012e-001
 4.6059364e-001
 4.6094128e-001
 4.6129969e-001
 4.6166447e-001
 4.6203104e-001
 4.6239445e-001
 4.6275002e-001
 4.6309367e-001
 4.6342176e-001
 4.6373144e-001
 4.6402037e-001
 4.6428677e-001
 4.6452937e-001
 4.6474713e-001
 4.6493927e-001
 4.6510527e-001
 4.6524486e-001
 4.6535829e-001
 4.6544626e-001
 4.6551013e-001
 4.6555206e-001
 4.6557510e-001
 4.6558312e-001
 4.6558082e-001
 4.6557349e-001
 4.6556675e-001
 4.6556634e-001
 4.6557769e-001
 4.6560571e-001
 4.6565455e-001
 4.6572772e-001
 4.6582806e-001
 4.6595815e-001
 4.6612039e-001
 4.6631721e-001
 4.6655133e-001
 4.6682557e-001
 4.6714309e-001
 4.6750674e-001
 4.6791857e-001
 4.6837941e-001
 4.6888778e-001
 4.6943912e-001
 4.7002539e-001
 4.7063428e-001
 4.7124991e-001
 4.7185302e-001
 4.7242248e-001
 4.7293726e-001
 4.7337791e-001
 4.7372901e-001
 4.7398046e-001
 4.7412872e-001
 4.7417739e-001
 4.7413638e-001
 4.7402111e-001
 4.7385061e-001
 4.7364557e-001
 4.7342619e-001
 4.7321075e-001
 4.7301391e-001
 4.7284633e-001
 4.7271448e-001
 4.7262099e-001
 4.7256541e-001
 4.7254521e-001
 4.7255668e-001
 4.7259569e-001
 4.7265834e-001
 4.7274131e-001
 4.7284183e-001
 4.7295791e-001
 4.7308773e-001
 4.7322959e-001
 4.7338149e-001
 4.7354084e-001
 4.7370440e-001
 4.7386810e-001
 4.7402748e-001
 4.7417778e-001
 4.7431451e-001
 4.7443408e-001
 4.7453424e-001
 4.7461456e-001
 4.7467679e-001
 4.7472471e-001
 4.7476393e-001
 4.7480121e-001
 4.7484368e-001
 4.7489774e-001
 4.7496817e-001
 4.7505718e-001
 4.7516409e-001
 4.7528484e-001
 4.7541267e-001
 4.7553840e-001
 4.7565177e-001
 4.7574237e-001
 4.7580087e-001
 4.7582012e-001
 4.7579578e-001
 4.7572666e-001
 4.7561488e-001
 4.7546530e-001
 4.7528499e-001
 4.7508264e-001
 4.7486764e-001
 4.7464961e-001
 4.7443780e-001
 4.7424069e-001
 4.7406572e-001
 4.7391891e-001
 4.7380489e-001
 4.7372642e-001
 4.7368422e-001
 4.7367692e-001
 4.7370091e-001
 4.7375065e-001
 4.7381905e-001
 4.7389829e-001
 4.7398081e-001
 4.7406027e-001
 4.7413272e-001
 4.7419742e-001
 4.7425720e-001
 4.7431862e-001
 4.7439125e-001
 4.7448656e-001
 4.7461596e-001
 4.7478896e-001
 4.7501057e-001
 4.7527981e-001
 4.7558823e-001
 4.7592026e-001
 4.7625482e-001
 4.7656763e-001
 4.7683364e-001
 4.7703007e-001
 4.7713837e-001
 4.7714615e-001
 4.7704756e-001
 4.7684392e-001
 4.7654465e-001
 4.7616714e-001
 4.7573575e-001
 4.7527942e-001
 4.7482920e-001
 4.7441441e-001
 4.7405949e-001
 4.7378075e-001
 4.7358486e-001
 4.7346878e-001
 4.7336638e-001
 4.7339571e-001
 4.7345495e-001
 4.7352174e-001
 4.7357693e-001
 4.7360706e-001
 4.7360596e-001
 4.7357413e-001
 4.7351691e-001
 4.7344220e-001
 4.7335884e-001
 4.7327578e-001
 4.7320127e-001
 4.7314236e-001
 4.7310391e-001
 4.7308841e-001
 4.7309560e-001
 4.7312281e-001
 4.7316566e-001
 4.7321856e-001
 4.7327545e-001
 4.7333011e-001
 4.7337660e-001
 4.7340974e-001
 4.7342548e-001
 4.7342160e-001
 4.7339770e-001
 4.7335529e-001
 4.7329697e-001
 4.7322625e-001
 4.7314683e-001
 4.7306237e-001
 4.7297606e-001
 4.7288993e-001
 4.7280416e-001
 4.7271642e-001
 4.7262165e-001
 4.7251222e-001
 4.7237867e-001
 4.7221050e-001
 4.7199681e-001
 4.7172675e-001
 4.7139049e-001
 4.7098026e-001
 4.7049153e-001
 4.6992457e-001
 4.6928445e-001
 4.6858108e-001
 4.6782777e-001
 4.6703953e-001
 4.6623254e-001
 4.6542230e-001
 4.6462321e-001
 4.6384636e-001
 4.6309707e-001
 4.6237364e-001
 4.6166593e-001
 4.6095651e-001
 4.6022263e-001
 4.5943800e-001
 4.5857522e-001
 4.5760658e-001
 4.5650595e-001
 4.5525035e-001
 4.5382157e-001
 4.5220894e-001
 4.5040977e-001
 4.4842780e-001
 4.4627279e-001
 4.4395679e-001
 4.4149384e-001
 4.3889806e-001
 4.3618113e-001
 4.3335292e-001
 4.3041638e-001
 4.2736819e-001
 4.2419678e-001
 4.2088214e-001
 4.1740033e-001
 4.1372257e-001
 4.0982011e-001
 4.0566486e-001
 4.0122992e-001
 3.9649636e-001
 3.9145291e-001
 3.8610345e-001
 3.8046691e-001
 3.7457359e-001
 3.6846566e-001
 3.6219135e-001
 3.5579947e-001
 3.4934270e-001
 3.4287021e-001
 3.3643192e-001
 3.3007494e-001
 3.2384047e-001
 3.1776845e-001
 3.1189224e-001
 3.0624443e-001
 3.0085599e-001
 2.9575488e-001
 2.9097056e-001
 2.8652853e-001
 2.8245285e-001
 2.7876219e-001
 2.7546695e-001
 2.7257124e-001
 2.7007073e-001
 2.6795688e-001
 2.6621792e-001
 2.6483971e-001
 2.6380807e-001
 2.6310748e-001
 2.6272139e-001
 2.6263115e-001
 2.6281524e-001
 2.6324904e-001
 2.6390505e-001
 2.6475400e-001
 2.6576498e-001
 2.6690716e-001
 2.6814952e-001
 2.6946208e-001
 2.7081782e-001
 2.7219304e-001
 2.7357021e-001
 2.7493721e-001
 2.7628756e-001
 2.7761918e-001
 2.7893177e-001
 2.8022689e-001
 2.8150597e-001
 2.8277063e-001
 2.8402266e-001
 2.8526291e-001
 2.8649235e-001
 2.8771093e-001
 2.8891817e-001
 2.9011357e-001
 2.9129606e-001
 2.9246438e-001
 2.9361764e-001
 2.9475430e-001
 2.9587305e-001
 2.9697195e-001
 2.9804853e-001
 2.9910016e-001
 3.0012321e-001
 3.0111426e-001
 3.0206925e-001
 3.0298418e-001
 3.0385557e-001
 3.0468005e-001
 3.0545595e-001
 3.0618334e-001
 3.0686507e-001
 3.0750734e-001
 3.0811882e-001
 3.0871052e-001
 3.0929449e-001
 3.0988318e-001
 3.1048930e-001
 3.1112456e-001
 3.1179905e-001
 3.1252050e-001
 3.1329259e-001
 3.1411538e-001
 3.1498498e-001
 3.1589487e-001
 3.1683719e-001
 3.1780291e-001
 3.1878334e-001
 3.1976983e-001
 3.2075450e-001
 3.2173139e-001
 3.2269621e-001
 3.2364726e-001
 3.2458463e-001
 3.2550994e-001
 3.2642600e-001
 3.2733563e-001
 3.2824212e-001
 3.2914826e-001
 3.3005631e-001
 3.3096796e-001
 3.3188325e-001
 3.3280131e-001
 3.3371970e-001
 3.3463514e-001
 3.3554408e-001
 3.3644259e-001
 3.3732677e-001
 3.3819377e-001
 3.3904168e-001
 3.3987129e-001
 3.4068614e-001
 3.4149331e-001
 3.4230322e-001
 3.4312820e-001
 3.4398231e-001
 3.4487969e-001
 3.4583470e-001
 3.4685960e-001
 3.4796450e-001
 3.4915465e-001
 3.5042801e-001
 3.5177612e-001
 3.5318369e-001
 3.5463101e-001
 3.5609445e-001
 3.5755026e-001
 3.5897458e-001
 3.6034396e-001
 3.6163890e-001
 3.6284488e-001
 3.6395341e-001
 3.6496443e-001
 3.6588436e-001
 3.6672497e-001
 3.6750036e-001
 3.6822668e-001
 3.6892030e-001
 3.6959648e-001
 3.7026948e-001
 3.7095088e-001
 3.7164813e-001
 3.7236527e-001
 3.7310261e-001
 3.7385735e-001
 3.7462562e-001
 3.7540266e-001
 3.7618375e-001
 3.7696391e-001
 3.7773967e-001
 3.7850893e-001
 3.7927115e-001
 3.8002861e-001
 3.8078547e-001
 3.8154697e-001
 3.8231972e-001
 3.8311043e-001
 3.8392597e-001
 3.8477182e-001
 3.8565245e-001
 3.8656974e-001
 3.8752124e-001
 3.8850117e-001
 3.8950014e-001
 3.9050540e-001
 3.9150333e-001
 3.9247969e-001
 3.9341959e-001
 3.9430994e-001
 3.9513963e-001
 3.9590144e-001
 3.9659277e-001
 3.9721715e-001
 3.9778322e-001
 3.9830291e-001
 3.9879081e-001
 3.9926240e-001
 3.9973271e-001
 4.0021589e-001
 4.0072325e-001
 4.0126142e-001
 4.0183040e-001
 4.0242362e-001
 4.0302804e-001
 4.0362561e-001
 4.0419596e-001
 4.0471753e-001
 4.0516850e-001
 4.0552896e-001
 4.0578231e-001
 4.0591770e-001
 4.0593204e-001
 4.0583095e-001
 4.0562782e-001
 4.0534192e-001
 4.0499583e-001
 4.0461358e-001
 4.0421975e-001
 4.0383747e-001
 4.0348756e-001
 4.0318677e-001
 4.0294600e-001
 4.0276974e-001
 4.0265694e-001
 4.0260229e-001
 4.0259787e-001
 4.0263465e-001
 4.0270311e-001
 4.0279382e-001
 4.0289783e-001
 4.0300688e-001
 4.0311387e-001
 4.0321285e-001
 4.0329885e-001
 4.0336782e-001
 4.0341610e-001
 4.0344045e-001
 4.0343791e-001
 4.0340626e-001
 4.0334466e-001
 4.0325451e-001
 4.0314037e-001
 4.0301007e-001
 4.0287474e-001
 4.0274760e-001
 4.0264320e-001
 4.0257666e-001
 4.0256271e-001
 4.0261471e-001
 4.0274319e-001
 4.0295357e-001
 4.0324467e-001
 4.0360802e-001
 4.0402821e-001
 4.0448511e-001
 4.0495560e-001
 4.0541553e-001
 4.0584052e-001
 4.0620819e-001
 4.0649992e-001
 4.0670314e-001
 4.0681401e-001
 4.0683818e-001
 4.0678972e-001
 4.0668914e-001
 4.0656057e-001
 4.0642995e-001
 4.0632322e-001
 4.0626520e-001
 4.0627775e-001
 4.0637782e-001
 4.0657550e-001
 4.0687367e-001
 4.0726808e-001
 4.0774980e-001
 4.0830702e-001
 4.0892604e-001
 4.0959314e-001
 4.1029450e-001
 4.1101712e-001
 4.1174850e-001
 4.1247794e-001
 4.1319641e-001
 4.1389570e-001
 4.1456911e-001
 4.1521060e-001
 4.1581398e-001
 4.1637385e-001
 4.1688511e-001
 4.1734314e-001
 4.1774485e-001
 4.1808882e-001
 4.1837552e-001
 4.1860688e-001
 4.1878635e-001
 4.1891804e-001
 4.1900632e-001
 4.1905582e-001
 4.1907102e-001
 4.1905618e-001
 4.1901520e-001
 4.1895145e-001
 4.1886774e-001
 4.1876635e-001
 4.1864920e-001
 4.1851792e-001
 4.1837412e-001
 4.1821936e-001
 4.1805521e-001
 4.1788355e-001
 4.1770640e-001
 4.1752613e-001
 4.1734567e-001
 4.1716820e-001
 4.1699719e-001
 4.1683623e-001
 4.1668907e-001
 4.1655910e-001
 4.1644922e-001
 4.1636133e-001
 4.1629541e-001
 4.1624892e-001
 4.1621667e-001
 4.1619098e-001
 4.1616231e-001
 4.1612005e-001
 4.1605321e-001
 4.1595086e-001
 4.1580305e-001
 4.1560158e-001
 4.1534138e-001
 4.1502145e-001
 4.1464576e-001
 4.1422218e-001
 4.1376176e-001
 4.1327730e-001
 4.1278261e-001
 4.1229123e-001
 4.1181558e-001
 4.1136628e-001
 4.1094986e-001
 4.1056782e-001
 4.1021627e-001
 4.0988609e-001
 4.0956432e-001
 4.0923607e-001
 4.0888524e-001
 4.0849560e-001
 4.0805140e-001
 4.0753871e-001
 4.0694579e-001
 4.0626410e-001
 4.0548941e-001
 4.0462041e-001
 4.0365809e-001
 4.0260571e-001
 4.0146664e-001
 4.0024465e-001
 3.9894354e-001
 3.9756820e-001
 3.9612287e-001
 3.9461222e-001
 3.9304236e-001
 3.9141884e-001
 3.8974744e-001
 3.8803533e-001
 3.8628864e-001
 3.8451380e-001
 3.8271895e-001
 3.8091221e-001
 3.7910399e-001
 3.7730676e-001
 3.7553716e-001
 3.7381300e-001
 3.7215409e-001
 3.7058237e-001
 3.6911890e-001
 3.6778393e-001
 3.6659619e-001
 3.6556816e-001
 3.6470395e-001
 3.6399558e-001
 3.6342248e-001
 3.6295167e-001
 3.6254150e-001
 3.6214545e-001
 3.6171451e-001
 3.6119986e-001
 3.6055556e-001
 3.5974142e-001
 3.5872710e-001
 3.5749665e-001
 3.5604855e-001
 3.5439524e-001
 3.5255867e-001
 3.5056821e-001
 3.4845459e-001
 3.4624919e-001
 3.4398368e-001
 3.4168524e-001
 3.3937579e-001
 3.3707193e-001
 3.3478078e-001
 3.3250308e-001
 3.3023369e-001
 3.2796615e-001
 3.2569075e-001
 3.2339725e-001
 3.2107708e-001
 3.1872022e-001
 3.1631723e-001
 3.1386116e-001
 3.1134424e-001
 3.0875927e-001
 3.0610159e-001
 3.0336514e-001
 3.0054474e-001
 2.9763535e-001
 2.9463577e-001
 2.9154623e-001
 2.8837273e-001
 2.8513145e-001
 2.8184515e-001
 2.7854446e-001
 2.7526814e-001
 2.7205607e-001
 2.6895031e-001
 2.6599175e-001
 2.6322094e-001
 2.6067081e-001
 2.5836524e-001
 2.5631732e-001
 2.5452456e-001
 2.5297216e-001
 2.5163734e-001
 2.5049055e-001
 2.4950002e-001
 2.4863431e-001
 2.4786270e-001
 2.4715836e-001
 2.4650048e-001
 2.4587713e-001
 2.4528518e-001
 2.4472994e-001
 2.4422327e-001
 2.4378033e-001
 2.4341801e-001
 2.4315357e-001
 2.4300291e-001
 2.4297918e-001
 2.4309094e-001
 2.4334024e-001
 2.4372208e-001
 2.4422523e-001
 2.4483339e-001
 2.4552779e-001
 2.4628849e-001
 2.4709499e-001
 2.4792831e-001
 2.4877174e-001
 2.4961291e-001
 2.5044441e-001
 2.5126559e-001
 2.5208145e-001
 2.5290045e-001
 2.5373417e-001
 2.5459516e-001
 2.5549552e-001
 2.5644687e-001
 2.5745875e-001
 2.5853604e-001
 2.5967929e-001
 2.6088294e-001
 2.6213670e-001
 2.6342550e-001
 2.6473293e-001
 2.6604152e-001
 2.6733264e-001
 2.6858881e-001
 2.6979330e-001
 2.7092996e-001
 2.7198529e-001
 2.7294749e-001
 2.7380684e-001
 2.7455425e-001
 2.7518222e-001
 2.7568358e-001
 2.7605146e-001
 2.7628031e-001
 2.7636674e-001
 2.7631077e-001
 2.7611756e-001
 2.7579769e-001
 2.7536672e-001
 2.7484331e-001
 2.7424797e-001
 2.7360162e-001
 2.7292526e-001
 2.7223805e-001
 2.7155632e-001
 2.7089247e-001
 2.7025282e-001
 2.6963720e-001
 2.6903993e-001
 2.6845023e-001
 2.6785457e-001
 2.6723796e-001
 2.6658544e-001
 2.6588184e-001
 2.6511252e-001
 2.6426402e-001
 2.6335949e-001
 2.6256230e-001
 2.6143625e-001
 2.6025966e-001
 2.5905544e-001
 2.5784680e-001
 2.5665668e-001
 2.5550884e-001
 2.5442621e-001
 2.5343198e-001
 2.5254932e-001
 2.5179908e-001
 2.5118190e-001
 2.5068673e-001
 2.5030240e-001
 2.5001788e-001
 2.4982218e-001
 2.4970415e-001
 2.4965277e-001
 2.4965699e-001
 2.4970570e-001
 2.4978782e-001
 2.4989235e-001
 2.5000817e-001
 2.5012422e-001
 2.5023013e-001
 2.5032189e-001
 2.5039876e-001
 2.5046012e-001
 2.5050530e-001
 2.5053373e-001
 2.5054467e-001
 2.5053757e-001
 2.5051174e-001
 2.5046653e-001
 2.5040132e-001
 2.5031543e-001
 2.5020823e-001
 2.5007913e-001
 2.4992743e-001
 2.4975254e-001
 2.4955373e-001
 2.4933045e-001
 2.4908215e-001
 2.4880980e-001
 2.4851483e-001
 2.4819909e-001
 2.4786411e-001
 2.4751149e-001
 2.4714278e-001
 2.4675980e-001
 2.4636403e-001
 2.4595717e-001
 2.4554075e-001
 2.4511635e-001
 2.4468577e-001
 2.4425057e-001
 2.4381229e-001
 2.4337253e-001
 2.4293306e-001
 2.4249545e-001
 2.4206129e-001
 2.4163210e-001
 2.4120972e-001
 2.4079567e-001
 2.4039134e-001
 2.3999646e-001
 2.3961018e-001
 2.3923129e-001
 2.3885874e-001
 2.3849154e-001
 2.3812841e-001
 2.3776856e-001
 2.3741078e-001
 2.3705408e-001
 2.3669724e-001
 2.3633941e-001
 2.3597939e-001
 2.3561616e-001
 2.3524860e-001
 2.3487575e-001
 2.3449650e-001
 2.3410977e-001
 2.3371454e-001
 2.3330958e-001
 2.3289406e-001
 2.3246682e-001
 2.3202680e-001
 2.3157282e-001
 2.3110403e-001
 2.3061927e-001
 2.3011765e-001
 2.2959982e-001
 2.2906758e-001
 2.2852235e-001
 2.2796564e-001
 2.2739910e-001
 2.2682405e-001
 2.2624239e-001
 2.2565550e-001
 2.2506492e-001
 2.2447209e-001
 2.2387886e-001
 2.2328661e-001
 2.2269690e-001
 2.2211117e-001
 2.2153120e-001
 2.2095847e-001
 2.2039449e-001
 2.1984069e-001
 2.1929891e-001
 2.1877055e-001
 2.1825714e-001
 2.1776026e-001
 2.1728140e-001
 2.1682225e-001
 2.1638431e-001
 2.1596910e-001
 2.1557812e-001
 2.1521309e-001
 2.1487544e-001
 2.1456653e-001
 2.1428579e-001
 2.1403190e-001
 2.1380346e-001
