s07_ASD Record=13443: Kaol+Muscov_intimate CU93-5C  BECKa AREF
 9.9438280e-002
 1.0000326e-001
 1.0057172e-001
 1.0113441e-001
 1.0168280e-001
 1.0221157e-001
 1.0271932e-001
 1.0320746e-001
 1.0367862e-001
 1.0413545e-001
 1.0458035e-001
 1.0501614e-001
 1.0544715e-001
 1.0588071e-001
 1.0632830e-001
 1.0680494e-001
 1.0732538e-001
 1.0790029e-001
 1.0853367e-001
 1.0922283e-001
 1.0996063e-001
 1.1073951e-001
 1.1155546e-001
 1.1240942e-001
 1.1330673e-001
 1.1425470e-001
 1.1525892e-001
 1.1631925e-001
 1.1742865e-001
 1.1857633e-001
 1.1975077e-001
 1.2094318e-001
 1.2214880e-001
 1.2336714e-001
 1.2460147e-001
 1.2585686e-001
 1.2713811e-001
 1.2844814e-001
 1.2978749e-001
 1.3115315e-001
 1.3253847e-001
 1.3393290e-001
 1.3532333e-001
 1.3669705e-001
 1.3804486e-001
 1.3936347e-001
 1.4065528e-001
 1.4192691e-001
 1.4318609e-001
 1.4443938e-001
 1.4569038e-001
 1.4693964e-001
 1.4818607e-001
 1.4942832e-001
 1.5066576e-001
 1.5189770e-001
 1.5312277e-001
 1.5433896e-001
 1.5554386e-001
 1.5673372e-001
 1.5790704e-001
 1.5907021e-001
 1.6022767e-001
 1.6138348e-001
 1.6254568e-001
 1.6372368e-001
 1.6492483e-001
 1.6615556e-001
 1.6742346e-001
 1.6873553e-001
 1.7009661e-001
 1.7150757e-001
 1.7296664e-001
 1.7447175e-001
 1.7602125e-001
 1.7761365e-001
 1.7924570e-001
 1.8091248e-001
 1.8260901e-001
 1.8433273e-001
 1.8608509e-001
 1.8786967e-001
 1.8968943e-001
 1.9154391e-001
 1.9342940e-001
 1.9533996e-001
 1.9726795e-001
 1.9920325e-001
 2.0113145e-001
 2.0303465e-001
 2.0489478e-001
 2.0669927e-001
 2.0844446e-001
 2.1013543e-001
 2.1178105e-001
 2.1338791e-001
 2.1495612e-001
 2.1647841e-001
 2.1794468e-001
 2.1934819e-001
 2.2069074e-001
 2.2198159e-001
 2.2323024e-001
 2.2443719e-001
 2.2558771e-001
 2.2665650e-001
 2.2762328e-001
 2.2848971e-001
 2.2928415e-001
 2.3004898e-001
 2.3081900e-001
 2.3160641e-001
 2.3240201e-001
 2.3318698e-001
 2.3394433e-001
 2.3466411e-001
 2.3534478e-001
 2.3599458e-001
 2.3663102e-001
 2.3727642e-001
 2.3794861e-001
 2.3865195e-001
 2.3937516e-001
 2.4010080e-001
 2.4082208e-001
 2.4155284e-001
 2.4231987e-001
 2.4314225e-001
 2.4401841e-001
 2.4493258e-001
 2.4587338e-001
 2.4684498e-001
 2.4786095e-001
 2.4892965e-001
 2.5004560e-001
 2.5119439e-001
 2.5236470e-001
 2.5355887e-001
 2.5479427e-001
 2.5609264e-001
 2.5746292e-001
 2.5889063e-001
 2.6034611e-001
 2.6180711e-001
 2.6327753e-001
 2.6478490e-001
 2.6635775e-001
 2.6800174e-001
 2.6969245e-001
 2.7139309e-001
 2.7308086e-001
 2.7475899e-001
 2.7644297e-001
 2.7813828e-001
 2.7983579e-001
 2.8153002e-001
 2.8323424e-001
 2.8497231e-001
 2.8675318e-001
 2.8855771e-001
 2.9035300e-001
 2.9212189e-001
 2.9387850e-001
 2.9565722e-001
 2.9748863e-001
 2.9937896e-001
 3.0130574e-001
 3.0323249e-001
 3.0513281e-001
 3.0700782e-001
 3.0887944e-001
 3.1076962e-001
 3.1268391e-001
 3.1461030e-001
 3.1652579e-001
 3.1841075e-001
 3.2026938e-001
 3.2213962e-001
 3.2407638e-001
 3.2611233e-001
 3.2822919e-001
 3.3036107e-001
 3.3242682e-001
 3.3437538e-001
 3.3621719e-001
 3.3801863e-001
 3.3985475e-001
 3.4175953e-001
 3.4371626e-001
 3.4569076e-001
 3.4766516e-001
 3.4963956e-001
 3.5160974e-001
 3.5354814e-001
 3.5541278e-001
 3.5718369e-001
 3.5889688e-001
 3.6062798e-001
 3.6242673e-001
 3.6427429e-001
 3.6612183e-001
 3.6795664e-001
 3.6979863e-001
 3.7164330e-001
 3.7344900e-001
 3.7519082e-001
 3.7689915e-001
 3.7862250e-001
 3.8036060e-001
 3.8205343e-001
 3.8364974e-001
 3.8517556e-001
 3.8671747e-001
 3.8833988e-001
 3.9003000e-001
 3.9171445e-001
 3.9331061e-001
 3.9477700e-001
 3.9614630e-001
 3.9751506e-001
 3.9897621e-001
 4.0054157e-001
 4.0212697e-001
 4.0360680e-001
 4.0488520e-001
 4.0594178e-001
 4.0684536e-001
 4.0772140e-001
 4.0867162e-001
 4.0970224e-001
 4.1073164e-001
 4.1167349e-001
 4.1251171e-001
 4.1329840e-001
 4.1408604e-001
 4.1487652e-001
 4.1564584e-001
 4.1639364e-001
 4.1713506e-001
 4.1786027e-001
 4.1854393e-001
 4.1918623e-001
 4.1980511e-001
 4.2039832e-001
 4.2095542e-001
 4.2149684e-001
 4.2205551e-001
 4.2262399e-001
 4.2316058e-001
 4.2365244e-001
 4.2413589e-001
 4.2464781e-001
 4.2518711e-001
 4.2573452e-001
 4.2628792e-001
 4.2684716e-001
 4.2737177e-001
 4.2779961e-001
 4.2811126e-001
 4.2835090e-001
 4.2859268e-001
 4.2890602e-001
 4.2932531e-001
 4.2981458e-001
 4.3028560e-001
 4.3069720e-001
 4.3110454e-001
 4.3156564e-001
 4.3204588e-001
 4.3246695e-001
 4.3281505e-001
 4.3314910e-001
 4.3352240e-001
 4.3394276e-001
 4.3438604e-001
 4.3480507e-001
 4.3514821e-001
 4.3540680e-001
 4.3563476e-001
 4.3590441e-001
 4.3625793e-001
 4.3670166e-001
 4.3720326e-001
 4.3767631e-001
 4.3804160e-001
 4.3834183e-001
 4.3871152e-001
 4.3919510e-001
 4.3967739e-001
 4.4003722e-001
 4.4028747e-001
 4.4053417e-001
 4.4086388e-001
 4.4129109e-001
 4.4176048e-001
 4.4217727e-001
 4.4248116e-001
 4.4271913e-001
 4.4300553e-001
 4.4338846e-001
 4.4380775e-001
 4.4420385e-001
 4.4460535e-001
 4.4508043e-001
 4.4563740e-001
 4.4619361e-001
 4.4663948e-001
 4.4693640e-001
 4.4715029e-001
 4.4739193e-001
 4.4773749e-001
 4.4819054e-001
 4.4868779e-001
 4.4913542e-001
 4.4947451e-001
 4.4974229e-001
 4.5005199e-001
 4.5049632e-001
 4.5107436e-001
 4.5167997e-001
 4.5216593e-001
 4.5246464e-001
 4.5267263e-001
 4.5298254e-001
 4.5350558e-001
 4.5416376e-001
 4.5475346e-001
 4.5512509e-001
 4.5531300e-001
 4.5548972e-001
 4.5580086e-001
 4.5624816e-001
 4.5672232e-001
 4.5713356e-001
 4.5750436e-001
 4.5793986e-001
 4.5851630e-001
 4.5920229e-001
 4.5988736e-001
 4.6048176e-001
 4.6098760e-001
 4.6147570e-001
 4.6200120e-001
 4.6254602e-001
 4.6304432e-001
 4.6346694e-001
 4.6387604e-001
 4.6438056e-001
 4.6502724e-001
 4.6573728e-001
 4.6637017e-001
 4.6687359e-001
 4.6736205e-001
 4.6797204e-001
 4.6861491e-001
 4.6913886e-001
 4.6955085e-001
 4.6994278e-001
 4.7034246e-001
 4.7072303e-001
 4.7109535e-001
 4.7153568e-001
 4.7212031e-001
 4.7280905e-001
 4.7343135e-001
 4.7386909e-001
 4.7419679e-001
 4.7456697e-001
 4.7503778e-001
 4.7556642e-001
 4.7608957e-001
 4.7656778e-001
 4.7698879e-001
 4.7736076e-001
 4.7771296e-001
 4.7810245e-001
 4.7858828e-001
 4.7916228e-001
 4.7973478e-001
 4.8024186e-001
 4.8071918e-001
 4.8121330e-001
 4.8168191e-001
 4.8204213e-001
 4.8228070e-001
 4.8249039e-001
 4.8279303e-001
 4.8319390e-001
 4.8356536e-001
 4.8385477e-001
 4.8418540e-001
 4.8461813e-001
 4.8500618e-001
 4.8527777e-001
 4.8562178e-001
 4.8614088e-001
 4.8658836e-001
 4.8674294e-001
 4.8667607e-001
 4.8676136e-001
 4.8721775e-001
 4.8781556e-001
 4.8832056e-001
 4.8872408e-001
 4.8908138e-001
 4.8942584e-001
 4.8976865e-001
 4.9011236e-001
 4.9045360e-001
 4.9078417e-001
 4.9109563e-001
 4.9138319e-001
 4.9164602e-001
 4.9188679e-001
 4.9211448e-001
 4.9234363e-001
 4.9258801e-001
 4.9285376e-001
 4.9313897e-001
 4.9343824e-001
 4.9374387e-001
 4.9404588e-001
 4.9433148e-001
 4.9458367e-001
 4.9478441e-001
 4.9492532e-001
 4.9501812e-001
 4.9509776e-001
 4.9521229e-001
 4.9536207e-001
 4.9559408e-001
 4.9586323e-001
 4.9615270e-001
 4.9645174e-001
 4.9675196e-001
 4.9704522e-001
 4.9732387e-001
 4.9758598e-001
 4.9783176e-001
 4.9806154e-001
 4.9827456e-001
 4.9846417e-001
 4.9862114e-001
 4.9873635e-001
 4.9880385e-001
 4.9883947e-001
 4.9886763e-001
 4.9891290e-001
 4.9899563e-001
 4.9910823e-001
 4.9925217e-001
 4.9936470e-001
 4.9944770e-001
 4.9949768e-001
 4.9952567e-001
 4.9954346e-001
 4.9956277e-001
 4.9959528e-001
 4.9964830e-001
 4.9972525e-001
 4.9982929e-001
 4.9996346e-001
 5.0013047e-001
 5.0031936e-001
 5.0050628e-001
 5.0066650e-001
 5.0077564e-001
 5.0081015e-001
 5.0077164e-001
 5.0068629e-001
 5.0058115e-001
 5.0048351e-001
 5.0042057e-001
 5.0041008e-001
 5.0043410e-001
 5.0046587e-001
 5.0047874e-001
 5.0044584e-001
 5.0034064e-001
 5.0014603e-001
 4.9988315e-001
 4.9958193e-001
 4.9927264e-001
 4.9898520e-001
 4.9874976e-001
 4.9859640e-001
 4.9854463e-001
 4.9857393e-001
 4.9865410e-001
 4.9875507e-001
 4.9884662e-001
 4.9889871e-001
 4.9888113e-001
 4.9876383e-001
 4.9852717e-001
 4.9819213e-001
 4.9778873e-001
 4.9734727e-001
 4.9689797e-001
 4.9647105e-001
 4.9609679e-001
 4.9580526e-001
 4.9561858e-001
 4.9552786e-001
 4.9551716e-001
 4.9557048e-001
 4.9567187e-001
 4.9580526e-001
 4.9595481e-001
 4.9610442e-001
 4.9624097e-001
 4.9636123e-001
 4.9646446e-001
 4.9654993e-001
 4.9661681e-001
 4.9666429e-001
 4.9669167e-001
 4.9669805e-001
 4.9668279e-001
 4.9664500e-001
 4.9658394e-001
 4.9649879e-001
 4.9638957e-001
 4.9625865e-001
 4.9610916e-001
 4.9594411e-001
 4.9576658e-001
 4.9557972e-001
 4.9538645e-001
 4.9518993e-001
 4.9499321e-001
 4.9479926e-001
 4.9461126e-001
 4.9443221e-001
 4.9426487e-001
 4.9411073e-001
 4.9397114e-001
 4.9384731e-001
 4.9374053e-001
 4.9365214e-001
 4.9358329e-001
 4.9353534e-001
 4.9350959e-001
 4.9350730e-001
 4.9352968e-001
 4.9357677e-001
 4.9364400e-001
 4.9372578e-001
 4.9381655e-001
 4.9391070e-001
 4.9400267e-001
 4.9408695e-001
 4.9415797e-001
 4.9421006e-001
 4.9423772e-001
 4.9423748e-001
 4.9421310e-001
 4.9416998e-001
 4.9411353e-001
 4.9404901e-001
 4.9398190e-001
 4.9391758e-001
 4.9386135e-001
 4.9381861e-001
 4.9379480e-001
 4.9379399e-001
 4.9381644e-001
 4.9386132e-001
 4.9392802e-001
 4.9401569e-001
 4.9412370e-001
 4.9425122e-001
 4.9439773e-001
 4.9456227e-001
 4.9474430e-001
 4.9494186e-001
 4.9514949e-001
 4.9536076e-001
 4.9556941e-001
 4.9576902e-001
 4.9595332e-001
 4.9611592e-001
 4.9625054e-001
 4.9635071e-001
 4.9641243e-001
 4.9643859e-001
 4.9643388e-001
 4.9640292e-001
 4.9635014e-001
 4.9628019e-001
 4.9619770e-001
 4.9610713e-001
 4.9601290e-001
 4.9591807e-001
 4.9582580e-001
 4.9573913e-001
 4.9566102e-001
 4.9559462e-001
 4.9554288e-001
 4.9550888e-001
 4.9549460e-001
 4.9549854e-001
 4.9551859e-001
 4.9555260e-001
 4.9559832e-001
 4.9565381e-001
 4.9571672e-001
 4.9578491e-001
 4.9585590e-001
 4.9592546e-001
 4.9598935e-001
 4.9603778e-001
 4.9607402e-001
 4.9609163e-001
 4.9609041e-001
 4.9607822e-001
 4.9607065e-001
 4.9608865e-001
 4.9615565e-001
 4.9629483e-001
 4.9652398e-001
 4.9684650e-001
 4.9724600e-001
 4.9769208e-001
 4.9814898e-001
 4.9858150e-001
 4.9896044e-001
 4.9926794e-001
 4.9949911e-001
 4.9965882e-001
 4.9975693e-001
 4.9980518e-001
 4.9981657e-001
 4.9980554e-001
 4.9978811e-001
 4.9978140e-001
 4.9980238e-001
 4.9986565e-001
 4.9997950e-001
 5.0014216e-001
 5.0034058e-001
 5.0055271e-001
 5.0075257e-001
 5.0091583e-001
 5.0102586e-001
 5.0107855e-001
 5.0108391e-001
 5.0106305e-001
 5.0104272e-001
 5.0104845e-001
 5.0109762e-001
 5.0130159e-001
 5.0136918e-001
 5.0143468e-001
 5.0149471e-001
 5.0154614e-001
 5.0158697e-001
 5.0161713e-001
 5.0163853e-001
 5.0165528e-001
 5.0167286e-001
 5.0169724e-001
 5.0173360e-001
 5.0178558e-001
 5.0185412e-001
 5.0193787e-001
 5.0203377e-001
 5.0213784e-001
 5.0224602e-001
 5.0235492e-001
 5.0246209e-001
 5.0256640e-001
 5.0266761e-001
 5.0276625e-001
 5.0286329e-001
 5.0295979e-001
 5.0305670e-001
 5.0315458e-001
 5.0325340e-001
 5.0335252e-001
 5.0345045e-001
 5.0354546e-001
 5.0363523e-001
 5.0371766e-001
 5.0379074e-001
 5.0385302e-001
 5.0390393e-001
 5.0394374e-001
 5.0397372e-001
 5.0399631e-001
 5.0401467e-001
 5.0403261e-001
 5.0405395e-001
 5.0408238e-001
 5.0412083e-001
 5.0417143e-001
 5.0423485e-001
 5.0431091e-001
 5.0439823e-001
 5.0449479e-001
 5.0459814e-001
 5.0470591e-001
 5.0481600e-001
 5.0492692e-001
 5.0503767e-001
 5.0514776e-001
 5.0525677e-001
 5.0536430e-001
 5.0546932e-001
 5.0557041e-001
 5.0566548e-001
 5.0575215e-001
 5.0582808e-001
 5.0589150e-001
 5.0594169e-001
 5.0597930e-001
 5.0600642e-001
 5.0602633e-001
 5.0604326e-001
 5.0606173e-001
 5.0608575e-001
 5.0611830e-001
 5.0616103e-001
 5.0621378e-001
 5.0627512e-001
 5.0634259e-001
 5.0641346e-001
 5.0648528e-001
 5.0655663e-001
 5.0662738e-001
 5.0669861e-001
 5.0677228e-001
 5.0685084e-001
 5.0693601e-001
 5.0702882e-001
 5.0712883e-001
 5.0723445e-001
 5.0734317e-001
 5.0745225e-001
 5.0755906e-001
 5.0766176e-001
 5.0775921e-001
 5.0785071e-001
 5.0793600e-001
 5.0801456e-001
 5.0808585e-001
 5.0814939e-001
 5.0820488e-001
 5.0825292e-001
 5.0829512e-001
 5.0833440e-001
 5.0837421e-001
 5.0841838e-001
 5.0846976e-001
 5.0852978e-001
 5.0859785e-001
 5.0867164e-001
 5.0874770e-001
 5.0882220e-001
 5.0889218e-001
 5.0895619e-001
 5.0901508e-001
 5.0907159e-001
 5.0912988e-001
 5.0919461e-001
 5.0927001e-001
 5.0935900e-001
 5.0946254e-001
 5.0957966e-001
 5.0970751e-001
 5.0984204e-001
 5.0997865e-001
 5.1011276e-001
 5.1024050e-001
 5.1035887e-001
 5.1046604e-001
 5.1056099e-001
 5.1064336e-001
 5.1071292e-001
 5.1076943e-001
 5.1081264e-001
 5.1084203e-001
 5.1085722e-001
 5.1085830e-001
 5.1084590e-001
 5.1082170e-001
 5.1078832e-001
 5.1074922e-001
 5.1070863e-001
 5.1067108e-001
 5.1064152e-001
 5.1062459e-001
 5.1062495e-001
 5.1064646e-001
 5.1069230e-001
 5.1076406e-001
 5.1086158e-001
 5.1098222e-001
 5.1112103e-001
 5.1127058e-001
 5.1142216e-001
 5.1156676e-001
 5.1169682e-001
 5.1180738e-001
 5.1189733e-001
 5.1196939e-001
 5.1202971e-001
 5.1208621e-001
 5.1214695e-001
 5.1221818e-001
 5.1230311e-001
 5.1240122e-001
 5.1250875e-001
 5.1261955e-001
 5.1272702e-001
 5.1282531e-001
 5.1291114e-001
 5.1298398e-001
 5.1304662e-001
 5.1310414e-001
 5.1316321e-001
 5.1323062e-001
 5.1331240e-001
 5.1341283e-001
 5.1353413e-001
 5.1367646e-001
 5.1383829e-001
 5.1401711e-001
 5.1420999e-001
 5.1441401e-001
 5.1462656e-001
 5.1484513e-001
 5.1506710e-001
 5.1528919e-001
 5.1550716e-001
 5.1571584e-001
 5.1590931e-001
 5.1608145e-001
 5.1622683e-001
 5.1634157e-001
 5.1642376e-001
 5.1647413e-001
 5.1649547e-001
 5.1649237e-001
 5.1647055e-001
 5.1643556e-001
 5.1639265e-001
 5.1634562e-001
 5.1629722e-001
 5.1624900e-001
 5.1620191e-001
 5.1615691e-001
 5.1611567e-001
 5.1608074e-001
 5.1605582e-001
 5.1604563e-001
 5.1605487e-001
 5.1608783e-001
 5.1614702e-001
 5.1623261e-001
 5.1634175e-001
 5.1646882e-001
 5.1660591e-001
 5.1674372e-001
 5.1687294e-001
 5.1698577e-001
 5.1707703e-001
 5.1714504e-001
 5.1719159e-001
 5.1722175e-001
 5.1724273e-001
 5.1726216e-001
 5.1728678e-001
 5.1732105e-001
 5.1736617e-001
 5.1742041e-001
 5.1747966e-001
 5.1753873e-001
 5.1759315e-001
 5.1764041e-001
 5.1768064e-001
 5.1771683e-001
 5.1775396e-001
 5.1779765e-001
 5.1785272e-001
 5.1792204e-001
 5.1800585e-001
 5.1810175e-001
 5.1820564e-001
 5.1831239e-001
 5.1841718e-001
 5.1851642e-001
 5.1860803e-001
 5.1869166e-001
 5.1876801e-001
 5.1883870e-001
 5.1890534e-001
 5.1896930e-001
 5.1903135e-001
 5.1909178e-001
 5.1915038e-001
 5.1920676e-001
 5.1926059e-001
 5.1931155e-001
 5.1935977e-001
 5.1940560e-001
 5.1944959e-001
 5.1949245e-001
 5.1953512e-001
 5.1957816e-001
 5.1962185e-001
 5.1966596e-001
 5.1970941e-001
 5.1975054e-001
 5.1978695e-001
 5.1981610e-001
 5.1983565e-001
 5.1984429e-001
 5.1984191e-001
 5.1983029e-001
 5.1981264e-001
 5.1979357e-001
 5.1977819e-001
 5.1977104e-001
 5.1977515e-001
 5.1979125e-001
 5.1981735e-001
 5.1984882e-001
 5.1987886e-001
 5.1989979e-001
 5.1990432e-001
 5.1988667e-001
 5.1984417e-001
 5.1977748e-001
 5.1969063e-001
 5.1959062e-001
 5.1948571e-001
 5.1938438e-001
 5.1929325e-001
 5.1921636e-001
 5.1915467e-001
 5.1910615e-001
 5.1906687e-001
 5.1903200e-001
 5.1899713e-001
 5.1895911e-001
 5.1891589e-001
 5.1886648e-001
 5.1881021e-001
 5.1874596e-001
 5.1867217e-001
 5.1858670e-001
 5.1848805e-001
 5.1837587e-001
 5.1825202e-001
 5.1812065e-001
 5.1798803e-001
 5.1786125e-001
 5.1774675e-001
 5.1764899e-001
 5.1756924e-001
 5.1750529e-001
 5.1745224e-001
 5.1740342e-001
 5.1735228e-001
 5.1729345e-001
 5.1722389e-001
 5.1714313e-001
 5.1705259e-001
 5.1695532e-001
 5.1685429e-001
 5.1675200e-001
 5.1664978e-001
 5.1654744e-001
 5.1644403e-001
 5.1633793e-001
 5.1622814e-001
 5.1611418e-001
 5.1599711e-001
 5.1587927e-001
 5.1576430e-001
 5.1565665e-001
 5.1556075e-001
 5.1548082e-001
 5.1541948e-001
 5.1537788e-001
 5.1535493e-001
 5.1534724e-001
 5.1534921e-001
 5.1535326e-001
 5.1535034e-001
 5.1533061e-001
 5.1528406e-001
 5.1520139e-001
 5.1507467e-001
 5.1489836e-001
 5.1466978e-001
 5.1438951e-001
 5.1406193e-001
 5.1369494e-001
 5.1329935e-001
 5.1288843e-001
 5.1247621e-001
 5.1207656e-001
 5.1170141e-001
 5.1135927e-001
 5.1105440e-001
 5.1078558e-001
 5.1054657e-001
 5.1032633e-001
 5.1011020e-001
 5.0988138e-001
 5.0962305e-001
 5.0931942e-001
 5.0895768e-001
 5.0852776e-001
 5.0802273e-001
 5.0743783e-001
 5.0676906e-001
 5.0601220e-001
 5.0516099e-001
 5.0420743e-001
 5.0314140e-001
 5.0195104e-001
 5.0062495e-001
 4.9915269e-001
 4.9752748e-001
 4.9574706e-001
 4.9381420e-001
 4.9173859e-001
 4.8953494e-001
 4.8722407e-001
 4.8483092e-001
 4.8238230e-001
 4.7990704e-001
 4.7743168e-001
 4.7498083e-001
 4.7257468e-001
 4.7022697e-001
 4.6794605e-001
 4.6573398e-001
 4.6358615e-001
 4.6149406e-001
 4.5944434e-001
 4.5742163e-001
 4.5540881e-001
 4.5338702e-001
 4.5133775e-001
 4.4924113e-001
 4.4707787e-001
 4.4482931e-001
 4.4247776e-001
 4.4001070e-001
 4.3742153e-001
 4.3471578e-001
 4.3191442e-001
 4.2905691e-001
 4.2620596e-001
 4.2344534e-001
 4.2087916e-001
 4.1862455e-001
 4.1680166e-001
 4.1552368e-001
 4.1488338e-001
 4.1494358e-001
 4.1572902e-001
 4.1722369e-001
 4.1937214e-001
 4.2208531e-001
 4.2525145e-001
 4.2874464e-001
 4.3243906e-001
 4.3621594e-001
 4.3997234e-001
 4.4362697e-001
 4.4711894e-001
 4.5041010e-001
 4.5347962e-001
 4.5632136e-001
 4.5894074e-001
 4.6134844e-001
 4.6355981e-001
 4.6559045e-001
 4.6745569e-001
 4.6917030e-001
 4.7074661e-001
 4.7219592e-001
 4.7352707e-001
 4.7474733e-001
 4.7586286e-001
 4.7687849e-001
 4.7779894e-001
 4.7862989e-001
 4.7937796e-001
 4.8005188e-001
 4.8066151e-001
 4.8121729e-001
 4.8172915e-001
 4.8220468e-001
 4.8264822e-001
 4.8306012e-001
 4.8343712e-001
 4.8377341e-001
 4.8406237e-001
 4.8429862e-001
 4.8447964e-001
 4.8460719e-001
 4.8468760e-001
 4.8473138e-001
 4.8475218e-001
 4.8476505e-001
 4.8478499e-001
 4.8482531e-001
 4.8489654e-001
 4.8500594e-001
 4.8515746e-001
 4.8535195e-001
 4.8558807e-001
 4.8586282e-001
 4.8617238e-001
 4.8651275e-001
 4.8687986e-001
 4.8727012e-001
 4.8768005e-001
 4.8810652e-001
 4.8854694e-001
 4.8899907e-001
 4.8946178e-001
 4.8993465e-001
 4.9041829e-001
 4.9091423e-001
 4.9142390e-001
 4.9194843e-001
 4.9248710e-001
 4.9303681e-001
 4.9359170e-001
 4.9414262e-001
 4.9467826e-001
 4.9518579e-001
 4.9565279e-001
 4.9606934e-001
 4.9642923e-001
 4.9673191e-001
 4.9698278e-001
 4.9719289e-001
 4.9737763e-001
 4.9755451e-001
 4.9774039e-001
 4.9794912e-001
 4.9818927e-001
 4.9846330e-001
 4.9876752e-001
 4.9909347e-001
 4.9943027e-001
 4.9976662e-001
 5.0009346e-001
 5.0040513e-001
 5.0069988e-001
 5.0097978e-001
 5.0124902e-001
 5.0151289e-001
 5.0177556e-001
 5.0203919e-001
 5.0230354e-001
 5.0256550e-001
 5.0282013e-001
 5.0306183e-001
 5.0328553e-001
 5.0348794e-001
 5.0366861e-001
 5.0383002e-001
 5.0397736e-001
 5.0411689e-001
 5.0425524e-001
 5.0439811e-001
 5.0454974e-001
 5.0471258e-001
 5.0488657e-001
 5.0506961e-001
 5.0525773e-001
 5.0544590e-001
 5.0562912e-001
 5.0580323e-001
 5.0596571e-001
 5.0611532e-001
 5.0625271e-001
 5.0637937e-001
 5.0649750e-001
 5.0660950e-001
 5.0671768e-001
 5.0682425e-001
 5.0693119e-001
 5.0704032e-001
 5.0715321e-001
 5.0727111e-001
 5.0739497e-001
 5.0752521e-001
 5.0766188e-001
 5.0780433e-001
 5.0795174e-001
 5.0810254e-001
 5.0825518e-001
 5.0840777e-001
 5.0855833e-001
 5.0870508e-001
 5.0884628e-001
 5.0898033e-001
 5.0910580e-001
 5.0922126e-001
 5.0932568e-001
 5.0941807e-001
 5.0949788e-001
 5.0956500e-001
 5.0962013e-001
 5.0966483e-001
 5.0970179e-001
 5.0973457e-001
 5.0976777e-001
 5.0980628e-001
 5.0985509e-001
 5.0991863e-001
 5.0999987e-001
 5.1009989e-001
 5.1021785e-001
 5.1035064e-001
 5.1049370e-001
 5.1064092e-001
 5.1078540e-001
 5.1092005e-001
 5.1103777e-001
 5.1113230e-001
 5.1119852e-001
 5.1123345e-001
 5.1123655e-001
 5.1121014e-001
 5.1116002e-001
 5.1109463e-001
 5.1102489e-001
 5.1096284e-001
 5.1092046e-001
 5.1090795e-001
 5.1093233e-001
 5.1099664e-001
 5.1109928e-001
 5.1123440e-001
 5.1139241e-001
 5.1156175e-001
 5.1173037e-001
 5.1188737e-001
 5.1202464e-001
 5.1213771e-001
 5.1222587e-001
 5.1229203e-001
 5.1234156e-001
 5.1238137e-001
 5.1241839e-001
 5.1245838e-001
 5.1250523e-001
 5.1256061e-001
 5.1262379e-001
 5.1269227e-001
 5.1276231e-001
 5.1282978e-001
 5.1289088e-001
 5.1294255e-001
 5.1298279e-001
 5.1301068e-001
 5.1302630e-001
 5.1303041e-001
 5.1302397e-001
 5.1300818e-001
 5.1298380e-001
 5.1295155e-001
 5.1291198e-001
 5.1286554e-001
 5.1281315e-001
 5.1275611e-001
 5.1269650e-001
 5.1263714e-001
 5.1258153e-001
 5.1253349e-001
 5.1249689e-001
 5.1247495e-001
 5.1247019e-001
 5.1248372e-001
 5.1251525e-001
 5.1256299e-001
 5.1262397e-001
 5.1269436e-001
 5.1277000e-001
 5.1284665e-001
 5.1292086e-001
 5.1298976e-001
 5.1305151e-001
 5.1310521e-001
 5.1315045e-001
 5.1318753e-001
 5.1321673e-001
 5.1323831e-001
 5.1325232e-001
 5.1325846e-001
 5.1325643e-001
 5.1324588e-001
 5.1322681e-001
 5.1319975e-001
 5.1316577e-001
 5.1312703e-001
 5.1308602e-001
 5.1304573e-001
 5.1300913e-001
 5.1297879e-001
 5.1295656e-001
 5.1294345e-001
 5.1293933e-001
 5.1294315e-001
 5.1295263e-001
 5.1296479e-001
 5.1297605e-001
 5.1298290e-001
 5.1298213e-001
 5.1297128e-001
 5.1294911e-001
 5.1291549e-001
 5.1287180e-001
 5.1282030e-001
 5.1276439e-001
 5.1270825e-001
 5.1265645e-001
 5.1261371e-001
 5.1258457e-001
 5.1257294e-001
 5.1258171e-001
 5.1261216e-001
 5.1266360e-001
 5.1273328e-001
 5.1281595e-001
 5.1290435e-001
 5.1298934e-001
 5.1306111e-001
 5.1310986e-001
 5.1312751e-001
 5.1310861e-001
 5.1305175e-001
 5.1296020e-001
 5.1284188e-001
 5.1270872e-001
 5.1257557e-001
 5.1245809e-001
 5.1237082e-001
 5.1232511e-001
 5.1232725e-001
 5.1237756e-001
 5.1246989e-001
 5.1259202e-001
 5.1272732e-001
 5.1285660e-001
 5.1296031e-001
 5.1302117e-001
 5.1302582e-001
 5.1296663e-001
 5.1284194e-001
 5.1265609e-001
 5.1241845e-001
 5.1214170e-001
 5.1184052e-001
 5.1152915e-001
 5.1122051e-001
 5.1092446e-001
 5.1064783e-001
 5.1039422e-001
 5.1016420e-001
 5.0995648e-001
 5.0976884e-001
 5.0959927e-001
 5.0944644e-001
 5.0931072e-001
 5.0919420e-001
 5.0910020e-001
 5.0903308e-001
 5.0899696e-001
 5.0899488e-001
 5.0902730e-001
 5.0909179e-001
 5.0918186e-001
 5.0928724e-001
 5.0939453e-001
 5.0948787e-001
 5.0955087e-001
 5.0956815e-001
 5.0952744e-001
 5.0942069e-001
 5.0924534e-001
 5.0900483e-001
 5.0870800e-001
 5.0836849e-001
 5.0800294e-001
 5.0762945e-001
 5.0726604e-001
 5.0692892e-001
 5.0663149e-001
 5.0638354e-001
 5.0619102e-001
 5.0605607e-001
 5.0597745e-001
 5.0595063e-001
 5.0596833e-001
 5.0602084e-001
 5.0609642e-001
 5.0618178e-001
 5.0626254e-001
 5.0632405e-001
 5.0635248e-001
 5.0633562e-001
 5.0626403e-001
 5.0613183e-001
 5.0593758e-001
 5.0568402e-001
 5.0537819e-001
 5.0503051e-001
 5.0465387e-001
 5.0426251e-001
 5.0387079e-001
 5.0349241e-001
 5.0313950e-001
 5.0282222e-001
 5.0254869e-001
 5.0232434e-001
 5.0215232e-001
 5.0203311e-001
 5.0196505e-001
 5.0194383e-001
 5.0196272e-001
 5.0201309e-001
 5.0208491e-001
 5.0216758e-001
 5.0225067e-001
 5.0232440e-001
 5.0238043e-001
 5.0241226e-001
 5.0241542e-001
 5.0238723e-001
 5.0232744e-001
 5.0223798e-001
 5.0212276e-001
 5.0198722e-001
 5.0183779e-001
 5.0168085e-001
 5.0152236e-001
 5.0136685e-001
 5.0121725e-001
 5.0107485e-001
 5.0093317e-001
 5.0080591e-001
 5.0068235e-001
 5.0055969e-001
 5.0043541e-001
 5.0030684e-001
 5.0017166e-001
 5.0002760e-001
 4.9987257e-001
 4.9970457e-001
 4.9952164e-001
 4.9932209e-001
 4.9910459e-001
 4.9886855e-001
 4.9861473e-001
 4.9834535e-001
 4.9806422e-001
 4.9777681e-001
 4.9748963e-001
 4.9721000e-001
 4.9694553e-001
 4.9670371e-001
 4.9649179e-001
 4.9631587e-001
 4.9618047e-001
 4.9608785e-001
 4.9603745e-001
 4.9602655e-001
 4.9605060e-001
 4.9610400e-001
 4.9618071e-001
 4.9627450e-001
 4.9637902e-001
 4.9648800e-001
 4.9659514e-001
 4.9669421e-001
 4.9677896e-001
 4.9684322e-001
 4.9688077e-001
 4.9688548e-001
 4.9685127e-001
 4.9677232e-001
 4.9664339e-001
 4.9646053e-001
 4.9622169e-001
 4.9592778e-001
 4.9558261e-001
 4.9519286e-001
 4.9476728e-001
 4.9431562e-001
 4.9384841e-001
 4.9337572e-001
 4.9290702e-001
 4.9244982e-001
 4.9200830e-001
 4.9158263e-001
 4.9116796e-001
 4.9075532e-001
 4.9033248e-001
 4.8988533e-001
 4.8939902e-001
 4.8885831e-001
 4.8824868e-001
 4.8755679e-001
 4.8677108e-001
 4.8588306e-001
 4.8488724e-001
 4.8378059e-001
 4.8256266e-001
 4.8123354e-001
 4.7979435e-001
 4.7824627e-001
 4.7658935e-001
 4.7482333e-001
 4.7294506e-001
 4.7094941e-001
 4.6882823e-001
 4.6657002e-001
 4.6416229e-001
 4.6159032e-001
 4.5883971e-001
 4.5589641e-001
 4.5274621e-001
 4.4937837e-001
 4.4578409e-001
 4.4196039e-001
 4.3790960e-001
 4.3363726e-001
 4.2915383e-001
 4.2447191e-001
 4.1960377e-001
 4.1456515e-001
 4.0937150e-001
 4.0404403e-001
 3.9861065e-001
 3.9310622e-001
 3.8757816e-001
 3.8208011e-001
 3.7667432e-001
 3.7142682e-001
 3.6640325e-001
 3.6167106e-001
 3.5729194e-001
 3.5332206e-001
 3.4980533e-001
 3.4676778e-001
 3.4421879e-001
 3.4214982e-001
 3.4054112e-001
 3.3936539e-001
 3.3859134e-001
 3.3818674e-001
 3.3811864e-001
 3.3835438e-001
 3.3886126e-001
 3.3960721e-001
 3.4056041e-001
 3.4168917e-001
 3.4296259e-001
 3.4434941e-001
 3.4581918e-001
 3.4734151e-001
 3.4888721e-001
 3.5043025e-001
 3.5194808e-001
 3.5342455e-001
 3.5484934e-001
 3.5621783e-001
 3.5753024e-001
 3.5878849e-001
 3.5999647e-001
 3.6115801e-001
 3.6227700e-001
 3.6335737e-001
 3.6440197e-001
 3.6541346e-001
 3.6639315e-001
 3.6734176e-001
 3.6825961e-001
 3.6914647e-001
 3.7000191e-001
 3.7082589e-001
 3.7161815e-001
 3.7237921e-001
 3.7311018e-001
 3.7381309e-001
 3.7449145e-001
 3.7514946e-001
 3.7579238e-001
 3.7642568e-001
 3.7705499e-001
 3.7768614e-001
 3.7832418e-001
 3.7897375e-001
 3.7963772e-001
 3.8031706e-001
 3.8101092e-001
 3.8171616e-001
 3.8242853e-001
 3.8314274e-001
 3.8385311e-001
 3.8455424e-001
 3.8524094e-001
 3.8590890e-001
 3.8655564e-001
 3.8718060e-001
 3.8778582e-001
 3.8837531e-001
 3.8895464e-001
 3.8953060e-001
 3.9011002e-001
 3.9070010e-001
 3.9130738e-001
 3.9193746e-001
 3.9259464e-001
 3.9328080e-001
 3.9399582e-001
 3.9473712e-001
 3.9550069e-001
 3.9628175e-001
 3.9707479e-001
 3.9787456e-001
 3.9867583e-001
 3.9947376e-001
 4.0026480e-001
 4.0104622e-001
 4.0181711e-001
 4.0257746e-001
 4.0332815e-001
 4.0407094e-001
 4.0480757e-001
 4.0553978e-001
 4.0626952e-001
 4.0699807e-001
 4.0772662e-001
 4.0845537e-001
 4.0918392e-001
 4.0991139e-001
 4.1063607e-001
 4.1135636e-001
 4.1207018e-001
 4.1277593e-001
 4.1347158e-001
 4.1415602e-001
 4.1482893e-001
 4.1549042e-001
 4.1614220e-001
 4.1678682e-001
 4.1742769e-001
 4.1806817e-001
 4.1871226e-001
 4.1936386e-001
 4.2002600e-001
 4.2070138e-001
 4.2139122e-001
 4.2209429e-001
 4.2280772e-001
 4.2352653e-001
 4.2424449e-001
 4.2495406e-001
 4.2564771e-001
 4.2631811e-001
 4.2695794e-001
 4.2756146e-001
 4.2812493e-001
 4.2864680e-001
 4.2912886e-001
 4.2957550e-001
 4.2999282e-001
 4.3038827e-001
 4.3076983e-001
 4.3114552e-001
 4.3152264e-001
 4.3190768e-001
 4.3230549e-001
 4.3271807e-001
 4.3314514e-001
 4.3358400e-001
 4.3402982e-001
 4.3447706e-001
 4.3491963e-001
 4.3535131e-001
 4.3576586e-001
 4.3615794e-001
 4.3652296e-001
 4.3685737e-001
 4.3715924e-001
 4.3742782e-001
 4.3766311e-001
 4.3786579e-001
 4.3803692e-001
 4.3817750e-001
 4.3828890e-001
 4.3837285e-001
 4.3843162e-001
 4.3846825e-001
 4.3848678e-001
 4.3849191e-001
 4.3848896e-001
 4.3848366e-001
 4.3848175e-001
 4.3848884e-001
 4.3851009e-001
 4.3854961e-001
 4.3860966e-001
 4.3869019e-001
 4.3878841e-001
 4.3889931e-001
 4.3901584e-001
 4.3913010e-001
 4.3923378e-001
 4.3931839e-001
 4.3937612e-001
 4.3940020e-001
 4.3938580e-001
 4.3933073e-001
 4.3923554e-001
 4.3910351e-001
 4.3893981e-001
 4.3875068e-001
 4.3854293e-001
 4.3832353e-001
 4.3809912e-001
 4.3787575e-001
 4.3765858e-001
 4.3745121e-001
 4.3725580e-001
 4.3707299e-001
 4.3690258e-001
 4.3674362e-001
 4.3659478e-001
 4.3645483e-001
 4.3632227e-001
 4.3619552e-001
 4.3607306e-001
 4.3595299e-001
 4.3583339e-001
 4.3571213e-001
 4.3558696e-001
 4.3545562e-001
 4.3531573e-001
 4.3516514e-001
 4.3500185e-001
 4.3482426e-001
 4.3463176e-001
 4.3442464e-001
 4.3420431e-001
 4.3397349e-001
 4.3373549e-001
 4.3349415e-001
 4.3325338e-001
 4.3301740e-001
 4.3278989e-001
 4.3257421e-001
 4.3237296e-001
 4.3218756e-001
 4.3201816e-001
 4.3186399e-001
 4.3172336e-001
 4.3159407e-001
 4.3147370e-001
 4.3135968e-001
 4.3124911e-001
 4.3113875e-001
 4.3102473e-001
 4.3090218e-001
 4.3076515e-001
 4.3060693e-001
 4.3042007e-001
 4.3019661e-001
 4.2992866e-001
 4.2960817e-001
 4.2922738e-001
 4.2877907e-001
 4.2825723e-001
 4.2765683e-001
 4.2697421e-001
 4.2620757e-001
 4.2535552e-001
 4.2441720e-001
 4.2339274e-001
 4.2228195e-001
 4.2108524e-001
 4.1980350e-001
 4.1843989e-001
 4.1699857e-001
 4.1548547e-001
 4.1390958e-001
 4.1228005e-001
 4.1060683e-001
 4.0890142e-001
 4.0717432e-001
 4.0543595e-001
 4.0369794e-001
 4.0197054e-001
 4.0026414e-001
 3.9858848e-001
 3.9695439e-001
 3.9537117e-001
 3.9384815e-001
 3.9239550e-001
 3.9102179e-001
 3.8973451e-001
 3.8853970e-001
 3.8743845e-001
 3.8642681e-001
 3.8549471e-001
 3.8462734e-001
 3.8380527e-001
 3.8300678e-001
 3.8220969e-001
 3.8139120e-001
 3.8052958e-001
 3.7960601e-001
 3.7860492e-001
 3.7751603e-001
 3.7633580e-001
 3.7506509e-001
 3.7370902e-001
 3.7227470e-001
 3.7077123e-001
 3.6920670e-001
 3.6758819e-001
 3.6592174e-001
 3.6420843e-001
 3.6244404e-001
 3.6062008e-001
 3.5872152e-001
 3.5673007e-001
 3.5462472e-001
 3.5238543e-001
 3.4999183e-001
 3.4742731e-001
 3.4468549e-001
 3.4177187e-001
 3.3871055e-001
 3.3554858e-001
 3.3234954e-001
 3.2919154e-001
 3.2615995e-001
 3.2334590e-001
 3.2083765e-001
 3.1871909e-001
 3.1706494e-001
 3.1593040e-001
 3.1534681e-001
 3.1531903e-001
 3.1582704e-001
 3.1683350e-001
 3.1828940e-001
 3.2014132e-001
 3.2233381e-001
 3.2481238e-001
 3.2752234e-001
 3.3041376e-001
 3.3344117e-001
 3.3656159e-001
 3.3973837e-001
 3.4293801e-001
 3.4612665e-001
 3.4927383e-001
 3.5234934e-001
 3.5532522e-001
 3.5817441e-001
 3.6087710e-001
 3.6342004e-001
 3.6579579e-001
 3.6800548e-001
 3.7005514e-001
 3.7195233e-001
 3.7370756e-001
 3.7533179e-001
 3.7683478e-001
 3.7822732e-001
 3.7951922e-001
 3.8071999e-001
 3.8183743e-001
 3.8287959e-001
 3.8385394e-001
 3.8476697e-001
 3.8562566e-001
 3.8643694e-001
 3.8720697e-001
 3.8794246e-001
 3.8864961e-001
 3.8933444e-001
 3.9000219e-001
 3.9065823e-001
 3.9130768e-001
 3.9195502e-001
 3.9260501e-001
 3.9326215e-001
 3.9392960e-001
 3.9460945e-001
 3.9530128e-001
 3.9600056e-001
 3.9669940e-001
 3.9738625e-001
 3.9804709e-001
 3.9866596e-001
 3.9922670e-001
 3.9971331e-001
 4.0011048e-001
 4.0040568e-001
 4.0059009e-001
 4.0066031e-001
 4.0061885e-001
 4.0047362e-001
 4.0023640e-001
 3.9992145e-001
 3.9954403e-001
 3.9911953e-001
 3.9866328e-001
 3.9818916e-001
 3.9770910e-001
 3.9723280e-001
 3.9676669e-001
 3.9631462e-001
 3.9587882e-001
 3.9545995e-001
 3.9505824e-001
 3.9467335e-001
 3.9430445e-001
 3.9394945e-001
 3.9360422e-001
 3.9326224e-001
 3.9291394e-001
 3.9254710e-001
 3.9214781e-001
 3.9170086e-001
 3.9119065e-001
 3.9060181e-001
 3.8992059e-001
 3.8913557e-001
 3.8823965e-001
 3.8723254e-001
 3.8612005e-001
 3.8491398e-001
 3.8363144e-001
 3.8229138e-001
 3.8091394e-001
 3.7952024e-001
 3.7812954e-001
 3.7675914e-001
 3.7542233e-001
 3.7412813e-001
 3.7287906e-001
 3.7167242e-001
 3.7050271e-001
 3.6936119e-001
 3.6823824e-001
 3.6712468e-001
 3.6601105e-001
 3.6488920e-001
 3.6375272e-001
 3.6259845e-001
 3.6142540e-001
 3.6023515e-001
 3.5903203e-001
 3.5782066e-001
 3.5660616e-001
 3.5539472e-001
 3.5419145e-001
 3.5300130e-001
 3.5182813e-001
 3.5067567e-001
 3.4954554e-001
 3.4843835e-001
 3.4735468e-001
 3.4629390e-001
 3.4525505e-001
 3.4423792e-001
 3.4324142e-001
 3.4226438e-001
 3.4130609e-001
 3.4036505e-001
 3.3943960e-001
 3.3852771e-001
 3.3762780e-001
 3.3673763e-001
 3.3585495e-001
 3.3497831e-001
 3.3410627e-001
 3.3323860e-001
 3.3237764e-001
 3.3152774e-001
 3.3069652e-001
 3.2989404e-001
 3.2913300e-001
 3.2842675e-001
 3.2778904e-001
 3.2723394e-001
 3.2677376e-001
 3.2641819e-001
 3.2617259e-001
 3.2603565e-001
 3.2599911e-001
 3.2604858e-001
 3.2616541e-001
 3.2632852e-001
 3.2651600e-001
 3.2670584e-001
 3.2687724e-001
 3.2701123e-001
 3.2709196e-001
 3.2710767e-001
 3.2705104e-001
 3.2691914e-001
 3.2671219e-001
 3.2643265e-001
 3.2608390e-001
 3.2567003e-001
 3.2519490e-001
 3.2466236e-001
 3.2407671e-001
 3.2346588e-001
 3.2294759e-001
 3.2223523e-001
 3.2150576e-001
 3.2077065e-001
 3.2004166e-001
 3.1933028e-001
 3.1864858e-001
 3.1800810e-001
 3.1742051e-001
 3.1689751e-001
 3.1644934e-001
 3.1607345e-001
 3.1575987e-001
 3.1549859e-001
 3.1527960e-001
 3.1509313e-001
 3.1492904e-001
 3.1477743e-001
 3.1462842e-001
 3.1447196e-001
 3.1429815e-001
 3.1409705e-001
 3.1385854e-001
 3.1357285e-001
 3.1323084e-001
 3.1283107e-001
 3.1237623e-001
 3.1186894e-001
 3.1131229e-001
 3.1070879e-001
 3.1006125e-001
 3.0937228e-001
 3.0864498e-001
 3.0788180e-001
 3.0708566e-001
 3.0625907e-001
 3.0540511e-001
 3.0452636e-001
 3.0362567e-001
 3.0270571e-001
 3.0176899e-001
 3.0081874e-001
 2.9985744e-001
 2.9888725e-001
 2.9790971e-001
 2.9692718e-001
 2.9594123e-001
 2.9495376e-001
 2.9396632e-001
 2.9298127e-001
 2.9200017e-001
 2.9102489e-001
 2.9005724e-001
 2.8909889e-001
 2.8815207e-001
 2.8721848e-001
 2.8629985e-001
 2.8539795e-001
 2.8451490e-001
 2.8365242e-001
 2.8281233e-001
 2.8199628e-001
 2.8120652e-001
 2.8044462e-001
 2.7971229e-001
 2.7900898e-001
 2.7833375e-001
 2.7768508e-001
 2.7706167e-001
 2.7646223e-001
 2.7588528e-001
 2.7532977e-001
 2.7479425e-001
 2.7427742e-001
 2.7377784e-001
 2.7329442e-001
 2.7282569e-001
 2.7237037e-001
 2.7192709e-001
 2.7149466e-001
 2.7107167e-001
 2.7065682e-001
 2.7024880e-001
 2.6984617e-001
 2.6944780e-001
 2.6905233e-001
 2.6865843e-001
 2.6826465e-001
 2.6786989e-001
 2.6747265e-001
 2.6707190e-001
 2.6666734e-001
 2.6625949e-001
 2.6584873e-001
 2.6543543e-001
 2.6501998e-001
 2.6460269e-001
 2.6418415e-001
 2.6376465e-001
 2.6334459e-001
 2.6292425e-001
 2.6250425e-001
 2.6208490e-001
 2.6166654e-001
 2.6124951e-001
 2.6083440e-001
 2.6042148e-001
 2.6001120e-001
 2.5960377e-001
 2.5919986e-001
 2.5879973e-001
 2.5840378e-001
 2.5801241e-001
 2.5762597e-001
 2.5724497e-001
 2.5686970e-001
 2.5650066e-001
 2.5613806e-001
 2.5578249e-001
 2.5543430e-001
 2.5509378e-001
 2.5476077e-001
 2.5443509e-001
 2.5411633e-001
