s07_ASD Record=13266: Fe-Hydroxide SU93-106 amorph  BECKb AREF
 2.5126956e-002
 2.5193229e-002
 2.5257863e-002
 2.5317840e-002
 2.5372840e-002
 2.5425291e-002
 2.5478715e-002
 2.5535652e-002
 2.5596466e-002
 2.5659457e-002
 2.5722070e-002
 2.5782147e-002
 2.5838727e-002
 2.5892396e-002
 2.5945334e-002
 2.6000518e-002
 2.6060354e-002
 2.6125813e-002
 2.6196489e-002
 2.6271287e-002
 2.6349295e-002
 2.6430398e-002
 2.6515290e-002
 2.6604922e-002
 2.6699843e-002
 2.6799593e-002
 2.6902299e-002
 2.7004926e-002
 2.7104372e-002
 2.7198706e-002
 2.7287783e-002
 2.7373025e-002
 2.7456576e-002
 2.7540816e-002
 2.7628001e-002
 2.7719656e-002
 2.7816558e-002
 2.7918883e-002
 2.8025668e-002
 2.8133798e-002
 2.8237730e-002
 2.8330801e-002
 2.8407935e-002
 2.8468294e-002
 2.8516173e-002
 2.8559728e-002
 2.8608339e-002
 2.8669989e-002
 2.8749285e-002
 2.8846448e-002
 2.8957428e-002
 2.9075250e-002
 2.9192394e-002
 2.9303189e-002
 2.9405201e-002
 2.9499056e-002
 2.9587684e-002
 2.9675063e-002
 2.9764891e-002
 2.9861594e-002
 2.9969230e-002
 3.0086646e-002
 3.0212918e-002
 3.0348631e-002
 3.0495210e-002
 3.0652752e-002
 3.0819641e-002
 3.0992310e-002
 3.1165222e-002
 3.1331133e-002
 3.1483229e-002
 3.1617682e-002
 3.1734586e-002
 3.1837389e-002
 3.1931914e-002
 3.2025706e-002
 3.2127332e-002
 3.2245059e-002
 3.2384690e-002
 3.2547414e-002
 3.2729071e-002
 3.2921571e-002
 3.3116229e-002
 3.3307161e-002
 3.3493321e-002
 3.3678018e-002
 3.3866413e-002
 3.4062359e-002
 3.4266014e-002
 3.4473501e-002
 3.4678645e-002
 3.4875877e-002
 3.5062719e-002
 3.5240807e-002
 3.5415027e-002
 3.5591532e-002
 3.5775326e-002
 3.5967916e-002
 3.6166240e-002
 3.6363538e-002
 3.6552023e-002
 3.6725879e-002
 3.6883052e-002
 3.7025549e-002
 3.7159212e-002
 3.7292920e-002
 3.7435364e-002
 3.7589069e-002
 3.7744612e-002
 3.7881806e-002
 3.7981093e-002
 3.8037598e-002
 3.8065776e-002
 3.8090210e-002
 3.8130809e-002
 3.8194012e-002
 3.8274132e-002
 3.8360804e-002
 3.8446136e-002
 3.8527794e-002
 3.8607463e-002
 3.8687035e-002
 3.8765479e-002
 3.8838483e-002
 3.8901217e-002
 3.8953155e-002
 3.9001726e-002
 3.9060280e-002
 3.9140292e-002
 3.9244760e-002
 3.9369818e-002
 3.9511986e-002
 3.9671633e-002
 3.9849512e-002
 4.0043253e-002
 4.0249836e-002
 4.0469162e-002
 4.0701326e-002
 4.0941238e-002
 4.1182380e-002
 4.1428845e-002
 4.1696511e-002
 4.1993510e-002
 4.2301700e-002
 4.2587887e-002
 4.2836282e-002
 4.3064136e-002
 4.3304343e-002
 4.3579821e-002
 4.3897986e-002
 4.4260055e-002
 4.4662286e-002
 4.5084953e-002
 4.5490656e-002
 4.5846451e-002
 4.6153028e-002
 4.6449535e-002
 4.6787787e-002
 4.7198687e-002
 4.7675863e-002
 4.8182365e-002
 4.8674550e-002
 4.9130902e-002
 4.9567226e-002
 5.0024554e-002
 5.0537348e-002
 5.1109493e-002
 5.1716901e-002
 5.2329104e-002
 5.2927949e-002
 5.3509355e-002
 5.4075383e-002
 5.4630246e-002
 5.5184424e-002
 5.5758439e-002
 5.6379952e-002
 5.7073705e-002
 5.7847273e-002
 5.8681775e-002
 5.9539340e-002
 6.0387909e-002
 6.1219994e-002
 6.2045481e-002
 6.2873706e-002
 6.3710332e-002
 6.4564809e-002
 6.5445237e-002
 6.6347651e-002
 6.7261875e-002
 6.8184763e-002
 6.9112726e-002
 7.0024714e-002
 7.0893660e-002
 7.1721129e-002
 7.2549678e-002
 7.3433578e-002
 7.4400209e-002
 7.5437643e-002
 7.6513678e-002
 7.7606007e-002
 7.8717798e-002
 7.9864189e-002
 8.1040107e-002
 8.2209386e-002
 8.3335720e-002
 8.4418699e-002
 8.5487403e-002
 8.6564146e-002
 8.7653115e-002
 8.8759437e-002
 8.9898236e-002
 9.1077447e-002
 9.2285946e-002
 9.3506970e-002
 9.4737515e-002
 9.5985509e-002
 9.7249165e-002
 9.8520242e-002
 9.9820316e-002
 1.0120346e-001
 1.0268279e-001
 1.0417084e-001
 1.0554771e-001
 1.0678685e-001
 1.0797258e-001
 1.0920056e-001
 1.1050364e-001
 1.1186288e-001
 1.1324016e-001
 1.1459211e-001
 1.1588648e-001
 1.1712783e-001
 1.1835916e-001
 1.1962754e-001
 1.2094338e-001
 1.2226771e-001
 1.2353972e-001
 1.2472557e-001
 1.2585077e-001
 1.2698145e-001
 1.2816337e-001
 1.2938178e-001
 1.3059239e-001
 1.3177952e-001
 1.3295740e-001
 1.3412492e-001
 1.3525191e-001
 1.3631776e-001
 1.3734691e-001
 1.3839415e-001
 1.3948987e-001
 1.4060804e-001
 1.4169306e-001
 1.4271022e-001
 1.4367194e-001
 1.4462192e-001
 1.4559136e-001
 1.4657091e-001
 1.4753594e-001
 1.4849465e-001
 1.4947855e-001
 1.5049268e-001
 1.5150970e-001
 1.5250155e-001
 1.5344951e-001
 1.5434498e-001
 1.5520993e-001
 1.5609318e-001
 1.5701093e-001
 1.5790997e-001
 1.5872517e-001
 1.5945542e-001
 1.6016021e-001
 1.6090398e-001
 1.6170880e-001
 1.6254345e-001
 1.6336247e-001
 1.6416410e-001
 1.6498688e-001
 1.6583522e-001
 1.6665472e-001
 1.6741408e-001
 1.6816095e-001
 1.6892897e-001
 1.6966118e-001
 1.7029966e-001
 1.7087461e-001
 1.7146188e-001
 1.7210479e-001
 1.7280298e-001
 1.7353252e-001
 1.7425141e-001
 1.7491440e-001
 1.7550640e-001
 1.7605108e-001
 1.7657968e-001
 1.7710750e-001
 1.7764206e-001
 1.7818965e-001
 1.7874400e-001
 1.7929067e-001
 1.7983446e-001
 1.8040603e-001
 1.8102889e-001
 1.8168621e-001
 1.8232791e-001
 1.8291444e-001
 1.8345794e-001
 1.8401314e-001
 1.8461846e-001
 1.8525136e-001
 1.8584409e-001
 1.8634473e-001
 1.8676597e-001
 1.8716754e-001
 1.8758939e-001
 1.8802834e-001
 1.8848175e-001
 1.8897204e-001
 1.8951359e-001
 1.9007486e-001
 1.9060627e-001
 1.9109619e-001
 1.9157211e-001
 1.9205271e-001
 1.9251627e-001
 1.9291998e-001
 1.9325420e-001
 1.9357759e-001
 1.9398358e-001
 1.9451487e-001
 1.9510747e-001
 1.9562851e-001
 1.9598153e-001
 1.9618160e-001
 1.9633409e-001
 1.9655021e-001
 1.9688310e-001
 1.9732442e-001
 1.9783477e-001
 1.9836888e-001
 1.9888684e-001
 1.9936037e-001
 1.9977720e-001
 2.0014246e-001
 2.0047942e-001
 2.0082666e-001
 2.0122132e-001
 2.0167077e-001
 2.0213871e-001
 2.0257062e-001
 2.0294586e-001
 2.0329715e-001
 2.0364144e-001
 2.0391911e-001
 2.0414311e-001
 2.0445614e-001
 2.0491143e-001
 2.0532587e-001
 2.0553790e-001
 2.0565134e-001
 2.0585845e-001
 2.0618661e-001
 2.0654953e-001
 2.0689946e-001
 2.0722097e-001
 2.0748098e-001
 2.0768084e-001
 2.0789517e-001
 2.0818026e-001
 2.0849121e-001
 2.0874809e-001
 2.0893626e-001
 2.0910439e-001
 2.0929784e-001
 2.0950779e-001
 2.0968619e-001
 2.0982783e-001
 2.0999727e-001
 2.1022367e-001
 2.1043687e-001
 2.1058317e-001
 2.1072203e-001
 2.1092322e-001
 2.1116133e-001
 2.1139538e-001
 2.1165112e-001
 2.1193098e-001
 2.1214205e-001
 2.1221907e-001
 2.1223792e-001
 2.1231772e-001
 2.1247956e-001
 2.1266109e-001
 2.1280926e-001
 2.1292840e-001
 2.1305253e-001
 2.1318340e-001
 2.1327393e-001
 2.1325573e-001
 2.1316394e-001
 2.1316375e-001
 2.1333461e-001
 2.1358417e-001
 2.1379708e-001
 2.1392509e-001
 2.1397851e-001
 2.1398918e-001
 2.1399596e-001
 2.1404052e-001
 2.1415327e-001
 2.1433023e-001
 2.1453384e-001
 2.1471655e-001
 2.1483499e-001
 2.1485393e-001
 2.1476194e-001
 2.1460637e-001
 2.1448693e-001
 2.1448720e-001
 2.1459861e-001
 2.1472198e-001
 2.1475664e-001
 2.1469425e-001
 2.1461101e-001
 2.1458019e-001
 2.1461487e-001
 2.1465893e-001
 2.1462078e-001
 2.1449037e-001
 2.1429877e-001
 2.1417049e-001
 2.1418674e-001
 2.1430470e-001
 2.1443170e-001
 2.1447498e-001
 2.1435921e-001
 2.1412401e-001
 2.1385524e-001
 2.1363892e-001
 2.1354695e-001
 2.1355772e-001
 2.1361184e-001
 2.1364985e-001
 2.1362045e-001
 2.1352626e-001
 2.1339180e-001
 2.1324158e-001
 2.1309732e-001
 2.1296073e-001
 2.1280278e-001
 2.1266134e-001
 2.1250816e-001
 2.1234594e-001
 2.1218599e-001
 2.1203998e-001
 2.1191958e-001
 2.1183567e-001
 2.1178050e-001
 2.1172781e-001
 2.1165060e-001
 2.1152183e-001
 2.1131575e-001
 2.1103416e-001
 2.1070607e-001
 2.1036176e-001
 2.1003136e-001
 2.0974423e-001
 2.0950934e-001
 2.0931599e-001
 2.0915243e-001
 2.0900710e-001
 2.0886837e-001
 2.0872664e-001
 2.0858037e-001
 2.0842993e-001
 2.0827577e-001
 2.0811823e-001
 2.0795771e-001
 2.0779413e-001
 2.0762564e-001
 2.0744982e-001
 2.0726442e-001
 2.0706703e-001
 2.0685537e-001
 2.0662710e-001
 2.0638070e-001
 2.0611800e-001
 2.0584150e-001
 2.0555378e-001
 2.0525734e-001
 2.0495480e-001
 2.0464864e-001
 2.0434146e-001
 2.0403542e-001
 2.0373161e-001
 2.0343061e-001
 2.0313324e-001
 2.0284010e-001
 2.0255202e-001
 2.0226961e-001
 2.0199361e-001
 2.0172396e-001
 2.0145771e-001
 2.0119128e-001
 2.0092101e-001
 2.0064341e-001
 2.0035473e-001
 2.0005152e-001
 1.9973004e-001
 1.9938834e-001
 1.9902998e-001
 1.9866003e-001
 1.9828339e-001
 1.9790500e-001
 1.9752990e-001
 1.9716299e-001
 1.9680929e-001
 1.9647373e-001
 1.9616133e-001
 1.9587699e-001
 1.9562571e-001
 1.9541064e-001
 1.9522825e-001
 1.9507350e-001
 1.9494145e-001
 1.9482701e-001
 1.9472525e-001
 1.9463104e-001
 1.9453949e-001
 1.9444552e-001
 1.9434410e-001
 1.9423027e-001
 1.9409898e-001
 1.9394681e-001
 1.9377579e-001
 1.9358933e-001
 1.9339073e-001
 1.9318338e-001
 1.9297056e-001
 1.9275567e-001
 1.9254199e-001
 1.9233289e-001
 1.9213173e-001
 1.9194180e-001
 1.9176522e-001
 1.9159973e-001
 1.9144207e-001
 1.9128901e-001
 1.9113731e-001
 1.9098374e-001
 1.9082505e-001
 1.9065800e-001
 1.9047938e-001
 1.9028592e-001
 1.9007605e-001
 1.8985391e-001
 1.8962476e-001
 1.8939404e-001
 1.8916705e-001
 1.8894920e-001
 1.8874575e-001
 1.8856214e-001
 1.8840367e-001
 1.8827575e-001
 1.8818147e-001
 1.8811667e-001
 1.8807548e-001
 1.8805207e-001
 1.8804064e-001
 1.8803534e-001
 1.8803035e-001
 1.8801986e-001
 1.8799804e-001
 1.8795903e-001
 1.8789889e-001
 1.8781988e-001
 1.8772565e-001
 1.8761970e-001
 1.8750572e-001
 1.8738726e-001
 1.8726796e-001
 1.8715136e-001
 1.8704109e-001
 1.8693906e-001
 1.8684156e-001
 1.8674374e-001
 1.8664075e-001
 1.8652768e-001
 1.8639971e-001
 1.8625197e-001
 1.8607955e-001
 1.8588080e-001
 1.8566419e-001
 1.8544048e-001
 1.8522035e-001
 1.8501449e-001
 1.8483356e-001
 1.8468831e-001
 1.8458937e-001
 1.8454306e-001
 1.8454106e-001
 1.8457218e-001
 1.8462521e-001
 1.8468896e-001
 1.8475223e-001
 1.8480378e-001
 1.8483244e-001
 1.8483183e-001
 1.8481110e-001
 1.8478256e-001
 1.8476206e-001
 1.8476033e-001
 1.8478926e-001
 1.8485546e-001
 1.8495643e-001
 1.8508103e-001
 1.8521231e-001
 1.8533060e-001
 1.8541594e-001
 1.8545192e-001
 1.8543179e-001
 1.8536218e-001
 1.8525933e-001
 1.8514322e-001
 1.8503365e-001
 1.8494701e-001
 1.8489313e-001
 1.8487433e-001
 1.8488728e-001
 1.8492582e-001
 1.8498293e-001
 1.8505137e-001
 1.8512407e-001
 1.8519415e-001
 1.8525496e-001
 1.8530025e-001
 1.8532492e-001
 1.8532653e-001
 1.8530683e-001
 1.8527229e-001
 1.8523309e-001
 1.8520112e-001
 1.8518777e-001
 1.8520153e-001
 1.8524618e-001
 1.8532023e-001
 1.8541779e-001
 1.8553033e-001
 1.8564840e-001
 1.8576266e-001
 1.8575519e-001
 1.8580396e-001
 1.8583992e-001
 1.8586172e-001
 1.8586966e-001
 1.8586567e-001
 1.8585320e-001
 1.8583705e-001
 1.8582292e-001
 1.8581685e-001
 1.8582448e-001
 1.8585028e-001
 1.8589683e-001
 1.8596436e-001
 1.8605083e-001
 1.8615240e-001
 1.8626396e-001
 1.8637995e-001
 1.8649505e-001
 1.8660489e-001
 1.8670653e-001
 1.8679853e-001
 1.8688107e-001
 1.8695548e-001
 1.8702389e-001
 1.8708879e-001
 1.8715245e-001
 1.8721633e-001
 1.8728063e-001
 1.8734404e-001
 1.8740405e-001
 1.8745753e-001
 1.8750165e-001
 1.8753460e-001
 1.8755633e-001
 1.8756880e-001
 1.8757603e-001
 1.8758354e-001
 1.8759766e-001
 1.8762451e-001
 1.8766902e-001
 1.8773414e-001
 1.8782032e-001
 1.8792553e-001
 1.8804555e-001
 1.8817474e-001
 1.8830696e-001
 1.8843648e-001
 1.8855904e-001
 1.8867217e-001
 1.8877552e-001
 1.8887053e-001
 1.8895988e-001
 1.8904674e-001
 1.8913388e-001
 1.8922313e-001
 1.8931489e-001
 1.8940814e-001
 1.8950075e-001
 1.8958995e-001
 1.8967308e-001
 1.8974823e-001
 1.8981472e-001
 1.8987343e-001
 1.8992658e-001
 1.8997733e-001
 1.9002928e-001
 1.9008565e-001
 1.9014886e-001
 1.9022022e-001
 1.9029991e-001
 1.9038732e-001
 1.9048144e-001
 1.9058122e-001
 1.9068581e-001
 1.9079454e-001
 1.9090667e-001
 1.9102098e-001
 1.9113559e-001
 1.9124781e-001
 1.9135447e-001
 1.9145250e-001
 1.9153953e-001
 1.9161460e-001
 1.9167849e-001
 1.9173376e-001
 1.9178431e-001
 1.9183460e-001
 1.9188881e-001
 1.9195007e-001
 1.9201994e-001
 1.9209832e-001
 1.9218367e-001
 1.9227371e-001
 1.9236602e-001
 1.9245878e-001
 1.9255121e-001
 1.9264376e-001
 1.9273785e-001
 1.9283551e-001
 1.9293866e-001
 1.9304854e-001
 1.9316514e-001
 1.9328706e-001
 1.9341168e-001
 1.9353555e-001
 1.9365519e-001
 1.9376782e-001
 1.9387189e-001
 1.9396754e-001
 1.9405632e-001
 1.9414091e-001
 1.9422425e-001
 1.9430895e-001
 1.9439660e-001
 1.9448754e-001
 1.9458084e-001
 1.9467482e-001
 1.9476743e-001
 1.9485700e-001
 1.9494253e-001
 1.9502403e-001
 1.9510247e-001
 1.9517948e-001
 1.9525699e-001
 1.9533688e-001
 1.9542049e-001
 1.9550855e-001
 1.9560108e-001
 1.9569741e-001
 1.9579642e-001
 1.9589673e-001
 1.9599700e-001
 1.9609600e-001
 1.9619279e-001
 1.9628662e-001
 1.9637696e-001
 1.9646353e-001
 1.9654608e-001
 1.9662456e-001
 1.9669922e-001
 1.9677061e-001
 1.9683973e-001
 1.9690807e-001
 1.9697742e-001
 1.9704971e-001
 1.9712654e-001
 1.9720899e-001
 1.9729713e-001
 1.9738998e-001
 1.9748551e-001
 1.9758080e-001
 1.9767259e-001
 1.9775762e-001
 1.9783323e-001
 1.9789772e-001
 1.9795056e-001
 1.9799256e-001
 1.9802563e-001
 1.9805264e-001
 1.9807708e-001
 1.9810259e-001
 1.9813266e-001
 1.9817024e-001
 1.9821739e-001
 1.9827519e-001
 1.9834355e-001
 1.9842133e-001
 1.9850656e-001
 1.9859682e-001
 1.9868962e-001
 1.9878292e-001
 1.9887547e-001
 1.9896710e-001
 1.9905864e-001
 1.9915181e-001
 1.9924878e-001
 1.9935168e-001
 1.9946232e-001
 1.9958176e-001
 1.9971023e-001
 1.9984727e-001
 1.9999164e-001
 2.0014176e-001
 2.0029545e-001
 2.0045009e-001
 2.0060243e-001
 2.0074844e-001
 2.0088355e-001
 2.0100284e-001
 2.0110162e-001
 2.0117630e-001
 2.0122512e-001
 2.0124872e-001
 2.0125045e-001
 2.0123610e-001
 2.0121318e-001
 2.0118989e-001
 2.0117395e-001
 2.0117155e-001
 2.0118658e-001
 2.0122039e-001
 2.0127179e-001
 2.0133765e-001
 2.0141353e-001
 2.0149438e-001
 2.0157529e-001
 2.0165192e-001
 2.0172082e-001
 2.0177969e-001
 2.0182727e-001
 2.0186338e-001
 2.0188870e-001
 2.0190471e-001
 2.0191345e-001
 2.0191729e-001
 2.0191880e-001
 2.0192046e-001
 2.0192453e-001
 2.0193292e-001
 2.0194702e-001
 2.0196778e-001
 2.0199564e-001
 2.0203058e-001
 2.0207225e-001
 2.0211989e-001
 2.0217256e-001
 2.0222910e-001
 2.0228826e-001
 2.0234880e-001
 2.0240963e-001
 2.0246992e-001
 2.0252921e-001
 2.0258753e-001
 2.0264538e-001
 2.0270358e-001
 2.0276318e-001
 2.0282516e-001
 2.0289010e-001
 2.0295796e-001
 2.0302790e-001
 2.0309815e-001
 2.0316617e-001
 2.0322886e-001
 2.0328310e-001
 2.0332618e-001
 2.0335640e-001
 2.0337345e-001
 2.0337866e-001
 2.0337494e-001
 2.0336637e-001
 2.0335762e-001
 2.0335311e-001
 2.0335634e-001
 2.0336914e-001
 2.0339142e-001
 2.0342106e-001
 2.0345429e-001
 2.0348631e-001
 2.0351218e-001
 2.0352751e-001
 2.0352940e-001
 2.0351684e-001
 2.0349093e-001
 2.0345475e-001
 2.0341282e-001
 2.0337048e-001
 2.0333304e-001
 2.0330516e-001
 2.0329024e-001
 2.0329031e-001
 2.0330594e-001
 2.0333649e-001
 2.0338044e-001
 2.0343561e-001
 2.0349951e-001
 2.0356919e-001
 2.0364147e-001
 2.0371279e-001
 2.0377934e-001
 2.0383728e-001
 2.0388301e-001
 2.0391373e-001
 2.0392777e-001
 2.0392491e-001
 2.0390660e-001
 2.0387574e-001
 2.0383637e-001
 2.0379314e-001
 2.0375058e-001
 2.0371252e-001
 2.0368163e-001
 2.0365904e-001
 2.0364437e-001
 2.0363596e-001
 2.0363136e-001
 2.0362779e-001
 2.0362289e-001
 2.0361504e-001
 2.0360367e-001
 2.0358934e-001
 2.0357345e-001
 2.0355789e-001
 2.0354457e-001
 2.0353493e-001
 2.0352969e-001
 2.0352863e-001
 2.0353071e-001
 2.0353425e-001
 2.0353721e-001
 2.0353760e-001
 2.0353375e-001
 2.0352450e-001
 2.0350932e-001
 2.0348828e-001
 2.0346187e-001
 2.0343092e-001
 2.0339632e-001
 2.0335892e-001
 2.0331946e-001
 2.0327865e-001
 2.0323715e-001
 2.0319580e-001
 2.0315562e-001
 2.0311794e-001
 2.0308425e-001
 2.0305599e-001
 2.0303439e-001
 2.0302002e-001
 2.0301256e-001
 2.0301066e-001
 2.0301187e-001
 2.0301288e-001
 2.0300989e-001
 2.0299913e-001
 2.0297757e-001
 2.0294331e-001
 2.0289606e-001
 2.0283712e-001
 2.0276913e-001
 2.0269544e-001
 2.0261937e-001
 2.0254342e-001
 2.0246877e-001
 2.0239493e-001
 2.0232019e-001
 2.0224200e-001
 2.0215790e-001
 2.0206635e-001
 2.0196725e-001
 2.0186237e-001
 2.0175494e-001
 2.0164944e-001
 2.0155075e-001
 2.0146351e-001
 2.0139155e-001
 2.0133759e-001
 2.0130306e-001
 2.0128821e-001
 2.0129205e-001
 2.0131250e-001
 2.0134635e-001
 2.0138925e-001
 2.0143564e-001
 2.0147894e-001
 2.0151187e-001
 2.0152695e-001
 2.0151724e-001
 2.0147710e-001
 2.0140289e-001
 2.0129351e-001
 2.0115064e-001
 2.0097844e-001
 2.0078319e-001
 2.0057224e-001
 2.0035313e-001
 2.0013241e-001
 1.9991468e-001
 1.9970213e-001
 1.9949409e-001
 1.9928758e-001
 1.9907773e-001
 1.9885868e-001
 1.9862479e-001
 1.9837128e-001
 1.9809505e-001
 1.9779503e-001
 1.9747204e-001
 1.9712867e-001
 1.9676888e-001
 1.9639726e-001
 1.9601887e-001
 1.9563857e-001
 1.9526091e-001
 1.9488992e-001
 1.9452877e-001
 1.9417994e-001
 1.9384475e-001
 1.9352350e-001
 1.9321510e-001
 1.9291690e-001
 1.9262493e-001
 1.9233377e-001
 1.9203731e-001
 1.9172932e-001
 1.9140416e-001
 1.9105820e-001
 1.9069026e-001
 1.9030263e-001
 1.8990108e-001
 1.8949464e-001
 1.8909498e-001
 1.8871509e-001
 1.8836822e-001
 1.8806648e-001
 1.8781967e-001
 1.8763462e-001
 1.8751480e-001
 1.8746017e-001
 1.8746766e-001
 1.8753161e-001
 1.8764442e-001
 1.8779725e-001
 1.8798073e-001
 1.8818544e-001
 1.8840252e-001
 1.8862399e-001
 1.8884303e-001
 1.8905428e-001
 1.8925379e-001
 1.8943919e-001
 1.8960945e-001
 1.8976478e-001
 1.8990634e-001
 1.9003586e-001
 1.9015531e-001
 1.9026655e-001
 1.9037099e-001
 1.9046962e-001
 1.9056290e-001
 1.9065095e-001
 1.9073384e-001
 1.9081171e-001
 1.9088502e-001
 1.9095448e-001
 1.9102088e-001
 1.9108497e-001
 1.9114701e-001
 1.9120677e-001
 1.9126345e-001
 1.9131596e-001
 1.9136335e-001
 1.9140519e-001
 1.9144195e-001
 1.9147518e-001
 1.9150725e-001
 1.9154096e-001
 1.9157882e-001
 1.9162250e-001
 1.9167221e-001
 1.9172654e-001
 1.9178265e-001
 1.9183668e-001
 1.9188459e-001
 1.9192292e-001
 1.9194956e-001
 1.9196434e-001
 1.9196917e-001
 1.9196795e-001
 1.9196606e-001
 1.9196969e-001
 1.9198501e-001
 1.9201724e-001
 1.9207004e-001
 1.9214502e-001
 1.9224158e-001
 1.9235711e-001
 1.9248739e-001
 1.9262718e-001
 1.9277103e-001
 1.9291387e-001
 1.9305159e-001
 1.9318125e-001
 1.9330120e-001
 1.9341093e-001
 1.9351064e-001
 1.9360083e-001
 1.9368191e-001
 1.9375387e-001
 1.9381620e-001
 1.9386807e-001
 1.9390851e-001
 1.9393690e-001
 1.9395307e-001
 1.9395764e-001
 1.9395189e-001
 1.9393761e-001
 1.9391686e-001
 1.9389158e-001
 1.9386366e-001
 1.9383480e-001
 1.9380680e-001
 1.9378178e-001
 1.9376235e-001
 1.9375171e-001
 1.9375333e-001
 1.9377063e-001
 1.9380632e-001
 1.9386178e-001
 1.9393669e-001
 1.9402879e-001
 1.9413410e-001
 1.9424739e-001
 1.9436282e-001
 1.9447473e-001
 1.9457833e-001
 1.9467025e-001
 1.9474886e-001
 1.9481432e-001
 1.9486833e-001
 1.9491348e-001
 1.9495265e-001
 1.9498840e-001
 1.9502255e-001
 1.9505595e-001
 1.9508831e-001
 1.9511811e-001
 1.9514270e-001
 1.9515848e-001
 1.9516149e-001
 1.9514796e-001
 1.9511503e-001
 1.9506131e-001
 1.9498745e-001
 1.9489634e-001
 1.9479305e-001
 1.9468406e-001
 1.9457668e-001
 1.9447823e-001
 1.9439544e-001
 1.9433387e-001
 1.9429781e-001
 1.9428986e-001
 1.9431092e-001
 1.9436008e-001
 1.9443496e-001
 1.9453171e-001
 1.9464536e-001
 1.9477002e-001
 1.9489913e-001
 1.9502571e-001
 1.9514267e-001
 1.9524318e-001
 1.9532125e-001
 1.9537199e-001
 1.9539206e-001
 1.9537991e-001
 1.9533592e-001
 1.9526225e-001
 1.9516283e-001
 1.9504334e-001
 1.9491099e-001
 1.9477399e-001
 1.9464089e-001
 1.9451994e-001
 1.9441830e-001
 1.9434133e-001
 1.9429226e-001
 1.9427183e-001
 1.9427820e-001
 1.9430709e-001
 1.9435212e-001
 1.9440557e-001
 1.9445916e-001
 1.9450487e-001
 1.9453578e-001
 1.9454663e-001
 1.9453430e-001
 1.9449787e-001
 1.9443867e-001
 1.9436015e-001
 1.9426739e-001
 1.9416656e-001
 1.9406429e-001
 1.9396710e-001
 1.9388086e-001
 1.9381022e-001
 1.9375862e-001
 1.9372793e-001
 1.9371854e-001
 1.9372937e-001
 1.9375806e-001
 1.9380108e-001
 1.9385406e-001
 1.9391215e-001
 1.9397034e-001
 1.9402389e-001
 1.9406871e-001
 1.9410168e-001
 1.9412069e-001
 1.9412489e-001
 1.9411439e-001
 1.9409013e-001
 1.9405365e-001
 1.9400670e-001
 1.9395106e-001
 1.9388835e-001
 1.9381997e-001
 1.9374715e-001
 1.9367102e-001
 1.9359283e-001
 1.9351408e-001
 1.9343658e-001
 1.9336252e-001
 1.9329432e-001
 1.9323444e-001
 1.9318509e-001
 1.9314781e-001
 1.9312325e-001
 1.9311091e-001
 1.9310907e-001
 1.9311488e-001
 1.9312467e-001
 1.9313440e-001
 1.9314012e-001
 1.9313852e-001
 1.9312735e-001
 1.9310564e-001
 1.9307384e-001
 1.9303368e-001
 1.9298787e-001
 1.9293979e-001
 1.9289291e-001
 1.9285055e-001
 1.9281536e-001
 1.9278921e-001
 1.9277288e-001
 1.9276603e-001
 1.9276720e-001
 1.9277397e-001
 1.9278298e-001
 1.9279042e-001
 1.9279234e-001
 1.9278523e-001
 1.9276653e-001
 1.9273525e-001
 1.9269241e-001
 1.9264121e-001
 1.9258697e-001
 1.9253671e-001
 1.9249824e-001
 1.9247907e-001
 1.9248517e-001
 1.9251966e-001
 1.9258201e-001
 1.9266759e-001
 1.9276817e-001
 1.9287308e-001
 1.9297045e-001
 1.9304882e-001
 1.9309856e-001
 1.9311282e-001
 1.9308802e-001
 1.9302434e-001
 1.9292560e-001
 1.9279872e-001
 1.9265279e-001
 1.9249777e-001
 1.9234306e-001
 1.9219644e-001
 1.9206312e-001
 1.9194555e-001
 1.9184364e-001
 1.9175543e-001
 1.9167818e-001
 1.9160928e-001
 1.9154713e-001
 1.9149166e-001
 1.9144434e-001
 1.9140774e-001
 1.9138497e-001
 1.9137888e-001
 1.9139133e-001
 1.9142267e-001
 1.9147141e-001
 1.9153422e-001
 1.9160606e-001
 1.9168070e-001
 1.9175151e-001
 1.9181228e-001
 1.9185813e-001
 1.9188637e-001
 1.9189684e-001
 1.9189216e-001
 1.9187735e-001
 1.9185904e-001
 1.9184451e-001
 1.9184040e-001
 1.9185151e-001
 1.9187985e-001
 1.9192395e-001
 1.9197872e-001
 1.9203597e-001
 1.9208525e-001
 1.9211520e-001
 1.9211520e-001
 1.9207694e-001
 1.9199571e-001
 1.9187133e-001
 1.9170840e-001
 1.9151591e-001
 1.9130607e-001
 1.9109295e-001
 1.9089061e-001
 1.9071119e-001
 1.9056356e-001
 1.9045214e-001
 1.9037659e-001
 1.9033197e-001
 1.9030969e-001
 1.9029887e-001
 1.9028792e-001
 1.9026612e-001
 1.9022505e-001
 1.9015959e-001
 1.9006833e-001
 1.8995355e-001
 1.8982066e-001
 1.8967743e-001
 1.8953274e-001
 1.8939571e-001
 1.8927467e-001
 1.8917647e-001
 1.8910609e-001
 1.8906644e-001
 1.8905845e-001
 1.8908137e-001
 1.8913293e-001
 1.8920976e-001
 1.8930760e-001
 1.8942159e-001
 1.8954639e-001
 1.8967649e-001
 1.8980634e-001
 1.8993068e-001
 1.9004467e-001
 1.9014426e-001
 1.9022630e-001
 1.9028877e-001
 1.9033070e-001
 1.9035220e-001
 1.9035420e-001
 1.9033815e-001
 1.9030584e-001
 1.9025895e-001
 1.9019891e-001
 1.9012664e-001
 1.9004254e-001
 1.8994650e-001
 1.8983807e-001
 1.8971661e-001
 1.8958168e-001
 1.8943316e-001
 1.8927164e-001
 1.8909855e-001
 1.8891618e-001
 1.8872787e-001
 1.8853782e-001
 1.8835114e-001
 1.8817368e-001
 1.8801190e-001
 1.8787278e-001
 1.8776365e-001
 1.8769194e-001
 1.8766478e-001
 1.8768832e-001
 1.8776700e-001
 1.8790264e-001
 1.8809344e-001
 1.8833314e-001
 1.8861075e-001
 1.8891072e-001
 1.8921456e-001
 1.8950208e-001
 1.8975325e-001
 1.8995002e-001
 1.9007766e-001
 1.9012605e-001
 1.9008973e-001
 1.8996832e-001
 1.8976720e-001
 1.8949750e-001
 1.8917537e-001
 1.8882045e-001
 1.8845432e-001
 1.8809797e-001
 1.8776985e-001
 1.8748373e-001
 1.8724762e-001
 1.8706390e-001
 1.8687977e-001
 1.8680023e-001
 1.8675560e-001
 1.8673572e-001
 1.8673119e-001
 1.8673405e-001
 1.8673828e-001
 1.8673973e-001
 1.8673560e-001
 1.8672390e-001
 1.8670295e-001
 1.8667135e-001
 1.8662788e-001
 1.8657173e-001
 1.8650267e-001
 1.8642122e-001
 1.8632863e-001
 1.8622695e-001
 1.8611866e-001
 1.8600670e-001
 1.8589409e-001
 1.8578394e-001
 1.8567930e-001
 1.8558304e-001
 1.8549775e-001
 1.8542559e-001
 1.8536827e-001
 1.8532701e-001
 1.8530276e-001
 1.8529627e-001
 1.8530813e-001
 1.8533878e-001
 1.8538828e-001
 1.8545607e-001
 1.8554038e-001
 1.8563795e-001
 1.8574388e-001
 1.8585169e-001
 1.8595378e-001
 1.8604192e-001
 1.8610765e-001
 1.8614267e-001
 1.8613936e-001
 1.8609169e-001
 1.8599616e-001
 1.8585278e-001
 1.8566543e-001
 1.8544145e-001
 1.8519084e-001
 1.8492499e-001
 1.8465608e-001
 1.8439610e-001
 1.8415640e-001
 1.8394661e-001
 1.8377334e-001
 1.8363942e-001
 1.8354324e-001
 1.8347929e-001
 1.8343918e-001
 1.8341276e-001
 1.8338913e-001
 1.8335719e-001
 1.8330632e-001
 1.8322682e-001
 1.8311076e-001
 1.8295248e-001
 1.8274899e-001
 1.8249951e-001
 1.8220508e-001
 1.8186769e-001
 1.8148984e-001
 1.8107423e-001
 1.8062322e-001
 1.8013902e-001
 1.7962287e-001
 1.7907529e-001
 1.7849568e-001
 1.7788236e-001
 1.7723320e-001
 1.7654534e-001
 1.7581598e-001
 1.7504233e-001
 1.7422146e-001
 1.7335112e-001
 1.7242931e-001
 1.7145506e-001
 1.7042828e-001
 1.6934931e-001
 1.6821946e-001
 1.6704038e-001
 1.6581352e-001
 1.6454124e-001
 1.6322578e-001
 1.6187087e-001
 1.6048190e-001
 1.5906610e-001
 1.5763390e-001
 1.5619731e-001
 1.5477057e-001
 1.5336886e-001
 1.5200734e-001
 1.5070175e-001
 1.4946659e-001
 1.4831565e-001
 1.4726058e-001
 1.4630976e-001
 1.4546894e-001
 1.4474055e-001
 1.4412525e-001
 1.4362237e-001
 1.4323036e-001
 1.4294751e-001
 1.4277144e-001
 1.4269899e-001
 1.4272560e-001
 1.4284484e-001
 1.4304818e-001
 1.4332516e-001
 1.4366406e-001
 1.4405219e-001
 1.4447671e-001
 1.4492472e-001
 1.4538385e-001
 1.4584318e-001
 1.4629360e-001
 1.4672902e-001
 1.4714639e-001
 1.4754540e-001
 1.4792798e-001
 1.4829715e-001
 1.4865662e-001
 1.4901014e-001
 1.4936122e-001
 1.4971294e-001
 1.5006712e-001
 1.5042445e-001
 1.5078388e-001
 1.5114301e-001
 1.5149859e-001
 1.5184656e-001
 1.5218264e-001
 1.5250269e-001
 1.5280263e-001
 1.5307920e-001
 1.5333000e-001
 1.5355411e-001
 1.5375221e-001
 1.5392627e-001
 1.5407942e-001
 1.5421534e-001
 1.5433796e-001
 1.5445141e-001
 1.5455964e-001
 1.5466647e-001
 1.5477528e-001
 1.5488897e-001
 1.5500994e-001
 1.5514003e-001
 1.5528071e-001
 1.5543327e-001
 1.5559880e-001
 1.5577835e-001
 1.5597275e-001
 1.5618247e-001
 1.5640749e-001
 1.5664694e-001
 1.5689920e-001
 1.5716183e-001
 1.5743183e-001
 1.5770593e-001
 1.5798067e-001
 1.5825270e-001
 1.5851896e-001
 1.5877692e-001
 1.5902527e-001
 1.5926398e-001
 1.5949473e-001
 1.5972054e-001
 1.5994547e-001
 1.6017433e-001
 1.6041197e-001
 1.6066331e-001
 1.6093257e-001
 1.6122276e-001
 1.6153491e-001
 1.6186716e-001
 1.6221465e-001
 1.6256969e-001
 1.6292249e-001
 1.6326216e-001
 1.6357729e-001
 1.6385660e-001
 1.6408992e-001
 1.6426912e-001
 1.6438979e-001
 1.6445233e-001
 1.6446266e-001
 1.6443156e-001
 1.6437341e-001
 1.6430478e-001
 1.6424309e-001
 1.6420572e-001
 1.6420889e-001
 1.6426633e-001
 1.6438751e-001
 1.6457605e-001
 1.6482924e-001
 1.6513853e-001
 1.6549125e-001
 1.6587192e-001
 1.6626416e-001
 1.6665153e-001
 1.6701819e-001
 1.6735058e-001
 1.6763863e-001
 1.6787677e-001
 1.6806483e-001
 1.6820733e-001
 1.6831225e-001
 1.6838956e-001
 1.6845031e-001
 1.6850562e-001
 1.6856612e-001
 1.6864121e-001
 1.6873813e-001
 1.6886111e-001
 1.6901127e-001
 1.6918676e-001
 1.6938348e-001
 1.6959615e-001
 1.6981888e-001
 1.7004564e-001
 1.7027043e-001
 1.7048794e-001
 1.7069368e-001
 1.7088428e-001
 1.7105782e-001
 1.7121352e-001
 1.7135143e-001
 1.7147222e-001
 1.7157683e-001
 1.7166635e-001
 1.7174202e-001
 1.7180547e-001
 1.7185880e-001
 1.7190485e-001
 1.7194720e-001
 1.7199017e-001
 1.7203857e-001
 1.7209752e-001
 1.7217222e-001
 1.7226763e-001
 1.7238821e-001
 1.7253712e-001
 1.7271557e-001
 1.7292185e-001
 1.7315130e-001
 1.7339650e-001
 1.7364782e-001
 1.7389460e-001
 1.7412570e-001
 1.7432986e-001
 1.7449681e-001
 1.7461790e-001
 1.7468733e-001
 1.7470312e-001
 1.7466764e-001
 1.7458709e-001
 1.7447054e-001
 1.7432877e-001
 1.7417322e-001
 1.7401558e-001
 1.7386682e-001
 1.7373665e-001
 1.7363252e-001
 1.7355891e-001
 1.7351681e-001
 1.7350425e-001
 1.7351697e-001
 1.7354941e-001
 1.7359535e-001
 1.7364848e-001
 1.7370275e-001
 1.7375286e-001
 1.7379472e-001
 1.7382593e-001
 1.7384596e-001
 1.7385596e-001
 1.7385831e-001
 1.7385615e-001
 1.7385294e-001
 1.7385215e-001
 1.7385709e-001
 1.7387058e-001
 1.7389451e-001
 1.7392963e-001
 1.7397544e-001
 1.7403018e-001
 1.7409129e-001
 1.7415568e-001
 1.7422001e-001
 1.7428087e-001
 1.7433494e-001
 1.7437913e-001
 1.7441061e-001
 1.7442714e-001
 1.7442696e-001
 1.7440878e-001
 1.7437172e-001
 1.7431507e-001
 1.7423828e-001
 1.7414100e-001
 1.7402321e-001
 1.7388545e-001
 1.7372948e-001
 1.7355844e-001
 1.7337704e-001
 1.7319161e-001
 1.7300938e-001
 1.7283829e-001
 1.7268646e-001
 1.7256203e-001
 1.7247243e-001
 1.7242393e-001
 1.7242073e-001
 1.7246424e-001
 1.7255282e-001
 1.7268199e-001
 1.7284521e-001
 1.7303483e-001
 1.7324242e-001
 1.7345960e-001
 1.7367807e-001
 1.7389010e-001
 1.7408869e-001
 1.7426814e-001
 1.7442407e-001
 1.7455310e-001
 1.7465290e-001
 1.7472161e-001
 1.7475767e-001
 1.7475976e-001
 1.7472701e-001
 1.7465928e-001
 1.7455779e-001
 1.7442544e-001
 1.7426701e-001
 1.7408915e-001
 1.7389965e-001
 1.7370708e-001
 1.7352037e-001
 1.7334819e-001
 1.7319848e-001
 1.7307770e-001
 1.7298958e-001
 1.7293431e-001
 1.7290813e-001
 1.7290370e-001
 1.7291105e-001
 1.7291866e-001
 1.7291437e-001
 1.7288613e-001
 1.7282282e-001
 1.7271550e-001
 1.7255872e-001
 1.7235191e-001
 1.7209974e-001
 1.7181194e-001
 1.7150158e-001
 1.7118381e-001
 1.7087495e-001
 1.7059095e-001
 1.7034669e-001
 1.7015469e-001
 1.7002302e-001
 1.6995405e-001
 1.6994379e-001
 1.6998243e-001
 1.7005591e-001
 1.7014769e-001
 1.7024001e-001
 1.7031516e-001
 1.7035621e-001
 1.7034842e-001
 1.7028058e-001
 1.7014630e-001
 1.6994472e-001
 1.6967967e-001
 1.6935864e-001
 1.6899116e-001
 1.6858806e-001
 1.6816017e-001
 1.6771820e-001
 1.6727263e-001
 1.6683263e-001
 1.6640605e-001
 1.6599964e-001
 1.6561845e-001
 1.6526672e-001
 1.6494797e-001
 1.6466562e-001
 1.6442259e-001
 1.6422129e-001
 1.6406341e-001
 1.6394898e-001
 1.6387601e-001
 1.6384034e-001
 1.6383569e-001
 1.6385430e-001
 1.6388756e-001
 1.6392644e-001
 1.6396199e-001
 1.6398573e-001
 1.6399029e-001
 1.6397011e-001
 1.6392216e-001
 1.6384619e-001
 1.6374445e-001
 1.6362096e-001
 1.6348101e-001
 1.6333021e-001
 1.6317436e-001
 1.6301888e-001
 1.6286866e-001
 1.6272727e-001
 1.6259670e-001
 1.6247725e-001
 1.6236755e-001
 1.6226505e-001
 1.6216654e-001
 1.6206849e-001
 1.6196740e-001
 1.6186027e-001
 1.6174491e-001
 1.6162071e-001
 1.6148911e-001
 1.6135399e-001
 1.6122116e-001
 1.6109800e-001
 1.6099289e-001
 1.6091442e-001
 1.6087107e-001
 1.6087046e-001
 1.6091841e-001
 1.6101769e-001
 1.6116697e-001
 1.6136028e-001
 1.6158763e-001
 1.6183600e-001
 1.6209041e-001
 1.6233532e-001
 1.6255529e-001
 1.6273575e-001
 1.6286458e-001
 1.6293354e-001
 1.6293964e-001
 1.6288579e-001
 1.6278014e-001
 1.6263472e-001
 1.6246396e-001
 1.6228320e-001
 1.6210775e-001
 1.6195196e-001
 1.6182767e-001
 1.6174264e-001
 1.6169919e-001
 1.6169344e-001
 1.6171597e-001
 1.6175334e-001
 1.6178966e-001
 1.6180804e-001
 1.6179177e-001
 1.6172545e-001
 1.6159678e-001
 1.6139854e-001
 1.6113074e-001
 1.6080093e-001
 1.6042370e-001
 1.6001898e-001
 1.5960957e-001
 1.5921958e-001
 1.5887289e-001
 1.5859196e-001
 1.5839508e-001
 1.5829423e-001
 1.5829267e-001
 1.5838380e-001
 1.5855244e-001
 1.5877675e-001
 1.5903120e-001
 1.5928857e-001
 1.5952171e-001
 1.5970494e-001
 1.5981661e-001
 1.5984145e-001
 1.5977299e-001
 1.5961452e-001
 1.5937802e-001
 1.5908213e-001
 1.5874918e-001
 1.5840316e-001
 1.5806839e-001
 1.5776758e-001
 1.5752017e-001
 1.5734002e-001
 1.5723351e-001
 1.5719844e-001
 1.5722516e-001
 1.5729833e-001
 1.5739931e-001
 1.5750806e-001
 1.5760425e-001
 1.5766874e-001
 1.5768503e-001
 1.5764093e-001
 1.5753038e-001
 1.5735391e-001
 1.5711801e-001
 1.5683378e-001
 1.5651478e-001
 1.5617575e-001
 1.5583181e-001
 1.5549722e-001
 1.5518454e-001
 1.5490337e-001
 1.5465951e-001
 1.5445422e-001
 1.5428475e-001
 1.5414561e-001
 1.5402937e-001
 1.5392786e-001
 1.5383275e-001
 1.5373595e-001
 1.5363014e-001
 1.5350944e-001
 1.5336974e-001
 1.5320897e-001
 1.5302691e-001
 1.5282480e-001
 1.5260455e-001
 1.5236850e-001
 1.5211929e-001
 1.5185952e-001
 1.5159190e-001
 1.5131946e-001
 1.5104528e-001
 1.5077272e-001
 1.5050530e-001
 1.5024693e-001
 1.5000141e-001
 1.4977251e-001
 1.4956413e-001
 1.4937961e-001
 1.4922158e-001
 1.4909157e-001
 1.4898928e-001
 1.4891249e-001
 1.4885741e-001
 1.4881909e-001
 1.4879188e-001
 1.4876996e-001
 1.4874753e-001
 1.4871915e-001
 1.4868005e-001
 1.4862655e-001
 1.4855640e-001
 1.4846884e-001
 1.4836472e-001
 1.4824595e-001
 1.4811516e-001
 1.4797534e-001
 1.4782965e-001
 1.4768112e-001
 1.4753267e-001
 1.4738730e-001
 1.4725247e-001
 1.4715220e-001
 1.4702447e-001
 1.4689781e-001
 1.4676912e-001
 1.4663540e-001
 1.4649358e-001
 1.4634071e-001
 1.4617373e-001
 1.4598960e-001
 1.4578532e-001
 1.4555813e-001
 1.4530897e-001
 1.4504050e-001
 1.4475541e-001
 1.4445634e-001
 1.4414614e-001
 1.4382748e-001
 1.4350304e-001
 1.4317547e-001
 1.4284763e-001
 1.4252214e-001
 1.4220177e-001
 1.4188908e-001
 1.4158697e-001
 1.4129783e-001
 1.4102182e-001
 1.4075780e-001
 1.4050463e-001
 1.4026134e-001
 1.4002676e-001
 1.3979976e-001
 1.3957924e-001
 1.3936415e-001
 1.3915333e-001
 1.3894571e-001
 1.3874014e-001
 1.3853559e-001
 1.3833091e-001
 1.3812500e-001
 1.3791677e-001
 1.3770503e-001
 1.3748880e-001
 1.3726705e-001
 1.3703975e-001
 1.3680732e-001
 1.3657036e-001
 1.3632934e-001
 1.3608474e-001
 1.3583696e-001
 1.3558668e-001
 1.3533427e-001
 1.3508028e-001
 1.3482514e-001
 1.3456933e-001
 1.3431348e-001
 1.3405798e-001
 1.3380335e-001
 1.3355000e-001
 1.3329858e-001
 1.3304950e-001
 1.3280325e-001
 1.3256028e-001
 1.3232119e-001
 1.3208643e-001
 1.3185643e-001
 1.3163109e-001
 1.3141027e-001
 1.3119361e-001
 1.3098086e-001
 1.3077176e-001
 1.3056593e-001
 1.3036323e-001
 1.3016334e-001
 1.2996595e-001
 1.2977079e-001
 1.2957764e-001
 1.2938617e-001
 1.2919612e-001
 1.2900719e-001
 1.2881915e-001
 1.2863173e-001
 1.2844461e-001
 1.2825754e-001
 1.2807018e-001
 1.2788236e-001
 1.2769376e-001
 1.2750408e-001
 1.2731303e-001
 1.2712041e-001
 1.2692592e-001
 1.2672926e-001
 1.2653050e-001
 1.2632984e-001
 1.2612747e-001
 1.2592351e-001
 1.2571816e-001
 1.2551156e-001
 1.2530395e-001
 1.2509552e-001
 1.2488636e-001
 1.2467667e-001
 1.2446669e-001
 1.2425657e-001
 1.2404645e-001
 1.2383649e-001
 1.2362694e-001
 1.2341797e-001
 1.2320969e-001
 1.2300228e-001
 1.2279599e-001
 1.2259097e-001
 1.2238736e-001
 1.2218536e-001
 1.2198510e-001
 1.2178686e-001
 1.2159073e-001
 1.2139693e-001
 1.2120557e-001
 1.2101692e-001
 1.2083110e-001
 1.2064829e-001
 1.2046839e-001
 1.2029135e-001
 1.2011704e-001
