s07_ASD Record=13133: Covellite-Pyrite HS477.2B    ASDNGb AREF
-1.2300000e+034
 1.3787935e-002
 1.3647325e-002
 1.5080507e-002
 1.8588299e-002
 1.9273760e-002
 2.0735694e-002
 2.1637868e-002
 2.1135313e-002
 2.2125801e-002
 2.3087543e-002
 2.3632081e-002
 2.3946067e-002
 2.3990979e-002
 2.4516575e-002
 2.5505126e-002
 2.6058311e-002
 2.6273830e-002
 2.6336193e-002
 2.6457716e-002
 2.6866402e-002
 2.7118471e-002
 2.7215317e-002
 2.7367381e-002
 2.7538219e-002
 2.7506649e-002
 2.7429169e-002
 2.7937165e-002
 2.8131440e-002
 2.8228110e-002
 2.8466983e-002
 2.8304731e-002
 2.8291462e-002
 2.8475612e-002
 2.8642451e-002
 2.8894193e-002
 2.9006908e-002
 2.8957240e-002
 2.9011700e-002
 2.9199164e-002
 2.9313777e-002
 2.9266044e-002
 2.9557850e-002
 2.9669536e-002
 2.9588172e-002
 2.9599767e-002
 2.9760260e-002
 2.9917875e-002
 2.9979985e-002
 2.9968670e-002
 3.0027637e-002
 3.0123109e-002
 3.0186854e-002
 3.0215994e-002
 3.0288715e-002
 3.0393429e-002
 3.0462785e-002
 3.0510988e-002
 3.0555012e-002
 3.0613832e-002
 3.0713707e-002
 3.0770091e-002
 3.0787677e-002
 3.0799748e-002
 3.0834069e-002
 3.0841505e-002
 3.0833542e-002
 3.0865876e-002
 3.0908484e-002
 3.0943349e-002
 3.0972045e-002
 3.1032853e-002
 3.1089364e-002
 3.1124054e-002
 3.1141402e-002
 3.1223265e-002
 3.1282708e-002
 3.1312563e-002
 3.1388875e-002
 3.1461619e-002
 3.1487238e-002
 3.1469475e-002
 3.1527195e-002
 3.1566922e-002
 3.1599209e-002
 3.1670813e-002
 3.1718075e-002
 3.1761125e-002
 3.1811427e-002
 3.1859353e-002
 3.1910155e-002
 3.1951424e-002
 3.1978071e-002
 3.2023121e-002
 3.2075282e-002
 3.2135852e-002
 3.2210756e-002
 3.2262824e-002
 3.2304019e-002
 3.2344904e-002
 3.2379769e-002
 3.2430157e-002
 3.2486867e-002
 3.2533776e-002
 3.2576486e-002
 3.2623686e-002
 3.2678112e-002
 3.2736544e-002
 3.2795925e-002
 3.2849602e-002
 3.2896955e-002
 3.2953877e-002
 3.3001106e-002
 3.3047415e-002
 3.3108793e-002
 3.3154458e-002
 3.3211745e-002
 3.3286717e-002
 3.3353090e-002
 3.3417251e-002
 3.3471778e-002
 3.3513885e-002
 3.3565778e-002
 3.3610452e-002
 3.3657189e-002
 3.3728357e-002
 3.3796638e-002
 3.3842970e-002
 3.3875559e-002
 3.3949509e-002
 3.4014810e-002
 3.4067549e-002
 3.4118287e-002
 3.4168996e-002
 3.4224726e-002
 3.4280017e-002
 3.4320984e-002
 3.4375321e-002
 3.4432665e-002
 3.4479387e-002
 3.4508307e-002
 3.4563359e-002
 3.4627754e-002
 3.4661699e-002
 3.4687549e-002
 3.4725208e-002
 3.4780696e-002
 3.4842607e-002
 3.4882445e-002
 3.4911964e-002
 3.4945387e-002
 3.4958921e-002
 3.4982558e-002
 3.5016984e-002
 3.5042971e-002
 3.5082065e-002
 3.5112374e-002
 3.5127442e-002
 3.5165470e-002
 3.5180509e-002
 3.5190914e-002
 3.5227198e-002
 3.5248380e-002
 3.5272032e-002
 3.5302378e-002
 3.5325870e-002
 3.5352759e-002
 3.5375345e-002
 3.5390280e-002
 3.5419051e-002
 3.5435919e-002
 3.5448831e-002
 3.5479628e-002
 3.5492353e-002
 3.5504784e-002
 3.5525896e-002
 3.5540678e-002
 3.5563026e-002
 3.5581894e-002
 3.5586651e-002
 3.5600513e-002
 3.5625849e-002
 3.5652705e-002
 3.5662487e-002
 3.5664249e-002
 3.5675354e-002
 3.5697363e-002
 3.5687827e-002
 3.5698969e-002
 3.5726223e-002
 3.5743605e-002
 3.5768744e-002
 3.5794038e-002
 3.5815101e-002
 3.5834264e-002
 3.5852257e-002
 3.5870161e-002
 3.5886660e-002
 3.5890725e-002
 3.5897668e-002
 3.5912648e-002
 3.5932142e-002
 3.5947319e-002
 3.5956498e-002
 3.5963949e-002
 3.5984933e-002
 3.5995558e-002
 3.6000773e-002
 3.6014449e-002
 3.6033005e-002
 3.6045793e-002
 3.6051840e-002
 3.6061414e-002
 3.6083274e-002
 3.6110334e-002
 3.6134306e-002
 3.6156800e-002
 3.6173917e-002
 3.6189478e-002
 3.6209837e-002
 3.6216639e-002
 3.6225557e-002
 3.6242925e-002
 3.6251739e-002
 3.6263328e-002
 3.6282174e-002
 3.6309123e-002
 3.6338918e-002
 3.6369883e-002
 3.6401745e-002
 3.6435008e-002
 3.6459632e-002
 3.6483698e-002
 3.6511619e-002
 3.6530733e-002
 3.6539361e-002
 3.6543433e-002
 3.6552351e-002
 3.6569290e-002
 3.6587734e-002
 3.6605567e-002
 3.6628321e-002
 3.6649775e-002
 3.6674324e-002
 3.6705889e-002
 3.6738243e-002
 3.6765646e-002
 3.6787983e-002
 3.6810238e-002
 3.6844466e-002
 3.6878191e-002
 3.6904119e-002
 3.6931954e-002
 3.6961220e-002
 3.6993094e-002
 3.7028119e-002
 3.7062004e-002
 3.7099805e-002
 3.7140559e-002
 3.7177254e-002
 3.7222441e-002
 3.7271976e-002
 3.7318558e-002
 3.7355449e-002
 3.7395220e-002
 3.7441567e-002
 3.7492208e-002
 3.7538398e-002
 3.7589014e-002
 3.7647035e-002
 3.7704572e-002
 3.7769113e-002
 3.7832387e-002
 3.7888110e-002
 3.7954260e-002
 3.8018037e-002
 3.8082503e-002
 3.8161118e-002
 3.8242668e-002
 3.8321890e-002
 3.8397543e-002
 3.8473565e-002
 3.8550045e-002
 3.8631607e-002
 3.8721465e-002
 3.8809448e-002
 3.8896468e-002
 3.8984586e-002
 3.9076984e-002
 3.9178438e-002
 3.9282873e-002
 3.9384067e-002
 3.9480809e-002
 3.9581694e-002
 3.9689101e-002
 3.9801616e-002
 3.9915215e-002
 4.0024526e-002
 4.0132586e-002
 4.0252678e-002
 4.0367503e-002
 4.0480211e-002
 4.0597934e-002
 4.0724479e-002
 4.0848650e-002
 4.0970009e-002
 4.1095197e-002
 4.1230835e-002
 4.1361004e-002
 4.1483119e-002
 4.1618809e-002
 4.1757915e-002
 4.1895278e-002
 4.2028211e-002
 4.2157315e-002
 4.2300384e-002
 4.2447064e-002
 4.2570315e-002
 4.2704336e-002
 4.2846907e-002
 4.2991716e-002
 4.3135203e-002
 4.3271523e-002
 4.3403875e-002
 4.3538500e-002
 4.3675818e-002
 4.3819595e-002
 4.3966066e-002
 4.4105746e-002
 4.4245370e-002
 4.4386324e-002
 4.4527352e-002
 4.4663623e-002
 4.4798825e-002
 4.4937342e-002
 4.5080960e-002
 4.5215588e-002
 4.5348249e-002
 4.5482744e-002
 4.5618474e-002
 4.5755368e-002
 4.5889791e-002
 4.6019413e-002
 4.6146065e-002
 4.6278223e-002
 4.6407837e-002
 4.6524242e-002
 4.6645205e-002
 4.6763875e-002
 4.6880044e-002
 4.7001317e-002
 4.7124308e-002
 4.7247417e-002
 4.7367819e-002
 4.7477566e-002
 4.7592279e-002
 4.7709253e-002
 4.7819231e-002
 4.7925554e-002
 4.8037637e-002
 4.8151761e-002
 4.8251662e-002
 4.8349008e-002
 4.8448138e-002
 4.8550587e-002
 4.8655767e-002
 4.8750035e-002
 4.8839219e-002
 4.8934057e-002
 4.9022693e-002
 4.9106173e-002
 4.9189974e-002
 4.9282152e-002
 4.9371678e-002
 4.9456254e-002
 4.9537133e-002
 4.9620073e-002
 4.9696971e-002
 4.9772117e-002
 4.9851939e-002
 4.9927842e-002
 4.9999304e-002
 5.0067816e-002
 5.0136287e-002
 5.0204858e-002
 5.0276183e-002
 5.0348695e-002
 5.0411712e-002
 5.0472025e-002
 5.0531656e-002
 5.0591867e-002
 5.0658535e-002
 5.0717734e-002
 5.0770529e-002
 5.0829429e-002
 5.0892483e-002
 5.0951906e-002
 5.1006261e-002
 5.1066026e-002
 5.1120643e-002
 5.1173538e-002
 5.1228896e-002
 5.1279109e-002
 5.1327132e-002
 5.1376522e-002
 5.1430251e-002
 5.1482357e-002
 5.1532034e-002
 5.1578972e-002
 5.1622860e-002
 5.1671080e-002
 5.1717412e-002
 5.1757652e-002
 5.1802188e-002
 5.1844899e-002
 5.1885683e-002
 5.1926747e-002
 5.1968802e-002
 5.2008513e-002
 5.2044287e-002
 5.2077208e-002
 5.2117169e-002
 5.2156899e-002
 5.2190945e-002
 5.2222706e-002
 5.2257586e-002
 5.2290943e-002
 5.2317943e-002
 5.2346516e-002
 5.2375589e-002
 5.2402537e-002
 5.2425381e-002
 5.2453458e-002
 5.2482229e-002
 5.2510571e-002
 5.2542951e-002
 5.2571964e-002
 5.2601192e-002
 5.2632648e-002
 5.2658331e-002
 5.2684233e-002
 5.2707434e-002
 5.2725580e-002
 5.2753687e-002
 5.2786630e-002
 5.2816689e-002
 5.2837357e-002
 5.2863050e-002
 5.2891351e-002
 5.2920032e-002
 5.2950390e-002
 5.2983716e-002
 5.3016972e-002
 5.3048670e-002
 5.3084444e-002
 5.3118475e-002
 5.3150263e-002
 5.3181186e-002
 5.3210765e-002
 5.3235095e-002
 5.3258784e-002
 5.3291153e-002
 5.3318579e-002
 5.3348631e-002
 5.3381145e-002
 5.3402320e-002
 5.3430960e-002
 5.3460810e-002
 5.3486083e-002
 5.3517673e-002
 5.3543258e-002
 5.3565931e-002
 5.3592209e-002
 5.3616803e-002
 5.3638920e-002
 5.3660333e-002
 5.3683799e-002
 5.3705446e-002
 5.3726986e-002
 5.3750917e-002
 5.3779345e-002
 5.3802509e-002
 5.3826101e-002
 5.3853977e-002
 5.3880665e-002
 5.3905655e-002
 5.3929951e-002
 5.3953968e-002
 5.3973176e-002
 5.3998817e-002
 5.4028735e-002
 5.4056127e-002
 5.4089475e-002
 5.4115467e-002
 5.4135721e-002
 5.4163512e-002
 5.4194331e-002
 5.4227989e-002
 5.4261133e-002
 5.4286860e-002
 5.4317515e-002
 5.4345705e-002
 5.4366563e-002
 5.4388285e-002
 5.4418154e-002
 5.4450538e-002
 5.4478269e-002
 5.4504290e-002
 5.4528859e-002
 5.4553770e-002
 5.4580335e-002
 5.4604892e-002
 5.4632466e-002
 5.4662455e-002
 5.4691445e-002
 5.4730348e-002
 5.4762974e-002
 5.4787003e-002
 5.4816514e-002
 5.4840203e-002
 5.4867584e-002
 5.4901883e-002
 5.4931961e-002
 5.4965742e-002
 5.5004932e-002
 5.5046041e-002
 5.5076674e-002
 5.5111937e-002
 5.5155836e-002
 5.5205733e-002
 5.5250462e-002
 5.5302627e-002
 5.5360395e-002
 5.5416439e-002
 5.5471756e-002
 5.5530652e-002
 5.5585731e-002
 5.5627424e-002
 5.5682447e-002
 5.5742916e-002
 5.5806078e-002
 5.5874884e-002
 5.5936366e-002
 5.6000616e-002
 5.6072030e-002
 5.6144591e-002
 5.6217253e-002
 5.6288585e-002
 5.6360658e-002
 5.6440309e-002
 5.6500956e-002
 5.6554995e-002
 5.6616791e-002
 5.6683362e-002
 5.6752585e-002
 5.6818262e-002
 5.6881014e-002
 5.6964569e-002
 5.7034325e-002
 5.7099443e-002
 5.7176415e-002
 5.7249665e-002
 5.7314791e-002
 5.7372343e-002
 5.7430025e-002
 5.7513036e-002
 5.7594180e-002
 5.7666309e-002
 5.7736259e-002
 5.7810005e-002
 5.7889521e-002
 5.7966102e-002
 5.8028981e-002
 5.8102321e-002
 5.8160793e-002
 5.8211643e-002
 5.8284346e-002
 5.8336433e-002
 5.8399070e-002
 5.8475472e-002
 5.8538325e-002
 5.8611300e-002
 5.8684632e-002
 5.8752913e-002
 5.8820963e-002
 5.8896508e-002
 5.8969554e-002
 5.9034318e-002
 5.9094436e-002
 5.9152074e-002
 5.9215050e-002
 5.9280731e-002
 5.9332576e-002
 5.9382327e-002
 5.9432641e-002
 5.9489965e-002
 5.9566583e-002
 5.9620284e-002
 5.9672359e-002
 5.9738073e-002
 5.9800018e-002
 5.9852976e-002
 5.9900802e-002
 5.9950348e-002
 6.0007628e-002
 6.0061652e-002
 6.0116637e-002
 6.0173620e-002
 6.0222380e-002
 6.0270425e-002
 6.0326912e-002
 6.0381077e-002
 6.0389165e-002
 6.0457364e-002
 6.0524389e-002
 6.0548492e-002
 6.0599081e-002
 6.0642269e-002
 6.0681138e-002
 6.0724899e-002
 6.0778137e-002
 6.0838025e-002
 6.0885474e-002
 6.0918495e-002
 6.0968589e-002
 6.1011504e-002
 6.1063081e-002
 6.1124735e-002
 6.1163045e-002
 6.1219312e-002
 6.1258383e-002
 6.1277077e-002
 6.1338466e-002
 6.1375178e-002
 6.1389714e-002
 6.1405569e-002
 6.1450753e-002
 6.1510984e-002
 6.1530847e-002
 6.1525345e-002
 6.1590407e-002
 6.1618123e-002
 6.1645087e-002
 6.1680451e-002
 6.1684880e-002
 6.1694440e-002
 6.1719567e-002
 6.1752874e-002
 6.1776146e-002
 6.1802443e-002
 6.1826281e-002
 6.1850157e-002
 6.1876815e-002
 6.1904080e-002
 6.1931696e-002
 6.1959419e-002
 6.1987046e-002
 6.2014487e-002
 6.2041804e-002
 6.2069140e-002
 6.2096685e-002
 6.2124580e-002
 6.2152885e-002
 6.2181585e-002
 6.2210578e-002
 6.2239766e-002
 6.2269103e-002
 6.2298570e-002
 6.2328219e-002
 6.2358089e-002
 6.2388167e-002
 6.2418379e-002
 6.2448580e-002
 6.2478613e-002
 6.2508345e-002
 6.2537730e-002
 6.2566802e-002
 6.2595658e-002
 6.2624402e-002
 6.2653087e-002
 6.2681682e-002
 6.2710136e-002
 6.2738359e-002
 6.2766328e-002
 6.2794104e-002
 6.2821835e-002
 6.2849753e-002
 6.2878065e-002
 6.2906943e-002
 6.2936448e-002
 6.2966518e-002
 6.2996969e-002
 6.3027523e-002
 6.3057840e-002
 6.3087575e-002
 6.3116401e-002
 6.3144080e-002
 6.3170433e-002
 6.3195452e-002
 6.3219257e-002
 6.3242085e-002
 6.3264288e-002
 6.3286215e-002
 6.3308164e-002
 6.3330285e-002
 6.3352533e-002
 6.3374698e-002
 6.3396461e-002
 6.3417479e-002
 6.3437551e-002
 6.3456610e-002
 6.3474812e-002
 6.3492455e-002
 6.3509926e-002
 6.3527614e-002
 6.3545831e-002
 6.3564807e-002
 6.3584685e-002
 6.3605510e-002
 6.3627280e-002
 6.3649923e-002
 6.3673310e-002
 6.3697278e-002
 6.3721545e-002
 6.3745834e-002
 6.3769825e-002
 6.3793212e-002
 6.3815795e-002
 6.3837439e-002
 6.3858144e-002
 6.3877985e-002
 6.3897118e-002
 6.3915759e-002
 6.3934118e-002
 6.3952409e-002
 6.3970812e-002
 6.3989475e-002
 6.4008512e-002
 6.4027980e-002
 6.4047880e-002
 6.4068161e-002
 6.4088747e-002
 6.4109579e-002
 6.4130627e-002
 6.4151891e-002
 6.4173453e-002
 6.4195409e-002
 6.4217843e-002
 6.4240821e-002
 6.4264342e-002
 6.4288363e-002
 6.4312801e-002
 6.4337574e-002
 6.4362608e-002
 6.4387850e-002
 6.4413257e-002
 6.4438790e-002
 6.4464390e-002
 6.4489983e-002
 6.4515486e-002
 6.4540818e-002
 6.4565882e-002
 6.4590588e-002
 6.4614832e-002
 6.4638488e-002
 6.4661436e-002
 6.4683557e-002
 6.4704746e-002
 6.4724967e-002
 6.4744227e-002
 6.4762600e-002
 6.4780161e-002
 6.4797014e-002
 6.4813226e-002
 6.4828865e-002
 6.4843960e-002
 6.4858556e-002
 6.4872719e-002
 6.4886533e-002
 6.4900093e-002
 6.4913504e-002
 6.4926855e-002
 6.4940199e-002
 6.4953588e-002
 6.4967051e-002
 6.4980619e-002
 6.4994372e-002
 6.5008387e-002
 6.5022804e-002
 6.5037742e-002
 6.5053329e-002
 6.5069668e-002
 6.5086856e-002
 6.5104969e-002
 6.5124050e-002
 6.5144159e-002
 6.5165348e-002
 6.5187663e-002
 6.5211125e-002
 6.5235704e-002
 6.5261327e-002
 6.5287881e-002
 6.5315150e-002
 6.5342903e-002
 6.5370828e-002
 6.5398596e-002
 6.5425880e-002
 6.5452352e-002
 6.5477766e-002
 6.5501951e-002
 6.5524839e-002
 6.5546490e-002
 6.5567061e-002
 6.5586761e-002
 6.5605827e-002
 6.5624483e-002
 6.5642908e-002
 6.5661229e-002
 6.5679558e-002
 6.5697990e-002
 6.5716594e-002
 6.5735452e-002
 6.5754555e-002
 6.5773860e-002
 6.5793246e-002
 6.5812543e-002
 6.5831594e-002
 6.5850280e-002
 6.5868571e-002
 6.5886505e-002
 6.5904170e-002
 6.5921657e-002
 6.5939002e-002
 6.5956190e-002
 6.5973148e-002
 6.5989777e-002
 6.6006005e-002
 6.6021778e-002
 6.6037081e-002
 6.6051945e-002
 6.6066392e-002
 6.6080421e-002
 6.6094063e-002
 6.6107318e-002
 6.6120222e-002
 6.6132843e-002
 6.6145279e-002
 6.6157676e-002
 6.6170186e-002
 6.6182993e-002
 6.6196263e-002
 6.6210128e-002
 6.6224724e-002
 6.6240139e-002
 6.6256396e-002
 6.6273496e-002
 6.6291362e-002
 6.6309884e-002
 6.6328891e-002
 6.6348240e-002
 6.6367760e-002
 6.6387340e-002
 6.6406898e-002
 6.6426396e-002
 6.6445850e-002
 6.6465259e-002
 6.6484638e-002
 6.6503957e-002
 6.6523157e-002
 6.6542134e-002
 6.6560790e-002
 6.6579014e-002
 6.6596732e-002
 6.6613905e-002
 6.6630527e-002
 6.6646621e-002
 6.6662185e-002
 6.6677228e-002
 6.6691741e-002
 6.6705696e-002
 6.6719092e-002
 6.6731960e-002
 6.6744402e-002
 6.6756599e-002
 6.6768795e-002
 6.6781268e-002
 6.6794306e-002
 6.6808112e-002
 6.6822775e-002
 6.6838242e-002
 6.6854335e-002
 6.6870742e-002
 6.6887118e-002
 6.6903129e-002
 6.6918485e-002
 6.6932999e-002
 6.6946611e-002
 6.6959329e-002
 6.6971265e-002
 6.6982567e-002
 6.6993423e-002
 6.7004010e-002
 6.7014500e-002
 6.7025021e-002
 6.7035682e-002
 6.7046583e-002
 6.7057781e-002
 6.7069322e-002
 6.7081228e-002
 6.7093484e-002
 6.7106046e-002
 6.7118816e-002
 6.7131683e-002
 6.7144513e-002
 6.7157164e-002
 6.7169517e-002
 6.7181446e-002
 6.7192845e-002
 6.7203596e-002
 6.7213617e-002
 6.7222819e-002
 6.7231193e-002
 6.7238763e-002
 6.7245640e-002
 6.7251980e-002
 6.7257963e-002
 6.7263767e-002
 6.7269504e-002
 6.7275256e-002
 6.7281015e-002
 6.7286730e-002
 6.7292318e-002
 6.7297682e-002
 6.7302749e-002
 6.7307487e-002
 6.7311950e-002
 6.7316242e-002
 6.7320518e-002
 6.7324974e-002
 6.7329757e-002
 6.7334995e-002
 6.7340679e-002
 6.7346722e-002
 6.7352951e-002
 6.7359135e-002
 6.7365065e-002
 6.7370608e-002
 6.7375742e-002
 6.7380548e-002
 6.7385204e-002
 6.7389920e-002
 6.7394875e-002
 6.7400150e-002
 6.7405723e-002
 6.7411445e-002
 6.7417078e-002
 6.7422368e-002
 6.7427076e-002
 6.7431055e-002
 6.7434244e-002
 6.7436695e-002
 6.7438550e-002
 6.7440003e-002
 6.7441255e-002
 6.7442514e-002
 6.7443930e-002
 6.7445591e-002
 6.7447536e-002
 6.7449711e-002
 6.7452043e-002
 6.7454442e-002
 6.7456849e-002
 6.7459248e-002
 6.7461684e-002
 6.7464262e-002
 6.7467071e-002
 6.7470215e-002
 6.7473717e-002
 6.7477547e-002
 6.7481600e-002
 6.7485735e-002
 6.7489773e-002
 6.7493558e-002
 6.7496993e-002
 6.7500018e-002
 6.7502663e-002
 6.7504987e-002
 6.7507111e-002
 6.7509152e-002
 6.7511216e-002
 6.7513384e-002
 6.7515738e-002
 6.7518339e-002
 6.7521304e-002
 6.7524783e-002
 6.7529015e-002
 6.7534298e-002
 6.7540973e-002
 6.7549326e-002
 6.7559585e-002
 6.7571804e-002
 6.7585863e-002
 6.7601472e-002
 6.7618206e-002
 6.7635588e-002
 6.7653157e-002
 6.7670524e-002
 6.7687385e-002
 6.7703508e-002
 6.7718692e-002
 6.7732774e-002
 6.7745566e-002
 6.7756884e-002
 6.7766562e-002
 6.7774527e-002
 6.7780755e-002
 6.7785367e-002
 6.7788564e-002
 6.7790635e-002
 6.7791931e-002
 6.7792810e-002
 6.7793638e-002
 6.7794748e-002
 6.7796424e-002
 6.7798875e-002
 6.7802198e-002
 6.7806341e-002
 6.7811139e-002
 6.7816272e-002
 6.7821339e-002
 6.7825891e-002
 6.7829527e-002
 6.7831911e-002
 6.7832857e-002
 6.7832343e-002
 6.7830503e-002
 6.7827597e-002
 6.7823991e-002
 6.7820102e-002
 6.7816332e-002
 6.7813039e-002
 6.7810476e-002
 6.7808740e-002
 6.7807831e-002
 6.7807585e-002
 6.7807794e-002
 6.7808203e-002
 6.7808598e-002
 6.7808814e-002
 6.7808770e-002
 6.7808457e-002
 6.7807905e-002
 6.7807160e-002
 6.7806251e-002
 6.7805186e-002
 6.7803949e-002
 6.7802519e-002
 6.7800872e-002
 6.7799017e-002
 6.7796990e-002
 6.7794889e-002
 6.7792848e-002
 6.7791067e-002
 6.7789756e-002
 6.7789160e-002
 6.7789510e-002
 6.7790993e-002
 6.7793772e-002
 6.7797929e-002
 6.7803487e-002
 6.7810379e-002
 6.7818478e-002
 6.7827553e-002
 6.7837283e-002
 6.7847304e-002
 6.7857191e-002
 6.7866541e-002
 6.7874983e-002
 6.7882247e-002
 6.7888193e-002
 6.7892775e-002
 6.7896061e-002
 6.7898169e-002
 6.7899257e-002
 6.7899451e-002
 6.7898855e-002
 6.7897536e-002
 6.7895576e-002
 6.7893028e-002
 6.7890018e-002
 6.7886695e-002
 6.7883275e-002
 6.7879975e-002
 6.7877039e-002
 6.7874655e-002
 6.7872949e-002
 6.7871951e-002
 6.7871600e-002
 6.7871772e-002
 6.7872278e-002
 6.7872904e-002
 6.7873441e-002
 6.7873724e-002
 6.7873619e-002
 6.7873076e-002
 6.7872070e-002
 6.7870647e-002
 6.7868866e-002
 6.7866802e-002
 6.7864552e-002
 6.7862198e-002
 6.7859821e-002
 6.7857496e-002
 6.7855321e-002
 6.7853346e-002
 6.7851633e-002
 6.7850195e-002
 6.7849018e-002
 6.7848049e-002
 6.7847237e-002
 6.7846507e-002
 6.7845792e-002
 6.7845017e-002
 6.7844175e-002
 6.7843236e-002
 6.7842253e-002
 6.7841254e-002
 6.7840323e-002
 6.7839526e-002
 6.7838900e-002
 6.7838460e-002
 6.7838177e-002
 6.7837998e-002
 6.7837872e-002
 6.7837752e-002
 6.7837641e-002
 6.7837574e-002
 6.7837618e-002
 6.7837849e-002
 6.7838281e-002
 6.7838900e-002
 6.7839585e-002
 6.7840174e-002
 6.7840464e-002
 6.7840271e-002
 6.7839436e-002
 6.7837887e-002
 6.7835629e-002
 6.7832761e-002
 6.7829438e-002
 6.7825839e-002
 6.7822181e-002
 6.7818627e-002
 6.7815326e-002
 6.7812361e-002
 6.7809783e-002
 6.7807615e-002
 6.7805894e-002
 6.7804694e-002
 6.7804120e-002
 6.7804307e-002
 6.7805417e-002
 6.7807555e-002
 6.7810744e-002
 6.7814887e-002
 6.7819759e-002
 6.7825012e-002
 6.7830242e-002
 6.7835033e-002
 6.7839071e-002
 6.7842163e-002
 6.7844287e-002
 6.7845531e-002
 6.7846090e-002
 6.7846172e-002
 6.7845948e-002
 6.7845531e-002
 6.7844979e-002
 6.7844272e-002
 6.7843370e-002
 6.7842238e-002
 6.7840852e-002
 6.7839220e-002
 6.7837395e-002
 6.7835458e-002
 6.7833513e-002
 6.7831695e-002
 6.7830145e-002
 6.7828976e-002
 6.7828290e-002
 6.7828111e-002
 6.7828417e-002
 6.7829102e-002
 6.7830004e-002
 6.7830913e-002
 6.7831613e-002
 6.7831933e-002
 6.7831755e-002
 6.7831047e-002
 6.7829855e-002
 6.7828290e-002
 6.7826517e-002
 6.7824684e-002
 6.7822918e-002
 6.7821309e-002
 6.7819864e-002
 6.7818575e-002
 6.7817397e-002
 6.7816295e-002
 6.7815259e-002
 6.7814335e-002
 6.7813583e-002
 6.7813076e-002
 6.7812905e-002
 6.7813091e-002
 6.7813627e-002
 6.7814462e-002
 6.7815475e-002
 6.7816556e-002
 6.7817561e-002
 6.7818381e-002
 6.7818902e-002
 6.7819059e-002
 6.7818768e-002
 6.7818008e-002
 6.7816749e-002
 6.7815013e-002
 6.7812860e-002
 6.7810394e-002
 6.7807727e-002
 6.7805000e-002
 6.7802355e-002
 6.7799881e-002
 6.7797638e-002
 6.7795612e-002
 6.7793779e-002
 6.7792073e-002
 6.7790419e-002
 6.7788750e-002
 6.7787036e-002
 6.7785248e-002
 6.7783378e-002
 6.7781426e-002
 6.7779385e-002
 6.7777231e-002
 6.7774951e-002
 6.7772478e-002
 6.7769781e-002
 6.7766815e-002
 6.7763567e-002
 6.7760065e-002
 6.7756400e-002
 6.7752697e-002
 6.7749143e-002
 6.7745924e-002
 6.7743205e-002
 6.7741074e-002
 6.7739524e-002
 6.7738436e-002
 6.7737594e-002
 6.7736708e-002
 6.7735448e-002
 6.7733511e-002
 6.7730643e-002
 6.7726701e-002
 6.7721657e-002
 6.7715600e-002
 6.7708731e-002
 6.7701288e-002
 6.7693487e-002
 6.7685492e-002
 6.7677349e-002
 6.7669019e-002
 6.7660391e-002
 6.7651384e-002
 6.7641944e-002
 6.7632124e-002
 6.7622066e-002
 6.7611955e-002
 6.7601979e-002
 6.7592308e-002
 6.7583077e-002
 6.7574330e-002
 6.7566119e-002
 6.7558438e-002
 6.7551278e-002
 6.7544587e-002
 6.7538299e-002
 6.7532308e-002
 6.7526519e-002
 6.7520849e-002
 6.7515261e-002
 6.7509793e-002
 6.7504510e-002
 6.7499526e-002
 6.7494929e-002
 6.7490779e-002
 6.7487046e-002
 6.7483664e-002
 6.7480467e-002
 6.7477264e-002
 6.7473829e-002
 6.7469917e-002
 6.7465298e-002
 6.7459747e-002
 6.7453071e-002
 6.7445166e-002
 6.7435995e-002
 6.7425661e-002
 6.7414366e-002
 6.7402370e-002
 6.7390002e-002
 6.7377523e-002
 6.7365147e-002
 6.7352973e-002
 6.7341007e-002
 6.7329176e-002
 6.7317382e-002
 6.7305543e-002
 6.7293644e-002
 6.7281738e-002
 6.7269988e-002
 6.7258596e-002
 6.7247771e-002
 6.7237683e-002
 6.7228429e-002
 6.7220002e-002
 6.7212299e-002
 6.7205131e-002
 6.7198299e-002
 6.7191638e-002
 6.7185052e-002
 6.7178555e-002
 6.7172289e-002
 6.7166477e-002
 6.7161411e-002
 6.7157358e-002
 6.7154534e-002
 6.7153059e-002
 6.7152962e-002
 6.7154191e-002
 6.7156643e-002
 6.7160234e-002
 6.7164890e-002
 6.7170620e-002
 6.7177474e-002
 6.7185536e-002
 6.7194879e-002
 6.7205541e-002
 6.7217462e-002
 6.7230456e-002
 6.7244194e-002
 6.7258246e-002
 6.7272097e-002
 6.7285232e-002
 6.7297176e-002
 6.7307569e-002
 6.7316189e-002
 6.7322962e-002
 6.7327939e-002
 6.7331307e-002
 6.7333303e-002
 6.7334242e-002
 6.7334443e-002
 6.7334212e-002
 6.7333847e-002
 6.7333549e-002
 6.7333482e-002
 6.7333683e-002
 6.7334093e-002
 6.7334592e-002
 6.7334995e-002
 6.7335121e-002
 6.7334853e-002
 6.7334160e-002
 6.7333095e-002
 6.7331813e-002
 6.7330487e-002
 6.7329280e-002
 6.7328289e-002
 6.7327492e-002
 6.7326814e-002
 6.7326114e-002
 6.7325264e-002
 6.7324191e-002
 6.7322902e-002
 6.7321457e-002
 6.7319930e-002
 6.7318372e-002
 6.7316778e-002
 6.7315049e-002
 6.7313030e-002
 6.7310557e-002
 6.7307465e-002
 6.7303658e-002
 6.7299128e-002
 6.7293912e-002
 6.7288071e-002
 6.7281708e-002
 6.7274898e-002
 6.7267708e-002
 6.7260198e-002
 6.7252412e-002
 6.7244388e-002
 6.7236163e-002
 6.7227773e-002
 6.7219280e-002
 6.7210771e-002
 6.7202419e-002
 6.7194477e-002
 6.7187242e-002
 6.7181036e-002
 6.7176118e-002
 6.7172661e-002
 6.7170717e-002
 6.7170233e-002
 6.7171082e-002
 6.7173131e-002
 6.7176282e-002
 6.7180470e-002
 6.7185633e-002
 6.7191713e-002
 6.7198582e-002
 6.7206047e-002
 6.7213833e-002
 6.7221612e-002
 6.7229033e-002
 6.7235738e-002
 6.7241430e-002
 6.7245901e-002
 6.7249037e-002
 6.7250878e-002
 6.7251578e-002
 6.7251392e-002
 6.7250609e-002
 6.7249514e-002
 6.7248322e-002
 6.7247145e-002
 6.7246005e-002
 6.7244887e-002
 6.7243785e-002
 6.7242689e-002
 6.7241654e-002
 6.7240715e-002
 6.7239866e-002
 6.7239039e-002
 6.7238048e-002
 6.7236654e-002
 6.7234576e-002
 6.7231558e-002
 6.7227446e-002
 6.7222729e-002
 6.7216262e-002
 6.7208871e-002
 6.7200892e-002
 6.7192823e-002
 6.7185268e-002
 6.7178890e-002
 6.7174323e-002
 6.7172103e-002
 6.7172520e-002
 6.7175597e-002
 6.7181043e-002
 6.7188323e-002
 6.7196742e-002
 6.7205541e-002
 6.7213990e-002
 6.7221411e-002
 6.7227229e-002
 6.7230940e-002
 6.7232169e-002
 6.7230709e-002
 6.7226574e-002
 6.7220114e-002
 6.7212015e-002
 6.7203261e-002
 6.7194998e-002
 6.7188293e-002
 6.7183957e-002
 6.7182317e-002
 6.7183152e-002
 6.7185774e-002
 6.7189164e-002
 6.7192234e-002
 6.7194052e-002
 6.7194037e-002
 6.7191996e-002
 6.7188159e-002
 6.7183025e-002
 6.7177266e-002
 6.7171544e-002
 6.7166433e-002
 6.7162327e-002
 6.7159429e-002
 6.7157753e-002
 6.7157187e-002
 6.7157544e-002
 6.7158610e-002
 6.7160159e-002
 6.7162007e-002
 6.7163929e-002
 6.7165710e-002
 6.7167066e-002
 6.7167722e-002
 6.7167424e-002
 6.7166045e-002
 6.7163661e-002
 6.7160569e-002
 6.7157298e-002
 6.7154542e-002
 6.7153051e-002
 6.7153521e-002
 6.7156471e-002
 6.7162178e-002
 6.7170627e-002
 6.7181446e-002
 6.7193888e-002
 6.7206912e-002
 6.7219228e-002
 6.7229465e-002
 6.7236327e-002
 6.7238808e-002
 6.7236304e-002
 6.7228734e-002
 6.7216501e-002
 6.7200452e-002
 6.7181729e-002
 6.7161605e-002
 6.7141354e-002
 6.7122132e-002
 6.7104869e-002
 6.7090258e-002
 6.7078695e-002
 6.7070335e-002
 6.7065045e-002
 6.7062467e-002
 6.7062028e-002
 6.7062981e-002
 6.7064509e-002
 6.7065828e-002
 6.7066312e-002
 6.7065604e-002
 6.7063637e-002
 6.7060642e-002
 6.7056991e-002
 6.7053087e-002
 6.7049198e-002
 6.7045376e-002
 6.7041501e-002
 6.7037344e-002
 6.7032717e-002
 6.7027591e-002
 6.7022122e-002
 6.7016594e-002
 6.7011312e-002
 6.7006446e-002
 6.7001946e-002
 6.6997513e-002
 6.6992663e-002
 6.6986851e-002
 6.6979684e-002
 6.6970997e-002
 6.6960968e-002
 6.6950023e-002
 6.6938765e-002
 6.6927768e-002
 6.6917427e-002
 6.6907853e-002
 6.6898875e-002
 6.6890143e-002
 6.6881254e-002
 6.6871934e-002
 6.6862136e-002
 6.6852041e-002
 6.6841990e-002
 6.6832386e-002
 6.6823520e-002
 6.6815525e-002
 6.6808291e-002
 6.6801518e-002
 6.6794798e-002
 6.6787623e-002
 6.6779524e-002
 6.6770114e-002
 6.6759117e-002
 6.6746444e-002
 6.6732228e-002
 6.6716850e-002
 6.6700868e-002
 6.6685013e-002
 6.6670015e-002
 6.6656582e-002
 6.6645272e-002
 6.6636510e-002
 6.6630505e-002
 6.6627316e-002
 6.6626802e-002
 6.6628627e-002
 6.6632226e-002
 6.6636868e-002
 6.6641681e-002
 6.6645794e-002
 6.6648483e-002
 6.6649251e-002
 6.6647932e-002
 6.6644654e-002
 6.6639759e-002
 6.6633724e-002
 6.6627026e-002
 6.6620111e-002
 6.6613346e-002
 6.6607073e-002
 6.6601552e-002
 6.6596985e-002
 6.6593446e-002
 6.6590831e-002
 6.6588871e-002
 6.6587143e-002
 6.6585213e-002
 6.6582717e-002
 6.6579461e-002
 6.6575445e-002
 6.6570841e-002
 6.6565827e-002
 6.6560544e-002
 6.6554949e-002
 6.6548891e-002
 6.6542134e-002
 6.6534549e-002
 6.6526249e-002
 6.6517696e-002
 6.6509664e-002
 6.6503160e-002
 6.6499181e-002
 6.6498511e-002
 6.6501498e-002
 6.6508032e-002
 6.6517562e-002
 6.6529296e-002
 6.6542409e-002
 6.6556260e-002
 6.6570453e-002
 6.6584893e-002
 6.6599615e-002
 6.6614673e-002
 6.6630006e-002
 6.6645309e-002
 6.6660084e-002
 6.6673674e-002
 6.6685416e-002
 6.6694796e-002
 6.6701524e-002
 6.6705674e-002
 6.6707678e-002
 6.6708297e-002
 6.6708498e-002
 6.6709340e-002
 6.6711754e-002
 6.6716395e-002
 6.6723526e-002
 6.6732973e-002
 6.6744208e-002
 6.6756450e-002
 6.6768885e-002
 6.6780813e-002
 6.6791803e-002
 6.6801712e-002
 6.6810712e-002
 6.6819191e-002
 6.6827662e-002
 6.6836670e-002
 6.6846706e-002
 6.6858158e-002
 6.6871241e-002
 6.6886045e-002
 6.6902444e-002
 6.6920154e-002
 6.6938728e-002
 6.6957660e-002
 6.6976376e-002
 6.6994406e-002
 6.7011386e-002
 6.7027099e-002
 6.7041494e-002
 6.7054614e-002
 6.7066565e-002
 6.7077480e-002
 6.7087494e-002
 6.7096762e-002
 6.7105465e-002
 6.7113824e-002
 6.7122094e-002
 6.7130528e-002
 6.7139365e-002
 6.7148812e-002
 6.7159049e-002
 6.7170240e-002
 6.7182504e-002
 6.7195930e-002
 6.7210518e-002
 6.7226127e-002
 6.7242436e-002
 6.7258969e-002
 6.7275196e-002
 6.7290597e-002
 6.7304842e-002
 6.7317829e-002
 6.7329712e-002
 6.7340828e-002
 6.7351535e-002
 6.7362100e-002
 6.7372642e-002
 6.7383051e-002
 6.7393117e-002
 6.7402653e-002
 6.7411624e-002
 6.7420237e-002
 6.7429036e-002
 6.7438766e-002
 6.7450292e-002
 6.7464389e-002
 6.7481577e-002
 6.7501992e-002
 6.7525297e-002
 6.7550726e-002
 6.7577153e-002
 6.7603238e-002
 6.7627639e-002
 6.7649230e-002
 6.7667283e-002
 6.7681648e-002
 6.7692786e-002
 6.7701697e-002
 6.7709744e-002
 6.7718387e-002
 6.7728862e-002
 6.7742012e-002
 6.7758106e-002
 6.7776874e-002
 6.7797624e-002
 6.7819469e-002
 6.7841515e-002
 6.7863069e-002
 6.7883722e-002
 6.7903399e-002
 6.7922294e-002
 6.7940779e-002
 6.7959294e-002
 6.7978226e-002
 6.7997783e-002
 6.8017945e-002
 6.8038419e-002
 6.8058655e-002
 6.8077959e-002
 6.8095617e-002
 6.8111017e-002
 6.8123832e-002
 6.8134040e-002
 6.8141930e-002
 6.8148106e-002
 6.8153344e-002
 6.8158522e-002
 6.8164490e-002
 6.8171971e-002
 6.8181455e-002
 6.8193115e-002
 6.8206817e-002
 6.8222061e-002
 6.8238042e-002
 6.8253770e-002
 6.8268120e-002
 6.8280011e-002
 6.8288505e-002
 6.8292931e-002
 6.8292990e-002
 6.8288833e-002
 6.8281040e-002
 6.8270616e-002
 6.8258896e-002
 6.8247363e-002
 6.8237506e-002
 6.8230636e-002
 6.8227708e-002
 6.8229228e-002
 6.8235159e-002
 6.8244971e-002
 6.8257689e-002
 6.8272054e-002
 6.8286702e-002
 6.8300366e-002
 6.8312086e-002
 6.8321325e-002
 6.8328075e-002
 6.8332799e-002
 6.8336368e-002
 6.8339922e-002
 6.8344690e-002
 6.8351850e-002
 6.8362370e-002
 6.8376847e-002
 6.8395413e-002
 6.8417571e-002
 6.8442218e-002
 6.8467699e-002
 6.8491966e-002
 6.8513006e-002
 6.8529129e-002
 6.8539396e-002
 6.8543807e-002
 6.8543360e-002
 6.8539821e-002
 6.8535328e-002
 6.8531975e-002
 6.8531275e-002
 6.8533935e-002
 6.8539709e-002
 6.8547584e-002
 6.8556108e-002
 6.8563789e-002
 6.8569541e-002
 6.8572909e-002
 6.8574138e-002
 6.8574056e-002
 6.8573788e-002
 6.8574399e-002
 6.8576634e-002
 6.8580791e-002
 6.8586670e-002
 6.8593808e-002
 6.8601646e-002
 6.8609796e-002
 6.8618178e-002
 6.8627022e-002
 6.8636805e-002
 6.8648033e-002
 6.8661064e-002
 6.8675987e-002
 6.8692572e-002
 6.8710364e-002
 6.8728872e-002
 6.8747751e-002
 6.8766959e-002
 6.8786822e-002
 6.8807907e-002
 6.8830855e-002
 6.8856142e-002
 6.8883844e-002
 6.8913423e-002
 6.8943828e-002
 6.8973489e-002
 6.9000617e-002
 6.9023453e-002
 6.9040582e-002
 6.9051243e-002
 6.9055468e-002
 6.9054171e-002
 6.9048993e-002
 6.9042087e-002
 6.9035701e-002
 6.9031797e-002
 6.9031760e-002
 6.9036156e-002
 6.9044821e-002
 6.9056973e-002
 6.9071501e-002
 6.9087252e-002
 6.9103286e-002
 6.9119021e-002
 6.9134399e-002
 6.9149874e-002
 6.9166332e-002
 6.9184884e-002
 6.9206566e-002
 6.9232002e-002
 6.9261052e-002
 6.9292679e-002
 6.9325037e-002
 6.9355786e-002
 6.9382653e-002
 6.9403954e-002
 6.9419041e-002
 6.9428429e-002
 6.9433644e-002
 6.9436707e-002
 6.9439568e-002
 6.9443583e-002
 6.9449253e-002
 6.9456220e-002
 6.9463633e-002
 6.9470607e-002
 6.9476657e-002
 6.9481984e-002
 6.9487520e-002
 6.9494665e-002
 6.9504954e-002
 6.9519639e-002
 6.9539391e-002
 6.9564126e-002
 6.9593072e-002
 6.9624931e-002
 6.9658071e-002
 6.9690883e-002
 6.9721907e-002
 6.9749959e-002
 6.9774270e-002
 6.9794439e-002
 6.9810458e-002
 6.9822714e-002
 6.9831915e-002
 6.9839016e-002
 6.9845028e-002
 6.9850907e-002
 6.9857396e-002
 6.9864988e-002
 6.9873914e-002
 6.9884300e-002
 6.9896169e-002
 6.9909573e-002
 6.9924533e-002
 6.9940992e-002
 6.9958732e-002
 6.9977336e-002
 6.9996201e-002
 7.0014566e-002
 7.0031665e-002
 7.0046790e-002
 7.0059456e-002
 7.0069559e-002
 7.0077479e-002
 7.0084065e-002
 7.0090570e-002
 7.0098370e-002
 7.0108652e-002
 7.0122130e-002
 7.0138872e-002
 7.0158340e-002
 7.0179552e-002
 7.0201412e-002
 7.0222981e-002
 7.0243590e-002
 7.0262961e-002
 7.0281141e-002
 7.0298456e-002
 7.0315540e-002
 7.0333347e-002
 7.0353135e-002
 7.0376426e-002
 7.0404753e-002
 7.0439421e-002
 7.0481084e-002
 7.0529617e-002
 7.0584007e-002
 7.0642397e-002
 7.0702448e-002
 7.0761599e-002
 7.0817396e-002
 7.0867673e-002
 7.0910819e-002
 7.0945859e-002
 7.0972547e-002
 7.0991449e-002
 7.1003944e-002
 7.1012050e-002
 7.1018226e-002
 7.1024999e-002
 7.1034625e-002
 7.1048796e-002
 7.1068458e-002
 7.1093746e-002
 7.1124047e-002
 7.1158156e-002
 7.1194470e-002
 7.1231216e-002
 7.1266733e-002
 7.1299650e-002
 7.1329065e-002
 7.1354531e-002
 7.1376033e-002
 7.1393855e-002
 7.1408406e-002
 7.1420088e-002
 7.1429215e-002
 7.1436003e-002
 7.1440674e-002
 7.1443573e-002
 7.1445331e-002
 7.1446978e-002
 7.1449928e-002
 7.1455777e-002
 7.1465977e-002
 7.1481399e-002
 7.1502060e-002
 7.1526989e-002
 7.1554579e-002
 7.1583077e-002
 7.1611188e-002
 7.1638547e-002
 7.1665749e-002
 7.1694061e-002
 7.1724765e-002
 7.1758606e-002
 7.1795426e-002
 7.1834102e-002
 7.1873009e-002
 7.1910501e-002
 7.1945369e-002
 7.1977191e-002
 7.2006278e-002
 7.2033383e-002
 7.2059385e-002
 7.2084881e-002
 7.2109982e-002
 7.2134182e-002
 7.2156549e-002
 7.2175875e-002
 7.2190993e-002
 7.2201021e-002
 7.2205581e-002
 7.2204888e-002
 7.2199829e-002
 7.2191805e-002
 7.2182573e-002
 7.2173983e-002
 7.2167709e-002
 7.2165065e-002
 7.2166920e-002
 7.2173662e-002
 7.2185211e-002
 7.2200984e-002
 7.2219804e-002
 7.2239876e-002
 7.2258823e-002
 7.2274007e-002
 7.2283104e-002
 7.2284713e-002
 7.2278962e-002
 7.2267734e-002
 7.2254442e-002
 7.2243445e-002
 7.2239079e-002
 7.2244808e-002
 7.2262563e-002
 7.2292432e-002
 7.2332881e-002
 7.2381176e-002
 7.2434030e-002
 7.2488301e-002
 7.2541505e-002
 7.2592102e-002
 7.2639644e-002
 7.2684608e-002
 7.2728045e-002
 7.2771318e-002
 7.2815754e-002
 7.2862387e-002
 7.2911836e-002
 7.2964191e-002
 7.3018864e-002
 7.3074542e-002
 7.3129237e-002
 7.3180445e-002
 7.3225409e-002
 7.3261648e-002
 7.3287323e-002
 7.3301606e-002
 7.3304981e-002
 7.3299319e-002
 7.3287830e-002
 7.3274694e-002
 7.3264435e-002
 7.3261030e-002
 7.3266976e-002
 7.3282614e-002
 7.3305972e-002
 7.3333278e-002
 7.3360011e-002
 7.3382095e-002
 7.3396824e-002
 7.3403336e-002
 7.3402390e-002
 7.3395826e-002
 7.3385917e-002
 7.3375039e-002
 7.3365644e-002
 7.3360443e-002
 7.3362581e-002
 7.3375493e-002
 7.3402420e-002
 7.3445663e-002
 7.3505796e-002
 7.3581234e-002
 7.3668167e-002
 7.3761128e-002
 7.3853761e-002
 7.3939621e-002
 7.4013032e-002
 7.4069552e-002
 7.4106291e-002
 7.4122183e-002
 7.4118070e-002
 7.4096814e-002
 7.4063152e-002
 7.4023254e-002
 7.3984034e-002
 7.3952243e-002
 7.3933549e-002
 7.3931865e-002
 7.3949017e-002
 7.3984712e-002
 7.4036859e-002
 7.4101865e-002
 7.4175067e-002
 7.4251011e-002
 7.4323729e-002
 7.4387133e-002
 7.4435689e-002
 7.4465171e-002
 7.4473470e-002
 7.4461333e-002
 7.4432418e-002
 7.4392818e-002
 7.4349940e-002
 7.4311033e-002
 7.4281864e-002
 7.4265912e-002
 7.4264266e-002
 7.4276350e-002
 7.4301049e-002
 7.4337892e-002
 7.4387684e-002
 7.4452370e-002
 7.4534230e-002
 7.4634418e-002
 7.4751601e-002
 7.4881397e-002
 7.5016677e-002
 7.5148933e-002
 7.5270079e-002
 7.5374395e-002
 7.5459428e-002
 7.5525768e-002
 7.5576164e-002
 7.5614005e-002
 7.5642161e-002
 7.5662553e-002
 7.5676255e-002
 7.5683989e-002
 7.5686589e-002
 7.5685233e-002
 7.5681373e-002
-1.2300000e+034
