s07_ASD Record=12754: Calcite.5+Dolomite.5 AMX8    ASDNGb AREF
-1.2300000e+034
 7.3720288e-001
 7.3459023e-001
 7.3326814e-001
 7.3384929e-001
 7.3366094e-001
 7.3379445e-001
 7.3428428e-001
 7.3489910e-001
 7.3516488e-001
 7.3598325e-001
 7.3688656e-001
 7.3699701e-001
 7.3719132e-001
 7.3746693e-001
 7.3775810e-001
 7.3802876e-001
 7.3856586e-001
 7.3907727e-001
 7.3941511e-001
 7.4021411e-001
 7.4088871e-001
 7.4129796e-001
 7.4157977e-001
 7.4202800e-001
 7.4256992e-001
 7.4316078e-001
 7.4384624e-001
 7.4456316e-001
 7.4522775e-001
 7.4579227e-001
 7.4634343e-001
 7.4654466e-001
 7.4669087e-001
 7.4733281e-001
 7.4823290e-001
 7.4902612e-001
 7.4963182e-001
 7.5035894e-001
 7.5077659e-001
 7.5119871e-001
 7.5188911e-001
 7.5234210e-001
 7.5290698e-001
 7.5360143e-001
 7.5424999e-001
 7.5481898e-001
 7.5542164e-001
 7.5602949e-001
 7.5637823e-001
 7.5690973e-001
 7.5759763e-001
 7.5826925e-001
 7.5871706e-001
 7.5930041e-001
 7.5994951e-001
 7.6036298e-001
 7.6098520e-001
 7.6150632e-001
 7.6186603e-001
 7.6258451e-001
 7.6308727e-001
 7.6354569e-001
 7.6421702e-001
 7.6477808e-001
 7.6523149e-001
 7.6569021e-001
 7.6631355e-001
 7.6689690e-001
 7.6742852e-001
 7.6794398e-001
 7.6849723e-001
 7.6903147e-001
 7.6955271e-001
 7.7008528e-001
 7.7061534e-001
 7.7110881e-001
 7.7157366e-001
 7.7205682e-001
 7.7260089e-001
 7.7311361e-001
 7.7356172e-001
 7.7413762e-001
 7.7465647e-001
 7.7511388e-001
 7.7558571e-001
 7.7604598e-001
 7.7651602e-001
 7.7699673e-001
 7.7745646e-001
 7.7791053e-001
 7.7833378e-001
 7.7871770e-001
 7.7915287e-001
 7.7957356e-001
 7.7996761e-001
 7.8036094e-001
 7.8075922e-001
 7.8115243e-001
 7.8152782e-001
 7.8187305e-001
 7.8224260e-001
 7.8261358e-001
 7.8294820e-001
 7.8328389e-001
 7.8361297e-001
 7.8392726e-001
 7.8422189e-001
 7.8451091e-001
 7.8482175e-001
 7.8514946e-001
 7.8539872e-001
 7.8563786e-001
 7.8587419e-001
 7.8609765e-001
 7.8634459e-001
 7.8660667e-001
 7.8686160e-001
 7.8708172e-001
 7.8727800e-001
 7.8749090e-001
 7.8773445e-001
 7.8791755e-001
 7.8810310e-001
 7.8831041e-001
 7.8852528e-001
 7.8871423e-001
 7.8886735e-001
 7.8901094e-001
 7.8923595e-001
 7.8941363e-001
 7.8957134e-001
 7.8976297e-001
 7.8990620e-001
 7.9007530e-001
 7.9026699e-001
 7.9039943e-001
 7.9054874e-001
 7.9071110e-001
 7.9087877e-001
 7.9106361e-001
 7.9123211e-001
 7.9137886e-001
 7.9151547e-001
 7.9166538e-001
 7.9181767e-001
 7.9197013e-001
 7.9213572e-001
 7.9226017e-001
 7.9237252e-001
 7.9251248e-001
 7.9268342e-001
 7.9283178e-001
 7.9296100e-001
 7.9310733e-001
 7.9324216e-001
 7.9337436e-001
 7.9351348e-001
 7.9365689e-001
 7.9379237e-001
 7.9392242e-001
 7.9405576e-001
 7.9418439e-001
 7.9431325e-001
 7.9444116e-001
 7.9455471e-001
 7.9467589e-001
 7.9480702e-001
 7.9494137e-001
 7.9506022e-001
 7.9519492e-001
 7.9533327e-001
 7.9544479e-001
 7.9556549e-001
 7.9568267e-001
 7.9579169e-001
 7.9590797e-001
 7.9601914e-001
 7.9613447e-001
 7.9626191e-001
 7.9636830e-001
 7.9649073e-001
 7.9663420e-001
 7.9677325e-001
 7.9688662e-001
 7.9699427e-001
 7.9711366e-001
 7.9723722e-001
 7.9735172e-001
 7.9745555e-001
 7.9755574e-001
 7.9767495e-001
 7.9779929e-001
 7.9791522e-001
 7.9801404e-001
 7.9811668e-001
 7.9822731e-001
 7.9834157e-001
 7.9843897e-001
 7.9854286e-001
 7.9865569e-001
 7.9876435e-001
 7.9885817e-001
 7.9893804e-001
 7.9901224e-001
 7.9910016e-001
 7.9921514e-001
 7.9933614e-001
 7.9943281e-001
 7.9951775e-001
 7.9960972e-001
 7.9971093e-001
 7.9980373e-001
 7.9988933e-001
 7.9997301e-001
 8.0005765e-001
 8.0013394e-001
 8.0021030e-001
 8.0028814e-001
 8.0036277e-001
 8.0041802e-001
 8.0045646e-001
 8.0049163e-001
 8.0054820e-001
 8.0060005e-001
 8.0065137e-001
 8.0070901e-001
 8.0074269e-001
 8.0077428e-001
 8.0081886e-001
 8.0088264e-001
 8.0095160e-001
 8.0102539e-001
 8.0110234e-001
 8.0117089e-001
 8.0124635e-001
 8.0133837e-001
 8.0144864e-001
 8.0156058e-001
 8.0164438e-001
 8.0168617e-001
 8.0169368e-001
 8.0172741e-001
 8.0177641e-001
 8.0181450e-001
 8.0183685e-001
 8.0188096e-001
 8.0195212e-001
 8.0202949e-001
 8.0210114e-001
 8.0215752e-001
 8.0220288e-001
 8.0226749e-001
 8.0232441e-001
 8.0236435e-001
 8.0239058e-001
 8.0242741e-001
 8.0249310e-001
 8.0257642e-001
 8.0263740e-001
 8.0267596e-001
 8.0270755e-001
 8.0274755e-001
 8.0280364e-001
 8.0285746e-001
 8.0289441e-001
 8.0290937e-001
 8.0293512e-001
 8.0298740e-001
 8.0305696e-001
 8.0310321e-001
 8.0314189e-001
 8.0318177e-001
 8.0322653e-001
 8.0326355e-001
 8.0329674e-001
 8.0333424e-001
 8.0338234e-001
 8.0340838e-001
 8.0343705e-001
 8.0348092e-001
 8.0351657e-001
 8.0353367e-001
 8.0355495e-001
 8.0360848e-001
 8.0366242e-001
 8.0371296e-001
 8.0375558e-001
 8.0379438e-001
 8.0385315e-001
 8.0391735e-001
 8.0396253e-001
 8.0397218e-001
 8.0398023e-001
 8.0399710e-001
 8.0402631e-001
 8.0408132e-001
 8.0414778e-001
 8.0420786e-001
 8.0425221e-001
 8.0428308e-001
 8.0431980e-001
 8.0437660e-001
 8.0442256e-001
 8.0445391e-001
 8.0448228e-001
 8.0452049e-001
 8.0453008e-001
 8.0454063e-001
 8.0457830e-001
 8.0464703e-001
 8.0470568e-001
 8.0474454e-001
 8.0476677e-001
 8.0477750e-001
 8.0478621e-001
 8.0478746e-001
 8.0477196e-001
 8.0480552e-001
 8.0487579e-001
 8.0494726e-001
 8.0496478e-001
 8.0496186e-001
 8.0497277e-001
 8.0501622e-001
 8.0503494e-001
 8.0505276e-001
 8.0507398e-001
 8.0508536e-001
 8.0508989e-001
 8.0509764e-001
 8.0511689e-001
 8.0515343e-001
 8.0519092e-001
 8.0522317e-001
 8.0525249e-001
 8.0528730e-001
 8.0532503e-001
 8.0536205e-001
 8.0539465e-001
 8.0542082e-001
 8.0544740e-001
 8.0547899e-001
 8.0552173e-001
 8.0554730e-001
 8.0555111e-001
 8.0554438e-001
 8.0556029e-001
 8.0559599e-001
 8.0564392e-001
 8.0569166e-001
 8.0571026e-001
 8.0570543e-001
 8.0569685e-001
 8.0571628e-001
 8.0573481e-001
 8.0575252e-001
 8.0577701e-001
 8.0578792e-001
 8.0579692e-001
 8.0581337e-001
 8.0583996e-001
 8.0584866e-001
 8.0585551e-001
 8.0587304e-001
 8.0588174e-001
 8.0589533e-001
 8.0591691e-001
 8.0594003e-001
 8.0593336e-001
 8.0591011e-001
 8.0589491e-001
 8.0591321e-001
 8.0592388e-001
 8.0592734e-001
 8.0593562e-001
 8.0596709e-001
 8.0598533e-001
 8.0598587e-001
 8.0598009e-001
 8.0598891e-001
 8.0599880e-001
 8.0599058e-001
 8.0594933e-001
 8.0592161e-001
 8.0591905e-001
 8.0593669e-001
 8.0595201e-001
 8.0596501e-001
 8.0597121e-001
 8.0596745e-001
 8.0595726e-001
 8.0594182e-001
 8.0593407e-001
 8.0595201e-001
 8.0598289e-001
 8.0601072e-001
 8.0603045e-001
 8.0605370e-001
 8.0606985e-001
 8.0607843e-001
 8.0608338e-001
 8.0609179e-001
 8.0609965e-001
 8.0610526e-001
 8.0611199e-001
 8.0611408e-001
 8.0611956e-001
 8.0613542e-001
 8.0616432e-001
 8.0618829e-001
 8.0619842e-001
 8.0619192e-001
 8.0617225e-001
 8.0615723e-001
 8.0615580e-001
 8.0616659e-001
 8.0616361e-001
 8.0616438e-001
 8.0617231e-001
 8.0617684e-001
 8.0618668e-001
 8.0618012e-001
 8.0613989e-001
 8.0606371e-001
 8.0600947e-001
 8.0598944e-001
 8.0599362e-001
 8.0599773e-001
 8.0600572e-001
 8.0601341e-001
 8.0601394e-001
 8.0602771e-001
 8.0602926e-001
 8.0600113e-001
 8.0594498e-001
 8.0590671e-001
 8.0588603e-001
 8.0587000e-001
 8.0584580e-001
 8.0581468e-001
 8.0577606e-001
 8.0572987e-001
 8.0568290e-001
 8.0564266e-001
 8.0561250e-001
 8.0559462e-001
 8.0559021e-001
 8.0557841e-001
 8.0555010e-001
 8.0551732e-001
 8.0548900e-001
 8.0546129e-001
 8.0543119e-001
 8.0540848e-001
 8.0538297e-001
 8.0537170e-001
 8.0539322e-001
 8.0541718e-001
 8.0542356e-001
 8.0541062e-001
 8.0539089e-001
 8.0537826e-001
 8.0535299e-001
 8.0530608e-001
 8.0524784e-001
 8.0519813e-001
 8.0516285e-001
 8.0514187e-001
 8.0513436e-001
 8.0511868e-001
 8.0510116e-001
 8.0508924e-001
 8.0504465e-001
 8.0500150e-001
 8.0497497e-001
 8.0496401e-001
 8.0496317e-001
 8.0495059e-001
 8.0492008e-001
 8.0488443e-001
 8.0481339e-001
 8.0475307e-001
 8.0472904e-001
 8.0469984e-001
 8.0465889e-001
 8.0461419e-001
 8.0457097e-001
 8.0450749e-001
 8.0444306e-001
 8.0438209e-001
 8.0432534e-001
 8.0429202e-001
 8.0427605e-001
 8.0425900e-001
 8.0421782e-001
 8.0417126e-001
 8.0412769e-001
 8.0408603e-001
 8.0403447e-001
 8.0398589e-001
 8.0394620e-001
 8.0390257e-001
 8.0380768e-001
 8.0373549e-001
 8.0367506e-001
 8.0359924e-001
 8.0352217e-001
 8.0344689e-001
 8.0339175e-001
 8.0336821e-001
 8.0334717e-001
 8.0332398e-001
 8.0328912e-001
 8.0323261e-001
 8.0316609e-001
 8.0310267e-001
 8.0305177e-001
 8.0301458e-001
 8.0296332e-001
 8.0290192e-001
 8.0283654e-001
 8.0276763e-001
 8.0271202e-001
 8.0266029e-001
 8.0260247e-001
 8.0254430e-001
 8.0247718e-001
 8.0240667e-001
 8.0234015e-001
 8.0227077e-001
 8.0221075e-001
 8.0214798e-001
 8.0206817e-001
 8.0199927e-001
 8.0193979e-001
 8.0188209e-001
 8.0181342e-001
 8.0171889e-001
 8.0163831e-001
 8.0158091e-001
 8.0152428e-001
 8.0146390e-001
 8.0139548e-001
 8.0132329e-001
 8.0126053e-001
 8.0118906e-001
 8.0112302e-001
 8.0107051e-001
 8.0102199e-001
 8.0096114e-001
 8.0089992e-001
 8.0084372e-001
 8.0076224e-001
 8.0068052e-001
 8.0060542e-001
 8.0053622e-001
 8.0046672e-001
 8.0040640e-001
 8.0034357e-001
 8.0026567e-001
 8.0018270e-001
 8.0009288e-001
 8.0000216e-001
 7.9991966e-001
 7.9984725e-001
 7.9978234e-001
 7.9972243e-001
 7.9966319e-001
 7.9958802e-001
 7.9950249e-001
 7.9941577e-001
 7.9933834e-001
 7.9928148e-001
 7.9920352e-001
 7.9910135e-001
 7.9900461e-001
 7.9890877e-001
 7.9882550e-001
 7.9875052e-001
 7.9866791e-001
 7.9860175e-001
 7.9853505e-001
 7.9845744e-001
 7.9837245e-001
 7.9826909e-001
 7.9816616e-001
 7.9807711e-001
 7.9800272e-001
 7.9792476e-001
 7.9784423e-001
 7.9777372e-001
 7.9773444e-001
 7.9767436e-001
 7.9761857e-001
 7.9756588e-001
 7.9745883e-001
 7.9737228e-001
 7.9730052e-001
 7.9722327e-001
 7.9712862e-001
 7.9704291e-001
 7.9698604e-001
 7.9694992e-001
 7.9687846e-001
 7.9680675e-001
 7.9677439e-001
 7.9676366e-001
 7.9666072e-001
 7.9659134e-001
 7.9652977e-001
 7.9644859e-001
 7.9638457e-001
 7.9631037e-001
 7.9622203e-001
 7.9613972e-001
 7.9611796e-001
 7.9606342e-001
 7.9601794e-001
 7.9599464e-001
 7.9590166e-001
 7.9580462e-001
 7.9575634e-001
 7.9574233e-001
 7.9564720e-001
 7.9556090e-001
 7.9552072e-001
 7.9549986e-001
 7.9539353e-001
 7.9538512e-001
 7.9536766e-001
 7.9527169e-001
 7.9518348e-001
 7.9515809e-001
 7.9512495e-001
 7.9505569e-001
 7.9501182e-001
 7.9497933e-001
 7.9496819e-001
 7.9495615e-001
 7.9488999e-001
 7.9484594e-001
 7.9482293e-001
 7.9479331e-001
 7.9472774e-001
 7.9474068e-001
 7.9471403e-001
 7.9464865e-001
 7.9466355e-001
 7.9465568e-001
 7.9466689e-001
 7.9463887e-001
 7.9462075e-001
 7.9460096e-001
 7.9457903e-001
 7.9455477e-001
 7.9452837e-001
 7.9450047e-001
 7.9447180e-001
 7.9444319e-001
 7.9441541e-001
 7.9438919e-001
 7.9436457e-001
 7.9434150e-001
 7.9431939e-001
 7.9429752e-001
 7.9427510e-001
 7.9425168e-001
 7.9422700e-001
 7.9420125e-001
 7.9417509e-001
 7.9414916e-001
 7.9412431e-001
 7.9410106e-001
 7.9407960e-001
 7.9405981e-001
 7.9404116e-001
 7.9402304e-001
 7.9400480e-001
 7.9398608e-001
 7.9396659e-001
 7.9394656e-001
 7.9392636e-001
 7.9390651e-001
 7.9388762e-001
 7.9387009e-001
 7.9385442e-001
 7.9384065e-001
 7.9382902e-001
 7.9381949e-001
 7.9381222e-001
 7.9380715e-001
 7.9380441e-001
 7.9380399e-001
 7.9380572e-001
 7.9380941e-001
 7.9381472e-001
 7.9382116e-001
 7.9382843e-001
 7.9383612e-001
 7.9384422e-001
 7.9385269e-001
 7.9386169e-001
 7.9387134e-001
 7.9388195e-001
 7.9389364e-001
 7.9390645e-001
 7.9392046e-001
 7.9393578e-001
 7.9395241e-001
 7.9397041e-001
 7.9398972e-001
 7.9401034e-001
 7.9403198e-001
 7.9405445e-001
 7.9407752e-001
 7.9410100e-001
 7.9412472e-001
 7.9414886e-001
 7.9417330e-001
 7.9419816e-001
 7.9422343e-001
 7.9424894e-001
 7.9427439e-001
 7.9429936e-001
 7.9432362e-001
 7.9434687e-001
 7.9436910e-001
 7.9439056e-001
 7.9441172e-001
 7.9443324e-001
 7.9445595e-001
 7.9448056e-001
 7.9450768e-001
 7.9453772e-001
 7.9457074e-001
 7.9460645e-001
 7.9464430e-001
 7.9468369e-001
 7.9472369e-001
 7.9476357e-001
 7.9480261e-001
 7.9484022e-001
 7.9487622e-001
 7.9491043e-001
 7.9494303e-001
 7.9497427e-001
 7.9500461e-001
 7.9503447e-001
 7.9506415e-001
 7.9509401e-001
 7.9512423e-001
 7.9515481e-001
 7.9518569e-001
 7.9521650e-001
 7.9524702e-001
 7.9527688e-001
 7.9530579e-001
 7.9533356e-001
 7.9536021e-001
 7.9538596e-001
 7.9541111e-001
 7.9543597e-001
 7.9546094e-001
 7.9548621e-001
 7.9551202e-001
 7.9553825e-001
 7.9556483e-001
 7.9559147e-001
 7.9561788e-001
 7.9564369e-001
 7.9566872e-001
 7.9569268e-001
 7.9571545e-001
 7.9573697e-001
 7.9575735e-001
 7.9577678e-001
 7.9579538e-001
 7.9581344e-001
 7.9583108e-001
 7.9584843e-001
 7.9586548e-001
 7.9588211e-001
 7.9589796e-001
 7.9591280e-001
 7.9592633e-001
 7.9593813e-001
 7.9594803e-001
 7.9595596e-001
 7.9596192e-001
 7.9596603e-001
 7.9596865e-001
 7.9597002e-001
 7.9597038e-001
 7.9597002e-001
 7.9596901e-001
 7.9596740e-001
 7.9596514e-001
 7.9596221e-001
 7.9595864e-001
 7.9595447e-001
 7.9594982e-001
 7.9594481e-001
 7.9593956e-001
 7.9593414e-001
 7.9592842e-001
 7.9592222e-001
 7.9591531e-001
 7.9590726e-001
 7.9589772e-001
 7.9588640e-001
 7.9587305e-001
 7.9585761e-001
 7.9584008e-001
 7.9582077e-001
 7.9579997e-001
 7.9577810e-001
 7.9575551e-001
 7.9573250e-001
 7.9570931e-001
 7.9568607e-001
 7.9566294e-001
 7.9563993e-001
 7.9561728e-001
 7.9559505e-001
 7.9557359e-001
 7.9555303e-001
 7.9553384e-001
 7.9551637e-001
 7.9550081e-001
 7.9548746e-001
 7.9547650e-001
 7.9546773e-001
 7.9546082e-001
 7.9545516e-001
 7.9544997e-001
 7.9544431e-001
 7.9543716e-001
 7.9542756e-001
 7.9541492e-001
 7.9539889e-001
 7.9537940e-001
 7.9535681e-001
 7.9533172e-001
 7.9530495e-001
 7.9527748e-001
 7.9525024e-001
 7.9522419e-001
 7.9520017e-001
 7.9517865e-001
 7.9516000e-001
 7.9514420e-001
 7.9513109e-001
 7.9512036e-001
 7.9511160e-001
 7.9510438e-001
 7.9509836e-001
 7.9509342e-001
 7.9508936e-001
 7.9508615e-001
 7.9508370e-001
 7.9508209e-001
 7.9508126e-001
 7.9508114e-001
 7.9508179e-001
 7.9508317e-001
 7.9508537e-001
 7.9508859e-001
 7.9509300e-001
 7.9509872e-001
 7.9510599e-001
 7.9511482e-001
 7.9512531e-001
 7.9513723e-001
 7.9515052e-001
 7.9516476e-001
 7.9517972e-001
 7.9519510e-001
 7.9521036e-001
 7.9522508e-001
 7.9523873e-001
 7.9525095e-001
 7.9526114e-001
 7.9526907e-001
 7.9527462e-001
 7.9527783e-001
 7.9527903e-001
 7.9527867e-001
 7.9527730e-001
 7.9527533e-001
 7.9527313e-001
 7.9527086e-001
 7.9526854e-001
 7.9526591e-001
 7.9526275e-001
 7.9525888e-001
 7.9525429e-001
 7.9524916e-001
 7.9524374e-001
 7.9523844e-001
 7.9523367e-001
 7.9522961e-001
 7.9522640e-001
 7.9522371e-001
 7.9522139e-001
 7.9521894e-001
 7.9521596e-001
 7.9521221e-001
 7.9520756e-001
 7.9520208e-001
 7.9519594e-001
 7.9518932e-001
 7.9518235e-001
 7.9517525e-001
 7.9516804e-001
 7.9516083e-001
 7.9515356e-001
 7.9514641e-001
 7.9513943e-001
 7.9513264e-001
 7.9512620e-001
 7.9512012e-001
 7.9511440e-001
 7.9510897e-001
 7.9510373e-001
 7.9509866e-001
 7.9509354e-001
 7.9508829e-001
 7.9508293e-001
 7.9507732e-001
 7.9507160e-001
 7.9506582e-001
 7.9506004e-001
 7.9505444e-001
 7.9504925e-001
 7.9504484e-001
 7.9504150e-001
 7.9503965e-001
 7.9503959e-001
 7.9504156e-001
 7.9504567e-001
 7.9505169e-001
 7.9505944e-001
 7.9506856e-001
 7.9507858e-001
 7.9508919e-001
 7.9510039e-001
 7.9511207e-001
 7.9512453e-001
 7.9513788e-001
 7.9515225e-001
 7.9516762e-001
 7.9518378e-001
 7.9520029e-001
 7.9521674e-001
 7.9523265e-001
 7.9524761e-001
 7.9526144e-001
 7.9527420e-001
 7.9528594e-001
 7.9529685e-001
 7.9530716e-001
 7.9531699e-001
 7.9532647e-001
 7.9533553e-001
 7.9534405e-001
 7.9535198e-001
 7.9535919e-001
 7.9536545e-001
 7.9537070e-001
 7.9537487e-001
 7.9537791e-001
 7.9537988e-001
 7.9538071e-001
 7.9538053e-001
 7.9537928e-001
 7.9537714e-001
 7.9537410e-001
 7.9537034e-001
 7.9536605e-001
 7.9536146e-001
 7.9535699e-001
 7.9535294e-001
 7.9534978e-001
 7.9534787e-001
 7.9534757e-001
 7.9534912e-001
 7.9535276e-001
 7.9535848e-001
 7.9536635e-001
 7.9537624e-001
 7.9538810e-001
 7.9540199e-001
 7.9541779e-001
 7.9543555e-001
 7.9545528e-001
 7.9547691e-001
 7.9550058e-001
 7.9552609e-001
 7.9555333e-001
 7.9558229e-001
 7.9561269e-001
 7.9564440e-001
 7.9567730e-001
 7.9571134e-001
 7.9574639e-001
 7.9578227e-001
 7.9581875e-001
 7.9585516e-001
 7.9589075e-001
 7.9592431e-001
 7.9595435e-001
 7.9597938e-001
 7.9599786e-001
 7.9600823e-001
 7.9600948e-001
 7.9600096e-001
 7.9598236e-001
 7.9595411e-001
 7.9591691e-001
 7.9587209e-001
 7.9582131e-001
 7.9576659e-001
 7.9570997e-001
 7.9565358e-001
 7.9559922e-001
 7.9554850e-001
 7.9550231e-001
 7.9546088e-001
 7.9542398e-001
 7.9539043e-001
 7.9535878e-001
 7.9532737e-001
 7.9529446e-001
 7.9525864e-001
 7.9521900e-001
 7.9517531e-001
 7.9512793e-001
 7.9507786e-001
 7.9502636e-001
 7.9497504e-001
 7.9492521e-001
 7.9487795e-001
 7.9483402e-001
 7.9479337e-001
 7.9475570e-001
 7.9472023e-001
 7.9468602e-001
 7.9465199e-001
 7.9461741e-001
 7.9458165e-001
 7.9454452e-001
 7.9450607e-001
 7.9446673e-001
 7.9442728e-001
 7.9438853e-001
 7.9435158e-001
 7.9431760e-001
 7.9428768e-001
 7.9426301e-001
 7.9424471e-001
 7.9423392e-001
 7.9423147e-001
 7.9423815e-001
 7.9425436e-001
 7.9428029e-001
 7.9431564e-001
 7.9435998e-001
 7.9441255e-001
 7.9447222e-001
 7.9453796e-001
 7.9460865e-001
 7.9468304e-001
 7.9476011e-001
 7.9483891e-001
 7.9491872e-001
 7.9499900e-001
 7.9507923e-001
 7.9515922e-001
 7.9523879e-001
 7.9531789e-001
 7.9539651e-001
 7.9547459e-001
 7.9555196e-001
 7.9562849e-001
 7.9570383e-001
 7.9577750e-001
 7.9584885e-001
 7.9591709e-001
 7.9598147e-001
 7.9604125e-001
 7.9609591e-001
 7.9614514e-001
 7.9618889e-001
 7.9622751e-001
 7.9626161e-001
 7.9629183e-001
 7.9631913e-001
 7.9634410e-001
 7.9636741e-001
 7.9638958e-001
 7.9641086e-001
 7.9643160e-001
 7.9645216e-001
 7.9647297e-001
 7.9649460e-001
 7.9651785e-001
 7.9654336e-001
 7.9657179e-001
 7.9660350e-001
 7.9663855e-001
 7.9667664e-001
 7.9671705e-001
 7.9675883e-001
 7.9680097e-001
 7.9684246e-001
 7.9688251e-001
 7.9692066e-001
 7.9695678e-001
 7.9699111e-001
 7.9702437e-001
 7.9705745e-001
 7.9709131e-001
 7.9712707e-001
 7.9716563e-001
 7.9720777e-001
 7.9725385e-001
 7.9730409e-001
 7.9735833e-001
 7.9741633e-001
 7.9747766e-001
 7.9754204e-001
 7.9760903e-001
 7.9767847e-001
 7.9775023e-001
 7.9782414e-001
 7.9790014e-001
 7.9797792e-001
 7.9805720e-001
 7.9813731e-001
 7.9821783e-001
 7.9829806e-001
 7.9837745e-001
 7.9845554e-001
 7.9853195e-001
 7.9860646e-001
 7.9867899e-001
 7.9874939e-001
 7.9881769e-001
 7.9888391e-001
 7.9894799e-001
 7.9900992e-001
 7.9906976e-001
 7.9912764e-001
 7.9918367e-001
 7.9923803e-001
 7.9929101e-001
 7.9934281e-001
 7.9939365e-001
 7.9944354e-001
 7.9949260e-001
 7.9954070e-001
 7.9958785e-001
 7.9963404e-001
 7.9967928e-001
 7.9972357e-001
 7.9976714e-001
 7.9980999e-001
 7.9985225e-001
 7.9989368e-001
 7.9993397e-001
 7.9997259e-001
 8.0000877e-001
 8.0004179e-001
 8.0007094e-001
 8.0009586e-001
 8.0011630e-001
 8.0013245e-001
 8.0014479e-001
 8.0015385e-001
 8.0016035e-001
 8.0016488e-001
 8.0016792e-001
 8.0016977e-001
 8.0017054e-001
 8.0017042e-001
 8.0016965e-001
 8.0016851e-001
 8.0016738e-001
 8.0016685e-001
 8.0016744e-001
 8.0016977e-001
 8.0017400e-001
 8.0018020e-001
 8.0018800e-001
 8.0019665e-001
 8.0020517e-001
 8.0021226e-001
 8.0021656e-001
 8.0021673e-001
 8.0021155e-001
 8.0020016e-001
 8.0018210e-001
 8.0015749e-001
 8.0012685e-001
 8.0009139e-001
 8.0005276e-001
 8.0001307e-001
 7.9997486e-001
 7.9994076e-001
 7.9991347e-001
 7.9989558e-001
 7.9988945e-001
 7.9989690e-001
 7.9991919e-001
 7.9995686e-001
 8.0000967e-001
 8.0007678e-001
 8.0015659e-001
 8.0024695e-001
 8.0034554e-001
 8.0044973e-001
 8.0055702e-001
 8.0066502e-001
 8.0077159e-001
 8.0087501e-001
 8.0097401e-001
 8.0106765e-001
 8.0115539e-001
 8.0123717e-001
 8.0131304e-001
 8.0138344e-001
 8.0144876e-001
 8.0150944e-001
 8.0156606e-001
 8.0161899e-001
 8.0166858e-001
 8.0171520e-001
 8.0175912e-001
 8.0180073e-001
 8.0184019e-001
 8.0187774e-001
 8.0191338e-001
 8.0194724e-001
 8.0197901e-001
 8.0200833e-001
 8.0203474e-001
 8.0205774e-001
 8.0207664e-001
 8.0209088e-001
 8.0210006e-001
 8.0210388e-001
 8.0210215e-001
 8.0209506e-001
 8.0208284e-001
 8.0206597e-001
 8.0204505e-001
 8.0202097e-001
 8.0199456e-001
 8.0196697e-001
 8.0193913e-001
 8.0191201e-001
 8.0188638e-001
 8.0186290e-001
 8.0184174e-001
 8.0182290e-001
 8.0180597e-001
 8.0179024e-001
 8.0177480e-001
 8.0175889e-001
 8.0174160e-001
 8.0172235e-001
 8.0170101e-001
 8.0167764e-001
 8.0165273e-001
 8.0162686e-001
 8.0160087e-001
 8.0157548e-001
 8.0155116e-001
 8.0152816e-001
 8.0150634e-001
 8.0148530e-001
 8.0146438e-001
 8.0144262e-001
 8.0141884e-001
 8.0139184e-001
 8.0136043e-001
 8.0132365e-001
 8.0128074e-001
 8.0123144e-001
 8.0117607e-001
 8.0111545e-001
 8.0105114e-001
 8.0098522e-001
 8.0092031e-001
 8.0085933e-001
 8.0080509e-001
 8.0076039e-001
 8.0072761e-001
 8.0070835e-001
 8.0070341e-001
 8.0071265e-001
 8.0073482e-001
 8.0076796e-001
 8.0080938e-001
 8.0085593e-001
 8.0090475e-001
 8.0095297e-001
 8.0099863e-001
 8.0104017e-001
 8.0107707e-001
 8.0110902e-001
 8.0113637e-001
 8.0115956e-001
 8.0117887e-001
 8.0119455e-001
 8.0120653e-001
 8.0121452e-001
 8.0121821e-001
 8.0121726e-001
 8.0121171e-001
 8.0120170e-001
 8.0118775e-001
 8.0117071e-001
 8.0115139e-001
 8.0113059e-001
 8.0110890e-001
 8.0108631e-001
 8.0106258e-001
 8.0103689e-001
 8.0100828e-001
 8.0097556e-001
 8.0093771e-001
 8.0089396e-001
 8.0084383e-001
 8.0078733e-001
 8.0072463e-001
 8.0065632e-001
 8.0058289e-001
 8.0050480e-001
 8.0042249e-001
 8.0033594e-001
 8.0024529e-001
 8.0015022e-001
 8.0005068e-001
 7.9994649e-001
 7.9983789e-001
 7.9972512e-001
 7.9960883e-001
 7.9948986e-001
 7.9936892e-001
 7.9924679e-001
 7.9912400e-001
 7.9900080e-001
 7.9887730e-001
 7.9875350e-001
 7.9862958e-001
 7.9850602e-001
 7.9838341e-001
 7.9826277e-001
 7.9814529e-001
 7.9803187e-001
 7.9792315e-001
 7.9781926e-001
 7.9771984e-001
 7.9762387e-001
 7.9753006e-001
 7.9743707e-001
 7.9734355e-001
 7.9724872e-001
 7.9715210e-001
 7.9705375e-001
 7.9695410e-001
 7.9685390e-001
 7.9675388e-001
 7.9665464e-001
 7.9655647e-001
 7.9645932e-001
 7.9636294e-001
 7.9626662e-001
 7.9616976e-001
 7.9607183e-001
 7.9597253e-001
 7.9587185e-001
 7.9577041e-001
 7.9566896e-001
 7.9556882e-001
 7.9547119e-001
 7.9537749e-001
 7.9528880e-001
 7.9520601e-001
 7.9512990e-001
 7.9506075e-001
 7.9499888e-001
 7.9494441e-001
 7.9489732e-001
 7.9485750e-001
 7.9482508e-001
 7.9479986e-001
 7.9478192e-001
 7.9477137e-001
 7.9476881e-001
 7.9477501e-001
 7.9479128e-001
 7.9481941e-001
 7.9486138e-001
 7.9491949e-001
 7.9499561e-001
 7.9509145e-001
 7.9520798e-001
 7.9534543e-001
 7.9550326e-001
 7.9568005e-001
 7.9587370e-001
 7.9608148e-001
 7.9630005e-001
 7.9652566e-001
 7.9675412e-001
 7.9698116e-001
 7.9720253e-001
 7.9741400e-001
 7.9761225e-001
 7.9779428e-001
 7.9795814e-001
 7.9810256e-001
 7.9822695e-001
 7.9833138e-001
 7.9841608e-001
 7.9848152e-001
 7.9852849e-001
 7.9855782e-001
 7.9857075e-001
 7.9856867e-001
 7.9855329e-001
 7.9852647e-001
 7.9848999e-001
 7.9844522e-001
 7.9839337e-001
 7.9833484e-001
 7.9826981e-001
 7.9819787e-001
 7.9811841e-001
 7.9803091e-001
 7.9793495e-001
 7.9783040e-001
 7.9771781e-001
 7.9759783e-001
 7.9747158e-001
 7.9734039e-001
 7.9720527e-001
 7.9706693e-001
 7.9692709e-001
 7.9678226e-001
 7.9663229e-001
 7.9647511e-001
 7.9630852e-001
 7.9613042e-001
 7.9593968e-001
 7.9573560e-001
 7.9551846e-001
 7.9528892e-001
 7.9504794e-001
 7.9479653e-001
 7.9453552e-001
 7.9426545e-001
 7.9398674e-001
 7.9369950e-001
 7.9340380e-001
 7.9309994e-001
 7.9278797e-001
 7.9246843e-001
 7.9214174e-001
 7.9180831e-001
 7.9146868e-001
 7.9112291e-001
 7.9077089e-001
 7.9041201e-001
 7.9004520e-001
 7.8966928e-001
 7.8928274e-001
 7.8888440e-001
 7.8847325e-001
 7.8804862e-001
 7.8761059e-001
 7.8715968e-001
 7.8669721e-001
 7.8622502e-001
 7.8574514e-001
 7.8525978e-001
 7.8477114e-001
 7.8428084e-001
 7.8379017e-001
 7.8329968e-001
 7.8280956e-001
 7.8231955e-001
 7.8182894e-001
 7.8133720e-001
 7.8084368e-001
 7.8034806e-001
 7.7985042e-001
 7.7935088e-001
 7.7885008e-001
 7.7834874e-001
 7.7784812e-001
 7.7734971e-001
 7.7685505e-001
 7.7636641e-001
 7.7588624e-001
 7.7541763e-001
 7.7496386e-001
 7.7452832e-001
 7.7411449e-001
 7.7372515e-001
 7.7336246e-001
 7.7302778e-001
 7.7272141e-001
 7.7244335e-001
 7.7219367e-001
 7.7197343e-001
 7.7178532e-001
 7.7163476e-001
 7.7153009e-001
 7.7148271e-001
 7.7150619e-001
 7.7161539e-001
 7.7182448e-001
 7.7214545e-001
 7.7258563e-001
 7.7314711e-001
 7.7382481e-001
 7.7460730e-001
 7.7547675e-001
 7.7641028e-001
 7.7738231e-001
 7.7836573e-001
 7.7933466e-001
 7.8026521e-001
 7.8113729e-001
 7.8193551e-001
 7.8264892e-001
 7.8327119e-001
 7.8380036e-001
 7.8423780e-001
 7.8458786e-001
 7.8485668e-001
 7.8505164e-001
 7.8518063e-001
 7.8525174e-001
 7.8527254e-001
 7.8525025e-001
 7.8519160e-001
 7.8510261e-001
 7.8498888e-001
 7.8485560e-001
 7.8470737e-001
 7.8454852e-001
 7.8438276e-001
 7.8421372e-001
 7.8404444e-001
 7.8387755e-001
 7.8371537e-001
 7.8355962e-001
 7.8341138e-001
 7.8327113e-001
 7.8313863e-001
 7.8301311e-001
 7.8289318e-001
 7.8277725e-001
 7.8266346e-001
 7.8254998e-001
 7.8243482e-001
 7.8231615e-001
 7.8219229e-001
 7.8206176e-001
 7.8192335e-001
 7.8177613e-001
 7.8161961e-001
 7.8145361e-001
 7.8127831e-001
 7.8109390e-001
 7.8090072e-001
 7.8069913e-001
 7.8048944e-001
 7.8027195e-001
 7.8004712e-001
 7.7981561e-001
 7.7957809e-001
 7.7933568e-001
 7.7908927e-001
 7.7883983e-001
 7.7858806e-001
 7.7833432e-001
 7.7807856e-001
 7.7782041e-001
 7.7755874e-001
 7.7729219e-001
 7.7701908e-001
 7.7673703e-001
 7.7644366e-001
 7.7613634e-001
 7.7581239e-001
 7.7546960e-001
 7.7510601e-001
 7.7472079e-001
 7.7431369e-001
 7.7388597e-001
 7.7343982e-001
 7.7297813e-001
 7.7250469e-001
 7.7202308e-001
 7.7153707e-001
 7.7104980e-001
 7.7056360e-001
 7.7008027e-001
 7.6960111e-001
 7.6912683e-001
 7.6865840e-001
 7.6819664e-001
 7.6774293e-001
 7.6729918e-001
 7.6686728e-001
 7.6644981e-001
 7.6604909e-001
 7.6566750e-001
 7.6530707e-001
 7.6496917e-001
 7.6465452e-001
 7.6436263e-001
 7.6409215e-001
 7.6384062e-001
 7.6360452e-001
 7.6337999e-001
 7.6316303e-001
 7.6295042e-001
 7.6274014e-001
 7.6253194e-001
 7.6232797e-001
 7.6213264e-001
 7.6195294e-001
 7.6179814e-001
 7.6167953e-001
 7.6161009e-001
 7.6160377e-001
 7.6167500e-001
 7.6183772e-001
 7.6210469e-001
 7.6248640e-001
 7.6299036e-001
 7.6362026e-001
 7.6437533e-001
 7.6525003e-001
 7.6623374e-001
 7.6731181e-001
 7.6846504e-001
 7.6967239e-001
 7.7091175e-001
 7.7216047e-001
 7.7339840e-001
 7.7460784e-001
 7.7577496e-001
 7.7688849e-001
 7.7794194e-001
 7.7893215e-001
 7.7985817e-001
 7.8072244e-001
 7.8152931e-001
 7.8228396e-001
 7.8299296e-001
 7.8366274e-001
 7.8429943e-001
 7.8490770e-001
 7.8549153e-001
 7.8605360e-001
 7.8659511e-001
 7.8711683e-001
 7.8761899e-001
 7.8810155e-001
 7.8856480e-001
 7.8900921e-001
 7.8943515e-001
 7.8984344e-001
 7.9023457e-001
 7.9060906e-001
 7.9096681e-001
 7.9130793e-001
 7.9163224e-001
 7.9193962e-001
 7.9223049e-001
 7.9250604e-001
 7.9276788e-001
 7.9301852e-001
 7.9326081e-001
 7.9349762e-001
 7.9373109e-001
 7.9396272e-001
 7.9419249e-001
 7.9441923e-001
 7.9464078e-001
 7.9485416e-001
 7.9505610e-001
 7.9524368e-001
 7.9541427e-001
 7.9556584e-001
 7.9569745e-001
 7.9580897e-001
 7.9590124e-001
 7.9597592e-001
 7.9603553e-001
 7.9608268e-001
 7.9612017e-001
 7.9615015e-001
 7.9617417e-001
 7.9619265e-001
 7.9620534e-001
 7.9621148e-001
 7.9621005e-001
 7.9620045e-001
 7.9618281e-001
 7.9615772e-001
 7.9612648e-001
 7.9609048e-001
 7.9605103e-001
 7.9600865e-001
 7.9596329e-001
 7.9591388e-001
 7.9585874e-001
 7.9579580e-001
 7.9572296e-001
 7.9563850e-001
 7.9554147e-001
 7.9543161e-001
 7.9530942e-001
 7.9517639e-001
 7.9503411e-001
 7.9488456e-001
 7.9472953e-001
 7.9457062e-001
 7.9440880e-001
 7.9424465e-001
 7.9407829e-001
 7.9390919e-001
 7.9373622e-001
 7.9355776e-001
 7.9337186e-001
 7.9317594e-001
 7.9296768e-001
 7.9274446e-001
 7.9250389e-001
 7.9224384e-001
 7.9196262e-001
 7.9165900e-001
 7.9133201e-001
 7.9098189e-001
 7.9060930e-001
 7.9021585e-001
 7.8980446e-001
 7.8937846e-001
 7.8894198e-001
 7.8849947e-001
 7.8805494e-001
 7.8761172e-001
 7.8717208e-001
 7.8673714e-001
 7.8630638e-001
 7.8587824e-001
 7.8545028e-001
 7.8501958e-001
 7.8458267e-001
 7.8413689e-001
 7.8367943e-001
 7.8320813e-001
 7.8272146e-001
 7.8221893e-001
 7.8170025e-001
 7.8116584e-001
 7.8061700e-001
 7.8005487e-001
 7.7948099e-001
 7.7889740e-001
 7.7830547e-001
 7.7770638e-001
 7.7710140e-001
 7.7649063e-001
 7.7587378e-001
 7.7524990e-001
 7.7461821e-001
 7.7397770e-001
 7.7332789e-001
 7.7267003e-001
 7.7200633e-001
 7.7134085e-001
 7.7067989e-001
 7.7003115e-001
 7.6940382e-001
 7.6880801e-001
 7.6825446e-001
 7.6775289e-001
 7.6731151e-001
 7.6693654e-001
 7.6663089e-001
 7.6639420e-001
 7.6622349e-001
 7.6611316e-001
 7.6605618e-001
 7.6604509e-001
 7.6607275e-001
 7.6613313e-001
 7.6622158e-001
 7.6633483e-001
 7.6647115e-001
 7.6662987e-001
 7.6681113e-001
 7.6701581e-001
 7.6724458e-001
 7.6749766e-001
 7.6777470e-001
 7.6807362e-001
 7.6839113e-001
 7.6872182e-001
 7.6905906e-001
 7.6939505e-001
 7.6972133e-001
 7.7002996e-001
 7.7031374e-001
 7.7056664e-001
 7.7078432e-001
 7.7096397e-001
 7.7110392e-001
 7.7120370e-001
 7.7126342e-001
 7.7128357e-001
 7.7126497e-001
 7.7120823e-001
 7.7111393e-001
 7.7098244e-001
 7.7081335e-001
 7.7060592e-001
 7.7035886e-001
 7.7007049e-001
 7.6973915e-001
 7.6936340e-001
 7.6894283e-001
 7.6847774e-001
 7.6796931e-001
 7.6742047e-001
 7.6683426e-001
 7.6621425e-001
 7.6556456e-001
 7.6488853e-001
 7.6418883e-001
 7.6346749e-001
 7.6272619e-001
 7.6196522e-001
 7.6118451e-001
 7.6038384e-001
 7.5956219e-001
 7.5871837e-001
 7.5785184e-001
 7.5696170e-001
 7.5604779e-001
 7.5511140e-001
 7.5415426e-001
 7.5317937e-001
 7.5219005e-001
 7.5119096e-001
 7.5018543e-001
 7.4917620e-001
 7.4816531e-001
 7.4715281e-001
 7.4613708e-001
 7.4511617e-001
 7.4408668e-001
 7.4304503e-001
 7.4198729e-001
 7.4091041e-001
 7.3981071e-001
 7.3868471e-001
 7.3752987e-001
 7.3634291e-001
 7.3512065e-001
 7.3386097e-001
 7.3256099e-001
 7.3121810e-001
 7.2983092e-001
 7.2839749e-001
 7.2691667e-001
 7.2538739e-001
 7.2381037e-001
 7.2218549e-001
 7.2051293e-001
 7.1879423e-001
 7.1702945e-001
 7.1521831e-001
 7.1336126e-001
 7.1145737e-001
 7.0950568e-001
 7.0750469e-001
 7.0545477e-001
 7.0335519e-001
 7.0120609e-001
 6.9901007e-001
 6.9676954e-001
 6.9448841e-001
 6.9217378e-001
 6.8983251e-001
 6.8747288e-001
 6.8510568e-001
 6.8274063e-001
 6.8038791e-001
 6.7805690e-001
 6.7575771e-001
 6.7349797e-001
 6.7128420e-001
 6.6912323e-001
 6.6701895e-001
 6.6497386e-001
 6.6299033e-001
 6.6106766e-001
 6.5920401e-001
 6.5739536e-001
 6.5563762e-001
 6.5392375e-001
 6.5224576e-001
 6.5059549e-001
 6.4896286e-001
 6.4733750e-001
 6.4571047e-001
 6.4407253e-001
 6.4241624e-001
 6.4073730e-001
 6.3903266e-001
 6.3730216e-001
 6.3554704e-001
 6.3377172e-001
 6.3198048e-001
 6.3017839e-001
 6.2837231e-001
 6.2656814e-001
 6.2477165e-001
 6.2298965e-001
 6.2122715e-001
 6.1948848e-001
 6.1777681e-001
 6.1609513e-001
 6.1444443e-001
 6.1282516e-001
 6.1123860e-001
 6.0968536e-001
 6.0816664e-001
 6.0668528e-001
 6.0524344e-001
 6.0384339e-001
 6.0248744e-001
 6.0117584e-001
 5.9990734e-001
 5.9867829e-001
 5.9748375e-001
 5.9631634e-001
 5.9516704e-001
 5.9402746e-001
 5.9288847e-001
 5.9174252e-001
 5.9058475e-001
 5.8941227e-001
 5.8822566e-001
 5.8702850e-001
 5.8582848e-001
 5.8463579e-001
 5.8346391e-001
 5.8233011e-001
 5.8125353e-001
 5.8025610e-001
 5.7936215e-001
 5.7859671e-001
 5.7798541e-001
 5.7755327e-001
 5.7732421e-001
 5.7731980e-001
 5.7755911e-001
 5.7805806e-001
 5.7882959e-001
 5.7988352e-001
 5.8122551e-001
 5.8285862e-001
 5.8478290e-001
 5.8699447e-001
 5.8948910e-001
 5.9226114e-001
 5.9530538e-001
 5.9861475e-001
 6.0218436e-001
 6.0600859e-001
 6.1007690e-001
 6.1437792e-001
 6.1889541e-001
 6.2360406e-001
 6.2847573e-001
 6.3347602e-001
 6.3856786e-001
 6.4370894e-001
 6.4886099e-001
 6.5398866e-001
 6.5905744e-001
 6.6404247e-001
 6.6892481e-001
 6.7368764e-001
 6.7832202e-001
 6.8282139e-001
 6.8717718e-001
 6.9138336e-001
 6.9543159e-001
 6.9931304e-001
 7.0301485e-001
 7.0652664e-001
 7.0983827e-001
 7.1293825e-001
 7.1581912e-001
 7.1847486e-001
 7.2089893e-001
 7.2308803e-001
 7.2503972e-001
 7.2675347e-001
 7.2823030e-001
 7.2947568e-001
 7.3049909e-001
 7.3131436e-001
 7.3194069e-001
 7.3240119e-001
 7.3272151e-001
 7.3292834e-001
 7.3304677e-001
 7.3309863e-001
 7.3310071e-001
 7.3306346e-001
 7.3299074e-001
 7.3288006e-001
 7.3272359e-001
 7.3250991e-001
 7.3222607e-001
 7.3185974e-001
 7.3140097e-001
 7.3084444e-001
 7.3018962e-001
 7.2944129e-001
 7.2860909e-001
 7.2770739e-001
 7.2675323e-001
 7.2576553e-001
 7.2476470e-001
 7.2377020e-001
 7.2279936e-001
 7.2186697e-001
 7.2098225e-001
 7.2014844e-001
 7.1936274e-001
 7.1861517e-001
 7.1789038e-001
 7.1716845e-001
 7.1642745e-001
 7.1564412e-001
 7.1479541e-001
 7.1386015e-001
 7.1281850e-001
 7.1165270e-001
 7.1034825e-001
 7.0889324e-001
 7.0727974e-001
 7.0550388e-001
 7.0356834e-001
 7.0147991e-001
 6.9925034e-001
 6.9689727e-001
 6.9443965e-001
 6.9189757e-001
 6.8929273e-001
 6.8664324e-001
 6.8396503e-001
 6.8127245e-001
 6.7857468e-001
 6.7587781e-001
 6.7318332e-001
 6.7049128e-001
 6.6779631e-001
 6.6509050e-001
 6.6236597e-001
 6.5961206e-001
 6.5681815e-001
 6.5397662e-001
 6.5107971e-001
 6.4812303e-001
 6.4510465e-001
 6.4202905e-001
 6.3890278e-001
 6.3573682e-001
 6.3254839e-001
 6.2935567e-001
 6.2617844e-001
 6.2303883e-001
 6.1995494e-001
 6.1694229e-001
 6.1401135e-001
 6.1116934e-001
 6.0841638e-001
 6.0574794e-001
 6.0315794e-001
 6.0063618e-001
 5.9817189e-001
 5.9575665e-001
 5.9338200e-001
 5.9104162e-001
 5.8873242e-001
 5.8645117e-001
 5.8419544e-001
 5.8196265e-001
 5.7975137e-001
 5.7755840e-001
 5.7538027e-001
 5.7321459e-001
 5.7105696e-001
 5.6890196e-001
 5.6674480e-001
 5.6457829e-001
 5.6239557e-001
 5.6018960e-001
 5.5795622e-001
 5.5569124e-001
 5.5339259e-001
 5.5106169e-001
 5.4869974e-001
 5.4630899e-001
 5.4389441e-001
 5.4145992e-001
 5.3901058e-001
 5.3655457e-001
 5.3410000e-001
 5.3165758e-001
 5.2923942e-001
 5.2686191e-001
 5.2454150e-001
 5.2229691e-001
 5.2014989e-001
 5.1812112e-001
 5.1623064e-001
 5.1449674e-001
 5.1293164e-001
 5.1154160e-001
 5.1032543e-001
 5.0927621e-001
 5.0838101e-001
 5.0762361e-001
-1.2300000e+034
