s07_ASD Record=12842: Calcite.80+Mont_Swy-1 GDS212 ASDNGa AREF
-1.2300000e+034
 5.4945832e-001
 5.4651850e-001
 5.4514498e-001
 5.4440773e-001
 5.4373890e-001
 5.4294544e-001
 5.4238820e-001
 5.4231924e-001
 5.4238015e-001
 5.4295313e-001
 5.4388446e-001
 5.4479295e-001
 5.4550129e-001
 5.4644918e-001
 5.4765290e-001
 5.4859906e-001
 5.4989016e-001
 5.5126053e-001
 5.5262214e-001
 5.5498689e-001
 5.5709714e-001
 5.5909324e-001
 5.6168443e-001
 5.6400841e-001
 5.6647247e-001
 5.6928223e-001
 5.7226336e-001
 5.7506806e-001
 5.7774544e-001
 5.8033425e-001
 5.8241814e-001
 5.8481139e-001
 5.8770484e-001
 5.9085566e-001
 5.9368116e-001
 5.9627557e-001
 5.9875721e-001
 6.0116315e-001
 6.0338694e-001
 6.0554564e-001
 6.0772580e-001
 6.0974252e-001
 6.1174142e-001
 6.1378932e-001
 6.1584204e-001
 6.1728179e-001
 6.1881018e-001
 6.2075084e-001
 6.2269366e-001
 6.2446427e-001
 6.2616217e-001
 6.2793350e-001
 6.2975591e-001
 6.3164884e-001
 6.3346398e-001
 6.3500959e-001
 6.3683450e-001
 6.3862550e-001
 6.4028603e-001
 6.4226854e-001
 6.4426357e-001
 6.4611769e-001
 6.4781094e-001
 6.4966357e-001
 6.5159243e-001
 6.5350950e-001
 6.5534443e-001
 6.5721202e-001
 6.5908480e-001
 6.6093004e-001
 6.6273147e-001
 6.6453385e-001
 6.6628963e-001
 6.6795170e-001
 6.6964525e-001
 6.7129457e-001
 6.7286974e-001
 6.7439741e-001
 6.7583489e-001
 6.7729169e-001
 6.7880660e-001
 6.8017262e-001
 6.8147737e-001
 6.8278843e-001
 6.8415952e-001
 6.8558657e-001
 6.8704194e-001
 6.8854690e-001
 6.9018728e-001
 6.9182652e-001
 6.9346535e-001
 6.9511062e-001
 6.9666791e-001
 6.9824994e-001
 6.9981360e-001
 7.0123506e-001
 7.0268321e-001
 7.0403045e-001
 7.0525068e-001
 7.0657641e-001
 7.0778388e-001
 7.0888162e-001
 7.0995086e-001
 7.1103126e-001
 7.1207720e-001
 7.1305060e-001
 7.1393400e-001
 7.1487612e-001
 7.1582484e-001
 7.1673065e-001
 7.1765023e-001
 7.1855640e-001
 7.1945620e-001
 7.2037339e-001
 7.2131425e-001
 7.2225815e-001
 7.2316992e-001
 7.2400391e-001
 7.2488296e-001
 7.2578251e-001
 7.2664887e-001
 7.2748262e-001
 7.2828656e-001
 7.2905475e-001
 7.2977746e-001
 7.3045355e-001
 7.3108625e-001
 7.3169172e-001
 7.3230880e-001
 7.3293608e-001
 7.3351896e-001
 7.3401934e-001
 7.3458350e-001
 7.3514384e-001
 7.3569453e-001
 7.3628581e-001
 7.3688412e-001
 7.3748839e-001
 7.3810333e-001
 7.3872012e-001
 7.3937565e-001
 7.4007696e-001
 7.4080569e-001
 7.4149191e-001
 7.4218792e-001
 7.4293196e-001
 7.4372488e-001
 7.4450284e-001
 7.4523956e-001
 7.4593043e-001
 7.4660504e-001
 7.4729109e-001
 7.4799216e-001
 7.4868816e-001
 7.4938393e-001
 7.5008023e-001
 7.5077546e-001
 7.5145543e-001
 7.5214934e-001
 7.5289649e-001
 7.5372827e-001
 7.5460535e-001
 7.5550723e-001
 7.5642890e-001
 7.5737560e-001
 7.5842643e-001
 7.5950295e-001
 7.6053721e-001
 7.6159942e-001
 7.6263314e-001
 7.6362795e-001
 7.6460290e-001
 7.6559246e-001
 7.6653481e-001
 7.6739055e-001
 7.6817209e-001
 7.6894599e-001
 7.6967871e-001
 7.7033508e-001
 7.7100438e-001
 7.7166343e-001
 7.7229935e-001
 7.7291179e-001
 7.7349627e-001
 7.7407765e-001
 7.7467030e-001
 7.7525055e-001
 7.7585667e-001
 7.7647913e-001
 7.7709073e-001
 7.7771693e-001
 7.7833980e-001
 7.7895188e-001
 7.7956390e-001
 7.8017050e-001
 7.8075886e-001
 7.8132057e-001
 7.8186786e-001
 7.8239071e-001
 7.8288960e-001
 7.8337324e-001
 7.8384793e-001
 7.8432393e-001
 7.8479177e-001
 7.8520656e-001
 7.8558499e-001
 7.8593415e-001
 7.8625792e-001
 7.8654563e-001
 7.8683394e-001
 7.8713119e-001
 7.8741068e-001
 7.8764373e-001
 7.8786290e-001
 7.8809559e-001
 7.8831482e-001
 7.8849757e-001
 7.8863865e-001
 7.8875017e-001
 7.8888428e-001
 7.8902918e-001
 7.8916454e-001
 7.8927022e-001
 7.8935581e-001
 7.8944242e-001
 7.8955030e-001
 7.8966761e-001
 7.8978825e-001
 7.8990257e-001
 7.9000080e-001
 7.9011792e-001
 7.9025590e-001
 7.9039800e-001
 7.9049903e-001
 7.9057652e-001
 7.9064298e-001
 7.9071110e-001
 7.9080284e-001
 7.9089248e-001
 7.9097795e-001
 7.9109627e-001
 7.9116666e-001
 7.9121202e-001
 7.9127061e-001
 7.9132020e-001
 7.9138494e-001
 7.9147226e-001
 7.9157466e-001
 7.9166096e-001
 7.9171830e-001
 7.9174507e-001
 7.9174787e-001
 7.9177970e-001
 7.9182017e-001
 7.9183769e-001
 7.9189396e-001
 7.9199558e-001
 7.9210323e-001
 7.9213923e-001
 7.9220945e-001
 7.9228890e-001
 7.9233801e-001
 7.9235536e-001
 7.9234749e-001
 7.9234546e-001
 7.9238766e-001
 7.9245865e-001
 7.9252511e-001
 7.9256803e-001
 7.9259181e-001
 7.9262370e-001
 7.9266930e-001
 7.9273123e-001
 7.9282993e-001
 7.9294688e-001
 7.9307771e-001
 7.9322296e-001
 7.9331011e-001
 7.9334986e-001
 7.9338354e-001
 7.9348701e-001
 7.9359466e-001
 7.9370469e-001
 7.9383326e-001
 7.9396194e-001
 7.9407358e-001
 7.9416734e-001
 7.9426682e-001
 7.9437363e-001
 7.9450911e-001
 7.9467219e-001
 7.9481393e-001
 7.9495943e-001
 7.9511029e-001
 7.9526436e-001
 7.9543412e-001
 7.9562956e-001
 7.9584515e-001
 7.9606462e-001
 7.9625410e-001
 7.9644746e-001
 7.9667026e-001
 7.9685068e-001
 7.9703116e-001
 7.9724061e-001
 7.9748869e-001
 7.9772937e-001
 7.9796690e-001
 7.9819560e-001
 7.9837841e-001
 7.9856116e-001
 7.9878289e-001
 7.9905629e-001
 7.9930866e-001
 7.9954481e-001
 7.9979348e-001
 8.0008829e-001
 8.0032915e-001
 8.0053580e-001
 8.0075407e-001
 8.0104452e-001
 8.0133349e-001
 8.0160135e-001
 8.0185556e-001
 8.0213553e-001
 8.0241746e-001
 8.0268687e-001
 8.0294466e-001
 8.0325580e-001
 8.0357271e-001
 8.0385721e-001
 8.0413556e-001
 8.0440944e-001
 8.0467033e-001
 8.0491036e-001
 8.0513293e-001
 8.0535722e-001
 8.0559480e-001
 8.0585045e-001
 8.0613554e-001
 8.0645221e-001
 8.0678016e-001
 8.0706489e-001
 8.0732995e-001
 8.0758744e-001
 8.0784523e-001
 8.0810112e-001
 8.0836338e-001
 8.0862546e-001
 8.0886257e-001
 8.0908203e-001
 8.0928200e-001
 8.0947137e-001
 8.0968142e-001
 8.0992395e-001
 8.1016928e-001
 8.1037778e-001
 8.1055921e-001
 8.1076449e-001
 8.1100118e-001
 8.1122959e-001
 8.1138569e-001
 8.1156224e-001
 8.1182593e-001
 8.1210864e-001
 8.1234926e-001
 8.1255883e-001
 8.1277198e-001
 8.1294358e-001
 8.1311649e-001
 8.1331307e-001
 8.1352711e-001
 8.1370115e-001
 8.1383860e-001
 8.1396359e-001
 8.1411713e-001
 8.1428224e-001
 8.1443441e-001
 8.1455386e-001
 8.1465894e-001
 8.1477374e-001
 8.1492597e-001
 8.1513906e-001
 8.1533176e-001
 8.1547827e-001
 8.1558019e-001
 8.1566370e-001
 8.1577116e-001
 8.1590265e-001
 8.1604016e-001
 8.1617481e-001
 8.1629372e-001
 8.1640446e-001
 8.1652653e-001
 8.1664413e-001
 8.1675208e-001
 8.1684697e-001
 8.1692529e-001
 8.1698900e-001
 8.1704336e-001
 8.1710345e-001
 8.1720853e-001
 8.1734103e-001
 8.1745797e-001
 8.1752092e-001
 8.1759208e-001
 8.1770939e-001
 8.1786406e-001
 8.1799459e-001
 8.1808251e-001
 8.1811696e-001
 8.1812245e-001
 8.1819850e-001
 8.1832099e-001
 8.1847870e-001
 8.1865031e-001
 8.1875277e-001
 8.1882304e-001
 8.1888258e-001
 8.1892967e-001
 8.1894833e-001
 8.1898409e-001
 8.1906611e-001
 8.1917661e-001
 8.1928498e-001
 8.1937182e-001
 8.1942320e-001
 8.1941229e-001
 8.1941658e-001
 8.1944078e-001
 8.1944770e-001
 8.1947422e-001
 8.1952220e-001
 8.1958801e-001
 8.1966531e-001
 8.1970936e-001
 8.1975609e-001
 8.1983238e-001
 8.1990302e-001
 8.1996834e-001
 8.2002431e-001
 8.2006240e-001
 8.2005423e-001
 8.2002306e-001
 8.1999987e-001
 8.2001477e-001
 8.2000256e-001
 8.1999695e-001
 8.2002783e-001
 8.2009983e-001
 8.2015771e-001
 8.2020551e-001
 8.2025826e-001
 8.2032251e-001
 8.2036996e-001
 8.2038701e-001
 8.2037008e-001
 8.2031977e-001
 8.2026690e-001
 8.2024962e-001
 8.2030094e-001
 8.2036996e-001
 8.2044065e-001
 8.2049918e-001
 8.2053000e-001
 8.2057548e-001
 8.2061237e-001
 8.2061642e-001
 8.2059604e-001
 8.2059067e-001
 8.2059854e-001
 8.2060164e-001
 8.2058591e-001
 8.2058287e-001
 8.2058990e-001
 8.2058823e-001
 8.2063383e-001
 8.2070297e-001
 8.2076448e-001
 8.2079160e-001
 8.2077551e-001
 8.2072061e-001
 8.2065588e-001
 8.2064563e-001
 8.2065135e-001
 8.2063919e-001
 8.2059985e-001
 8.2059395e-001
 8.2061470e-001
 8.2064146e-001
 8.2064778e-001
 8.2063031e-001
 8.2057333e-001
 8.2051581e-001
 8.2052970e-001
 8.2059425e-001
 8.2069826e-001
 8.2080263e-001
 8.2083935e-001
 8.2085025e-001
 8.2083863e-001
 8.2080579e-001
 8.2076293e-001
 8.2075465e-001
 8.2077986e-001
 8.2081151e-001
 8.2079715e-001
 8.2078278e-001
 8.2077020e-001
 8.2074463e-001
 8.2073373e-001
 8.2075691e-001
 8.2079732e-001
 8.2081914e-001
 8.2085854e-001
 8.2090920e-001
 8.2096058e-001
 8.2100111e-001
 8.2098579e-001
 8.2098371e-001
 8.2102203e-001
 8.2103747e-001
 8.2103962e-001
 8.2104564e-001
 8.2105893e-001
 8.2104319e-001
 8.2105398e-001
 8.2109725e-001
 8.2115752e-001
 8.2121032e-001
 8.2128596e-001
 8.2136941e-001
 8.2143044e-001
 8.2147813e-001
 8.2152772e-001
 8.2158327e-001
 8.2163793e-001
 8.2167482e-001
 8.2168877e-001
 8.2170302e-001
 8.2175320e-001
 8.2177675e-001
 8.2180369e-001
 8.2184333e-001
 8.2186979e-001
 8.2192677e-001
 8.2201499e-001
 8.2211435e-001
 8.2218599e-001
 8.2221746e-001
 8.2223380e-001
 8.2226229e-001
 8.2230479e-001
 8.2236195e-001
 8.2243282e-001
 8.2250839e-001
 8.2256198e-001
 8.2260644e-001
 8.2266629e-001
 8.2274425e-001
 8.2274926e-001
 8.2277453e-001
 8.2284534e-001
 8.2294422e-001
 8.2302761e-001
 8.2309699e-001
 8.2316971e-001
 8.2326156e-001
 8.2332218e-001
 8.2340670e-001
 8.2350171e-001
 8.2355905e-001
 8.2365429e-001
 8.2374573e-001
 8.2383072e-001
 8.2394040e-001
 8.2404137e-001
 8.2410073e-001
 8.2413697e-001
 8.2420617e-001
 8.2424533e-001
 8.2433915e-001
 8.2449597e-001
 8.2462472e-001
 8.2472759e-001
 8.2477719e-001
 8.2480061e-001
 8.2488483e-001
 8.2495975e-001
 8.2500064e-001
 8.2501310e-001
 8.2503062e-001
 8.2504433e-001
 8.2506877e-001
 8.2512259e-001
 8.2522166e-001
 8.2530683e-001
 8.2535791e-001
 8.2538408e-001
 8.2542318e-001
 8.2546777e-001
 8.2550687e-001
 8.2553774e-001
 8.2556832e-001
 8.2560879e-001
 8.2564467e-001
 8.2567501e-001
 8.2573044e-001
 8.2574040e-001
 8.2577759e-001
 8.2587171e-001
 8.2591349e-001
 8.2594305e-001
 8.2604396e-001
 8.2621336e-001
 8.2628667e-001
 8.2646155e-001
 8.2669520e-001
 8.2691991e-001
 8.2713401e-001
 8.2737702e-001
 8.2769495e-001
 8.2803804e-001
 8.2820863e-001
 8.2841855e-001
 8.2867295e-001
 8.2893306e-001
 8.2916313e-001
 8.2940680e-001
 8.2962513e-001
 8.2979733e-001
 8.2996011e-001
 8.3020896e-001
 8.3042926e-001
 8.3059466e-001
 8.3084029e-001
 8.3096749e-001
 8.3113629e-001
 8.3139747e-001
 8.3159477e-001
 8.3179122e-001
 8.3198023e-001
 8.3219516e-001
 8.3249289e-001
 8.3266914e-001
 8.3281511e-001
 8.3299416e-001
 8.3319008e-001
 8.3333957e-001
 8.3356982e-001
 8.3346289e-001
 8.3357280e-001
 8.3367461e-001
 8.3377057e-001
 8.3386290e-001
 8.3395338e-001
 8.3404309e-001
 8.3413237e-001
 8.3422118e-001
 8.3430898e-001
 8.3439541e-001
 8.3448029e-001
 8.3456385e-001
 8.3464664e-001
 8.3472931e-001
 8.3481240e-001
 8.3489645e-001
 8.3498132e-001
 8.3506674e-001
 8.3515215e-001
 8.3523679e-001
 8.3531994e-001
 8.3540112e-001
 8.3547992e-001
 8.3555633e-001
 8.3563071e-001
 8.3570337e-001
 8.3577484e-001
 8.3584559e-001
 8.3591604e-001
 8.3598638e-001
 8.3605647e-001
 8.3612639e-001
 8.3619577e-001
 8.3626455e-001
 8.3633256e-001
 8.3639985e-001
 8.3646655e-001
 8.3653313e-001
 8.3660012e-001
 8.3666819e-001
 8.3673817e-001
 8.3681083e-001
 8.3688676e-001
 8.3696628e-001
 8.3704931e-001
 8.3713549e-001
 8.3722407e-001
 8.3731413e-001
 8.3740473e-001
 8.3749491e-001
 8.3758372e-001
 8.3767033e-001
 8.3775407e-001
 8.3783400e-001
 8.3790946e-001
 8.3797950e-001
 8.3804351e-001
 8.3810097e-001
 8.3815163e-001
 8.3819574e-001
 8.3823401e-001
 8.3826751e-001
 8.3829778e-001
 8.3832651e-001
 8.3835554e-001
 8.3838660e-001
 8.3842105e-001
 8.3845991e-001
 8.3850378e-001
 8.3855271e-001
 8.3860648e-001
 8.3866441e-001
 8.3872575e-001
 8.3878964e-001
 8.3885509e-001
 8.3892125e-001
 8.3898711e-001
 8.3905184e-001
 8.3911455e-001
 8.3917421e-001
 8.3923018e-001
 8.3928162e-001
 8.3932787e-001
 8.3936864e-001
 8.3940387e-001
 8.3943373e-001
 8.3945882e-001
 8.3948010e-001
 8.3949876e-001
 8.3951616e-001
 8.3953363e-001
 8.3955240e-001
 8.3957344e-001
 8.3959740e-001
 8.3962446e-001
 8.3965451e-001
 8.3968717e-001
 8.3972186e-001
 8.3975798e-001
 8.3979493e-001
 8.3983243e-001
 8.3987021e-001
 8.3990830e-001
 8.3994657e-001
 8.3998507e-001
 8.4002352e-001
 8.4006178e-001
 8.4009951e-001
 8.4013635e-001
 8.4017211e-001
 8.4020668e-001
 8.4024000e-001
 8.4027225e-001
 8.4030354e-001
 8.4033412e-001
 8.4036410e-001
 8.4039360e-001
 8.4042251e-001
 8.4045053e-001
 8.4047717e-001
 8.4050179e-001
 8.4052360e-001
 8.4054172e-001
 8.4055561e-001
 8.4056479e-001
 8.4056926e-001
 8.4056908e-001
 8.4056473e-001
 8.4055644e-001
 8.4054446e-001
 8.4052867e-001
 8.4050846e-001
 8.4048277e-001
 8.4045023e-001
 8.4040916e-001
 8.4035766e-001
 8.4029418e-001
 8.4021741e-001
 8.4012669e-001
 8.4002197e-001
 8.3990437e-001
 8.3977562e-001
 8.3963877e-001
 8.3949745e-001
 8.3935601e-001
 8.3921933e-001
 8.3909231e-001
 8.3897960e-001
 8.3888543e-001
 8.3881313e-001
 8.3876514e-001
 8.3874261e-001
 8.3874565e-001
 8.3877337e-001
 8.3882385e-001
 8.3889472e-001
 8.3898324e-001
 8.3908665e-001
 8.3920211e-001
 8.3932704e-001
 8.3945894e-001
 8.3959532e-001
 8.3973354e-001
 8.3987081e-001
 8.4000456e-001
 8.4013206e-001
 8.4025109e-001
 8.4035999e-001
 8.4045786e-001
 8.4054452e-001
 8.4062064e-001
 8.4068745e-001
 8.4074652e-001
 8.4079969e-001
 8.4084851e-001
 8.4089422e-001
 8.4093755e-001
 8.4097868e-001
 8.4101725e-001
 8.4105259e-001
 8.4108394e-001
 8.4111059e-001
 8.4113210e-001
 8.4114873e-001
 8.4116113e-001
 8.4117061e-001
 8.4117889e-001
 8.4118789e-001
 8.4119940e-001
 8.4121478e-001
 8.4123492e-001
 8.4126008e-001
 8.4128994e-001
 8.4132391e-001
 8.4136105e-001
 8.4140086e-001
 8.4144294e-001
 8.4148735e-001
 8.4153450e-001
 8.4158504e-001
 8.4163970e-001
 8.4169894e-001
 8.4176296e-001
 8.4183133e-001
 8.4190309e-001
 8.4197682e-001
 8.4205073e-001
 8.4212291e-001
 8.4219152e-001
 8.4225529e-001
 8.4231329e-001
 8.4236532e-001
 8.4241205e-001
 8.4245443e-001
 8.4249389e-001
 8.4253204e-001
 8.4257019e-001
 8.4260952e-001
 8.4265071e-001
 8.4269387e-001
 8.4273899e-001
 8.4278548e-001
 8.4283274e-001
 8.4288031e-001
 8.4292752e-001
 8.4297383e-001
 8.4301883e-001
 8.4306216e-001
 8.4310365e-001
 8.4314311e-001
 8.4318036e-001
 8.4321553e-001
 8.4324861e-001
 8.4327966e-001
 8.4330881e-001
 8.4333593e-001
 8.4336114e-001
 8.4338450e-001
 8.4340626e-001
 8.4342712e-001
 8.4344798e-001
 8.4347004e-001
 8.4349459e-001
 8.4352291e-001
 8.4355599e-001
 8.4359419e-001
 8.4363765e-001
 8.4368563e-001
 8.4373724e-001
 8.4379131e-001
 8.4384638e-001
 8.4390122e-001
 8.4395474e-001
 8.4400600e-001
 8.4405410e-001
 8.4409833e-001
 8.4413797e-001
 8.4417230e-001
 8.4420061e-001
 8.4422249e-001
 8.4423769e-001
 8.4424615e-001
 8.4424859e-001
 8.4424591e-001
 8.4423965e-001
 8.4423143e-001
 8.4422314e-001
 8.4421647e-001
 8.4421277e-001
 8.4421301e-001
 8.4421736e-001
 8.4422553e-001
 8.4423631e-001
 8.4424835e-001
 8.4425968e-001
 8.4426826e-001
 8.4427220e-001
 8.4427005e-001
 8.4426057e-001
 8.4424341e-001
 8.4421861e-001
 8.4418666e-001
 8.4414858e-001
 8.4410548e-001
 8.4405863e-001
 8.4400910e-001
 8.4395772e-001
 8.4390497e-001
 8.4385121e-001
 8.4379625e-001
 8.4374017e-001
 8.4368289e-001
 8.4362453e-001
 8.4356570e-001
 8.4350693e-001
 8.4344923e-001
 8.4339333e-001
 8.4333962e-001
 8.4328824e-001
 8.4323871e-001
 8.4319007e-001
 8.4314120e-001
 8.4309071e-001
 8.4303749e-001
 8.4298062e-001
 8.4291947e-001
 8.4285372e-001
 8.4278309e-001
 8.4270763e-001
 8.4262735e-001
 8.4254217e-001
 8.4245223e-001
 8.4235787e-001
 8.4225947e-001
 8.4215760e-001
 8.4205317e-001
 8.4194690e-001
 8.4183961e-001
 8.4173191e-001
 8.4162438e-001
 8.4151721e-001
 8.4141064e-001
 8.4130478e-001
 8.4119976e-001
 8.4109592e-001
 8.4099370e-001
 8.4089369e-001
 8.4079623e-001
 8.4070170e-001
 8.4061021e-001
 8.4052140e-001
 8.4043455e-001
 8.4034872e-001
 8.4026247e-001
 8.4017450e-001
 8.4008342e-001
 8.3998799e-001
 8.3988744e-001
 8.3978099e-001
 8.3966839e-001
 8.3954948e-001
 8.3942437e-001
 8.3929336e-001
 8.3915710e-001
 8.3901656e-001
 8.3887291e-001
 8.3872759e-001
 8.3858204e-001
 8.3843732e-001
 8.3829403e-001
 8.3815181e-001
 8.3800930e-001
 8.3786398e-001
 8.3771241e-001
 8.3755058e-001
 8.3737415e-001
 8.3717895e-001
 8.3696145e-001
 8.3671832e-001
 8.3644712e-001
 8.3614546e-001
 8.3581108e-001
 8.3544135e-001
 8.3503282e-001
 8.3458138e-001
 8.3408225e-001
 8.3352977e-001
 8.3291864e-001
 8.3224350e-001
 8.3150023e-001
 8.3068603e-001
 8.2979935e-001
 8.2884061e-001
 8.2781094e-001
 8.2671243e-001
 8.2554704e-001
 8.2431561e-001
 8.2301778e-001
 8.2165080e-001
 8.2021028e-001
 8.1868958e-001
 8.1708014e-001
 8.1537312e-001
 8.1355906e-001
 8.1163001e-001
 8.0958003e-001
 8.0740553e-001
 8.0510682e-001
 8.0268848e-001
 8.0015785e-001
 7.9752719e-001
 7.9481077e-001
 7.9202628e-001
 7.8919351e-001
 7.8633261e-001
 7.8346610e-001
 7.8061587e-001
 7.7780551e-001
 7.7505922e-001
 7.7240092e-001
 7.6985651e-001
 7.6745135e-001
 7.6521212e-001
 7.6316571e-001
 7.6133800e-001
 7.5975513e-001
 7.5844097e-001
 7.5741768e-001
 7.5670439e-001
 7.5631601e-001
 7.5626290e-001
 7.5654960e-001
 7.5717425e-001
 7.5812781e-001
 7.5939441e-001
 7.6095110e-001
 7.6276839e-001
 7.6481247e-001
 7.6704514e-001
 7.6942730e-001
 7.7191889e-001
 7.7448130e-001
 7.7707940e-001
 7.7968055e-001
 7.8225732e-001
 7.8478557e-001
 7.8724545e-001
 7.8962183e-001
 7.9190201e-001
 7.9407746e-001
 7.9614168e-001
 7.9809070e-001
 7.9992312e-001
 8.0163842e-001
 8.0323809e-001
 8.0472422e-001
 8.0609947e-001
 8.0736756e-001
 8.0853194e-001
 8.0959618e-001
 8.1056452e-001
 8.1144059e-001
 8.1222862e-001
 8.1293279e-001
 8.1355745e-001
 8.1410724e-001
 8.1458694e-001
 8.1500167e-001
 8.1535667e-001
 8.1565738e-001
 8.1590980e-001
 8.1612033e-001
 8.1629622e-001
 8.1644541e-001
 8.1657708e-001
 8.1670129e-001
 8.1682879e-001
 8.1697065e-001
 8.1713772e-001
 8.1733984e-001
 8.1758565e-001
 8.1788141e-001
 8.1823123e-001
 8.1863660e-001
 8.1909639e-001
 8.1960726e-001
 8.2016355e-001
 8.2075799e-001
 8.2138246e-001
 8.2202786e-001
 8.2268524e-001
 8.2334584e-001
 8.2400155e-001
 8.2464552e-001
 8.2527179e-001
 8.2587600e-001
 8.2645506e-001
 8.2700706e-001
 8.2753158e-001
 8.2802910e-001
 8.2850116e-001
 8.2895011e-001
 8.2937866e-001
 8.2979000e-001
 8.3018702e-001
 8.3057261e-001
 8.3094877e-001
 8.3131695e-001
 8.3167785e-001
 8.3203125e-001
 8.3237624e-001
 8.3271182e-001
 8.3303660e-001
 8.3334953e-001
 8.3365005e-001
 8.3393818e-001
 8.3421469e-001
 8.3448106e-001
 8.3473939e-001
 8.3499181e-001
 8.3524060e-001
 8.3548784e-001
 8.3573472e-001
 8.3598202e-001
 8.3622950e-001
 8.3647621e-001
 8.3672088e-001
 8.3696187e-001
 8.3719778e-001
 8.3742744e-001
 8.3765042e-001
 8.3786666e-001
 8.3807665e-001
 8.3828110e-001
 8.3848071e-001
 8.3867610e-001
 8.3886749e-001
 8.3905482e-001
 8.3923775e-001
 8.3941585e-001
 8.3958858e-001
 8.3975583e-001
 8.3991754e-001
 8.4007424e-001
 8.4022677e-001
 8.4037626e-001
 8.4052390e-001
 8.4067094e-001
 8.4081823e-001
 8.4096622e-001
 8.4111482e-001
 8.4126359e-001
 8.4141159e-001
 8.4155786e-001
 8.4170151e-001
 8.4184211e-001
 8.4197962e-001
 8.4211475e-001
 8.4224850e-001
 8.4238243e-001
 8.4251821e-001
 8.4265733e-001
 8.4280092e-001
 8.4294945e-001
 8.4310281e-001
 8.4325993e-001
 8.4341896e-001
 8.4357768e-001
 8.4373379e-001
 8.4388518e-001
 8.4403032e-001
 8.4416866e-001
 8.4430075e-001
 8.4442770e-001
 8.4455150e-001
 8.4467417e-001
 8.4479761e-001
 8.4492314e-001
 8.4505111e-001
 8.4518117e-001
 8.4531206e-001
 8.4544170e-001
 8.4556800e-001
 8.4568852e-001
 8.4580123e-001
 8.4590465e-001
 8.4599775e-001
 8.4608060e-001
 8.4615368e-001
 8.4621829e-001
 8.4627634e-001
 8.4632993e-001
 8.4638137e-001
 8.4643298e-001
 8.4648651e-001
 8.4654349e-001
 8.4660476e-001
 8.4667069e-001
 8.4674126e-001
 8.4681630e-001
 8.4689552e-001
 8.4697866e-001
 8.4706581e-001
 8.4715712e-001
 8.4725273e-001
 8.4735292e-001
 8.4745771e-001
 8.4756684e-001
 8.4767973e-001
 8.4779543e-001
 8.4791261e-001
 8.4802973e-001
 8.4814495e-001
 8.4825653e-001
 8.4836280e-001
 8.4846252e-001
 8.4855479e-001
 8.4863925e-001
 8.4871632e-001
 8.4878671e-001
 8.4885168e-001
 8.4891284e-001
 8.4897190e-001
 8.4903038e-001
 8.4908980e-001
 8.4915131e-001
 8.4921569e-001
 8.4928340e-001
 8.4935462e-001
 8.4942937e-001
 8.4950739e-001
 8.4958810e-001
 8.4967077e-001
 8.4975445e-001
 8.4983784e-001
 8.4991944e-001
 8.4999770e-001
 8.5007101e-001
 8.5013801e-001
 8.5019785e-001
 8.5024995e-001
 8.5029447e-001
 8.5033208e-001
 8.5036391e-001
 8.5039139e-001
 8.5041606e-001
 8.5043931e-001
 8.5046220e-001
 8.5048556e-001
 8.5050988e-001
 8.5053527e-001
 8.5056174e-001
 8.5058945e-001
 8.5061836e-001
 8.5064876e-001
 8.5068071e-001
 8.5071456e-001
 8.5075051e-001
 8.5078877e-001
 8.5082948e-001
 8.5087293e-001
 8.5091931e-001
 8.5096872e-001
 8.5102135e-001
 8.5107720e-001
 8.5113609e-001
 8.5119742e-001
 8.5126042e-001
 8.5132384e-001
 8.5138625e-001
 8.5144597e-001
 8.5150129e-001
 8.5155058e-001
 8.5159284e-001
 8.5162735e-001
 8.5165441e-001
 8.5167485e-001
 8.5169041e-001
 8.5170329e-001
 8.5171616e-001
 8.5173160e-001
 8.5175192e-001
 8.5177881e-001
 8.5181308e-001
 8.5185474e-001
 8.5190266e-001
 8.5195506e-001
 8.5200924e-001
 8.5206246e-001
 8.5211182e-001
 8.5215467e-001
 8.5218924e-001
 8.5221428e-001
 8.5222977e-001
 8.5223639e-001
 8.5223579e-001
 8.5223007e-001
 8.5222161e-001
 8.5221285e-001
 8.5220587e-001
 8.5220224e-001
 8.5220289e-001
 8.5220802e-001
 8.5221714e-001
 8.5222930e-001
 8.5224319e-001
 8.5225719e-001
 8.5227007e-001
 8.5228062e-001
 8.5228813e-001
 8.5229242e-001
 8.5229385e-001
 8.5229301e-001
 8.5229087e-001
 8.5228848e-001
 8.5228658e-001
 8.5228556e-001
 8.5228521e-001
 8.5228467e-001
 8.5228252e-001
 8.5227704e-001
 8.5226661e-001
 8.5224998e-001
 8.5222650e-001
 8.5219634e-001
 8.5216051e-001
 8.5212034e-001
 8.5207725e-001
 8.5203236e-001
 8.5198605e-001
 8.5193783e-001
 8.5188645e-001
 8.5183012e-001
 8.5176694e-001
 8.5169512e-001
 8.5161376e-001
 8.5152268e-001
 8.5142273e-001
 8.5131562e-001
 8.5120374e-001
 8.5108989e-001
 8.5097671e-001
 8.5086650e-001
 8.5076094e-001
 8.5066080e-001
 8.5056603e-001
 8.5047579e-001
 8.5038882e-001
 8.5030371e-001
 8.5021925e-001
 8.5013443e-001
 8.5004848e-001
 8.4996092e-001
 8.4987092e-001
 8.4977758e-001
 8.4967935e-001
 8.4957445e-001
 8.4946084e-001
 8.4933674e-001
 8.4920061e-001
 8.4905159e-001
 8.4888941e-001
 8.4871447e-001
 8.4852761e-001
 8.4833020e-001
 8.4812421e-001
 8.4791172e-001
 8.4769565e-001
 8.4747910e-001
 8.4726572e-001
 8.4705907e-001
 8.4686279e-001
 8.4668005e-001
 8.4651339e-001
 8.4636456e-001
 8.4623444e-001
 8.4612322e-001
 8.4603047e-001
 8.4595537e-001
 8.4589672e-001
 8.4585309e-001
 8.4582281e-001
 8.4580380e-001
 8.4579355e-001
 8.4578925e-001
 8.4578800e-001
 8.4578705e-001
 8.4578401e-001
 8.4577709e-001
 8.4576541e-001
 8.4574884e-001
 8.4572780e-001
 8.4570324e-001
 8.4567630e-001
 8.4564817e-001
 8.4561962e-001
 8.4559101e-001
 8.4556198e-001
 8.4553152e-001
 8.4549767e-001
 8.4545785e-001
 8.4540898e-001
 8.4534788e-001
 8.4527189e-001
 8.4517938e-001
 8.4506983e-001
 8.4494454e-001
 8.4480608e-001
 8.4465849e-001
 8.4450686e-001
 8.4435683e-001
 8.4421480e-001
 8.4408724e-001
 8.4398103e-001
 8.4390312e-001
 8.4386021e-001
 8.4385788e-001
 8.4390002e-001
 8.4398764e-001
 8.4409958e-001
 8.4427136e-001
 8.4447056e-001
 8.4468406e-001
 8.4489751e-001
 8.4509772e-001
 8.4527379e-001
 8.4541821e-001
 8.4552717e-001
 8.4559995e-001
 8.4563863e-001
 8.4564710e-001
 8.4563035e-001
 8.4559387e-001
 8.4554285e-001
 8.4548211e-001
 8.4541553e-001
 8.4534597e-001
 8.4527546e-001
 8.4520513e-001
 8.4513557e-001
 8.4506720e-001
 8.4499997e-001
 8.4493393e-001
 8.4486872e-001
 8.4480375e-001
 8.4473795e-001
 8.4466988e-001
 8.4459776e-001
 8.4451973e-001
 8.4443390e-001
 8.4433860e-001
 8.4423244e-001
 8.4411418e-001
 8.4398311e-001
 8.4383875e-001
 8.4368086e-001
 8.4350950e-001
 8.4332502e-001
 8.4312814e-001
 8.4291971e-001
 8.4270066e-001
 8.4247184e-001
 8.4223384e-001
 8.4198654e-001
 8.4172940e-001
 8.4146130e-001
 8.4118050e-001
 8.4088486e-001
 8.4057164e-001
 8.4023744e-001
 8.3987772e-001
 8.3948684e-001
 8.3905756e-001
 8.3858114e-001
 8.3804762e-001
 8.3744645e-001
 8.3676726e-001
 8.3600068e-001
 8.3513892e-001
 8.3417648e-001
 8.3310980e-001
 8.3193749e-001
 8.3065963e-001
 8.2927626e-001
 8.2778758e-001
 8.2619321e-001
 8.2449090e-001
 8.2267797e-001
 8.2074970e-001
 8.1870073e-001
 8.1652462e-001
 8.1421274e-001
 8.1175596e-001
 8.0914181e-001
 8.0635655e-001
 8.0338401e-001
 8.0020463e-001
 7.9679883e-001
 7.9314446e-001
 7.8922135e-001
 7.8501147e-001
 7.8049928e-001
 7.7567732e-001
 7.7054346e-001
 7.6510704e-001
 7.5938821e-001
 7.5341660e-001
 7.4723566e-001
 7.4090004e-001
 7.3447186e-001
 7.2802466e-001
 7.2163486e-001
 7.1538556e-001
 7.0936185e-001
 7.0364672e-001
 6.9832385e-001
 6.9346994e-001
 6.8915665e-001
 6.8544573e-001
 6.8238515e-001
 6.8000978e-001
 6.7833668e-001
 6.7736667e-001
 6.7708337e-001
 6.7745513e-001
 6.7843711e-001
 6.7997468e-001
 6.8200576e-001
 6.8446380e-001
 6.8728173e-001
 6.9039184e-001
 6.9373041e-001
 6.9723630e-001
 7.0085287e-001
 7.0452982e-001
 7.0822060e-001
 7.1188378e-001
 7.1548432e-001
 7.1899056e-001
 7.2237790e-001
 7.2562575e-001
 7.2871953e-001
 7.3165113e-001
 7.3441583e-001
 7.3701483e-001
 7.3945105e-001
 7.4172974e-001
 7.4385804e-001
 7.4584216e-001
 7.4768955e-001
 7.4940646e-001
 7.5099909e-001
 7.5247377e-001
 7.5383610e-001
 7.5509191e-001
 7.5624657e-001
 7.5730556e-001
 7.5827473e-001
 7.5916016e-001
 7.5996834e-001
 7.6070672e-001
 7.6138306e-001
 7.6200604e-001
 7.6258433e-001
 7.6312661e-001
 7.6364130e-001
 7.6413566e-001
 7.6461625e-001
 7.6508814e-001
 7.6555520e-001
 7.6602060e-001
 7.6648635e-001
 7.6695430e-001
 7.6742578e-001
 7.6790190e-001
 7.6838368e-001
 7.6887172e-001
 7.6936662e-001
 7.6986849e-001
 7.7037716e-001
 7.7089268e-001
 7.7141446e-001
 7.7194190e-001
 7.7247417e-001
 7.7301002e-001
 7.7354789e-001
 7.7408618e-001
 7.7462316e-001
 7.7515823e-001
 7.7569133e-001
 7.7622426e-001
 7.7675980e-001
 7.7730191e-001
 7.7785516e-001
 7.7842331e-001
 7.7900904e-001
 7.7961284e-001
 7.8023291e-001
 7.8086561e-001
 7.8150523e-001
 7.8214586e-001
 7.8278136e-001
 7.8340667e-001
 7.8401881e-001
 7.8461641e-001
 7.8520060e-001
 7.8577435e-001
 7.8634268e-001
 7.8691232e-001
 7.8749084e-001
 7.8808695e-001
 7.8870946e-001
 7.8936684e-001
 7.9006660e-001
 7.9081464e-001
 7.9161441e-001
 7.9246706e-001
 7.9337049e-001
 7.9432040e-001
 7.9530978e-001
 7.9633051e-001
 7.9737294e-001
 7.9842800e-001
 7.9948771e-001
 8.0054426e-001
 8.0159223e-001
 8.0262685e-001
 8.0364478e-001
 8.0464202e-001
 8.0561560e-001
 8.0656254e-001
 8.0747914e-001
 8.0836314e-001
 8.0921316e-001
 8.1002861e-001
 8.1081116e-001
 8.1156379e-001
 8.1229043e-001
 8.1299496e-001
 8.1368142e-001
 8.1435293e-001
 8.1501091e-001
 8.1565624e-001
 8.1628895e-001
 8.1690818e-001
 8.1751353e-001
 8.1810468e-001
 8.1868130e-001
 8.1924349e-001
 8.1979138e-001
 8.2032514e-001
 8.2084435e-001
 8.2134920e-001
 8.2183987e-001
 8.2231677e-001
 8.2278126e-001
 8.2323545e-001
 8.2368189e-001
 8.2412374e-001
 8.2456446e-001
 8.2500696e-001
 8.2545334e-001
 8.2590455e-001
 8.2636040e-001
 8.2681865e-001
 8.2727611e-001
 8.2772803e-001
 8.2816851e-001
 8.2859087e-001
 8.2898808e-001
 8.2935309e-001
 8.2968020e-001
 8.2996523e-001
 8.3020687e-001
 8.3040643e-001
 8.3056837e-001
 8.3069938e-001
 8.3080745e-001
 8.3090043e-001
 8.3098555e-001
 8.3106774e-001
 8.3115023e-001
 8.3123398e-001
 8.3131844e-001
 8.3140200e-001
 8.3148259e-001
 8.3155823e-001
 8.3162713e-001
 8.3168805e-001
 8.3174014e-001
 8.3178306e-001
 8.3181679e-001
 8.3184171e-001
 8.3185822e-001
 8.3186668e-001
 8.3186764e-001
 8.3186120e-001
 8.3184761e-001
 8.3182669e-001
 8.3179820e-001
 8.3176208e-001
 8.3171821e-001
 8.3166677e-001
 8.3160841e-001
 8.3154422e-001
 8.3147579e-001
 8.3140504e-001
 8.3133417e-001
 8.3126533e-001
 8.3120054e-001
 8.3114153e-001
 8.3108956e-001
 8.3104557e-001
 8.3101022e-001
 8.3098406e-001
 8.3096761e-001
 8.3096153e-001
 8.3096659e-001
 8.3098376e-001
 8.3101404e-001
 8.3105814e-001
 8.3111638e-001
 8.3118862e-001
 8.3127373e-001
 8.3137023e-001
 8.3147591e-001
 8.3158839e-001
 8.3170521e-001
 8.3182389e-001
 8.3194196e-001
 8.3205682e-001
 8.3216554e-001
 8.3226490e-001
 8.3235145e-001
 8.3242190e-001
 8.3247358e-001
 8.3250469e-001
 8.3251524e-001
 8.3250695e-001
 8.3248317e-001
 8.3244830e-001
 8.3240712e-001
 8.3236361e-001
 8.3231997e-001
 8.3227605e-001
 8.3222872e-001
 8.3217257e-001
 8.3210057e-001
 8.3200490e-001
 8.3187795e-001
 8.3171326e-001
 8.3150572e-001
 8.3125174e-001
 8.3094960e-001
 8.3059895e-001
 8.3020073e-001
 8.2975763e-001
 8.2927299e-001
 8.2875103e-001
 8.2819670e-001
 8.2761461e-001
 8.2700908e-001
 8.2638395e-001
 8.2574266e-001
 8.2508755e-001
 8.2442021e-001
 8.2374161e-001
 8.2305121e-001
 8.2234699e-001
 8.2162607e-001
 8.2088345e-001
 8.2011300e-001
 8.1930792e-001
 8.1846046e-001
 8.1756264e-001
 8.1660688e-001
 8.1558698e-001
 8.1449753e-001
 8.1333476e-001
 8.1209767e-001
 8.1078649e-001
 8.0940348e-001
 8.0795366e-001
 8.0644244e-001
 8.0487663e-001
 8.0326289e-001
 8.0160862e-001
 7.9991931e-001
 7.9819900e-001
 7.9645157e-001
 7.9467833e-001
 7.9287952e-001
 7.9105622e-001
 7.8920782e-001
 7.8733414e-001
 7.8543657e-001
 7.8351569e-001
 7.8157306e-001
 7.7960998e-001
 7.7762932e-001
 7.7563238e-001
 7.7362025e-001
 7.7159482e-001
 7.6955605e-001
 7.6750338e-001
 7.6543748e-001
 7.6335752e-001
 7.6126367e-001
 7.5915653e-001
 7.5703996e-001
 7.5491869e-001
 7.5280029e-001
 7.5069737e-001
 7.4862492e-001
 7.4660182e-001
 7.4465197e-001
 7.4280083e-001
 7.4107617e-001
 7.3950630e-001
 7.3811984e-001
 7.3694223e-001
 7.3599541e-001
 7.3529738e-001
 7.3485935e-001
 7.3468649e-001
 7.3477715e-001
 7.3512292e-001
 7.3570937e-001
 7.3651665e-001
 7.3752099e-001
 7.3869550e-001
 7.4001181e-001
 7.4143958e-001
 7.4294955e-001
 7.4451339e-001
 7.4610293e-001
 7.4769330e-001
 7.4926209e-001
 7.5078875e-001
 7.5225699e-001
 7.5365376e-001
 7.5496995e-001
 7.5619954e-001
 7.5734150e-001
 7.5839907e-001
 7.5937843e-001
 7.6029027e-001
 7.6114786e-001
 7.6196545e-001
 7.6275831e-001
 7.6354074e-001
 7.6432455e-001
 7.6511943e-001
 7.6593190e-001
 7.6676607e-001
 7.6762313e-001
 7.6850325e-001
 7.6940554e-001
 7.7032781e-001
 7.7126777e-001
 7.7222240e-001
 7.7318686e-001
 7.7415586e-001
 7.7512205e-001
 7.7607703e-001
 7.7701026e-001
 7.7791119e-001
 7.7876848e-001
 7.7957052e-001
 7.8030658e-001
 7.8096730e-001
 7.8154421e-001
 7.8203154e-001
 7.8242588e-001
 7.8272605e-001
 7.8293353e-001
 7.8305191e-001
 7.8308588e-001
 7.8304118e-001
 7.8292358e-001
 7.8273827e-001
 7.8248996e-001
 7.8218180e-001
 7.8181583e-001
 7.8139287e-001
 7.8091240e-001
 7.8037322e-001
 7.7977359e-001
 7.7911276e-001
 7.7839005e-001
 7.7760607e-001
 7.7676302e-001
 7.7586341e-001
 7.7491021e-001
 7.7390742e-001
 7.7285826e-001
 7.7176595e-001
 7.7063489e-001
 7.6946908e-001
 7.6827341e-001
 7.6705348e-001
 7.6581645e-001
 7.6456928e-001
 7.6331925e-001
 7.6207441e-001
 7.6084149e-001
 7.5962639e-001
 7.5843483e-001
 7.5727057e-001
 7.5613666e-001
 7.5503498e-001
 7.5396752e-001
 7.5293499e-001
 7.5193739e-001
 7.5097495e-001
 7.5004637e-001
 7.4914938e-001
 7.4828172e-001
 7.4743986e-001
 7.4662000e-001
 7.4581927e-001
 7.4503469e-001
 7.4426460e-001
 7.4350810e-001
 7.4276561e-001
 7.4203700e-001
 7.4132174e-001
 7.4061853e-001
 7.3992324e-001
 7.3922968e-001
 7.3852974e-001
 7.3781306e-001
 7.3706853e-001
 7.3628497e-001
 7.3545283e-001
 7.3456365e-001
 7.3361081e-001
 7.3259014e-001
 7.3149854e-001
 7.3033410e-001
 7.2909731e-001
 7.2778952e-001
 7.2641456e-001
 7.2497869e-001
 7.2349191e-001
 7.2196615e-001
 7.2041553e-001
 7.1885711e-001
 7.1730727e-001
 7.1578240e-001
 7.1429884e-001
 7.1287054e-001
 7.1150953e-001
 7.1022767e-001
 7.0903510e-001
 7.0794255e-001
 7.0696169e-001
 7.0610642e-001
 7.0539200e-001
 7.0483464e-001
 7.0445085e-001
 7.0425475e-001
 7.0425689e-001
 7.0446241e-001
 7.0487010e-001
 7.0547223e-001
 7.0625556e-001
 7.0720142e-001
 7.0828891e-001
 7.0949554e-001
 7.1079785e-001
 7.1217382e-001
 7.1360266e-001
 7.1506363e-001
 7.1653843e-001
 7.1800977e-001
 7.1946067e-001
 7.2087669e-001
 7.2224456e-001
 7.2355336e-001
 7.2479326e-001
 7.2595751e-001
 7.2704101e-001
 7.2803903e-001
 7.2894841e-001
 7.2976571e-001
 7.3048633e-001
 7.3110574e-001
 7.3161894e-001
 7.3202157e-001
 7.3231083e-001
 7.3248726e-001
 7.3255485e-001
 7.3252159e-001
 7.3239857e-001
 7.3219895e-001
 7.3193669e-001
 7.3162460e-001
 7.3127341e-001
 7.3089188e-001
 7.3048580e-001
 7.3005897e-001
 7.2961342e-001
 7.2915006e-001
 7.2866893e-001
 7.2816992e-001
 7.2765368e-001
 7.2712129e-001
 7.2657490e-001
 7.2601771e-001
 7.2545290e-001
 7.2488356e-001
 7.2431195e-001
 7.2374040e-001
 7.2317052e-001
 7.2260427e-001
 7.2204494e-001
 7.2149587e-001
 7.2096068e-001
 7.2044224e-001
 7.1994084e-001
 7.1945357e-001
 7.1897423e-001
 7.1849287e-001
 7.1799773e-001
 7.1747649e-001
 7.1691865e-001
 7.1631664e-001
 7.1566719e-001
 7.1497220e-001
 7.1423697e-001
 7.1346945e-001
 7.1267903e-001
 7.1187395e-001
 7.1106052e-001
 7.1024239e-001
 7.0942104e-001
 7.0859563e-001
 7.0776427e-001
 7.0692527e-001
 7.0607668e-001
 7.0521683e-001
 7.0434517e-001
 7.0346069e-001
 7.0256317e-001
 7.0165384e-001
 7.0073426e-001
 6.9980729e-001
 6.9887561e-001
 6.9794172e-001
 6.9700539e-001
 6.9606394e-001
 6.9511276e-001
 6.9414568e-001
 6.9315714e-001
 6.9214493e-001
 6.9110984e-001
 6.9005704e-001
 6.8899500e-001
 6.8793523e-001
 6.8688935e-001
 6.8586814e-001
 6.8488133e-001
 6.8393481e-001
 6.8303043e-001
 6.8216622e-001
 6.8133450e-001
 6.8052375e-001
 6.7971897e-001
 6.7890483e-001
 6.7806655e-001
 6.7719269e-001
 6.7627710e-001
 6.7531794e-001
 6.7431754e-001
 6.7328185e-001
 6.7221767e-001
 6.7113185e-001
 6.7003131e-001
 6.6892111e-001
 6.6780525e-001
 6.6668600e-001
 6.6556525e-001
 6.6444296e-001
 6.6331810e-001
 6.6218954e-001
 6.6105503e-001
 6.5991223e-001
 6.5875995e-001
 6.5759718e-001
 6.5642470e-001
 6.5524507e-001
 6.5406394e-001
 6.5288848e-001
 6.5172744e-001
 6.5059125e-001
 6.4948893e-001
 6.4842755e-001
 6.4741200e-001
 6.4644259e-001
 6.4551616e-001
 6.4462775e-001
 6.4377046e-001
 6.4293820e-001
 6.4212698e-001
 6.4133668e-001
 6.4057022e-001
 6.3983393e-001
 6.3913667e-001
 6.3848740e-001
 6.3789368e-001
 6.3736117e-001
 6.3689160e-001
 6.3648367e-001
 6.3613343e-001
 6.3583535e-001
 6.3558280e-001
 6.3536930e-001
-1.2300000e+034
