s07_ASD Record=13583: Kaolin_Smect KLF506 .95Kaol   BECKb AREF
 1.9349281e-001
 1.9517751e-001
 1.9689311e-001
 1.9863234e-001
 2.0038620e-001
 2.0214464e-001
 2.0389786e-001
 2.0563656e-001
 2.0735365e-001
 2.0904568e-001
 2.1071437e-001
 2.1236594e-001
 2.1401024e-001
 2.1565937e-001
 2.1732491e-001
 2.1901436e-001
 2.2072797e-001
 2.2246078e-001
 2.2420630e-001
 2.2596155e-001
 2.2772987e-001
 2.2952010e-001
 2.3134243e-001
 2.3320241e-001
 2.3509841e-001
 2.3702188e-001
 2.3896258e-001
 2.4091694e-001
 2.4289186e-001
 2.4489969e-001
 2.4694839e-001
 2.4903710e-001
 2.5115728e-001
 2.5329623e-001
 2.5543848e-001
 2.5757155e-001
 2.5968951e-001
 2.6179045e-001
 2.6387265e-001
 2.6593179e-001
 2.6796198e-001
 2.6995867e-001
 2.7192122e-001
 2.7385339e-001
 2.7576062e-001
 2.7764735e-001
 2.7951428e-001
 2.8135833e-001
 2.8317308e-001
 2.8495044e-001
 2.8668210e-001
 2.8836197e-001
 2.8998905e-001
 2.9156867e-001
 2.9311118e-001
 2.9462823e-001
 2.9612944e-001
 2.9761994e-001
 2.9909924e-001
 3.0055901e-001
 3.0198365e-001
 3.0337268e-001
 3.0473000e-001
 3.0605817e-001
 3.0736914e-001
 3.0868536e-001
 3.1001964e-001
 3.1137204e-001
 3.1273624e-001
 3.1410468e-001
 3.1547543e-001
 3.1685469e-001
 3.1825238e-001
 3.1967512e-001
 3.2112077e-001
 3.2257944e-001
 3.2403868e-001
 3.2549104e-001
 3.2693839e-001
 3.2839152e-001
 3.2986543e-001
 3.3137259e-001
 3.3291849e-001
 3.3449951e-001
 3.3610559e-001
 3.3772504e-001
 3.3934918e-001
 3.4097528e-001
 3.4260383e-001
 3.4423289e-001
 3.4585086e-001
 3.4743407e-001
 3.4895188e-001
 3.5037860e-001
 3.5170490e-001
 3.5294160e-001
 3.5411459e-001
 3.5525176e-001
 3.5637194e-001
 3.5748044e-001
 3.5857105e-001
 3.5962817e-001
 3.6062837e-001
 3.6154389e-001
 3.6235106e-001
 3.6304435e-001
 3.6364314e-001
 3.6418447e-001
 3.6470473e-001
 3.6522165e-001
 3.6572906e-001
 3.6620724e-001
 3.6664060e-001
 3.6702925e-001
 3.6738807e-001
 3.6773509e-001
 3.6808088e-001
 3.6842743e-001
 3.6877584e-001
 3.6913237e-001
 3.6950454e-001
 3.6989489e-001
 3.7030321e-001
 3.7073556e-001
 3.7120399e-001
 3.7170869e-001
 3.7222156e-001
 3.7269786e-001
 3.7311471e-001
 3.7349877e-001
 3.7391111e-001
 3.7440389e-001
 3.7499234e-001
 3.7566274e-001
 3.7639198e-001
 3.7715203e-001
 3.7790430e-001
 3.7861118e-001
 3.7926480e-001
 3.7990090e-001
 3.8057610e-001
 3.8132846e-001
 3.8216114e-001
 3.8305283e-001
 3.8397196e-001
 3.8488361e-001
 3.8576314e-001
 3.8661540e-001
 3.8747302e-001
 3.8836324e-001
 3.8927478e-001
 3.9016551e-001
 3.9100826e-001
 3.9182666e-001
 3.9267972e-001
 3.9360952e-001
 3.9460367e-001
 3.9560652e-001
 3.9656255e-001
 3.9745194e-001
 3.9829373e-001
 3.9912403e-001
 3.9997104e-001
 4.0084404e-001
 4.0173939e-001
 4.0265274e-001
 4.0358350e-001
 4.0452442e-001
 4.0544885e-001
 4.0632221e-001
 4.0713966e-001
 4.0795025e-001
 4.0882105e-001
 4.0975830e-001
 4.1066778e-001
 4.1142070e-001
 4.1197988e-001
 4.1245282e-001
 4.1300005e-001
 4.1369411e-001
 4.1448724e-001
 4.1530517e-001
 4.1613492e-001
 4.1700861e-001
 4.1792476e-001
 4.1881469e-001
 4.1959429e-001
 4.2024219e-001
 4.2081964e-001
 4.2141485e-001
 4.2207068e-001
 4.2276305e-001
 4.2343962e-001
 4.2407039e-001
 4.2466259e-001
 4.2523968e-001
 4.2581823e-001
 4.2639691e-001
 4.2695692e-001
 4.2748117e-001
 4.2798674e-001
 4.2852643e-001
 4.2913517e-001
 4.2978999e-001
 4.3045104e-001
 4.3112144e-001
 4.3182871e-001
 4.3257564e-001
 4.3336543e-001
 4.3424293e-001
 4.3523005e-001
 4.3623707e-001
 4.3712893e-001
 4.3788671e-001
 4.3862700e-001
 4.3944234e-001
 4.4027498e-001
 4.4098213e-001
 4.4150767e-001
 4.4195601e-001
 4.4248611e-001
 4.4316915e-001
 4.4398528e-001
 4.4490376e-001
 4.4588333e-001
 4.4682732e-001
 4.4764560e-001
 4.4836965e-001
 4.4913131e-001
 4.5002374e-001
 4.5103607e-001
 4.5210916e-001
 4.5319018e-001
 4.5423672e-001
 4.5523342e-001
 4.5622629e-001
 4.5730844e-001
 4.5854223e-001
 4.5989305e-001
 4.6124691e-001
 4.6250582e-001
 4.6366909e-001
 4.6481517e-001
 4.6601260e-001
 4.6725929e-001
 4.6849582e-001
 4.6965873e-001
 4.7072989e-001
 4.7176155e-001
 4.7286236e-001
 4.7413626e-001
 4.7560722e-001
 4.7718158e-001
 4.7867504e-001
 4.7991198e-001
 4.8086250e-001
 4.8168284e-001
 4.8258170e-001
 4.8362687e-001
 4.8471776e-001
 4.8575151e-001
 4.8673612e-001
 4.8771873e-001
 4.8872089e-001
 4.8977327e-001
 4.9089780e-001
 4.9205732e-001
 4.9319655e-001
 4.9429107e-001
 4.9533072e-001
 4.9630761e-001
 4.9720952e-001
 4.9802554e-001
 4.9880835e-001
 4.9966127e-001
 5.0059843e-001
 5.0151503e-001
 5.0232387e-001
 5.0303119e-001
 5.0370800e-001
 5.0444508e-001
 5.0528628e-001
 5.0618184e-001
 5.0705564e-001
 5.0787872e-001
 5.0863206e-001
 5.0928813e-001
 5.0988215e-001
 5.1052999e-001
 5.1133323e-001
 5.1231229e-001
 5.1342887e-001
 5.1457763e-001
 5.1556152e-001
 5.1624382e-001
 5.1677287e-001
 5.1745039e-001
 5.1830423e-001
 5.1905590e-001
 5.1959288e-001
 5.2014422e-001
 5.2087587e-001
 5.2164888e-001
 5.2231395e-001
 5.2295125e-001
 5.2368975e-001
 5.2451116e-001
 5.2534097e-001
 5.2618086e-001
 5.2707452e-001
 5.2804255e-001
 5.2909428e-001
 5.3022057e-001
 5.3132939e-001
 5.3226358e-001
 5.3295040e-001
 5.3351569e-001
 5.3421462e-001
 5.3525293e-001
 5.3658754e-001
 5.3788471e-001
 5.3879541e-001
 5.3928250e-001
 5.3960770e-001
 5.4004884e-001
 5.4069942e-001
 5.4148018e-001
 5.4226846e-001
 5.4300261e-001
 5.4369509e-001
 5.4439205e-001
 5.4513949e-001
 5.4597056e-001
 5.4690206e-001
 5.4793239e-001
 5.4904163e-001
 5.5019212e-001
 5.5133146e-001
 5.5240625e-001
 5.5338728e-001
 5.5428791e-001
 5.5515522e-001
 5.5604398e-001
 5.5699182e-001
 5.5799294e-001
 5.5896336e-001
 5.5973303e-001
 5.6013024e-001
 5.6013751e-001
 5.5997872e-001
 5.6000930e-001
 5.6046438e-001
 5.6130385e-001
 5.6233507e-001
 5.6347197e-001
 5.6460404e-001
 5.6547296e-001
 5.6599343e-001
 5.6646943e-001
 5.6716371e-001
 5.6793797e-001
 5.6862134e-001
 5.6939155e-001
 5.7045454e-001
 5.7163787e-001
 5.7258451e-001
 5.7315147e-001
 5.7348520e-001
 5.7383698e-001
 5.7433891e-001
 5.7493228e-001
 5.7553077e-001
 5.7617694e-001
 5.7697004e-001
 5.7790738e-001
 5.7884187e-001
 5.7959521e-001
 5.8015764e-001
 5.8070368e-001
 5.8129615e-001
 5.8175600e-001
 5.8203876e-001
 5.8248132e-001
 5.8337009e-001
 5.8449054e-001
 5.8534634e-001
 5.8565629e-001
 5.8556759e-001
 5.8551961e-001
 5.8588833e-001
 5.8669722e-001
 5.8762604e-001
 5.8828056e-001
 5.8853942e-001
 5.8864403e-001
 5.8887333e-001
 5.8920872e-001
 5.8947498e-001
 5.8954293e-001
 5.8941990e-001
 5.8927882e-001
 5.8935159e-001
 5.8971566e-001
 5.9023082e-001
 5.9072667e-001
 5.9110802e-001
 5.9134483e-001
 5.9144777e-001
 5.9148765e-001
 5.9158880e-001
 5.9185100e-001
 5.9225452e-001
 5.9266549e-001
 5.9294736e-001
 5.9306717e-001
 5.9309733e-001
 5.9313691e-001
 5.9325641e-001
 5.9349054e-001
 5.9383649e-001
 5.9422374e-001
 5.9452027e-001
 5.9461188e-001
 5.9450281e-001
 5.9430426e-001
 5.9413224e-001
 5.9404719e-001
 5.9404904e-001
 5.9410465e-001
 5.9416503e-001
 5.9422147e-001
 5.9423280e-001
 5.9417635e-001
 5.9407139e-001
 5.9395415e-001
 5.9386122e-001
 5.9382457e-001
 5.9384799e-001
 5.9392351e-001
 5.9404349e-001
 5.9419602e-001
 5.9434015e-001
 5.9442383e-001
 5.9439456e-001
 5.9421337e-001
 5.9392661e-001
 5.9361583e-001
 5.9336239e-001
 5.9323657e-001
 5.9323239e-001
 5.9333235e-001
 5.9346592e-001
 5.9360522e-001
 5.9372824e-001
 5.9382635e-001
 5.9389198e-001
 5.9391743e-001
 5.9389567e-001
 5.9383667e-001
 5.9376699e-001
 5.9371382e-001
 5.9370452e-001
 5.9376448e-001
 5.9387642e-001
 5.9398103e-001
 5.9401715e-001
 5.9392363e-001
 5.9364259e-001
 5.9318233e-001
 5.9261715e-001
 5.9202349e-001
 5.9147847e-001
 5.9105861e-001
 5.9081984e-001
 5.9073699e-001
 5.9076536e-001
 5.9086001e-001
 5.9097624e-001
 5.9106916e-001
 5.9110457e-001
 5.9108877e-001
 5.9103745e-001
 5.9096664e-001
 5.9089231e-001
 5.9083033e-001
 5.9079665e-001
 5.9080267e-001
 5.9084278e-001
 5.9090728e-001
 5.9098643e-001
 5.9107053e-001
 5.9114987e-001
 5.9121478e-001
 5.9125549e-001
 5.9126526e-001
 5.9124869e-001
 5.9121311e-001
 5.9116578e-001
 5.9111392e-001
 5.9106481e-001
 5.9102565e-001
 5.9100378e-001
 5.9100378e-001
 5.9102058e-001
 5.9104669e-001
 5.9107482e-001
 5.9109753e-001
 5.9110725e-001
 5.9109676e-001
 5.9105861e-001
 5.9098816e-001
 5.9089190e-001
 5.9077835e-001
 5.9065634e-001
 5.9053457e-001
 5.9042168e-001
 5.9032655e-001
 5.9025776e-001
 5.9022415e-001
 5.9023440e-001
 5.9029710e-001
 5.9042108e-001
 5.9061158e-001
 5.9086025e-001
 5.9115624e-001
 5.9148830e-001
 5.9184539e-001
 5.9221661e-001
 5.9259069e-001
 5.9295666e-001
 5.9330350e-001
 5.9362000e-001
 5.9389514e-001
 5.9411788e-001
 5.9428126e-001
 5.9439224e-001
 5.9446132e-001
 5.9449887e-001
 5.9451520e-001
 5.9452087e-001
 5.9452599e-001
 5.9454107e-001
 5.9457654e-001
 5.9464264e-001
 5.9474987e-001
 5.9490556e-001
 5.9510714e-001
 5.9534955e-001
 5.9562790e-001
 5.9593713e-001
 5.9627253e-001
 5.9662879e-001
 5.9700131e-001
 5.9738481e-001
 5.9777462e-001
 5.9816563e-001
 5.9855312e-001
 5.9893227e-001
 5.9929806e-001
 5.9964597e-001
 5.9997106e-001
 6.0026848e-001
 6.0053349e-001
 6.0076123e-001
 6.0094690e-001
 6.0108960e-001
 6.0120159e-001
 6.0129780e-001
 6.0139352e-001
 6.0150373e-001
 6.0164356e-001
 6.0182798e-001
 6.0207218e-001
 6.0239124e-001
 6.0280025e-001
 6.0330647e-001
 6.0389209e-001
 6.0453308e-001
 6.0520595e-001
 6.0588700e-001
 6.0655272e-001
 6.0717928e-001
 6.0774314e-001
 6.0822064e-001
 6.0859668e-001
 6.0888481e-001
 6.0910428e-001
 6.0927451e-001
 6.0941488e-001
 6.0954481e-001
 6.0968369e-001
 6.0985088e-001
 6.1006212e-001
 6.1032146e-001
 6.1063039e-001
 6.1099052e-001
 6.1140305e-001
 6.1186987e-001
 6.1239231e-001
 6.1297202e-001
 6.1360520e-001
 6.1427069e-001
 6.1494416e-001
 6.1560112e-001
 6.1621696e-001
 6.1676723e-001
 6.1722744e-001
 6.1757308e-001
 6.1779493e-001
 6.1793280e-001
 6.1803645e-001
 6.1815453e-001
 6.1835998e-001
 6.1868805e-001
 6.1916804e-001
 6.1979932e-001
 6.2055343e-001
 6.2138289e-001
 6.2223130e-001
 6.2304127e-001
 6.2376565e-001
 6.2438470e-001
 6.2491733e-001
 6.2540990e-001
 6.2591916e-001
 6.2649953e-001
 6.2718952e-001
 6.2799728e-001
 6.2889594e-001
 6.2983245e-001
 6.3074189e-001
 6.3156116e-001
 6.3224310e-001
 6.3277030e-001
 6.3315976e-001
 6.3345540e-001
 6.3371408e-001
 6.3399267e-001
 6.3433594e-001
 6.3476723e-001
 6.3528544e-001
 6.3587010e-001
 6.3649017e-001
 6.3711268e-001
 6.3770986e-001
 6.3826340e-001
 6.3876635e-001
 6.3922077e-001
 6.3963461e-001
 6.4001846e-001
 6.4038366e-001
 6.4073563e-001
 6.4114767e-001
 6.4155871e-001
 6.4197081e-001
 6.4238441e-001
 6.4279819e-001
 6.4320958e-001
 6.4361531e-001
 6.4401186e-001
 6.4439750e-001
 6.4477247e-001
 6.4514023e-001
 6.4550769e-001
 6.4588362e-001
 6.4627719e-001
 6.4669585e-001
 6.4714348e-001
 6.4761943e-001
 6.4811856e-001
 6.4863229e-001
 6.4915055e-001
 6.4966309e-001
 6.5016186e-001
 6.5064150e-001
 6.5109986e-001
 6.5153825e-001
 6.5196073e-001
 6.5237319e-001
 6.5278172e-001
 6.5319103e-001
 6.5360284e-001
 6.5401530e-001
 6.5442353e-001
 6.5482020e-001
 6.5519714e-001
 6.5554720e-001
 6.5586519e-001
 6.5614957e-001
 6.5640259e-001
 6.5663069e-001
 6.5684342e-001
 6.5705234e-001
 6.5726924e-001
 6.5750504e-001
 6.5776783e-001
 6.5806258e-001
 6.5839022e-001
 6.5874797e-001
 6.5913010e-001
 6.5952843e-001
 6.5993387e-001
 6.6033691e-001
 6.6072893e-001
 6.6110289e-001
 6.6145360e-001
 6.6177821e-001
 6.6207629e-001
 6.6234958e-001
 6.6260237e-001
 6.6284084e-001
 6.6307300e-001
 6.6330802e-001
 6.6355586e-001
 6.6382605e-001
 6.6412663e-001
 6.6446298e-001
 6.6483694e-001
 6.6524553e-001
 6.6568160e-001
 6.6613364e-001
 6.6658753e-001
 6.6702837e-001
 6.6744244e-001
 6.6781950e-001
 6.6815394e-001
 6.6844547e-001
 6.6869915e-001
 6.6892374e-001
 6.6912997e-001
 6.6932833e-001
 6.6952688e-001
 6.6973013e-001
 6.6993815e-001
 6.7014736e-001
 6.7035186e-001
 6.7054576e-001
 6.7072529e-001
 6.7089099e-001
 6.7104852e-001
 6.7120868e-001
 6.7138523e-001
 6.7159295e-001
 6.7184395e-001
 6.7214519e-001
 6.7249686e-001
 6.7289156e-001
 6.7331576e-001
 6.7375171e-001
 6.7418051e-001
 6.7458498e-001
 6.7495173e-001
 6.7527270e-001
 6.7554545e-001
 6.7577273e-001
 6.7596167e-001
 6.7612255e-001
 6.7626768e-001
 6.7641026e-001
 6.7656302e-001
 6.7673749e-001
 6.7694235e-001
 6.7718279e-001
 6.7745942e-001
 6.7776859e-001
 6.7810279e-001
 6.7845207e-001
 6.7880601e-001
 6.7915547e-001
 6.7949384e-001
 6.7981791e-001
 6.8012714e-001
 6.8042225e-001
 6.8070406e-001
 6.8097162e-001
 6.8122196e-001
 6.8145043e-001
 6.8165219e-001
 6.8182445e-001
 6.8196809e-001
 6.8208921e-001
 6.8219882e-001
 6.8231165e-001
 6.8244362e-001
 6.8260860e-001
 6.8281591e-001
 6.8306780e-001
 6.8335903e-001
 6.8367738e-001
 6.8400526e-001
 6.8432283e-001
 6.8461090e-001
 6.8485367e-001
 6.8504143e-001
 6.8517148e-001
 6.8524891e-001
 6.8528515e-001
 6.8529677e-001
 6.8530285e-001
 6.8532264e-001
 6.8537265e-001
 6.8546522e-001
 6.8560666e-001
 6.8579739e-001
 6.8603212e-001
 6.8630123e-001
 6.8659300e-001
 6.8689489e-001
 6.8719631e-001
 6.8748915e-001
 6.8776876e-001
 6.8803382e-001
 6.8828499e-001
 6.8852437e-001
 6.8875343e-001
 6.8897295e-001
 6.8918216e-001
 6.8937951e-001
 6.8956298e-001
 6.8973160e-001
 6.8988615e-001
 6.9002968e-001
 6.9016784e-001
 6.9030809e-001
 6.9045943e-001
 6.9063085e-001
 6.9083089e-001
 6.9106615e-001
 6.9134080e-001
 6.9165599e-001
 6.9200891e-001
 6.9239306e-001
 6.9279784e-001
 6.9320929e-001
 6.9361138e-001
 6.9398749e-001
 6.9432294e-001
 6.9460690e-001
 6.9483429e-001
 6.9500655e-001
 6.9513136e-001
 6.9522077e-001
 6.9528860e-001
 6.9534761e-001
 6.9540703e-001
 6.9547093e-001
 6.9553864e-001
 6.9560605e-001
 6.9566810e-001
 6.9572139e-001
 6.9576621e-001
 6.9580781e-001
 6.9585562e-001
 6.9592166e-001
 6.9601810e-001
 6.9615477e-001
 6.9633693e-001
 6.9656402e-001
 6.9683009e-001
 6.9712424e-001
 6.9743299e-001
 6.9774175e-001
 6.9803745e-001
 6.9830954e-001
 6.9855106e-001
 6.9875884e-001
 6.9893277e-001
 6.9907510e-001
 6.9918931e-001
 6.9927931e-001
 6.9934899e-001
 6.9940203e-001
 6.9944227e-001
 6.9947416e-001
 6.9950294e-001
 6.9953483e-001
 6.9957632e-001
 6.9963348e-001
 6.9971073e-001
 6.9980973e-001
 6.9992894e-001
 7.0006323e-001
 7.0020479e-001
 7.0034426e-001
 7.0047271e-001
 7.0058340e-001
 7.0067340e-001
 7.0074475e-001
 7.0080423e-001
 7.0086288e-001
 7.0093405e-001
 7.0103109e-001
 7.0116490e-001
 7.0134193e-001
 7.0156252e-001
 7.0182121e-001
 7.0210719e-001
 7.0240635e-001
 7.0270407e-001
 7.0298707e-001
 7.0324546e-001
 7.0347339e-001
 7.0366919e-001
 7.0383424e-001
 7.0397168e-001
 7.0408541e-001
 7.0417893e-001
 7.0425558e-001
 7.0431840e-001
 7.0437115e-001
 7.0441842e-001
 7.0446593e-001
 7.0452046e-001
 7.0458865e-001
 7.0467633e-001
 7.0478714e-001
 7.0492196e-001
 7.0507854e-001
 7.0525169e-001
 7.0543432e-001
 7.0561826e-001
 7.0579594e-001
 7.0596135e-001
 7.0611066e-001
 7.0624244e-001
 7.0635706e-001
 7.0645595e-001
 7.0654005e-001
 7.0660871e-001
 7.0665920e-001
 7.0668638e-001
 7.0668346e-001
 7.0664334e-001
 7.0656049e-001
 7.0643234e-001
 7.0626062e-001
 7.0605183e-001
 7.0581681e-001
 7.0556915e-001
 7.0532382e-001
 7.0509458e-001
 7.0489216e-001
 7.0472318e-001
 7.0458871e-001
 7.0448506e-001
 7.0440423e-001
 7.0433551e-001
 7.0426744e-001
 7.0418942e-001
 7.0409352e-001
 7.0397550e-001
 7.0383531e-001
 7.0367694e-001
 7.0350748e-001
 7.0333594e-001
 7.0317185e-001
 7.0302367e-001
 7.0289791e-001
 7.0279819e-001
 7.0272499e-001
 7.0267618e-001
 7.0264751e-001
 7.0263374e-001
 7.0262963e-001
 7.0263064e-001
 7.0263398e-001
 7.0263821e-001
 7.0264369e-001
 7.0265156e-001
 7.0266330e-001
 7.0267999e-001
 7.0270193e-001
 7.0272803e-001
 7.0275605e-001
 7.0278257e-001
 7.0280349e-001
 7.0281452e-001
 7.0281160e-001
 7.0279139e-001
 7.0275193e-001
 7.0269293e-001
 7.0261562e-001
 7.0252317e-001
 7.0241994e-001
 7.0231098e-001
 7.0220113e-001
 7.0209372e-001
 7.0198959e-001
 7.0188653e-001
 7.0177847e-001
 7.0165628e-001
 7.0150870e-001
 7.0132351e-001
 7.0108962e-001
 7.0079845e-001
 7.0044506e-001
 7.0002872e-001
 6.9955260e-001
 6.9902325e-001
 6.9844991e-001
 6.9784284e-001
 6.9721359e-001
 6.9657385e-001
 6.9593590e-001
 6.9531244e-001
 6.9471604e-001
 6.9415927e-001
 6.9365352e-001
 6.9320780e-001
 6.9282764e-001
 6.9251323e-001
 6.9225878e-001
 6.9205159e-001
 6.9187212e-001
 6.9169444e-001
 6.9148737e-001
 6.9121599e-001
 6.9084394e-001
 6.9033515e-001
 6.8965656e-001
 6.8877971e-001
 6.8768293e-001
 6.8635255e-001
 6.8478310e-001
 6.8297809e-001
 6.8094802e-001
 6.7871046e-001
 6.7628783e-001
 6.7370468e-001
 6.7098850e-001
 6.6816604e-001
 6.6526526e-001
 6.6231436e-001
 6.5934128e-001
 6.5637612e-001
 6.5344906e-001
 6.5059203e-001
 6.4783728e-001
 6.4521468e-001
 6.4275265e-001
 6.4047545e-001
 6.3840145e-001
 6.3654405e-001
 6.3490993e-001
 6.3350040e-001
 6.3231099e-001
 6.3133079e-001
 6.3054246e-001
 6.2991953e-001
 6.2942415e-001
 6.2900472e-001
 6.2859356e-001
 6.2810862e-001
 6.2745786e-001
 6.2654877e-001
 6.2530273e-001
 6.2367117e-001
 6.2165391e-001
 6.1931098e-001
 6.1677015e-001
 6.1422199e-001
 6.1190373e-001
 6.1007607e-001
 6.0899025e-001
 6.0885763e-001
 6.0982096e-001
 6.1193717e-001
 6.1516994e-001
 6.1939555e-001
 6.2442130e-001
 6.3000602e-001
 6.3589239e-001
 6.4182895e-001
 6.4759511e-001
 6.5301889e-001
 6.5798056e-001
 6.6241831e-001
 6.6631782e-001
 6.6970390e-001
 6.7262900e-001
 6.7515785e-001
 6.7735982e-001
 6.7929900e-001
 6.8103081e-001
 6.8260074e-001
 6.8404311e-001
 6.8538404e-001
 6.8664169e-001
 6.8782836e-001
 6.8895209e-001
 6.9001657e-001
 6.9102222e-001
 6.9196749e-001
 6.9284892e-001
 6.9366276e-001
 6.9440556e-001
 6.9507498e-001
 6.9567102e-001
 6.9619572e-001
 6.9665402e-001
 6.9705319e-001
 6.9740301e-001
 6.9771522e-001
 6.9800305e-001
 6.9828039e-001
 6.9856071e-001
 6.9885594e-001
 6.9917536e-001
 6.9952452e-001
 6.9990486e-001
 7.0031351e-001
 7.0074409e-001
 7.0118797e-001
 7.0163566e-001
 7.0207864e-001
 7.0251119e-001
 7.0293075e-001
 7.0333898e-001
 7.0374060e-001
 7.0414251e-001
 7.0455235e-001
 7.0497620e-001
 7.0541734e-001
 7.0587474e-001
 7.0634305e-001
 7.0681304e-001
 7.0727271e-001
 7.0770991e-001
 7.0811385e-001
 7.0847762e-001
 7.0879948e-001
 7.0908302e-001
 7.0933706e-001
 7.0957410e-001
 7.0980853e-001
 7.1005464e-001
 7.1032447e-001
 7.1062648e-001
 7.1096450e-001
 7.1133727e-001
 7.1173877e-001
 7.1215868e-001
 7.1258330e-001
 7.1299732e-001
 7.1338516e-001
 7.1373284e-001
 7.1402985e-001
 7.1427065e-001
 7.1445596e-001
 7.1459281e-001
 7.1469432e-001
 7.1477783e-001
 7.1486312e-001
 7.1496946e-001
 7.1511298e-001
 7.1530485e-001
 7.1554941e-001
 7.1584445e-001
 7.1618170e-001
 7.1654856e-001
 7.1693093e-001
 7.1731490e-001
 7.1768957e-001
 7.1804851e-001
 7.1838999e-001
 7.1871668e-001
 7.1903449e-001
 7.1935046e-001
 7.1967053e-001
 7.1999717e-001
 7.2032845e-001
 7.2065765e-001
 7.2097439e-001
 7.2126657e-001
 7.2152179e-001
 7.2172922e-001
 7.2188073e-001
 7.2197312e-001
 7.2200906e-001
 7.2199804e-001
 7.2195566e-001
 7.2190225e-001
 7.2185987e-001
 7.2184926e-001
 7.2188669e-001
 7.2198081e-001
 7.2213173e-001
 7.2233170e-001
 7.2256756e-001
 7.2282338e-001
 7.2308320e-001
 7.2333330e-001
 7.2356349e-001
 7.2376782e-001
 7.2394472e-001
 7.2409648e-001
 7.2422832e-001
 7.2434711e-001
 7.2446001e-001
 7.2457367e-001
 7.2469354e-001
 7.2482324e-001
 7.2496450e-001
 7.2511733e-001
 7.2527993e-001
 7.2544944e-001
 7.2562200e-001
 7.2579306e-001
 7.2595811e-001
 7.2611260e-001
 7.2625238e-001
 7.2637415e-001
 7.2647601e-001
 7.2655779e-001
 7.2662175e-001
 7.2667253e-001
 7.2671741e-001
 7.2676533e-001
 7.2682625e-001
 7.2690964e-001
 7.2702271e-001
 7.2716933e-001
 7.2734886e-001
 7.2755587e-001
 7.2778165e-001
 7.2801518e-001
 7.2824490e-001
 7.2846055e-001
 7.2865409e-001
 7.2882062e-001
 7.2895843e-001
 7.2906923e-001
 7.2915721e-001
 7.2922868e-001
 7.2929060e-001
 7.2934997e-001
 7.2941267e-001
 7.2948313e-001
 7.2956383e-001
 7.2965515e-001
 7.2975552e-001
 7.2986162e-001
 7.2996873e-001
 7.3007131e-001
 7.3016351e-001
 7.3023999e-001
 7.3029661e-001
 7.3033124e-001
 7.3034430e-001
 7.3033929e-001
 7.3032254e-001
 7.3030275e-001
 7.3029006e-001
 7.3029476e-001
 7.3032594e-001
 7.3038995e-001
 7.3048943e-001
 7.3062295e-001
 7.3078489e-001
 7.3096633e-001
 7.3115641e-001
 7.3134369e-001
 7.3151797e-001
 7.3167145e-001
 7.3179948e-001
 7.3190117e-001
 7.3197877e-001
 7.3203689e-001
 7.3208165e-001
 7.3211902e-001
 7.3215425e-001
 7.3219073e-001
 7.3222983e-001
 7.3227102e-001
 7.3231214e-001
 7.3235005e-001
 7.3238146e-001
 7.3240358e-001
 7.3241448e-001
 7.3241371e-001
 7.3240221e-001
 7.3238218e-001
 7.3235703e-001
 7.3233092e-001
 7.3230857e-001
 7.3229468e-001
 7.3229373e-001
 7.3230958e-001
 7.3234528e-001
 7.3240268e-001
 7.3248243e-001
 7.3258370e-001
 7.3270440e-001
 7.3284143e-001
 7.3299098e-001
 7.3314899e-001
 7.3331195e-001
 7.3347694e-001
 7.3364222e-001
 7.3380727e-001
 7.3397249e-001
 7.3413879e-001
 7.3430693e-001
 7.3447669e-001
 7.3464620e-001
 7.3481131e-001
 7.3496586e-001
 7.3510182e-001
 7.3521048e-001
 7.3528343e-001
 7.3531377e-001
 7.3529726e-001
 7.3523271e-001
 7.3512250e-001
 7.3497260e-001
 7.3479241e-001
 7.3459363e-001
 7.3438948e-001
 7.3419273e-001
 7.3401421e-001
 7.3386174e-001
 7.3373914e-001
 7.3364627e-001
 7.3357999e-001
 7.3353517e-001
 7.3350704e-001
 7.3349226e-001
 7.3349088e-001
 7.3350662e-001
 7.3354661e-001
 7.3361993e-001
 7.3373610e-001
 7.3390299e-001
 7.3412454e-001
 7.3439991e-001
 7.3472208e-001
 7.3507857e-001
 7.3545128e-001
 7.3581862e-001
 7.3615795e-001
 7.3644781e-001
 7.3667109e-001
 7.3681748e-001
 7.3688483e-001
 7.3688006e-001
 7.3681802e-001
 7.3671985e-001
 7.3660994e-001
 7.3651272e-001
 7.3644954e-001
 7.3643589e-001
 7.3647934e-001
 7.3657900e-001
 7.3672563e-001
 7.3690325e-001
 7.3709142e-001
 7.3726755e-001
 7.3741001e-001
 7.3750019e-001
 7.3752433e-001
 7.3747444e-001
 7.3734838e-001
 7.3714978e-001
 7.3688674e-001
 7.3657101e-001
 7.3621655e-001
 7.3583901e-001
 7.3545426e-001
 7.3507810e-001
 7.3472577e-001
 7.3441076e-001
 7.3414505e-001
 7.3393756e-001
 7.3379445e-001
 7.3371786e-001
 7.3370606e-001
 7.3375338e-001
 7.3385054e-001
 7.3398548e-001
 7.3414445e-001
 7.3431343e-001
 7.3447901e-001
 7.3462969e-001
 7.3475659e-001
 7.3485392e-001
 7.3491889e-001
 7.3495179e-001
 7.3495513e-001
 7.3493338e-001
 7.3489237e-001
 7.3483855e-001
 7.3477888e-001
 7.3472029e-001
 7.3466921e-001
 7.3463154e-001
 7.3461199e-001
 7.3461372e-001
 7.3463821e-001
 7.3468447e-001
 7.3474926e-001
 7.3482698e-001
 7.3490995e-001
 7.3498917e-001
 7.3505473e-001
 7.3509699e-001
 7.3510730e-001
 7.3507875e-001
 7.3500687e-001
 7.3488969e-001
 7.3472768e-001
 7.3452383e-001
 7.3428291e-001
 7.3401093e-001
 7.3371476e-001
 7.3340160e-001
 7.3307872e-001
 7.3275286e-001
 7.3243082e-001
 7.3211861e-001
 7.3182207e-001
 7.3154670e-001
 7.3129749e-001
 7.3107946e-001
 7.3089701e-001
 7.3075426e-001
 7.3065436e-001
 7.3059922e-001
 7.3058897e-001
 7.3062104e-001
 7.3068941e-001
 7.3078418e-001
 7.3089123e-001
 7.3099297e-001
 7.3106974e-001
 7.3110127e-001
 7.3106855e-001
 7.3095596e-001
 7.3075247e-001
 7.3045301e-001
 7.3005855e-001
 7.2957677e-001
 7.2902220e-001
 7.2841674e-001
 7.2778779e-001
 7.2716635e-001
 7.2658437e-001
 7.2607076e-001
 7.2564834e-001
 7.2533041e-001
 7.2511923e-001
 7.2500616e-001
 7.2491646e-001
 7.2497380e-001
 7.2505730e-001
 7.2513676e-001
 7.2518605e-001
 7.2518659e-001
 7.2512871e-001
 7.2501147e-001
 7.2484004e-001
 7.2462273e-001
 7.2436935e-001
 7.2408980e-001
 7.2379410e-001
 7.2349131e-001
 7.2319007e-001
 7.2289795e-001
 7.2262144e-001
 7.2236663e-001
 7.2213858e-001
 7.2194237e-001
 7.2178268e-001
 7.2166377e-001
 7.2158951e-001
 7.2156262e-001
 7.2158372e-001
 7.2165102e-001
 7.2175944e-001
 7.2190136e-001
 7.2206730e-001
 7.2224641e-001
 7.2242755e-001
 7.2259951e-001
 7.2275180e-001
 7.2287536e-001
 7.2296333e-001
 7.2301209e-001
 7.2302163e-001
 7.2299492e-001
 7.2293729e-001
 7.2285545e-001
 7.2275686e-001
 7.2264886e-001
 7.2253835e-001
 7.2243136e-001
 7.2233170e-001
 7.2224098e-001
 7.2215778e-001
 7.2207820e-001
 7.2199661e-001
 7.2190613e-001
 7.2179931e-001
 7.2166878e-001
 7.2150719e-001
 7.2130787e-001
 7.2106504e-001
 7.2077423e-001
 7.2043234e-001
 7.2003758e-001
 7.1958917e-001
 7.1908677e-001
 7.1853036e-001
 7.1791959e-001
 7.1725374e-001
 7.1653086e-001
 7.1574646e-001
 7.1489376e-001
 7.1396255e-001
 7.1293956e-001
 7.1180993e-001
 7.1055698e-001
 7.0916420e-001
 7.0761538e-001
 7.0589584e-001
 7.0399529e-001
 7.0190889e-001
 6.9964117e-001
 6.9720608e-001
 6.9462544e-001
 6.9192839e-001
 6.8914670e-001
 6.8631440e-001
 6.8346542e-001
 6.8062997e-001
 6.7783409e-001
 6.7509323e-001
 6.7241102e-001
 6.6977715e-001
 6.6716754e-001
 6.6454995e-001
 6.6188633e-001
 6.5913582e-001
 6.5625924e-001
 6.5322006e-001
 6.4999145e-001
 6.4656121e-001
 6.4293540e-001
 6.3914382e-001
 6.3523406e-001
 6.3126957e-001
 6.2732244e-001
 6.2346715e-001
 6.1978030e-001
 6.1633348e-001
 6.1319220e-001
 6.1040902e-001
 6.0801864e-001
 6.0603780e-001
 6.0446507e-001
 6.0328716e-001
 6.0248286e-001
 6.0202706e-001
 6.0189331e-001
 6.0205460e-001
 6.0248351e-001
 6.0315228e-001
 6.0403293e-001
 6.0509700e-001
 6.0631543e-001
 6.0765928e-001
 6.0909909e-001
 6.1060584e-001
 6.1215073e-001
 6.1370581e-001
 6.1524636e-001
 6.1675066e-001
 6.1820322e-001
 6.1959398e-001
 6.2091827e-001
 6.2217587e-001
 6.2336832e-001
 6.2449884e-001
 6.2557083e-001
 6.2658793e-001
 6.2755406e-001
 6.2847281e-001
 6.2934840e-001
 6.3018477e-001
 6.3098598e-001
 6.3175648e-001
 6.3250053e-001
 6.3322228e-001
 6.3392609e-001
 6.3461602e-001
 6.3529599e-001
 6.3596940e-001
 6.3663894e-001
 6.3730687e-001
 6.3797456e-001
 6.3864315e-001
 6.3931346e-001
 6.3998604e-001
 6.4066148e-001
 6.4133996e-001
 6.4202183e-001
 6.4270645e-001
 6.4339262e-001
 6.4407861e-001
 6.4476168e-001
 6.4543891e-001
 6.4610684e-001
 6.4676201e-001
 6.4740115e-001
 6.4802128e-001
 6.4862007e-001
 6.4919686e-001
 6.4975256e-001
 6.5029031e-001
 6.5081495e-001
 6.5133262e-001
 6.5185046e-001
 6.5237570e-001
 6.5291572e-001
 6.5347719e-001
 6.5406579e-001
 6.5468526e-001
 6.5533668e-001
 6.5601856e-001
 6.5672648e-001
 6.5745425e-001
 6.5819478e-001
 6.5894008e-001
 6.5968245e-001
 6.6041434e-001
 6.6112912e-001
 6.6182166e-001
 6.6248870e-001
 6.6312927e-001
 6.6374439e-001
 6.6433626e-001
 6.6490847e-001
 6.6546446e-001
 6.6600811e-001
 6.6654313e-001
 6.6707277e-001
 6.6759992e-001
 6.6812634e-001
 6.6865313e-001
 6.6918051e-001
 6.6970807e-001
 6.7023510e-001
 6.7076063e-001
 6.7128384e-001
 6.7180359e-001
 6.7231911e-001
 6.7282975e-001
 6.7333472e-001
 6.7383373e-001
 6.7432666e-001
 6.7481351e-001
 6.7529410e-001
 6.7576849e-001
 6.7623693e-001
 6.7669898e-001
 6.7715436e-001
 6.7760235e-001
 6.7804122e-001
 6.7846900e-001
 6.7888284e-001
 6.7927974e-001
 6.7965597e-001
 6.8000817e-001
 6.8033284e-001
 6.8062681e-001
 6.8088776e-001
 6.8111461e-001
 6.8130791e-001
 6.8147010e-001
 6.8160534e-001
 6.8171901e-001
 6.8181729e-001
 6.8190658e-001
 6.8199337e-001
 6.8208402e-001
 6.8218422e-001
 6.8229890e-001
 6.8243164e-001
 6.8258482e-001
 6.8275952e-001
 6.8295592e-001
 6.8317366e-001
 6.8341213e-001
 6.8367058e-001
 6.8394762e-001
 6.8424177e-001
 6.8455046e-001
 6.8486989e-001
 6.8519509e-001
 6.8551993e-001
 6.8583727e-001
 6.8613958e-001
 6.8641919e-001
 6.8666840e-001
 6.8688005e-001
 6.8704814e-001
 6.8716842e-001
 6.8723905e-001
 6.8726099e-001
 6.8723756e-001
 6.8717384e-001
 6.8707615e-001
 6.8695110e-001
 6.8680549e-001
 6.8664557e-001
 6.8647689e-001
 6.8630332e-001
 6.8612683e-001
 6.8594706e-001
 6.8576157e-001
 6.8556654e-001
 6.8535703e-001
 6.8512791e-001
 6.8487400e-001
 6.8459046e-001
 6.8427324e-001
 6.8391973e-001
 6.8352950e-001
 6.8310398e-001
 6.8264645e-001
 6.8216223e-001
 6.8165678e-001
 6.8113631e-001
 6.8060726e-001
 6.8007588e-001
 6.7954820e-001
 6.7903036e-001
 6.7852771e-001
 6.7804539e-001
 6.7758816e-001
 6.7716074e-001
 6.7676723e-001
 6.7641181e-001
 6.7609841e-001
 6.7583007e-001
 6.7560846e-001
 6.7543280e-001
 6.7529911e-001
 6.7519975e-001
 6.7512369e-001
 6.7505765e-001
 6.7498696e-001
 6.7489612e-001
 6.7477012e-001
 6.7459470e-001
 6.7435783e-001
 6.7405117e-001
 6.7367136e-001
 6.7322022e-001
 6.7270499e-001
 6.7213625e-001
 6.7152679e-001
 6.7089021e-001
 6.7024082e-001
 6.6959178e-001
 6.6895497e-001
 6.6834003e-001
 6.6775316e-001
 6.6719669e-001
 6.6667020e-001
 6.6617030e-001
 6.6569233e-001
 6.6523069e-001
 6.6477972e-001
 6.6433275e-001
 6.6388202e-001
 6.6341865e-001
 6.6293097e-001
 6.6240489e-001
 6.6182441e-001
 6.6117144e-001
 6.6042697e-001
 6.5957212e-001
 6.5858740e-001
 6.5745431e-001
 6.5615529e-001
 6.5467602e-001
 6.5300435e-001
 6.5113163e-001
 6.4905339e-001
 6.4676648e-001
 6.4426869e-001
 6.4156067e-001
 6.3864237e-001
 6.3551569e-001
 6.3218522e-001
 6.2866348e-001
 6.2496775e-001
 6.2112367e-001
 6.1716676e-001
 6.1313540e-001
 6.0907096e-001
 6.0501927e-001
 6.0102320e-001
 5.9712404e-001
 5.9336245e-001
 5.8977056e-001
 5.8637339e-001
 5.8318645e-001
 5.8021981e-001
 5.7747513e-001
 5.7495093e-001
 5.7264555e-001
 5.7055461e-001
 5.6867290e-001
 5.6699502e-001
 5.6551170e-001
 5.6421059e-001
 5.6307554e-001
 5.6208766e-001
 5.6122470e-001
 5.6046325e-001
 5.5977964e-001
 5.5915016e-001
 5.5855209e-001
 5.5796605e-001
 5.5737680e-001
 5.5677509e-001
 5.5615914e-001
 5.5553281e-001
 5.5490458e-001
 5.5428553e-001
 5.5368799e-001
 5.5312312e-001
 5.5259895e-001
 5.5211723e-001
 5.5166817e-001
 5.5122691e-001
 5.5075192e-001
 5.5018646e-001
 5.4946268e-001
 5.4850608e-001
 5.4724067e-001
 5.4559201e-001
 5.4349357e-001
 5.4089803e-001
 5.3778613e-001
 5.3417808e-001
 5.3014100e-001
 5.2577949e-001
 5.2122843e-001
 5.1663905e-001
 5.1217371e-001
 5.0799245e-001
 5.0425005e-001
 5.0109088e-001
 4.9863410e-001
 4.9696958e-001
 4.9615467e-001
 4.9621519e-001
 4.9715552e-001
 4.9896547e-001
 5.0162822e-001
 5.0512177e-001
 5.0941849e-001
 5.1447529e-001
 5.2023208e-001
 5.2660239e-001
 5.3346521e-001
 5.4067695e-001
 5.4807442e-001
 5.5547756e-001
 5.6270707e-001
 5.6958425e-001
 5.7594192e-001
 5.8163124e-001
 5.8654553e-001
 5.9062880e-001
 5.9387887e-001
 5.9634787e-001
 5.9812492e-001
 5.9932059e-001
 6.0005718e-001
 6.0045898e-001
 6.0064608e-001
 6.0072845e-001
 6.0079783e-001
 6.0092163e-001
 6.0114002e-001
 6.0146856e-001
 6.0190505e-001
 6.0243595e-001
 6.0304290e-001
 6.0370564e-001
 6.0440344e-001
 6.0511726e-001
 6.0583013e-001
 6.0652846e-001
 6.0720152e-001
 6.0784221e-001
 6.0844582e-001
 6.0900849e-001
 6.0952759e-001
 6.1000079e-001
 6.1042577e-001
 6.1080134e-001
 6.1112690e-001
 6.1140317e-001
 6.1163247e-001
 6.1181825e-001
 6.1196494e-001
 6.1207753e-001
 6.1216122e-001
 6.1222088e-001
 6.1226082e-001
 6.1228353e-001
 6.1228895e-001
 6.1227345e-001
 6.1222929e-001
 6.1214507e-001
 6.1200672e-001
 6.1179882e-001
 6.1150521e-001
 6.1110979e-001
 6.1059856e-001
 6.0996020e-001
 6.0918874e-001
 6.0828596e-001
 6.0726124e-001
 6.0613102e-001
 6.0491794e-001
 6.0364711e-001
 6.0234517e-001
 6.0103858e-001
 5.9975356e-001
 5.9851259e-001
 5.9733349e-001
 5.9622854e-001
 5.9520209e-001
 5.9425217e-001
 5.9337276e-001
 5.9255439e-001
 5.9178627e-001
 5.9105706e-001
 5.9035569e-001
 5.8967060e-001
 5.8899021e-001
 5.8830345e-001
 5.8759910e-001
 5.8686566e-001
 5.8609241e-001
 5.8526826e-001
 5.8438206e-001
 5.8342391e-001
 5.8238441e-001
 5.8125699e-001
 5.8003861e-001
 5.7873297e-001
 5.7734883e-001
 5.7590055e-001
 5.7440764e-001
 5.7289088e-001
 5.7137227e-001
 5.6987488e-001
 5.6842005e-001
 5.6702739e-001
 5.6571317e-001
 5.6449014e-001
 5.6336540e-001
 5.6234169e-001
 5.6141931e-001
 5.6059581e-001
 5.5986792e-001
 5.5923241e-001
 5.5868512e-001
 5.5822146e-001
 5.5783612e-001
 5.5752271e-001
 5.5727351e-001
 5.5707955e-001
 5.5693132e-001
 5.5681860e-001
 5.5673093e-001
 5.5665761e-001
 5.5658770e-001
 5.5650961e-001
 5.5641097e-001
 5.5627811e-001
 5.5609602e-001
 5.5584830e-001
 5.5551803e-001
 5.5508757e-001
 5.5453932e-001
 5.5385697e-001
 5.5302644e-001
 5.5203885e-001
 5.5089450e-001
 5.4960501e-001
 5.4819500e-001
 5.4670072e-001
 5.4516840e-001
 5.4364848e-001
 5.4219359e-001
 5.4085696e-001
 5.3968722e-001
 5.3872460e-001
 5.3799605e-001
 5.3750801e-001
 5.3724563e-001
 5.3717500e-001
 5.3724891e-001
 5.3741288e-001
 5.3760934e-001
 5.3778112e-001
 5.3787416e-001
 5.3784132e-001
 5.3764564e-001
 5.3726405e-001
 5.3668845e-001
 5.3592557e-001
 5.3499299e-001
 5.3391534e-001
 5.3272039e-001
 5.3143787e-001
 5.3009641e-001
 5.2872419e-001
 5.2734959e-001
 5.2604610e-001
 5.2506375e-001
 5.2384061e-001
 5.2269495e-001
 5.2163541e-001
 5.2067113e-001
 5.1981097e-001
 5.1906431e-001
 5.1844001e-001
 5.1794720e-001
 5.1759481e-001
 5.1739037e-001
 5.1732594e-001
 5.1738530e-001
 5.1755214e-001
 5.1781023e-001
 5.1814306e-001
 5.1853442e-001
 5.1896793e-001
 5.1942754e-001
 5.1989657e-001
 5.2035880e-001
 5.2079803e-001
 5.2119792e-001
 5.2154201e-001
 5.2181530e-001
 5.2201349e-001
 5.2213788e-001
 5.2219027e-001
 5.2217197e-001
 5.2208465e-001
 5.2192980e-001
 5.2170891e-001
 5.2142364e-001
 5.2107549e-001
 5.2066588e-001
 5.2019644e-001
 5.1966876e-001
 5.1908439e-001
 5.1844472e-001
 5.1775151e-001
 5.1700586e-001
 5.1620978e-001
 5.1536489e-001
 5.1447415e-001
 5.1354128e-001
 5.1257062e-001
 5.1156569e-001
 5.1053059e-001
 5.0946862e-001
 5.0838441e-001
 5.0728148e-001
 5.0616372e-001
 5.0503498e-001
 5.0389886e-001
 5.0275975e-001
 5.0162131e-001
 5.0048733e-001
 4.9936140e-001
 4.9824804e-001
 4.9715078e-001
 4.9607348e-001
 4.9501979e-001
 4.9399406e-001
 4.9299988e-001
 4.9204072e-001
 4.9111626e-001
 4.9022490e-001
 4.8936445e-001
 4.8853296e-001
 4.8772845e-001
 4.8694858e-001
 4.8619193e-001
 4.8545623e-001
 4.8473951e-001
 4.8403960e-001
 4.8335487e-001
 4.8268312e-001
 4.8202240e-001
 4.8137060e-001
 4.8072594e-001
 4.8008633e-001
 4.7944978e-001
 4.7881430e-001
 4.7817773e-001
 4.7753841e-001
 4.7689417e-001
 4.7624302e-001
 4.7558287e-001
 4.7491199e-001
 4.7422823e-001
 4.7352988e-001
 4.7281668e-001
 4.7209007e-001
 4.7135073e-001
 4.7059962e-001
 4.6983775e-001
 4.6906576e-001
 4.6828511e-001
 4.6749648e-001
 4.6670076e-001
 4.6589887e-001
 4.6509197e-001
 4.6428090e-001
 4.6346661e-001
 4.6264982e-001
 4.6183193e-001
 4.6101362e-001
 4.6019584e-001
 4.5937940e-001
 4.5856559e-001
 4.5775515e-001
 4.5694908e-001
 4.5614827e-001
 4.5535353e-001
 4.5456615e-001
 4.5378688e-001
 4.5301673e-001
 4.5225641e-001
 4.5150721e-001
 4.5076993e-001
 4.5004544e-001
 4.4933349e-001
 4.4863418e-001
 4.4794676e-001
