s07_ASD Record=14220: Talc+Clinochlore HS327.3B     BECKa AREF
 2.4117444e-001
 2.4224335e-001
 2.4324532e-001
 2.4419880e-001
 2.4514826e-001
 2.4616303e-001
 2.4731626e-001
 2.4865715e-001
 2.5019354e-001
 2.5189179e-001
 2.5369465e-001
 2.5554034e-001
 2.5737646e-001
 2.5916493e-001
 2.6088470e-001
 2.6252869e-001
 2.6409414e-001
 2.6557544e-001
 2.6696399e-001
 2.6825431e-001
 2.6945063e-001
 2.7056903e-001
 2.7163252e-001
 2.7266216e-001
 2.7367020e-001
 2.7465722e-001
 2.7561456e-001
 2.7653077e-001
 2.7739903e-001
 2.7822122e-001
 2.7901039e-001
 2.7979028e-001
 2.8059128e-001
 2.8144827e-001
 2.8239378e-001
 2.8343919e-001
 2.8456789e-001
 2.8574267e-001
 2.8692019e-001
 2.8806600e-001
 2.8916180e-001
 2.9020151e-001
 2.9118308e-001
 2.9210347e-001
 2.9295853e-001
 2.9374507e-001
 2.9446000e-001
 2.9509726e-001
 2.9564613e-001
 2.9609561e-001
 2.9644370e-001
 2.9670569e-001
 2.9691553e-001
 2.9711831e-001
 2.9735914e-001
 2.9767710e-001
 2.9810461e-001
 2.9866371e-001
 2.9936901e-001
 3.0024439e-001
 3.0126810e-001
 3.0234775e-001
 3.0343103e-001
 3.0447364e-001
 3.0542526e-001
 3.0629992e-001
 3.0717376e-001
 3.0813032e-001
 3.0923709e-001
 3.1052336e-001
 3.1196389e-001
 3.1348637e-001
 3.1500274e-001
 3.1644309e-001
 3.1777954e-001
 3.1903511e-001
 3.2027179e-001
 3.2156059e-001
 3.2294551e-001
 3.2441917e-001
 3.2592434e-001
 3.2738060e-001
 3.2872349e-001
 3.2993284e-001
 3.3103719e-001
 3.3209470e-001
 3.3316448e-001
 3.3428413e-001
 3.3546028e-001
 3.3667091e-001
 3.3787307e-001
 3.3901295e-001
 3.4003735e-001
 3.4090826e-001
 3.4161723e-001
 3.4219536e-001
 3.4271002e-001
 3.4323710e-001
 3.4381616e-001
 3.4442270e-001
 3.4498781e-001
 3.4545627e-001
 3.4583387e-001
 3.4618586e-001
 3.4658769e-001
 3.4706181e-001
 3.4756216e-001
 3.4802407e-001
 3.4842873e-001
 3.4882987e-001
 3.4932694e-001
 3.5000971e-001
 3.5090849e-001
 3.5197559e-001
 3.5310674e-001
 3.5418975e-001
 3.5515356e-001
 3.5599306e-001
 3.5676107e-001
 3.5753575e-001
 3.5837892e-001
 3.5930821e-001
 3.6029828e-001
 3.6130977e-001
 3.6232483e-001
 3.6336398e-001
 3.6447534e-001
 3.6570475e-001
 3.6706731e-001
 3.6853775e-001
 3.7006453e-001
 3.7159422e-001
 3.7308222e-001
 3.7448433e-001
 3.7574962e-001
 3.7684256e-001
 3.7778229e-001
 3.7864920e-001
 3.7952888e-001
 3.8043565e-001
 3.8129222e-001
 3.8198790e-001
 3.8246486e-001
 3.8276806e-001
 3.8303220e-001
 3.8341153e-001
 3.8399005e-001
 3.8473463e-001
 3.8553187e-001
 3.8627571e-001
 3.8692498e-001
 3.8749748e-001
 3.8803449e-001
 3.8857943e-001
 3.8917425e-001
 3.8985997e-001
 3.9067173e-001
 3.9162150e-001
 3.9267385e-001
 3.9374489e-001
 3.9474317e-001
 3.9561978e-001
 3.9637461e-001
 3.9702401e-001
 3.9758372e-001
 3.9808503e-001
 3.9858106e-001
 3.9910969e-001
 3.9964798e-001
 4.0012154e-001
 4.0047136e-001
 4.0070668e-001
 4.0088475e-001
 4.0105048e-001
 4.0120509e-001
 4.0131032e-001
 4.0130112e-001
 4.0112710e-001
 4.0083376e-001
 4.0058893e-001
 4.0056902e-001
 4.0080959e-001
 4.0120268e-001
 4.0162686e-001
 4.0202108e-001
 4.0233272e-001
 4.0246409e-001
 4.0232155e-001
 4.0192065e-001
 4.0143889e-001
 4.0115234e-001
 4.0126261e-001
 4.0172601e-001
 4.0226460e-001
 4.0260109e-001
 4.0267932e-001
 4.0261927e-001
 4.0251175e-001
 4.0235934e-001
 4.0219814e-001
 4.0214914e-001
 4.0228868e-001
 4.0252188e-001
 4.0264827e-001
 4.0255833e-001
 4.0232855e-001
 4.0210724e-001
 4.0196401e-001
 4.0190336e-001
 4.0194610e-001
 4.0207455e-001
 4.0213650e-001
 4.0194747e-001
 4.0149808e-001
 4.0095779e-001
 4.0048245e-001
 4.0012488e-001
 3.9992899e-001
 3.9999166e-001
 4.0036449e-001
 4.0092877e-001
 4.0142804e-001
 4.0166125e-001
 4.0163660e-001
 4.0151116e-001
 4.0139398e-001
 4.0125272e-001
 4.0101454e-001
 4.0070993e-001
 4.0045473e-001
 4.0026137e-001
 3.9993238e-001
 3.9925152e-001
 3.9829510e-001
 3.9746481e-001
 3.9714992e-001
 3.9735082e-001
 3.9766568e-001
 3.9768165e-001
 3.9732569e-001
 3.9676318e-001
 3.9608711e-001
 3.9530542e-001
 3.9452976e-001
 3.9391628e-001
 3.9345434e-001
 3.9304167e-001
 3.9272258e-001
 3.9262244e-001
 3.9267406e-001
 3.9263004e-001
 3.9228839e-001
 3.9154759e-001
 3.9039424e-001
 3.8902691e-001
 3.8784987e-001
 3.8713372e-001
 3.8676172e-001
 3.8644174e-001
 3.8604999e-001
 3.8562509e-001
 3.8522351e-001
 3.8494131e-001
 3.8481805e-001
 3.8467586e-001
 3.8434446e-001
 3.8387764e-001
 3.8334876e-001
 3.8280717e-001
 3.8243952e-001
 3.8232297e-001
 3.8219705e-001
 3.8182363e-001
 3.8129008e-001
 3.8075197e-001
 3.8018888e-001
 3.7959000e-001
 3.7906924e-001
 3.7862822e-001
 3.7814644e-001
 3.7764680e-001
 3.7718952e-001
 3.7662983e-001
 3.7591600e-001
 3.7532774e-001
 3.7500641e-001
 3.7466538e-001
 3.7403229e-001
 3.7325561e-001
 3.7265757e-001
 3.7228855e-001
 3.7186986e-001
 3.7112927e-001
 3.7015039e-001
 3.6933807e-001
 3.6900258e-001
 3.6901587e-001
 3.6890602e-001
 3.6831710e-001
 3.6739171e-001
 3.6659235e-001
 3.6613113e-001
 3.6581984e-001
 3.6551046e-001
 3.6530966e-001
 3.6524591e-001
 3.6509863e-001
 3.6471826e-001
 3.6422014e-001
 3.6374053e-001
 3.6326957e-001
 3.6282849e-001
 3.6255470e-001
 3.6246541e-001
 3.6228400e-001
 3.6163652e-001
 3.6043635e-001
 3.5903671e-001
 3.5801443e-001
 3.5770050e-001
 3.5785297e-001
 3.5793409e-001
 3.5762995e-001
 3.5699168e-001
 3.5623834e-001
 3.5558140e-001
 3.5515988e-001
 3.5501266e-001
 3.5506636e-001
 3.5516766e-001
 3.5514987e-001
 3.5488582e-001
 3.5431275e-001
 3.5345069e-001
 3.5241255e-001
 3.5137495e-001
 3.5051897e-001
 3.4997940e-001
 3.4981102e-001
 3.4995279e-001
 3.5021654e-001
 3.5036892e-001
 3.5029286e-001
 3.5008964e-001
 3.4999460e-001
 3.5015470e-001
 3.5047826e-001
 3.5072088e-001
 3.5072079e-001
 3.5054490e-001
 3.5039568e-001
 3.5036072e-001
 3.5027125e-001
 3.4991243e-001
 3.4941262e-001
 3.4902629e-001
 3.4881276e-001
 3.4872976e-001
 3.4877175e-001
 3.4883901e-001
 3.4868065e-001
 3.4822178e-001
 3.4776619e-001
 3.4761649e-001
 3.4769714e-001
 3.4776548e-001
 3.4778699e-001
 3.4794968e-001
 3.4842700e-001
 3.4915629e-001
 3.4983274e-001
 3.5018235e-001
 3.5019046e-001
 3.5000700e-001
 3.4976330e-001
 3.4955603e-001
 3.4947872e-001
 3.4955114e-001
 3.4966427e-001
 3.4968451e-001
 3.4965411e-001
 3.4991172e-001
 3.5086015e-001
 3.5235935e-001
 3.5357225e-001
 3.5381559e-001
 3.5330281e-001
 3.5273990e-001
 3.5253641e-001
 3.5260251e-001
 3.5265464e-001
 3.5263309e-001
 3.5286483e-001
 3.5376719e-001
 3.5535216e-001
 3.5688773e-001
 3.5739300e-001
 3.5665461e-001
 3.5543978e-001
 3.5521647e-001
 3.5638702e-001
 3.5754317e-001
 3.5776788e-001
 3.5764876e-001
 3.5795602e-001
 3.5876745e-001
 3.5955659e-001
 3.5976291e-001
 3.5935426e-001
 3.5884535e-001
 3.5877541e-001
 3.5923913e-001
 3.5989079e-001
 3.6033925e-001
 3.6048937e-001
 3.6054796e-001
 3.6075896e-001
 3.6117831e-001
 3.6167157e-001
 3.6209035e-001
 3.6242643e-001
 3.6281466e-001
 3.6339527e-001
 3.6417150e-001
 3.6501926e-001
 3.6580935e-001
 3.6648071e-001
 3.6704698e-001
 3.6755913e-001
 3.6795086e-001
 3.6828366e-001
 3.6837649e-001
 3.6815426e-001
 3.6772633e-001
 3.6727595e-001
 3.6698669e-001
 3.6701363e-001
 3.6732379e-001
 3.6780864e-001
 3.6835951e-001
 3.6887479e-001
 3.6930034e-001
 3.6960128e-001
 3.6974272e-001
 3.6970195e-001
 3.6953709e-001
 3.6933899e-001
 3.6919856e-001
 3.6919332e-001
 3.6931166e-001
 3.6954197e-001
 3.6976370e-001
 3.6995709e-001
 3.7008104e-001
 3.7010074e-001
 3.6998177e-001
 3.6968973e-001
 3.6919332e-001
 3.6852801e-001
 3.6779660e-001
 3.6710432e-001
 3.6655667e-001
 3.6625433e-001
 3.6619678e-001
 3.6628306e-001
 3.6640793e-001
 3.6646640e-001
 3.6635661e-001
 3.6605260e-001
 3.6560255e-001
 3.6505765e-001
 3.6446932e-001
 3.6388877e-001
 3.6335772e-001
 3.6288154e-001
 3.6245629e-001
 3.6207843e-001
-1.2300000e+034
-1.2300000e+034
 3.6119115e-001
 3.6096510e-001
 3.6076763e-001
 3.6059514e-001
 3.6044374e-001
-1.2300000e+034
-1.2300000e+034
 3.6007920e-001
 3.5997510e-001
 3.5987350e-001
 3.5977066e-001
 3.5966280e-001
 3.5954627e-001
-1.2300000e+034
-1.2300000e+034
 3.5910702e-001
 3.5891831e-001
 3.5870215e-001
 3.5845488e-001
 3.5817277e-001
 3.5785210e-001
 3.5748914e-001
 3.5708007e-001
 3.5662568e-001
 3.5614318e-001
 3.5565382e-001
 3.5517865e-001
 3.5473892e-001
 3.5435563e-001
 3.5405013e-001
 3.5384336e-001
 3.5374919e-001
 3.5375422e-001
 3.5383880e-001
 3.5398328e-001
 3.5416800e-001
 3.5437331e-001
 3.5457954e-001
 3.5476705e-001
 3.5491619e-001
 3.5500729e-001
 3.5502073e-001
 3.5493684e-001
 3.5474256e-001
 3.5444897e-001
 3.5407263e-001
 3.5362995e-001
 3.5313749e-001
 3.5261172e-001
 3.5206917e-001
 3.5152632e-001
 3.5099968e-001
 3.5050574e-001
 3.5006109e-001
 3.4968206e-001
 3.4938127e-001
 3.4915653e-001
 3.4900254e-001
 3.4891409e-001
 3.4888583e-001
 3.4891245e-001
 3.4898865e-001
 3.4910914e-001
 3.4926862e-001
 3.4946179e-001
 3.4968337e-001
 3.4992811e-001
 3.5019138e-001
 3.5046831e-001
 3.5075441e-001
 3.5104489e-001
 3.5133523e-001
 3.5162053e-001
 3.5189629e-001
 3.5215777e-001
 3.5240033e-001
 3.5262129e-001
 3.5282511e-001
 3.5301769e-001
 3.5320488e-001
 3.5339275e-001
 3.5358712e-001
 3.5379392e-001
 3.5401911e-001
 3.5426864e-001
 3.5454834e-001
 3.5486060e-001
 3.5519531e-001
 3.5553968e-001
 3.5588095e-001
 3.5620639e-001
 3.5650331e-001
 3.5675883e-001
 3.5696033e-001
 3.5709497e-001
 3.5715011e-001
 3.5712099e-001
 3.5703054e-001
 3.5690740e-001
 3.5678011e-001
 3.5667735e-001
 3.5662770e-001
 3.5665980e-001
 3.5680234e-001
 3.5708377e-001
 3.5751835e-001
 3.5807183e-001
 3.5869995e-001
 3.5935867e-001
 3.6000353e-001
 3.6059049e-001
 3.6107522e-001
 3.6141357e-001
 3.6157984e-001
 3.6160931e-001
 3.6154997e-001
 3.6144981e-001
 3.6135665e-001
 3.6131850e-001
 3.6138323e-001
 3.6159882e-001
 3.6199501e-001
 3.6254251e-001
 3.6320007e-001
 3.6392626e-001
 3.6467984e-001
 3.6541939e-001
 3.6610377e-001
 3.6669147e-001
 3.6715716e-001
 3.6752635e-001
 3.6783516e-001
 3.6810070e-001
 3.6840639e-001
 3.6876696e-001
 3.6920208e-001
 3.6970982e-001
 3.7026662e-001
 3.7083426e-001
 3.7136784e-001
 3.7182137e-001
 3.7215570e-001
 3.7235078e-001
 3.7241355e-001
 3.7237021e-001
 3.7225473e-001
 3.7210193e-001
 3.7194356e-001
 3.7180528e-001
 3.7170571e-001
 3.7165847e-001
 3.7167394e-001
 3.7175944e-001
 3.7191576e-001
 3.7213281e-001
 3.7238783e-001
 3.7264836e-001
 3.7287793e-001
 3.7304232e-001
 3.7311706e-001
 3.7309399e-001
 3.7298357e-001
 3.7281096e-001
 3.7260923e-001
 3.7241262e-001
 3.7225130e-001
 3.7214756e-001
 3.7211466e-001
 3.7215808e-001
 3.7227792e-001
 3.7246984e-001
 3.7272456e-001
 3.7316534e-001
 3.7336463e-001
 3.7356767e-001
 3.7376505e-001
 3.7394923e-001
 3.7411523e-001
 3.7426114e-001
 3.7438789e-001
 3.7449902e-001
 3.7459967e-001
 3.7469545e-001
 3.7479123e-001
 3.7489006e-001
 3.7499267e-001
 3.7509778e-001
 3.7520295e-001
 3.7530550e-001
 3.7540323e-001
 3.7549511e-001
 3.7558112e-001
 3.7566218e-001
 3.7573951e-001
 3.7581420e-001
 3.7588662e-001
 3.7595630e-001
 3.7602174e-001
 3.7608045e-001
 3.7612945e-001
 3.7616560e-001
 3.7618673e-001
 3.7619224e-001
 3.7618354e-001
 3.7616408e-001
 3.7613904e-001
 3.7611461e-001
 3.7609690e-001
 3.7609109e-001
 3.7610030e-001
 3.7612516e-001
 3.7616366e-001
 3.7621173e-001
 3.7626398e-001
 3.7631479e-001
 3.7635943e-001
 3.7639463e-001
 3.7641880e-001
 3.7643173e-001
 3.7643427e-001
 3.7642750e-001
 3.7641248e-001
 3.7638998e-001
 3.7636098e-001
 3.7632689e-001
 3.7629023e-001
 3.7625504e-001
 3.7622663e-001
 3.7621117e-001
 3.7621483e-001
 3.7624267e-001
 3.7629747e-001
 3.7637907e-001
 3.7648404e-001
 3.7660584e-001
 3.7673581e-001
 3.7686428e-001
 3.7698221e-001
 3.7708250e-001
 3.7716120e-001
 3.7721840e-001
 3.7725809e-001
 3.7728781e-001
 3.7731731e-001
 3.7735727e-001
 3.7741753e-001
 3.7750560e-001
 3.7762558e-001
 3.7777761e-001
 3.7795806e-001
 3.7816033e-001
 3.7837601e-001
 3.7859648e-001
 3.7881449e-001
 3.7902507e-001
 3.7922639e-001
 3.7941939e-001
 3.7960726e-001
 3.7979406e-001
 3.7998334e-001
 3.8017690e-001
 3.8037422e-001
 3.8057232e-001
 3.8076642e-001
 3.8095111e-001
 3.8112170e-001
 3.8127553e-001
 3.8141254e-001
 3.8153580e-001
 3.8165089e-001
 3.8176516e-001
 3.8188660e-001
 3.8202271e-001
 3.8217962e-001
 3.8236126e-001
 3.8256925e-001
 3.8280293e-001
 3.8305968e-001
 3.8333535e-001
 3.8362497e-001
 3.8392305e-001
 3.8422444e-001
 3.8452426e-001
 3.8481855e-001
 3.8510439e-001
 3.8538003e-001
 3.8564524e-001
 3.8590115e-001
 3.8615036e-001
 3.8639674e-001
 3.8664475e-001
 3.8689896e-001
 3.8716313e-001
 3.8743931e-001
 3.8772756e-001
 3.8802549e-001
 3.8832903e-001
 3.8863295e-001
 3.8893238e-001
 3.8922402e-001
 3.8950711e-001
 3.8978410e-001
 3.9006007e-001
 3.9034209e-001
 3.9063793e-001
 3.9095449e-001
 3.9129689e-001
 3.9166763e-001
 3.9206669e-001
 3.9249206e-001
 3.9294040e-001
 3.9340791e-001
 3.9389110e-001
 3.9438674e-001
 3.9489239e-001
 3.9540574e-001
 3.9592460e-001
 3.9644685e-001
 3.9697003e-001
 3.9749187e-001
 3.9800999e-001
 3.9852193e-001
 3.9902565e-001
 3.9951861e-001
 3.9999849e-001
 4.0046287e-001
 4.0090975e-001
 4.0133843e-001
 4.0174973e-001
 4.0214694e-001
 4.0253559e-001
 4.0292314e-001
 4.0331799e-001
 4.0372774e-001
 4.0415832e-001
 4.0461251e-001
 4.0509000e-001
 4.0558794e-001
 4.0610203e-001
 4.0662783e-001
 4.0716237e-001
 4.0770376e-001
 4.0825152e-001
 4.0880483e-001
 4.0936145e-001
 4.0991691e-001
 4.1046417e-001
 4.1099510e-001
 4.1150209e-001
 4.1198060e-001
 4.1243112e-001
 4.1285953e-001
 4.1327682e-001
 4.1369644e-001
 4.1413170e-001
 4.1459295e-001
 4.1508520e-001
 4.1560808e-001
 4.1615647e-001
 4.1672263e-001
 4.1729906e-001
 4.1788003e-001
 4.1846296e-001
 4.1904840e-001
 4.1963843e-001
 4.2023557e-001
 4.2084092e-001
 4.2145368e-001
 4.2207146e-001
 4.2269060e-001
 4.2330813e-001
 4.2392215e-001
 4.2453247e-001
 4.2514074e-001
 4.2574897e-001
 4.2635939e-001
 4.2697284e-001
 4.2758903e-001
 4.2820704e-001
 4.2882547e-001
 4.2944387e-001
 4.3006304e-001
 4.3068492e-001
 4.3131259e-001
 4.3194863e-001
 4.3259436e-001
 4.3324915e-001
 4.3390992e-001
 4.3457192e-001
 4.3522930e-001
 4.3587658e-001
 4.3650988e-001
 4.3712726e-001
 4.3772954e-001
 4.3831927e-001
 4.3890038e-001
 4.3947750e-001
 4.4005468e-001
 4.4063529e-001
 4.4122130e-001
 4.4181356e-001
 4.4241208e-001
 4.4301590e-001
 4.4362399e-001
 4.4423506e-001
 4.4484818e-001
 4.4546342e-001
 4.4608176e-001
 4.4670585e-001
 4.4733953e-001
 4.4798759e-001
 4.4865522e-001
 4.4934642e-001
 4.5006299e-001
 4.5080370e-001
 4.5156321e-001
 4.5233312e-001
 4.5310244e-001
 4.5385957e-001
 4.5459467e-001
 4.5530096e-001
 4.5597655e-001
 4.5662409e-001
 4.5725024e-001
 4.5786405e-001
 4.5847440e-001
 4.5908830e-001
 4.5970878e-001
 4.6033415e-001
 4.6095833e-001
 4.6157157e-001
 4.6216261e-001
 4.6272051e-001
 4.6323708e-001
 4.6370864e-001
 4.6413696e-001
 4.6452957e-001
 4.6489924e-001
 4.6526223e-001
 4.6563661e-001
 4.6603969e-001
 4.6648619e-001
 4.6698669e-001
 4.6754631e-001
 4.6816504e-001
 4.6883780e-001
 4.6955577e-001
 4.7030821e-001
 4.7108367e-001
 4.7187185e-001
 4.7266415e-001
 4.7345445e-001
 4.7423908e-001
 4.7501576e-001
 4.7578344e-001
 4.7654074e-001
 4.7728571e-001
 4.7801581e-001
 4.7872752e-001
 4.7941735e-001
 4.8008201e-001
 4.8071909e-001
 4.8132771e-001
 4.8190793e-001
 4.8246095e-001
 4.8298883e-001
 4.8349380e-001
 4.8397848e-001
 4.8444545e-001
 4.8489761e-001
 4.8533854e-001
 4.8577246e-001
 4.8620462e-001
 4.8664105e-001
 4.8708841e-001
 4.8755378e-001
 4.8804373e-001
 4.8856428e-001
 4.8911992e-001
 4.8971322e-001
 4.9034470e-001
 4.9101204e-001
 4.9171039e-001
 4.9243224e-001
 4.9316788e-001
 4.9390668e-001
 4.9463770e-001
 4.9535134e-001
 4.9604103e-001
 4.9670359e-001
 4.9734044e-001
 4.9795675e-001
 4.9856058e-001
 4.9916154e-001
 4.9976829e-001
 5.0038755e-001
 5.0102216e-001
 5.0167108e-001
 5.0233006e-001
 5.0299203e-001
 5.0364923e-001
 5.0429428e-001
 5.0492132e-001
 5.0552744e-001
 5.0611204e-001
 5.0667775e-001
 5.0722921e-001
 5.0777352e-001
 5.0831926e-001
 5.0887603e-001
 5.0945318e-001
 5.1005936e-001
 5.1070023e-001
 5.1137817e-001
 5.1209044e-001
 5.1282948e-001
 5.1358372e-001
 5.1433873e-001
 5.1508033e-001
 5.1579624e-001
 5.1647854e-001
 5.1712531e-001
 5.1773953e-001
 5.1832891e-001
 5.1890302e-001
 5.1947105e-001
 5.2004004e-001
 5.2061301e-001
 5.2118915e-001
 5.2176392e-001
 5.2233052e-001
 5.2288163e-001
 5.2341026e-001
 5.2391142e-001
 5.2438205e-001
 5.2482170e-001
 5.2523232e-001
 5.2561754e-001
 5.2598178e-001
 5.2632880e-001
 5.2665877e-001
 5.2696449e-001
 5.2722573e-001
 5.2740294e-001
 5.2743042e-001
 5.2720970e-001
 5.2660656e-001
 5.2545184e-001
 5.2354926e-001
 5.2069002e-001
 5.1667792e-001
 5.1135629e-001
 5.0464374e-001
 4.9656340e-001
 4.8726150e-001
 4.7702157e-001
 4.6624574e-001
 4.5543393e-001
 4.4513565e-001
 4.3589231e-001
 4.2818955e-001
 4.2240515e-001
 4.1877443e-001
 4.1737965e-001
 4.1815042e-001
 4.2088583e-001
 4.2528421e-001
 4.3098339e-001
 4.3759429e-001
 4.4474012e-001
 4.5207849e-001
 4.5932314e-001
 4.6625778e-001
 4.7273365e-001
 4.7867298e-001
 4.8405477e-001
 4.8890504e-001
 4.9328330e-001
 4.9726322e-001
 5.0092226e-001
 5.0432622e-001
 5.0752252e-001
 5.1053709e-001
 5.1337200e-001
 5.1601231e-001
 5.1842976e-001
 5.2059197e-001
 5.2247006e-001
 5.2404356e-001
 5.2530485e-001
 5.2626109e-001
 5.2693200e-001
 5.2734768e-001
 5.2754378e-001
 5.2755708e-001
 5.2742118e-001
 5.2716386e-001
 5.2680552e-001
 5.2635992e-001
 5.2583605e-001
 5.2524090e-001
 5.2458292e-001
 5.2387422e-001
 5.2313292e-001
 5.2238309e-001
 5.2165335e-001
 5.2097529e-001
 5.2037954e-001
 5.1989299e-001
 5.1953554e-001
 5.1931840e-001
 5.1924378e-001
 5.1930606e-001
 5.1949412e-001
 5.1979429e-001
 5.2019370e-001
 5.2068228e-001
 5.2125412e-001
 5.2190769e-001
 5.2264410e-001
 5.2346599e-001
 5.2437496e-001
 5.2536994e-001
 5.2644682e-001
 5.2759743e-001
 5.2881074e-001
 5.3007329e-001
 5.3137022e-001
 5.3268695e-001
 5.3400874e-001
 5.3532225e-001
 5.3661478e-001
 5.3787464e-001
 5.3909171e-001
 5.4025674e-001
 5.4136205e-001
 5.4240251e-001
 5.4337513e-001
 5.4428095e-001
 5.4512435e-001
 5.4591393e-001
 5.4666239e-001
 5.4738510e-001
 5.4809988e-001
 5.4882437e-001
 5.4957479e-001
 5.5036378e-001
 5.5119848e-001
 5.5207962e-001
 5.5300027e-001
 5.5394638e-001
 5.5489832e-001
 5.5583215e-001
 5.5672294e-001
 5.5754709e-001
 5.5828583e-001
 5.5892742e-001
 5.5946821e-001
 5.5991364e-001
 5.6027627e-001
 5.6057405e-001
 5.6082684e-001
 5.6105238e-001
 5.6126308e-001
 5.6146324e-001
 5.6164819e-001
 5.6180495e-001
 5.6191492e-001
 5.6195813e-001
 5.6191760e-001
 5.6178403e-001
 5.6155860e-001
 5.6125420e-001
 5.6089437e-001
 5.6050950e-001
 5.6013304e-001
 5.5979520e-001
 5.5951893e-001
 5.5931568e-001
 5.5918443e-001
 5.5911225e-001
 5.5907756e-001
 5.5905479e-001
 5.5902010e-001
 5.5895609e-001
 5.5885553e-001
 5.5872250e-001
 5.5857146e-001
 5.5842435e-001
 5.5830568e-001
 5.5823797e-001
 5.5823648e-001
 5.5830789e-001
 5.5845010e-001
 5.5865484e-001
 5.5890960e-001
 5.5920058e-001
 5.5951381e-001
 5.5983639e-001
 5.6015742e-001
 5.6046814e-001
 5.6076115e-001
 5.6103027e-001
 5.6126928e-001
 5.6147307e-001
 5.6163818e-001
 5.6176466e-001
 5.6185764e-001
 5.6192726e-001
 5.6198782e-001
 5.6205648e-001
 5.6215096e-001
 5.6228817e-001
 5.6248230e-001
 5.6274360e-001
 5.6307727e-001
 5.6348258e-001
 5.6395346e-001
 5.6447881e-001
 5.6504381e-001
 5.6563205e-001
 5.6622702e-001
 5.6681484e-001
 5.6738520e-001
 5.6793302e-001
 5.6845862e-001
 5.6896633e-001
 5.6946379e-001
 5.6995964e-001
 5.7046229e-001
 5.7097876e-001
 5.7151359e-001
 5.7206899e-001
 5.7264405e-001
 5.7323545e-001
 5.7383859e-001
 5.7444829e-001
 5.7506007e-001
 5.7567143e-001
 5.7628173e-001
 5.7689297e-001
 5.7750869e-001
 5.7813376e-001
 5.7877344e-001
 5.7943261e-001
 5.8011556e-001
 5.8082527e-001
 5.8156365e-001
 5.8233172e-001
 5.8312893e-001
 5.8395422e-001
 5.8480519e-001
 5.8567852e-001
 5.8657044e-001
 5.8747590e-001
 5.8838969e-001
 5.8930606e-001
 5.9021884e-001
 5.9112251e-001
 5.9201169e-001
 5.9288174e-001
 5.9372967e-001
 5.9455347e-001
 5.9535342e-001
 5.9613127e-001
 5.9689033e-001
 5.9763581e-001
 5.9837353e-001
 5.9911031e-001
 5.9985268e-001
 6.0060650e-001
 6.0137731e-001
 6.0216862e-001
 6.0298312e-001
 6.0382134e-001
 6.0468197e-001
 6.0556227e-001
 6.0645747e-001
 6.0736173e-001
 6.0826755e-001
 6.0916686e-001
 6.1005169e-001
 6.1091393e-001
 6.1174685e-001
 6.1254472e-001
 6.1330366e-001
 6.1402220e-001
 6.1470038e-001
 6.1534065e-001
 6.1594748e-001
 6.1652666e-001
 6.1708599e-001
 6.1763406e-001
 6.1818051e-001
 6.1873549e-001
 6.1930907e-001
 6.1991125e-001
 6.2055081e-001
 6.2123543e-001
 6.2197089e-001
 6.2276065e-001
 6.2360561e-001
 6.2450320e-001
 6.2544733e-001
 6.2642884e-001
 6.2743455e-001
 6.2844914e-001
 6.2945521e-001
 6.3043529e-001
 6.3137418e-001
 6.3225991e-001
 6.3308620e-001
 6.3385338e-001
 6.3456827e-001
 6.3524383e-001
 6.3589668e-001
 6.3654453e-001
 6.3720334e-001
 6.3788402e-001
 6.3859087e-001
 6.3932002e-001
 6.4006019e-001
 6.4079481e-001
 6.4150441e-001
 6.4217138e-001
 6.4278263e-001
 6.4333326e-001
 6.4382786e-001
 6.4427942e-001
 6.4470726e-001
 6.4513302e-001
 6.4557683e-001
 6.4605403e-001
 6.4657235e-001
 6.4713079e-001
 6.4771920e-001
 6.4831901e-001
 6.4890605e-001
 6.4945412e-001
 6.4993978e-001
 6.5034723e-001
 6.5067190e-001
 6.5092272e-001
 6.5112132e-001
 6.5129942e-001
 6.5149379e-001
 6.5173960e-001
 6.5206468e-001
 6.5248346e-001
 6.5299469e-001
 6.5358263e-001
 6.5421969e-001
 6.5487248e-001
 6.5550715e-001
 6.5609497e-001
 6.5661699e-001
 6.5706593e-001
 6.5744770e-001
 6.5778011e-001
 6.5809053e-001
 6.5841192e-001
 6.5877789e-001
 6.5921789e-001
 6.5975291e-001
 6.6039222e-001
 6.6113216e-001
 6.6195661e-001
 6.6283923e-001
 6.6374707e-001
 6.6464430e-001
 6.6549677e-001
 6.6627485e-001
 6.6695666e-001
 6.6752923e-001
 6.6798848e-001
 6.6833878e-001
 6.6859120e-001
 6.6876191e-001
 6.6887009e-001
 6.6893637e-001
 6.6898143e-001
 6.6902494e-001
 6.6908491e-001
 6.6917706e-001
 6.6931427e-001
 6.6950595e-001
 6.6975790e-001
 6.7007160e-001
 6.7044437e-001
 6.7086935e-001
 6.7133611e-001
 6.7183232e-001
 6.7234445e-001
 6.7286003e-001
 6.7336893e-001
 6.7386472e-001
 6.7434597e-001
 6.7481560e-001
 6.7528105e-001
 6.7575216e-001
 6.7623991e-001
 6.7675370e-001
 6.7729926e-001
 6.7787683e-001
 6.7847979e-001
 6.7909455e-001
 6.7970169e-001
 6.8027723e-001
 6.8079609e-001
 6.8123454e-001
 6.8157387e-001
 6.8180287e-001
 6.8191957e-001
 6.8193179e-001
 6.8185669e-001
 6.8171865e-001
 6.8154615e-001
 6.8136901e-001
 6.8121457e-001
 6.8110508e-001
 6.8105549e-001
 6.8107265e-001
 6.8115568e-001
 6.8129706e-001
 6.8148488e-001
 6.8170512e-001
 6.8194431e-001
 6.8219143e-001
 6.8243939e-001
 6.8268561e-001
 6.8293178e-001
 6.8318266e-001
 6.8344444e-001
 6.8372250e-001
 6.8401957e-001
 6.8433398e-001
 6.8465829e-001
 6.8497968e-001
 6.8528050e-001
 6.8554038e-001
 6.8573874e-001
 6.8585789e-001
 6.8588609e-001
 6.8582004e-001
 6.8566638e-001
 6.8544185e-001
 6.8517286e-001
 6.8489248e-001
 6.8463689e-001
 6.8444085e-001
 6.8433297e-001
 6.8433136e-001
 6.8444073e-001
 6.8465173e-001
 6.8494308e-001
 6.8528461e-001
 6.8564147e-001
 6.8597817e-001
 6.8626165e-001
 6.8646449e-001
 6.8656576e-001
 6.8655163e-001
 6.8641692e-001
 6.8616521e-001
 6.8580800e-001
 6.8536299e-001
 6.8485212e-001
 6.8429834e-001
 6.8372321e-001
 6.8314469e-001
 6.8257523e-001
 6.8202221e-001
 6.8146616e-001
 6.8095446e-001
 6.8045849e-001
 6.7997473e-001
 6.7950183e-001
 6.7904121e-001
 6.7859834e-001
 6.7818218e-001
 6.7780399e-001
 6.7747641e-001
 6.7721218e-001
 6.7702341e-001
 6.7692000e-001
 6.7690778e-001
 6.7698604e-001
 6.7714578e-001
 6.7736953e-001
 6.7763144e-001
 6.7789990e-001
 6.7813939e-001
 6.7831278e-001
 6.7838341e-001
 6.7831701e-001
 6.7808521e-001
 6.7766982e-001
 6.7706686e-001
 6.7628777e-001
 6.7535853e-001
 6.7431521e-001
 6.7320025e-001
 6.7205864e-001
 6.7093492e-001
 6.6987151e-001
 6.6890389e-001
 6.6805738e-001
 6.6734332e-001
 6.6675681e-001
 6.6627932e-001
 6.6588175e-001
 6.6552871e-001
 6.6518217e-001
 6.6480374e-001
 6.6435736e-001
 6.6381216e-001
 6.6314584e-001
 6.6234839e-001
 6.6142261e-001
 6.6038376e-001
 6.5925574e-001
 6.5806746e-001
 6.5685058e-001
 6.5563649e-001
 6.5445536e-001
 6.5333349e-001
 6.5228987e-001
 6.5133506e-001
 6.5046895e-001
 6.4968270e-001
 6.4896083e-001
 6.4828342e-001
 6.4762920e-001
 6.4697659e-001
 6.4630544e-001
 6.4559925e-001
 6.4484686e-001
 6.4404523e-001
 6.4319992e-001
 6.4232409e-001
 6.4143693e-001
 6.4056069e-001
 6.3971955e-001
 6.3893771e-001
 6.3823801e-001
 6.3764107e-001
 6.3716274e-001
 6.3681298e-001
 6.3659507e-001
 6.3650602e-001
 6.3653868e-001
 6.3668299e-001
 6.3692778e-001
 6.3726133e-001
 6.3767231e-001
 6.3815010e-001
 6.3868541e-001
 6.3927078e-001
 6.3990068e-001
 6.4057165e-001
 6.4128125e-001
 6.4202791e-001
 6.4281064e-001
 6.4362788e-001
 6.4447778e-001
 6.4535695e-001
 6.4625931e-001
 6.4717597e-001
 6.4809382e-001
 6.4899713e-001
 6.4986724e-001
 6.5068418e-001
 6.5142775e-001
 6.5207773e-001
 6.5261585e-001
 6.5302670e-001
 6.5330058e-001
 6.5343529e-001
 6.5343684e-001
 6.5331864e-001
 6.5309966e-001
 6.5280205e-001
 6.5244949e-001
 6.5206581e-001
 6.5167373e-001
 6.5129340e-001
 6.5094078e-001
 6.5062588e-001
 6.5035218e-001
 6.5011752e-001
 6.4991510e-001
 6.4973581e-001
 6.4956915e-001
 6.4940423e-001
 6.4923006e-001
 6.4903605e-001
 6.4881217e-001
 6.4854908e-001
 6.4823836e-001
 6.4787233e-001
 6.4744389e-001
 6.4694637e-001
 6.4637315e-001
 6.4571816e-001
 6.4497584e-001
 6.4414173e-001
 6.4321381e-001
 6.4219230e-001
 6.4108086e-001
 6.3988596e-001
 6.3861573e-001
 6.3727993e-001
 6.3588899e-001
 6.3445312e-001
 6.3298380e-001
 6.3149232e-001
 6.2999165e-001
 6.2849617e-001
 6.2702137e-001
 6.2558496e-001
 6.2420493e-001
 6.2290037e-001
 6.2169039e-001
 6.2059307e-001
 6.1962467e-001
 6.1879700e-001
 6.1811483e-001
 6.1757326e-001
 6.1715639e-001
 6.1683881e-001
 6.1658794e-001
 6.1636692e-001
 6.1613721e-001
 6.1586034e-001
 6.1550009e-001
 6.1502552e-001
 6.1441404e-001
 6.1365497e-001
 6.1275023e-001
 6.1171371e-001
 6.1056787e-001
 6.0934001e-001
 6.0806018e-001
 6.0675830e-001
 6.0546362e-001
 6.0420227e-001
 6.0299468e-001
 6.0185498e-001
 6.0078877e-001
 5.9979504e-001
 5.9886760e-001
 5.9799677e-001
 5.9717190e-001
 5.9638184e-001
 5.9561640e-001
 5.9486753e-001
 5.9413016e-001
 5.9340441e-001
 5.9269524e-001
 5.9201235e-001
 5.9136909e-001
 5.9078038e-001
 5.9026253e-001
 5.8983159e-001
 5.8950269e-001
 5.8928907e-001
 5.8920032e-001
 5.8924150e-001
 5.8941245e-001
 5.8970839e-001
 5.9012085e-001
 5.9063971e-001
 5.9125340e-001
 5.9195107e-001
 5.9272176e-001
 5.9355700e-001
 5.9445155e-001
 5.9540367e-001
 5.9641701e-001
 5.9749931e-001
 5.9866160e-001
 5.9991598e-001
 6.0127616e-001
 6.0275543e-001
 6.0436440e-001
 6.0611141e-001
 6.0799867e-001
 6.1001933e-001
 6.1215866e-001
 6.1439371e-001
 6.1669600e-001
 6.1903197e-001
 6.2136823e-001
 6.2367153e-001
 6.2590891e-001
 6.2805307e-001
 6.3008410e-001
 6.3198996e-001
 6.3377100e-001
 6.3543713e-001
 6.3700414e-001
 6.3849312e-001
 6.3992697e-001
 6.4132887e-001
 6.4271998e-001
 6.4411932e-001
 6.4554095e-001
 6.4699095e-001
 6.4846873e-001
 6.4996684e-001
 6.5147161e-001
 6.5296763e-001
 6.5443748e-001
 6.5586412e-001
 6.5723062e-001
 6.5852344e-001
 6.5973318e-001
 6.6085535e-001
 6.6189253e-001
 6.6285306e-001
 6.6374874e-001
 6.6459453e-001
 6.6540623e-001
 6.6619909e-001
 6.6698688e-001
 6.6777956e-001
 6.6858089e-001
 6.6938531e-001
 6.7017829e-001
 6.7093658e-001
 6.7163002e-001
 6.7222530e-001
 6.7268747e-001
 6.7298204e-001
 6.7307764e-001
 6.7294973e-001
 6.7258477e-001
 6.7198461e-001
 6.7116785e-001
 6.7016810e-001
 6.6903079e-001
 6.6780746e-001
 6.6655236e-001
 6.6532093e-001
 6.6416526e-001
 6.6313195e-001
 6.6225767e-001
 6.6156673e-001
 6.6106790e-001
 6.6075718e-001
 6.6062099e-001
 6.6063958e-001
 6.6079062e-001
 6.6105074e-001
 6.6139674e-001
 6.6180634e-001
 6.6225868e-001
 6.6273552e-001
 6.6322082e-001
 6.6370118e-001
 6.6416436e-001
 6.6459960e-001
 6.6499656e-001
 6.6534495e-001
 6.6563541e-001
 6.6585910e-001
 6.6600847e-001
 6.6607785e-001
 6.6606355e-001
 6.6596359e-001
 6.6577721e-001
 6.6550469e-001
 6.6514653e-001
 6.6470397e-001
 6.6417879e-001
 6.6357440e-001
 6.6289699e-001
 6.6215593e-001
 6.6136420e-001
 6.6053903e-001
 6.5969944e-001
 6.5886617e-001
 6.5806025e-001
 6.5730321e-001
 6.5661430e-001
 6.5600997e-001
 6.5550184e-001
 6.5509427e-001
 6.5478379e-001
 6.5456039e-001
 6.5440863e-001
 6.5431011e-001
 6.5424508e-001
 6.5419382e-001
 6.5413767e-001
 6.5406072e-001
 6.5395164e-001
 6.5380538e-001
 6.5362382e-001
 6.5341514e-001
 6.5319204e-001
 6.5296990e-001
 6.5276551e-001
 6.5259552e-001
 6.5247554e-001
 6.5241873e-001
 6.5243417e-001
 6.5252507e-001
 6.5268850e-001
 6.5291560e-001
 6.5319359e-001
 6.5350711e-001
 6.5383941e-001
 6.5417379e-001
 6.5449387e-001
 6.5478468e-001
 6.5503299e-001
 6.5522885e-001
 6.5536523e-001
 6.5543813e-001
 6.5544558e-001
 6.5538687e-001
 6.5526199e-001
 6.5507102e-001
 6.5481377e-001
 6.5448976e-001
 6.5409756e-001
 6.5363461e-001
 6.5309685e-001
 6.5247959e-001
 6.5177685e-001
 6.5098214e-001
 6.5008956e-001
 6.4909315e-001
 6.4798838e-001
 6.4677501e-001
 6.4545739e-001
 6.4404756e-001
 6.4256561e-001
 6.4104003e-001
 6.3950372e-001
 6.3799292e-001
 6.3654608e-001
 6.3519990e-001
 6.3398820e-001
 6.3293922e-001
 6.3206965e-001
 6.3138145e-001
 6.3086104e-001
 6.3047963e-001
 6.3019782e-001
 6.2996984e-001
 6.2974721e-001
 6.2948149e-001
 6.2912709e-001
 6.2864548e-001
 6.2800920e-001
 6.2720627e-001
 6.2624240e-001
 6.2513816e-001
 6.2392581e-001
 6.2264395e-001
 6.2133515e-001
 6.2004101e-001
 6.1880022e-001
 6.1764592e-001
 6.1659878e-001
 6.1566472e-001
 6.1483312e-001
 6.1407763e-001
 6.1336076e-001
 6.1263841e-001
 6.1186373e-001
 6.1098933e-001
 6.0996974e-001
 6.0876554e-001
 6.0734564e-001
 6.0569060e-001
 6.0379577e-001
 6.0166728e-001
 5.9931999e-001
 5.9677589e-001
 5.9405756e-001
 5.9118855e-001
 5.8819020e-001
 5.8508259e-001
 5.8187777e-001
 5.7857960e-001
 5.7518542e-001
 5.7168210e-001
 5.6805056e-001
 5.6427079e-001
 5.6031871e-001
 5.5617088e-001
 5.5180442e-001
 5.4720277e-001
 5.4235178e-001
 5.3724468e-001
 5.3188676e-001
 5.2628726e-001
 5.2046067e-001
 5.1442909e-001
 5.0821251e-001
 5.0183213e-001
 4.9531588e-001
 4.8869142e-001
 4.8199448e-001
 4.7526845e-001
 4.6857166e-001
 4.6196675e-001
 4.5552307e-001
 4.4931862e-001
 4.4342816e-001
 4.3792579e-001
 4.3288562e-001
 4.2836910e-001
 4.2442492e-001
 4.2108157e-001
 4.1834837e-001
 4.1621280e-001
 4.1464856e-001
 4.1362184e-001
 4.1309324e-001
 4.1302168e-001
 4.1336462e-001
 4.1407716e-001
 4.1511142e-001
 4.1641408e-001
 4.1792744e-001
 4.1958907e-001
 4.2133352e-001
 4.2309216e-001
 4.2479679e-001
 4.2637929e-001
 4.2777187e-001
 4.2891085e-001
 4.2973736e-001
 4.3019885e-001
 4.3025094e-001
 4.2985594e-001
 4.2898089e-001
 4.2759681e-001
 4.2567629e-001
 4.2319393e-001
 4.2013144e-001
 4.1647896e-001
 4.1224301e-001
 4.0745610e-001
 4.0217304e-001
 3.9647111e-001
 3.9044848e-001
 3.8420931e-001
 3.7786344e-001
 3.7151918e-001
 3.6528510e-001
 3.5925549e-001
 3.5350811e-001
 3.4810221e-001
 3.4306797e-001
 3.3841327e-001
 3.3413267e-001
 3.3020729e-001
 3.2661441e-001
 3.2332820e-001
 3.2032368e-001
 3.1757176e-001
 3.1504065e-001
 3.1269670e-001
 3.1050020e-001
 3.0840793e-001
 3.0637538e-001
 3.0435511e-001
 3.0229974e-001
 3.0016553e-001
 2.9791364e-001
 2.9551864e-001
 2.9297614e-001
 2.9031295e-001
 2.8758639e-001
 2.8488323e-001
 2.8231362e-001
 2.7999845e-001
 2.7806404e-001
 2.7663690e-001
 2.7583343e-001
 2.7575153e-001
 2.7645767e-001
 2.7797434e-001
 2.8027663e-001
 2.8329709e-001
 2.8693417e-001
 2.9106945e-001
 2.9557613e-001
 3.0032241e-001
 3.0518326e-001
 3.1004232e-001
 3.1480086e-001
 3.1937912e-001
 3.2372564e-001
 3.2781118e-001
 3.3162022e-001
 3.3515021e-001
 3.3840325e-001
 3.4138140e-001
 3.4409046e-001
 3.4653747e-001
 3.4873009e-001
 3.5068089e-001
 3.5240531e-001
 3.5392225e-001
 3.5525179e-001
 3.5641655e-001
 3.5743958e-001
 3.5834360e-001
 3.5915229e-001
 3.5988960e-001
 3.6057937e-001
 3.6124679e-001
 3.6191759e-001
 3.6261842e-001
 3.6337605e-001
 3.6421797e-001
 3.6517158e-001
 3.6626232e-001
 3.6751303e-001
 3.6893958e-001
 3.7054503e-001
 3.7231714e-001
 3.7422583e-001
 3.7622416e-001
 3.7825570e-001
 3.8025758e-001
 3.8216534e-001
 3.8391396e-001
 3.8544387e-001
 3.8670307e-001
 3.8765091e-001
 3.8826367e-001
 3.8853523e-001
 3.8847601e-001
 3.8810974e-001
 3.8746837e-001
 3.8658750e-001
 3.8550466e-001
 3.8425663e-001
 3.8287959e-001
 3.8141000e-001
 3.7993819e-001
 3.7876630e-001
 3.7725812e-001
 3.7582129e-001
 3.7449190e-001
 3.7330651e-001
 3.7230149e-001
 3.7151399e-001
 3.7098023e-001
 3.7073678e-001
 3.7082028e-001
 3.7126327e-001
 3.7205884e-001
 3.7317920e-001
 3.7459618e-001
 3.7628207e-001
 3.7820795e-001
 3.8034597e-001
 3.8266814e-001
 3.8514680e-001
 3.8775262e-001
 3.9045814e-001
 3.9323515e-001
 3.9605615e-001
 3.9889175e-001
 4.0171558e-001
 4.0451118e-001
 4.0726781e-001
 4.0997538e-001
 4.1262180e-001
 4.1519713e-001
 4.1769052e-001
 4.2009190e-001
 4.2238933e-001
 4.2457268e-001
 4.2663121e-001
 4.2855471e-001
 4.3033150e-001
 4.3195125e-001
 4.3340334e-001
 4.3467706e-001
 4.3576175e-001
 4.3664640e-001
 4.3732181e-001
 4.3779129e-001
 4.3806469e-001
 4.3815193e-001
 4.3806285e-001
 4.3780747e-001
 4.3739551e-001
 4.3683717e-001
 4.3614215e-001
 4.3532050e-001
 4.3438205e-001
 4.3333647e-001
 4.3219414e-001
 4.3096474e-001
 4.2965823e-001
 4.2828420e-001
 4.2685309e-001
 4.2537460e-001
 4.2385861e-001
 4.2231473e-001
 4.2075345e-001
 4.1918448e-001
 4.1761705e-001
 4.1605556e-001
 4.1450301e-001
 4.1296127e-001
 4.1143268e-001
 4.0991944e-001
 4.0842342e-001
 4.0694770e-001
 4.0549412e-001
 4.0406501e-001
 4.0266222e-001
 4.0128875e-001
 3.9994651e-001
 3.9863771e-001
 3.9736444e-001
 3.9612949e-001
 3.9493486e-001
 3.9378273e-001
 3.9267549e-001
 3.9161503e-001
 3.9060420e-001
 3.8964507e-001
 3.8873973e-001
 3.8789040e-001
 3.8709971e-001
 3.8636971e-001
 3.8570225e-001
 3.8509634e-001
 3.8454974e-001
 3.8405991e-001
 3.8362443e-001
 3.8324076e-001
 3.8290656e-001
 3.8261938e-001
 3.8237679e-001
 3.8217637e-001
 3.8201562e-001
 3.8189220e-001
 3.8180363e-001
 3.8174745e-001
 3.8172126e-001
 3.8172257e-001
 3.8174900e-001
 3.8179815e-001
 3.8186750e-001
 3.8195470e-001
 3.8205722e-001
 3.8217267e-001
 3.8229859e-001
 3.8243264e-001
 3.8257226e-001
 3.8271511e-001
 3.8285866e-001
 3.8300061e-001
 3.8313839e-001
 3.8326967e-001
 3.8339213e-001
 3.8350499e-001
 3.8360798e-001
 3.8370112e-001
