s07_ASD Record=14183: Sanidine+albite NMNH103200    BECKc AREF
 5.1305187e-001
 5.1661426e-001
 5.1980263e-001
 5.2256137e-001
 5.2487242e-001
 5.2676076e-001
 5.2828360e-001
 5.2951628e-001
 5.3053981e-001
 5.3142989e-001
 5.3224725e-001
 5.3303313e-001
 5.3380841e-001
 5.3457326e-001
 5.3530586e-001
 5.3596526e-001
 5.3650075e-001
 5.3686160e-001
 5.3700298e-001
 5.3688884e-001
 5.3649378e-001
 5.3580725e-001
 5.3484082e-001
 5.3363681e-001
 5.3227842e-001
 5.3090352e-001
 5.2971107e-001
 5.2893156e-001
 5.2876323e-001
 5.2932608e-001
 5.3063834e-001
 5.3263104e-001
 5.3519017e-001
 5.3818393e-001
 5.4145235e-001
 5.4482859e-001
 5.4817688e-001
 5.5139726e-001
 5.5442142e-001
 5.5720896e-001
 5.5974507e-001
 5.6203645e-001
 5.6410319e-001
 5.6596798e-001
 5.6764460e-001
 5.6913435e-001
 5.7043219e-001
 5.7154053e-001
 5.7248133e-001
 5.7329768e-001
 5.7404250e-001
 5.7475966e-001
 5.7546937e-001
 5.7616508e-001
 5.7682276e-001
 5.7741487e-001
 5.7792395e-001
 5.7835120e-001
 5.7870948e-001
 5.7901138e-001
 5.7927215e-001
 5.7950169e-001
 5.7969904e-001
 5.7985806e-001
 5.7997757e-001
 5.8008951e-001
 5.8024460e-001
 5.8048570e-001
 5.8083940e-001
 5.8130771e-001
 5.8187008e-001
 5.8249950e-001
 5.8318233e-001
 5.8392394e-001
 5.8473831e-001
 5.8562976e-001
 5.8657944e-001
 5.8754998e-001
 5.8850658e-001
 5.8943886e-001
 5.9036654e-001
 5.9132135e-001
 5.9231812e-001
 5.9333611e-001
 5.9432578e-001
 5.9523481e-001
 5.9603518e-001
 5.9673399e-001
 5.9736389e-001
 5.9796441e-001
 5.9856695e-001
 5.9918940e-001
 5.9983975e-001
 6.0052121e-001
 6.0123461e-001
 6.0197747e-001
 6.0274303e-001
 6.0352433e-001
 6.0432422e-001
 6.0516226e-001
 6.0606861e-001
 6.0706508e-001
 6.0814703e-001
 6.0927814e-001
 6.1040050e-001
 6.1145747e-001
 6.1241484e-001
 6.1326790e-001
 6.1403799e-001
 6.1476278e-001
 6.1547947e-001
 6.1620474e-001
 6.1692482e-001
 6.1760640e-001
 6.1822259e-001
 6.1876959e-001
 6.1926049e-001
 6.1970997e-001
 6.2013167e-001
 6.2054741e-001
 6.2098664e-001
 6.2146938e-001
 6.2198883e-001
 6.2251478e-001
 6.2301779e-001
 6.2349546e-001
 6.2398010e-001
 6.2451375e-001
 6.2509984e-001
 6.2567151e-001
 6.2611914e-001
 6.2637419e-001
 6.2648094e-001
 6.2658274e-001
 6.2682241e-001
 6.2724400e-001
 6.2777936e-001
 6.2831855e-001
 6.2878877e-001
 6.2918359e-001
 6.2954330e-001
 6.2991679e-001
 6.3033551e-001
 6.3081735e-001
 6.3138932e-001
 6.3208359e-001
 6.3288474e-001
 6.3368899e-001
 6.3434988e-001
 6.3478589e-001
 6.3504022e-001
 6.3523757e-001
 6.3549215e-001
 6.3584930e-001
 6.3628721e-001
 6.3676059e-001
 6.3725030e-001
 6.3777602e-001
 6.3835627e-001
 6.3896465e-001
 6.3954222e-001
 6.4005256e-001
 6.4050663e-001
 6.4093214e-001
 6.4134055e-001
 6.4173990e-001
 6.4216459e-001
 6.4266407e-001
 6.4324653e-001
 6.4385140e-001
 6.4440030e-001
 6.4487833e-001
 6.4535069e-001
 6.4589828e-001
 6.4654684e-001
 6.4725173e-001
 6.4793187e-001
 6.4851564e-001
 6.4897305e-001
 6.4932472e-001
 6.4962649e-001
 6.4994752e-001
 6.5035260e-001
 6.5087247e-001
 6.5146363e-001
 6.5201163e-001
 6.5241671e-001
 6.5269232e-001
 6.5295827e-001
 6.5332788e-001
 6.5381342e-001
 6.5434670e-001
 6.5486789e-001
 6.5536040e-001
 6.5579873e-001
 6.5611875e-001
 6.5629292e-001
 6.5639979e-001
 6.5654784e-001
 6.5674418e-001
 6.5691119e-001
 6.5702838e-001
 6.5718269e-001
 6.5746486e-001
 6.5786707e-001
 6.5829498e-001
 6.5864742e-001
 6.5888101e-001
 6.5903181e-001
 6.5918809e-001
 6.5942264e-001
 6.5974361e-001
 6.6011399e-001
 6.6050124e-001
 6.6088176e-001
 6.6121376e-001
 6.6145158e-001
 6.6160071e-001
 6.6173720e-001
 6.6196167e-001
 6.6233605e-001
 6.6284758e-001
 6.6341060e-001
 6.6390616e-001
 6.6425282e-001
 6.6446924e-001
 6.6467029e-001
 6.6498208e-001
 6.6543531e-001
 6.6593862e-001
 6.6636974e-001
 6.6668880e-001
 6.6694790e-001
 6.6721183e-001
 6.6750598e-001
 6.6783267e-001
 6.6819209e-001
 6.6855830e-001
 6.6885173e-001
 6.6898179e-001
 6.6895622e-001
 6.6891247e-001
 6.6897756e-001
 6.6912478e-001
 6.6924769e-001
 6.6933501e-001
 6.6945726e-001
 6.6960192e-001
 6.6964090e-001
 6.6950315e-001
 6.6930646e-001
 6.6924638e-001
 6.6937691e-001
 6.6956270e-001
 6.6964740e-001
 6.6961348e-001
 6.6958380e-001
 6.6973537e-001
 6.7012095e-001
 6.7053139e-001
 6.7070687e-001
 6.7067325e-001
 6.7067039e-001
 6.7082739e-001
 6.7109317e-001
 6.7138618e-001
 6.7164266e-001
 6.7178577e-001
 6.7179692e-001
 6.7177844e-001
 6.7184722e-001
 6.7203754e-001
 6.7234761e-001
 6.7276162e-001
 6.7320818e-001
 6.7358440e-001
 6.7381674e-001
 6.7390043e-001
 6.7392510e-001
 6.7401958e-001
 6.7423993e-001
 6.7454952e-001
 6.7488009e-001
 6.7515224e-001
 6.7528552e-001
 6.7527324e-001
 6.7521900e-001
 6.7525101e-001
 6.7539752e-001
 6.7556560e-001
 6.7566925e-001
 6.7576712e-001
 6.7598879e-001
 6.7631376e-001
 6.7657113e-001
 6.7669725e-001
 6.7681670e-001
 6.7700887e-001
 6.7718959e-001
 6.7729902e-001
 6.7742646e-001
 6.7765838e-001
 6.7792523e-001
 6.7807126e-001
 6.7801964e-001
 6.7785048e-001
 6.7775404e-001
 6.7790204e-001
 6.7831069e-001
 6.7880315e-001
 6.7916280e-001
 6.7935795e-001
 6.7953253e-001
 6.7975557e-001
 6.7991811e-001
 6.7992324e-001
 6.7983413e-001
 6.7977387e-001
 6.7979580e-001
 6.7986971e-001
 6.7994416e-001
 6.7999196e-001
 6.8001473e-001
 6.8003285e-001
 6.8007660e-001
 6.8017858e-001
 6.8035787e-001
 6.8059391e-001
 6.8081498e-001
 6.8093932e-001
 6.8095994e-001
 6.8099320e-001
 6.8121070e-001
 6.8168086e-001
 6.8226618e-001
 6.8270433e-001
 6.8282324e-001
 6.8268985e-001
 6.8255025e-001
 6.8262815e-001
 6.8297380e-001
 6.8346894e-001
 6.8392396e-001
 6.8416482e-001
 6.8409890e-001
 6.8379295e-001
 6.8350327e-001
 6.8354487e-001
 6.8404216e-001
 6.8478179e-001
 6.8534642e-001
 6.8545198e-001
 6.8518907e-001
 6.8494380e-001
 6.8495965e-001
 6.8512976e-001
 6.8521839e-001
 6.8517834e-001
 6.8525398e-001
 6.8561494e-001
 6.8606758e-001
 6.8631941e-001
 6.8632382e-001
 6.8620449e-001
 6.8605494e-001
 6.8596393e-001
 6.8605709e-001
 6.8632978e-001
 6.8654609e-001
 6.8646967e-001
 6.8613505e-001
 6.8582273e-001
 6.8581241e-001
 6.8612415e-001
 6.8651342e-001
 6.8681794e-001
 6.8714666e-001
 6.8754381e-001
 6.8775004e-001
 6.8759704e-001
 6.8736982e-001
 6.8748111e-001
 6.8798727e-001
 6.8858379e-001
 6.8891054e-001
 6.8882209e-001
 6.8846780e-001
 6.8814939e-001
 6.8810248e-001
 6.8835908e-001
 6.8874621e-001
 6.8901616e-001
 6.8900675e-001
 6.8872607e-001
 6.8835062e-001
 6.8814796e-001
 6.8827909e-001
 6.8866467e-001
 6.8902814e-001
 6.8902659e-001
 6.8875957e-001
 6.8885320e-001
 6.8951952e-001
 6.9020718e-001
 6.9035131e-001
 6.8990964e-001
 6.8929070e-001
 6.8896061e-001
 6.8908614e-001
 6.8951041e-001
 6.9000286e-001
 6.9042647e-001
 6.9074649e-001
 6.9096321e-001
 6.9107813e-001
 6.9108915e-001
 6.9098866e-001
 6.9075745e-001
 6.9037133e-001
 6.8984610e-001
 6.8931240e-001
 6.8900800e-001
 6.8913513e-001
 6.8967795e-001
 6.9042218e-001
 6.9113719e-001
 6.9167769e-001
 6.9198728e-001
 6.9206005e-001
 6.9196945e-001
 6.9182658e-001
 6.9180506e-001
 6.9202852e-001
 6.9240451e-001
 6.9275320e-001
 6.9289482e-001
 6.9268572e-001
 6.9222116e-001
 6.9169211e-001
 6.9129026e-001
 6.9117701e-001
 6.9131625e-001
 6.9159174e-001
 6.9188732e-001
 6.9210011e-001
 6.9221771e-001
 6.9226384e-001
 6.9226277e-001
 6.9223708e-001
 6.9219965e-001
 6.9215292e-001
 6.9212055e-001
 6.9210440e-001
 6.9210839e-001
 6.9213128e-001
 6.9217163e-001
 6.9222832e-001
 6.9229925e-001
 6.9237381e-001
 6.9243187e-001
 6.9245297e-001
 6.9241685e-001
 6.9230437e-001
 6.9212663e-001
 6.9192410e-001
 6.9173890e-001
 6.9161284e-001
 6.9158608e-001
 6.9165772e-001
 6.9178730e-001
 6.9193256e-001
 6.9205099e-001
 6.9210058e-001
 6.9204694e-001
 6.9188774e-001
 6.9162822e-001
 6.9127363e-001
 6.9082922e-001
 6.9030029e-001
 6.8969709e-001
 6.8904960e-001
 6.8839222e-001
 6.8775976e-001
 6.8718642e-001
 6.8670708e-001
 6.8635619e-001
 6.8615848e-001
 6.8610096e-001
 6.8616188e-001
 6.8631941e-001
 6.8655169e-001
 6.8683684e-001
 6.8715304e-001
 6.8747848e-001
 6.8779594e-001
 6.8810612e-001
 6.8841386e-001
 6.8872380e-001
 6.8904090e-001
 6.8936992e-001
 6.8971562e-001
 6.9008291e-001
 6.9047230e-001
 6.9086963e-001
 6.9125652e-001
 6.9161528e-001
 6.9192761e-001
 6.9217557e-001
 6.9234109e-001
 6.9240618e-001
 6.9235861e-001
 6.9220757e-001
 6.9196719e-001
 6.9165158e-001
 6.9127500e-001
 6.9085145e-001
 6.9039512e-001
 6.8992025e-001
 6.8944085e-001
 6.8897110e-001
 6.8852508e-001
 6.8811697e-001
 6.8775713e-001
 6.8744171e-001
 6.8716359e-001
 6.8691605e-001
 6.8669206e-001
 6.8648452e-001
 6.8628663e-001
 6.8609124e-001
 6.8589151e-001
 6.8568045e-001
 6.8545109e-001
 6.8519646e-001
 6.8491238e-001
 6.8460423e-001
 6.8427968e-001
 6.8394643e-001
 6.8361217e-001
 6.8328440e-001
 6.8297088e-001
 6.8267924e-001
 6.8241721e-001
 6.8219233e-001
 6.8201226e-001
 6.8188167e-001
 6.8179423e-001
 6.8174130e-001
 6.8171430e-001
 6.8170446e-001
 6.8170333e-001
 6.8170214e-001
 6.8169242e-001
 6.8166530e-001
 6.8161225e-001
 6.8152630e-001
 6.8140596e-001
 6.8125081e-001
 6.8106073e-001
 6.8083525e-001
 6.8057418e-001
 6.8027723e-001
 6.7994410e-001
 6.7957443e-001
 6.7916811e-001
 6.7872822e-001
 6.7827058e-001
 6.7781329e-001
 6.7737472e-001
 6.7697299e-001
 6.7662644e-001
 6.7635328e-001
 6.7617184e-001
 6.7610025e-001
 6.7615688e-001
 6.7634797e-001
 6.7664057e-001
 6.7699265e-001
 6.7736274e-001
 6.7770916e-001
 6.7799014e-001
 6.7816401e-001
 6.7818928e-001
 6.7802399e-001
 6.7764467e-001
 6.7708749e-001
 6.7640132e-001
 6.7563468e-001
 6.7483652e-001
 6.7405546e-001
 6.7334032e-001
 6.7273974e-001
 6.7228973e-001
 6.7198330e-001
 6.7180550e-001
 6.7174089e-001
 6.7177379e-001
 6.7188919e-001
 6.7207146e-001
 6.7230541e-001
 6.7257541e-001
 6.7286485e-001
 6.7315751e-001
 6.7343658e-001
 6.7368555e-001
 6.7388803e-001
 6.7402744e-001
 6.7408699e-001
 6.7405897e-001
 6.7396295e-001
 6.7382431e-001
 6.7367989e-001
 6.7354035e-001
 6.7343795e-001
 6.7338943e-001
 6.7339772e-001
 6.7345351e-001
 6.7353946e-001
 6.7363435e-001
 6.7371678e-001
 6.7377049e-001
 6.7379260e-001
 6.7379862e-001
 6.7381716e-001
 6.7388153e-001
 6.7402315e-001
 6.7426240e-001
 6.7459965e-001
 6.7501175e-001
 6.7545801e-001
 6.7588997e-001
 6.7626083e-001
 6.7653579e-001
 6.7670196e-001
 6.7677248e-001
 6.7678010e-001
 6.7676741e-001
 6.7677629e-001
 6.7683852e-001
 6.7696810e-001
 6.7715889e-001
 6.7738867e-001
 6.7762709e-001
 6.7784411e-001
 6.7801768e-001
 6.7813933e-001
 6.7821616e-001
 6.7826790e-001
 6.7832130e-001
 6.7840421e-001
 6.7854047e-001
 6.7917138e-001
 6.7947042e-001
 6.7981118e-001
 6.8019170e-001
 6.8060726e-001
 6.8105030e-001
 6.8151188e-001
 6.8198246e-001
 6.8245310e-001
 6.8291712e-001
 6.8337107e-001
 6.8381560e-001
 6.8425572e-001
 6.8469924e-001
 6.8515450e-001
 6.8562865e-001
 6.8612480e-001
 6.8664140e-001
 6.8717211e-001
 6.8770665e-001
 6.8823326e-001
 6.8874013e-001
 6.8921822e-001
 6.8966210e-001
 6.9007075e-001
 6.9044822e-001
 6.9080335e-001
 6.9114882e-001
 6.9149935e-001
 6.9186872e-001
 6.9226772e-001
 6.9270128e-001
 6.9316834e-001
 6.9366169e-001
 6.9416916e-001
 6.9467580e-001
 6.9516587e-001
 6.9562548e-001
 6.9604427e-001
 6.9641644e-001
 6.9674134e-001
 6.9702244e-001
 6.9726622e-001
 6.9748133e-001
 6.9767749e-001
 6.9786501e-001
 6.9805449e-001
 6.9825727e-001
 6.9848454e-001
 6.9874674e-001
 6.9905216e-001
 6.9940484e-001
 6.9980311e-001
 7.0023894e-001
 7.0069784e-001
 7.0116121e-001
 7.0160884e-001
 7.0202285e-001
 7.0239079e-001
 7.0270741e-001
 7.0297581e-001
 7.0320553e-001
 7.0341069e-001
 7.0360667e-001
 7.0380741e-001
 7.0402354e-001
 7.0426136e-001
 7.0452315e-001
 7.0480818e-001
 7.0511341e-001
 7.0543426e-001
 7.0576519e-001
 7.0609933e-001
 7.0642865e-001
 7.0674384e-001
 7.0703495e-001
 7.0729285e-001
 7.0751017e-001
 7.0768291e-001
 7.0781076e-001
 7.0789737e-001
 7.0794922e-001
 7.0797431e-001
 7.0798028e-001
 7.0797330e-001
 7.0795721e-001
 7.0793349e-001
 7.0790225e-001
 7.0786357e-001
 7.0781857e-001
 7.0777071e-001
 7.0772606e-001
 7.0769304e-001
 7.0768118e-001
 7.0769989e-001
 7.0775652e-001
 7.0785499e-001
 7.0799488e-001
 7.0817089e-001
 7.0837349e-001
 7.0859021e-001
 7.0880711e-001
 7.0901084e-001
 7.0919025e-001
 7.0933759e-001
 7.0944911e-001
 7.0952523e-001
 7.0956933e-001
 7.0958740e-001
 7.0958662e-001
 7.0957452e-001
 7.0955819e-001
 7.0954400e-001
 7.0953697e-001
 7.0954072e-001
 7.0955724e-001
 7.0958662e-001
 7.0962733e-001
 7.0967633e-001
 7.0972979e-001
 7.0978421e-001
 7.0983696e-001
 7.0988756e-001
 7.0993763e-001
 7.0999086e-001
 7.1005189e-001
 7.1012467e-001
 7.1021128e-001
 7.1031046e-001
 7.1041757e-001
 7.1052533e-001
 7.1062499e-001
 7.1070921e-001
 7.1077347e-001
 7.1081817e-001
 7.1084911e-001
 7.1087676e-001
 7.1091479e-001
 7.1097767e-001
 7.1107805e-001
 7.1122462e-001
 7.1142036e-001
 7.1166199e-001
 7.1194011e-001
 7.1224016e-001
 7.1254444e-001
 7.1283376e-001
 7.1308982e-001
 7.1329701e-001
 7.1344399e-001
 7.1352500e-001
 7.1353984e-001
 7.1349388e-001
 7.1339709e-001
 7.1326208e-001
 7.1310234e-001
 7.1293062e-001
 7.1275705e-001
 7.1258855e-001
 7.1242899e-001
 7.1228009e-001
 7.1214306e-001
 7.1201986e-001
 7.1191478e-001
 7.1183425e-001
 7.1178645e-001
 7.1177953e-001
 7.1181929e-001
 7.1190721e-001
 7.1203935e-001
 7.1220595e-001
 7.1239269e-001
 7.1258301e-001
 7.1276116e-001
 7.1291506e-001
 7.1303886e-001
 7.1313399e-001
 7.1320891e-001
 7.1327794e-001
 7.1335787e-001
 7.1346539e-001
 7.1361309e-001
 7.1380734e-001
 7.1404678e-001
 7.1432215e-001
 7.1461815e-001
 7.1491599e-001
 7.1519655e-001
 7.1544361e-001
 7.1564591e-001
 7.1579814e-001
 7.1590102e-001
 7.1595955e-001
 7.1598154e-001
 7.1597558e-001
 7.1594942e-001
 7.1590954e-001
 7.1586066e-001
 7.1580625e-001
 7.1574897e-001
 7.1569121e-001
 7.1563530e-001
 7.1558315e-001
 7.1553642e-001
 7.1549612e-001
 7.1546268e-001
 7.1543628e-001
 7.1541715e-001
 7.1540594e-001
 7.1540433e-001
 7.1541470e-001
 7.1543998e-001
 7.1548265e-001
 7.1554428e-001
 7.1562445e-001
 7.1572036e-001
 7.1582651e-001
 7.1593517e-001
 7.1603703e-001
 7.1612281e-001
 7.1618384e-001
 7.1621406e-001
 7.1621031e-001
 7.1617305e-001
 7.1610606e-001
 7.1601570e-001
 7.1590996e-001
 7.1579731e-001
 7.1568567e-001
 7.1558213e-001
 7.1549267e-001
 7.1542239e-001
 7.1537602e-001
 7.1535778e-001
 7.1537113e-001
 7.1541834e-001
 7.1549892e-001
 7.1560943e-001
 7.1574247e-001
 7.1588743e-001
 7.1603185e-001
 7.1616316e-001
 7.1627128e-001
 7.1635014e-001
 7.1639919e-001
 7.1642274e-001
 7.1642923e-001
 7.1642870e-001
 7.1643102e-001
 7.1644390e-001
 7.1647173e-001
 7.1651608e-001
 7.1657574e-001
 7.1664834e-001
 7.1673101e-001
 7.1682090e-001
 7.1691525e-001
 7.1701103e-001
 7.1710449e-001
 7.1719092e-001
 7.1726513e-001
 7.1732247e-001
 7.1735966e-001
 7.1737623e-001
 7.1737480e-001
 7.1736079e-001
 7.1734148e-001
 7.1732461e-001
 7.1731663e-001
 7.1732157e-001
 7.1734071e-001
 7.1737272e-001
 7.1741468e-001
 7.1746355e-001
 7.1751702e-001
 7.1757442e-001
 7.1763670e-001
 7.1770561e-001
 7.1778303e-001
 7.1786958e-001
 7.1796370e-001
 7.1806163e-001
 7.1815711e-001
 7.1824253e-001
 7.1831000e-001
 7.1835256e-001
 7.1836561e-001
 7.1834785e-001
 7.1830189e-001
 7.1823418e-001
 7.1815461e-001
 7.1807516e-001
 7.1800864e-001
 7.1796709e-001
 7.1795988e-001
 7.1799237e-001
 7.1806520e-001
 7.1817380e-001
 7.1830940e-001
 7.1845990e-001
 7.1861231e-001
 7.1875441e-001
 7.1887726e-001
 7.1897626e-001
 7.1905160e-001
 7.1910787e-001
 7.1915239e-001
 7.1919316e-001
 7.1923655e-001
 7.1928561e-001
 7.1933907e-001
 7.1939135e-001
 7.1943372e-001
 7.1945632e-001
 7.1945059e-001
 7.1941149e-001
 7.1933919e-001
 7.1923977e-001
 7.1912444e-001
 7.1900815e-001
 7.1890694e-001
 7.1883506e-001
 7.1880257e-001
 7.1881396e-001
 7.1886802e-001
 7.1895874e-001
 7.1907800e-001
 7.1921748e-001
 7.1937102e-001
 7.1953541e-001
 7.1970981e-001
 7.1989429e-001
 7.2008753e-001
 7.2028506e-001
 7.2047830e-001
 7.2065520e-001
 7.2080237e-001
 7.2090787e-001
 7.2096401e-001
 7.2096968e-001
 7.2093052e-001
 7.2085792e-001
 7.2076666e-001
 7.2067177e-001
 7.2058582e-001
 7.2051698e-001
 7.2046858e-001
 7.2043961e-001
 7.2042650e-001
 7.2042495e-001
 7.2043145e-001
 7.2044438e-001
 7.2046435e-001
 7.2049373e-001
 7.2053587e-001
 7.2059435e-001
 7.2067183e-001
 7.2077024e-001
 7.2088975e-001
 7.2102940e-001
 7.2118670e-001
 7.2135800e-001
 7.2153860e-001
 7.2172308e-001
 7.2190559e-001
 7.2208053e-001
 7.2224277e-001
 7.2238851e-001
 7.2251493e-001
 7.2262061e-001
 7.2270501e-001
 7.2276765e-001
 7.2280800e-001
 7.2282487e-001
 7.2281682e-001
 7.2278243e-001
 7.2272140e-001
 7.2263545e-001
 7.2252905e-001
 7.2240943e-001
 7.2228605e-001
 7.2216952e-001
 7.2206974e-001
 7.2199428e-001
 7.2194719e-001
 7.2192836e-001
 7.2193372e-001
 7.2195625e-001
 7.2198778e-001
 7.2202057e-001
 7.2204882e-001
 7.2206992e-001
 7.2208446e-001
 7.2209579e-001
 7.2210896e-001
 7.2212911e-001
 7.2216016e-001
 7.2220391e-001
 7.2225988e-001
 7.2232628e-001
 7.2240120e-001
 7.2248471e-001
 7.2258037e-001
 7.2269607e-001
 7.2284341e-001
 7.2303599e-001
 7.2328609e-001
 7.2360158e-001
 7.2398227e-001
 7.2441828e-001
 7.2488958e-001
 7.2536743e-001
 7.2581863e-001
 7.2620952e-001
 7.2651118e-001
 7.2670412e-001
 7.2678083e-001
 7.2674686e-001
 7.2661960e-001
 7.2642499e-001
 7.2619283e-001
 7.2595173e-001
 7.2572476e-001
 7.2552609e-001
 7.2536045e-001
 7.2522420e-001
 7.2510844e-001
 7.2500312e-001
 7.2490090e-001
 7.2479981e-001
 7.2470462e-001
 7.2462553e-001
 7.2457570e-001
 7.2456801e-001
 7.2461164e-001
 7.2470999e-001
 7.2485936e-001
 7.2504961e-001
 7.2526610e-001
 7.2549182e-001
 7.2571003e-001
 7.2590673e-001
 7.2607160e-001
 7.2619939e-001
 7.2628921e-001
 7.2634459e-001
 7.2637200e-001
 7.2638011e-001
 7.2637838e-001
 7.2637606e-001
 7.2638136e-001
 7.2640061e-001
 7.2643787e-001
 7.2649491e-001
 7.2657114e-001
 7.2666419e-001
 7.2677070e-001
 7.2688693e-001
 7.2700959e-001
 7.2713625e-001
 7.2726583e-001
 7.2739840e-001
 7.2753471e-001
 7.2767556e-001
 7.2782093e-001
 7.2796923e-001
 7.2811681e-001
 7.2825772e-001
 7.2838426e-001
 7.2848803e-001
 7.2856086e-001
 7.2859687e-001
 7.2859323e-001
 7.2855139e-001
 7.2847688e-001
 7.2837871e-001
 7.2826785e-001
 7.2815531e-001
 7.2805047e-001
 7.2795957e-001
 7.2788483e-001
 7.2782493e-001
 7.2777593e-001
 7.2773314e-001
 7.2769284e-001
 7.2765416e-001
 7.2761989e-001
 7.2759682e-001
 7.2759420e-001
 7.2762227e-001
 7.2768927e-001
 7.2779924e-001
 7.2795010e-001
 7.2813302e-001
 7.2833377e-001
 7.2853500e-001
 7.2871977e-001
 7.2887528e-001
 7.2899538e-001
 7.2908211e-001
 7.2914463e-001
 7.2919720e-001
 7.2925544e-001
 7.2933292e-001
 7.2943890e-001
 7.2957671e-001
 7.2974461e-001
 7.2993743e-001
 7.3014885e-001
 7.3037326e-001
 7.3060644e-001
 7.3084557e-001
 7.3108780e-001
 7.3132849e-001
 7.3156005e-001
 7.3177141e-001
 7.3194855e-001
 7.3207653e-001
 7.3214191e-001
 7.3213607e-001
 7.3205662e-001
 7.3190790e-001
 7.3170030e-001
 7.3144853e-001
 7.3117030e-001
 7.3088515e-001
 7.3061317e-001
 7.3037279e-001
 7.3017973e-001
 7.3004514e-001
 7.2997528e-001
 7.2997147e-001
 7.3003101e-001
 7.3014742e-001
 7.3031181e-001
 7.3051345e-001
 7.3074055e-001
 7.3098105e-001
 7.3122239e-001
 7.3145199e-001
 7.3165792e-001
 7.3182917e-001
 7.3195678e-001
 7.3203540e-001
 7.3206419e-001
 7.3204786e-001
 7.3199677e-001
 7.3192674e-001
 7.3185730e-001
 7.3180956e-001
 7.3180360e-001
 7.3185557e-001
 7.3197502e-001
 7.3216319e-001
 7.3241282e-001
 7.3270887e-001
 7.3303014e-001
 7.3335117e-001
 7.3364502e-001
 7.3388445e-001
 7.3404509e-001
 7.3410809e-001
 7.3406327e-001
 7.3391151e-001
 7.3366648e-001
 7.3335463e-001
 7.3301274e-001
 7.3268425e-001
 7.3241276e-001
 7.3223591e-001
 7.3217845e-001
 7.3224765e-001
 7.3243237e-001
 7.3270661e-001
 7.3303431e-001
 7.3337615e-001
 7.3369545e-001
 7.3396295e-001
 7.3415995e-001
 7.3427880e-001
 7.3432320e-001
 7.3430568e-001
 7.3424500e-001
 7.3416215e-001
 7.3407722e-001
 7.3400670e-001
 7.3396200e-001
 7.3394895e-001
 7.3396868e-001
 7.3401862e-001
 7.3409426e-001
 7.3419064e-001
 7.3430347e-001
 7.3442948e-001
 7.3456705e-001
 7.3471564e-001
 7.3487538e-001
 7.3504609e-001
 7.3522711e-001
 7.3541647e-001
 7.3561084e-001
 7.3580575e-001
 7.3599553e-001
 7.3617417e-001
 7.3633558e-001
 7.3647422e-001
 7.3658562e-001
 7.3666656e-001
 7.3671544e-001
 7.3673218e-001
 7.3671842e-001
 7.3667735e-001
 7.3661351e-001
 7.3653239e-001
 7.3644012e-001
 7.3634297e-001
 7.3624665e-001
 7.3615581e-001
 7.3607355e-001
 7.3600096e-001
 7.3593718e-001
 7.3587972e-001
 7.3582488e-001
 7.3576844e-001
 7.3570669e-001
 7.3563737e-001
 7.3555988e-001
 7.3547584e-001
 7.3538899e-001
 7.3530442e-001
 7.3522758e-001
 7.3516369e-001
 7.3511612e-001
 7.3508632e-001
 7.3507267e-001
 7.3507148e-001
 7.3507702e-001
 7.3508298e-001
 7.3508358e-001
 7.3507488e-001
 7.3505569e-001
 7.3502809e-001
 7.3499721e-001
 7.3497021e-001
 7.3495543e-001
 7.3496056e-001
 7.3499119e-001
 7.3504996e-001
 7.3513573e-001
 7.3524374e-001
 7.3536658e-001
 7.3549527e-001
 7.3562133e-001
 7.3573822e-001
 7.3584288e-001
 7.3593611e-001
 7.3602241e-001
 7.3610884e-001
 7.3620307e-001
 7.3631179e-001
 7.3643911e-001
 7.3658514e-001
 7.3674601e-001
 7.3691320e-001
 7.3707438e-001
 7.3721498e-001
 7.3732018e-001
 7.3737746e-001
 7.3737931e-001
 7.3732501e-001
 7.3722190e-001
 7.3708498e-001
 7.3693538e-001
 7.3679733e-001
 7.3669511e-001
 7.3664886e-001
 7.3667216e-001
 7.3676980e-001
 7.3693812e-001
 7.3716652e-001
 7.3743951e-001
 7.3773921e-001
 7.3804802e-001
 7.3835051e-001
 7.3863435e-001
 7.3889142e-001
 7.3911768e-001
 7.3931259e-001
 7.3947889e-001
 7.3962110e-001
 7.3974496e-001
 7.3985636e-001
 7.3996061e-001
 7.4006212e-001
 7.4016386e-001
 7.4026769e-001
 7.4037409e-001
 7.4048239e-001
 7.4059093e-001
 7.4069685e-001
 7.4079669e-001
 7.4088615e-001
 7.4096042e-001
 7.4101448e-001
 7.4104333e-001
 7.4104244e-001
 7.4100798e-001
 7.4093729e-001
 7.4082899e-001
 7.4068314e-001
 7.4050117e-001
 7.4028593e-001
 7.4004143e-001
 7.3977280e-001
 7.3948580e-001
 7.3918700e-001
 7.3888344e-001
 7.3858249e-001
 7.3829186e-001
 7.3801923e-001
 7.3777217e-001
 7.3755771e-001
 7.3738235e-001
 7.3725170e-001
 7.3717022e-001
 7.3714113e-001
 7.3716629e-001
 7.3724598e-001
 7.3737860e-001
 7.3756075e-001
 7.3778695e-001
 7.3804927e-001
 7.3833776e-001
 7.3864025e-001
 7.3894334e-001
 7.3923278e-001
 7.3949504e-001
 7.3971820e-001
 7.3989326e-001
 7.4001545e-001
 7.4008465e-001
 7.4010557e-001
 7.4008751e-001
 7.4004298e-001
 7.3998672e-001
 7.3993361e-001
 7.3989749e-001
 7.3988914e-001
 7.3991585e-001
 7.3998058e-001
 7.4008191e-001
 7.4021488e-001
 7.4037147e-001
 7.4054188e-001
 7.4071538e-001
 7.4088138e-001
 7.4102992e-001
 7.4115264e-001
 7.4124289e-001
 7.4129617e-001
 7.4131054e-001
 7.4128693e-001
 7.4122947e-001
 7.4114567e-001
 7.4104643e-001
 7.4094582e-001
 7.4086034e-001
 7.4080759e-001
 7.4080521e-001
 7.4086863e-001
 7.4101007e-001
 7.4123657e-001
 7.4154961e-001
 7.4194431e-001
 7.4240965e-001
 7.4292952e-001
 7.4348378e-001
 7.4404997e-001
 7.4460506e-001
 7.4512684e-001
 7.4559575e-001
 7.4599546e-001
 7.4631381e-001
 7.4654233e-001
 7.4667639e-001
 7.4671531e-001
 7.4666184e-001
 7.4652231e-001
 7.4630594e-001
 7.4602491e-001
 7.4569452e-001
 7.4533308e-001
 7.4496096e-001
 7.4459916e-001
 7.4426812e-001
 7.4398518e-001
 7.4376279e-001
 7.4360675e-001
 7.4351501e-001
 7.4347824e-001
 7.4346644e-001
 7.4351466e-001
 7.4355805e-001
 7.4357373e-001
 7.4354315e-001
 7.4345541e-001
 7.4330914e-001
 7.4311149e-001
 7.4287564e-001
 7.4261826e-001
 7.4235684e-001
 7.4210888e-001
 7.4189067e-001
 7.4171573e-001
 7.4159390e-001
 7.4153000e-001
 7.4152410e-001
 7.4157137e-001
 7.4166375e-001
 7.4179095e-001
 7.4194157e-001
 7.4210429e-001
 7.4226785e-001
 7.4242270e-001
 7.4256122e-001
 7.4267906e-001
 7.4277544e-001
 7.4285281e-001
 7.4291575e-001
 7.4297053e-001
 7.4302375e-001
 7.4308234e-001
 7.4315250e-001
 7.4323964e-001
 7.4334729e-001
 7.4347669e-001
 7.4362648e-001
 7.4379295e-001
 7.4397063e-001
 7.4415302e-001
 7.4433309e-001
 7.4450392e-001
 7.4465835e-001
 7.4478990e-001
 7.4489266e-001
 7.4496186e-001
 7.4499357e-001
 7.4498498e-001
 7.4493390e-001
 7.4483865e-001
 7.4469793e-001
 7.4451065e-001
 7.4427676e-001
 7.4399781e-001
 7.4367809e-001
 7.4332577e-001
 7.4295300e-001
 7.4257571e-001
 7.4221277e-001
 7.4188435e-001
 7.4161142e-001
 7.4141425e-001
 7.4131101e-001
 7.4131554e-001
 7.4143428e-001
 7.4166369e-001
 7.4198896e-001
 7.4238545e-001
 7.4282116e-001
 7.4325967e-001
 7.4366277e-001
 7.4399269e-001
 7.4421459e-001
 7.4429995e-001
 7.4423081e-001
 7.4400401e-001
 7.4363220e-001
 7.4314255e-001
 7.4257314e-001
 7.4196810e-001
 7.4137437e-001
 7.4083906e-001
 7.4040592e-001
 7.4011225e-001
 7.3998398e-001
 7.4003172e-001
 7.4024886e-001
 7.4061364e-001
 7.4109292e-001
 7.4164665e-001
 7.4223202e-001
 7.4280554e-001
 7.4332595e-001
 7.4375653e-001
 7.4406868e-001
 7.4424481e-001
 7.4427944e-001
 7.4417806e-001
 7.4395412e-001
 7.4362624e-001
 7.4321491e-001
 7.4274170e-001
 7.4222773e-001
 7.4169302e-001
 7.4115574e-001
 7.4063110e-001
 7.4013156e-001
 7.3966670e-001
 7.3924422e-001
 7.3887056e-001
 7.3855132e-001
 7.3829192e-001
 7.3809659e-001
 7.3796850e-001
 7.3790830e-001
 7.3791337e-001
 7.3797768e-001
 7.3809206e-001
 7.3824483e-001
 7.3842299e-001
 7.3861307e-001
 7.3880154e-001
 7.3897570e-001
 7.3912472e-001
 7.3924053e-001
 7.3931932e-001
 7.3936158e-001
 7.3937201e-001
 7.3935819e-001
 7.3932946e-001
 7.3929590e-001
 7.3926789e-001
 7.3925483e-001
 7.3926485e-001
 7.3930341e-001
 7.3937273e-001
 7.3947096e-001
 7.3959297e-001
 7.3973107e-001
 7.3987603e-001
 7.4001801e-001
 7.4014729e-001
 7.4025494e-001
 7.4033403e-001
 7.4038082e-001
 7.4039596e-001
 7.4038494e-001
 7.4035764e-001
 7.4032724e-001
 7.4030876e-001
 7.4031800e-001
 7.4037057e-001
 7.4048084e-001
 7.4066031e-001
 7.4091583e-001
 7.4124783e-001
 7.4164963e-001
 7.4210823e-001
 7.4260581e-001
 7.4312186e-001
 7.4363446e-001
 7.4412203e-001
 7.4456400e-001
 7.4494261e-001
 7.4524534e-001
 7.4546587e-001
 7.4560541e-001
 7.4567163e-001
 7.4567723e-001
 7.4563771e-001
 7.4556983e-001
 7.4549061e-001
 7.4541640e-001
 7.4536163e-001
 7.4533767e-001
 7.4535155e-001
 7.4540573e-001
 7.4549836e-001
 7.4562448e-001
 7.4577725e-001
 7.4594891e-001
 7.4613160e-001
 7.4631751e-001
 7.4649966e-001
 7.4667227e-001
 7.4683100e-001
 7.4697345e-001
 7.4709886e-001
 7.4720752e-001
 7.4730062e-001
 7.4737954e-001
 7.4744588e-001
 7.4750137e-001
 7.4754769e-001
 7.4758679e-001
 7.4762052e-001
 7.4765098e-001
 7.4768054e-001
 7.4771136e-001
 7.4774587e-001
 7.4778646e-001
 7.4783552e-001
 7.4789512e-001
 7.4796724e-001
 7.4805337e-001
 7.4815422e-001
 7.4826998e-001
 7.4840003e-001
 7.4854344e-001
 7.4869877e-001
 7.4886465e-001
 7.4903953e-001
 7.4922150e-001
 7.4940860e-001
 7.4959821e-001
 7.4978697e-001
 7.4997085e-001
 7.5014502e-001
 7.5030422e-001
 7.5044280e-001
 7.5055504e-001
 7.5063556e-001
 7.5067943e-001
 7.5068307e-001
 7.5064510e-001
 7.5056690e-001
 7.5045329e-001
 7.5031179e-001
 7.5015223e-001
 7.4998564e-001
 7.4982357e-001
 7.4967742e-001
 7.4955791e-001
 7.4947411e-001
 7.4943203e-001
 7.4943388e-001
 7.4947757e-001
 7.4955708e-001
 7.4966347e-001
 7.4978620e-001
 7.4991387e-001
 7.5003517e-001
 7.5013942e-001
 7.5021768e-001
 7.5026399e-001
 7.5027591e-001
 7.5025570e-001
 7.5020909e-001
 7.5014496e-001
 7.5007361e-001
 7.5000632e-001
 7.4995416e-001
 7.4992752e-001
 7.4993509e-001
 7.4998248e-001
 7.5007153e-001
 7.5019938e-001
 7.5035936e-001
 7.5054181e-001
 7.5073528e-001
 7.5092769e-001
 7.5110662e-001
 7.5126058e-001
 7.5137931e-001
 7.5145531e-001
 7.5148422e-001
 7.5146550e-001
 7.5140208e-001
 7.5129932e-001
 7.5116408e-001
 7.5100386e-001
 7.5082654e-001
 7.5063968e-001
 7.5045043e-001
 7.5026494e-001
 7.5008851e-001
 7.4992478e-001
 7.4977654e-001
 7.4964553e-001
 7.4953306e-001
 7.4944013e-001
 7.4936765e-001
 7.4931645e-001
 7.4928719e-001
 7.4928045e-001
 7.4929631e-001
 7.4933481e-001
 7.4939567e-001
 7.4947828e-001
 7.4958205e-001
 7.4970627e-001
 7.4985015e-001
 7.5001287e-001
 7.5019342e-001
 7.5039023e-001
 7.5060165e-001
 7.5082529e-001
 7.5105852e-001
 7.5129807e-001
 7.5154084e-001
 7.5178343e-001
 7.5202250e-001
 7.5225478e-001
 7.5247729e-001
 7.5268716e-001
 7.5288218e-001
 7.5306052e-001
 7.5322080e-001
 7.5336188e-001
 7.5348312e-001
 7.5358373e-001
 7.5366336e-001
 7.5372225e-001
 7.5376165e-001
 7.5378484e-001
 7.5379777e-001
 7.5380915e-001
 7.5383037e-001
 7.5387472e-001
 7.5395644e-001
 7.5409037e-001
 7.5429064e-001
 7.5456971e-001
 7.5493646e-001
 7.5539333e-001
 7.5593477e-001
 7.5654608e-001
 7.5720370e-001
 7.5787854e-001
 7.5853783e-001
 7.5914681e-001
 7.5967157e-001
 7.6008034e-001
 7.6034647e-001
 7.6045179e-001
 7.6039004e-001
 7.6016760e-001
 7.5980294e-001
 7.5932282e-001
 7.5875902e-001
 7.5814611e-001
 7.5751847e-001
 7.5690913e-001
 7.5634724e-001
 7.5585616e-001
 7.5545019e-001
 7.5513428e-001
 7.5490505e-001
 7.5475258e-001
 7.5466329e-001
 7.5462186e-001
 7.5461239e-001
 7.5461936e-001
 7.5462842e-001
 7.5462741e-001
 7.5460690e-001
 7.5456065e-001
 7.5448525e-001
 7.5437939e-001
 7.5424296e-001
 7.5407660e-001
 7.5388116e-001
 7.5365776e-001
 7.5340796e-001
 7.5313395e-001
 7.5283849e-001
 7.5252533e-001
 7.5219911e-001
 7.5186503e-001
 7.5152832e-001
 7.5119483e-001
 7.5087005e-001
 7.5055927e-001
 7.5026751e-001
 7.4999869e-001
 7.4975562e-001
 7.4954021e-001
 7.4935281e-001
 7.4919313e-001
 7.4906033e-001
 7.4895334e-001
 7.4887085e-001
 7.4881101e-001
 7.4877149e-001
 7.4874866e-001
 7.4873734e-001
 7.4873054e-001
 7.4871981e-001
 7.4869555e-001
 7.4864727e-001
 7.4856460e-001
 7.4843729e-001
 7.4825627e-001
 7.4801481e-001
 7.4771011e-001
 7.4734455e-001
 7.4692678e-001
 7.4647033e-001
 7.4599290e-001
 7.4551421e-001
 7.4505538e-001
 7.4463707e-001
 7.4427849e-001
 7.4399620e-001
 7.4380124e-001
 7.4369770e-001
 7.4368215e-001
 7.4374390e-001
 7.4386740e-001
 7.4403381e-001
 7.4422306e-001
 7.4441493e-001
 7.4459034e-001
 7.4473274e-001
 7.4482983e-001
 7.4487531e-001
 7.4486941e-001
 7.4481821e-001
 7.4473202e-001
 7.4462390e-001
 7.4450803e-001
 7.4439871e-001
 7.4430948e-001
 7.4425220e-001
 7.4423558e-001
 7.4426419e-001
 7.4433815e-001
 7.4445325e-001
 7.4460244e-001
 7.4477667e-001
 7.4496609e-001
 7.4516082e-001
 7.4535108e-001
 7.4552804e-001
 7.4568456e-001
 7.4581534e-001
 7.4591756e-001
 7.4599022e-001
 7.4603415e-001
 7.4605083e-001
 7.4604243e-001
 7.4601108e-001
 7.4595910e-001
 7.4588901e-001
 7.4580312e-001
 7.4570411e-001
 7.4559468e-001
 7.4547774e-001
 7.4535608e-001
 7.4523282e-001
 7.4511081e-001
 7.4499303e-001
 7.4488211e-001
 7.4478054e-001
 7.4469000e-001
 7.4461138e-001
 7.4454474e-001
 7.4448913e-001
 7.4444318e-001
 7.4440503e-001
 7.4437267e-001
 7.4434412e-001
 7.4431735e-001
 7.4429077e-001
 7.4426275e-001
 7.4423254e-001
 7.4419957e-001
 7.4416387e-001
 7.4412584e-001
 7.4408603e-001
 7.4404502e-001
 7.4400359e-001
 7.4396247e-001
 7.4392235e-001
 7.4388397e-001
 7.4384820e-001
 7.4381578e-001
 7.4378753e-001
 7.4376434e-001
 7.4374700e-001
 7.4373645e-001
 7.4373341e-001
 7.4373871e-001
 7.4375290e-001
 7.4377620e-001
 7.4380863e-001
 7.4384958e-001
 7.4389821e-001
 7.4395335e-001
 7.4401361e-001
 7.4407762e-001
 7.4414402e-001
 7.4421138e-001
 7.4427855e-001
 7.4434459e-001
 7.4440891e-001
 7.4447137e-001
 7.4453211e-001
 7.4459153e-001
 7.4465030e-001
 7.4470907e-001
 7.4476844e-001
 7.4482900e-001
 7.4489123e-001
 7.4495536e-001
 7.4502110e-001
 7.4508798e-001
 7.4515510e-001
 7.4522132e-001
 7.4528527e-001
 7.4534571e-001
 7.4540126e-001
 7.4545079e-001
 7.4549371e-001
 7.4552983e-001
 7.4556017e-001
 7.4558651e-001
 7.4561173e-001
 7.4563926e-001
 7.4567300e-001
 7.4571699e-001
 7.4577510e-001
 7.4585098e-001
 7.4594736e-001
 7.4606586e-001
 7.4620605e-001
 7.4636579e-001
 7.4654102e-001
 7.4672651e-001
 7.4691606e-001
 7.4710333e-001
 7.4728179e-001
 7.4744529e-001
 7.4758846e-001
 7.4770683e-001
 7.4779785e-001
 7.4786043e-001
 7.4789524e-001
 7.4790406e-001
 7.4788940e-001
 7.4785399e-001
 7.4780089e-001
 7.4773318e-001
 7.4765390e-001
 7.4756634e-001
 7.4747390e-001
 7.4738014e-001
 7.4728864e-001
 7.4720341e-001
 7.4712819e-001
 7.4706692e-001
 7.4702346e-001
 7.4700129e-001
 7.4700350e-001
 7.4703199e-001
 7.4708760e-001
 7.4716961e-001
 7.4727595e-001
 7.4740368e-001
 7.4754953e-001
 7.4770981e-001
 7.4788076e-001
 7.4805874e-001
 7.4824011e-001
 7.4842119e-001
 7.4859846e-001
 7.4876845e-001
 7.4892777e-001
 7.4907303e-001
 7.4920100e-001
 7.4930847e-001
 7.4939227e-001
 7.4944931e-001
 7.4947667e-001
 7.4947149e-001
 7.4943370e-001
 7.4937224e-001
 7.4925816e-001
 7.4911708e-001
 7.4895388e-001
 7.4877340e-001
 7.4858069e-001
 7.4838060e-001
 7.4817818e-001
 7.4797821e-001
 7.4778569e-001
 7.4760514e-001
 7.4743825e-001
 7.4728447e-001
 7.4714363e-001
 7.4701536e-001
 7.4689943e-001
 7.4679554e-001
 7.4670327e-001
 7.4662250e-001
 7.4655288e-001
 7.4649405e-001
 7.4644583e-001
 7.4640775e-001
 7.4637967e-001
 7.4636120e-001
 7.4635112e-001
 7.4634802e-001
 7.4635029e-001
 7.4635649e-001
 7.4636507e-001
 7.4637443e-001
 7.4638313e-001
 7.4638981e-001
 7.4639267e-001
 7.4639028e-001
 7.4638116e-001
 7.4636376e-001
 7.4633658e-001
 7.4629807e-001
 7.4624676e-001
 7.4618107e-001
 7.4609953e-001
 7.4600089e-001
 7.4588543e-001
 7.4575460e-001
 7.4560988e-001
 7.4545246e-001
 7.4528384e-001
 7.4510545e-001
 7.4491870e-001
 7.4472481e-001
 7.4452525e-001
 7.4432147e-001
 7.4411482e-001
 7.4390656e-001
 7.4369824e-001
 7.4349123e-001
 7.4328685e-001
 7.4308640e-001
 7.4289149e-001
 7.4270338e-001
 7.4252343e-001
 7.4235302e-001
 7.4219364e-001
 7.4204654e-001
 7.4191183e-001
 7.4178946e-001
 7.4167919e-001
 7.4158072e-001
 7.4149388e-001
 7.4141830e-001
 7.4135399e-001
 7.4130058e-001
 7.4125785e-001
 7.4122548e-001
 7.4120349e-001
 7.4119133e-001
 7.4118900e-001
 7.4119627e-001
 7.4121284e-001
 7.4123842e-001
 7.4127293e-001
 7.4131602e-001
 7.4136746e-001
 7.4142706e-001
 7.4149466e-001
 7.4156994e-001
 7.4165273e-001
 7.4174273e-001
 7.4183971e-001
 7.4194342e-001
 7.4205327e-001
 7.4216837e-001
 7.4228781e-001
 7.4241090e-001
 7.4253660e-001
 7.4266422e-001
 7.4279290e-001
 7.4292177e-001
 7.4304980e-001
 7.4317652e-001
 7.4330091e-001
 7.4342197e-001
 7.4353904e-001
 7.4365121e-001
 7.4375772e-001
 7.4385768e-001
 7.4395019e-001
 7.4403447e-001
 7.4410963e-001
 7.4417490e-001
 7.4422926e-001
 7.4427211e-001
 7.4430251e-001
 7.4431950e-001
 7.4432248e-001
 7.4431026e-001
 7.4428236e-001
 7.4423772e-001
 7.4417555e-001
 7.4409515e-001
 7.4399704e-001
 7.4388242e-001
 7.4375212e-001
