s07_ASD Record=13035: ClinozoisiteEpidote HS299.2B  BECKb AREF
 1.1932707e-001
 1.2259180e-001
 1.2589802e-001
 1.2923786e-001
 1.3259716e-001
 1.3595842e-001
 1.3930720e-001
 1.4263622e-001
 1.4594840e-001
 1.4925477e-001
 1.5257080e-001
 1.5591009e-001
 1.5928066e-001
 1.6268072e-001
 1.6609372e-001
 1.6948831e-001
 1.7282407e-001
 1.7606176e-001
 1.7916970e-001
 1.8212798e-001
 1.8492921e-001
 1.8757695e-001
 1.9008414e-001
 1.9246982e-001
 1.9475698e-001
 1.9696887e-001
 1.9912352e-001
 2.0122395e-001
 2.0325539e-001
 2.0519485e-001
 2.0702645e-001
 2.0875055e-001
 2.1038009e-001
 2.1193440e-001
 2.1343493e-001
 2.1489266e-001
 2.1629670e-001
 2.1761456e-001
 2.1880160e-001
 2.1981452e-001
 2.2062460e-001
 2.2122756e-001
 2.2164983e-001
 2.2194840e-001
 2.2220144e-001
 2.2248991e-001
 2.2287603e-001
 2.2338782e-001
 2.2401626e-001
 2.2472550e-001
 2.2547029e-001
 2.2621280e-001
 2.2693367e-001
 2.2763537e-001
 2.2833931e-001
 2.2908141e-001
 2.2990885e-001
 2.3087096e-001
 2.3201682e-001
 2.3343574e-001
 2.3521437e-001
 2.3729149e-001
 2.3961776e-001
 2.4217434e-001
 2.4490789e-001
 2.4770658e-001
 2.5048363e-001
 2.5318965e-001
 2.5579283e-001
 2.5827193e-001
 2.6061872e-001
 2.6284367e-001
 2.6497701e-001
 2.6706240e-001
 2.6914215e-001
 2.7124193e-001
 2.7336073e-001
 2.7547550e-001
 2.7755803e-001
 2.7959502e-001
 2.8160045e-001
 2.8361157e-001
 2.8567210e-001
 2.8781024e-001
 2.9002264e-001
 2.9226881e-001
 2.9447666e-001
 2.9655728e-001
 2.9842469e-001
 3.0001870e-001
 3.0132270e-001
 3.0237013e-001
 3.0323082e-001
 3.0397987e-001
 3.0466074e-001
 3.0525842e-001
 3.0569452e-001
 3.0585083e-001
 3.0561644e-001
 3.0493400e-001
 3.0382940e-001
 3.0241725e-001
 3.0088353e-001
 2.9945666e-001
 2.9836732e-001
 2.9778743e-001
 2.9779145e-001
 2.9837790e-001
 2.9952589e-001
 3.0122602e-001
 3.0343938e-001
 3.0601704e-001
 3.0867428e-001
 3.1107041e-001
 3.1294301e-001
 3.1418833e-001
 3.1484300e-001
 3.1501633e-001
 3.1485116e-001
 3.1453168e-001
 3.1428936e-001
 3.1436065e-001
 3.1491014e-001
 3.1597653e-001
 3.1748113e-001
 3.1928754e-001
 3.2127234e-001
 3.2337001e-001
 3.2557976e-001
 3.2793742e-001
 3.3047548e-001
 3.3320382e-001
 3.3612108e-001
 3.3923256e-001
 3.4254450e-001
 3.4604740e-001
 3.4971079e-001
 3.5348323e-001
 3.5727677e-001
 3.6096385e-001
 3.6443260e-001
 3.6766914e-001
 3.7077752e-001
 3.7389141e-001
 3.7705383e-001
 3.8016704e-001
 3.8304397e-001
 3.8550928e-001
 3.8748580e-001
 3.8903829e-001
 3.9035425e-001
 3.9164633e-001
 3.9301151e-001
 3.9435878e-001
 3.9549366e-001
 3.9629954e-001
 3.9684206e-001
 3.9730033e-001
 3.9780465e-001
 3.9833829e-001
 3.9877158e-001
 3.9896193e-001
 3.9882389e-001
 3.9834791e-001
 3.9760414e-001
 3.9673510e-001
 3.9590639e-001
 3.9522430e-001
 3.9468378e-001
 3.9418915e-001
 3.9362314e-001
 3.9290839e-001
 3.9203280e-001
 3.9104429e-001
 3.9003524e-001
 3.8912091e-001
 3.8839746e-001
 3.8787240e-001
 3.8741246e-001
 3.8679492e-001
 3.8587561e-001
 3.8474053e-001
 3.8368183e-001
 3.8300681e-001
 3.8285121e-001
 3.8313076e-001
 3.8362265e-001
 3.8409212e-001
 3.8438657e-001
 3.8445485e-001
 3.8430864e-001
 3.8399994e-001
 3.8365105e-001
 3.8346115e-001
 3.8360947e-001
 3.8413122e-001
 3.8491815e-001
 3.8584110e-001
 3.8683623e-001
 3.8786480e-001
 3.8883352e-001
 3.8961330e-001
 3.9016509e-001
 3.9063275e-001
 3.9127964e-001
 3.9232379e-001
 3.9382723e-001
 3.9568782e-001
 3.9768374e-001
 3.9956382e-001
 4.0119079e-001
 4.0262058e-001
 4.0400431e-001
 4.0542027e-001
 4.0684262e-001
 4.0823579e-001
 4.0959817e-001
 4.1093522e-001
 4.1228119e-001
 4.1375312e-001
 4.1549930e-001
 4.1754869e-001
 4.1974944e-001
 4.2190847e-001
 4.2400327e-001
 4.2619815e-001
 4.2859790e-001
 4.3105346e-001
 4.3332881e-001
 4.3540925e-001
 4.3749523e-001
 4.3972352e-001
 4.4203871e-001
 4.4431582e-001
 4.4647232e-001
 4.4846267e-001
 4.5029184e-001
 4.5207053e-001
 4.5397964e-001
 4.5611683e-001
 4.5838979e-001
 4.6061301e-001
 4.6274671e-001
 4.6497929e-001
 4.6746802e-001
 4.7005054e-001
 4.7237033e-001
 4.7428125e-001
 4.7599643e-001
 4.7779831e-001
 4.7970051e-001
 4.8153839e-001
 4.8334211e-001
 4.8538452e-001
 4.8775417e-001
 4.9008352e-001
 4.9191022e-001
 4.9317527e-001
 4.9426761e-001
 4.9563497e-001
 4.9738631e-001
 4.9932742e-001
 5.0132835e-001
 5.0337601e-001
 5.0524002e-001
 5.0648838e-001
 5.0701928e-001
 5.0732207e-001
 5.0800949e-001
 5.0918996e-001
 5.1047856e-001
 5.1158839e-001
 5.1267546e-001
 5.1403528e-001
 5.1572257e-001
 5.1757884e-001
 5.1934367e-001
 5.2067393e-001
 5.2136010e-001
 5.2159828e-001
 5.2186483e-001
 5.2250290e-001
 5.2344364e-001
 5.2436393e-001
 5.2510190e-001
 5.2585316e-001
 5.2693546e-001
 5.2837795e-001
 5.2984560e-001
 5.3100741e-001
 5.3183758e-001
 5.3251958e-001
 5.3318465e-001
 5.3382170e-001
 5.3442305e-001
 5.3514940e-001
 5.3622198e-001
 5.3762186e-001
 5.3905928e-001
 5.4030287e-001
 5.4137230e-001
 5.4236388e-001
 5.4328191e-001
 5.4411006e-001
 5.4488283e-001
 5.4560697e-001
 5.4623115e-001
 5.4676044e-001
 5.4731423e-001
 5.4800791e-001
 5.4881936e-001
 5.4960692e-001
 5.5026996e-001
 5.5089414e-001
 5.5169404e-001
 5.5276513e-001
 5.5392987e-001
 5.5486512e-001
 5.5536187e-001
 5.5557352e-001
 5.5600846e-001
 5.5708373e-001
 5.5864781e-001
 5.6008708e-001
 5.6088132e-001
 5.6098282e-001
 5.6075722e-001
 5.6066674e-001
 5.6100821e-001
 5.6184375e-001
 5.6302863e-001
 5.6425947e-001
 5.6519359e-001
 5.6564683e-001
 5.6572062e-001
 5.6570667e-001
 5.6583470e-001
 5.6610245e-001
 5.6635827e-001
 5.6655568e-001
 5.6691402e-001
 5.6777281e-001
 5.6921923e-001
 5.7084972e-001
 5.7197171e-001
 5.7213998e-001
 5.7153469e-001
 5.7080919e-001
 5.7060486e-001
 5.7118160e-001
 5.7232052e-001
 5.7339430e-001
 5.7360411e-001
 5.7271117e-001
 5.7165217e-001
 5.7128280e-001
 5.7145870e-001
 5.7176614e-001
 5.7232445e-001
 5.7324630e-001
 5.7400924e-001
 5.7409191e-001
 5.7369274e-001
 5.7327229e-001
 5.7289577e-001
 5.7247055e-001
 5.7219571e-001
 5.7238996e-001
 5.7309759e-001
 5.7403255e-001
 5.7475775e-001
 5.7488966e-001
 5.7434624e-001
 5.7358325e-001
 5.7335168e-001
 5.7380205e-001
 5.7413560e-001
 5.7368070e-001
 5.7287121e-001
 5.7266182e-001
 5.7340509e-001
 5.7453412e-001
 5.7505983e-001
 5.7442504e-001
 5.7301110e-001
 5.7179940e-001
 5.7157856e-001
 5.7231808e-001
 5.7324153e-001
 5.7371652e-001
 5.7388306e-001
 5.7418674e-001
 5.7472020e-001
 5.7531905e-001
 5.7585829e-001
 5.7612455e-001
 5.7578623e-001
 5.7477772e-001
 5.7345277e-001
 5.7250911e-001
 5.7221550e-001
 5.7205641e-001
 5.7172036e-001
 5.7152891e-001
 5.7182652e-001
 5.7252777e-001
 5.7317328e-001
 5.7329971e-001
 5.7283252e-001
 5.7210475e-001
 5.7151872e-001
 5.7129431e-001
 5.7145280e-001
 5.7189900e-001
 5.7239479e-001
 5.7258767e-001
 5.7223040e-001
 5.7148165e-001
 5.7087958e-001
 5.7093424e-001
 5.7172644e-001
 5.7289708e-001
 5.7397068e-001
 5.7462054e-001
 5.7470924e-001
 5.7423437e-001
 5.7334512e-001
 5.7235837e-001
 5.7168484e-001
 5.7156008e-001
 5.7174671e-001
 5.7201552e-001
 5.7214725e-001
 5.7218999e-001
 5.7229894e-001
 5.7263005e-001
 5.7329994e-001
 5.7417196e-001
 5.7500648e-001
 5.7556409e-001
 5.7564884e-001
 5.7535231e-001
 5.7488251e-001
 5.7444757e-001
 5.7423085e-001
 5.7424897e-001
 5.7445121e-001
 5.7478660e-001
 5.7519543e-001
 5.7556176e-001
 5.7574952e-001
 5.7554525e-001
 5.7486498e-001
 5.7377523e-001
 5.7254004e-001
 5.7143140e-001
 5.7072192e-001
 5.7067281e-001
 5.7129478e-001
 5.7234973e-001
 5.7358909e-001
 5.7476407e-001
 5.7563394e-001
 5.7613254e-001
 5.7636619e-001
 5.7644850e-001
 5.7649320e-001
 5.7661092e-001
 5.7684416e-001
 5.7716930e-001
 5.7755947e-001
 5.7798815e-001
 5.7842875e-001
 5.7885337e-001
 5.7922959e-001
 5.7952428e-001
 5.7970375e-001
 5.7973462e-001
 5.7958376e-001
 5.7923371e-001
 5.7873130e-001
 5.7813776e-001
 5.7751495e-001
 5.7692420e-001
 5.7642728e-001
 5.7608563e-001
 5.7594573e-001
 5.7599550e-001
 5.7620943e-001
 5.7656157e-001
 5.7702643e-001
 5.7757813e-001
-1.2300000e+034
-1.2300000e+034
 5.7949746e-001
 5.8013940e-001
 5.8073968e-001
 5.8127248e-001
 5.8171213e-001
 5.8203286e-001
 5.8220899e-001
 5.8221471e-001
 5.8203876e-001
 5.8172345e-001
 5.8132350e-001
 5.8089358e-001
 5.8048874e-001
 5.8016354e-001
 5.7997286e-001
 5.7997143e-001
 5.8019710e-001
 5.8062577e-001
 5.8121866e-001
 5.8193719e-001
 5.8274293e-001
 5.8359689e-001
 5.8446079e-001
 5.8529580e-001
 5.8606350e-001
 5.8672506e-001
 5.8724207e-001
 5.8757567e-001
 5.8770001e-001
 5.8763373e-001
 5.8740622e-001
 5.8704662e-001
 5.8658409e-001
 5.8604801e-001
 5.8546734e-001
 5.8487129e-001
 5.8428931e-001
 5.8375031e-001
 5.8328366e-001
 5.8291841e-001
 5.8267617e-001
 5.8255064e-001
 5.8252960e-001
 5.8260071e-001
 5.8275163e-001
 5.8296996e-001
 5.8324337e-001
 5.8355975e-001
 5.8390653e-001
 5.8427155e-001
 5.8464235e-001
 5.8500934e-001
 5.8537209e-001
 5.8573210e-001
 5.8609104e-001
 5.8645052e-001
 5.8681214e-001
 5.8717740e-001
 5.8754802e-001
 5.8792555e-001
 5.8831155e-001
 5.8870596e-001
 5.8910298e-001
 5.8949518e-001
 5.8987540e-001
 5.9023643e-001
 5.9057117e-001
 5.9087235e-001
 5.9113270e-001
 5.9134513e-001
 5.9150231e-001
 5.9160125e-001
 5.9165263e-001
 5.9167039e-001
 5.9166837e-001
 5.9166038e-001
 5.9166032e-001
 5.9168184e-001
 5.9173900e-001
 5.9184545e-001
 5.9201533e-001
 5.9225678e-001
 5.9256095e-001
 5.9291458e-001
 5.9330511e-001
 5.9371924e-001
 5.9414428e-001
 5.9456724e-001
 5.9497517e-001
 5.9535503e-001
 5.9569514e-001
 5.9598732e-001
 5.9622407e-001
 5.9639817e-001
 5.9650218e-001
 5.9652871e-001
 5.9647036e-001
 5.9631979e-001
 5.9607756e-001
 5.9576958e-001
 5.9542787e-001
 5.9508353e-001
 5.9476846e-001
 5.9451407e-001
 5.9435195e-001
 5.9431356e-001
 5.9441596e-001
 5.9462821e-001
 5.9490967e-001
 5.9521985e-001
 5.9551823e-001
 5.9576404e-001
 5.9591687e-001
 5.9593606e-001
 5.9580100e-001
 5.9555459e-001
 5.9525323e-001
 5.9497982e-001
 5.9475976e-001
 5.9466040e-001
 5.9471899e-001
 5.9494317e-001
 5.9531450e-001
 5.9579694e-001
 5.9634614e-001
 5.9691483e-001
 5.9745729e-001
 5.9793431e-001
 5.9831691e-001
 5.9858418e-001
 5.9871888e-001
 5.9870851e-001
 5.9855163e-001
 5.9826773e-001
 5.9790033e-001
 5.9751129e-001
 5.9716970e-001
 5.9694117e-001
 5.9687293e-001
 5.9697932e-001
 5.9723639e-001
 5.9759021e-001
 5.9797299e-001
 5.9831810e-001
 5.9857464e-001
 5.9871984e-001
 5.9876251e-001
 5.9873676e-001
 5.9868979e-001
 5.9866935e-001
 5.9871328e-001
 5.9884149e-001
 5.9905344e-001
 5.9933186e-001
 5.9964931e-001
 5.9997410e-001
 6.0027486e-001
 6.0004777e-001
 6.0009581e-001
 6.0008371e-001
 6.0000569e-001
 5.9986091e-001
 5.9965402e-001
 5.9939474e-001
 5.9909725e-001
 5.9877932e-001
 5.9846038e-001
 5.9815979e-001
 5.9789473e-001
 5.9767783e-001
 5.9751624e-001
 5.9741139e-001
 5.9736007e-001
 5.9735560e-001
 5.9738934e-001
 5.9745175e-001
 5.9753346e-001
 5.9762627e-001
 5.9772342e-001
 5.9781992e-001
 5.9791273e-001
 5.9800076e-001
 5.9808487e-001
 5.9816790e-001
 5.9825474e-001
 5.9835154e-001
 5.9846509e-001
 5.9860164e-001
 5.9876579e-001
 5.9895962e-001
 5.9918219e-001
 5.9942949e-001
 5.9969497e-001
 5.9997016e-001
 6.0024583e-001
 6.0051256e-001
 6.0076201e-001
 6.0098690e-001
 6.0118127e-001
 6.0134035e-001
 6.0146081e-001
 6.0154086e-001
 6.0158062e-001
 6.0158294e-001
 6.0155380e-001
 6.0150200e-001
 6.0143900e-001
 6.0137707e-001
 6.0132784e-001
 6.0130060e-001
 6.0130101e-001
 6.0133123e-001
 6.0139042e-001
 6.0147679e-001
 6.0158938e-001
 6.0173017e-001
 6.0190451e-001
 6.0212088e-001
 6.0238880e-001
 6.0271657e-001
 6.0310841e-001
 6.0356253e-001
 6.0407031e-001
 6.0461700e-001
 6.0518348e-001
 6.0574919e-001
 6.0629481e-001
 6.0680473e-001
 6.0726881e-001
 6.0768265e-001
 6.0804772e-001
 6.0836977e-001
 6.0865778e-001
 6.0892260e-001
 6.0917509e-001
 6.0942519e-001
 6.0968089e-001
 6.0994744e-001
 6.1022699e-001
 6.1051828e-001
 6.1081743e-001
 6.1111856e-001
 6.1141515e-001
 6.1170173e-001
 6.1197495e-001
 6.1223507e-001
 6.1248654e-001
 6.1273730e-001
 6.1299825e-001
 6.1328137e-001
 6.1359787e-001
 6.1395663e-001
 6.1436230e-001
 6.1481512e-001
 6.1531019e-001
 6.1583835e-001
 6.1638755e-001
 6.1694390e-001
 6.1749381e-001
 6.1802536e-001
 6.1852968e-001
 6.1900216e-001
 6.1944288e-001
 6.1985642e-001
 6.2025124e-001
 6.2063831e-001
 6.2102968e-001
 6.2143630e-001
 6.2186688e-001
 6.2232637e-001
 6.2281591e-001
 6.2333345e-001
 6.2387514e-001
 6.2443691e-001
 6.2501651e-001
 6.2561435e-001
 6.2623370e-001
 6.2687939e-001
 6.2755615e-001
 6.2826604e-001
 6.2900609e-001
 6.2976772e-001
 6.3053644e-001
 6.3129342e-001
 6.3201863e-001
 6.3269353e-001
 6.3330448e-001
 6.3384449e-001
 6.3431448e-001
 6.3472307e-001
 6.3508445e-001
 6.3541675e-001
 6.3573915e-001
 6.3606942e-001
 6.3642246e-001
 6.3680851e-001
 6.3723314e-001
 6.3769734e-001
 6.3819814e-001
 6.3872987e-001
 6.3928515e-001
 6.3985604e-001
 6.4043534e-001
 6.4101678e-001
 6.4159632e-001
 6.4217198e-001
 6.4274389e-001
 6.4331490e-001
 6.4388937e-001
 6.4447314e-001
 6.4507186e-001
 6.4569026e-001
 6.4633083e-001
 6.4699221e-001
 6.4766949e-001
 6.4835358e-001
 6.4903301e-001
 6.4969587e-001
 6.5033162e-001
 6.5093428e-001
 6.5150321e-001
 6.5204412e-001
 6.5256810e-001
 6.5308917e-001
 6.5362185e-001
 6.5417826e-001
 6.5476537e-001
 6.5538460e-001
 6.5603113e-001
 6.5669566e-001
 6.5736669e-001
 6.5803224e-001
 6.5868270e-001
 6.5931123e-001
 6.5991503e-001
 6.6049492e-001
 6.6105431e-001
 6.6159827e-001
 6.6213256e-001
 6.6266251e-001
 6.6319263e-001
 6.6372621e-001
 6.6426581e-001
 6.6481298e-001
 6.6536927e-001
 6.6593647e-001
 6.6651696e-001
 6.6711414e-001
 6.6773248e-001
 6.6837662e-001
 6.6905135e-001
 6.6975993e-001
 6.7050314e-001
 6.7127866e-001
 6.7207974e-001
 6.7289597e-001
 6.7371339e-001
 6.7451650e-001
 6.7529023e-001
 6.7602187e-001
 6.7670310e-001
 6.7733091e-001
 6.7790776e-001
 6.7844081e-001
 6.7894024e-001
 6.7941749e-001
 6.7988348e-001
 6.8034714e-001
 6.8081534e-001
 6.8129253e-001
 6.8178177e-001
 6.8228573e-001
 6.8280745e-001
 6.8335092e-001
 6.8392116e-001
 6.8452328e-001
 6.8516189e-001
 6.8583924e-001
 6.8655449e-001
 6.8730235e-001
 6.8807286e-001
 6.8885243e-001
 6.8962431e-001
 6.9037133e-001
 6.9107723e-001
 6.9172883e-001
 6.9231808e-001
 6.9284183e-001
 6.9330239e-001
 6.9370633e-001
 6.9406325e-001
 6.9438428e-001
 6.9468033e-001
 6.9496131e-001
 6.9523501e-001
 6.9550699e-001
 6.9578046e-001
 6.9605666e-001
 6.9633543e-001
 6.9661582e-001
 6.9689667e-001
 6.9717759e-001
 6.9745940e-001
 6.9774449e-001
 6.9803685e-001
 6.9834155e-001
 6.9866377e-001
 6.9900757e-001
 6.9937432e-001
 6.9976217e-001
 7.0016521e-001
 7.0057440e-001
 7.0097834e-001
 7.0136571e-001
 7.0172697e-001
 7.0205587e-001
 7.0235008e-001
 7.0261091e-001
 7.0284194e-001
 7.0304775e-001
 7.0323199e-001
 7.0339715e-001
 7.0354450e-001
 7.0367509e-001
 7.0379114e-001
 7.0389706e-001
 7.0399982e-001
 7.0410776e-001
 7.0422900e-001
 7.0436895e-001
 7.0452833e-001
 7.0470232e-001
 7.0488101e-001
 7.0505124e-001
 7.0519996e-001
 7.0531714e-001
 7.0539850e-001
 7.0544678e-001
 7.0547122e-001
 7.0548600e-001
 7.0550686e-001
 7.0554835e-001
 7.0562094e-001
 7.0572913e-001
 7.0587069e-001
 7.0603764e-001
 7.0621735e-001
 7.0639497e-001
 7.0655566e-001
 7.0668703e-001
 7.0678115e-001
 7.0683575e-001
 7.0685488e-001
 7.0684898e-001
 7.0683342e-001
 7.0682710e-001
 7.0684940e-001
 7.0691746e-001
 7.0704335e-001
 7.0723176e-001
 7.0747864e-001
 7.0777154e-001
 7.0809102e-001
 7.0841324e-001
 7.0871353e-001
 7.0896989e-001
 7.0916569e-001
 7.0929182e-001
 7.0934695e-001
 7.0933741e-001
 7.0927519e-001
 7.0917636e-001
 7.0905894e-001
 7.0894104e-001
 7.0883930e-001
 7.0876789e-001
 7.0873767e-001
 7.0875549e-001
 7.0882386e-001
 7.0894027e-001
 7.0909768e-001
 7.0928437e-001
 7.0948541e-001
 7.0968354e-001
 7.0986146e-001
 7.1000385e-001
 7.1009928e-001
 7.1014225e-001
 7.1013409e-001
 7.1008301e-001
 7.1000332e-001
 7.0991319e-001
 7.0983261e-001
 7.0977980e-001
 7.0976925e-001
 7.0980960e-001
 7.0990318e-001
 7.1004665e-001
 7.1023256e-001
 7.1045130e-001
 7.1069342e-001
 7.1095055e-001
 7.1121609e-001
 7.1148497e-001
 7.1175247e-001
 7.1201336e-001
 7.1226192e-001
 7.1249193e-001
 7.1269828e-001
 7.1287787e-001
 7.1303129e-001
 7.1316314e-001
 7.1328133e-001
 7.1339566e-001
 7.1351558e-001
 7.1364808e-001
 7.1379614e-001
 7.1395820e-001
 7.1412915e-001
 7.1430147e-001
 7.1446717e-001
 7.1461940e-001
 7.1475297e-001
 7.1486461e-001
 7.1495241e-001
 7.1501487e-001
 7.1505064e-001
 7.1505851e-001
 7.1503842e-001
 7.1499228e-001
 7.1492529e-001
 7.1484596e-001
 7.1476597e-001
 7.1469808e-001
 7.1465397e-001
 7.1464163e-001
 7.1466291e-001
 7.1471226e-001
 7.1477717e-001
 7.1483952e-001
 7.1487874e-001
 7.1487588e-001
 7.1481711e-001
 7.1469742e-001
 7.1452236e-001
 7.1430826e-001
 7.1408004e-001
 7.1386772e-001
 7.1370173e-001
 7.1360761e-001
 7.1360207e-001
 7.1369040e-001
 7.1386594e-001
 7.1411157e-001
 7.1440315e-001
 7.1471351e-001
 7.1501642e-001
 7.1528989e-001
 7.1551800e-001
 7.1569169e-001
 7.1580815e-001
 7.1586972e-001
 7.1588254e-001
 7.1585512e-001
 7.1579748e-001
 7.1572065e-001
 7.1563619e-001
 7.1555567e-001
 7.1549040e-001
 7.1545058e-001
 7.1544445e-001
 7.1547741e-001
 7.1555132e-001
 7.1566403e-001
 7.1580952e-001
 7.1597904e-001
 7.1616185e-001
 7.1634752e-001
 7.1652734e-001
 7.1669573e-001
 7.1685106e-001
 7.1699524e-001
 7.1713293e-001
 7.1726972e-001
 7.1741009e-001
 7.1755600e-001
 7.1770579e-001
 7.1785438e-001
 7.1799403e-001
 7.1811634e-001
 7.1821374e-001
 7.1828109e-001
 7.1831685e-001
 7.1832299e-001
 7.1830451e-001
 7.1826863e-001
 7.1822363e-001
 7.1817827e-001
 7.1814084e-001
 7.1811938e-001
 7.1812129e-001
 7.1815294e-001
 7.1821952e-001
 7.1832401e-001
 7.1846658e-001
 7.1864432e-001
 7.1885055e-001
 7.1907586e-001
 7.1930873e-001
 7.1953666e-001
 7.1974796e-001
 7.1993232e-001
 7.2008151e-001
 7.2018981e-001
 7.2025347e-001
 7.2027063e-001
 7.2024131e-001
 7.2016710e-001
 7.2005188e-001
 7.1990228e-001
 7.1972746e-001
 7.1953911e-001
 7.1935064e-001
 7.1917564e-001
 7.1902627e-001
 7.1891212e-001
 7.1883875e-001
 7.1880782e-001
 7.1881729e-001
 7.1886277e-001
 7.1893877e-001
 7.1904004e-001
 7.1916229e-001
 7.1930254e-001
 7.1945870e-001
 7.1962863e-001
 7.1980929e-001
 7.1999568e-001
 7.2018033e-001
 7.2035331e-001
 7.2050256e-001
 7.2061485e-001
 7.2067720e-001
 7.2067821e-001
 7.2060966e-001
 7.2046787e-001
 7.2025424e-001
 7.1997571e-001
 7.1964419e-001
 7.1927482e-001
 7.1888399e-001
 7.1848631e-001
 7.1809220e-001
 7.1770561e-001
 7.1732330e-001
 7.1693635e-001
 7.1653247e-001
 7.1610087e-001
 7.1563637e-001
 7.1514302e-001
 7.1463573e-001
 7.1413779e-001
 7.1367657e-001
 7.1327686e-001
 7.1295315e-001
 7.1270496e-001
 7.1251464e-001
 7.1234971e-001
 7.1216953e-001
 7.1193331e-001
 7.1160865e-001
 7.1117777e-001
 7.1064037e-001
 7.1001285e-001
 7.0932329e-001
 7.0860511e-001
 7.0788956e-001
 7.0719987e-001
 7.0655012e-001
 7.0594567e-001
 7.0538580e-001
 7.0486629e-001
 7.0438141e-001
 7.0392543e-001
 7.0349312e-001
 7.0307988e-001
 7.0268059e-001
 7.0228821e-001
 7.0189404e-001
 7.0148784e-001
 7.0106012e-001
 7.0060503e-001
 7.0012194e-001
 6.9961625e-001
 6.9909745e-001
 6.9857740e-001
 6.9806737e-001
 6.9757634e-001
 6.9711006e-001
 6.9667065e-001
 6.9625741e-001
 6.9586855e-001
 6.9550270e-001
 6.9516128e-001
 6.9484973e-001
 6.9457817e-001
 6.9436115e-001
 6.9421667e-001
 6.9416422e-001
 6.9422203e-001
 6.9440442e-001
 6.9471979e-001
 6.9516939e-001
 6.9574630e-001
 6.9643587e-001
 6.9721699e-001
 6.9806284e-001
 6.9894266e-001
 6.9982386e-001
 7.0067567e-001
 7.0147318e-001
 7.0220011e-001
 7.0285159e-001
 7.0343494e-001
 7.0396745e-001
 7.0447409e-001
 7.0498192e-001
 7.0551580e-001
 7.0609379e-001
 7.0672452e-001
 7.0740795e-001
 7.0813620e-001
 7.0889699e-001
 7.0967638e-001
 7.1046066e-001
 7.1123910e-001
 7.1200383e-001
 7.1275073e-001
 7.1347946e-001
 7.1419185e-001
 7.1489179e-001
 7.1558356e-001
 7.1627086e-001
 7.1695662e-001
 7.1764177e-001
 7.1832514e-001
 7.1900392e-001
 7.1967280e-001
 7.2032523e-001
 7.2095287e-001
 7.2154671e-001
 7.2209769e-001
 7.2259718e-001
 7.2303826e-001
 7.2341609e-001
 7.2372878e-001
 7.2397804e-001
 7.2416908e-001
 7.2431082e-001
 7.2441542e-001
 7.2449791e-001
 7.2457558e-001
 7.2466677e-001
 7.2479033e-001
 7.2496367e-001
 7.2520173e-001
 7.2551537e-001
 7.2590959e-001
 7.2638261e-001
 7.2692496e-001
 7.2751969e-001
 7.2814357e-001
 7.2876900e-001
 7.2936648e-001
 7.2990847e-001
 7.3037130e-001
 7.3073858e-001
 7.3100245e-001
 7.3116386e-001
 7.3123235e-001
 7.3122424e-001
 7.3116046e-001
 7.3106438e-001
 7.3095942e-001
 7.3086703e-001
 7.3080593e-001
 7.3079079e-001
 7.3083234e-001
 7.3093718e-001
 7.3110855e-001
 7.3134595e-001
 7.3164624e-001
 7.3200339e-001
 7.3240876e-001
 7.3285151e-001
 7.3331851e-001
 7.3379457e-001
 7.3426348e-001
 7.3470801e-001
 7.3511183e-001
 7.3546028e-001
 7.3574263e-001
 7.3595339e-001
 7.3609352e-001
 7.3617160e-001
 7.3620325e-001
 7.3621029e-001
 7.3621845e-001
 7.3625451e-001
 7.3634255e-001
 7.3650086e-001
 7.3673898e-001
 7.3705643e-001
 7.3744297e-001
 7.3788106e-001
 7.3834860e-001
 7.3882228e-001
 7.3928082e-001
 7.3970723e-001
 7.4009025e-001
 7.4042517e-001
 7.4071372e-001
 7.4096334e-001
 7.4118495e-001
 7.4139071e-001
 7.4159122e-001
 7.4179310e-001
 7.4199766e-001
 7.4220031e-001
 7.4239111e-001
 7.4255663e-001
 7.4268198e-001
 7.4275315e-001
 7.4275917e-001
 7.4269354e-001
 7.4255437e-001
 7.4234396e-001
 7.4206793e-001
 7.4173427e-001
 7.4135214e-001
 7.4093115e-001
 7.4048102e-001
 7.4001086e-001
 7.3952985e-001
 7.3904717e-001
 7.3857236e-001
 7.3811603e-001
 7.3769003e-001
 7.3730803e-001
 7.3698580e-001
 7.3674041e-001
 7.3658991e-001
 7.3655194e-001
 7.3664224e-001
 7.3687261e-001
 7.3724914e-001
 7.3777050e-001
 7.3842710e-001
 7.3920119e-001
 7.4006706e-001
 7.4099362e-001
 7.4194592e-001
 7.4288857e-001
 7.4378872e-001
 7.4461794e-001
 7.4535471e-001
 7.4598461e-001
 7.4650103e-001
 7.4690431e-001
 7.4720031e-001
 7.4739915e-001
 7.4751389e-001
 7.4755883e-001
 7.4754888e-001
 7.4749869e-001
 7.4742246e-001
 7.4733323e-001
 7.4724311e-001
 7.4716306e-001
 7.4710274e-001
 7.4707049e-001
 7.4707323e-001
 7.4711627e-001
 7.4720329e-001
 7.4733609e-001
 7.4751455e-001
 7.4773628e-001
 7.4799651e-001
 7.4828786e-001
 7.4860036e-001
 7.4892157e-001
 7.4923772e-001
 7.4953377e-001
 7.4979550e-001
 7.5001037e-001
 7.5016898e-001
 7.5026661e-001
 7.5030333e-001
 7.5028485e-001
 7.5022143e-001
 7.5012732e-001
 7.5001866e-001
 7.4991208e-001
 7.4982274e-001
 7.4976265e-001
 7.4974000e-001
 7.4975818e-001
 7.4981642e-001
 7.4991059e-001
 7.5003427e-001
 7.5018054e-001
 7.5034332e-001
 7.5051862e-001
 7.5070542e-001
 7.5090599e-001
 7.5112510e-001
 7.5136954e-001
 7.5164592e-001
 7.5195950e-001
 7.5231194e-001
 7.5270003e-001
 7.5311476e-001
 7.5354129e-001
 7.5395983e-001
 7.5434762e-001
 7.5468129e-001
 7.5493973e-001
 7.5510722e-001
 7.5517553e-001
 7.5514555e-001
 7.5502759e-001
 7.5484097e-001
 7.5461173e-001
 7.5436968e-001
 7.5414449e-001
 7.5396198e-001
 7.5384027e-001
 7.5378770e-001
 7.5380182e-001
 7.5387114e-001
 7.5397730e-001
 7.5409853e-001
 7.5421250e-001
 7.5429899e-001
 7.5434220e-001
 7.5433153e-001
 7.5426239e-001
 7.5413698e-001
 7.5396407e-001
 7.5375861e-001
 7.5353938e-001
 7.5332707e-001
 7.5314105e-001
 7.5299662e-001
 7.5290245e-001
 7.5285912e-001
 7.5285923e-001
 7.5288469e-001
 7.5295055e-001
 7.5300366e-001
 7.5302112e-001
 7.5298321e-001
 7.5287640e-001
 7.5269461e-001
 7.5243866e-001
 7.5211436e-001
 7.5173008e-001
 7.5129515e-001
 7.5081927e-001
 7.5031173e-001
 7.4978083e-001
 7.4923396e-001
 7.4867702e-001
 7.4811429e-001
 7.4754888e-001
 7.4698287e-001
 7.4641782e-001
 7.4585521e-001
 7.4529630e-001
 7.4474299e-001
 7.4419791e-001
 7.4366540e-001
 7.4315196e-001
 7.4266618e-001
 7.4221909e-001
 7.4182302e-001
 7.4149132e-001
 7.4123764e-001
 7.4107522e-001
 7.4101639e-001
 7.4107105e-001
 7.4124533e-001
 7.4154019e-001
 7.4195099e-001
 7.4246782e-001
 7.4307704e-001
 7.4376279e-001
 7.4450785e-001
 7.4529505e-001
 7.4610698e-001
 7.4692649e-001
 7.4773741e-001
 7.4852413e-001
 7.4927253e-001
 7.4996889e-001
 7.5060052e-001
 7.5115514e-001
 7.5162065e-001
 7.5198579e-001
 7.5224048e-001
 7.5237709e-001
 7.5239247e-001
 7.5228912e-001
 7.5207597e-001
 7.5176775e-001
 7.5138348e-001
 7.5094450e-001
 7.5047356e-001
 7.4999315e-001
 7.4952477e-001
 7.4908745e-001
 7.4869591e-001
 7.4835908e-001
 7.4807960e-001
 7.4785411e-001
 7.4767536e-001
 7.4753326e-001
 7.4741662e-001
 7.4731416e-001
 7.4721491e-001
 7.4710947e-001
 7.4699074e-001
 7.4685466e-001
 7.4670100e-001
 7.4653244e-001
 7.4635410e-001
 7.4617255e-001
 7.4599499e-001
 7.4582851e-001
 7.4567962e-001
 7.4555355e-001
 7.4545312e-001
 7.4537802e-001
 7.4532449e-001
 7.4528545e-001
 7.4525172e-001
 7.4521261e-001
 7.4515688e-001
 7.4507350e-001
 7.4495232e-001
 7.4478513e-001
 7.4456728e-001
 7.4429858e-001
 7.4398428e-001
 7.4363387e-001
 7.4326056e-001
 7.4287945e-001
 7.4250638e-001
 7.4215746e-001
 7.4184746e-001
 7.4158889e-001
 7.4139059e-001
 7.4125576e-001
 7.4118203e-001
 7.4116153e-001
 7.4118257e-001
 7.4123114e-001
 7.4129224e-001
 7.4135083e-001
 7.4139291e-001
 7.4140668e-001
 7.4138415e-001
 7.4132270e-001
 7.4122536e-001
 7.4110031e-001
 7.4095970e-001
 7.4081784e-001
 7.4069011e-001
 7.4059165e-001
 7.4053651e-001
 7.4053597e-001
 7.4059665e-001
 7.4071908e-001
 7.4089676e-001
 7.4111694e-001
 7.4136239e-001
 7.4161297e-001
 7.4184763e-001
 7.4204522e-001
 7.4218601e-001
 7.4225336e-001
 7.4223596e-001
 7.4212945e-001
 7.4193746e-001
 7.4167079e-001
 7.4134529e-001
 7.4098003e-001
 7.4059564e-001
 7.4021262e-001
 7.3985106e-001
 7.3952860e-001
 7.3925966e-001
 7.3905385e-001
 7.3891538e-001
 7.3884404e-001
 7.3883581e-001
 7.3888475e-001
 7.3898393e-001
 7.3912615e-001
 7.3930460e-001
 7.3951334e-001
 7.3974800e-001
 7.4000651e-001
 7.4028909e-001
 7.4059808e-001
 7.4093759e-001
 7.4131256e-001
 7.4172819e-001
 7.4218959e-001
 7.4270093e-001
 7.4326438e-001
 7.4387908e-001
 7.4453938e-001
 7.4523515e-001
 7.4595141e-001
 7.4667013e-001
 7.4737155e-001
 7.4803478e-001
 7.4863946e-001
 7.4916655e-001
 7.4959993e-001
 7.4992907e-001
 7.5015026e-001
 7.5026768e-001
 7.5029254e-001
 7.5024146e-001
 7.5013393e-001
 7.4999100e-001
 7.4983400e-001
 7.4968368e-001
 7.4955910e-001
 7.4947643e-001
 7.4944836e-001
 7.4948305e-001
 7.4958509e-001
 7.4975622e-001
 7.4999654e-001
 7.5030500e-001
 7.5068015e-001
 7.5111967e-001
 7.5161964e-001
 7.5217372e-001
 7.5277227e-001
 7.5340170e-001
 7.5404543e-001
 7.5468409e-001
 7.5529712e-001
 7.5586331e-001
 7.5636208e-001
 7.5677413e-001
 7.5708413e-001
 7.5728261e-001
 7.5736815e-001
 7.5734848e-001
 7.5723934e-001
 7.5706244e-001
 7.5684321e-001
 7.5660849e-001
 7.5638533e-001
 7.5619972e-001
 7.5607467e-001
 7.5602847e-001
 7.5607312e-001
 7.5621331e-001
 7.5644726e-001
 7.5676870e-001
 7.5716799e-001
 7.5763446e-001
 7.5815684e-001
 7.5872278e-001
 7.5931984e-001
 7.5993454e-001
 7.6055157e-001
 7.6115447e-001
 7.6172554e-001
 7.6224560e-001
 7.6269525e-001
 7.6305515e-001
 7.6330662e-001
 7.6343298e-001
 7.6342225e-001
 7.6326966e-001
 7.6298076e-001
 7.6257205e-001
 7.6207000e-001
 7.6150888e-001
 7.6092690e-001
 7.6036435e-001
 7.5986117e-001
 7.5945550e-001
 7.5917971e-001
 7.5905782e-001
 7.5910193e-001
 7.5931114e-001
 7.5967276e-001
 7.6016515e-001
 7.6076174e-001
 7.6143348e-001
 7.6215047e-001
 7.6288390e-001
 7.6360703e-001
 7.6429707e-001
 7.6493579e-001
 7.6551116e-001
 7.6601619e-001
 7.6644719e-001
 7.6680332e-001
 7.6708466e-001
 7.6729155e-001
 7.6742506e-001
 7.6748621e-001
 7.6747668e-001
 7.6739872e-001
 7.6725525e-001
 7.6704985e-001
 7.6678652e-001
 7.6646966e-001
 7.6610363e-001
 7.6569360e-001
 7.6524496e-001
 7.6476467e-001
 7.6426184e-001
 7.6374900e-001
 7.6324171e-001
 7.6275861e-001
 7.6232100e-001
 7.6195103e-001
 7.6167130e-001
 7.6150393e-001
 7.6146847e-001
 7.6157987e-001
 7.6184458e-001
 7.6225835e-001
 7.6280469e-001
 7.6345611e-001
 7.6417673e-001
 7.6492620e-001
 7.6566237e-001
 7.6634276e-001
 7.6692837e-001
 7.6738679e-001
 7.6769602e-001
 7.6784945e-001
 7.6785666e-001
 7.6774216e-001
 7.6754141e-001
 7.6729643e-001
 7.6705188e-001
 7.6685274e-001
 7.6674134e-001
 7.6675385e-001
 7.6691628e-001
 7.6724082e-001
 7.6772445e-001
 7.6834971e-001
 7.6908952e-001
 7.6991051e-001
 7.7077651e-001
 7.7165031e-001
 7.7249628e-001
 7.7328151e-001
 7.7397752e-001
 7.7456284e-001
 7.7502322e-001
 7.7535063e-001
 7.7554232e-001
 7.7559835e-001
 7.7552032e-001
 7.7531075e-001
 7.7497357e-001
 7.7451450e-001
 7.7394313e-001
 7.7327335e-001
 7.7252412e-001
 7.7171975e-001
 7.7088720e-001
 7.7005547e-001
 7.6925510e-001
 7.6851553e-001
 7.6786470e-001
 7.6732683e-001
 7.6692027e-001
 7.6665455e-001
 7.6653016e-001
 7.6653904e-001
 7.6666695e-001
 7.6689601e-001
 7.6720643e-001
 7.6757789e-001
 7.6799005e-001
 7.6842308e-001
 7.6885766e-001
 7.6927608e-001
 7.6966172e-001
 7.6999897e-001
 7.7027321e-001
 7.7047056e-001
 7.7057719e-001
 7.7058023e-001
 7.7046818e-001
 7.7023244e-001
 7.6986927e-001
 7.6938128e-001
 7.6877838e-001
 7.6807714e-001
 7.6729876e-001
 7.6646709e-001
 7.6560777e-001
 7.6474601e-001
 7.6390582e-001
 7.6310921e-001
 7.6237297e-001
 7.6170814e-001
 7.6111889e-001
 7.6060373e-001
 7.6015615e-001
 7.5976712e-001
 7.5942665e-001
 7.5912386e-001
 7.5884837e-001
 7.5859046e-001
 7.5834149e-001
 7.5809449e-001
 7.5784445e-001
 7.5758779e-001
 7.5732225e-001
 7.5704616e-001
 7.5675851e-001
 7.5645822e-001
 7.5614429e-001
 7.5581634e-001
 7.5547391e-001
 7.5511718e-001
 7.5474691e-001
 7.5436431e-001
 7.5397080e-001
 7.5356805e-001
 7.5315803e-001
 7.5274241e-001
 7.5232249e-001
 7.5189966e-001
 7.5147396e-001
 7.5104463e-001
 7.5060976e-001
 7.5016636e-001
 7.4971056e-001
 7.4923807e-001
 7.4874461e-001
 7.4822575e-001
 7.4767745e-001
 7.4709684e-001
 7.4648219e-001
 7.4583364e-001
 7.4515402e-001
 7.4444771e-001
 7.4372041e-001
 7.4297923e-001
 7.4223113e-001
 7.4148285e-001
 7.4074024e-001
 7.4000752e-001
 7.3928535e-001
 7.3856968e-001
 7.3785222e-001
 7.3711956e-001
 7.3635519e-001
 7.3554093e-001
 7.3465735e-001
 7.3368484e-001
 7.3260367e-001
 7.3139572e-001
 7.3004293e-001
 7.2852880e-001
 7.2683960e-001
 7.2496182e-001
 7.2288316e-001
 7.2059327e-001
 7.1808106e-001
 7.1533561e-001
 7.1234936e-001
 7.0911515e-001
 7.0563018e-001
 7.0189637e-001
 6.9792402e-001
 6.9372618e-001
 6.8931949e-001
 6.8472648e-001
 6.7996794e-001
 6.7506611e-001
 6.7005002e-001
 6.6495109e-001
 6.5981203e-001
 6.5468800e-001
 6.4965260e-001
 6.4478946e-001
 6.4019239e-001
 6.3596404e-001
 6.3220578e-001
 6.2901711e-001
 6.2649190e-001
 6.2470496e-001
 6.2370348e-001
 6.2349743e-001
 6.2405354e-001
 6.2530106e-001
 6.2714148e-001
 6.2945831e-001
 6.3212866e-001
 6.3502896e-001
 6.3803810e-001
 6.4104837e-001
 6.4397109e-001
 6.4674157e-001
 6.4932591e-001
 6.5171558e-001
 6.5392172e-001
 6.5596527e-001
 6.5787387e-001
 6.5967578e-001
 6.6139448e-001
 6.6304678e-001
 6.6463542e-001
 6.6614342e-001
 6.6753399e-001
 6.6875154e-001
 6.6972589e-001
 6.7037952e-001
 6.7063171e-001
 6.7040294e-001
 6.6962129e-001
 6.6823047e-001
 6.6620004e-001
 6.6353667e-001
 6.6028553e-001
 6.5652686e-001
 6.5237015e-001
 6.4793766e-001
 6.4335924e-001
 6.3876325e-001
 6.3427383e-001
 6.2999415e-001
 6.2599856e-001
 6.2232399e-001
 6.1896074e-001
 6.1585939e-001
 6.1294329e-001
 6.1011618e-001
 6.0727417e-001
 6.0431451e-001
 6.0113800e-001
 5.9765983e-001
 5.9381682e-001
 5.8957976e-001
 5.8495116e-001
 5.7996416e-001
 5.7467830e-001
 5.6916338e-001
 5.6349510e-001
 5.5775422e-001
 5.5201411e-001
 5.4634094e-001
 5.4078513e-001
 5.3538120e-001
 5.3013808e-001
 5.2504486e-001
 5.2008009e-001
 5.1520973e-001
 5.1039612e-001
 5.0560427e-001
 5.0079840e-001
 4.9594957e-001
 4.9103761e-001
 4.8605940e-001
 4.8102334e-001
 4.7595125e-001
 4.7087863e-001
 4.6584320e-001
 4.6088588e-001
 4.5605224e-001
 4.5138454e-001
 4.4692528e-001
 4.4272000e-001
 4.3881077e-001
 4.3524051e-001
 4.3205112e-001
 4.2928651e-001
 4.2698810e-001
 4.2519727e-001
 4.2395538e-001
 4.2329973e-001
 4.2326230e-001
 4.2386571e-001
 4.2511955e-001
 4.2701972e-001
 4.2954993e-001
 4.3268248e-001
 4.3638554e-001
 4.4062507e-001
 4.4536331e-001
 4.5056632e-001
 4.5620337e-001
 4.6224448e-001
 4.6866995e-001
 4.7546718e-001
 4.8262471e-001
 4.9014053e-001
 4.9801371e-001
 5.0624579e-001
 5.1483119e-001
 5.2376592e-001
 5.3303808e-001
 5.4261577e-001
 5.5245626e-001
 5.6249720e-001
 5.7265091e-001
 5.8282274e-001
 5.9290725e-001
 6.0279769e-001
 6.1238056e-001
 6.2155133e-001
 6.3020808e-001
 6.3824618e-001
 6.4533263e-001
 6.5023720e-001
 6.5593451e-001
 6.6096997e-001
 6.6541886e-001
 6.6935462e-001
 6.7285198e-001
 6.7598289e-001
 6.7882192e-001
 6.8144268e-001
 6.8391901e-001
 6.8632042e-001
 6.8866962e-001
 6.9096684e-001
 6.9321162e-001
 6.9540352e-001
 6.9754100e-001
 6.9962382e-001
 7.0165139e-001
 7.0362347e-001
 7.0553851e-001
 7.0739633e-001
 7.0919609e-001
 7.1093768e-001
 7.1261966e-001
 7.1424162e-001
 7.1580273e-001
 7.1730196e-001
 7.1873868e-001
 7.2011113e-001
 7.2141862e-001
 7.2266018e-001
 7.2383511e-001
 7.2494191e-001
 7.2597957e-001
 7.2694731e-001
 7.2784424e-001
 7.2866893e-001
 7.2942060e-001
 7.3009825e-001
 7.3070091e-001
 7.3122746e-001
 7.3167682e-001
 7.3204857e-001
 7.3234504e-001
 7.3257071e-001
 7.3272967e-001
 7.3282623e-001
 7.3286486e-001
 7.3284960e-001
 7.3278481e-001
 7.3267490e-001
 7.3252398e-001
 7.3233640e-001
 7.3211634e-001
 7.3186827e-001
 7.3159635e-001
 7.3130488e-001
 7.3099816e-001
 7.3068029e-001
 7.3035592e-001
 7.3002893e-001
 7.2970384e-001
 7.2938490e-001
 7.2907633e-001
 7.2878212e-001
 7.2850263e-001
 7.2823673e-001
 7.2798330e-001
 7.2774100e-001
 7.2750866e-001
 7.2728509e-001
 7.2706902e-001
 7.2685927e-001
 7.2665459e-001
 7.2645372e-001
 7.2625571e-001
 7.2605908e-001
 7.2586256e-001
 7.2566521e-001
 7.2546560e-001
 7.2526258e-001
 7.2505504e-001
 7.2484148e-001
 7.2462088e-001
 7.2439212e-001
 7.2415382e-001
 7.2390485e-001
 7.2364390e-001
 7.2336984e-001
 7.2308153e-001
 7.2277761e-001
 7.2245812e-001
 7.2212362e-001
 7.2177422e-001
 7.2141039e-001
 7.2103244e-001
 7.2064078e-001
 7.2023588e-001
 7.1981806e-001
 7.1938765e-001
 7.1894491e-001
 7.1849054e-001
 7.1802461e-001
 7.1754771e-001
 7.1705997e-001
 7.1656203e-001
 7.1605414e-001
 7.1553659e-001
 7.1500975e-001
 7.1447432e-001
 7.1393037e-001
 7.1337831e-001
 7.1281856e-001
 7.1225142e-001
 7.1167737e-001
 7.1109676e-001
 7.1050996e-001
 7.0991713e-001
 7.0931906e-001
 7.0871586e-001
 7.0810801e-001
 7.0749563e-001
 7.0687944e-001
 7.0625979e-001
