s07_ASD Record=12625: Biotite-Chlorite_Mx BR93-36A  BECKb AREF
 8.7693594e-002
 8.7864712e-002
 8.8021457e-002
 8.8172272e-002
 8.8326097e-002
 8.8490710e-002
 8.8671356e-002
 8.8870153e-002
 8.9086398e-002
 8.9317419e-002
 8.9559831e-002
 8.9810506e-002
 9.0067208e-002
 9.0328790e-002
 9.0595275e-002
 9.0867832e-002
 9.1148362e-002
 9.1439307e-002
 9.1743395e-002
 9.2063479e-002
 9.2401981e-002
 9.2760019e-002
 9.3136556e-002
 9.3527816e-002
 9.3927354e-002
 9.4326481e-002
 9.4716325e-002
 9.5092073e-002
 9.5456049e-002
 9.5816307e-002
 9.6181989e-002
 9.6559361e-002
 9.6950844e-002
 9.7356133e-002
 9.7772665e-002
 9.8196961e-002
 9.8626629e-002
 9.9060580e-002
 9.9498965e-002
 9.9943109e-002
 1.0039531e-001
 1.0085729e-001
 1.0132752e-001
 1.0179958e-001
 1.0226312e-001
 1.0270850e-001
 1.0313179e-001
 1.0353676e-001
 1.0393137e-001
 1.0432086e-001
 1.0470233e-001
 1.0506537e-001
 1.0539903e-001
 1.0570066e-001
 1.0598006e-001
 1.0625590e-001
 1.0654699e-001
 1.0686150e-001
 1.0719629e-001
 1.0754169e-001
 1.0788564e-001
 1.0822751e-001
 1.0857054e-001
 1.0891861e-001
 1.0927691e-001
 1.0964619e-001
 1.1002605e-001
 1.1041944e-001
 1.1083218e-001
 1.1126844e-001
 1.1172518e-001
 1.1219078e-001
 1.1265180e-001
 1.1310276e-001
 1.1355156e-001
 1.1401724e-001
 1.1452036e-001
 1.1507262e-001
 1.1567170e-001
 1.1630365e-001
 1.1695027e-001
 1.1759655e-001
 1.1823533e-001
 1.1886758e-001
 1.1949955e-001
 1.2013788e-001
 1.2078445e-001
 1.2143335e-001
 1.2207138e-001
 1.2268337e-001
 1.2325954e-001
 1.2380136e-001
 1.2432117e-001
 1.2483591e-001
 1.2535907e-001
 1.2589650e-001
 1.2644728e-001
 1.2700666e-001
 1.2756690e-001
 1.2811615e-001
 1.2864083e-001
 1.2913191e-001
 1.2958840e-001
 1.3001366e-001
 1.3040729e-001
 1.3076183e-001
 1.3107075e-001
 1.3133974e-001
 1.3158803e-001
 1.3183716e-001
 1.3209873e-001
 1.3237143e-001
 1.3264658e-001
 1.3291545e-001
 1.3317318e-001
 1.3341735e-001
 1.3364263e-001
 1.3383870e-001
 1.3399878e-001
 1.3413446e-001
 1.3427947e-001
 1.3447209e-001
 1.3472757e-001
 1.3502696e-001
 1.3533330e-001
 1.3561961e-001
 1.3588390e-001
 1.3614386e-001
 1.3642555e-001
 1.3675763e-001
 1.3716555e-001
 1.3765648e-001
 1.3820267e-001
 1.3874651e-001
 1.3923503e-001
 1.3965781e-001
 1.4004987e-001
 1.4045340e-001
 1.4087585e-001
 1.4128822e-001
 1.4166446e-001
 1.4201714e-001
 1.4239074e-001
 1.4282236e-001
 1.4331479e-001
 1.4384556e-001
 1.4439134e-001
 1.4493755e-001
 1.4547084e-001
 1.4597832e-001
 1.4646132e-001
 1.4694369e-001
 1.4745368e-001
 1.4799623e-001
 1.4854959e-001
 1.4909236e-001
 1.4962858e-001
 1.5018484e-001
 1.5078826e-001
 1.5145020e-001
 1.5216216e-001
 1.5289260e-001
 1.5358485e-001
 1.5417631e-001
 1.5464576e-001
 1.5504755e-001
 1.5548387e-001
 1.5602598e-001
 1.5665811e-001
 1.5730233e-001
 1.5789762e-001
 1.5845065e-001
 1.5900949e-001
 1.5960003e-001
 1.6019943e-001
 1.6076462e-001
 1.6127110e-001
 1.6172445e-001
 1.6215107e-001
 1.6258608e-001
 1.6306555e-001
 1.6362269e-001
 1.6428168e-001
 1.6503462e-001
 1.6580907e-001
 1.6647868e-001
 1.6694783e-001
 1.6724522e-001
 1.6751651e-001
 1.6790193e-001
 1.6841401e-001
 1.6893768e-001
 1.6935192e-001
 1.6964416e-001
 1.6989994e-001
 1.7019328e-001
 1.7050982e-001
 1.7078006e-001
 1.7096864e-001
 1.7110951e-001
 1.7125270e-001
 1.7140263e-001
 1.7153305e-001
 1.7164700e-001
 1.7179008e-001
 1.7200994e-001
 1.7232263e-001
 1.7269298e-001
 1.7301148e-001
 1.7312917e-001
 1.7299503e-001
 1.7275707e-001
 1.7265549e-001
 1.7279805e-001
 1.7308475e-001
 1.7335624e-001
 1.7356843e-001
 1.7379671e-001
 1.7409433e-001
 1.7440432e-001
 1.7464826e-001
 1.7485721e-001
 1.7513961e-001
 1.7552894e-001
 1.7593201e-001
 1.7623359e-001
 1.7640612e-001
 1.7651300e-001
 1.7663878e-001
 1.7682239e-001
 1.7703377e-001
 1.7720142e-001
 1.7727067e-001
 1.7724214e-001
 1.7715551e-001
 1.7704955e-001
 1.7695123e-001
 1.7688283e-001
 1.7684439e-001
 1.7679392e-001
 1.7667839e-001
 1.7649025e-001
 1.7627314e-001
 1.7607236e-001
 1.7589708e-001
 1.7572971e-001
 1.7555556e-001
 1.7537183e-001
 1.7516856e-001
 1.7491680e-001
 1.7460234e-001
 1.7427568e-001
 1.7403494e-001
 1.7392358e-001
 1.7385140e-001
 1.7368016e-001
 1.7338848e-001
 1.7307848e-001
 1.7283933e-001
 1.7267403e-001
 1.7253937e-001
 1.7240161e-001
 1.7226286e-001
 1.7215818e-001
 1.7211106e-001
 1.7209588e-001
 1.7209344e-001
 1.7214382e-001
 1.7224447e-001
 1.7228580e-001
 1.7221999e-001
 1.7215684e-001
 1.7217812e-001
 1.7222367e-001
 1.7224389e-001
 1.7228998e-001
 1.7235520e-001
 1.7229533e-001
 1.7203467e-001
 1.7169781e-001
 1.7145567e-001
 1.7139339e-001
 1.7151542e-001
 1.7173724e-001
 1.7191303e-001
 1.7198242e-001
 1.7201680e-001
 1.7207643e-001
 1.7211625e-001
 1.7207892e-001
 1.7199150e-001
 1.7192310e-001
 1.7190108e-001
 1.7189583e-001
 1.7185383e-001
 1.7173278e-001
 1.7153768e-001
 1.7134155e-001
 1.7124346e-001
 1.7127733e-001
 1.7136997e-001
 1.7140332e-001
 1.7132173e-001
 1.7117880e-001
 1.7106058e-001
 1.7096835e-001
 1.7084379e-001
 1.7071265e-001
 1.7067891e-001
 1.7073829e-001
 1.7073853e-001
 1.7058714e-001
 1.7037560e-001
 1.7024574e-001
 1.7023520e-001
 1.7028573e-001
 1.7032748e-001
 1.7031914e-001
 1.7025545e-001
 1.7018014e-001
 1.7017151e-001
 1.7026392e-001
 1.7037328e-001
 1.7034370e-001
 1.7008717e-001
 1.6967079e-001
 1.6927102e-001
 1.6903868e-001
 1.6899696e-001
 1.6905670e-001
 1.6910699e-001
 1.6908501e-001
 1.6898605e-001
 1.6884135e-001
 1.6869749e-001
 1.6859898e-001
 1.6856782e-001
 1.6859010e-001
 1.6862349e-001
 1.6861911e-001
 1.6854073e-001
 1.6837907e-001
 1.6816802e-001
 1.6799013e-001
 1.6794346e-001
 1.6807373e-001
 1.6833143e-001
 1.6861209e-001
 1.6885076e-001
 1.6907556e-001
 1.6935353e-001
 1.6966568e-001
 1.6984989e-001
 1.6976587e-001
 1.6955774e-001
 1.6945831e-001
 1.6951014e-001
 1.6957621e-001
 1.6952407e-001
 1.6941503e-001
 1.6946611e-001
 1.6972147e-001
 1.6989450e-001
 1.6974072e-001
 1.6941784e-001
 1.6928978e-001
 1.6951697e-001
 1.6990557e-001
 1.7008221e-001
 1.6987193e-001
 1.6948621e-001
 1.6924849e-001
 1.6925305e-001
 1.6937131e-001
 1.6945808e-001
 1.6949748e-001
 1.6957618e-001
 1.6970001e-001
 1.6972467e-001
 1.6957818e-001
 1.6942920e-001
 1.6949336e-001
 1.6978271e-001
 1.7013691e-001
 1.7039593e-001
 1.7049448e-001
 1.7045569e-001
 1.7033535e-001
 1.7019618e-001
 1.7014000e-001
 1.7027999e-001
 1.7058927e-001
 1.7084908e-001
 1.7086358e-001
 1.7067175e-001
 1.7050464e-001
 1.7054810e-001
 1.7080171e-001
 1.7111747e-001
 1.7127344e-001
 1.7124778e-001
 1.7130089e-001
 1.7156333e-001
 1.7186783e-001
 1.7202379e-001
 1.7200334e-001
 1.7191954e-001
 1.7190313e-001
 1.7199169e-001
 1.7212398e-001
 1.7223017e-001
 1.7230926e-001
 1.7242739e-001
 1.7264372e-001
 1.7293300e-001
 1.7318876e-001
 1.7331731e-001
 1.7333890e-001
 1.7338221e-001
 1.7356591e-001
 1.7388029e-001
 1.7418776e-001
 1.7434825e-001
 1.7435127e-001
 1.7430669e-001
 1.7432888e-001
 1.7446664e-001
 1.7469549e-001
 1.7495093e-001
 1.7514282e-001
 1.7532818e-001
 1.7546082e-001
 1.7553651e-001
 1.7557941e-001
 1.7562504e-001
 1.7570898e-001
 1.7585954e-001
 1.7605773e-001
 1.7626543e-001
 1.7644450e-001
 1.7656218e-001
 1.7662132e-001
 1.7663924e-001
 1.7663331e-001
 1.7661946e-001
 1.7660443e-001
 1.7659123e-001
 1.7658289e-001
 1.7658332e-001
 1.7660268e-001
 1.7666610e-001
 1.7677002e-001
 1.7693204e-001
 1.7714053e-001
 1.7736031e-001
 1.7755534e-001
 1.7768943e-001
 1.7772819e-001
 1.7767380e-001
 1.7756480e-001
 1.7744134e-001
 1.7734362e-001
 1.7731039e-001
 1.7735136e-001
 1.7744723e-001
 1.7757757e-001
 1.7772196e-001
 1.7786008e-001
 1.7797449e-001
 1.7805058e-001
 1.7807387e-001
 1.7802985e-001
 1.7790408e-001
 1.7768995e-001
 1.7741196e-001
 1.7710194e-001
 1.7679185e-001
 1.7651351e-001
 1.7629893e-001
 1.7617051e-001
 1.7611475e-001
 1.7610933e-001
 1.7613199e-001
 1.7616045e-001
 1.7617247e-001
 1.7614570e-001
 1.7606397e-001
 1.7593406e-001
 1.7576818e-001
 1.7557867e-001
 1.7537768e-001
 1.7517757e-001
 1.7499055e-001
 1.7482892e-001
 1.7470168e-001
 1.7460582e-001
 1.7453544e-001
 1.7448461e-001
 1.7444749e-001
 1.7441814e-001
 1.7439067e-001
 1.7435917e-001
 1.7431869e-001
 1.7426753e-001
 1.7420486e-001
 1.7412977e-001
 1.7404148e-001
 1.7393903e-001
 1.7382164e-001
 1.7368840e-001
 1.7353916e-001
 1.7337638e-001
 1.7320313e-001
 1.7302243e-001
 1.7283739e-001
 1.7265104e-001
 1.7246641e-001
 1.7228661e-001
 1.7211469e-001
 1.7195366e-001
 1.7180662e-001
 1.7167661e-001
 1.7156576e-001
 1.7147259e-001
 1.7139493e-001
 1.7133056e-001
 1.7127725e-001
 1.7123286e-001
 1.7119509e-001
 1.7116177e-001
 1.7113070e-001
 1.7109963e-001
 1.7106640e-001
 1.7102875e-001
 1.7098536e-001
 1.7093775e-001
 1.7088823e-001
 1.7083904e-001
 1.7079243e-001
 1.7075068e-001
 1.7071602e-001
 1.7069072e-001
 1.7067704e-001
 1.7067721e-001
 1.7069353e-001
 1.7072621e-001
 1.7076856e-001
 1.7081219e-001
 1.7084888e-001
 1.7087027e-001
 1.7086814e-001
 1.7083409e-001
 1.7075993e-001
 1.7063729e-001
 1.7045788e-001
 1.7021835e-001
 1.6993244e-001
 1.6961747e-001
 1.6929100e-001
 1.6897029e-001
 1.6867287e-001
 1.6841608e-001
 1.6821741e-001
 1.6809422e-001
 1.6806392e-001
 1.6813685e-001
 1.6829903e-001
 1.6853125e-001
 1.6881438e-001
 1.6912922e-001
 1.6945660e-001
 1.6977733e-001
 1.7007232e-001
 1.7032228e-001
 1.7050815e-001
 1.7061721e-001
 1.7065884e-001
 1.7064700e-001
 1.7059566e-001
 1.7051880e-001
 1.7043041e-001
 1.7034447e-001
 1.7027491e-001
 1.7023577e-001
 1.7023589e-001
 1.7026722e-001
 1.7031814e-001
 1.7037705e-001
 1.7043234e-001
 1.7047243e-001
 1.7048569e-001
 1.7046054e-001
 1.7038962e-001
 1.7027959e-001
 1.7014001e-001
 1.6998041e-001
 1.6981035e-001
 1.6963936e-001
 1.6947702e-001
 1.6933283e-001
 1.6921541e-001
 1.6913021e-001
 1.6908202e-001
 1.6907571e-001
 1.6911609e-001
 1.6920796e-001
 1.6935618e-001
 1.6956553e-001
 1.6983615e-001
 1.7015290e-001
 1.7049770e-001
 1.7082667e-001
 1.7116521e-001
 1.7147522e-001
 1.7174053e-001
 1.7194989e-001
 1.7209452e-001
 1.7216720e-001
 1.7216149e-001
 1.7207241e-001
 1.7190041e-001
 1.7165887e-001
 1.7137861e-001
 1.7110242e-001
 1.7087731e-001
 1.7074735e-001
 1.7074424e-001
 1.7087616e-001
 1.7112440e-001
 1.7144999e-001
 1.7180455e-001
 1.7213957e-001
 1.7241490e-001
 1.7260629e-001
 1.7270814e-001
 1.7272948e-001
 1.7268719e-001
 1.7260101e-001
 1.7249106e-001
 1.7237681e-001
 1.7227688e-001
 1.7220889e-001
 1.7218900e-001
 1.7223004e-001
 1.7233814e-001
 1.7250946e-001
 1.7272909e-001
 1.7297338e-001
 1.7321450e-001
 1.7342597e-001
 1.7358844e-001
 1.7346478e-001
 1.7355035e-001
 1.7361763e-001
 1.7366686e-001
 1.7369880e-001
 1.7371406e-001
 1.7371272e-001
 1.7369431e-001
 1.7365825e-001
 1.7360456e-001
 1.7353493e-001
 1.7345351e-001
 1.7336722e-001
 1.7328531e-001
 1.7321789e-001
 1.7317416e-001
 1.7316087e-001
 1.7318104e-001
 1.7323364e-001
 1.7331384e-001
 1.7341413e-001
 1.7352548e-001
 1.7363884e-001
 1.7374600e-001
 1.7384030e-001
 1.7391701e-001
 1.7397343e-001
 1.7400898e-001
 1.7402467e-001
 1.7402267e-001
 1.7400564e-001
 1.7397612e-001
 1.7393644e-001
 1.7388874e-001
 1.7383514e-001
 1.7377798e-001
 1.7371999e-001
 1.7366429e-001
 1.7361422e-001
 1.7357308e-001
 1.7354362e-001
 1.7352772e-001
 1.7352606e-001
 1.7353800e-001
 1.7356177e-001
 1.7359480e-001
 1.7363426e-001
 1.7367755e-001
 1.7372274e-001
 1.7376880e-001
 1.7381546e-001
 1.7386289e-001
 1.7391130e-001
 1.7396045e-001
 1.7400940e-001
 1.7405646e-001
 1.7409946e-001
 1.7413618e-001
 1.7416488e-001
 1.7418477e-001
 1.7419627e-001
 1.7420097e-001
 1.7420140e-001
 1.7420045e-001
 1.7420083e-001
 1.7420454e-001
 1.7421244e-001
 1.7422411e-001
 1.7423803e-001
 1.7425193e-001
 1.7426331e-001
 1.7427012e-001
 1.7427112e-001
 1.7426616e-001
 1.7425622e-001
 1.7424303e-001
 1.7422864e-001
 1.7421483e-001
 1.7420273e-001
 1.7419267e-001
 1.7418435e-001
 1.7417727e-001
 1.7417133e-001
 1.7416747e-001
 1.7416795e-001
 1.7417647e-001
 1.7419767e-001
 1.7423640e-001
 1.7429668e-001
 1.7438067e-001
 1.7448787e-001
 1.7461470e-001
 1.7475456e-001
 1.7489852e-001
 1.7503664e-001
 1.7515922e-001
 1.7525846e-001
 1.7532969e-001
 1.7537206e-001
 1.7538857e-001
 1.7538542e-001
 1.7537062e-001
 1.7535250e-001
 1.7533813e-001
 1.7533214e-001
 1.7533618e-001
 1.7534900e-001
 1.7536731e-001
 1.7538682e-001
 1.7540351e-001
 1.7541470e-001
 1.7541969e-001
 1.7541984e-001
 1.7541827e-001
 1.7541912e-001
 1.7542660e-001
 1.7544416e-001
 1.7547376e-001
 1.7551571e-001
 1.7556866e-001
 1.7563020e-001
 1.7569752e-001
 1.7576821e-001
 1.7584080e-001
 1.7591511e-001
 1.7599204e-001
 1.7607315e-001
 1.7616004e-001
 1.7625357e-001
 1.7635354e-001
 1.7645842e-001
 1.7656557e-001
 1.7667191e-001
 1.7677432e-001
 1.7687045e-001
 1.7695901e-001
 1.7704001e-001
 1.7711458e-001
 1.7718467e-001
 1.7725271e-001
 1.7732117e-001
 1.7739220e-001
 1.7746766e-001
 1.7754883e-001
 1.7763649e-001
 1.7773093e-001
 1.7783187e-001
 1.7793851e-001
 1.7804933e-001
 1.7816229e-001
 1.7827488e-001
 1.7838423e-001
 1.7848757e-001
 1.7858247e-001
 1.7866732e-001
 1.7874160e-001
 1.7880611e-001
 1.7886288e-001
 1.7891504e-001
 1.7896625e-001
 1.7902027e-001
 1.7908014e-001
 1.7914774e-001
 1.7922327e-001
 1.7930529e-001
 1.7939077e-001
 1.7947574e-001
 1.7955586e-001
 1.7962739e-001
 1.7968772e-001
 1.7973606e-001
 1.7977348e-001
 1.7980285e-001
 1.7982839e-001
 1.7985503e-001
 1.7988765e-001
 1.7993052e-001
 1.7998680e-001
 1.8005854e-001
 1.8014680e-001
 1.8025215e-001
 1.8037507e-001
 1.8051633e-001
 1.8067710e-001
 1.8085839e-001
 1.8106043e-001
 1.8128170e-001
 1.8151808e-001
 1.8176270e-001
 1.8200602e-001
 1.8223706e-001
 1.8244503e-001
 1.8262114e-001
 1.8276024e-001
 1.8286180e-001
 1.8292998e-001
 1.8297288e-001
 1.8300092e-001
 1.8302517e-001
 1.8305553e-001
 1.8309972e-001
 1.8316264e-001
 1.8324658e-001
 1.8335176e-001
 1.8347697e-001
 1.8362027e-001
 1.8377942e-001
 1.8395181e-001
 1.8413460e-001
 1.8432447e-001
 1.8451767e-001
 1.8471035e-001
 1.8489882e-001
 1.8508008e-001
 1.8525238e-001
 1.8541536e-001
 1.8557023e-001
 1.8571936e-001
 1.8586589e-001
 1.8601318e-001
 1.8616398e-001
 1.8632016e-001
 1.8648233e-001
 1.8664983e-001
 1.8682112e-001
 1.8699408e-001
 1.8716666e-001
 1.8733718e-001
 1.8750469e-001
 1.8766898e-001
 1.8783024e-001
 1.8798883e-001
 1.8814471e-001
 1.8829739e-001
 1.8844588e-001
 1.8858898e-001
 1.8872589e-001
 1.8885660e-001
 1.8898225e-001
 1.8910520e-001
 1.8922840e-001
 1.8935482e-001
 1.8948653e-001
 1.8962403e-001
 1.8976602e-001
 1.8990974e-001
 1.9005165e-001
 1.9018859e-001
 1.9031873e-001
 1.9044229e-001
 1.9056164e-001
 1.9068076e-001
 1.9080439e-001
 1.9093683e-001
 1.9108084e-001
 1.9123697e-001
 1.9140343e-001
 1.9157653e-001
 1.9175135e-001
 1.9192295e-001
 1.9208717e-001
 1.9224153e-001
 1.9238567e-001
 1.9252123e-001
 1.9265157e-001
 1.9278130e-001
 1.9291535e-001
 1.9305848e-001
 1.9321443e-001
 1.9338568e-001
 1.9357319e-001
 1.9377641e-001
 1.9399355e-001
 1.9422178e-001
 1.9445756e-001
 1.9469717e-001
 1.9493674e-001
 1.9517262e-001
 1.9540142e-001
 1.9562013e-001
 1.9582638e-001
 1.9601829e-001
 1.9619487e-001
 1.9635600e-001
 1.9650263e-001
 1.9663693e-001
 1.9676219e-001
 1.9688275e-001
 1.9700363e-001
 1.9713007e-001
 1.9726700e-001
 1.9741830e-001
 1.9758634e-001
 1.9777149e-001
 1.9797193e-001
 1.9818379e-001
 1.9840154e-001
 1.9861864e-001
 1.9882840e-001
 1.9902468e-001
 1.9920284e-001
 1.9936010e-001
 1.9949608e-001
 1.9961274e-001
 1.9971412e-001
 1.9980605e-001
 1.9989525e-001
 1.9998872e-001
 2.0009299e-001
 2.0021328e-001
 2.0035304e-001
 2.0051357e-001
 2.0069391e-001
 2.0089114e-001
 2.0110072e-001
 2.0131721e-001
 2.0153508e-001
 2.0174925e-001
 2.0195587e-001
 2.0215252e-001
 2.0233834e-001
 2.0251392e-001
 2.0268084e-001
 2.0284128e-001
 2.0299749e-001
 2.0315154e-001
 2.0330508e-001
 2.0345926e-001
 2.0361494e-001
 2.0377262e-001
 2.0393275e-001
 2.0409571e-001
 2.0426174e-001
 2.0443097e-001
 2.0460312e-001
 2.0477748e-001
 2.0495276e-001
 2.0512712e-001
 2.0529833e-001
 2.0546411e-001
 2.0562236e-001
 2.0577168e-001
 2.0591158e-001
 2.0604257e-001
 2.0616627e-001
 2.0628496e-001
 2.0640138e-001
 2.0651829e-001
 2.0663817e-001
 2.0676322e-001
 2.0689528e-001
 2.0703617e-001
 2.0718783e-001
 2.0735243e-001
 2.0753226e-001
 2.0772918e-001
 2.0794420e-001
 2.0817666e-001
 2.0842385e-001
 2.0868103e-001
 2.0894155e-001
 2.0919785e-001
 2.0944229e-001
 2.0966822e-001
 2.0987096e-001
 2.1004800e-001
 2.1019912e-001
 2.1032588e-001
 2.1043095e-001
 2.1051738e-001
 2.1058793e-001
 2.1064468e-001
 2.1068886e-001
 2.1072096e-001
 2.1074082e-001
 2.1074787e-001
 2.1074127e-001
 2.1072000e-001
 2.1068300e-001
 2.1062912e-001
 2.1055728e-001
 2.1046656e-001
 2.1035631e-001
 2.1022622e-001
 2.1007633e-001
 2.0990711e-001
 2.0971940e-001
 2.0951439e-001
 2.0929393e-001
 2.0906089e-001
 2.0881943e-001
 2.0857567e-001
 2.0833766e-001
 2.0811552e-001
 2.0792070e-001
 2.0776477e-001
 2.0765829e-001
 2.0760897e-001
 2.0762062e-001
 2.0769230e-001
 2.0781823e-001
 2.0798860e-001
 2.0819089e-001
 2.0841150e-001
 2.0863762e-001
 2.0885876e-001
 2.0906770e-001
 2.0926121e-001
 2.0943974e-001
 2.0960705e-001
 2.0976935e-001
 2.0993413e-001
 2.1010917e-001
 2.1030140e-001
 2.1051601e-001
 2.1075591e-001
 2.1102126e-001
 2.1130945e-001
 2.1161571e-001
 2.1193352e-001
 2.1225592e-001
 2.1257634e-001
 2.1288966e-001
 2.1319309e-001
 2.1348609e-001
 2.1377054e-001
 2.1404979e-001
 2.1432783e-001
 2.1460842e-001
 2.1489398e-001
 2.1518530e-001
 2.1548118e-001
 2.1577868e-001
 2.1607375e-001
 2.1636154e-001
 2.1663733e-001
 2.1689680e-001
 2.1713665e-001
 2.1735486e-001
 2.1755096e-001
 2.1772619e-001
 2.1788366e-001
 2.1802828e-001
 2.1816657e-001
 2.1830612e-001
 2.1845484e-001
 2.1862008e-001
 2.1880743e-001
 2.1901996e-001
 2.1925737e-001
 2.1951576e-001
 2.1978800e-001
 2.2006437e-001
 2.2033396e-001
 2.2058608e-001
 2.2081178e-001
 2.2100542e-001
 2.2116527e-001
 2.2129397e-001
 2.2139789e-001
 2.2148617e-001
 2.2156911e-001
 2.2165652e-001
 2.2175632e-001
 2.2187360e-001
 2.2201018e-001
 2.2216512e-001
 2.2233537e-001
 2.2251679e-001
 2.2270529e-001
 2.2289734e-001
 2.2309048e-001
 2.2328329e-001
 2.2347517e-001
 2.2366630e-001
 2.2385719e-001
 2.2404891e-001
 2.2424285e-001
 2.2444080e-001
 2.2464472e-001
 2.2485639e-001
 2.2507697e-001
 2.2530642e-001
 2.2554329e-001
 2.2578484e-001
 2.2602718e-001
 2.2626619e-001
 2.2649817e-001
 2.2672044e-001
 2.2693187e-001
 2.2713262e-001
 2.2732380e-001
 2.2750695e-001
 2.2768342e-001
 2.2785434e-001
 2.2802064e-001
 2.2818358e-001
 2.2834539e-001
 2.2850940e-001
 2.2867996e-001
 2.2886163e-001
 2.2905798e-001
 2.2927037e-001
 2.2949678e-001
 2.2973175e-001
 2.2996673e-001
 2.3019168e-001
 2.3039708e-001
 2.3057584e-001
 2.3072515e-001
 2.3084699e-001
 2.3094788e-001
 2.3103786e-001
 2.3112838e-001
 2.3123057e-001
 2.3135348e-001
 2.3150262e-001
 2.3167942e-001
 2.3188110e-001
 2.3210125e-001
 2.3233138e-001
 2.3256202e-001
 2.3278402e-001
 2.3298930e-001
 2.3317128e-001
 2.3332553e-001
 2.3345008e-001
 2.3354626e-001
 2.3361850e-001
 2.3367430e-001
 2.3372333e-001
 2.3377603e-001
 2.3384209e-001
 2.3392868e-001
 2.3403899e-001
 2.3417185e-001
 2.3432234e-001
 2.3448344e-001
 2.3464772e-001
 2.3480906e-001
 2.3496385e-001
 2.3511153e-001
 2.3525469e-001
 2.3539861e-001
 2.3555009e-001
 2.3571639e-001
 2.3590361e-001
 2.3611555e-001
 2.3635298e-001
 2.3661304e-001
 2.3688956e-001
 2.3717344e-001
 2.3745371e-001
 2.3771912e-001
 2.3795913e-001
 2.3816553e-001
 2.3833290e-001
 2.3845935e-001
 2.3854639e-001
 2.3859872e-001
 2.3862405e-001
 2.3863231e-001
 2.3863447e-001
 2.3864116e-001
 2.3866120e-001
 2.3870037e-001
 2.3876086e-001
 2.3884121e-001
 2.3893715e-001
 2.3904283e-001
 2.3915215e-001
 2.3926024e-001
 2.3936422e-001
 2.3946357e-001
 2.3955968e-001
 2.3965545e-001
 2.3975451e-001
 2.3986058e-001
 2.3997697e-001
 2.4010620e-001
 2.4024960e-001
 2.4040732e-001
 2.4057795e-001
 2.4075881e-001
 2.4094592e-001
 2.4113433e-001
 2.4131864e-001
 2.4149333e-001
 2.4165355e-001
 2.4179566e-001
 2.4191771e-001
 2.4201992e-001
 2.4210460e-001
 2.4217600e-001
 2.4223979e-001
 2.4230228e-001
 2.4236955e-001
 2.4244654e-001
 2.4253644e-001
 2.4264033e-001
 2.4275710e-001
 2.4288389e-001
 2.4301676e-001
 2.4315153e-001
 2.4328457e-001
 2.4341346e-001
 2.4353746e-001
 2.4365732e-001
 2.4377503e-001
 2.4389312e-001
 2.4401377e-001
 2.4413815e-001
 2.4426565e-001
 2.4439372e-001
 2.4451812e-001
 2.4463333e-001
 2.4473366e-001
 2.4481429e-001
 2.4487235e-001
 2.4490775e-001
 2.4492362e-001
 2.4492620e-001
 2.4492425e-001
 2.4492797e-001
 2.4494784e-001
 2.4499317e-001
 2.4507110e-001
 2.4518585e-001
 2.4533832e-001
 2.4552630e-001
 2.4574502e-001
 2.4598782e-001
 2.4624723e-001
 2.4651556e-001
 2.4678582e-001
 2.4705189e-001
 2.4730898e-001
 2.4755359e-001
 2.4778332e-001
 2.4799681e-001
 2.4819350e-001
 2.4837340e-001
 2.4853708e-001
 2.4868542e-001
 2.4881966e-001
 2.4894145e-001
 2.4905260e-001
 2.4915525e-001
 2.4925165e-001
 2.4934399e-001
 2.4943431e-001
 2.4952403e-001
 2.4961388e-001
 2.4970362e-001
 2.4979188e-001
 2.4987638e-001
 2.4995422e-001
 2.5002244e-001
 2.5007850e-001
 2.5012097e-001
 2.5014985e-001
 2.5016695e-001
 2.5017592e-001
 2.5018203e-001
 2.5019175e-001
 2.5021216e-001
 2.5024962e-001
 2.5030878e-001
 2.5039142e-001
 2.5049549e-001
 2.5061488e-001
 2.5073990e-001
 2.5085834e-001
 2.5095731e-001
 2.5102535e-001
 2.5105470e-001
 2.5104299e-001
 2.5099415e-001
 2.5091785e-001
 2.5082833e-001
 2.5074226e-001
 2.5067684e-001
 2.5064760e-001
 2.5066683e-001
 2.5074264e-001
 2.5087854e-001
 2.5107336e-001
 2.5132185e-001
 2.5161552e-001
 2.5194380e-001
 2.5229514e-001
 2.5265813e-001
 2.5302219e-001
 2.5337824e-001
 2.5371879e-001
 2.5403810e-001
 2.5433198e-001
 2.5459757e-001
 2.5483334e-001
 2.5503856e-001
 2.5521344e-001
 2.5535899e-001
 2.5547674e-001
 2.5556868e-001
 2.5563720e-001
 2.5568485e-001
 2.5571430e-001
 2.5572813e-001
 2.5572887e-001
 2.5571880e-001
 2.5570011e-001
 2.5567472e-001
 2.5564435e-001
 2.5561059e-001
 2.5557476e-001
 2.5553823e-001
 2.5550205e-001
 2.5546736e-001
 2.5543520e-001
 2.5540680e-001
 2.5538352e-001
 2.5536710e-001
 2.5535977e-001
 2.5536421e-001
 2.5538376e-001
 2.5542220e-001
 2.5548357e-001
 2.5557178e-001
 2.5569031e-001
 2.5584146e-001
 2.5602600e-001
 2.5624266e-001
 2.5648791e-001
 2.5675586e-001
 2.5703877e-001
 2.5732741e-001
 2.5761202e-001
 2.5788316e-001
 2.5813264e-001
 2.5835440e-001
 2.5854492e-001
 2.5870344e-001
 2.5883189e-001
 2.5893417e-001
 2.5901544e-001
 2.5908124e-001
 2.5913650e-001
 2.5918478e-001
 2.5922772e-001
 2.5926495e-001
 2.5929409e-001
 2.5931150e-001
 2.5931281e-001
 2.5929397e-001
 2.5925219e-001
 2.5918654e-001
 2.5909862e-001
 2.5899264e-001
 2.5887531e-001
 2.5875503e-001
 2.5864133e-001
 2.5854364e-001
 2.5847042e-001
 2.5842813e-001
 2.5842085e-001
 2.5844973e-001
 2.5851342e-001
 2.5860822e-001
 2.5872892e-001
 2.5886959e-001
 2.5902429e-001
 2.5918773e-001
 2.5935578e-001
 2.5952572e-001
 2.5969607e-001
 2.5986654e-001
 2.6003751e-001
 2.6020956e-001
 2.6038283e-001
 2.6055661e-001
 2.6072913e-001
 2.6089731e-001
 2.6105735e-001
 2.6120481e-001
 2.6133537e-001
 2.6144525e-001
 2.6153159e-001
 2.6159295e-001
 2.6162922e-001
 2.6164186e-001
 2.6163402e-001
 2.6161057e-001
 2.6157770e-001
 2.6154259e-001
 2.6151258e-001
 2.6149437e-001
 2.6149321e-001
 2.6151219e-001
 2.6155177e-001
 2.6160988e-001
 2.6167455e-001
 2.6176348e-001
 2.6185390e-001
 2.6193872e-001
 2.6201186e-001
 2.6206911e-001
 2.6210856e-001
 2.6213038e-001
 2.6213622e-001
 2.6212865e-001
 2.6211038e-001
 2.6208434e-001
 2.6205316e-001
 2.6201919e-001
 2.6198438e-001
 2.6194993e-001
 2.6191643e-001
 2.6188400e-001
 2.6185220e-001
 2.6182044e-001
 2.6178795e-001
 2.6175395e-001
 2.6171783e-001
 2.6167917e-001
 2.6163810e-001
 2.6159534e-001
 2.6155227e-001
 2.6151100e-001
 2.6147404e-001
 2.6144415e-001
 2.6142430e-001
 2.6141724e-001
 2.6142555e-001
 2.6145113e-001
 2.6149490e-001
 2.6155642e-001
 2.6163372e-001
 2.6172346e-001
 2.6182127e-001
 2.6192227e-001
 2.6202124e-001
 2.6211309e-001
 2.6219305e-001
 2.6225725e-001
 2.6230326e-001
 2.6233065e-001
 2.6234117e-001
 2.6233849e-001
 2.6232779e-001
 2.6231512e-001
 2.6230681e-001
 2.6230913e-001
 2.6232782e-001
 2.6236734e-001
 2.6243001e-001
 2.6251525e-001
 2.6261935e-001
 2.6273572e-001
 2.6285559e-001
 2.6296902e-001
 2.6306543e-001
 2.6313442e-001
 2.6316604e-001
 2.6315179e-001
 2.6308557e-001
 2.6296434e-001
 2.6278871e-001
 2.6256236e-001
 2.6229134e-001
 2.6198313e-001
 2.6164573e-001
 2.6128736e-001
 2.6091552e-001
 2.6053676e-001
 2.6015553e-001
 2.5977361e-001
 2.5939000e-001
 2.5900072e-001
 2.5860015e-001
 2.5818121e-001
 2.5773644e-001
 2.5725827e-001
 2.5673893e-001
 2.5617135e-001
 2.5554878e-001
 2.5486544e-001
 2.5411651e-001
 2.5329778e-001
 2.5240582e-001
 2.5143766e-001
 2.5039032e-001
 2.4926183e-001
 2.4805073e-001
 2.4675824e-001
 2.4538921e-001
 2.4395299e-001
 2.4246509e-001
 2.4094525e-001
 2.3941739e-001
 2.3790759e-001
 2.3644231e-001
 2.3504859e-001
 2.3375157e-001
 2.3257416e-001
 2.3153469e-001
 2.3064487e-001
 2.2990997e-001
 2.2932869e-001
 2.2889541e-001
 2.2860165e-001
 2.2843748e-001
 2.2839241e-001
 2.2845550e-001
 2.2861528e-001
 2.2885948e-001
 2.2917476e-001
 2.2954656e-001
 2.2995916e-001
 2.3039620e-001
 2.3084070e-001
 2.3127580e-001
 2.3168485e-001
 2.3205233e-001
 2.3236522e-001
 2.3261428e-001
 2.3279577e-001
 2.3291172e-001
 2.3296957e-001
 2.3298067e-001
 2.3295875e-001
 2.3291855e-001
 2.3287499e-001
 2.3284234e-001
 2.3283328e-001
 2.3285779e-001
 2.3292220e-001
 2.3302880e-001
 2.3317616e-001
 2.3336023e-001
 2.3357531e-001
 2.3381492e-001
 2.3407248e-001
 2.3434158e-001
 2.3461661e-001
 2.3489311e-001
 2.3516831e-001
 2.3544133e-001
 2.3571287e-001
 2.3598497e-001
 2.3626029e-001
 2.3654187e-001
 2.3683284e-001
 2.3713608e-001
 2.3745409e-001
 2.3778853e-001
 2.3813997e-001
 2.3850794e-001
 2.3889075e-001
 2.3928611e-001
 2.3969109e-001
 2.4010259e-001
 2.4051747e-001
 2.4093242e-001
 2.4134405e-001
 2.4174899e-001
 2.4214350e-001
 2.4252388e-001
 2.4288608e-001
 2.4322599e-001
 2.4353954e-001
 2.4382253e-001
 2.4407113e-001
 2.4428189e-001
 2.4445248e-001
 2.4458240e-001
 2.4467349e-001
 2.4473032e-001
 2.4475987e-001
 2.4477087e-001
 2.4477312e-001
 2.4477686e-001
 2.4479231e-001
 2.4482912e-001
 2.4489570e-001
 2.4499838e-001
 2.4514061e-001
 2.4532276e-001
 2.4554230e-001
 2.4579459e-001
 2.4607384e-001
 2.4637356e-001
 2.4668714e-001
 2.4700828e-001
 2.4733104e-001
 2.4765058e-001
 2.4796319e-001
 2.4826659e-001
 2.4855983e-001
 2.4884279e-001
 2.4911600e-001
 2.4938016e-001
 2.4963623e-001
 2.4988493e-001
 2.5012711e-001
 2.5036350e-001
 2.5059450e-001
 2.5082049e-001
 2.5104159e-001
 2.5125790e-001
 2.5146931e-001
 2.5167575e-001
 2.5187725e-001
 2.5207359e-001
 2.5226480e-001
 2.5245097e-001
 2.5263211e-001
 2.5280848e-001
 2.5298032e-001
 2.5314811e-001
 2.5331208e-001
 2.5347272e-001
 2.5363055e-001
 2.5378609e-001
 2.5394025e-001
 2.5409439e-001
 2.5425026e-001
 2.5441039e-001
 2.5457793e-001
 2.5475630e-001
 2.5494924e-001
 2.5516057e-001
 2.5539392e-001
 2.5565228e-001
 2.5593761e-001
 2.5624999e-001
 2.5658673e-001
 2.5694251e-001
 2.5730938e-001
 2.5767732e-001
 2.5803539e-001
 2.5837216e-001
 2.5867644e-001
 2.5893775e-001
 2.5914773e-001
 2.5930142e-001
 2.5939813e-001
 2.5944236e-001
 2.5944304e-001
 2.5941238e-001
 2.5936460e-001
 2.5931475e-001
 2.5927782e-001
 2.5926790e-001
 2.5929695e-001
 2.5937331e-001
 2.5950035e-001
 2.5967622e-001
 2.5989404e-001
 2.6014328e-001
 2.6041144e-001
 2.6068500e-001
 2.6095024e-001
 2.6119432e-001
 2.6140606e-001
 2.6157728e-001
 2.6170364e-001
 2.6178530e-001
 2.6182640e-001
 2.6183394e-001
 2.6181674e-001
 2.6178434e-001
 2.6174641e-001
 2.6171204e-001
 2.6168910e-001
 2.6168314e-001
 2.6169682e-001
 2.6172948e-001
 2.6177743e-001
 2.6183480e-001
 2.6189440e-001
 2.6194856e-001
 2.6198950e-001
 2.6201022e-001
 2.6200500e-001
 2.6197064e-001
 2.6190722e-001
 2.6181838e-001
 2.6171100e-001
 2.6159456e-001
 2.6147979e-001
 2.6137799e-001
 2.6130041e-001
 2.6125732e-001
 2.6125684e-001
 2.6130348e-001
 2.6139700e-001
 2.6153177e-001
 2.6169729e-001
 2.6187944e-001
 2.6206213e-001
 2.6222828e-001
 2.6236075e-001
 2.6244354e-001
 2.6246274e-001
 2.6240814e-001
 2.6227465e-001
 2.6206270e-001
 2.6177788e-001
 2.6142943e-001
 2.6102883e-001
 2.6058853e-001
 2.6012167e-001
 2.5964105e-001
 2.5915909e-001
 2.5868788e-001
 2.5823840e-001
 2.5782067e-001
 2.5744405e-001
 2.5711706e-001
 2.5684786e-001
 2.5664422e-001
 2.5651368e-001
 2.5646260e-001
 2.5649551e-001
 2.5661376e-001
 2.5681436e-001
 2.5708967e-001
 2.5742751e-001
 2.5781277e-001
 2.5822839e-001
 2.5865632e-001
 2.5907868e-001
 2.5947827e-001
 2.5983965e-001
 2.6015002e-001
 2.6040074e-001
 2.6058742e-001
 2.6070955e-001
 2.6076958e-001
 2.6077157e-001
 2.6072061e-001
 2.6062208e-001
 2.6048151e-001
 2.6030466e-001
 2.6009768e-001
 2.5986701e-001
 2.5961939e-001
 2.5936225e-001
 2.5910303e-001
 2.5884935e-001
 2.5860900e-001
 2.5838935e-001
 2.5819707e-001
 2.5803763e-001
 2.5791395e-001
 2.5782585e-001
 2.5776964e-001
 2.5773844e-001
 2.5772309e-001
 2.5771296e-001
 2.5769696e-001
 2.5766400e-001
 2.5760391e-001
 2.5750846e-001
 2.5737262e-001
 2.5719574e-001
 2.5698200e-001
 2.5674003e-001
 2.5648165e-001
 2.5622049e-001
 2.5597110e-001
 2.5574768e-001
 2.5556302e-001
 2.5542709e-001
 2.5534454e-001
 2.5531325e-001
 2.5532335e-001
 2.5535816e-001
 2.5539592e-001
 2.5541180e-001
 2.5537992e-001
 2.5527456e-001
 2.5507230e-001
 2.5475454e-001
 2.5431064e-001
 2.5374058e-001
 2.5305697e-001
 2.5228277e-001
 2.5144914e-001
 2.5059175e-001
 2.4974892e-001
 2.4895820e-001
 2.4825494e-001
 2.4766965e-001
 2.4722347e-001
 2.4692556e-001
 2.4677193e-001
 2.4674629e-001
 2.4682350e-001
 2.4697326e-001
 2.4716271e-001
 2.4735887e-001
 2.4753040e-001
 2.4764983e-001
 2.4769659e-001
 2.4765919e-001
 2.4753636e-001
 2.4733596e-001
 2.4707258e-001
 2.4676499e-001
 2.4643366e-001
 2.4609946e-001
 2.4578224e-001
 2.4549985e-001
 2.4526595e-001
 2.4508889e-001
 2.4497133e-001
 2.4491039e-001
 2.4489936e-001
 2.4492913e-001
 2.4498951e-001
 2.4506992e-001
 2.4515989e-001
 2.4524941e-001
 2.4532934e-001
 2.4539176e-001
 2.4542996e-001
 2.4543847e-001
 2.4541269e-001
 2.4534853e-001
 2.4524222e-001
 2.4509029e-001
 2.4488984e-001
 2.4463888e-001
 2.4433705e-001
 2.4398616e-001
 2.4359065e-001
 2.4315695e-001
 2.4269307e-001
 2.4220832e-001
 2.4171211e-001
 2.4121395e-001
 2.4072343e-001
 2.4024922e-001
 2.3979913e-001
 2.3937951e-001
 2.3899552e-001
 2.3865065e-001
 2.3834744e-001
 2.3808803e-001
 2.3787399e-001
 2.3770669e-001
 2.3758718e-001
 2.3751566e-001
 2.3749115e-001
 2.3751098e-001
 2.3757067e-001
 2.3766404e-001
 2.3778374e-001
 2.3792160e-001
 2.3806918e-001
 2.3821804e-001
 2.3835987e-001
 2.3848695e-001
 2.3859248e-001
 2.3867081e-001
 2.3871773e-001
 2.3873022e-001
 2.3870617e-001
 2.3864403e-001
 2.3854250e-001
 2.3840040e-001
 2.3821673e-001
 2.3799054e-001
 2.3772106e-001
 2.3740795e-001
 2.3705107e-001
 2.3665042e-001
 2.3620661e-001
 2.3571999e-001
 2.3519118e-001
 2.3462066e-001
 2.3400955e-001
 2.3335889e-001
 2.3267017e-001
 2.3194620e-001
 2.3119001e-001
 2.3040541e-001
 2.2959727e-001
 2.2877027e-001
 2.2792940e-001
 2.2707956e-001
 2.2622639e-001
 2.2537510e-001
 2.2453117e-001
 2.2370113e-001
 2.2289132e-001
 2.2210851e-001
 2.2136034e-001
 2.2065401e-001
 2.1999678e-001
 2.1939617e-001
 2.1885857e-001
 2.1838927e-001
 2.1799131e-001
 2.1766511e-001
 2.1740755e-001
 2.1721271e-001
 2.1707259e-001
 2.1697783e-001
 2.1691854e-001
 2.1688479e-001
 2.1686703e-001
 2.1685681e-001
 2.1684738e-001
 2.1683434e-001
 2.1681598e-001
 2.1679287e-001
 2.1676740e-001
 2.1674296e-001
 2.1672344e-001
 2.1671285e-001
 2.1671505e-001
 2.1673350e-001
 2.1677095e-001
 2.1682915e-001
 2.1690881e-001
 2.1700969e-001
 2.1713074e-001
 2.1727055e-001
 2.1742749e-001
 2.1759957e-001
 2.1778461e-001
 2.1797977e-001
 2.1818104e-001
 2.1838312e-001
 2.1857907e-001
 2.1876059e-001
 2.1891822e-001
 2.1904205e-001
 2.1912202e-001
 2.1914844e-001
 2.1911302e-001
 2.1901011e-001
 2.1883872e-001
 2.1860397e-001
 2.1831775e-001
 2.1799813e-001
 2.1766807e-001
 2.1735303e-001
 2.1707968e-001
 2.1687467e-001
 2.1676250e-001
 2.1676347e-001
 2.1689047e-001
 2.1714625e-001
 2.1752238e-001
 2.1800034e-001
 2.1855494e-001
 2.1915714e-001
 2.1977648e-001
 2.2038217e-001
 2.2094546e-001
 2.2144085e-001
 2.2184755e-001
 2.2215185e-001
 2.2234738e-001
 2.2243468e-001
 2.2241992e-001
 2.2231263e-001
 2.2212400e-001
 2.2186594e-001
 2.2155017e-001
 2.2118819e-001
 2.2079152e-001
 2.2038658e-001
 2.2005609e-001
 2.1961504e-001
 2.1917328e-001
 2.1873562e-001
 2.1830703e-001
 2.1789236e-001
 2.1749671e-001
 2.1712497e-001
 2.1678205e-001
 2.1647292e-001
 2.1620196e-001
 2.1596909e-001
 2.1577157e-001
 2.1560670e-001
 2.1547168e-001
 2.1536385e-001
 2.1528046e-001
 2.1521877e-001
 2.1517605e-001
 2.1514961e-001
 2.1513669e-001
 2.1513456e-001
 2.1514049e-001
 2.1515179e-001
 2.1516579e-001
 2.1518099e-001
 2.1519639e-001
 2.1521091e-001
 2.1522368e-001
 2.1523368e-001
 2.1523988e-001
 2.1524134e-001
 2.1523707e-001
 2.1522607e-001
 2.1520732e-001
 2.1517989e-001
 2.1514276e-001
 2.1509497e-001
 2.1503550e-001
 2.1496338e-001
 2.1487761e-001
 2.1477722e-001
 2.1466136e-001
 2.1453033e-001
 2.1438502e-001
 2.1422641e-001
 2.1405540e-001
 2.1387294e-001
 2.1367989e-001
 2.1347728e-001
 2.1326597e-001
 2.1304691e-001
 2.1282101e-001
 2.1258916e-001
 2.1235237e-001
 2.1211153e-001
 2.1186759e-001
 2.1162139e-001
 2.1137396e-001
 2.1112621e-001
 2.1087901e-001
 2.1063329e-001
 2.1039006e-001
 2.1015023e-001
 2.0991457e-001
 2.0968324e-001
 2.0945618e-001
 2.0923315e-001
 2.0901395e-001
 2.0879842e-001
 2.0858631e-001
 2.0837754e-001
 2.0817189e-001
 2.0796917e-001
 2.0776917e-001
 2.0757182e-001
 2.0737681e-001
 2.0718403e-001
 2.0699322e-001
 2.0680431e-001
 2.0661706e-001
 2.0643131e-001
 2.0624685e-001
 2.0606348e-001
 2.0588107e-001
 2.0569946e-001
 2.0551839e-001
 2.0533770e-001
 2.0515727e-001
 2.0497686e-001
 2.0479631e-001
 2.0461577e-001
 2.0443554e-001
 2.0425588e-001
 2.0407704e-001
 2.0389926e-001
 2.0372279e-001
 2.0354800e-001
 2.0337507e-001
 2.0320432e-001
 2.0303595e-001
 2.0287032e-001
 2.0270765e-001
 2.0254818e-001
 2.0239218e-001
 2.0223996e-001
 2.0209180e-001
 2.0194793e-001
 2.0180856e-001
 2.0167409e-001
 2.0154469e-001
 2.0142066e-001
 2.0130226e-001
 2.0118974e-001
 2.0108342e-001
 2.0098354e-001
 2.0089035e-001
 2.0080414e-001
 2.0072515e-001
 2.0065367e-001
 2.0058993e-001
 2.0053352e-001
 2.0048395e-001
 2.0044062e-001
