s07_ASD Record=12724: Calcite.5+.Ca-Mont.5 AMX6     BECKb AREF
 6.4837867e-001
 6.4967072e-001
 6.5086055e-001
 6.5196288e-001
 6.5302259e-001
 6.5409660e-001
 6.5522164e-001
 6.5639049e-001
 6.5755057e-001
 6.5862507e-001
 6.5954423e-001
 6.6026843e-001
 6.6079658e-001
 6.6116786e-001
 6.6145968e-001
 6.6176778e-001
 6.6217560e-001
 6.6273481e-001
 6.6346014e-001
 6.6433179e-001
 6.6530097e-001
 6.6630179e-001
 6.6727102e-001
 6.6816878e-001
 6.6899216e-001
 6.6977757e-001
 6.7059004e-001
 6.7149299e-001
 6.7252010e-001
 6.7367560e-001
 6.7494839e-001
 6.7632538e-001
 6.7779678e-001
 6.7935610e-001
 6.8099082e-001
 6.8267375e-001
 6.8436545e-001
 6.8602037e-001
 6.8759668e-001
 6.8906516e-001
 6.9041532e-001
 6.9165373e-001
 6.9279927e-001
 6.9387722e-001
 6.9491422e-001
 6.9593763e-001
 6.9697654e-001
 6.9806206e-001
 6.9922167e-001
 7.0046872e-001
 7.0179069e-001
 7.0314765e-001
 7.0448709e-001
 7.0577127e-001
 7.0700216e-001
 7.0822614e-001
 7.0951307e-001
 7.1090835e-001
 7.1240902e-001
 7.1396261e-001
 7.1545017e-001
 7.1681905e-001
 7.1806937e-001
 7.1919936e-001
 7.2023284e-001
 7.2123384e-001
 7.2225219e-001
 7.2330970e-001
 7.2440714e-001
 7.2552234e-001
 7.2661358e-001
 7.2763377e-001
 7.2855198e-001
 7.2937077e-001
 7.3013049e-001
 7.3089707e-001
 7.3173469e-001
 7.3267585e-001
 7.3370403e-001
 7.3476082e-001
 7.3577559e-001
 7.3670477e-001
 7.3755807e-001
 7.3839343e-001
 7.3928177e-001
 7.4026132e-001
 7.4131143e-001
 7.4236369e-001
 7.4334288e-001
 7.4421507e-001
 7.4501377e-001
 7.4583381e-001
 7.4679422e-001
 7.4799043e-001
 7.4945545e-001
 7.5114298e-001
 7.5293648e-001
 7.5468349e-001
 7.5624442e-001
 7.5752771e-001
 7.5850195e-001
 7.5918972e-001
 7.5965506e-001
 7.5999463e-001
 7.6032597e-001
 7.6075292e-001
 7.6131642e-001
 7.6197499e-001
 7.6264149e-001
 7.6325774e-001
 7.6384801e-001
 7.6449907e-001
 7.6528227e-001
 7.6618475e-001
 7.6711315e-001
 7.6796657e-001
 7.6871383e-001
 7.6940387e-001
 7.7009875e-001
 7.7079779e-001
 7.7143055e-001
 7.7192843e-001
 7.7230114e-001
 7.7263898e-001
 7.7303940e-001
 7.7353305e-001
 7.7407807e-001
 7.7461529e-001
 7.7512830e-001
 7.7566755e-001
 7.7633154e-001
 7.7720970e-001
 7.7830678e-001
 7.7950346e-001
 7.8059751e-001
 7.8140420e-001
 7.8183609e-001
 7.8192204e-001
 7.8178620e-001
 7.8161186e-001
 7.8159201e-001
 7.8187329e-001
 7.8252178e-001
 7.8351599e-001
 7.8474551e-001
 7.8601545e-001
 7.8708792e-001
 7.8777671e-001
 7.8804404e-001
 7.8802735e-001
 7.8796488e-001
 7.8806490e-001
 7.8841078e-001
 7.8896546e-001
 7.8965509e-001
 7.9043454e-001
 7.9126674e-001
 7.9205734e-001
 7.9265481e-001
 7.9295397e-001
 7.9301322e-001
 7.9305756e-001
 7.9332954e-001
 7.9389226e-001
 7.9455328e-001
 7.9500490e-001
 7.9509056e-001
 7.9496366e-001
 7.9497337e-001
 7.9536819e-001
 7.9610306e-001
 7.9693449e-001
 7.9767758e-001
 7.9832357e-001
 7.9891264e-001
 7.9940158e-001
 7.9975224e-001
 8.0007559e-001
 8.0053908e-001
 8.0113655e-001
 8.0168176e-001
 8.0204904e-001
 8.0231422e-001
 8.0263257e-001
 8.0306989e-001
 8.0359519e-001
 8.0417335e-001
 8.0480689e-001
 8.0549586e-001
 8.0619466e-001
 8.0682534e-001
 8.0733192e-001
 8.0772328e-001
 8.0806869e-001
 8.0845129e-001
 8.0891019e-001
 8.0941176e-001
 8.0987644e-001
 8.1024855e-001
 8.1054652e-001
 8.1084794e-001
 8.1123787e-001
 8.1178242e-001
 8.1252885e-001
 8.1348097e-001
 8.1454772e-001
 8.1554157e-001
 8.1628627e-001
 8.1676650e-001
 8.1714588e-001
 8.1759030e-001
 8.1809878e-001
 8.1856549e-001
 8.1896859e-001
 8.1939852e-001
 8.1990647e-001
 8.2041633e-001
 8.2081288e-001
 8.2107008e-001
 8.2127655e-001
 8.2157230e-001
 8.2208401e-001
 8.2288748e-001
 8.2394314e-001
 8.2503122e-001
 8.2586592e-001
 8.2640481e-001
 8.2693112e-001
 8.2762039e-001
 8.2814729e-001
 8.2803857e-001
 8.2736266e-001
 8.2674879e-001
 8.2672668e-001
 8.2729232e-001
 8.2809645e-001
 8.2882833e-001
 8.2938719e-001
 8.2984281e-001
 8.3032167e-001
 8.3090138e-001
 8.3157200e-001
 8.3227521e-001
 8.3292240e-001
 8.3333462e-001
 8.3327639e-001
 8.3271158e-001
 8.3198637e-001
 8.3159429e-001
 8.3174908e-001
 8.3228695e-001
 8.3283180e-001
 8.3298385e-001
 8.3269906e-001
 8.3259380e-001
 8.3336067e-001
 8.3485115e-001
 8.3630431e-001
 8.3725613e-001
 8.3768600e-001
 8.3765930e-001
 8.3730304e-001
 8.3683312e-001
 8.3634108e-001
 8.3578432e-001
 8.3529776e-001
 8.3520162e-001
 8.3557439e-001
 8.3614427e-001
 8.3667761e-001
 8.3718067e-001
 8.3772409e-001
 8.3831257e-001
 8.3891737e-001
 8.3946401e-001
 8.3976316e-001
 8.3959883e-001
 8.3901703e-001
 8.3847433e-001
 8.3850658e-001
 8.3924687e-001
 8.4036857e-001
 8.4147060e-001
 8.4240907e-001
 8.4320241e-001
 8.4376407e-001
 8.4391081e-001
 8.4362584e-001
 8.4314167e-001
 8.4269404e-001
 8.4233785e-001
 8.4206235e-001
 8.4196156e-001
 8.4218937e-001
 8.4274691e-001
 8.4337676e-001
 8.4380043e-001
 8.4408528e-001
 8.4456593e-001
 8.4534353e-001
 8.4614623e-001
 8.4672821e-001
 8.4701788e-001
 8.4684116e-001
 8.4608287e-001
 8.4528786e-001
 8.4540147e-001
 8.4658736e-001
 8.4796822e-001
 8.4881890e-001
 8.4933126e-001
 8.4996974e-001
 8.5072666e-001
 8.5124820e-001
 8.5119516e-001
 8.5033572e-001
 8.4874463e-001
 8.4708077e-001
 8.4636527e-001
 8.4711409e-001
 8.4869057e-001
 8.4996390e-001
 8.5046452e-001
 8.5057253e-001
 8.5085756e-001
 8.5156167e-001
 8.5255909e-001
 8.5356581e-001
 8.5432398e-001
 8.5467923e-001
 8.5461134e-001
 8.5424215e-001
 8.5377812e-001
 8.5339856e-001
 8.5317457e-001
 8.5307485e-001
 8.5302281e-001
 8.5294122e-001
 8.5276645e-001
 8.5245073e-001
 8.5196948e-001
 8.5135072e-001
 8.5072637e-001
 8.5034645e-001
 8.5046124e-001
 8.5108340e-001
 8.5185623e-001
 8.5228193e-001
 8.5219997e-001
 8.5205466e-001
 8.5257936e-001
 8.5405415e-001
 8.5581052e-001
 8.5660768e-001
 8.5591811e-001
 8.5421419e-001
 8.5238689e-001
 8.5141897e-001
 8.5192680e-001
 8.5353857e-001
 8.5498452e-001
 8.5538459e-001
 8.5514802e-001
 8.5509348e-001
 8.5529876e-001
 8.5529745e-001
 8.5485208e-001
 8.5421425e-001
 8.5393202e-001
 8.5451525e-001
 8.5604721e-001
 8.5788995e-001
 8.5900968e-001
 8.5908347e-001
 8.5893923e-001
 8.5930175e-001
 8.5976094e-001
 8.5967058e-001
 8.5925269e-001
 8.5910380e-001
 8.5927635e-001
 8.5938072e-001
 8.5918647e-001
 8.5884660e-001
 8.5867637e-001
 8.5876119e-001
 8.5889351e-001
 8.5904253e-001
 8.5955358e-001
 8.6052018e-001
 8.6137801e-001
 8.6159474e-001
 8.6133230e-001
 8.6100763e-001
 8.6072153e-001
 8.6050838e-001
 8.6060828e-001
 8.6106145e-001
 8.6146295e-001
 8.6112714e-001
 8.6019748e-001
 8.5997707e-001
 8.6113560e-001
 8.6296940e-001
 8.6455035e-001
 8.6538321e-001
 8.6535442e-001
 8.6458290e-001
 8.6352563e-001
 8.6293161e-001
 8.6338592e-001
 8.6473233e-001
 8.6610782e-001
 8.6663920e-001
 8.6610776e-001
 8.6495972e-001
 8.6378205e-001
 8.6291325e-001
 8.6242229e-001
 8.6230665e-001
 8.6262673e-001
 8.6350346e-001
 8.6495489e-001
 8.6665285e-001
 8.6800456e-001
 8.6855924e-001
 8.6831713e-001
 8.6778218e-001
 8.6772114e-001
 8.6832941e-001
 8.6921024e-001
 8.6946487e-001
 8.6847085e-001
 8.6667234e-001
 8.6494172e-001
 8.6415273e-001
 8.6499602e-001
 8.6695868e-001
 8.6904323e-001
 8.7025100e-001
 8.6977565e-001
 8.6808342e-001
 8.6615455e-001
 8.6497104e-001
 8.6534488e-001
 8.6696357e-001
 8.6905855e-001
 8.7086046e-001
 8.7170506e-001
 8.7163353e-001
 8.7082875e-001
 8.6989570e-001
 8.6907899e-001
 8.6854595e-001
 8.6830932e-001
 8.6837500e-001
 8.6874914e-001
 8.6943376e-001
 8.7034339e-001
 8.7130505e-001
 8.7214255e-001
 8.7267911e-001
 8.7274587e-001
 8.7233651e-001
 8.7160593e-001
 8.7071609e-001
 8.6982828e-001
 8.6910099e-001
 8.6861449e-001
 8.6837357e-001
 8.6837918e-001
 8.6863273e-001
 8.6913544e-001
 8.6987501e-001
 8.7078649e-001
 8.7179250e-001
 8.7281519e-001
 8.7377721e-001
 8.7460083e-001
 8.7522614e-001
 8.7566149e-001
 8.7593144e-001
 8.7606072e-001
 8.7607408e-001
 8.7599599e-001
 8.7585115e-001
 8.7566072e-001
 8.7543166e-001
 8.7516773e-001
 8.7487292e-001
 8.7455082e-001
 8.7420529e-001
 8.7384015e-001
 8.7345922e-001
 8.7306833e-001
 8.7268227e-001
 8.7231725e-001
 8.7198961e-001
 8.7171596e-001
 8.7151289e-001
 8.7139654e-001
 8.7138355e-001
 8.7148410e-001
 8.7168479e-001
 8.7196678e-001
 8.7231141e-001
 8.7269992e-001
 8.7311345e-001
 8.7353337e-001
 8.7394077e-001
 8.7431926e-001
 8.7466115e-001
 8.7496072e-001
 8.7521219e-001
 8.7540984e-001
 8.7554795e-001
 8.7562078e-001
 8.7562257e-001
 8.7554771e-001
 8.7539035e-001
 8.7514472e-001
 8.7480521e-001
 8.7437105e-001
 8.7386000e-001
 8.7329388e-001
 8.7269431e-001
 8.7208331e-001
 8.7148279e-001
 8.7091428e-001
 8.7039983e-001
 8.6996114e-001
 8.6962008e-001
 8.6939847e-001
 8.6931813e-001
 8.6939210e-001
 8.6960208e-001
 8.6992252e-001
 8.7032837e-001
 8.7079418e-001
 8.7129462e-001
 8.7180424e-001
 8.7229800e-001
 8.7275034e-001
 8.7313586e-001
 8.7342948e-001
 8.7361318e-001
 8.7369585e-001
 8.7369192e-001
 8.7361604e-001
 8.7348276e-001
 8.7330657e-001
 8.7310201e-001
 8.7288374e-001
 8.7266630e-001
 8.7246418e-001
 8.7228829e-001
 8.7213719e-001
 8.7200630e-001
 8.7189162e-001
 8.7178838e-001
 8.7169278e-001
 8.7160009e-001
 8.7150621e-001
 8.7140673e-001
 8.7129736e-001
 8.7117475e-001
 8.7103844e-001
 8.7088895e-001
 8.7072659e-001
 8.7055159e-001
 8.7036461e-001
 8.7016571e-001
 8.6995548e-001
 8.6973411e-001
 8.6950213e-001
 8.6926174e-001
 8.6902177e-001
 8.6879259e-001
 8.6858422e-001
 8.6840719e-001
 8.6827141e-001
 8.6818743e-001
 8.6816531e-001
 8.6821526e-001
 8.6834252e-001
 8.6853498e-001
 8.6877716e-001
 8.6905366e-001
 8.6934865e-001
 8.6964691e-001
 8.6993265e-001
 8.7019056e-001
 8.7040693e-001
 8.7057459e-001
 8.7068778e-001
 8.7074059e-001
 8.7072712e-001
 8.7064177e-001
 8.7047857e-001
 8.7023163e-001
 8.6990243e-001
 8.6951596e-001
 8.6910230e-001
 8.6869144e-001
 8.6831290e-001
 8.6799705e-001
 8.6777353e-001
 8.6767220e-001
 8.6770815e-001
 8.6784697e-001
 8.6804515e-001
 8.6824054e-001
 8.6840880e-001
 8.6849821e-001
 8.6848223e-001
 8.6836219e-001
 8.6816537e-001
 8.6793607e-001
 8.6772692e-001
 8.6759180e-001
 8.6757690e-001
 8.6770660e-001
 8.6797470e-001
 8.6835301e-001
 8.6880445e-001
 8.6929142e-001
 8.6978066e-001
 8.7024766e-001
 8.7067789e-001
 8.7106425e-001
 8.7140357e-001
 8.7169456e-001
 8.7193793e-001
 8.7213755e-001
 8.7230092e-001
 8.7243825e-001
 8.7256056e-001
 8.7267751e-001
 8.7279379e-001
 8.7290639e-001
 8.7300336e-001
 8.7306631e-001
 8.7307513e-001
 8.7301522e-001
 8.7288755e-001
 8.7271667e-001
 8.7255329e-001
 8.7246847e-001
 8.7254041e-001
 8.7283671e-001
 8.7339377e-001
 8.7496167e-001
 8.7553114e-001
 8.7612170e-001
 8.7670243e-001
 8.7724477e-001
 8.7772584e-001
 8.7813169e-001
 8.7845826e-001
 8.7871104e-001
 8.7890321e-001
 8.7905163e-001
 8.7917292e-001
 8.7927926e-001
 8.7937641e-001
 8.7946379e-001
 8.7953639e-001
 8.7958795e-001
 8.7961346e-001
 8.7961119e-001
 8.7958324e-001
 8.7953520e-001
 8.7947506e-001
 8.7941176e-001
 8.7935406e-001
 8.7930983e-001
 8.7928540e-001
 8.7928534e-001
 8.7931216e-001
 8.7936628e-001
 8.7944609e-001
 8.7954777e-001
 8.7966567e-001
 8.7979233e-001
 8.7991846e-001
 8.8003391e-001
 8.8012844e-001
 8.8019341e-001
 8.8022286e-001
 8.8021511e-001
 8.8017303e-001
 8.8010442e-001
 8.8002050e-001
 8.7993485e-001
 8.7986124e-001
 8.7981218e-001
 8.7979752e-001
 8.7982392e-001
 8.7989444e-001
 8.8000911e-001
 8.8016534e-001
 8.8035852e-001
 8.8058245e-001
 8.8082951e-001
 8.8109076e-001
 8.8135606e-001
 8.8161445e-001
 8.8185447e-001
 8.8206488e-001
 8.8223600e-001
 8.8236088e-001
 8.8243598e-001
 8.8246244e-001
 8.8244605e-001
 8.8239652e-001
 8.8232660e-001
 8.8225007e-001
 8.8217944e-001
 8.8212442e-001
 8.8209027e-001
 8.8207763e-001
 8.8208270e-001
 8.8209885e-001
 8.8211846e-001
 8.8213480e-001
 8.8214344e-001
 8.8214290e-001
 8.8213456e-001
 8.8212192e-001
 8.8210917e-001
 8.8210046e-001
 8.8209885e-001
 8.8210624e-001
 8.8212347e-001
 8.8215077e-001
 8.8218820e-001
 8.8223583e-001
 8.8229364e-001
 8.8236141e-001
 8.8243806e-001
 8.8252157e-001
 8.8260901e-001
 8.8269663e-001
 8.8278067e-001
 8.8285774e-001
 8.8292545e-001
 8.8298255e-001
 8.8302886e-001
 8.8306481e-001
 8.8309085e-001
 8.8310683e-001
 8.8311201e-001
 8.8310456e-001
 8.8308221e-001
 8.8304263e-001
 8.8298434e-001
 8.8290715e-001
 8.8281286e-001
 8.8270545e-001
 8.8259107e-001
 8.8247746e-001
 8.8237321e-001
 8.8228714e-001
 8.8222688e-001
 8.8219827e-001
 8.8220447e-001
 8.8224566e-001
 8.8231891e-001
 8.8241845e-001
 8.8253629e-001
 8.8266283e-001
 8.8278800e-001
 8.8290161e-001
 8.8299459e-001
 8.8305908e-001
 8.8308889e-001
 8.8307959e-001
 8.8302839e-001
 8.8293409e-001
 8.8279670e-001
 8.8261771e-001
 8.8239950e-001
 8.8214540e-001
 8.8185877e-001
 8.8154286e-001
 8.8119930e-001
 8.8082761e-001
 8.8042414e-001
 8.7998211e-001
 8.7949246e-001
 8.7894553e-001
 8.7833345e-001
 8.7765330e-001
 8.7690932e-001
 8.7611455e-001
 8.7529057e-001
 8.7446553e-001
 8.7367105e-001
 8.7293750e-001
 8.7229073e-001
 8.7174886e-001
 8.7132066e-001
 8.7100619e-001
 8.7079865e-001
 8.7068677e-001
 8.7065732e-001
 8.7069714e-001
 8.7079430e-001
 8.7093800e-001
 8.7111878e-001
 8.7132788e-001
 8.7155747e-001
 8.7180072e-001
 8.7205249e-001
 8.7230951e-001
 8.7256998e-001
 8.7283301e-001
 8.7309688e-001
 8.7335783e-001
 8.7360847e-001
 8.7383789e-001
 8.7403244e-001
 8.7417799e-001
 8.7426269e-001
 8.7428033e-001
 8.7423229e-001
 8.7412912e-001
 8.7398952e-001
 8.7383860e-001
 8.7370402e-001
 8.7361211e-001
 8.7358350e-001
 8.7363017e-001
 8.7375343e-001
 8.7394387e-001
 8.7418342e-001
 8.7444830e-001
 8.7471318e-001
 8.7495571e-001
 8.7515992e-001
 8.7531829e-001
 8.7543255e-001
 8.7551230e-001
 8.7557250e-001
 8.7563026e-001
 8.7570131e-001
 8.7579763e-001
 8.7592542e-001
 8.7608463e-001
 8.7626952e-001
 8.7646985e-001
 8.7667286e-001
 8.7686503e-001
 8.7703383e-001
 8.7716967e-001
 8.7726671e-001
 8.7732363e-001
 8.7734413e-001
 8.7733632e-001
 8.7731206e-001
 8.7728524e-001
 8.7727040e-001
 8.7728024e-001
 8.7732416e-001
 8.7740660e-001
 8.7752652e-001
 8.7767732e-001
 8.7784815e-001
 8.7802511e-001
 8.7819350e-001
 8.7833977e-001
 8.7845320e-001
 8.7852699e-001
 8.7855905e-001
 8.7855166e-001
 8.7851119e-001
 8.7844694e-001
 8.7837005e-001
 8.7829214e-001
 8.7822425e-001
 8.7817544e-001
 8.7815225e-001
 8.7815785e-001
 8.7819201e-001
 8.7825131e-001
 8.7832999e-001
 8.7842077e-001
 8.7851650e-001
 8.7861079e-001
 8.7869960e-001
 8.7878138e-001
 8.7885708e-001
 8.7892962e-001
 8.7900275e-001
 8.7908000e-001
 8.7916315e-001
 8.7925130e-001
 8.7934065e-001
 8.7942457e-001
 8.7949413e-001
 8.7953967e-001
 8.7955213e-001
 8.7952459e-001
 8.7945378e-001
 8.7934041e-001
 8.7918949e-001
 8.7901002e-001
 8.7881339e-001
 8.7861252e-001
 8.7842029e-001
 8.7824839e-001
 8.7810677e-001
 8.7800330e-001
 8.7794334e-001
 8.7793005e-001
 8.7796414e-001
 8.7804329e-001
 8.7816209e-001
 8.7831151e-001
 8.7847918e-001
 8.7865001e-001
 8.7880772e-001
 8.7893653e-001
 8.7902325e-001
 8.7905908e-001
 8.7904048e-001
 8.7896943e-001
 8.7885237e-001
 8.7869871e-001
 8.7851894e-001
 8.7832290e-001
 8.7811822e-001
 8.7791014e-001
 8.7770110e-001
 8.7749153e-001
 8.7728059e-001
 8.7706667e-001
 8.7684810e-001
 8.7662333e-001
 8.7639135e-001
 8.7615144e-001
 8.7590349e-001
 8.7564820e-001
 8.7538707e-001
 8.7512243e-001
 8.7485731e-001
 8.7459463e-001
 8.7433678e-001
 8.7408489e-001
 8.7383831e-001
 8.7359482e-001
 8.7335080e-001
 8.7310237e-001
 8.7284642e-001
 8.7258118e-001
 8.7230718e-001
 8.7202686e-001
 8.7174410e-001
 8.7146312e-001
 8.7118745e-001
 8.7091899e-001
 8.7065762e-001
 8.7040132e-001
 8.7014687e-001
 8.6989057e-001
 8.6962926e-001
 8.6936110e-001
 8.6908525e-001
 8.6880231e-001
 8.6851311e-001
 8.6821818e-001
 8.6791670e-001
 8.6760616e-001
 8.6728227e-001
 8.6693937e-001
 8.6657143e-001
 8.6617333e-001
 8.6574221e-001
 8.6527872e-001
 8.6478728e-001
 8.6427605e-001
 8.6375600e-001
 8.6323905e-001
 8.6273652e-001
 8.6225677e-001
 8.6180443e-001
 8.6137927e-001
 8.6097646e-001
 8.6058772e-001
 8.6020261e-001
 8.5981005e-001
 8.5940039e-001
 8.5896629e-001
 8.5850382e-001
 8.5801274e-001
 8.5749644e-001
 8.5696161e-001
 8.5641682e-001
 8.5587180e-001
 8.5533553e-001
 8.5481447e-001
 8.5431111e-001
 8.5382259e-001
 8.5334069e-001
 8.5285252e-001
 8.5234207e-001
 8.5179383e-001
 8.5119516e-001
 8.5053998e-001
 8.4983015e-001
 8.4907526e-001
 8.4829134e-001
 8.4749669e-001
 8.4670788e-001
 8.4593523e-001
 8.4517914e-001
 8.4442914e-001
 8.4366423e-001
 8.4285492e-001
 8.4196812e-001
 8.4097028e-001
 8.3983260e-001
 8.3853370e-001
 8.3706129e-001
 8.3541369e-001
 8.3359772e-001
 8.3162856e-001
 8.2952648e-001
 8.2731336e-001
 8.2501113e-001
 8.2263643e-001
 8.2019997e-001
 8.1770337e-001
 8.1513774e-001
 8.1248611e-001
 8.0972338e-001
 8.0682218e-001
 8.0375659e-001
 8.0050606e-001
 7.9706162e-001
 7.9342806e-001
 7.8962344e-001
 7.8568095e-001
 7.8164256e-001
 7.7755809e-001
 7.7347898e-001
 7.6945245e-001
 7.6552129e-001
 7.6171768e-001
 7.5806528e-001
 7.5457799e-001
 7.5126022e-001
 7.4811119e-001
 7.4512422e-001
 7.4229175e-001
 7.3960608e-001
 7.3706049e-001
 7.3465270e-001
 7.3238403e-001
 7.3026192e-001
 7.2829974e-001
 7.2651607e-001
 7.2493577e-001
 7.2358716e-001
 7.2250134e-001
 7.2170871e-001
 7.2123575e-001
 7.2110200e-001
 7.2131646e-001
 7.2187585e-001
 7.2276336e-001
 7.2394949e-001
 7.2539377e-001
 7.2704798e-001
 7.2886109e-001
 7.3078144e-001
 7.3276228e-001
 7.3476261e-001
 7.3674947e-001
 7.3869890e-001
 7.4059379e-001
 7.4242455e-001
 7.4418575e-001
 7.4587572e-001
 7.4749565e-001
 7.4904722e-001
 7.5053388e-001
 7.5195932e-001
 7.5332779e-001
 7.5464416e-001
 7.5591266e-001
 7.5713640e-001
 7.5831664e-001
 7.5945061e-001
 7.6053214e-001
 7.6155019e-001
 7.6249003e-001
 7.6333487e-001
 7.6406723e-001
 7.6467240e-001
 7.6514041e-001
 7.6546872e-001
 7.6566368e-001
 7.6574129e-001
 7.6572639e-001
 7.6565123e-001
 7.6555246e-001
 7.6546812e-001
 7.6543403e-001
 7.6548046e-001
 7.6562989e-001
 7.6589566e-001
 7.6628149e-001
 7.6678270e-001
 7.6738781e-001
 7.6808143e-001
 7.6884639e-001
 7.6966685e-001
 7.7052945e-001
 7.7142513e-001
 7.7234930e-001
 7.7330083e-001
 7.7428162e-001
 7.7529413e-001
 7.7634019e-001
 7.7741987e-001
 7.7852976e-001
 7.7966392e-001
 7.8081334e-001
 7.8196788e-001
 7.8311795e-001
 7.8425550e-001
 7.8537613e-001
 7.8647882e-001
 7.8756630e-001
 7.8864372e-001
 7.8971624e-001
 7.9078764e-001
 7.9185742e-001
 7.9292035e-001
 7.9396659e-001
 7.9498273e-001
 7.9595453e-001
 7.9686993e-001
 7.9772121e-001
 7.9850727e-001
 7.9923332e-001
 7.9990977e-001
 8.0055046e-001
 8.0116904e-001
 8.0177736e-001
 8.0238265e-001
 8.0298764e-001
 8.0359107e-001
 8.0418873e-001
 8.0477577e-001
 8.0534828e-001
 8.0590433e-001
 8.0644524e-001
 8.0697447e-001
 8.0749732e-001
 8.0801940e-001
 8.0854547e-001
 8.0907875e-001
 8.0962026e-001
 8.1016946e-001
 8.1072509e-001
 8.1128615e-001
 8.1185323e-001
 8.1242895e-001
 8.1301773e-001
 8.1362468e-001
 8.1425387e-001
 8.1490713e-001
 8.1558245e-001
 8.1627375e-001
 8.1697071e-001
 8.1765825e-001
 8.1831884e-001
 8.1893402e-001
 8.1948775e-001
 8.1997001e-001
 8.2037860e-001
 8.2072103e-001
 8.2101405e-001
 8.2128209e-001
 8.2155389e-001
 8.2185805e-001
 8.2221985e-001
 8.2265818e-001
 8.2318372e-001
 8.2379860e-001
 8.2449639e-001
 8.2526201e-001
 8.2607365e-001
 8.2690388e-001
 8.2772297e-001
 8.2850039e-001
 8.2920820e-001
 8.2982284e-001
 8.3032709e-001
 8.3071148e-001
 8.3097452e-001
 8.3112305e-001
 8.3117139e-001
 8.3113873e-001
 8.3104753e-001
 8.3092111e-001
 8.3078218e-001
 8.3065099e-001
 8.3054531e-001
 8.3047915e-001
 8.3046246e-001
 8.3050078e-001
 8.3059561e-001
 8.3074480e-001
 8.3094329e-001
 8.3118403e-001
 8.3145905e-001
 8.3176017e-001
 8.3207971e-001
 8.3241099e-001
 8.3274907e-001
 8.3309048e-001
 8.3343369e-001
 8.3377868e-001
 8.3412671e-001
 8.3448011e-001
 8.3484173e-001
 8.3521491e-001
 8.3560276e-001
 8.3600783e-001
 8.3643180e-001
 8.3687454e-001
 8.3733433e-001
 8.3780706e-001
 8.3828646e-001
 8.3876461e-001
 8.3923233e-001
 8.3967990e-001
 8.4009832e-001
 8.4047979e-001
 8.4081876e-001
 8.4111208e-001
 8.4135914e-001
 8.4156156e-001
 8.4172267e-001
 8.4184694e-001
 8.4193885e-001
 8.4200269e-001
 8.4204203e-001
 8.4205967e-001
 8.4205800e-001
 8.4203941e-001
 8.4200686e-001
 8.4196454e-001
 8.4191841e-001
 8.4187603e-001
 8.4184629e-001
 8.4183890e-001
 8.4186333e-001
 8.4192753e-001
 8.4203690e-001
 8.4219342e-001
 8.4239513e-001
 8.4263593e-001
 8.4290618e-001
 8.4319347e-001
 8.4348387e-001
 8.4376287e-001
 8.4401691e-001
 8.4423423e-001
 8.4440595e-001
 8.4452647e-001
 8.4459406e-001
 8.4461105e-001
 8.4458381e-001
 8.4452248e-001
 8.4444022e-001
 8.4435248e-001
 8.4427541e-001
 8.4422451e-001
 8.4421289e-001
 8.4424967e-001
 8.4433913e-001
 8.4448010e-001
 8.4466588e-001
 8.4488559e-001
 8.4512514e-001
 8.4536916e-001
 8.4560299e-001
 8.4581393e-001
 8.4599274e-001
 8.4613389e-001
 8.4623593e-001
 8.4630060e-001
 8.4633231e-001
 8.4633720e-001
 8.4632194e-001
 8.4629345e-001
 8.4625775e-001
 8.4622020e-001
 8.4618491e-001
 8.4615493e-001
 8.4613228e-001
 8.4611809e-001
 8.4611273e-001
 8.4611583e-001
 8.4612679e-001
 8.4614468e-001
 8.4616816e-001
 8.4619606e-001
 8.4622699e-001
 8.4625965e-001
 8.4629273e-001
 8.4632480e-001
 8.4635448e-001
 8.4638053e-001
 8.4640127e-001
 8.4641528e-001
 8.4642076e-001
 8.4641594e-001
 8.4639871e-001
 8.4636694e-001
 8.4631813e-001
 8.4624994e-001
 8.4615958e-001
 8.4604454e-001
 8.4590232e-001
 8.4573084e-001
 8.4552854e-001
 8.4529459e-001
 8.4502935e-001
 8.4473485e-001
 8.4441453e-001
 8.4407377e-001
 8.4371960e-001
 8.4336072e-001
 8.4300691e-001
 8.4266847e-001
 8.4235555e-001
 8.4207755e-001
 8.4184223e-001
 8.4165519e-001
 8.4151959e-001
 8.4143597e-001
 8.4140199e-001
 8.4141248e-001
 8.4145951e-001
 8.4153223e-001
 8.4161699e-001
 8.4169751e-001
 8.4175545e-001
 8.4177113e-001
 8.4172475e-001
 8.4159797e-001
 8.4137589e-001
 8.4104836e-001
 8.4061217e-001
 8.4007120e-001
 8.3943743e-001
 8.3872968e-001
 8.3797222e-001
 8.3719283e-001
 8.3642006e-001
 8.3568066e-001
 8.3499795e-001
 8.3438939e-001
 8.3386660e-001
 8.3343458e-001
 8.3309233e-001
 8.3283412e-001
 8.3265001e-001
 8.3252740e-001
 8.3245194e-001
 8.3240819e-001
 8.3238053e-001
 8.3235347e-001
 8.3231241e-001
 8.3224392e-001
 8.3213663e-001
 8.3198154e-001
 8.3177239e-001
 8.3150631e-001
 8.3118361e-001
 8.3080751e-001
 8.3038396e-001
 8.2992065e-001
 8.2942671e-001
 8.2891166e-001
 8.2838464e-001
 8.2785439e-001
 8.2732856e-001
 8.2681334e-001
 8.2631385e-001
 8.2583338e-001
 8.2537407e-001
 8.2493627e-001
 8.2451886e-001
 8.2411927e-001
 8.2373363e-001
 8.2335770e-001
 8.2298702e-001
 8.2261807e-001
 8.2224965e-001
 8.2188314e-001
 8.2152420e-001
 8.2118243e-001
 8.2087141e-001
 8.2060802e-001
 8.2041037e-001
 8.2029599e-001
 8.2027906e-001
 8.2036787e-001
 8.2056272e-001
 8.2085454e-001
 8.2122475e-001
 8.2164621e-001
 8.2208580e-001
 8.2250732e-001
 8.2287496e-001
 8.2315755e-001
 8.2333082e-001
 8.2337993e-001
 8.2330036e-001
 8.2309759e-001
 8.2278591e-001
 8.2238615e-001
 8.2192242e-001
 8.2141954e-001
 8.2090020e-001
 8.2038271e-001
 8.1988019e-001
 8.1940025e-001
 8.1894588e-001
 8.1851691e-001
 8.1811070e-001
 8.1772381e-001
 8.1735229e-001
 8.1699294e-001
 8.1664330e-001
 8.1630176e-001
 8.1596804e-001
 8.1564277e-001
 8.1532723e-001
 8.1502342e-001
 8.1473279e-001
 8.1445640e-001
 8.1419426e-001
 8.1394500e-001
 8.1370610e-001
 8.1347299e-001
 8.1324875e-001
 8.1302166e-001
 8.1278682e-001
 8.1254011e-001
 8.1227851e-001
 8.1200093e-001
 8.1170744e-001
 8.1139940e-001
 8.1107861e-001
 8.1074703e-001
 8.1040674e-001
 8.1005961e-001
 8.0970693e-001
 8.0934948e-001
 8.0898720e-001
 8.0861908e-001
 8.0824327e-001
 8.0785739e-001
 8.0745870e-001
 8.0704421e-001
 8.0661088e-001
 8.0615568e-001
 8.0567557e-001
 8.0516756e-001
 8.0462903e-001
 8.0405712e-001
 8.0344945e-001
 8.0280358e-001
 8.0211717e-001
 8.0138803e-001
 8.0061400e-001
 7.9979354e-001
 7.9892558e-001
 7.9801071e-001
 7.9705137e-001
 7.9605162e-001
 7.9501766e-001
 7.9395705e-001
 7.9287785e-001
 7.9178870e-001
 7.9069775e-001
 7.8961283e-001
 7.8854001e-001
 7.8748262e-001
 7.8644061e-001
 7.8540963e-001
 7.8438205e-001
 7.8334755e-001
 7.8229398e-001
 7.8120863e-001
 7.8007782e-001
 7.7888763e-001
 7.7762294e-001
 7.7626628e-001
 7.7479810e-001
 7.7319533e-001
 7.7143294e-001
 7.6948398e-001
 7.6731962e-001
 7.6491219e-001
 7.6223409e-001
 7.5926220e-001
 7.5598115e-001
 7.5238723e-001
 7.4849492e-001
 7.4433810e-001
 7.3996609e-001
 7.3544317e-001
 7.3083884e-001
 7.2622740e-001
 7.2168261e-001
 7.1727222e-001
 7.1305627e-001
 7.0907623e-001
 7.0535254e-001
 7.0188075e-001
 6.9863254e-001
 6.9556481e-001
 6.9262290e-001
 6.8974882e-001
 6.8688375e-001
 6.8397003e-001
 6.8095696e-001
 6.7780226e-001
 6.7447752e-001
 6.7096913e-001
 6.6727531e-001
 6.6340518e-001
 6.5937370e-001
 6.5519756e-001
 6.5089703e-001
 6.4649200e-001
 6.4200693e-001
 6.3747066e-001
 6.3291675e-001
 6.2838757e-001
 6.2392956e-001
 6.1959541e-001
 6.1544019e-001
 6.1151856e-001
 6.0788631e-001
 6.0459441e-001
 6.0168880e-001
 5.9920448e-001
 5.9716100e-001
 5.9556305e-001
 5.9439963e-001
 5.9364974e-001
 5.9328586e-001
 5.9327698e-001
 5.9359115e-001
 5.9419614e-001
 5.9505993e-001
 5.9615105e-001
 5.9743911e-001
 5.9889442e-001
 6.0048783e-001
 6.0219163e-001
 6.0397756e-001
 6.0581857e-001
 6.0768753e-001
 6.0955840e-001
 6.1140811e-001
 6.1321652e-001
 6.1496949e-001
 6.1665797e-001
 6.1827797e-001
 6.1983007e-001
 6.2131613e-001
 6.2273997e-001
 6.2410522e-001
 6.2541521e-001
 6.2667340e-001
 6.2788147e-001
 6.2904018e-001
 6.3014847e-001
 6.3120395e-001
 6.3220334e-001
 6.3314259e-001
 6.3401729e-001
 6.3482350e-001
 6.3555706e-001
 6.3621509e-001
 6.3679570e-001
 6.3729888e-001
 6.3772666e-001
 6.3808274e-001
 6.3837224e-001
 6.3860101e-001
 6.3877535e-001
 6.3890165e-001
 6.3898659e-001
 6.3903701e-001
 6.3906014e-001
 6.3906360e-001
 6.3905567e-001
 6.3904494e-001
 6.3904047e-001
 6.3905150e-001
 6.3908726e-001
 6.3915688e-001
 6.3926899e-001
 6.3943118e-001
 6.3964951e-001
 6.3992769e-001
 6.4026701e-001
 6.4066643e-001
 6.4112329e-001
 6.4163405e-001
 6.4219427e-001
 6.4279944e-001
 6.4344400e-001
 6.4412081e-001
 6.4482069e-001
 6.4553076e-001
 6.4623493e-001
 6.4691353e-001
 6.4754450e-001
 6.4810467e-001
 6.4857030e-001
 6.4891881e-001
 6.4913028e-001
 6.4919126e-001
 6.4909846e-001
 6.4886260e-001
 6.4850986e-001
 6.4808035e-001
 6.4762467e-001
 6.4719909e-001
 6.4686286e-001
 6.4667475e-001
 6.4668995e-001
 6.4695632e-001
 6.4750874e-001
 6.4836472e-001
 6.4952213e-001
 6.5096211e-001
 6.5265208e-001
 6.5455276e-001
 6.5662026e-001
 6.5881139e-001
 6.6108233e-001
 6.6339487e-001
 6.6571724e-001
 6.6802496e-001
 6.7030519e-001
 6.7255324e-001
 6.7477161e-001
 6.7696518e-001
 6.7914212e-001
 6.8131119e-001
 6.8347865e-001
 6.8565071e-001
 6.8783021e-001
 6.9001424e-001
 6.9219655e-001
 6.9436622e-001
 6.9650942e-001
 6.9860911e-001
 7.0064902e-001
 7.0261276e-001
 7.0448381e-001
 7.0624948e-001
 7.0790118e-001
 7.0943487e-001
 7.1085376e-001
 7.1216691e-001
 7.1338648e-001
 7.1452796e-001
 7.1560782e-001
 7.1664262e-001
 7.1764755e-001
 7.1863616e-001
 7.1961850e-001
 7.2059906e-001
 7.2157758e-001
 7.2254890e-001
 7.2350359e-001
 7.2443086e-001
 7.2531855e-001
 7.2615498e-001
 7.2692871e-001
 7.2763121e-001
 7.2825760e-001
 7.2880787e-001
 7.2928804e-001
 7.2970927e-001
 7.3008627e-001
 7.3043627e-001
 7.3077732e-001
 7.3112732e-001
 7.3150301e-001
 7.3191816e-001
 7.3238206e-001
 7.3289728e-001
 7.3345929e-001
 7.3405755e-001
 7.3467606e-001
 7.3529655e-001
 7.3589951e-001
 7.3646510e-001
 7.3697525e-001
 7.3741478e-001
 7.3777378e-001
 7.3804897e-001
 7.3824525e-001
 7.3837441e-001
 7.3845333e-001
 7.3850197e-001
 7.3854166e-001
 7.3859358e-001
 7.3867774e-001
 7.3881096e-001
 7.3900485e-001
 7.3926383e-001
 7.3958451e-001
 7.3995644e-001
 7.4036366e-001
 7.4078745e-001
 7.4120748e-001
 7.4160331e-001
 7.4195546e-001
 7.4224693e-001
 7.4246460e-001
 7.4260092e-001
 7.4265426e-001
 7.4262863e-001
 7.4253184e-001
 7.4237424e-001
 7.4216729e-001
 7.4192297e-001
 7.4165303e-001
 7.4136865e-001
 7.4108058e-001
 7.4079806e-001
 7.4052936e-001
 7.4028134e-001
 7.4006039e-001
 7.3987222e-001
 7.3972201e-001
 7.3961496e-001
 7.3955530e-001
 7.3954582e-001
 7.3958713e-001
 7.3967665e-001
 7.3980838e-001
 7.3997307e-001
 7.4015927e-001
 7.4035406e-001
 7.4054414e-001
 7.4071616e-001
 7.4085778e-001
 7.4095869e-001
 7.4101204e-001
 7.4101549e-001
 7.4097192e-001
 7.4088889e-001
 7.4077725e-001
 7.4065000e-001
 7.4052078e-001
 7.4040318e-001
 7.4030948e-001
 7.4024874e-001
 7.4022537e-001
 7.4023676e-001
 7.4027276e-001
 7.4031669e-001
 7.4034661e-001
 7.4033773e-001
 7.4026424e-001
 7.4010032e-001
 7.3982227e-001
 7.3941064e-001
 7.3885328e-001
 7.3814785e-001
 7.3730272e-001
 7.3633653e-001
 7.3527485e-001
 7.3414713e-001
 7.3298585e-001
 7.3182279e-001
 7.3068851e-001
 7.2960991e-001
 7.2860903e-001
 7.2769916e-001
 7.2688532e-001
 7.2616494e-001
 7.2552937e-001
 7.2496659e-001
 7.2446322e-001
 7.2400546e-001
 7.2358024e-001
 7.2317708e-001
 7.2278863e-001
 7.2241277e-001
 7.2205269e-001
 7.2171676e-001
 7.2141677e-001
 7.2116667e-001
 7.2098142e-001
 7.2087574e-001
 7.2086287e-001
 7.2095311e-001
 7.2115159e-001
 7.2145641e-001
 7.2185826e-001
 7.2234035e-001
 7.2288102e-001
 7.2345591e-001
 7.2403842e-001
 7.2460252e-001
 7.2512275e-001
 7.2557533e-001
 7.2594011e-001
 7.2620147e-001
 7.2634870e-001
 7.2637564e-001
 7.2627962e-001
 7.2605968e-001
 7.2571617e-001
 7.2524941e-001
 7.2465932e-001
 7.2394544e-001
 7.2310549e-001
 7.2213519e-001
 7.2102857e-001
 7.1977723e-001
 7.1837163e-001
 7.1680081e-001
 7.1505493e-001
 7.1312332e-001
 7.1099675e-001
 7.0867068e-001
 7.0614427e-001
 7.0342368e-001
 7.0052481e-001
 6.9746882e-001
 6.9428283e-001
 6.9099617e-001
 6.8764222e-001
 6.8425256e-001
 6.8085909e-001
 6.7749643e-001
 6.7419690e-001
 6.7099333e-001
 6.6792130e-001
 6.6501427e-001
 6.6230631e-001
 6.5983331e-001
 6.5762889e-001
 6.5572596e-001
 6.5415370e-001
 6.5293556e-001
 6.5208203e-001
 6.5158850e-001
 6.5143317e-001
 6.5157837e-001
 6.5197492e-001
 6.5256673e-001
 6.5329474e-001
 6.5409964e-001
 6.5492457e-001
 6.5571749e-001
 6.5643626e-001
 6.5705115e-001
 6.5754592e-001
 6.5791720e-001
 6.5817100e-001
 6.5831852e-001
 6.5837383e-001
 6.5835202e-001
 6.5826809e-001
 6.5813637e-001
 6.5797013e-001
 6.5778083e-001
 6.5757835e-001
 6.5737081e-001
 6.5716499e-001
 6.5696710e-001
 6.5678287e-001
 6.5661722e-001
 6.5647441e-001
 6.5635645e-001
 6.5626192e-001
 6.5618503e-001
 6.5611482e-001
 6.5603584e-001
 6.5592921e-001
 6.5577424e-001
 6.5554935e-001
 6.5523303e-001
 6.5480566e-001
 6.5425038e-001
 6.5355569e-001
 6.5271777e-001
 6.5174037e-001
 6.5063465e-001
 6.4941669e-001
 6.4810675e-001
 6.4672559e-001
 6.4529389e-001
 6.4383227e-001
 6.4235747e-001
 6.4088136e-001
 6.3941044e-001
 6.3794297e-001
 6.3647109e-001
 6.3498181e-001
 6.3346022e-001
 6.3188928e-001
 6.3025159e-001
 6.2853181e-001
 6.2671524e-001
 6.2479055e-001
 6.2275237e-001
 6.2059879e-001
 6.1833239e-001
 6.1596078e-001
 6.1349189e-001
 6.1093533e-001
 6.0830081e-001
 6.0560089e-001
 6.0284811e-001
 6.0005784e-001
 5.9725153e-001
 5.9445280e-001
 5.9168941e-001
 5.8899397e-001
 5.8639872e-001
 5.8393699e-001
 5.8164066e-001
 5.7954025e-001
 5.7765800e-001
 5.7600570e-001
 5.7458150e-001
 5.7336622e-001
 5.7232624e-001
 5.7141781e-001
 5.7059014e-001
 5.6978971e-001
 5.6896347e-001
 5.6806093e-001
 5.6703812e-001
 5.6586194e-001
 5.6451517e-001
 5.6299645e-001
 5.6131923e-001
 5.5950940e-001
 5.5759805e-001
 5.5561930e-001
 5.5360919e-001
 5.5160040e-001
 5.4962176e-001
 5.4769427e-001
 5.4582989e-001
 5.4402822e-001
 5.4227871e-001
 5.4056436e-001
 5.3886282e-001
 5.3714943e-001
 5.3540105e-001
 5.3359461e-001
 5.3171170e-001
 5.2973992e-001
 5.2767730e-001
 5.2553064e-001
 5.2331561e-001
 5.2105606e-001
 5.1877844e-001
 5.1651108e-001
 5.1428473e-001
 5.1212877e-001
 5.1007271e-001
 5.0814736e-001
 5.0638211e-001
 5.0480664e-001
 5.0345021e-001
 5.0234294e-001
 5.0151390e-001
 5.0099188e-001
 5.0080502e-001
 5.0097865e-001
 5.0153309e-001
 5.0247985e-001
 5.0381929e-001
 5.0553906e-001
 5.0761604e-001
 5.1001662e-001
 5.1270366e-001
 5.1563770e-001
 5.1877654e-001
 5.2208084e-001
 5.2551425e-001
 5.2904207e-001
 5.3263843e-001
 5.3628397e-001
 5.3996313e-001
 5.4366714e-001
 5.4738903e-001
 5.5112398e-001
 5.5486447e-001
 5.5860507e-001
 5.6233859e-001
 5.6605232e-001
 5.6973255e-001
 5.7336116e-001
 5.7691377e-001
 5.8036536e-001
 5.8368850e-001
 5.8685559e-001
 5.8983713e-001
 5.9260637e-001
 5.9513712e-001
 5.9740245e-001
 5.9931672e-001
 6.0055482e-001
 6.0187227e-001
 6.0290521e-001
 6.0367197e-001
 6.0419071e-001
 6.0447955e-001
 6.0455674e-001
 6.0444027e-001
 6.0414827e-001
 6.0369909e-001
 6.0311043e-001
 6.0239846e-001
 6.0157794e-001
 6.0066390e-001
 5.9967083e-001
 5.9861410e-001
 5.9750837e-001
 5.9636855e-001
 5.9520918e-001
 5.9404576e-001
 5.9289283e-001
 5.9176534e-001
 5.9067780e-001
 5.8964574e-001
 5.8868206e-001
 5.8778560e-001
 5.8694714e-001
 5.8615744e-001
 5.8540756e-001
 5.8468837e-001
 5.8399045e-001
 5.8330470e-001
 5.8262217e-001
 5.8193356e-001
 5.8122963e-001
 5.8050114e-001
 5.7973921e-001
 5.7893455e-001
 5.7807791e-001
 5.7716030e-001
 5.7617205e-001
 5.7510465e-001
 5.7394958e-001
 5.7270616e-001
 5.7137740e-001
 5.6996733e-001
 5.6847906e-001
 5.6691611e-001
 5.6528133e-001
 5.6357902e-001
 5.6181210e-001
 5.5998415e-001
 5.5809838e-001
 5.5615789e-001
 5.5416691e-001
 5.5212843e-001
 5.5004579e-001
 5.4792207e-001
 5.4576147e-001
 5.4356712e-001
 5.4134214e-001
 5.3908962e-001
 5.3681403e-001
 5.3451812e-001
 5.3220528e-001
 5.2987701e-001
 5.2753586e-001
 5.2518278e-001
 5.2281922e-001
 5.2044672e-001
 5.1806605e-001
 5.1567996e-001
 5.1328933e-001
 5.1089555e-001
 5.0849956e-001
 5.0610411e-001
 5.0370991e-001
 5.0131851e-001
 4.9893084e-001
 4.9654952e-001
 4.9417537e-001
 4.9181002e-001
 4.8945481e-001
 4.8711064e-001
 4.8478016e-001
 4.8246431e-001
 4.8016456e-001
 4.7788179e-001
 4.7561860e-001
 4.7337589e-001
 4.7115499e-001
 4.6895516e-001
 4.6677658e-001
 4.6461773e-001
 4.6247777e-001
 4.6035570e-001
 4.5825008e-001
 4.5616108e-001
 4.5408729e-001
 4.5202759e-001
 4.4998083e-001
 4.4794691e-001
 4.4592443e-001
 4.4391248e-001
 4.4190967e-001
 4.3991607e-001
 4.3793023e-001
 4.3595123e-001
 4.3397766e-001
 4.3200961e-001
 4.3004557e-001
 4.2808470e-001
 4.2612606e-001
 4.2416832e-001
 4.2221135e-001
 4.2025390e-001
 4.1829494e-001
 4.1633317e-001
 4.1436857e-001
 4.1239968e-001
 4.1042608e-001
 4.0845001e-001
 4.0647653e-001
 4.0450945e-001
