s07_ASD Record=12411: Alunite+Pyrophyl SD1093A      BECKb AREF
 5.1653370e-002
 5.1814273e-002
 5.1985539e-002
 5.2162562e-002
 5.2337579e-002
 5.2500445e-002
 5.2641921e-002
 5.2757330e-002
 5.2848741e-002
 5.2924417e-002
 5.2995931e-002
 5.3074937e-002
 5.3171095e-002
 5.3290941e-002
 5.3436633e-002
 5.3605840e-002
 5.3793460e-002
 5.3994220e-002
 5.4204095e-002
 5.4420631e-002
 5.4642297e-002
 5.4867353e-002
 5.5093016e-002
 5.5315308e-002
 5.5529892e-002
 5.5733532e-002
 5.5926405e-002
 5.6113295e-002
 5.6301519e-002
 5.6497153e-002
 5.6702636e-002
 5.6917004e-002
 5.7137631e-002
 5.7361744e-002
 5.7587396e-002
 5.7814658e-002
 5.8045477e-002
 5.8282342e-002
 5.8526795e-002
 5.8778156e-002
 5.9033044e-002
 5.9285752e-002
 5.9529521e-002
 5.9758678e-002
 5.9970841e-002
 6.0168371e-002
 6.0357857e-002
 6.0547747e-002
 6.0744852e-002
 6.0951520e-002
 6.1164774e-002
 6.1377835e-002
 6.1583206e-002
 6.1775856e-002
 6.1955109e-002
 6.2124692e-002
 6.2291842e-002
 6.2464595e-002
 6.2649116e-002
 6.2851034e-002
 6.3070297e-002
 6.3299082e-002
 6.3533790e-002
 6.3772924e-002
 6.4016096e-002
 6.4263403e-002
 6.4512789e-002
 6.4759508e-002
 6.4997345e-002
 6.5220766e-002
 6.5428108e-002
 6.5623432e-002
 6.5815017e-002
 6.6012353e-002
 6.6223152e-002
 6.6451922e-002
 6.6700108e-002
 6.6967674e-002
 6.7254893e-002
 6.7563295e-002
 6.7895480e-002
 6.8253562e-002
 6.8637170e-002
 6.9041498e-002
 6.9456890e-002
 6.9870569e-002
 7.0270464e-002
 7.0649922e-002
 7.1010567e-002
 7.1361631e-002
 7.1715236e-002
 7.2080337e-002
 7.2458416e-002
 7.2843380e-002
 7.3224857e-002
 7.3592275e-002
 7.3938034e-002
 7.4258514e-002
 7.4553587e-002
 7.4824832e-002
 7.5073868e-002
 7.5301021e-002
 7.5504959e-002
 7.5683355e-002
 7.5834237e-002
 7.5957827e-002
 7.6057978e-002
 7.6143101e-002
 7.6224945e-002
 7.6313019e-002
 7.6407440e-002
 7.6497786e-002
 7.6572143e-002
 7.6628774e-002
 7.6678485e-002
 7.6735131e-002
 7.6804779e-002
 7.6883823e-002
 7.6965027e-002
 7.7043317e-002
 7.7116728e-002
 7.7185087e-002
 7.7250078e-002
 7.7316470e-002
 7.7391878e-002
 7.7483937e-002
 7.7596873e-002
 7.7730186e-002
 7.7880502e-002
 7.8044869e-002
 7.8223057e-002
 7.8417167e-002
 7.8628734e-002
 7.8855716e-002
 7.9091847e-002
 7.9329565e-002
 7.9564586e-002
 7.9799540e-002
 8.0044888e-002
 8.0317281e-002
 8.0633558e-002
 8.0998465e-002
 8.1392713e-002
 8.1776142e-002
 8.2113355e-002
 8.2404301e-002
 8.2690887e-002
 8.3031178e-002
 8.3462968e-002
 8.3986312e-002
 8.4571831e-002
 8.5180350e-002
 8.5778587e-002
 8.6349957e-002
 8.6901769e-002
 8.7461300e-002
 8.8054329e-002
 8.8681825e-002
 8.9319475e-002
 8.9943625e-002
 9.0556107e-002
 9.1183238e-002
 9.1852181e-002
 9.2569999e-002
 9.3323946e-002
 9.4096608e-002
 9.4878539e-002
 9.5669866e-002
 9.6476458e-002
 9.7307891e-002
 9.8174684e-002
 9.9082515e-002
 1.0002664e-001
 1.0099559e-001
 1.0198420e-001
 1.0300545e-001
 1.0408582e-001
 1.0524316e-001
 1.0646597e-001
 1.0771528e-001
 1.0895296e-001
 1.1017212e-001
 1.1140173e-001
 1.1268514e-001
 1.1405340e-001
 1.1551291e-001
 1.1704657e-001
 1.1862206e-001
 1.2020417e-001
 1.2177353e-001
 1.2334365e-001
 1.2495792e-001
 1.2665917e-001
 1.2844883e-001
 1.3027458e-001
 1.3206318e-001
 1.3377596e-001
 1.3543534e-001
 1.3709898e-001
 1.3881195e-001
 1.4058487e-001
 1.4240655e-001
 1.4425711e-001
 1.4610788e-001
 1.4792423e-001
 1.4968334e-001
 1.5139538e-001
 1.5310495e-001
 1.5486744e-001
 1.5671277e-001
 1.5862162e-001
 1.6053087e-001
 1.6237132e-001
 1.6411850e-001
 1.6581601e-001
 1.6753834e-001
 1.6930965e-001
 1.7106760e-001
 1.7272998e-001
 1.7428869e-001
 1.7580943e-001
 1.7734119e-001
 1.7885856e-001
 1.8029982e-001
 1.8164346e-001
 1.8292896e-001
 1.8420324e-001
 1.8546425e-001
 1.8667428e-001
 1.8781346e-001
 1.8889010e-001
 1.8990555e-001
 1.9084015e-001
 1.9168122e-001
 1.9244634e-001
 1.9316414e-001
 1.9383579e-001
 1.9443133e-001
 1.9493829e-001
 1.9539978e-001
 1.9587560e-001
 1.9636776e-001
 1.9681145e-001
 1.9714724e-001
 1.9738680e-001
 1.9759813e-001
 1.9782530e-001
 1.9804022e-001
 1.9819129e-001
 1.9828050e-001
 1.9835009e-001
 1.9841231e-001
 1.9844340e-001
 1.9843566e-001
 1.9841738e-001
 1.9841179e-001
 1.9840971e-001
 1.9839942e-001
 1.9838847e-001
 1.9838423e-001
 1.9839002e-001
 1.9841015e-001
 1.9842382e-001
 1.9839823e-001
 1.9835803e-001
 1.9837059e-001
 1.9842914e-001
 1.9843769e-001
 1.9836095e-001
 1.9827697e-001
 1.9822241e-001
 1.9813770e-001
 1.9800836e-001
 1.9789487e-001
 1.9782613e-001
 1.9779122e-001
 1.9778828e-001
 1.9781516e-001
 1.9785672e-001
 1.9788210e-001
 1.9784306e-001
 1.9772205e-001
 1.9757576e-001
 1.9747433e-001
 1.9744386e-001
 1.9751395e-001
 1.9772466e-001
 1.9803207e-001
 1.9829048e-001
 1.9838646e-001
 1.9834264e-001
 1.9826649e-001
 1.9824138e-001
 1.9828165e-001
 1.9835944e-001
 1.9844867e-001
 1.9853643e-001
 1.9860190e-001
 1.9861032e-001
 1.9855061e-001
 1.9848591e-001
 1.9854385e-001
 1.9879712e-001
 1.9913746e-001
 1.9935402e-001
 1.9937624e-001
 1.9933887e-001
 1.9937651e-001
 1.9948143e-001
 1.9960177e-001
 1.9975582e-001
 1.9999273e-001
 2.0031370e-001
 2.0067059e-001
 2.0100373e-001
 2.0126857e-001
 2.0146157e-001
 2.0163408e-001
 2.0185982e-001
 2.0215647e-001
 2.0244201e-001
 2.0261709e-001
 2.0268455e-001
 2.0275004e-001
 2.0292473e-001
 2.0325287e-001
 2.0370646e-001
 2.0421320e-001
 2.0468539e-001
 2.0505144e-001
 2.0529747e-001
 2.0549077e-001
 2.0574357e-001
 2.0613132e-001
 2.0663607e-001
 2.0716919e-001
 2.0764726e-001
 2.0804764e-001
 2.0840262e-001
 2.0875591e-001
 2.0913059e-001
 2.0953038e-001
 2.0996137e-001
 2.1044596e-001
 2.1101040e-001
 2.1165211e-001
 2.1231966e-001
 2.1293768e-001
 2.1346277e-001
 2.1392001e-001
 2.1438654e-001
 2.1493848e-001
 2.1560773e-001
 2.1636455e-001
 2.1713012e-001
 2.1781442e-001
 2.1835348e-001
 2.1876672e-001
 2.1916412e-001
 2.1963429e-001
 2.2016679e-001
 2.2073112e-001
 2.2135341e-001
 2.2204295e-001
 2.2271623e-001
 2.2327378e-001
 2.2370929e-001
 2.2410481e-001
 2.2455348e-001
 2.2509046e-001
 2.2567953e-001
 2.2626671e-001
 2.2682802e-001
 2.2735238e-001
 2.2782212e-001
 2.2824733e-001
 2.2868371e-001
 2.2917186e-001
 2.2968122e-001
 2.3014587e-001
 2.3053868e-001
 2.3090380e-001
 2.3131780e-001
 2.3179480e-001
 2.3224841e-001
 2.3258667e-001
 2.3281668e-001
 2.3302996e-001
 2.3331526e-001
 2.3368725e-001
 2.3408426e-001
 2.3444204e-001
 2.3475075e-001
 2.3502423e-001
 2.3525886e-001
 2.3545904e-001
 2.3566651e-001
 2.3592396e-001
 2.3624560e-001
 2.3659475e-001
 2.3687230e-001
 2.3696227e-001
 2.3685433e-001
 2.3667650e-001
 2.3656070e-001
 2.3655447e-001
 2.3663288e-001
 2.3674622e-001
 2.3684238e-001
 2.3687288e-001
 2.3680939e-001
 2.3667733e-001
 2.3655167e-001
 2.3649976e-001
 2.3651917e-001
 2.3653907e-001
 2.3648448e-001
 2.3633525e-001
 2.3612696e-001
 2.3590803e-001
 2.3570938e-001
 2.3554078e-001
 2.3539403e-001
 2.3523304e-001
 2.3500346e-001
 2.3466936e-001
 2.3424377e-001
 2.3379532e-001
 2.3342253e-001
 2.3321474e-001
 2.3304090e-001
 2.3287337e-001
 2.3265141e-001
 2.3236775e-001
 2.3203656e-001
 2.3167208e-001
 2.3128784e-001
 2.3089196e-001
 2.3049052e-001
 2.3008949e-001
 2.2969534e-001
 2.2931603e-001
 2.2896028e-001
 2.2863682e-001
 2.2835131e-001
 2.2808830e-001
 2.2782388e-001
 2.2753412e-001
 2.2719844e-001
 2.2681835e-001
 2.2633265e-001
 2.2589193e-001
 2.2543998e-001
 2.2498453e-001
 2.2453080e-001
 2.2408378e-001
 2.2364861e-001
 2.2323000e-001
 2.2282524e-001
 2.2242448e-001
 2.2201729e-001
 2.2159351e-001
 2.2114332e-001
 2.2067043e-001
 2.2019124e-001
 2.1972308e-001
 2.1928294e-001
 2.1888745e-001
 2.1853732e-001
 2.1821843e-001
 2.1791564e-001
 2.1761410e-001
 2.1729887e-001
 2.1695787e-001
 2.1659094e-001
 2.1620066e-001
 2.1578966e-001
 2.1536040e-001
 2.1491562e-001
 2.1445814e-001
 2.1399245e-001
 2.1352313e-001
 2.1305507e-001
 2.1259283e-001
 2.1214123e-001
 2.1170495e-001
 2.1128856e-001
 2.1089640e-001
 2.1053256e-001
 2.1020128e-001
 2.0990664e-001
 2.0965289e-001
 2.0944414e-001
 2.0928457e-001
 2.0917375e-001
 2.0909421e-001
 2.0902419e-001
 2.0894216e-001
 2.0882641e-001
 2.0865539e-001
 2.0840742e-001
 2.0806086e-001
 2.0760217e-001
 2.0704743e-001
 2.0641991e-001
 2.0574266e-001
 2.0503898e-001
 2.0433183e-001
 2.0364457e-001
 2.0300020e-001
 2.0241691e-001
 2.0189393e-001
 2.0142637e-001
 2.0100915e-001
 2.0063734e-001
 2.0030591e-001
 2.0000987e-001
 1.9974425e-001
 1.9950409e-001
 1.9928437e-001
 1.9908008e-001
 1.9888628e-001
 1.9869915e-001
 1.9851933e-001
 1.9834843e-001
 1.9818810e-001
 1.9803993e-001
 1.9790561e-001
 1.9778666e-001
 1.9768478e-001
 1.9760156e-001
 1.9753861e-001
 1.9749759e-001
 1.9748010e-001
 1.9748659e-001
 1.9751343e-001
 1.9755605e-001
 1.9760986e-001
 1.9767030e-001
 1.9773276e-001
 1.9779269e-001
 1.9784555e-001
 1.9788671e-001
 1.9791161e-001
 1.9791569e-001
 1.9789548e-001
 1.9785139e-001
 1.9778462e-001
 1.9769646e-001
 1.9758819e-001
 1.9746102e-001
 1.9731623e-001
 1.9715507e-001
 1.9697879e-001
 1.9678864e-001
 1.9658667e-001
 1.9637771e-001
 1.9616710e-001
 1.9596030e-001
 1.9576269e-001
 1.9557968e-001
 1.9541663e-001
 1.9527902e-001
 1.9517219e-001
 1.9510156e-001
 1.9507070e-001
 1.9507688e-001
 1.9511598e-001
 1.9518396e-001
 1.9527674e-001
 1.9539024e-001
 1.9552031e-001
 1.9566301e-001
 1.9581413e-001
 1.9596969e-001
 1.9612610e-001
 1.9628195e-001
 1.9643606e-001
 1.9658737e-001
 1.9673476e-001
 1.9687715e-001
 1.9701339e-001
 1.9714247e-001
 1.9726320e-001
 1.9737400e-001
 1.9747144e-001
 1.9755171e-001
 1.9761109e-001
 1.9764572e-001
 1.9765186e-001
 1.9762571e-001
 1.9756350e-001
 1.9746424e-001
 1.9733621e-001
 1.9718970e-001
 1.9703487e-001
 1.9688194e-001
 1.9674110e-001
 1.9662261e-001
 1.9653666e-001
 1.9649164e-001
 1.9648992e-001
 1.9653271e-001
 1.9662121e-001
 1.9675656e-001
 1.9693996e-001
 1.9717263e-001
 1.9745569e-001
 1.9778787e-001
 1.9815952e-001
 1.9855963e-001
 1.9894844e-001
 1.9936727e-001
 1.9978006e-001
 2.0017597e-001
 2.0054768e-001
 2.0088929e-001
 2.0119566e-001
 2.0146206e-001
 2.0168443e-001
 2.0186116e-001
 2.0199677e-001
 2.0210406e-001
 2.0220156e-001
 2.0230979e-001
 2.0244803e-001
 2.0262979e-001
 2.0285799e-001
 2.0312315e-001
 2.0340662e-001
 2.0368554e-001
 2.0393762e-001
 2.0414600e-001
 2.0430391e-001
 2.0441639e-001
 2.0449761e-001
 2.0456633e-001
 2.0464170e-001
 2.0473972e-001
 2.0487073e-001
 2.0503844e-001
 2.0524140e-001
 2.0547511e-001
 2.0573413e-001
 2.0601344e-001
 2.0630908e-001
 2.0661847e-001
 2.0694011e-001
 2.0727304e-001
 2.0761611e-001
 2.0796742e-001
 2.0830463e-001
 2.0862272e-001
 2.0893119e-001
 2.0922515e-001
 2.0950000e-001
 2.0975162e-001
 2.0997693e-001
 2.1017447e-001
 2.1034509e-001
 2.1049277e-001
 2.1062504e-001
 2.1075305e-001
 2.1089099e-001
 2.1105434e-001
 2.1125756e-001
 2.1151221e-001
 2.1182488e-001
 2.1219645e-001
 2.1262181e-001
 2.1309076e-001
 2.1358995e-001
 2.1410437e-001
 2.1461971e-001
 2.1512339e-001
 2.1560563e-001
 2.1606018e-001
 2.1648431e-001
 2.1687922e-001
 2.1724914e-001
 2.1760038e-001
 2.1794015e-001
 2.1827488e-001
 2.1860975e-001
 2.1894802e-001
 2.1929106e-001
 2.1963879e-001
 2.1998993e-001
 2.2034276e-001
 2.2069557e-001
 2.2104715e-001
 2.2139727e-001
 2.2174641e-001
 2.2209591e-001
 2.2244781e-001
 2.2280426e-001
 2.2316764e-001
 2.2353992e-001
 2.2392271e-001
 2.2431730e-001
 2.2472419e-001
 2.2514364e-001
 2.2557527e-001
 2.2601825e-001
 2.2647154e-001
 2.2693355e-001
 2.2740263e-001
 2.2787683e-001
 2.2835408e-001
 2.2883266e-001
 2.2931089e-001
 2.2978772e-001
 2.3026255e-001
 2.3073533e-001
 2.3120677e-001
 2.3167773e-001
 2.3214914e-001
 2.3262197e-001
 2.3309658e-001
 2.3357311e-001
 2.3405112e-001
 2.3453006e-001
 2.3500980e-001
 2.3549055e-001
 2.3597354e-001
 2.3646073e-001
 2.3695460e-001
 2.3745793e-001
 2.3797277e-001
 2.3850028e-001
 2.3903993e-001
 2.3958950e-001
 2.4014546e-001
 2.4070306e-001
 2.4125755e-001
 2.4180454e-001
 2.4234091e-001
 2.4286553e-001
 2.4337901e-001
 2.4388373e-001
 2.4438354e-001
 2.4488261e-001
 2.4538510e-001
 2.4589409e-001
 2.4641129e-001
 2.4693713e-001
 2.4747054e-001
 2.4801001e-001
 2.4855377e-001
 2.4910057e-001
 2.4965025e-001
 2.5020343e-001
 2.5076172e-001
 2.5132680e-001
 2.5190011e-001
 2.5248250e-001
 2.5307360e-001
 2.5367218e-001
 2.5427610e-001
 2.5488275e-001
 2.5548977e-001
 2.5609505e-001
 2.5669739e-001
 2.5729614e-001
 2.5789124e-001
 2.5848329e-001
 2.5907287e-001
 2.5966033e-001
 2.6024607e-001
 2.6082978e-001
 2.6141116e-001
 2.6198944e-001
 2.6256394e-001
 2.6313418e-001
 2.6369983e-001
 2.6426125e-001
 2.6481906e-001
 2.6537427e-001
 2.6592845e-001
 2.6648277e-001
 2.6703849e-001
 2.6759613e-001
 2.6815549e-001
 2.6871568e-001
 2.6927495e-001
 2.6983136e-001
 2.7038273e-001
 2.7092737e-001
 2.7146468e-001
 2.7199498e-001
 2.7251983e-001
 2.7304190e-001
 2.7356407e-001
 2.7408928e-001
 2.7461949e-001
 2.7515551e-001
 2.7569681e-001
 2.7624121e-001
 2.7678579e-001
 2.7732688e-001
 2.7786097e-001
 2.7838540e-001
 2.7889839e-001
 2.7939972e-001
 2.7989033e-001
 2.8037232e-001
 2.8084865e-001
 2.8132221e-001
 2.8179586e-001
 2.8227141e-001
 2.8274950e-001
 2.8322941e-001
 2.8370884e-001
 2.8418440e-001
 2.8465191e-001
 2.8510705e-001
 2.8554630e-001
 2.8596747e-001
 2.8637031e-001
 2.8675693e-001
 2.8713158e-001
 2.8750038e-001
 2.8787053e-001
 2.8824937e-001
 2.8864372e-001
 2.8905877e-001
 2.8949800e-001
 2.8996244e-001
 2.9045099e-001
 2.9096076e-001
 2.9148692e-001
 2.9202357e-001
 2.9256362e-001
 2.9309946e-001
 2.9362354e-001
 2.9412851e-001
 2.9460841e-001
 2.9505888e-001
 2.9547781e-001
 2.9586607e-001
 2.9622689e-001
 2.9656580e-001
 2.9688996e-001
 2.9720685e-001
 2.9752359e-001
 2.9784587e-001
 2.9817742e-001
 2.9852003e-001
 2.9887339e-001
 2.9923588e-001
 2.9960477e-001
 2.9997703e-001
 3.0034977e-001
 3.0072051e-001
 3.0108750e-001
 3.0144954e-001
 3.0180615e-001
 3.0215761e-001
 3.0250451e-001
 3.0284777e-001
 3.0318835e-001
 3.0352694e-001
 3.0386373e-001
 3.0419800e-001
 3.0452806e-001
 3.0485135e-001
 3.0516434e-001
 3.0546322e-001
 3.0574414e-001
 3.0600387e-001
 3.0624050e-001
 3.0645365e-001
 3.0664480e-001
 3.0681726e-001
 3.0697590e-001
 3.0712676e-001
 3.0727616e-001
 3.0743027e-001
 3.0759436e-001
 3.0777213e-001
 3.0796564e-001
 3.0817494e-001
 3.0839860e-001
 3.0863377e-001
 3.0887678e-001
 3.0912384e-001
 3.0937132e-001
 3.0961630e-001
 3.0985668e-001
 3.1009132e-001
 3.1032005e-001
 3.1054318e-001
 3.1076145e-001
 3.1097570e-001
 3.1118643e-001
 3.1139386e-001
 3.1159744e-001
 3.1179613e-001
 3.1198847e-001
 3.1217265e-001
 3.1234691e-001
 3.1250969e-001
 3.1266010e-001
 3.1279796e-001
 3.1292403e-001
 3.1303993e-001
 3.1314805e-001
 3.1325135e-001
 3.1335297e-001
 3.1345597e-001
 3.1356305e-001
 3.1367615e-001
 3.1379643e-001
 3.1392410e-001
 3.1405851e-001
 3.1419823e-001
 3.1434128e-001
 3.1448528e-001
 3.1462792e-001
 3.1476709e-001
 3.1490129e-001
 3.1502995e-001
 3.1515324e-001
 3.1527248e-001
 3.1538957e-001
 3.1550688e-001
 3.1562656e-001
 3.1575015e-001
 3.1587809e-001
 3.1600937e-001
 3.1614178e-001
 3.1627208e-001
 3.1639668e-001
 3.1651232e-001
 3.1661680e-001
 3.1670946e-001
 3.1679145e-001
 3.1686544e-001
 3.1693551e-001
 3.1700605e-001
 3.1708148e-001
 3.1716526e-001
 3.1725955e-001
 3.1736487e-001
 3.1748030e-001
 3.1760332e-001
 3.1773061e-001
 3.1785819e-001
 3.1798208e-001
 3.1809872e-001
 3.1820533e-001
 3.1830004e-001
 3.1838205e-001
 3.1845167e-001
 3.1850997e-001
 3.1855872e-001
 3.1860003e-001
 3.1863606e-001
 3.1866884e-001
 3.1869999e-001
 3.1873068e-001
 3.1876156e-001
 3.1879285e-001
 3.1882429e-001
 3.1885532e-001
 3.1888512e-001
 3.1891263e-001
 3.1893662e-001
 3.1895584e-001
 3.1896895e-001
 3.1897497e-001
 3.1897324e-001
 3.1896374e-001
 3.1894729e-001
 3.1892547e-001
 3.1890064e-001
 3.1887558e-001
 3.1885308e-001
 3.1883556e-001
 3.1882477e-001
 3.1882149e-001
 3.1882560e-001
 3.1883630e-001
 3.1885225e-001
 3.1887206e-001
 3.1889457e-001
 3.1891876e-001
 3.1894398e-001
 3.1896952e-001
 3.1899455e-001
 3.1901786e-001
 3.1903777e-001
 3.1905225e-001
 3.1905913e-001
 3.1905654e-001
 3.1904331e-001
 3.1901935e-001
 3.1898570e-001
 3.1894478e-001
 3.1889981e-001
 3.1885448e-001
 3.1881237e-001
 3.1877628e-001
 3.1874785e-001
 3.1872734e-001
 3.1871405e-001
 3.1870657e-001
 3.1870377e-001
 3.1870514e-001
 3.1871149e-001
 3.1872484e-001
 3.1874803e-001
 3.1878385e-001
 3.1883416e-001
 3.1889877e-001
 3.1897521e-001
 3.1905836e-001
 3.1914103e-001
 3.1921479e-001
 3.1927100e-001
 3.1930158e-001
 3.1929976e-001
 3.1926018e-001
 3.1917840e-001
 3.1905022e-001
 3.1887010e-001
 3.1862944e-001
 3.1831443e-001
 3.1790316e-001
 3.1736350e-001
 3.1665096e-001
 3.1570882e-001
 3.1447071e-001
 3.1286627e-001
 3.1083268e-001
 3.0832690e-001
 3.0534250e-001
 3.0192345e-001
 2.9817152e-001
 2.9424968e-001
 2.9037133e-001
 2.8677872e-001
 2.8371835e-001
 2.8140602e-001
 2.8000057e-001
 2.7958071e-001
 2.8013578e-001
 2.8156912e-001
 2.8371441e-001
 2.8635901e-001
 2.8927246e-001
 2.9223549e-001
 2.9505983e-001
 2.9760590e-001
 2.9978684e-001
 3.0156800e-001
 3.0295953e-001
 3.0400315e-001
 3.0476010e-001
 3.0529746e-001
 3.0567837e-001
 3.0595478e-001
 3.0616373e-001
 3.0632725e-001
 3.0645403e-001
 3.0654299e-001
 3.0658686e-001
 3.0657575e-001
 3.0649972e-001
 3.0635062e-001
 3.0612317e-001
 3.0581528e-001
 3.0542842e-001
 3.0496746e-001
 3.0444059e-001
 3.0385965e-001
 3.0323958e-001
 3.0259860e-001
 3.0195758e-001
 3.0133882e-001
 3.0076575e-001
 3.0026063e-001
 2.9984394e-001
 2.9953232e-001
 2.9933769e-001
 2.9926634e-001
 2.9931864e-001
 2.9948929e-001
 2.9976791e-001
 3.0014035e-001
 3.0058974e-001
 3.0109787e-001
 3.0164662e-001
 3.0221850e-001
 3.0279765e-001
 3.0336976e-001
 3.0392230e-001
 3.0444446e-001
 3.0492669e-001
 3.0536106e-001
 3.0574107e-001
 3.0606207e-001
 3.0632177e-001
 3.0652022e-001
 3.0666023e-001
 3.0674669e-001
 3.0678606e-001
 3.0678535e-001
 3.0675101e-001
 3.0668792e-001
 3.0659893e-001
 3.0648461e-001
 3.0634356e-001
 3.0617312e-001
 3.0596998e-001
 3.0573082e-001
 3.0545282e-001
 3.0513361e-001
 3.0477169e-001
 3.0436641e-001
 3.0391842e-001
 3.0343044e-001
 3.0290782e-001
 3.0235952e-001
 3.0179811e-001
 3.0123919e-001
 3.0070055e-001
 3.0019978e-001
 2.9975268e-001
 2.9937091e-001
 2.9906055e-001
 2.9882202e-001
 2.9865038e-001
 2.9853699e-001
 2.9847151e-001
 2.9844406e-001
 2.9844713e-001
 2.9847679e-001
 2.9853335e-001
 2.9862103e-001
 2.9874742e-001
 2.9892218e-001
 2.9915574e-001
 2.9945794e-001
 2.9983658e-001
 3.0029652e-001
 3.0083838e-001
 3.0145821e-001
 3.0214739e-001
 3.0289242e-001
 3.0367655e-001
 3.0448022e-001
 3.0528307e-001
 3.0606580e-001
 3.0681115e-001
 3.0750600e-001
 3.0814123e-001
 3.0871254e-001
 3.0922025e-001
 3.0966815e-001
 3.1006336e-001
 3.1041485e-001
 3.1073272e-001
 3.1102759e-001
 3.1130949e-001
 3.1158736e-001
 3.1186855e-001
 3.1215790e-001
 3.1245756e-001
 3.1276643e-001
 3.1308040e-001
 3.1339309e-001
 3.1369665e-001
 3.1398299e-001
 3.1424448e-001
 3.1447440e-001
 3.1466773e-001
 3.1482163e-001
 3.1493607e-001
 3.1501383e-001
 3.1506038e-001
 3.1508324e-001
 3.1509092e-001
 3.1509215e-001
 3.1509447e-001
 3.1510380e-001
 3.1512341e-001
 3.1515422e-001
 3.1519493e-001
 3.1524274e-001
 3.1529403e-001
 3.1534499e-001
 3.1539237e-001
 3.1543389e-001
 3.1546891e-001
 3.1549859e-001
 3.1552595e-001
 3.1555572e-001
 3.1559351e-001
 3.1564510e-001
 3.1571525e-001
 3.1580675e-001
 3.1591934e-001
 3.1604946e-001
 3.1619039e-001
 3.1633306e-001
 3.1646734e-001
 3.1658328e-001
 3.1667215e-001
 3.1672746e-001
 3.1674519e-001
 3.1672454e-001
 3.1666782e-001
 3.1658044e-001
 3.1647006e-001
 3.1634575e-001
 3.1621709e-001
 3.1609291e-001
 3.1598079e-001
 3.1588647e-001
 3.1581348e-001
 3.1576335e-001
 3.1573537e-001
 3.1572723e-001
 3.1573525e-001
 3.1575495e-001
 3.1578130e-001
 3.1580919e-001
 3.1583369e-001
 3.1585020e-001
 3.1585488e-001
 3.1584468e-001
 3.1581771e-001
 3.1577337e-001
 3.1571251e-001
 3.1563747e-001
 3.1555200e-001
 3.1546089e-001
 3.1536970e-001
 3.1528401e-001
 3.1520900e-001
 3.1514877e-001
 3.1510600e-001
 3.1508160e-001
 3.1507468e-001
 3.1508279e-001
 3.1510216e-001
 3.1512833e-001
 3.1515640e-001
 3.1518179e-001
 3.1520045e-001
 3.1520915e-001
 3.1520566e-001
 3.1518868e-001
 3.1515792e-001
 3.1511387e-001
 3.1505778e-001
 3.1499141e-001
 3.1491700e-001
 3.1483716e-001
 3.1475466e-001
 3.1467238e-001
 3.1459320e-001
 3.1451982e-001
 3.1445464e-001
 3.1439963e-001
 3.1435606e-001
 3.1432450e-001
 3.1430441e-001
 3.1429428e-001
 3.1429139e-001
 3.1429213e-001
 3.1429204e-001
 3.1428629e-001
 3.1427017e-001
 3.1423950e-001
 3.1419134e-001
 3.1412420e-001
 3.1403831e-001
 3.1393561e-001
 3.1381956e-001
 3.1369472e-001
 3.1356621e-001
 3.1343922e-001
 3.1331849e-001
 3.1320798e-001
 3.1311047e-001
 3.1302762e-001
 3.1295985e-001
 3.1290647e-001
 3.1286591e-001
 3.1283578e-001
 3.1281319e-001
 3.1279477e-001
 3.1277713e-001
 3.1275687e-001
 3.1273076e-001
 3.1269604e-001
 3.1265050e-001
 3.1259266e-001
 3.1252179e-001
 3.1243813e-001
 3.1234291e-001
 3.1223837e-001
 3.1212762e-001
 3.1201467e-001
 3.1190410e-001
 3.1180048e-001
 3.1170803e-001
 3.1163013e-001
 3.1156868e-001
 3.1152391e-001
 3.1149408e-001
 3.1147546e-001
 3.1146252e-001
 3.1144807e-001
 3.1142399e-001
 3.1138200e-001
 3.1131470e-001
 3.1121647e-001
 3.1108439e-001
 3.1091872e-001
 3.1072289e-001
 3.1050333e-001
 3.1026846e-001
 3.1002811e-001
 3.0979213e-001
 3.0956990e-001
 3.0936924e-001
 3.0919626e-001
 3.0905515e-001
 3.0894816e-001
 3.0887583e-001
 3.0883688e-001
 3.0882832e-001
 3.0884573e-001
 3.0888340e-001
 3.0893448e-001
 3.0899152e-001
 3.0904695e-001
 3.0909389e-001
 3.0912653e-001
 3.0914098e-001
 3.0913544e-001
 3.0911031e-001
 3.0906808e-001
 3.0901265e-001
 3.0894861e-001
 3.0888051e-001
 3.0881178e-001
 3.0874419e-001
 3.0867738e-001
 3.0860853e-001
 3.0853280e-001
 3.0844364e-001
 3.0833378e-001
 3.0819604e-001
 3.0802420e-001
 3.0781400e-001
 3.0756348e-001
 3.0727336e-001
 3.0694699e-001
 3.0658972e-001
 3.0620852e-001
 3.0581120e-001
 3.0540544e-001
 3.0499852e-001
 3.0459645e-001
 3.0420402e-001
 3.0382454e-001
 3.0345982e-001
 3.0311072e-001
 3.0277690e-001
 3.0245754e-001
 3.0215126e-001
 3.0185631e-001
 3.0157086e-001
 3.0129287e-001
 3.0102026e-001
 3.0075100e-001
 3.0048284e-001
 3.0021375e-001
 2.9994154e-001
 2.9966420e-001
 2.9937974e-001
 2.9908630e-001
 2.9878235e-001
 2.9846656e-001
 2.9813826e-001
 2.9779732e-001
 2.9744431e-001
 2.9708061e-001
 2.9670849e-001
 2.9633069e-001
 2.9595074e-001
 2.9557216e-001
 2.9519865e-001
 2.9483366e-001
 2.9447991e-001
 2.9413959e-001
 2.9381391e-001
 2.9350331e-001
 2.9320735e-001
 2.9292467e-001
 2.9265332e-001
 2.9239058e-001
 2.9213327e-001
 2.9187778e-001
 2.9162014e-001
 2.9135668e-001
 2.9108408e-001
 2.9080018e-001
 2.9050452e-001
 2.9019880e-001
 2.8988770e-001
 2.8957886e-001
 2.8928292e-001
 2.8901321e-001
 2.8878462e-001
 2.8861284e-001
 2.8851286e-001
 2.8849778e-001
 2.8857768e-001
 2.8875911e-001
 2.8904435e-001
 2.8943148e-001
 2.8991461e-001
 2.9048419e-001
 2.9112798e-001
 2.9183143e-001
 2.9257834e-001
 2.9335174e-001
 2.9413408e-001
 2.9490867e-001
 2.9565969e-001
 2.9637274e-001
 2.9703578e-001
 2.9763889e-001
 2.9817513e-001
 2.9863980e-001
 2.9903063e-001
 2.9934835e-001
 2.9959646e-001
 2.9978088e-001
 2.9990977e-001
 2.9999235e-001
 3.0003858e-001
 3.0005789e-001
 3.0005890e-001
 3.0004868e-001
 3.0003282e-001
 3.0001208e-001
 2.9999408e-001
 2.9998052e-001
 2.9997304e-001
 2.9997250e-001
 2.9997873e-001
 2.9999036e-001
 3.0000490e-001
 3.0001903e-001
 3.0002907e-001
 3.0003124e-001
 3.0002183e-001
 2.9999754e-001
 2.9995570e-001
 2.9989481e-001
 2.9981467e-001
 2.9971641e-001
 2.9960263e-001
 2.9947668e-001
 2.9934269e-001
 2.9920506e-001
 2.9906818e-001
 2.9893634e-001
 2.9881337e-001
 2.9870245e-001
 2.9860571e-001
 2.9852417e-001
 2.9845789e-001
 2.9840609e-001
 2.9836759e-001
 2.9834098e-001
 2.9832482e-001
 2.9831761e-001
 2.9831791e-001
 2.9832429e-001
 2.9833546e-001
 2.9835019e-001
 2.9836726e-001
 2.9838565e-001
 2.9840425e-001
 2.9842201e-001
 2.9843783e-001
 2.9845059e-001
 2.9845902e-001
 2.9846162e-001
 2.9845664e-001
 2.9844198e-001
 2.9841527e-001
 2.9837394e-001
 2.9831529e-001
 2.9823658e-001
 2.9813519e-001
 2.9800874e-001
 2.9785556e-001
 2.9767475e-001
 2.9746696e-001
 2.9723421e-001
 2.9697984e-001
 2.9670826e-001
 2.9642433e-001
 2.9613331e-001
 2.9584023e-001
 2.9554990e-001
 2.9526630e-001
 2.9499203e-001
 2.9472786e-001
 2.9447266e-001
 2.9422325e-001
 2.9397532e-001
 2.9372358e-001
 2.9346251e-001
 2.9318646e-001
 2.9288989e-001
 2.9256773e-001
 2.9221553e-001
 2.9182982e-001
 2.9140830e-001
 2.9094931e-001
 2.9045218e-001
 2.8991646e-001
 2.8934202e-001
 2.8872892e-001
 2.8807706e-001
 2.8738686e-001
 2.8665873e-001
 2.8589371e-001
 2.8509325e-001
 2.8425899e-001
 2.8339311e-001
 2.8249797e-001
 2.8157577e-001
 2.8062916e-001
 2.7966064e-001
 2.7867338e-001
 2.7767119e-001
 2.7665827e-001
 2.7564040e-001
 2.7462357e-001
 2.7361482e-001
 2.7262154e-001
 2.7165088e-001
 2.7071044e-001
 2.6980704e-001
 2.6894724e-001
 2.6813650e-001
 2.6737863e-001
 2.6667610e-001
 2.6602969e-001
 2.6543939e-001
 2.6490444e-001
 2.6442367e-001
 2.6399583e-001
 2.6361936e-001
 2.6329240e-001
 2.6301250e-001
 2.6277632e-001
 2.6257974e-001
 2.6241782e-001
 2.6228496e-001
 2.6217529e-001
 2.6208279e-001
 2.6200148e-001
 2.6192579e-001
 2.6185077e-001
 2.6177275e-001
 2.6168960e-001
 2.6160109e-001
 2.6150852e-001
 2.6141441e-001
 2.6132202e-001
 2.6123488e-001
 2.6115659e-001
 2.6109043e-001
 2.6103908e-001
 2.6100409e-001
 2.6098561e-001
 2.6098219e-001
 2.6099086e-001
 2.6100767e-001
 2.6102793e-001
 2.6104677e-001
 2.6105937e-001
 2.6106128e-001
 2.6104900e-001
 2.6102051e-001
 2.6097587e-001
 2.6091748e-001
 2.6084971e-001
 2.6077858e-001
 2.6071090e-001
 2.6065388e-001
 2.6061472e-001
 2.6060021e-001
 2.6061594e-001
 2.6066580e-001
 2.6075125e-001
 2.6087105e-001
 2.6102147e-001
 2.6119706e-001
 2.6139128e-001
 2.6159713e-001
 2.6180750e-001
 2.6201570e-001
 2.6221573e-001
 2.6240304e-001
 2.6257482e-001
 2.6273039e-001
 2.6287079e-001
 2.6299846e-001
 2.6311666e-001
 2.6322901e-001
 2.6333913e-001
 2.6345038e-001
 2.6356554e-001
 2.6368627e-001
 2.6381287e-001
 2.6394397e-001
 2.6407686e-001
 2.6420763e-001
 2.6433194e-001
 2.6444501e-001
 2.6454216e-001
 2.6461902e-001
 2.6467192e-001
 2.6469842e-001
 2.6469773e-001
 2.6467082e-001
 2.6462039e-001
 2.6455030e-001
 2.6446512e-001
 2.6436982e-001
 2.6426926e-001
 2.6416817e-001
 2.6407066e-001
 2.6397985e-001
 2.6389757e-001
 2.6382416e-001
 2.6375857e-001
 2.6369888e-001
 2.6364246e-001
 2.6358652e-001
 2.6352823e-001
 2.6346487e-001
 2.6339424e-001
 2.6331484e-001
 2.6322624e-001
 2.6312909e-001
 2.6302505e-001
 2.6291656e-001
 2.6280653e-001
 2.6269802e-001
 2.6259422e-001
 2.6249829e-001
 2.6241326e-001
 2.6234204e-001
 2.6228732e-001
 2.6225159e-001
 2.6223701e-001
 2.6224568e-001
 2.6227954e-001
 2.6234046e-001
 2.6243004e-001
 2.6254925e-001
 2.6269811e-001
 2.6287472e-001
 2.6307464e-001
 2.6329073e-001
 2.6351345e-001
 2.6373118e-001
 2.6393148e-001
 2.6410139e-001
 2.6422814e-001
 2.6429987e-001
 2.6430684e-001
 2.6424265e-001
 2.6410559e-001
 2.6389897e-001
 2.6363078e-001
 2.6331252e-001
 2.6295760e-001
 2.6258031e-001
 2.6219499e-001
 2.6181552e-001
 2.6145381e-001
 2.6111886e-001
 2.6081619e-001
 2.6054665e-001
 2.6030728e-001
 2.6009244e-001
 2.5989464e-001
 2.5970560e-001
 2.5951707e-001
 2.5932124e-001
 2.5911155e-001
 2.5888351e-001
 2.5863564e-001
 2.5836948e-001
 2.5808948e-001
 2.5780228e-001
 2.5751570e-001
 2.5723803e-001
 2.5697771e-001
 2.5674245e-001
 2.5653863e-001
 2.5637034e-001
 2.5623867e-001
 2.5614113e-001
 2.5607216e-001
 2.5602400e-001
 2.5598744e-001
 2.5595275e-001
 2.5591013e-001
 2.5585040e-001
 2.5576577e-001
 2.5565055e-001
 2.5550237e-001
 2.5532204e-001
 2.5511351e-001
 2.5488308e-001
 2.5463828e-001
 2.5438723e-001
 2.5413826e-001
 2.5389901e-001
 2.5367600e-001
 2.5347394e-001
 2.5329471e-001
 2.5313738e-001
 2.5299826e-001
 2.5287187e-001
 2.5275141e-001
 2.5262958e-001
 2.5249913e-001
 2.5235301e-001
 2.5218496e-001
 2.5199029e-001
 2.5176597e-001
 2.5151110e-001
 2.5122657e-001
 2.5091487e-001
 2.5057909e-001
 2.5022262e-001
 2.4984917e-001
 2.4946180e-001
 2.4906278e-001
 2.4865329e-001
 2.4823244e-001
 2.4779722e-001
 2.4734318e-001
 2.4686413e-001
 2.4635324e-001
 2.4580318e-001
 2.4520710e-001
 2.4455826e-001
 2.4385096e-001
 2.4308188e-001
 2.4224971e-001
 2.4135587e-001
 2.4040493e-001
 2.3940273e-001
 2.3835638e-001
 2.3727329e-001
 2.3616184e-001
 2.3502967e-001
 2.3388425e-001
 2.3273370e-001
 2.3158501e-001
 2.3044486e-001
 2.2932045e-001
 2.2821797e-001
 2.2714344e-001
 2.2610348e-001
 2.2510365e-001
 2.2414896e-001
 2.2324269e-001
 2.2238614e-001
 2.2157651e-001
 2.2080716e-001
 2.2006850e-001
 2.1934780e-001
 2.1863082e-001
 2.1790306e-001
 2.1714927e-001
 2.1635434e-001
 2.1550313e-001
 2.1458137e-001
 2.1357471e-001
 2.1246910e-001
 2.1125175e-001
 2.0990947e-001
 2.0842916e-001
 2.0679936e-001
 2.0500879e-001
 2.0304906e-001
 2.0091940e-001
 1.9862792e-001
 1.9619708e-001
 1.9366413e-001
 1.9108209e-001
 1.8851238e-001
 1.8602251e-001
 1.8368417e-001
 1.8156694e-001
 1.7973687e-001
 1.7825314e-001
 1.7715983e-001
 1.7648280e-001
 1.7622724e-001
 1.7637983e-001
 1.7691325e-001
 1.7779221e-001
 1.7897679e-001
 1.8042609e-001
 1.8209927e-001
 1.8395472e-001
 1.8595295e-001
 1.8805599e-001
 1.9022585e-001
 1.9242741e-001
 1.9462605e-001
 1.9678837e-001
 1.9888005e-001
 2.0086937e-001
 2.0272702e-001
 2.0442727e-001
 2.0595391e-001
 2.0730165e-001
 2.0847653e-001
 2.0949665e-001
 2.1038790e-001
 2.1118116e-001
 2.1190889e-001
 2.1260409e-001
 2.1329756e-001
 2.1401466e-001
 2.1477295e-001
 2.1557863e-001
 2.1642484e-001
 2.1729392e-001
 2.1815974e-001
 2.1899138e-001
 2.1975531e-001
 2.2041875e-001
 2.2095142e-001
 2.2132865e-001
 2.2153600e-001
 2.2157243e-001
 2.2145177e-001
 2.2120142e-001
 2.2085856e-001
 2.2046649e-001
 2.2007094e-001
 2.1971780e-001
 2.1945068e-001
 2.1930817e-001
 2.1931985e-001
 2.1950346e-001
 2.1986334e-001
 2.2039194e-001
 2.2107311e-001
 2.2188482e-001
 2.2280303e-001
 2.2380282e-001
 2.2485988e-001
 2.2595052e-001
 2.2705427e-001
 2.2815394e-001
 2.2923528e-001
 2.3028810e-001
 2.3130468e-001
 2.3227802e-001
 2.3320273e-001
 2.3407373e-001
 2.3488596e-001
 2.3563594e-001
 2.3632152e-001
 2.3694287e-001
 2.3750202e-001
 2.3800360e-001
 2.3845372e-001
 2.3885913e-001
 2.3922729e-001
 2.3956558e-001
 2.3988070e-001
 2.4017850e-001
 2.4046294e-001
 2.4073564e-001
 2.4099527e-001
 2.4123828e-001
 2.4145931e-001
 2.4165174e-001
 2.4180873e-001
 2.4192338e-001
 2.4198934e-001
 2.4200161e-001
 2.4195731e-001
 2.4185658e-001
 2.4170274e-001
 2.4150214e-001
 2.4126317e-001
 2.4099571e-001
 2.4071002e-001
 2.4041630e-001
 2.4012429e-001
 2.3984201e-001
 2.3957494e-001
 2.3932533e-001
 2.3909141e-001
 2.3886803e-001
 2.3864745e-001
 2.3842056e-001
 2.3817749e-001
 2.3790826e-001
 2.3760362e-001
 2.3725547e-001
 2.3685783e-001
 2.3640795e-001
 2.3590612e-001
 2.3535553e-001
 2.3476194e-001
 2.3413205e-001
 2.3347332e-001
 2.3279312e-001
 2.3209924e-001
 2.3139840e-001
 2.3069651e-001
 2.2999878e-001
 2.2930861e-001
 2.2862823e-001
 2.2795950e-001
 2.2730325e-001
 2.2666012e-001
 2.2603031e-001
 2.2541393e-001
 2.2480956e-001
 2.2421400e-001
 2.2362216e-001
 2.2302583e-001
 2.2241442e-001
 2.2177604e-001
 2.2109738e-001
 2.2036473e-001
 2.1956529e-001
 2.1868706e-001
 2.1772113e-001
 2.1666312e-001
 2.1551597e-001
 2.1428904e-001
 2.1299818e-001
 2.1166499e-001
 2.1031301e-001
 2.0896707e-001
 2.0765328e-001
 2.0639619e-001
 2.0521927e-001
 2.0414324e-001
 2.0318624e-001
 2.0236187e-001
 2.0168047e-001
 2.0115040e-001
 2.0077795e-001
 2.0056859e-001
 2.0052704e-001
 2.0065622e-001
 2.0095596e-001
 2.0142096e-001
 2.0203860e-001
 2.0278871e-001
 2.0364417e-001
 2.0457208e-001
 2.0553708e-001
 2.0650256e-001
 2.0743145e-001
 2.0828943e-001
 2.0904648e-001
 2.0967954e-001
 2.1017617e-001
 2.1053495e-001
 2.1076457e-001
 2.1088104e-001
 2.1090491e-001
 2.1085869e-001
 2.1076538e-001
 2.1064723e-001
 2.1052438e-001
 2.1041365e-001
 2.1032700e-001
 2.1027128e-001
 2.1024859e-001
 2.1025753e-001
 2.1029454e-001
 2.1035510e-001
 2.1043421e-001
 2.1052694e-001
 2.1062866e-001
 2.1073516e-001
 2.1084298e-001
 2.1094950e-001
 2.1105270e-001
 2.1115115e-001
 2.1124370e-001
 2.1132930e-001
 2.1140675e-001
 2.1147457e-001
 2.1153049e-001
 2.1157110e-001
 2.1159147e-001
 2.1158491e-001
 2.1154311e-001
 2.1145661e-001
 2.1131511e-001
 2.1110806e-001
 2.1082509e-001
 2.1045588e-001
 2.0999046e-001
 2.0941967e-001
 2.0876248e-001
 2.0814164e-001
 2.0721895e-001
 2.0621182e-001
 2.0513745e-001
 2.0401324e-001
 2.0285635e-001
 2.0168471e-001
 2.0051551e-001
 1.9936612e-001
 1.9825397e-001
 1.9719496e-001
 1.9619390e-001
 1.9524832e-001
 1.9435604e-001
 1.9351459e-001
 1.9272214e-001
 1.9197625e-001
 1.9127464e-001
 1.9061501e-001
 1.8999536e-001
 1.8941331e-001
 1.8886663e-001
 1.8835296e-001
 1.8787031e-001
 1.8741627e-001
 1.8698816e-001
 1.8658312e-001
 1.8619817e-001
 1.8583061e-001
 1.8547748e-001
 1.8513587e-001
 1.8480283e-001
 1.8447566e-001
 1.8415138e-001
 1.8382710e-001
 1.8349990e-001
 1.8316700e-001
 1.8282546e-001
 1.8247242e-001
 1.8210499e-001
 1.8172018e-001
 1.8131530e-001
 1.8088776e-001
 1.8043807e-001
 1.7996833e-001
 1.7948096e-001
 1.7897803e-001
 1.7846176e-001
 1.7793423e-001
 1.7739788e-001
 1.7685479e-001
 1.7630714e-001
 1.7575715e-001
 1.7520687e-001
 1.7465879e-001
 1.7411497e-001
 1.7357759e-001
 1.7304875e-001
 1.7253086e-001
 1.7202604e-001
 1.7153648e-001
 1.7106424e-001
 1.7061177e-001
 1.7018116e-001
 1.6977431e-001
 1.6939078e-001
 1.6902924e-001
 1.6868801e-001
 1.6836555e-001
 1.6806035e-001
 1.6777073e-001
 1.6749533e-001
 1.6723248e-001
 1.6698070e-001
 1.6673832e-001
 1.6650395e-001
 1.6627596e-001
 1.6605280e-001
 1.6583289e-001
 1.6561477e-001
 1.6539684e-001
 1.6517755e-001
 1.6495536e-001
 1.6472866e-001
 1.6449600e-001
 1.6425581e-001
 1.6400649e-001
 1.6374648e-001
 1.6347432e-001
 1.6318841e-001
 1.6288741e-001
 1.6257145e-001
 1.6224171e-001
 1.6189912e-001
 1.6154470e-001
 1.6117950e-001
 1.6080441e-001
 1.6042064e-001
 1.6002913e-001
 1.5963088e-001
 1.5922685e-001
 1.5881820e-001
 1.5840590e-001
 1.5799095e-001
 1.5757424e-001
 1.5715703e-001
 1.5674025e-001
 1.5632485e-001
 1.5591183e-001
 1.5550236e-001
 1.5509738e-001
 1.5469788e-001
 1.5430492e-001
 1.5391938e-001
 1.5354250e-001
 1.5317522e-001
 1.5281849e-001
 1.5247333e-001
 1.5214089e-001
 1.5182208e-001
 1.5151788e-001
 1.5122850e-001
 1.5095417e-001
 1.5069482e-001
