s07_ASD Record=13819: Muscov+Jaros CU93-314 coatng  BECKb AREF
 1.7713642e-001
 1.7792036e-001
 1.7870346e-001
 1.7948554e-001
 1.8026808e-001
 1.8105401e-001
 1.8184808e-001
 1.8265657e-001
 1.8348670e-001
 1.8434481e-001
 1.8523510e-001
 1.8615839e-001
 1.8711260e-001
 1.8809263e-001
 1.8909052e-001
 1.9009720e-001
 1.9110496e-001
 1.9210945e-001
 1.9310972e-001
 1.9410776e-001
 1.9510722e-001
 1.9611169e-001
 1.9712347e-001
 1.9814259e-001
 1.9916724e-001
 2.0019448e-001
 2.0122220e-001
 2.0225158e-001
 2.0328784e-001
 2.0433903e-001
 2.0541322e-001
 2.0651707e-001
 2.0765583e-001
 2.0883551e-001
 2.1006271e-001
 2.1134296e-001
 2.1268071e-001
 2.1407832e-001
 2.1553473e-001
 2.1704465e-001
 2.1860071e-001
 2.2019608e-001
 2.2182666e-001
 2.2349177e-001
 2.2519274e-001
 2.2693166e-001
 2.2871001e-001
 2.3052904e-001
 2.3238935e-001
 2.3429053e-001
 2.3622936e-001
 2.3819813e-001
 2.4018453e-001
 2.4217235e-001
 2.4414401e-001
 2.4608131e-001
 2.4796678e-001
 2.4978694e-001
 2.5153092e-001
 2.5317654e-001
 2.5470415e-001
 2.5613147e-001
 2.5746492e-001
 2.5869393e-001
 2.5979719e-001
 2.6077086e-001
 2.6162165e-001
 2.6235467e-001
 2.6296857e-001
 2.6345900e-001
 2.6381949e-001
 2.6404402e-001
 2.6412833e-001
 2.6407081e-001
 2.6387209e-001
 2.6353520e-001
 2.6306674e-001
 2.6247972e-001
 2.6179788e-001
 2.6105940e-001
 2.6031706e-001
 2.5963423e-001
 2.5907728e-001
 2.5870726e-001
 2.5857243e-001
 2.5870407e-001
 2.5911444e-001
 2.5979728e-001
 2.6073080e-001
 2.6188329e-001
 2.6321962e-001
 2.6470682e-001
 2.6631606e-001
 2.6802155e-001
 2.6979864e-001
 2.7162415e-001
 2.7348080e-001
 2.7536175e-001
 2.7727130e-001
 2.7921769e-001
 2.8120419e-001
 2.8322276e-001
 2.8525475e-001
 2.8727621e-001
 2.8926343e-001
 2.9119939e-001
 2.9307523e-001
 2.9488814e-001
 2.9663724e-001
 2.9832113e-001
 2.9993725e-001
 3.0148134e-001
 3.0294740e-001
 3.0432934e-001
 3.0562633e-001
 3.0684844e-001
 3.0801737e-001
 3.0916056e-001
 3.1030107e-001
 3.1144929e-001
 3.1259963e-001
 3.1373438e-001
 3.1483507e-001
 3.1589621e-001
 3.1693235e-001
 3.1796947e-001
 3.1902564e-001
 3.2009709e-001
 3.2116362e-001
 3.2220879e-001
 3.2323423e-001
 3.2425359e-001
 3.2527465e-001
 3.2629353e-001
 3.2730758e-001
 3.2832798e-001
 3.2937086e-001
 3.3043882e-001
 3.3151960e-001
 3.3260736e-001
 3.3371806e-001
 3.3487573e-001
 3.3608297e-001
 3.3730906e-001
 3.3850995e-001
 3.3965966e-001
 3.4076476e-001
 3.4185541e-001
 3.4296614e-001
 3.4412333e-001
 3.4533882e-001
 3.4660646e-001
 3.4790277e-001
 3.4919763e-001
 3.5047144e-001
 3.5172811e-001
 3.5299146e-001
 3.5429087e-001
 3.5564709e-001
 3.5706505e-001
 3.5853034e-001
 3.6001047e-001
 3.6146763e-001
 3.6288103e-001
 3.6426437e-001
 3.6565763e-001
 3.6709684e-001
 3.6858925e-001
 3.7011650e-001
 3.7165710e-001
 3.7319776e-001
 3.7472597e-001
 3.7622330e-001
 3.7767661e-001
 3.7909794e-001
 3.8053140e-001
 3.8203463e-001
 3.8364235e-001
 3.8533962e-001
 3.8707015e-001
 3.8877848e-001
 3.9044553e-001
 3.9208445e-001
 3.9371467e-001
 3.9535213e-001
 3.9701971e-001
 3.9874491e-001
 4.0053949e-001
 4.0238425e-001
 4.0423438e-001
 4.0603349e-001
 4.0773043e-001
 4.0930441e-001
 4.1078290e-001
 4.1222513e-001
 4.1366854e-001
 4.1508776e-001
 4.1642085e-001
 4.1765156e-001
 4.1885048e-001
 4.2010596e-001
 4.2142189e-001
 4.2271301e-001
 4.2390406e-001
 4.2500830e-001
 4.2610440e-001
 4.2725924e-001
 4.2848518e-001
 4.2975873e-001
 4.3105018e-001
 4.3232319e-001
 4.3353665e-001
 4.3469062e-001
 4.3585992e-001
 4.3713689e-001
 4.3853372e-001
 4.3996915e-001
 4.4135311e-001
 4.4266126e-001
 4.4393045e-001
 4.4520795e-001
 4.4650772e-001
 4.4779983e-001
 4.4903782e-001
 4.5020902e-001
 4.5136204e-001
 4.5257458e-001
 4.5388812e-001
 4.5527154e-001
 4.5663720e-001
 4.5788267e-001
 4.5893595e-001
 4.5978943e-001
 4.6049556e-001
 4.6111524e-001
 4.6167314e-001
 4.6217671e-001
 4.6265736e-001
 4.6315426e-001
 4.6366256e-001
 4.6413270e-001
 4.6452132e-001
 4.6481955e-001
 4.6503878e-001
 4.6519902e-001
 4.6533599e-001
 4.6549600e-001
 4.6570495e-001
 4.6593702e-001
 4.6612510e-001
 4.6622288e-001
 4.6625814e-001
 4.6631542e-001
 4.6646410e-001
 4.6668896e-001
 4.6688768e-001
 4.6697137e-001
 4.6698073e-001
 4.6705845e-001
 4.6729040e-001
 4.6763569e-001
 4.6801236e-001
 4.6837407e-001
 4.6870646e-001
 4.6902764e-001
 4.6940398e-001
 4.6990582e-001
 4.7052303e-001
 4.7116956e-001
 4.7179013e-001
 4.7242641e-001
 4.7315595e-001
 4.7398344e-001
 4.7482637e-001
 4.7562188e-001
 4.7640061e-001
 4.7720104e-001
 4.7798032e-001
 4.7870159e-001
 4.7943607e-001
 4.8028633e-001
 4.8125258e-001
 4.8221752e-001
 4.8305902e-001
 4.8376197e-001
 4.8442525e-001
 4.8517942e-001
 4.8607963e-001
 4.8705599e-001
 4.8796868e-001
 4.8872882e-001
 4.8938137e-001
 4.9005106e-001
 4.9080426e-001
 4.9161875e-001
 4.9248427e-001
 4.9342483e-001
 4.9439216e-001
 4.9525604e-001
 4.9595883e-001
 4.9658996e-001
 4.9726802e-001
 4.9803141e-001
 4.9886769e-001
 4.9976125e-001
 5.0067294e-001
 5.0153649e-001
 5.0231785e-001
 5.0305152e-001
 5.0379992e-001
 5.0459832e-001
 5.0543791e-001
 5.0627095e-001
 5.0703317e-001
 5.0771046e-001
 5.0840008e-001
 5.0923371e-001
 5.1021719e-001
 5.1120460e-001
 5.1205218e-001
 5.1277983e-001
 5.1351082e-001
 5.1429945e-001
 5.1509565e-001
 5.1583964e-001
 5.1653409e-001
 5.1723361e-001
 5.1798218e-001
 5.1876765e-001
 5.1953882e-001
 5.2026498e-001
 5.2097648e-001
 5.2173835e-001
 5.2257872e-001
 5.2344114e-001
 5.2422065e-001
 5.2485985e-001
 5.2541280e-001
 5.2600610e-001
 5.2672672e-001
 5.2754426e-001
 5.2834117e-001
 5.2901584e-001
 5.2955663e-001
 5.3002775e-001
 5.3049886e-001
 5.3099269e-001
 5.3149021e-001
 5.3197014e-001
 5.3243709e-001
 5.3291696e-001
 5.3343284e-001
 5.3398198e-001
 5.3452533e-001
 5.3500211e-001
 5.3536075e-001
 5.3557175e-001
 5.3564066e-001
 5.3562719e-001
 5.3565407e-001
 5.3585792e-001
 5.3626573e-001
 5.3674030e-001
 5.3711194e-001
 5.3733146e-001
 5.3746921e-001
 5.3761631e-001
 5.3779751e-001
 5.3796273e-001
 5.3807282e-001
 5.3815150e-001
 5.3821248e-001
 5.3820580e-001
 5.3810865e-001
 5.3799701e-001
 5.3794867e-001
 5.3794259e-001
 5.3792238e-001
 5.3788823e-001
 5.3786612e-001
 5.3784257e-001
 5.3777504e-001
 5.3763610e-001
 5.3742307e-001
 5.3713828e-001
 5.3677070e-001
 5.3631651e-001
 5.3583813e-001
 5.3545475e-001
 5.3520632e-001
 5.3497118e-001
 5.3459179e-001
 5.3404689e-001
 5.3346914e-001
 5.3302228e-001
 5.3272623e-001
 5.3242636e-001
 5.3199708e-001
 5.3144920e-001
 5.3093207e-001
 5.3055769e-001
 5.3026837e-001
 5.2996171e-001
 5.2956986e-001
 5.2906084e-001
 5.2845860e-001
 5.2783334e-001
 5.2725226e-001
 5.2672279e-001
 5.2619117e-001
 5.2560443e-001
 5.2496833e-001
 5.2434468e-001
 5.2378130e-001
 5.2323276e-001
 5.2256626e-001
 5.2167612e-001
 5.2061659e-001
 5.1959378e-001
 5.1880240e-001
 5.1826602e-001
 5.1783401e-001
 5.1732451e-001
 5.1665360e-001
 5.1584154e-001
 5.1494741e-001
 5.1404375e-001
 5.1321948e-001
 5.1257062e-001
 5.1218855e-001
 5.1180261e-001
 5.1134002e-001
 5.1067889e-001
 5.0986105e-001
 5.0899398e-001
 5.0818545e-001
 5.0752378e-001
 5.0696796e-001
 5.0642496e-001
 5.0580174e-001
 5.0502259e-001
 5.0412399e-001
 5.0318813e-001
 5.0229722e-001
 5.0152189e-001
 5.0085354e-001
 5.0025159e-001
 4.9967545e-001
 4.9908784e-001
 4.9847230e-001
 4.9770856e-001
 4.9700573e-001
 4.9625114e-001
 4.9544743e-001
 4.9460733e-001
 4.9374384e-001
 4.9287015e-001
 4.9199924e-001
 4.9114263e-001
 4.9031094e-001
 4.8951432e-001
 4.8876318e-001
 4.8806721e-001
 4.8742488e-001
 4.8682290e-001
 4.8624778e-001
 4.8568594e-001
 4.8512432e-001
 4.8455781e-001
 4.8399010e-001
 4.8342472e-001
 4.8286557e-001
 4.8231634e-001
 4.8177829e-001
 4.8124379e-001
 4.8070261e-001
 4.8014489e-001
 4.7956035e-001
 4.7893918e-001
 4.7827399e-001
 4.7756854e-001
 4.7682884e-001
 4.7606158e-001
 4.7527257e-001
 4.7446835e-001
 4.7365507e-001
 4.7283962e-001
 4.7203168e-001
 4.7124124e-001
 4.7047859e-001
 4.6975374e-001
 4.6907705e-001
 4.6845841e-001
 4.6790829e-001
 4.6743241e-001
 4.6702158e-001
 4.6666259e-001
 4.6634245e-001
 4.6604785e-001
 4.6576601e-001
 4.6548364e-001
 4.6518767e-001
 4.6486720e-001
 4.6451902e-001
 4.6414185e-001
 4.6373433e-001
 4.6329525e-001
 4.6282318e-001
 4.6231696e-001
 4.6177512e-001
 4.6119776e-001
 4.6058971e-001
 4.5995682e-001
 4.5930508e-001
 4.5864031e-001
 4.5796853e-001
 4.5729566e-001
 4.5662755e-001
 4.5597017e-001
 4.5532948e-001
 4.5471126e-001
 4.5412168e-001
 4.5356452e-001
 4.5303726e-001
 4.5253554e-001
 4.5205516e-001
 4.5159179e-001
 4.5114133e-001
 4.5069930e-001
 4.5026150e-001
 4.4982383e-001
 4.4938180e-001
 4.4893137e-001
 4.4846809e-001
 4.4798967e-001
 4.4750005e-001
 4.4700480e-001
 4.4650927e-001
 4.4601914e-001
 4.4553977e-001
 4.4507670e-001
 4.4463542e-001
 4.4422144e-001
 4.4384018e-001
 4.4349712e-001
 4.4319561e-001
 4.4293115e-001
 4.4269750e-001
 4.4248849e-001
 4.4229794e-001
 4.4211957e-001
 4.4194725e-001
 4.4177479e-001
 4.4159597e-001
 4.4140461e-001
 4.4119579e-001
 4.4096917e-001
 4.4072530e-001
 4.4046488e-001
 4.4018844e-001
 4.3989670e-001
 4.3959010e-001
 4.3926948e-001
 4.3893525e-001
 4.3858817e-001
 4.3822992e-001
 4.3786657e-001
 4.3750474e-001
 4.3715137e-001
 4.3681315e-001
 4.3649691e-001
 4.3620947e-001
 4.3595752e-001
 4.3574795e-001
 4.3558753e-001
 4.3548033e-001
 4.3542153e-001
 4.3540430e-001
 4.3542191e-001
 4.3546766e-001
 4.3553463e-001
 4.3561617e-001
 4.3570551e-001
 4.3579578e-001
 4.3588147e-001
 4.3596065e-001
 4.3603238e-001
 4.3609565e-001
 4.3614936e-001
 4.3619260e-001
 4.3622428e-001
 4.3624333e-001
 4.3624935e-001
 4.3624330e-001
 4.3622661e-001
 4.3620065e-001
 4.3616685e-001
 4.3612659e-001
 4.3608123e-001
 4.3603227e-001
 4.3598181e-001
 4.3593511e-001
 4.3589774e-001
 4.3587542e-001
 4.3587372e-001
 4.3589848e-001
 4.3595526e-001
 4.3604979e-001
 4.3618470e-001
 4.3635324e-001
 4.3654659e-001
 4.3674222e-001
 4.3695629e-001
 4.3716785e-001
 4.3737119e-001
 4.3756747e-001
 4.3776363e-001
 4.3797052e-001
 4.3820083e-001
 4.3846732e-001
 4.3878025e-001
 4.3914309e-001
 4.3954989e-001
 4.3998814e-001
 4.4044259e-001
 4.4089836e-001
 4.4134298e-001
 4.4176915e-001
 4.4217524e-001
 4.4256392e-001
 4.4293997e-001
 4.4330847e-001
 4.4367376e-001
 4.4403860e-001
 4.4440380e-001
 4.4476861e-001
 4.4513163e-001
 4.4549137e-001
 4.4584709e-001
 4.4619903e-001
 4.4654879e-001
 4.4689900e-001
 4.4725293e-001
 4.4761416e-001
 4.4798663e-001
 4.4837442e-001
 4.4878200e-001
 4.4921380e-001
 4.4967380e-001
 4.5016411e-001
 4.5068333e-001
 4.5125577e-001
 4.5174092e-001
 4.5222402e-001
 4.5270175e-001
 4.5317256e-001
 4.5363665e-001
 4.5409626e-001
 4.5455560e-001
 4.5501989e-001
 4.5549470e-001
 4.5598447e-001
 4.5649150e-001
 4.5701513e-001
 4.5755163e-001
 4.5809489e-001
 4.5863831e-001
 4.5917544e-001
 4.5970181e-001
 4.6021515e-001
 4.6071580e-001
 4.6120632e-001
 4.6169055e-001
 4.6217322e-001
 4.6265888e-001
 4.6315145e-001
 4.6365422e-001
 4.6416891e-001
 4.6469626e-001
 4.6523562e-001
 4.6578529e-001
 4.6634325e-001
 4.6690711e-001
 4.6747485e-001
 4.6804449e-001
 4.6861440e-001
 4.6918327e-001
 4.6974978e-001
 4.7031304e-001
 4.7087207e-001
 4.7142628e-001
 4.7197565e-001
 4.7252059e-001
 4.7306201e-001
 4.7360146e-001
 4.7414044e-001
 4.7468027e-001
 4.7522151e-001
 4.7576356e-001
 4.7630495e-001
 4.7684312e-001
 4.7737554e-001
 4.7789994e-001
 4.7841543e-001
 4.7892317e-001
 4.7942597e-001
 4.7992855e-001
 4.8043609e-001
 4.8095343e-001
 4.8148400e-001
 4.8202854e-001
 4.8258534e-001
 4.8314980e-001
 4.8371553e-001
 4.8427543e-001
 4.8482251e-001
 4.8535106e-001
 4.8585758e-001
 4.8634052e-001
 4.8680085e-001
 4.8724109e-001
 4.8766497e-001
 4.8807693e-001
 4.8848119e-001
 4.8888189e-001
 4.8928231e-001
 4.8968524e-001
 4.9009296e-001
 4.9050713e-001
 4.9092904e-001
 4.9135938e-001
 4.9179813e-001
 4.9224445e-001
 4.9269620e-001
 4.9315017e-001
 4.9360207e-001
 4.9404696e-001
 4.9447998e-001
 4.9489683e-001
 4.9529463e-001
 4.9567249e-001
 4.9603152e-001
 4.9637493e-001
 4.9670744e-001
 4.9703461e-001
 4.9736211e-001
 4.9769467e-001
 4.9803570e-001
 4.9838668e-001
 4.9874717e-001
 4.9911520e-001
 4.9948752e-001
 4.9986073e-001
 5.0023144e-001
 5.0059718e-001
 5.0095659e-001
 5.0130951e-001
 5.0165677e-001
 5.0199962e-001
 5.0233948e-001
 5.0267786e-001
 5.0301552e-001
 5.0335318e-001
 5.0369096e-001
 5.0402880e-001
 5.0436664e-001
 5.0470412e-001
 5.0504047e-001
 5.0537479e-001
 5.0570542e-001
 5.0603062e-001
 5.0634855e-001
 5.0665772e-001
 5.0695759e-001
 5.0724864e-001
 5.0753260e-001
 5.0781196e-001
 5.0808954e-001
 5.0836778e-001
 5.0864792e-001
 5.0893003e-001
 5.0921243e-001
 5.0949246e-001
 5.0976723e-001
 5.1003408e-001
 5.1029217e-001
 5.1054215e-001
 5.1078707e-001
 5.1103157e-001
 5.1128155e-001
 5.1154274e-001
 5.1182002e-001
 5.1211619e-001
 5.1243174e-001
 5.1276451e-001
 5.1311022e-001
 5.1346368e-001
 5.1381969e-001
 5.1417422e-001
 5.1452535e-001
 5.1487321e-001
 5.1522005e-001
 5.1556897e-001
 5.1592308e-001
 5.1628429e-001
 5.1665264e-001
 5.1702613e-001
 5.1740092e-001
 5.1777267e-001
 5.1813680e-001
 5.1848984e-001
 5.1882982e-001
 5.1915640e-001
 5.1947069e-001
 5.1977456e-001
 5.2007043e-001
 5.2036113e-001
 5.2064937e-001
 5.2093810e-001
 5.2123058e-001
 5.2153045e-001
 5.2184129e-001
 5.2216673e-001
 5.2250946e-001
 5.2287155e-001
 5.2325374e-001
 5.2365601e-001
 5.2407765e-001
 5.2451783e-001
 5.2497637e-001
 5.2545339e-001
 5.2594948e-001
 5.2646524e-001
 5.2700013e-001
 5.2755255e-001
 5.2811855e-001
 5.2869260e-001
 5.2926725e-001
 5.2983433e-001
 5.3038585e-001
 5.3091443e-001
 5.3141451e-001
 5.3188246e-001
 5.3231680e-001
 5.3271818e-001
 5.3308892e-001
 5.3343314e-001
 5.3375655e-001
 5.3406566e-001
 5.3436804e-001
 5.3467119e-001
 5.3498209e-001
 5.3530622e-001
 5.3564698e-001
 5.3600538e-001
 5.3637969e-001
 5.3676647e-001
 5.3716141e-001
 5.3756016e-001
 5.3795975e-001
 5.3835899e-001
 5.3875870e-001
 5.3916132e-001
 5.3957009e-001
 5.3998798e-001
 5.4041684e-001
 5.4085678e-001
 5.4130638e-001
 5.4176235e-001
 5.4222083e-001
 5.4267782e-001
 5.4312980e-001
 5.4357427e-001
 5.4400992e-001
 5.4443657e-001
 5.4485494e-001
 5.4526633e-001
 5.4567242e-001
 5.4607469e-001
 5.4647470e-001
 5.4687393e-001
 5.4727370e-001
 5.4767519e-001
 5.4807961e-001
 5.4848766e-001
 5.4890001e-001
 5.4931670e-001
 5.4973710e-001
 5.5015993e-001
 5.5058312e-001
 5.5100423e-001
 5.5142045e-001
 5.5182934e-001
 5.5222917e-001
 5.5261940e-001
 5.5300099e-001
 5.5337632e-001
 5.5374938e-001
 5.5412513e-001
 5.5450892e-001
 5.5490601e-001
 5.5532050e-001
 5.5575490e-001
 5.5620986e-001
 5.5668384e-001
 5.5717367e-001
 5.5767465e-001
 5.5818135e-001
 5.5868864e-001
 5.5919164e-001
 5.5968654e-001
 5.6017023e-001
 5.6064034e-001
 5.6109542e-001
 5.6153423e-001
 5.6195599e-001
 5.6236112e-001
 5.6275111e-001
 5.6312948e-001
 5.6350148e-001
 5.6387401e-001
 5.6425518e-001
 5.6465250e-001
 5.6507200e-001
 5.6551653e-001
 5.6598485e-001
 5.6647164e-001
 5.6696749e-001
 5.6746048e-001
 5.6793755e-001
 5.6838655e-001
 5.6879818e-001
 5.6916708e-001
 5.6949282e-001
 5.6977969e-001
 5.7003599e-001
 5.7027280e-001
 5.7050210e-001
 5.7073545e-001
 5.7098216e-001
 5.7124877e-001
 5.7153869e-001
 5.7185227e-001
 5.7218790e-001
 5.7254267e-001
 5.7291317e-001
 5.7329631e-001
 5.7368928e-001
 5.7408941e-001
 5.7449424e-001
 5.7490075e-001
 5.7530552e-001
 5.7570451e-001
 5.7609349e-001
 5.7646859e-001
 5.7682663e-001
 5.7716620e-001
 5.7748753e-001
 5.7779276e-001
 5.7808614e-001
 5.7837319e-001
 5.7866019e-001
 5.7895339e-001
 5.7925814e-001
 5.7957846e-001
 5.7991618e-001
 5.8027112e-001
 5.8064097e-001
 5.8102155e-001
 5.8140737e-001
 5.8179224e-001
 5.8216977e-001
 5.8253413e-001
 5.8288038e-001
 5.8320528e-001
 5.8350736e-001
 5.8378744e-001
 5.8404875e-001
 5.8429664e-001
 5.8453816e-001
 5.8478117e-001
 5.8503324e-001
 5.8530068e-001
 5.8558726e-001
 5.8589369e-001
 5.8621711e-001
 5.8655196e-001
 5.8689058e-001
 5.8722460e-001
 5.8754629e-001
 5.8785021e-001
 5.8813345e-001
 5.8839655e-001
 5.8864266e-001
 5.8887714e-001
 5.8910638e-001
 5.8933640e-001
 5.8957207e-001
 5.8981586e-001
 5.9006757e-001
 5.9032428e-001
 5.9058058e-001
 5.9082931e-001
 5.9106249e-001
 5.9127212e-001
 5.9145111e-001
 5.9159410e-001
 5.9169799e-001
 5.9176201e-001
 5.9178770e-001
 5.9177870e-001
 5.9174031e-001
 5.9167862e-001
 5.9159958e-001
 5.9150857e-001
 5.9140879e-001
 5.9130126e-001
 5.9118402e-001
 5.9105188e-001
 5.9089744e-001
 5.9071153e-001
 5.9048450e-001
 5.9020770e-001
 5.8987385e-001
 5.8947825e-001
 5.8901745e-001
 5.8848894e-001
 5.8788890e-001
 5.8721066e-001
 5.8644336e-001
 5.8557123e-001
 5.8457410e-001
 5.8342904e-001
 5.8211225e-001
 5.8060235e-001
 5.7888168e-001
 5.7693958e-001
 5.7477260e-001
 5.7238382e-001
 5.6978416e-001
 5.6699032e-001
 5.6402260e-001
 5.6090587e-001
 5.5766594e-001
 5.5433029e-001
 5.5092633e-001
 5.4747868e-001
 5.4401100e-001
 5.4054183e-001
 5.3708696e-001
 5.3365856e-001
 5.3026503e-001
 5.2691543e-001
 5.2361894e-001
 5.2039021e-001
 5.1725090e-001
 5.1423061e-001
 5.1137066e-001
 5.0872111e-001
 5.0634158e-001
 5.0429732e-001
 5.0265431e-001
 5.0147623e-001
 5.0081754e-001
 5.0071990e-001
 5.0120789e-001
 5.0228643e-001
 5.0393975e-001
 5.0613171e-001
 5.0880903e-001
 5.1190227e-001
 5.1533258e-001
 5.1901370e-001
 5.2285737e-001
 5.2677941e-001
 5.3070050e-001
 5.3455299e-001
 5.3827971e-001
 5.4183722e-001
 5.4519653e-001
 5.4833931e-001
 5.5125922e-001
 5.5395627e-001
 5.5643511e-001
 5.5870318e-001
 5.6076616e-001
 5.6262881e-001
 5.6429249e-001
 5.6575674e-001
 5.6702036e-001
 5.6808215e-001
 5.6894296e-001
 5.6960702e-001
 5.7008177e-001
 5.7037860e-001
 5.7051116e-001
 5.7049441e-001
 5.7034278e-001
 5.7006836e-001
 5.6967974e-001
 5.6918150e-001
 5.6857473e-001
 5.6785768e-001
 5.6702828e-001
 5.6608540e-001
 5.6503153e-001
 5.6387436e-001
 5.6262732e-001
 5.6131095e-001
 5.5995166e-001
 5.5858225e-001
 5.5724013e-001
 5.5596590e-001
 5.5480272e-001
 5.5379415e-001
 5.5298221e-001
 5.5240583e-001
 5.5209827e-001
 5.5208510e-001
 5.5238146e-001
 5.5299020e-001
 5.5390000e-001
 5.5508518e-001
 5.5650580e-001
 5.5810934e-001
 5.5983531e-001
 5.6161833e-001
 5.6339478e-001
 5.6510657e-001
 5.6670642e-001
 5.6816095e-001
 5.6945103e-001
 5.7057202e-001
 5.7153040e-001
 5.7234156e-001
 5.7302576e-001
 5.7360488e-001
 5.7410002e-001
 5.7452959e-001
 5.7490879e-001
 5.7524937e-001
 5.7556009e-001
 5.7584703e-001
 5.7611448e-001
 5.7636541e-001
 5.7660216e-001
 5.7682675e-001
 5.7704139e-001
 5.7724887e-001
 5.7745248e-001
 5.7765579e-001
 5.7786238e-001
 5.7807517e-001
 5.7829589e-001
 5.7852441e-001
 5.7875890e-001
 5.7899576e-001
 5.7923025e-001
 5.7945728e-001
 5.7967240e-001
 5.7987231e-001
 5.8005571e-001
 5.8022314e-001
 5.8037704e-001
 5.8052111e-001
 5.8065987e-001
 5.8079797e-001
 5.8093983e-001
 5.8108944e-001
 5.8124983e-001
 5.8142370e-001
 5.8161318e-001
 5.8182025e-001
 5.8204699e-001
 5.8229542e-001
 5.8256787e-001
 5.8286655e-001
 5.8319318e-001
 5.8354896e-001
 5.8393365e-001
 5.8434546e-001
 5.8478123e-001
 5.8523625e-001
 5.8570540e-001
 5.8618367e-001
 5.8666670e-001
 5.8715200e-001
 5.8763874e-001
 5.8812743e-001
 5.8861941e-001
 5.8911610e-001
 5.8961874e-001
 5.9012759e-001
 5.9064186e-001
 5.9115988e-001
 5.9167880e-001
 5.9219521e-001
 5.9270555e-001
 5.9320617e-001
 5.9369451e-001
 5.9416842e-001
 5.9462732e-001
 5.9507167e-001
 5.9550303e-001
 5.9592396e-001
 5.9633726e-001
 5.9674585e-001
 5.9715194e-001
 5.9755719e-001
 5.9796226e-001
 5.9836674e-001
 5.9876937e-001
 5.9916818e-001
 5.9956044e-001
 5.9994364e-001
 6.0031557e-001
 6.0067475e-001
 6.0102063e-001
 6.0135359e-001
 6.0167474e-001
 6.0198551e-001
 6.0228711e-001
 6.0258049e-001
 6.0286582e-001
 6.0314298e-001
 6.0341150e-001
 6.0367101e-001
 6.0392183e-001
 6.0416490e-001
 6.0440189e-001
 6.0463524e-001
 6.0486799e-001
 6.0510331e-001
 6.0534406e-001
 6.0559237e-001
 6.0584927e-001
 6.0611445e-001
 6.0638613e-001
 6.0666132e-001
 6.0693622e-001
 6.0720652e-001
 6.0746783e-001
 6.0771632e-001
 6.0794866e-001
 6.0816234e-001
 6.0835588e-001
 6.0852838e-001
 6.0867965e-001
 6.0880995e-001
 6.0891986e-001
 6.0901004e-001
 6.0908139e-001
 6.0913515e-001
 6.0917276e-001
 6.0919625e-001
 6.0920835e-001
 6.0921234e-001
 6.0921234e-001
 6.0921276e-001
 6.0921836e-001
 6.0923368e-001
 6.0926259e-001
 6.0930794e-001
 6.0937130e-001
 6.0945266e-001
 6.0955060e-001
 6.0966229e-001
 6.0978425e-001
 6.0991246e-001
 6.1004305e-001
 6.1017257e-001
 6.1029857e-001
 6.1041939e-001
 6.1053449e-001
 6.1064410e-001
 6.1074919e-001
 6.1085111e-001
 6.1095124e-001
 6.1105084e-001
 6.1115086e-001
 6.1125153e-001
 6.1135250e-001
 6.1145264e-001
 6.1155003e-001
 6.1164206e-001
 6.1172551e-001
 6.1179715e-001
 6.1185378e-001
 6.1189312e-001
 6.1191404e-001
 6.1191702e-001
 6.1190468e-001
 6.1188138e-001
 6.1185330e-001
 6.1182743e-001
 6.1181116e-001
 6.1181104e-001
 6.1183184e-001
 6.1187625e-001
 6.1194414e-001
 6.1203283e-001
 6.1213726e-001
 6.1225098e-001
 6.1236721e-001
 6.1247939e-001
 6.1258239e-001
 6.1267292e-001
 6.1274946e-001
 6.1281210e-001
 6.1286163e-001
 6.1289889e-001
 6.1292416e-001
 6.1293662e-001
 6.1293405e-001
 6.1291301e-001
 6.1286908e-001
 6.1279780e-001
 6.1269546e-001
 6.1256045e-001
 6.1239445e-001
 6.1220312e-001
 6.1199641e-001
 6.1178821e-001
 6.1159468e-001
 6.1143255e-001
 6.1131668e-001
 6.1125755e-001
 6.1125940e-001
 6.1131912e-001
 6.1142725e-001
 6.1156893e-001
 6.1172676e-001
 6.1188275e-001
 6.1202097e-001
 6.1212939e-001
 6.1220074e-001
 6.1223304e-001
 6.1222953e-001
 6.1219770e-001
 6.1214793e-001
 6.1209190e-001
 6.1204082e-001
 6.1200398e-001
 6.1198765e-001
 6.1199439e-001
 6.1202347e-001
 6.1207110e-001
 6.1213130e-001
 6.1219734e-001
 6.1226273e-001
 6.1232203e-001
 6.1237162e-001
 6.1241007e-001
 6.1243784e-001
 6.1245698e-001
 6.1247051e-001
 6.1248142e-001
 6.1249185e-001
 6.1250252e-001
 6.1251205e-001
 6.1251712e-001
 6.1251241e-001
 6.1249131e-001
 6.1244684e-001
 6.1237246e-001
 6.1226326e-001
 6.1211663e-001
 6.1193293e-001
 6.1171567e-001
 6.1147118e-001
 6.1120790e-001
 6.1093575e-001
 6.1066455e-001
 6.1040330e-001
 6.1015922e-001
 6.0993665e-001
 6.0973722e-001
 6.0955971e-001
 6.0940057e-001
 6.0925442e-001
 6.0911512e-001
 6.0897630e-001
 6.0883236e-001
 6.0867882e-001
 6.0851252e-001
 6.0833198e-001
 6.0813707e-001
 6.0792881e-001
 6.0770911e-001
 6.0748047e-001
 6.0724550e-001
 6.0700709e-001
 6.0676789e-001
 6.0653037e-001
 6.0629702e-001
 6.0606974e-001
 6.0585058e-001
 6.0564107e-001
 6.0544270e-001
 6.0525668e-001
 6.0508370e-001
 6.0492432e-001
 6.0477847e-001
 6.0464525e-001
 6.0452306e-001
 6.0440904e-001
 6.0429931e-001
 6.0418868e-001
 6.0407090e-001
 6.0393912e-001
 6.0378623e-001
 6.0360605e-001
 6.0339391e-001
 6.0314769e-001
 6.0286856e-001
 6.0256153e-001
 6.0223514e-001
 6.0190117e-001
 6.0157341e-001
 6.0126650e-001
 6.0099405e-001
 6.0076725e-001
 6.0059333e-001
 6.0047483e-001
 6.0040933e-001
 6.0038942e-001
 6.0040373e-001
 6.0043848e-001
 6.0047883e-001
 6.0051095e-001
 6.0052329e-001
 6.0050809e-001
 6.0046184e-001
 6.0038459e-001
 6.0027951e-001
 6.0015160e-001
 6.0000676e-001
 5.9985077e-001
 5.9968859e-001
 5.9952372e-001
 5.9935826e-001
 5.9919232e-001
 5.9902430e-001
 5.9885085e-001
 5.9866738e-001
 5.9846872e-001
 5.9824944e-001
 5.9800500e-001
 5.9773237e-001
 5.9742975e-001
 5.9709740e-001
 5.9676677e-001
 5.9637636e-001
 5.9596372e-001
 5.9553289e-001
 5.9508818e-001
 5.9463388e-001
 5.9417456e-001
 5.9371477e-001
 5.9325892e-001
 5.9281164e-001
 5.9237713e-001
 5.9195960e-001
 5.9156245e-001
 5.9118789e-001
 5.9083629e-001
 5.9050566e-001
 5.9019136e-001
 5.8988667e-001
 5.8958280e-001
 5.8927017e-001
 5.8893847e-001
 5.8857703e-001
 5.8817524e-001
 5.8772224e-001
 5.8720696e-001
 5.8661854e-001
 5.8594567e-001
 5.8517724e-001
 5.8430177e-001
 5.8330804e-001
 5.8218527e-001
 5.8092296e-001
 5.7951337e-001
 5.7795221e-001
 5.7624269e-001
 5.7439762e-001
 5.7243937e-001
 5.7040042e-001
 5.6832021e-001
 5.6624156e-001
 5.6420988e-001
 5.6226945e-001
 5.6046265e-001
 5.5882615e-001
 5.5738664e-001
 5.5615860e-001
 5.5514139e-001
 5.5432218e-001
 5.5367827e-001
 5.5318123e-001
 5.5280024e-001
 5.5250394e-001
 5.5226272e-001
 5.5205047e-001
 5.5184764e-001
 5.5164331e-001
 5.5143607e-001
 5.5123329e-001
 5.5104870e-001
 5.5089968e-001
 5.5080521e-001
 5.5078417e-001
 5.5085284e-001
 5.5102253e-001
 5.5129588e-001
 5.5166370e-001
 5.5210376e-001
 5.5258226e-001
 5.5305648e-001
 5.5347884e-001
 5.5379921e-001
 5.5396760e-001
 5.5393600e-001
 5.5366129e-001
 5.5310822e-001
 5.5225265e-001
 5.5108273e-001
 5.4959720e-001
 5.4780346e-001
 5.4571307e-001
 5.4334056e-001
 5.4070181e-001
 5.3781223e-001
 5.3468925e-001
 5.3135008e-001
 5.2781421e-001
 5.2410293e-001
 5.2023751e-001
 5.1624155e-001
 5.1213944e-001
 5.0795436e-001
 5.0371206e-001
 4.9943697e-001
 4.9515668e-001
 4.9090123e-001
 4.8670277e-001
 4.8259923e-001
 4.7863007e-001
 4.7483876e-001
 4.7127023e-001
 4.6796834e-001
 4.6497765e-001
 4.6233797e-001
 4.6008351e-001
 4.5823714e-001
 4.5680603e-001
 4.5578125e-001
 4.5513821e-001
 4.5484155e-001
 4.5484906e-001
 4.5511535e-001
 4.5559409e-001
 4.5623979e-001
 4.5700875e-001
 4.5786074e-001
 4.5876071e-001
 4.5967859e-001
 4.6058914e-001
 4.6147093e-001
 4.6230444e-001
 4.6307167e-001
 4.6375543e-001
 4.6434021e-001
 4.6481380e-001
 4.6516889e-001
 4.6540546e-001
 4.6553090e-001
 4.6555975e-001
 4.6551165e-001
 4.6540928e-001
 4.6527669e-001
 4.6513808e-001
 4.6501666e-001
 4.6493334e-001
 4.6490496e-001
 4.6494314e-001
 4.6505341e-001
 4.6523592e-001
 4.6548694e-001
 4.6580029e-001
 4.6616861e-001
 4.6658432e-001
 4.6703979e-001
 4.6752816e-001
 4.6804336e-001
 4.6858063e-001
 4.6913689e-001
 4.6971014e-001
 4.7029951e-001
 4.7090468e-001
 4.7152546e-001
 4.7216201e-001
 4.7281414e-001
 4.7348168e-001
 4.7416398e-001
 4.7485974e-001
 4.7556740e-001
 4.7628456e-001
 4.7700882e-001
 4.7773725e-001
 4.7846687e-001
 4.7919488e-001
 4.7991839e-001
 4.8063466e-001
 4.8134148e-001
 4.8203683e-001
 4.8271948e-001
 4.8338833e-001
 4.8404273e-001
 4.8468235e-001
 4.8530674e-001
 4.8591581e-001
 4.8650935e-001
 4.8708752e-001
 4.8765102e-001
 4.8820093e-001
 4.8873922e-001
 4.8926827e-001
 4.8979092e-001
 4.9031037e-001
 4.9082974e-001
 4.9135232e-001
 4.9188101e-001
 4.9241823e-001
 4.9296579e-001
 4.9352404e-001
 4.9409249e-001
 4.9466932e-001
 4.9525183e-001
 4.9583715e-001
 4.9642190e-001
 4.9700287e-001
 4.9757728e-001
 4.9814278e-001
 4.9869850e-001
 4.9924502e-001
 4.9978456e-001
 5.0032133e-001
 5.0086021e-001
 5.0140727e-001
 5.0196850e-001
 5.0255007e-001
 5.0315714e-001
 5.0379425e-001
 5.0446373e-001
 5.0516492e-001
 5.0589454e-001
 5.0664645e-001
 5.0741279e-001
 5.0818384e-001
 5.0894994e-001
 5.0970161e-001
 5.1042902e-001
 5.1112425e-001
 5.1178110e-001
 5.1239562e-001
 5.1296711e-001
 5.1349735e-001
 5.1399016e-001
 5.1445019e-001
 5.1488280e-001
 5.1529354e-001
 5.1568723e-001
 5.1606810e-001
 5.1643914e-001
 5.1680088e-001
 5.1715213e-001
 5.1748967e-001
 5.1780856e-001
 5.1810336e-001
 5.1836818e-001
 5.1859719e-001
 5.1878500e-001
 5.1892757e-001
 5.1902300e-001
 5.1907194e-001
 5.1907825e-001
 5.1904863e-001
 5.1899171e-001
 5.1891750e-001
 5.1883632e-001
 5.1875848e-001
 5.1869380e-001
 5.1865047e-001
 5.1863414e-001
 5.1864725e-001
 5.1868832e-001
 5.1875257e-001
 5.1883268e-001
 5.1891994e-001
 5.1900482e-001
 5.1907784e-001
 5.1912999e-001
 5.1915354e-001
 5.1914269e-001
 5.1909447e-001
 5.1900887e-001
 5.1888871e-001
 5.1873887e-001
 5.1856536e-001
 5.1837468e-001
 5.1817358e-001
 5.1796806e-001
 5.1776332e-001
 5.1756251e-001
 5.1736659e-001
 5.1717359e-001
 5.1697916e-001
 5.1677722e-001
 5.1656061e-001
 5.1632154e-001
 5.1605266e-001
 5.1574689e-001
 5.1539874e-001
 5.1500499e-001
 5.1456594e-001
 5.1408523e-001
 5.1356959e-001
 5.1302862e-001
 5.1247287e-001
 5.1191360e-001
 5.1136231e-001
 5.1082951e-001
 5.1032436e-001
 5.0985354e-001
 5.0942028e-001
 5.0902385e-001
 5.0866020e-001
 5.0832283e-001
 5.0800359e-001
 5.0769359e-001
 5.0738400e-001
 5.0706619e-001
 5.0673205e-001
 5.0637507e-001
 5.0599033e-001
 5.0557482e-001
 5.0512719e-001
 5.0464767e-001
 5.0413692e-001
 5.0359607e-001
 5.0302684e-001
 5.0243074e-001
 5.0180995e-001
 5.0116771e-001
 5.0050783e-001
 4.9983549e-001
 4.9915716e-001
 4.9847969e-001
 4.9781057e-001
 4.9715722e-001
 4.9652746e-001
 4.9592814e-001
 4.9536508e-001
 4.9484268e-001
 4.9436256e-001
 4.9392378e-001
 4.9352315e-001
 4.9315557e-001
 4.9281481e-001
 4.9249423e-001
 4.9218711e-001
 4.9188671e-001
 4.9158651e-001
 4.9128076e-001
 4.9096417e-001
 4.9063227e-001
 4.9028146e-001
 4.8990846e-001
 4.8951030e-001
 4.8908442e-001
 4.8862797e-001
 4.8813829e-001
 4.8761237e-001
 4.8704749e-001
 4.8644033e-001
 4.8578724e-001
 4.8508489e-001
 4.8432925e-001
 4.8351625e-001
 4.8264235e-001
 4.8170376e-001
 4.8069733e-001
 4.7962093e-001
 4.7847518e-001
 4.7726268e-001
 4.7598889e-001
 4.7466302e-001
 4.7329524e-001
 4.7189692e-001
 4.7048095e-001
 4.6905914e-001
 4.6764275e-001
 4.6624276e-001
 4.6486682e-001
 4.6351996e-001
 4.6220350e-001
 4.6091670e-001
 4.5965561e-001
 4.5841500e-001
 4.5718977e-001
 4.5597380e-001
 4.5476088e-001
 4.5354566e-001
 4.5232216e-001
 4.5108467e-001
 4.4982749e-001
 4.4854593e-001
 4.4723451e-001
 4.4588780e-001
 4.4450137e-001
 4.4306988e-001
 4.4158798e-001
 4.4005156e-001
 4.3845564e-001
 4.3679538e-001
 4.3506756e-001
 4.3326798e-001
 4.3139300e-001
 4.2943865e-001
 4.2740256e-001
 4.2528108e-001
 4.2307094e-001
 4.2077139e-001
 4.1838157e-001
 4.1590250e-001
 4.1333920e-001
 4.1069686e-001
 4.0798289e-001
 4.0520474e-001
 4.0237248e-001
 3.9949438e-001
 3.9657915e-001
 3.9363822e-001
 3.9068210e-001
 3.8772273e-001
 3.8477594e-001
 3.8185686e-001
 3.7898251e-001
 3.7616983e-001
 3.7343815e-001
 3.7080476e-001
 3.6828691e-001
 3.6590308e-001
 3.6366928e-001
 3.6160046e-001
 3.5971197e-001
 3.5801652e-001
 3.5652626e-001
 3.5525379e-001
 3.5421029e-001
 3.5340667e-001
 3.5285243e-001
 3.5255474e-001
 3.5251597e-001
 3.5273281e-001
 3.5319510e-001
 3.5388687e-001
 3.5478801e-001
 3.5587502e-001
 3.5712388e-001
 3.5851008e-001
 3.6000979e-001
 3.6159933e-001
 3.6325783e-001
 3.6496720e-001
 3.6671093e-001
 3.6847627e-001
 3.7025249e-001
 3.7202862e-001
 3.7379542e-001
 3.7554348e-001
 3.7726119e-001
 3.7893626e-001
 3.8055259e-001
 3.8208988e-001
 3.8352174e-001
 3.8481829e-001
 3.8594624e-001
 3.8686967e-001
 3.8755295e-001
 3.8796136e-001
 3.8806376e-001
 3.8783717e-001
 3.8727161e-001
 3.8637477e-001
 3.8517469e-001
 3.8371670e-001
 3.8205898e-001
 3.8026872e-001
 3.7841547e-001
 3.7656882e-001
 3.7479693e-001
 3.7315983e-001
 3.7170634e-001
 3.7047088e-001
 3.6946970e-001
 3.6870399e-001
 3.6816344e-001
 3.6783126e-001
 3.6768717e-001
 3.6771011e-001
 3.6787987e-001
 3.6817873e-001
 3.6859342e-001
 3.6911625e-001
 3.6974627e-001
 3.7048835e-001
 3.7135193e-001
 3.7234834e-001
 3.7349060e-001
 3.7479159e-001
 3.7626180e-001
 3.7790903e-001
 3.7973535e-001
 3.8173348e-001
 3.8388857e-001
 3.8617790e-001
 3.8857120e-001
 3.9103624e-001
 3.9353877e-001
 3.9604470e-001
 3.9851907e-001
 4.0093061e-001
 4.0325150e-001
 4.0545699e-001
 4.0752915e-001
 4.0945458e-001
 4.1122207e-001
 4.1282389e-001
 4.1425297e-001
 4.1550362e-001
 4.1657060e-001
 4.1745248e-001
 4.1815221e-001
 4.1867849e-001
 4.1904739e-001
 4.1928101e-001
 4.1940597e-001
 4.1945162e-001
 4.1944841e-001
 4.1942644e-001
 4.1941386e-001
 4.1943452e-001
 4.1950506e-001
 4.1963232e-001
 4.1981235e-001
 4.2003143e-001
 4.2026848e-001
 4.2049825e-001
 4.2069364e-001
 4.2082715e-001
 4.2087272e-001
 4.2080739e-001
 4.2061359e-001
 4.2028108e-001
 4.1980773e-001
 4.1919842e-001
 4.1846400e-001
 4.1761807e-001
 4.1667557e-001
 4.1565269e-001
 4.1456470e-001
 4.1342616e-001
 4.1224983e-001
 4.1104725e-001
 4.0982684e-001
 4.0859488e-001
 4.0735695e-001
 4.0611690e-001
 4.0487808e-001
 4.0364465e-001
 4.0241984e-001
 4.0120709e-001
 4.0001100e-001
 3.9883569e-001
 3.9768603e-001
 3.9656705e-001
 3.9548481e-001
 3.9444482e-001
 3.9345261e-001
 3.9251441e-001
 3.9163551e-001
 3.9082077e-001
 3.9007491e-001
 3.8940111e-001
 3.8880157e-001
 3.8827750e-001
 3.8782966e-001
 3.8745794e-001
 3.8716200e-001
 3.8694146e-001
 3.8679495e-001
 3.8671991e-001
 3.8671154e-001
 3.8676205e-001
 3.8686028e-001
 3.8699219e-001
 3.8714179e-001
 3.8729209e-001
 3.8742581e-001
 3.8752589e-001
 3.8757649e-001
 3.8756377e-001
 3.8747707e-001
 3.8730991e-001
 3.8706046e-001
 3.8673142e-001
 3.8632873e-001
 3.8586053e-001
 3.8533589e-001
 3.8476455e-001
 3.8415581e-001
 3.8351870e-001
 3.8286254e-001
 3.8221979e-001
 3.8170898e-001
 3.8103026e-001
 3.8034311e-001
 3.7964490e-001
 3.7893319e-001
 3.7820539e-001
 3.7745938e-001
 3.7669259e-001
 3.7590256e-001
 3.7508690e-001
 3.7424347e-001
 3.7337562e-001
 3.7248880e-001
 3.7158853e-001
 3.7068033e-001
 3.6977014e-001
 3.6886349e-001
 3.6796588e-001
 3.6708283e-001
 3.6622038e-001
 3.6538386e-001
 3.6457893e-001
 3.6381105e-001
 3.6308622e-001
 3.6240914e-001
 3.6177766e-001
 3.6118624e-001
 3.6062887e-001
 3.6010012e-001
 3.5959405e-001
 3.5910496e-001
 3.5862693e-001
 3.5815454e-001
 3.5768178e-001
 3.5720298e-001
 3.5671225e-001
 3.5620406e-001
 3.5567251e-001
 3.5511193e-001
 3.5451651e-001
 3.5388035e-001
 3.5319796e-001
 3.5246417e-001
 3.5167998e-001
 3.5084924e-001
 3.4997657e-001
 3.4906590e-001
 3.4812143e-001
 3.4714708e-001
 3.4614751e-001
 3.4512657e-001
 3.4408855e-001
 3.4303752e-001
 3.4197748e-001
 3.4091297e-001
 3.3984804e-001
 3.3878675e-001
 3.3773309e-001
 3.3669171e-001
 3.3566648e-001
 3.3466160e-001
 3.3368105e-001
 3.3272940e-001
 3.3181059e-001
 3.3092842e-001
 3.3008283e-001
 3.2927278e-001
 3.2849643e-001
 3.2775223e-001
 3.2703859e-001
 3.2635379e-001
 3.2569662e-001
 3.2506523e-001
 3.2445818e-001
 3.2387364e-001
 3.2331043e-001
 3.2276678e-001
 3.2224110e-001
 3.2173175e-001
 3.2123736e-001
 3.2075623e-001
 3.2028684e-001
 3.1982756e-001
 3.1937671e-001
 3.1893295e-001
 3.1849465e-001
 3.1806016e-001
 3.1762788e-001
 3.1719640e-001
 3.1676400e-001
 3.1632930e-001
 3.1589225e-001
 3.1545362e-001
 3.1501397e-001
 3.1457397e-001
 3.1413427e-001
 3.1369543e-001
 3.1325829e-001
 3.1282339e-001
 3.1239143e-001
 3.1196290e-001
 3.1153873e-001
 3.1111938e-001
 3.1070554e-001
 3.1029785e-001
 3.0989707e-001
 3.0950370e-001
 3.0911854e-001
 3.0874205e-001
 3.0837509e-001
 3.0801824e-001
 3.0767214e-001
 3.0733740e-001
 3.0701464e-001
 3.0670467e-001
 3.0640808e-001
 3.0612549e-001
 3.0585751e-001
 3.0560490e-001
 3.0536827e-001
 3.0514809e-001
 3.0494413e-001
 3.0475563e-001
 3.0458188e-001
