s07_ASD Record=14011: Pyrophyl.25+wxlKaol.75 AMX17 ASDNGb AREF
-1.2300000e+034
 4.8827270e-001
 4.8939949e-001
 4.9034604e-001
 4.9100482e-001
 4.9177653e-001
 4.9240184e-001
 4.9302968e-001
 4.9377990e-001
 4.9438208e-001
 4.9505028e-001
 4.9573880e-001
 4.9629226e-001
 4.9694222e-001
 4.9756050e-001
 4.9808562e-001
 4.9859378e-001
 4.9917030e-001
 4.9985495e-001
 5.0061631e-001
 5.0126278e-001
 5.0194639e-001
 5.0267309e-001
 5.0337815e-001
 5.0416625e-001
 5.0497729e-001
 5.0579059e-001
 5.0666612e-001
 5.0761908e-001
 5.0859159e-001
 5.0954092e-001
 5.1053095e-001
 5.1155412e-001
 5.1261139e-001
 5.1370639e-001
 5.1483911e-001
 5.1600885e-001
 5.1720393e-001
 5.1839709e-001
 5.1959276e-001
 5.2076608e-001
 5.2190959e-001
 5.2310574e-001
 5.2426749e-001
 5.2537322e-001
 5.2644777e-001
 5.2750772e-001
 5.2846611e-001
 5.2936012e-001
 5.3043497e-001
 5.3138649e-001
 5.3228909e-001
 5.3324854e-001
 5.3407955e-001
 5.3496075e-001
 5.3583825e-001
 5.3653151e-001
 5.3727180e-001
 5.3803730e-001
 5.3878266e-001
 5.3947812e-001
 5.4018825e-001
 5.4086590e-001
 5.4147035e-001
 5.4215401e-001
 5.4278171e-001
 5.4335356e-001
 5.4397106e-001
 5.4451454e-001
 5.4506153e-001
 5.4566109e-001
 5.4623723e-001
 5.4680657e-001
 5.4739767e-001
 5.4803199e-001
 5.4865462e-001
 5.4928643e-001
 5.4993951e-001
 5.5061263e-001
 5.5129552e-001
 5.5198795e-001
 5.5269951e-001
 5.5346072e-001
 5.5423880e-001
 5.5504197e-001
 5.5589586e-001
 5.5678350e-001
 5.5772185e-001
 5.5870837e-001
 5.5971009e-001
 5.6073999e-001
 5.6179649e-001
 5.6287229e-001
 5.6396085e-001
 5.6504583e-001
 5.6612426e-001
 5.6720263e-001
 5.6825489e-001
 5.6930393e-001
 5.7035381e-001
 5.7136643e-001
 5.7235622e-001
 5.7331675e-001
 5.7423961e-001
 5.7514453e-001
 5.7602054e-001
 5.7686973e-001
 5.7770658e-001
 5.7851410e-001
 5.7929629e-001
 5.8006293e-001
 5.8082551e-001
 5.8157837e-001
 5.8231932e-001
 5.8305013e-001
 5.8376503e-001
 5.8446980e-001
 5.8517092e-001
 5.8587748e-001
 5.8657819e-001
 5.8727366e-001
 5.8796448e-001
 5.8864892e-001
 5.8933294e-001
 5.9001893e-001
 5.9070718e-001
 5.9139550e-001
 5.9208339e-001
 5.9276879e-001
 5.9345073e-001
 5.9413230e-001
 5.9481710e-001
 5.9550524e-001
 5.9619671e-001
 5.9689522e-001
 5.9760028e-001
 5.9830308e-001
 5.9902024e-001
 5.9974086e-001
 6.0046130e-001
 6.0120708e-001
 6.0195106e-001
 6.0269463e-001
 6.0344875e-001
 6.0419810e-001
 6.0496068e-001
 6.0573816e-001
 6.0650468e-001
 6.0727167e-001
 6.0804385e-001
 6.0882390e-001
 6.0960817e-001
 6.1038494e-001
 6.1115849e-001
 6.1194026e-001
 6.1271548e-001
 6.1348671e-001
 6.1425817e-001
 6.1503172e-001
 6.1579710e-001
 6.1655653e-001
 6.1731935e-001
 6.1809164e-001
 6.1886144e-001
 6.1962891e-001
 6.2040299e-001
 6.2118179e-001
 6.2195861e-001
 6.2272817e-001
 6.2349570e-001
 6.2426817e-001
 6.2503976e-001
 6.2580138e-001
 6.2656873e-001
 6.2734157e-001
 6.2811393e-001
 6.2887812e-001
 6.2964958e-001
 6.3042235e-001
 6.3118744e-001
 6.3195300e-001
 6.3272166e-001
 6.3349283e-001
 6.3426107e-001
 6.3503742e-001
 6.3581568e-001
 6.3659233e-001
 6.3737881e-001
 6.3816261e-001
 6.3894361e-001
 6.3972563e-001
 6.4049655e-001
 6.4126384e-001
 6.4203012e-001
 6.4279091e-001
 6.4354867e-001
 6.4429528e-001
 6.4502853e-001
 6.4576131e-001
 6.4648777e-001
 6.4720774e-001
 6.4792317e-001
 6.4863372e-001
 6.4934063e-001
 6.5004414e-001
 6.5074581e-001
 6.5144545e-001
 6.5214264e-001
 6.5283662e-001
 6.5352482e-001
 6.5420574e-001
 6.5487695e-001
 6.5553236e-001
 6.5617388e-001
 6.5680361e-001
 6.5742141e-001
 6.5802324e-001
 6.5861344e-001
 6.5919495e-001
 6.5976620e-001
 6.6032612e-001
 6.6087115e-001
 6.6140014e-001
 6.6191792e-001
 6.6242170e-001
 6.6291291e-001
 6.6339540e-001
 6.6387397e-001
 6.6436005e-001
 6.6486019e-001
 6.6537607e-001
 6.6590804e-001
 6.6644436e-001
 6.6697508e-001
 6.6749609e-001
 6.6800922e-001
 6.6851354e-001
 6.6900569e-001
 6.6948742e-001
 6.6995144e-001
 6.7039752e-001
 6.7083573e-001
 6.7127013e-001
 6.7170721e-001
 6.7215306e-001
 6.7260981e-001
 6.7307109e-001
 6.7353565e-001
 6.7400336e-001
 6.7447114e-001
 6.7494202e-001
 6.7541528e-001
 6.7588395e-001
 6.7634785e-001
 6.7680812e-001
 6.7726642e-001
 6.7772406e-001
 6.7818010e-001
 6.7863441e-001
 6.7908669e-001
 6.7954034e-001
 6.7999625e-001
 6.8045324e-001
 6.8090534e-001
 6.8135726e-001
 6.8181139e-001
 6.8226868e-001
 6.8272913e-001
 6.8318850e-001
 6.8364793e-001
 6.8411535e-001
 6.8458480e-001
 6.8505579e-001
 6.8552911e-001
 6.8600225e-001
 6.8647903e-001
 6.8695801e-001
 6.8743676e-001
 6.8792105e-001
 6.8840897e-001
 6.8889749e-001
 6.8938279e-001
 6.8986863e-001
 6.9035774e-001
 6.9085276e-001
 6.9134945e-001
 6.9184637e-001
 6.9234228e-001
 6.9284409e-001
 6.9334644e-001
 6.9385147e-001
 6.9435716e-001
 6.9485456e-001
 6.9534779e-001
 6.9583511e-001
 6.9631618e-001
 6.9679159e-001
 6.9726843e-001
 6.9774902e-001
 6.9823760e-001
 6.9873339e-001
 6.9923347e-001
 6.9973707e-001
 7.0024824e-001
 7.0076108e-001
 7.0127612e-001
 7.0179600e-001
 7.0231867e-001
 7.0284212e-001
 7.0336664e-001
 7.0389080e-001
 7.0441854e-001
 7.0494694e-001
 7.0547283e-001
 7.0600140e-001
 7.0653015e-001
 7.0705765e-001
 7.0758396e-001
 7.0810544e-001
 7.0862204e-001
 7.0913714e-001
 7.0965886e-001
 7.1017295e-001
 7.1068120e-001
 7.1118945e-001
 7.1169490e-001
 7.1219271e-001
 7.1268141e-001
 7.1316266e-001
 7.1362096e-001
 7.1405482e-001
 7.1447456e-001
 7.1490723e-001
 7.1537924e-001
 7.1588814e-001
 7.1641713e-001
 7.1694022e-001
 7.1744949e-001
 7.1794569e-001
 7.1843404e-001
 7.1891147e-001
 7.1938014e-001
 7.1983826e-001
 7.2027785e-001
 7.2070295e-001
 7.2111827e-001
 7.2153223e-001
 7.2197133e-001
 7.2243506e-001
 7.2291344e-001
 7.2338986e-001
 7.2385377e-001
 7.2430551e-001
 7.2474915e-001
 7.2518516e-001
 7.2561347e-001
 7.2603965e-001
 7.2646886e-001
 7.2689080e-001
 7.2730589e-001
 7.2771668e-001
 7.2812694e-001
 7.2852975e-001
 7.2893161e-001
 7.2933978e-001
 7.2975248e-001
 7.3017025e-001
 7.3059016e-001
 7.3100805e-001
 7.3142272e-001
 7.3183095e-001
 7.3223209e-001
 7.3262483e-001
 7.3301691e-001
 7.3341101e-001
 7.3380625e-001
 7.3420137e-001
 7.3456001e-001
 7.3483378e-001
 7.3499274e-001
 7.3508143e-001
 7.3529696e-001
 7.3573536e-001
 7.3637474e-001
 7.3702168e-001
 7.3760027e-001
 7.3809004e-001
 7.3852146e-001
 7.3892969e-001
 7.3932761e-001
 7.3971581e-001
 7.4009544e-001
 7.4046719e-001
 7.4083769e-001
 7.4121720e-001
 7.4160075e-001
 7.4198365e-001
 7.4236459e-001
 7.4274546e-001
 7.4313003e-001
 7.4351937e-001
 7.4391156e-001
 7.4430490e-001
 7.4469393e-001
 7.4507874e-001
 7.4546677e-001
 7.4585146e-001
 7.4623334e-001
 7.4661374e-001
 7.4699086e-001
 7.4736756e-001
 7.4774176e-001
 7.4811107e-001
 7.4847680e-001
 7.4883550e-001
 7.4918932e-001
 7.4954212e-001
 7.4989408e-001
 7.5024438e-001
 7.5059164e-001
 7.5093454e-001
 7.5127572e-001
 7.5161576e-001
 7.5195408e-001
 7.5229061e-001
 7.5262380e-001
 7.5295556e-001
 7.5328654e-001
 7.5361431e-001
 7.5393975e-001
 7.5426167e-001
 7.5457948e-001
 7.5489563e-001
 7.5520980e-001
 7.5552183e-001
 7.5583363e-001
 7.5613999e-001
 7.5643998e-001
 7.5673467e-001
 7.5702637e-001
 7.5731474e-001
 7.5760168e-001
 7.5788981e-001
 7.5817800e-001
 7.5846744e-001
 7.5875688e-001
 7.5904578e-001
 7.5933039e-001
 7.5960845e-001
 7.5987995e-001
 7.6014918e-001
 7.6041710e-001
 7.6068467e-001
 7.6095045e-001
 7.6120818e-001
 7.6146865e-001
 7.6173455e-001
 7.6200515e-001
 7.6228344e-001
 7.6256949e-001
 7.6286012e-001
 7.6315087e-001
 7.6343739e-001
 7.6371306e-001
 7.6397693e-001
 7.6423419e-001
 7.6449400e-001
 7.6475143e-001
 7.6500154e-001
 7.6524895e-001
 7.6549244e-001
 7.6573426e-001
 7.6597571e-001
 7.6620817e-001
 7.6643777e-001
 7.6666725e-001
 7.6689410e-001
 7.6711488e-001
 7.6733130e-001
 7.6754475e-001
 7.6775527e-001
 7.6796138e-001
 7.6816398e-001
 7.6836586e-001
 7.6856858e-001
 7.6876915e-001
 7.6896983e-001
 7.6917285e-001
 7.6937532e-001
 7.6958019e-001
 7.6978683e-001
 7.6999319e-001
 7.7019829e-001
 7.7040678e-001
 7.7061629e-001
 7.7081782e-001
 7.7102202e-001
 7.7122688e-001
 7.7142912e-001
 7.7162814e-001
 7.7182764e-001
 7.7202553e-001
 7.7222127e-001
 7.7242029e-001
 7.7261299e-001
 7.7279902e-001
 7.7298105e-001
 7.7316564e-001
 7.7334797e-001
 7.7352697e-001
 7.7370292e-001
 7.7388310e-001
 7.7406681e-001
 7.7425289e-001
 7.7443898e-001
 7.7462357e-001
 7.7480793e-001
 7.7499002e-001
 7.7516603e-001
 7.7533215e-001
 7.7549493e-001
 7.7566129e-001
 7.7583450e-001
 7.7600795e-001
 7.7618051e-001
 7.7635521e-001
 7.7653885e-001
 7.7673388e-001
 7.7693015e-001
 7.7711809e-001
 7.7731085e-001
 7.7749634e-001
 7.7767515e-001
 7.7785373e-001
 7.7804077e-001
 7.7822477e-001
 7.7840334e-001
 7.7858013e-001
 7.7875900e-001
 7.7893442e-001
 7.7910167e-001
 7.7926010e-001
 7.7942574e-001
 7.7959472e-001
 7.7976310e-001
 7.7993071e-001
 7.8009892e-001
 7.8026265e-001
 7.8042185e-001
 7.8058261e-001
 7.8073084e-001
 7.8087294e-001
 7.8101951e-001
 7.8116965e-001
 7.8131038e-001
 7.8145438e-001
 7.8160983e-001
 7.8174877e-001
 7.8189039e-001
 7.8203392e-001
 7.8217137e-001
 7.8229809e-001
 7.8241658e-001
 7.8252548e-001
 7.8262168e-001
 7.8270847e-001
 7.8278124e-001
 7.8284299e-001
 7.8290117e-001
 7.8296262e-001
 7.8303611e-001
 7.8312892e-001
 7.8324401e-001
 7.8337461e-001
 7.8353840e-001
 7.8373569e-001
 7.8395075e-001
 7.8417861e-001
 7.8438473e-001
 7.8456098e-001
 7.8472352e-001
 7.8483516e-001
 7.8490502e-001
 7.8493857e-001
 7.8493297e-001
 7.8492314e-001
 7.8489417e-001
 7.8484029e-001
 7.8477454e-001
 7.8466344e-001
 7.8447157e-001
 7.8410774e-001
 7.8341377e-001
 7.8226775e-001
 7.8063768e-001
 7.7857274e-001
 7.7619910e-001
 7.7363807e-001
 7.7108204e-001
 7.6871985e-001
 7.6671296e-001
 7.6534164e-001
 7.6483607e-001
 7.6537293e-001
 7.6705408e-001
 7.6971108e-001
 7.7292836e-001
 7.7620620e-001
 7.7906036e-001
 7.8122425e-001
 7.8272837e-001
 7.8372961e-001
 7.8440678e-001
 7.8489912e-001
 7.8531510e-001
 7.8570795e-001
 7.8606868e-001
 7.8644025e-001
 7.8681934e-001
 7.8720468e-001
 7.8761852e-001
 7.8805822e-001
 7.8851008e-001
 7.8896970e-001
 7.8945386e-001
 7.8991312e-001
 7.9034460e-001
 7.9077095e-001
 7.9122454e-001
 7.9163539e-001
 7.9201531e-001
 7.9239631e-001
 7.9280788e-001
 7.9314476e-001
 7.9348153e-001
 7.9385656e-001
 7.9420817e-001
 7.9455054e-001
 7.9488468e-001
 7.9522049e-001
 7.9557258e-001
 7.9586208e-001
 7.9613525e-001
 7.9643995e-001
 7.9678512e-001
 7.9704189e-001
 7.9729456e-001
 7.9758531e-001
 7.9787225e-001
 7.9806787e-001
 7.9828686e-001
 7.9853958e-001
 7.9878724e-001
 7.9903239e-001
 7.9927540e-001
 7.9951626e-001
 7.9975498e-001
 7.9999149e-001
 8.0022585e-001
 8.0045784e-001
 8.0068767e-001
 8.0091524e-001
 8.0114073e-001
 8.0136418e-001
 8.0158573e-001
 8.0180538e-001
 8.0202311e-001
 8.0223888e-001
 8.0245274e-001
 8.0266434e-001
 8.0287367e-001
 8.0308050e-001
 8.0328470e-001
 8.0348623e-001
 8.0368513e-001
 8.0388153e-001
 8.0407566e-001
 8.0426759e-001
 8.0445766e-001
 8.0464590e-001
 8.0483240e-001
 8.0501711e-001
 8.0520016e-001
 8.0538154e-001
 8.0556130e-001
 8.0573964e-001
 8.0591673e-001
 8.0609268e-001
 8.0626768e-001
 8.0644166e-001
 8.0661458e-001
 8.0678648e-001
 8.0695713e-001
 8.0712652e-001
 8.0729473e-001
 8.0746168e-001
 8.0762756e-001
 8.0779243e-001
 8.0795634e-001
 8.0811936e-001
 8.0828148e-001
 8.0844259e-001
 8.0860257e-001
 8.0876100e-001
 8.0891764e-001
 8.0907202e-001
 8.0922395e-001
 8.0937320e-001
 8.0951977e-001
 8.0966383e-001
 8.0980563e-001
 8.0994564e-001
 8.1008410e-001
 8.1022131e-001
 8.1035751e-001
 8.1049275e-001
 8.1062698e-001
 8.1076020e-001
 8.1089222e-001
 8.1102300e-001
 8.1115252e-001
 8.1128067e-001
 8.1140757e-001
 8.1153327e-001
 8.1165797e-001
 8.1178188e-001
 8.1190515e-001
 8.1202781e-001
 8.1214994e-001
 8.1227130e-001
 8.1239152e-001
 8.1251019e-001
 8.1262684e-001
 8.1274110e-001
 8.1285286e-001
 8.1296188e-001
 8.1306845e-001
 8.1317270e-001
 8.1327492e-001
 8.1337547e-001
 8.1347454e-001
 8.1357217e-001
 8.1366849e-001
 8.1376320e-001
 8.1385589e-001
 8.1394601e-001
 8.1403279e-001
 8.1411541e-001
 8.1419313e-001
 8.1426531e-001
 8.1433195e-001
 8.1439328e-001
 8.1445056e-001
 8.1450540e-001
 8.1456012e-001
 8.1461746e-001
 8.1467992e-001
 8.1474990e-001
 8.1482881e-001
 8.1491721e-001
 8.1501448e-001
 8.1511885e-001
 8.1522799e-001
 8.1533879e-001
 8.1544828e-001
 8.1555372e-001
 8.1565279e-001
 8.1574380e-001
 8.1582576e-001
 8.1589812e-001
 8.1596071e-001
 8.1601334e-001
 8.1605595e-001
 8.1608838e-001
 8.1611031e-001
 8.1612116e-001
 8.1612027e-001
 8.1610680e-001
 8.1607968e-001
 8.1603789e-001
 8.1598008e-001
 8.1590486e-001
 8.1581074e-001
 8.1569600e-001
 8.1555897e-001
 8.1539798e-001
 8.1521147e-001
 8.1499797e-001
 8.1475633e-001
 8.1448579e-001
 8.1418604e-001
 8.1385744e-001
 8.1350112e-001
 8.1311917e-001
 8.1271476e-001
 8.1229246e-001
 8.1185770e-001
 8.1141746e-001
 8.1097955e-001
 8.1055242e-001
 8.1014526e-001
 8.0976683e-001
 8.0942571e-001
 8.0912930e-001
 8.0888385e-001
 8.0869389e-001
 8.0856198e-001
 8.0848873e-001
 8.0847263e-001
 8.0851042e-001
 8.0859727e-001
 8.0872697e-001
 8.0889255e-001
 8.0908650e-001
 8.0930138e-001
 8.0952990e-001
 8.0976552e-001
 8.1000239e-001
 8.1023550e-001
 8.1046093e-001
 8.1067544e-001
 8.1087697e-001
 8.1106383e-001
 8.1123513e-001
 8.1139052e-001
 8.1153005e-001
 8.1165421e-001
 8.1176382e-001
 8.1186032e-001
 8.1194544e-001
 8.1202108e-001
 8.1208962e-001
 8.1215328e-001
 8.1221431e-001
 8.1227446e-001
 8.1233507e-001
 8.1239676e-001
 8.1245959e-001
 8.1252265e-001
 8.1258470e-001
 8.1264389e-001
 8.1269825e-001
 8.1274593e-001
 8.1278533e-001
 8.1281549e-001
 8.1283581e-001
 8.1284642e-001
 8.1284791e-001
 8.1284130e-001
 8.1282789e-001
 8.1280923e-001
 8.1278688e-001
 8.1276274e-001
 8.1273872e-001
 8.1271684e-001
 8.1269938e-001
 8.1268841e-001
 8.1268585e-001
 8.1269312e-001
 8.1271082e-001
 8.1273842e-001
 8.1277406e-001
 8.1281441e-001
 8.1285465e-001
 8.1288850e-001
 8.1290853e-001
 8.1290609e-001
 8.1287128e-001
 8.1279290e-001
 8.1265831e-001
 8.1245351e-001
 8.1216371e-001
 8.1177437e-001
 8.1127375e-001
 8.1065577e-001
 8.0992317e-001
 8.0909193e-001
 8.0819273e-001
 8.0727214e-001
 8.0638999e-001
 8.0561364e-001
 8.0501091e-001
 8.0463982e-001
 8.0454081e-001
 8.0472934e-001
 8.0519360e-001
 8.0589563e-001
 8.0677730e-001
 8.0776834e-001
 8.0879623e-001
 8.0979526e-001
 8.1071293e-001
 8.1151372e-001
 8.1218016e-001
 8.1271029e-001
 8.1311488e-001
 8.1341231e-001
 8.1362486e-001
 8.1377518e-001
 8.1388348e-001
 8.1396604e-001
 8.1403470e-001
 8.1409693e-001
 8.1415659e-001
 8.1421471e-001
 8.1427044e-001
 8.1432205e-001
 8.1436729e-001
 8.1440395e-001
 8.1442994e-001
 8.1444341e-001
 8.1444269e-001
 8.1442642e-001
 8.1439364e-001
 8.1434405e-001
 8.1427801e-001
 8.1419677e-001
 8.1410217e-001
 8.1399649e-001
 8.1388223e-001
 8.1376129e-001
 8.1363487e-001
 8.1350303e-001
 8.1336462e-001
 8.1321764e-001
 8.1305933e-001
 8.1288648e-001
 8.1269628e-001
 8.1248635e-001
 8.1225497e-001
 8.1200147e-001
 8.1172609e-001
 8.1142998e-001
 8.1111509e-001
 8.1078398e-001
 8.1043994e-001
 8.1008625e-001
 8.0972648e-001
 8.0936366e-001
 8.0900079e-001
 8.0864018e-001
 8.0828345e-001
 8.0793178e-001
 8.0758560e-001
 8.0724472e-001
 8.0690849e-001
 8.0657560e-001
 8.0624413e-001
 8.0591166e-001
 8.0557489e-001
 8.0522996e-001
 8.0487233e-001
 8.0449712e-001
 8.0409920e-001
 8.0367321e-001
 8.0321443e-001
 8.0271852e-001
 8.0218220e-001
 8.0160344e-001
 8.0098093e-001
 8.0031514e-001
 7.9960728e-001
 7.9885960e-001
 7.9807514e-001
 7.9725695e-001
 7.9640824e-001
 7.9553181e-001
 7.9462934e-001
 7.9370153e-001
 7.9274738e-001
 7.9176497e-001
 7.9075134e-001
 7.8970307e-001
 7.8861827e-001
 7.8749675e-001
 7.8634238e-001
 7.8516358e-001
 7.8397411e-001
 7.8279376e-001
 7.8164709e-001
 7.8056341e-001
 7.7957433e-001
 7.7871114e-001
 7.7800250e-001
 7.7747023e-001
 7.7712655e-001
 7.7697092e-001
 7.7698886e-001
 7.7715218e-001
 7.7742177e-001
 7.7775156e-001
 7.7809417e-001
 7.7840638e-001
 7.7865338e-001
 7.7881110e-001
 7.7886665e-001
 7.7881533e-001
 7.7865726e-001
 7.7839261e-001
 7.7801824e-001
 7.7752507e-001
 7.7689892e-001
 7.7612257e-001
 7.7518046e-001
 7.7406436e-001
 7.7277803e-001
 7.7134198e-001
 7.6979393e-001
 7.6818782e-001
 7.6658839e-001
 7.6506251e-001
 7.6367146e-001
 7.6246053e-001
 7.6145291e-001
 7.6064527e-001
 7.6000738e-001
 7.5948632e-001
 7.5901216e-001
 7.5850570e-001
 7.5788593e-001
 7.5707561e-001
 7.5600493e-001
 7.5461197e-001
 7.5284010e-001
 7.5063473e-001
 7.4793577e-001
 7.4467337e-001
 7.4076146e-001
 7.3609191e-001
 7.3053735e-001
 7.2394949e-001
 7.1617299e-001
 7.0706010e-001
 6.9649005e-001
 6.8440735e-001
 6.7084461e-001
 6.5596455e-001
 6.4007986e-001
 6.2365520e-001
 6.0730433e-001
 5.9174478e-001
 5.7772899e-001
 5.6597584e-001
 5.5707330e-001
 5.5141348e-001
 5.4913706e-001
 5.5011833e-001
 5.5398828e-001
 5.6019109e-001
 5.6805909e-001
 5.7689875e-001
 5.8607244e-001
 5.9505016e-001
 6.0345119e-001
 6.1104405e-001
 6.1773527e-001
 6.2354201e-001
 6.2855124e-001
 6.3289034e-001
 6.3669437e-001
 6.4008784e-001
 6.4317483e-001
 6.4603221e-001
 6.4871460e-001
 6.5125579e-001
 6.5367591e-001
 6.5598726e-001
 6.5819740e-001
 6.6031325e-001
 6.6234481e-001
 6.6430444e-001
 6.6620982e-001
 6.6808200e-001
 6.6994542e-001
 6.7182708e-001
 6.7375314e-001
 6.7574877e-001
 6.7783457e-001
 6.8002510e-001
 6.8232822e-001
 6.8474269e-001
 6.8725950e-001
 6.8986100e-001
 6.9252264e-001
 6.9521588e-001
 6.9790840e-001
 7.0056885e-001
 7.0316696e-001
 7.0567626e-001
 7.0807576e-001
 7.1034878e-001
 7.1248299e-001
 7.1447051e-001
 7.1630490e-001
 7.1798199e-001
 7.1949768e-001
 7.2084874e-001
 7.2203362e-001
 7.2305256e-001
 7.2390997e-001
 7.2461468e-001
 7.2518092e-001
 7.2562885e-001
 7.2598302e-001
 7.2627169e-001
 7.2652459e-001
 7.2677112e-001
 7.2703856e-001
 7.2735047e-001
 7.2772610e-001
 7.2817963e-001
 7.2872037e-001
 7.2935343e-001
 7.3008013e-001
 7.3089856e-001
 7.3180449e-001
 7.3279142e-001
 7.3385167e-001
 7.3497605e-001
 7.3615456e-001
 7.3737741e-001
 7.3863411e-001
 7.3991507e-001
 7.4121106e-001
 7.4251330e-001
 7.4381453e-001
 7.4510771e-001
 7.4638742e-001
 7.4764860e-001
 7.4888718e-001
 7.5010055e-001
 7.5128645e-001
 7.5244415e-001
 7.5357324e-001
 7.5467402e-001
 7.5574756e-001
 7.5679463e-001
 7.5781631e-001
 7.5881308e-001
 7.5978500e-001
 7.6073217e-001
 7.6165384e-001
 7.6254934e-001
 7.6341832e-001
 7.6426035e-001
 7.6507592e-001
 7.6586562e-001
 7.6663077e-001
 7.6737338e-001
 7.6809531e-001
 7.6879901e-001
 7.6948631e-001
 7.7015913e-001
 7.7081901e-001
 7.7146697e-001
 7.7210379e-001
 7.7272999e-001
 7.7334565e-001
 7.7395117e-001
 7.7454656e-001
 7.7513236e-001
 7.7570862e-001
 7.7627581e-001
 7.7683431e-001
 7.7738446e-001
 7.7792639e-001
 7.7846026e-001
 7.7898604e-001
 7.7950364e-001
 7.8001273e-001
 7.8051305e-001
 7.8100437e-001
 7.8148645e-001
 7.8195924e-001
 7.8242278e-001
 7.8287721e-001
 7.8332287e-001
 7.8376001e-001
 7.8418911e-001
 7.8461033e-001
 7.8502393e-001
 7.8542995e-001
 7.8582823e-001
 7.8621840e-001
 7.8659999e-001
 7.8697205e-001
 7.8733391e-001
 7.8768438e-001
 7.8802264e-001
 7.8834772e-001
 7.8865898e-001
 7.8895617e-001
 7.8923953e-001
 7.8951001e-001
 7.8976941e-001
 7.9002047e-001
 7.9026681e-001
 7.9051268e-001
 7.9076290e-001
 7.9102248e-001
 7.9129612e-001
 7.9158765e-001
 7.9189968e-001
 7.9223329e-001
 7.9258788e-001
 7.9296100e-001
 7.9334891e-001
 7.9374677e-001
 7.9414928e-001
 7.9455119e-001
 7.9494768e-001
 7.9533499e-001
 7.9571038e-001
 7.9607207e-001
 7.9641974e-001
 7.9675353e-001
 7.9707450e-001
 7.9738402e-001
 7.9768366e-001
 7.9797506e-001
 7.9825950e-001
 7.9853815e-001
 7.9881179e-001
 7.9908091e-001
 7.9934573e-001
 7.9960603e-001
 7.9986155e-001
 8.0011195e-001
 8.0035675e-001
 8.0059546e-001
 8.0082762e-001
 8.0105281e-001
 8.0127072e-001
 8.0148113e-001
 8.0168396e-001
 8.0187923e-001
 8.0206686e-001
 8.0224705e-001
 8.0241960e-001
 8.0258447e-001
 8.0274135e-001
 8.0288988e-001
 8.0302960e-001
 8.0316013e-001
 8.0328125e-001
 8.0339295e-001
 8.0349565e-001
 8.0359036e-001
 8.0367851e-001
 8.0376208e-001
 8.0384374e-001
 8.0392641e-001
 8.0401325e-001
 8.0410743e-001
 8.0421174e-001
 8.0432832e-001
 8.0445862e-001
 8.0460298e-001
 8.0476069e-001
 8.0493027e-001
 8.0510926e-001
 8.0529493e-001
 8.0548424e-001
 8.0567420e-001
 8.0586231e-001
 8.0604655e-001
 8.0622548e-001
 8.0639827e-001
 8.0656475e-001
 8.0672497e-001
 8.0687940e-001
 8.0702865e-001
 8.0717319e-001
 8.0731362e-001
 8.0745029e-001
 8.0758363e-001
 8.0771375e-001
 8.0784070e-001
 8.0796462e-001
 8.0808556e-001
 8.0820352e-001
 8.0831856e-001
 8.0843091e-001
 8.0854076e-001
 8.0864835e-001
 8.0875397e-001
 8.0885780e-001
 8.0895984e-001
 8.0906010e-001
 8.0915850e-001
 8.0925465e-001
 8.0934829e-001
 8.0943888e-001
 8.0952615e-001
 8.0960971e-001
 8.0968928e-001
 8.0976468e-001
 8.0983603e-001
 8.0990332e-001
 8.0996698e-001
 8.1002730e-001
 8.1008470e-001
 8.1013954e-001
 8.1019199e-001
 8.1024224e-001
 8.1029016e-001
 8.1033534e-001
 8.1037724e-001
 8.1041521e-001
 8.1044829e-001
 8.1047559e-001
 8.1049609e-001
 8.1050891e-001
 8.1051320e-001
 8.1050831e-001
 8.1049371e-001
 8.1046897e-001
 8.1043375e-001
 8.1038779e-001
 8.1033051e-001
 8.1026143e-001
 8.1017965e-001
 8.1008422e-001
 8.0997419e-001
 8.0984861e-001
 8.0970687e-001
 8.0954874e-001
 8.0937487e-001
 8.0918694e-001
 8.0898762e-001
 8.0878103e-001
 8.0857235e-001
 8.0836785e-001
 8.0817443e-001
 8.0799878e-001
 8.0784720e-001
 8.0772454e-001
 8.0763394e-001
 8.0757612e-001
 8.0754954e-001
 8.0755031e-001
 8.0757278e-001
 8.0761009e-001
 8.0765498e-001
 8.0770034e-001
 8.0774003e-001
 8.0776918e-001
 8.0778438e-001
 8.0778366e-001
 8.0776644e-001
 8.0773288e-001
 8.0768394e-001
 8.0762058e-001
 8.0754399e-001
 8.0745465e-001
 8.0735284e-001
 8.0723828e-001
 8.0710989e-001
 8.0696654e-001
 8.0680633e-001
 8.0662757e-001
 8.0642837e-001
 8.0620730e-001
 8.0596322e-001
 8.0569583e-001
 8.0540538e-001
 8.0509317e-001
 8.0476129e-001
 8.0441278e-001
 8.0405128e-001
 8.0368108e-001
 8.0330694e-001
 8.0293351e-001
 8.0256540e-001
 8.0220675e-001
 8.0186081e-001
 8.0153024e-001
 8.0121630e-001
 8.0091935e-001
 8.0063868e-001
 8.0037242e-001
 8.0011821e-001
 7.9987288e-001
 7.9963291e-001
 7.9939502e-001
 7.9915583e-001
 7.9891253e-001
 7.9866284e-001
 7.9840517e-001
 7.9813886e-001
 7.9786360e-001
 7.9758006e-001
 7.9728931e-001
 7.9699290e-001
 7.9669279e-001
 7.9639125e-001
 7.9609084e-001
 7.9579413e-001
 7.9550385e-001
 7.9522270e-001
 7.9495305e-001
 7.9469693e-001
 7.9445601e-001
 7.9423106e-001
 7.9402244e-001
 7.9382962e-001
 7.9365152e-001
 7.9348648e-001
 7.9333240e-001
 7.9318684e-001
 7.9304731e-001
 7.9291123e-001
 7.9277611e-001
 7.9263979e-001
 7.9250044e-001
 7.9235655e-001
 7.9220718e-001
 7.9205191e-001
 7.9189068e-001
 7.9172391e-001
 7.9155213e-001
 7.9137611e-001
 7.9119653e-001
 7.9101384e-001
 7.9082847e-001
 7.9064023e-001
 7.9044884e-001
 7.9025358e-001
 7.9005349e-001
 7.8984737e-001
 7.8963393e-001
 7.8941172e-001
 7.8917950e-001
 7.8893596e-001
 7.8868002e-001
 7.8841078e-001
 7.8812748e-001
 7.8782970e-001
 7.8751719e-001
 7.8718996e-001
 7.8684849e-001
 7.8649330e-001
 7.8612548e-001
 7.8574687e-001
 7.8535956e-001
 7.8496683e-001
 7.8457290e-001
 7.8418303e-001
 7.8380382e-001
 7.8344285e-001
 7.8310847e-001
 7.8278768e-001
 7.8252804e-001
 7.8231943e-001
 7.8216696e-001
 7.8207320e-001
 7.8203738e-001
 7.8205580e-001
 7.8212160e-001
 7.8222567e-001
 7.8235728e-001
 7.8250486e-001
 7.8265703e-001
 7.8280318e-001
 7.8293425e-001
 7.8304297e-001
 7.8312385e-001
 7.8317356e-001
 7.8319031e-001
 7.8317356e-001
 7.8312397e-001
 7.8304273e-001
 7.8293145e-001
 7.8279185e-001
 7.8262609e-001
 7.8243619e-001
 7.8222454e-001
 7.8199339e-001
 7.8174531e-001
 7.8148264e-001
 7.8120756e-001
 7.8092188e-001
 7.8062654e-001
 7.8032213e-001
 7.8000808e-001
 7.7968347e-001
 7.7934653e-001
 7.7899534e-001
 7.7862775e-001
 7.7824169e-001
 7.7783525e-001
 7.7740657e-001
 7.7695394e-001
 7.7647561e-001
 7.7596968e-001
 7.7543390e-001
 7.7486575e-001
 7.7426231e-001
 7.7362037e-001
 7.7293652e-001
 7.7220684e-001
 7.7142769e-001
 7.7059472e-001
 7.6970387e-001
 7.6875114e-001
 7.6773214e-001
 7.6664287e-001
 7.6547909e-001
 7.6423681e-001
 7.6291215e-001
 7.6150048e-001
 7.5999767e-001
 7.5839835e-001
 7.5669694e-001
 7.5488728e-001
 7.5296175e-001
 7.5091267e-001
 7.4873203e-001
 7.4641097e-001
 7.4394208e-001
 7.4131781e-001
 7.3853260e-001
 7.3558265e-001
 7.3246449e-001
 7.2917724e-001
 7.2571933e-001
 7.2209066e-001
 7.1829116e-001
 7.1431887e-001
 7.1017355e-001
 7.0585257e-001
 7.0135510e-001
 6.9668108e-001
 6.9182968e-001
 6.8680394e-001
 6.8160647e-001
 6.7624390e-001
 6.7072606e-001
 6.6506398e-001
 6.5927470e-001
 6.5337968e-001
 6.4740294e-001
 6.4137614e-001
 6.3533264e-001
 6.2931234e-001
 6.2335914e-001
 6.1751813e-001
 6.1184007e-001
 6.0637444e-001
 6.0117346e-001
 5.9628791e-001
 5.9176362e-001
 5.8764392e-001
 5.8396316e-001
 5.8074892e-001
 5.7801938e-001
 5.7578188e-001
 5.7403547e-001
 5.7276887e-001
 5.7196319e-001
 5.7159233e-001
 5.7162428e-001
 5.7202303e-001
 5.7275009e-001
 5.7376587e-001
 5.7503068e-001
 5.7650656e-001
 5.7815695e-001
 5.7994741e-001
 5.8184695e-001
 5.8382607e-001
 5.8585888e-001
 5.8792132e-001
 5.8999175e-001
 5.9205174e-001
 5.9408408e-001
 5.9607488e-001
 5.9801185e-001
 5.9988463e-001
 6.0168582e-001
 6.0340911e-001
 6.0505080e-001
 6.0660815e-001
 6.0807991e-001
 6.0946649e-001
 6.1076838e-001
 6.1198735e-001
 6.1312521e-001
 6.1418444e-001
 6.1516809e-001
 6.1607969e-001
 6.1692333e-001
 6.1770421e-001
 6.1842823e-001
 6.1910272e-001
 6.1973560e-001
 6.2033588e-001
 6.2091339e-001
 6.2147784e-001
 6.2203908e-001
 6.2260598e-001
 6.2318629e-001
 6.2378627e-001
 6.2441027e-001
 6.2506086e-001
 6.2573856e-001
 6.2644207e-001
 6.2716895e-001
 6.2791508e-001
 6.2867624e-001
 6.2944728e-001
 6.3022339e-001
 6.3100004e-001
 6.3177305e-001
 6.3253886e-001
 6.3329470e-001
 6.3403821e-001
 6.3476813e-001
 6.3548368e-001
 6.3618505e-001
 6.3687336e-001
 6.3755047e-001
 6.3821900e-001
 6.3888168e-001
 6.3954151e-001
 6.4020157e-001
 6.4086407e-001
 6.4153135e-001
 6.4220482e-001
 6.4288539e-001
 6.4357382e-001
 6.4427012e-001
 6.4497447e-001
 6.4568669e-001
 6.4640659e-001
 6.4713418e-001
 6.4786905e-001
 6.4861125e-001
 6.4936054e-001
 6.5011644e-001
 6.5087885e-001
 6.5164739e-001
 6.5242136e-001
 6.5320045e-001
 6.5398365e-001
 6.5476990e-001
 6.5555775e-001
 6.5634519e-001
 6.5713030e-001
 6.5791047e-001
 6.5868330e-001
 6.5944582e-001
 6.6019571e-001
 6.6093022e-001
 6.6164756e-001
 6.6234684e-001
 6.6302752e-001
 6.6369116e-001
 6.6434020e-001
 6.6497838e-001
 6.6560984e-001
 6.6623974e-001
 6.6687298e-001
 6.6751373e-001
 6.6816604e-001
 6.6883302e-001
 6.6951650e-001
 6.7021781e-001
 6.7093706e-001
 6.7167360e-001
 6.7242551e-001
 6.7319053e-001
 6.7396581e-001
 6.7474782e-001
 6.7553347e-001
 6.7632008e-001
 6.7710453e-001
 6.7788488e-001
 6.7865944e-001
 6.7942590e-001
 6.8018258e-001
 6.8092674e-001
 6.8165529e-001
 6.8236327e-001
 6.8304503e-001
 6.8369317e-001
 6.8429857e-001
 6.8485069e-001
 6.8533760e-001
 6.8574518e-001
 6.8605816e-001
 6.8625933e-001
 6.8632978e-001
 6.8624896e-001
 6.8599540e-001
 6.8554735e-001
 6.8488443e-001
 6.8398905e-001
 6.8284798e-001
 6.8145561e-001
 6.7981392e-001
 6.7793411e-001
 6.7583889e-001
 6.7355943e-001
 6.7113632e-001
 6.6861635e-001
 6.6605294e-001
 6.6349912e-001
 6.6100627e-001
 6.5862215e-001
 6.5638399e-001
 6.5431750e-001
 6.5243542e-001
 6.5073353e-001
 6.4919180e-001
 6.4777488e-001
 6.4643520e-001
 6.4511430e-001
 6.4374799e-001
 6.4227200e-001
 6.4062506e-001
 6.3875484e-001
 6.3662428e-001
 6.3421339e-001
 6.3152498e-001
 6.2858629e-001
 6.2545347e-001
 6.2220687e-001
 6.1895013e-001
 6.1580759e-001
 6.1291158e-001
 6.1039615e-001
 6.0838860e-001
 6.0699683e-001
 6.0630405e-001
 6.0636359e-001
 6.0719579e-001
 6.0878915e-001
 6.1110300e-001
 6.1406952e-001
 6.1760145e-001
 6.2159663e-001
 6.2593931e-001
 6.3051122e-001
 6.3519382e-001
 6.3986921e-001
 6.4443111e-001
 6.4878434e-001
 6.5284967e-001
 6.5656197e-001
 6.5987670e-001
 6.6276598e-001
 6.6521549e-001
 6.6722596e-001
 6.6880816e-001
 6.6997939e-001
 6.7076337e-001
 6.7118657e-001
 6.7127687e-001
 6.7106318e-001
 6.7057413e-001
 6.6983700e-001
 6.6887814e-001
 6.6772091e-001
 6.6638559e-001
 6.6488981e-001
 6.6324687e-001
 6.6146684e-001
 6.5955913e-001
 6.5753138e-001
 6.5539306e-001
 6.5315604e-001
 6.5083808e-001
 6.4845961e-001
 6.4604473e-001
 6.4362085e-001
 6.4121336e-001
 6.3884437e-001
 6.3653308e-001
 6.3429052e-001
 6.3212121e-001
 6.3002485e-001
 6.2799335e-001
 6.2601352e-001
 6.2406564e-001
 6.2212527e-001
 6.2015957e-001
 6.1812854e-001
 6.1598694e-001
 6.1368257e-001
 6.1116016e-001
 6.0836649e-001
 6.0525036e-001
 6.0176831e-001
 5.9788525e-001
 5.9358007e-001
 5.8883983e-001
 5.8366126e-001
 5.7805306e-001
 5.7202601e-001
 5.6559402e-001
 5.5877739e-001
 5.5159289e-001
 5.4405874e-001
 5.3620332e-001
 5.2805948e-001
 5.1967788e-001
 5.1113123e-001
 5.0252867e-001
 4.9400795e-001
 4.8574182e-001
 4.7793886e-001
 4.7082114e-001
 4.6461657e-001
 4.5954496e-001
 4.5579174e-001
 4.5349833e-001
 4.5274895e-001
 4.5356447e-001
 4.5590091e-001
 4.5965639e-001
 4.6467623e-001
 4.7077116e-001
 4.7772989e-001
 4.8532692e-001
 4.9334523e-001
 5.0158179e-001
 5.0984812e-001
 5.1798660e-001
 5.2586377e-001
 5.3337371e-001
 5.4042929e-001
 5.4697013e-001
 5.5295372e-001
 5.5834836e-001
 5.6313890e-001
 5.6731868e-001
 5.7088512e-001
 5.7384402e-001
 5.7620478e-001
 5.7798153e-001
 5.7919234e-001
 5.7986253e-001
 5.8002365e-001
 5.7971430e-001
 5.7897985e-001
 5.7787079e-001
 5.7644147e-001
 5.7474566e-001
 5.7283425e-001
 5.7075155e-001
 5.6853515e-001
 5.6621230e-001
 5.6380218e-001
 5.6131995e-001
 5.5877662e-001
 5.5618435e-001
 5.5356210e-001
 5.5093461e-001
 5.4833591e-001
 5.4581183e-001
 5.4341561e-001
 5.4120857e-001
 5.3925657e-001
 5.3762889e-001
 5.3639114e-001
 5.3560328e-001
 5.3531480e-001
 5.3555906e-001
 5.3634977e-001
 5.3767681e-001
 5.3950530e-001
 5.4177541e-001
 5.4440641e-001
 5.4729933e-001
 5.5034858e-001
 5.5344832e-001
 5.5649847e-001
 5.5941570e-001
 5.6213564e-001
 5.6461269e-001
 5.6682348e-001
 5.6876183e-001
 5.7043368e-001
 5.7185578e-001
 5.7304955e-001
 5.7403874e-001
 5.7484573e-001
 5.7549179e-001
 5.7599521e-001
 5.7637143e-001
 5.7663375e-001
 5.7679373e-001
 5.7686138e-001
 5.7684630e-001
 5.7675773e-001
 5.7660449e-001
 5.7639515e-001
 5.7613772e-001
 5.7583916e-001
 5.7550520e-001
 5.7513970e-001
 5.7474476e-001
 5.7432061e-001
 5.7386547e-001
 5.7337600e-001
 5.7284796e-001
 5.7227600e-001
 5.7165420e-001
 5.7097626e-001
 5.7023615e-001
 5.6942737e-001
 5.6854337e-001
 5.6757832e-001
 5.6652576e-001
 5.6537926e-001
 5.6413323e-001
 5.6278127e-001
 5.6131738e-001
 5.5973530e-001
 5.5803043e-001
 5.5619800e-001
 5.5423450e-001
 5.5213982e-001
 5.4991537e-001
 5.4756600e-001
 5.4510236e-001
 5.4253787e-001
 5.3989047e-001
 5.3718400e-001
 5.3444350e-001
 5.3169620e-001
 5.2896887e-001
 5.2628851e-001
 5.2367705e-001
 5.2115196e-001
 5.1872706e-001
 5.1640874e-001
 5.1419711e-001
 5.1208824e-001
 5.1007128e-001
 5.0813168e-001
 5.0625116e-001
 5.0441092e-001
 5.0259060e-001
 5.0077075e-001
 4.9893549e-001
 4.9707067e-001
 4.9516541e-001
 4.9321342e-001
 4.9120954e-001
 4.8915029e-001
 4.8703432e-001
 4.8485863e-001
 4.8262003e-001
 4.8031405e-001
 4.7793794e-001
 4.7548845e-001
 4.7296560e-001
 4.7037661e-001
 4.6773466e-001
 4.6506265e-001
 4.6239641e-001
 4.5978096e-001
 4.5727190e-001
 4.5493177e-001
 4.5282856e-001
 4.5102790e-001
 4.4959021e-001
 4.4856668e-001
 4.4799310e-001
 4.4788811e-001
 4.4825080e-001
 4.4906002e-001
 4.5027512e-001
 4.5183846e-001
 4.5367682e-001
 4.5570773e-001
 4.5784307e-001
 4.5999184e-001
 4.6206787e-001
 4.6399158e-001
 4.6569178e-001
 4.6711025e-001
 4.6820149e-001
 4.6893290e-001
 4.6928686e-001
 4.6926004e-001
 4.6886402e-001
 4.6812567e-001
 4.6708608e-001
 4.6579918e-001
 4.6433038e-001
 4.6275058e-001
 4.6113247e-001
 4.5954597e-001
 4.5805088e-001
 4.5669404e-001
 4.5550582e-001
 4.5450071e-001
 4.5367685e-001
 4.5302001e-001
 4.5250785e-001
 4.5211363e-001
 4.5181060e-001
 4.5157540e-001
 4.5138982e-001
 4.5124182e-001
 4.5112562e-001
 4.5104021e-001
 4.5098799e-001
 4.5097274e-001
 4.5099714e-001
 4.5106089e-001
 4.5115840e-001
 4.5127717e-001
 4.5139673e-001
 4.5148808e-001
 4.5151439e-001
 4.5143270e-001
 4.5119667e-001
 4.5076007e-001
 4.5008153e-001
 4.4912806e-001
 4.4787860e-001
 4.4632778e-001
 4.4448492e-001
 4.4237414e-001
 4.4003397e-001
 4.3751124e-001
 4.3485853e-001
 4.3213272e-001
 4.2938790e-001
 4.2667520e-001
 4.2404005e-001
 4.2152366e-001
 4.1915891e-001
 4.1697213e-001
 4.1498458e-001
 4.1320875e-001
 4.1164976e-001
 4.1030556e-001
 4.0916443e-001
 4.0820679e-001
 4.0740585e-001
 4.0673041e-001
 4.0614656e-001
 4.0562159e-001
 4.0512717e-001
 4.0464091e-001
 4.0414813e-001
 4.0364221e-001
 4.0312296e-001
 4.0259507e-001
 4.0206617e-001
 4.0154359e-001
 4.0103254e-001
 4.0053433e-001
 4.0004566e-001
 3.9955789e-001
 3.9905775e-001
 3.9852881e-001
 3.9795244e-001
 3.9730972e-001
 3.9658400e-001
 3.9576161e-001
 3.9483416e-001
 3.9379919e-001
 3.9266187e-001
 3.9143363e-001
 3.9013222e-001
 3.8878167e-001
 3.8740876e-001
 3.8604221e-001
 3.8471165e-001
 3.8344407e-001
 3.8226342e-001
 3.8119048e-001
 3.8024038e-001
 3.7942371e-001
 3.7874588e-001
 3.7820777e-001
 3.7780488e-001
 3.7752774e-001
 3.7736222e-001
 3.7728897e-001
 3.7728423e-001
 3.7732068e-001
 3.7736899e-001
 3.7739974e-001
 3.7738582e-001
 3.7730452e-001
 3.7713915e-001
 3.7687954e-001
 3.7652212e-001
 3.7606847e-001
 3.7552431e-001
 3.7489867e-001
 3.7420261e-001
 3.7344953e-001
 3.7265503e-001
 3.7183782e-001
 3.7101829e-001
 3.7021816e-001
 3.6945912e-001
 3.6875951e-001
 3.6813214e-001
 3.6758277e-001
 3.6710793e-001
 3.6669564e-001
 3.6632732e-001
 3.6597985e-001
 3.6562929e-001
 3.6525372e-001
 3.6483571e-001
 3.6436254e-001
 3.6382553e-001
 3.6321905e-001
 3.6253726e-001
 3.6177292e-001
 3.6091676e-001
 3.5995698e-001
 3.5888124e-001
 3.5767874e-001
 3.5634413e-001
 3.5487846e-001
 3.5329157e-001
 3.5160407e-001
 3.4984398e-001
 3.4804535e-001
 3.4624594e-001
 3.4448037e-001
 3.4277743e-001
 3.4115836e-001
 3.3963299e-001
 3.3820224e-001
 3.3685938e-001
 3.3559480e-001
 3.3439764e-001
 3.3325970e-001
 3.3217809e-001
 3.3115408e-001
 3.3019280e-001
 3.2930225e-001
 3.2848933e-001
 3.2775897e-001
 3.2711250e-001
 3.2654807e-001
 3.2606035e-001
 3.2564193e-001
-1.2300000e+034
