s07_ASD Record=12685: Calc.25+Dolo.25+Ca-Mont AMX7  BECKb AREF
 6.1103231e-001
 6.1266297e-001
 6.1417544e-001
 6.1558735e-001
 6.1693090e-001
 6.1824071e-001
 6.1953664e-001
 6.2081259e-001
 6.2203979e-001
 6.2318021e-001
 6.2420350e-001
 6.2509751e-001
 6.2587017e-001
 6.2654728e-001
 6.2716913e-001
 6.2777901e-001
 6.2841111e-001
 6.2908697e-001
 6.2981802e-001
 6.3060778e-001
 6.3145089e-001
 6.3233095e-001
 6.3322413e-001
 6.3410801e-001
 6.3497150e-001
 6.3582098e-001
 6.3667923e-001
 6.3757229e-001
 6.3851482e-001
 6.3950926e-001
 6.4055341e-001
 6.4164793e-001
 6.4279866e-001
 6.4401579e-001
 6.4530748e-001
 6.4666796e-001
 6.4807385e-001
 6.4948726e-001
 6.5086389e-001
 6.5216321e-001
 6.5335882e-001
 6.5444231e-001
 6.5542185e-001
 6.5631735e-001
 6.5715355e-001
 6.5795541e-001
 6.5874714e-001
 6.5955305e-001
 6.6039628e-001
 6.6129285e-001
 6.6224217e-001
 6.6322178e-001
 6.6419363e-001
 6.6512275e-001
 6.6599816e-001
 6.6684198e-001
 6.6770035e-001
 6.6861206e-001
 6.6958648e-001
 6.7060035e-001
 6.7158276e-001
 6.7249572e-001
 6.7333728e-001
 6.7410588e-001
 6.7481923e-001
 6.7552119e-001
 6.7624134e-001
 6.7698550e-001
 6.7774242e-001
 6.7848670e-001
 6.7918593e-001
 6.7981285e-001
 6.8035620e-001
 6.8082732e-001
 6.8125969e-001
 6.8170142e-001
 6.8219978e-001
 6.8278325e-001
 6.8344826e-001
 6.8416005e-001
 6.8486947e-001
 6.8553901e-001
 6.8616414e-001
 6.8677521e-001
 6.8741721e-001
 6.8811953e-001
 6.8887502e-001
 6.8964291e-001
 6.9037271e-001
 6.9103569e-001
 6.9164521e-001
 6.9225729e-001
 6.9295049e-001
 6.9379663e-001
 6.9483399e-001
 6.9605279e-001
 6.9739318e-001
 6.9875801e-001
 7.0003712e-001
 7.0113468e-001
 7.0199406e-001
 7.0261610e-001
 7.0305997e-001
 7.0342624e-001
 7.0382226e-001
 7.0431280e-001
 7.0488697e-001
 7.0547354e-001
 7.0599657e-001
 7.0643502e-001
 7.0684177e-001
 7.0730430e-001
 7.0788032e-001
 7.0856082e-001
 7.0928842e-001
 7.1000892e-001
 7.1070570e-001
 7.1138901e-001
 7.1205884e-001
 7.1268529e-001
 7.1322888e-001
 7.1368086e-001
 7.1408087e-001
 7.1449190e-001
 7.1495497e-001
 7.1546429e-001
 7.1598327e-001
 7.1648216e-001
 7.1696800e-001
 7.1748847e-001
 7.1811032e-001
 7.1887642e-001
 7.1975976e-001
 7.2065300e-001
 7.2141594e-001
 7.2195166e-001
 7.2224915e-001
 7.2236937e-001
 7.2240734e-001
 7.2246480e-001
 7.2263587e-001
 7.2299373e-001
 7.2357696e-001
 7.2438258e-001
 7.2536170e-001
 7.2641534e-001
 7.2740430e-001
 7.2818899e-001
 7.2869158e-001
 7.2894078e-001
 7.2905898e-001
 7.2919255e-001
 7.2943884e-001
 7.2982806e-001
 7.3036081e-001
 7.3103935e-001
 7.3184478e-001
 7.3269445e-001
 7.3345625e-001
 7.3403376e-001
 7.3444152e-001
 7.3479056e-001
 7.3518831e-001
 7.3563856e-001
 7.3603398e-001
 7.3625994e-001
 7.3632473e-001
 7.3638999e-001
 7.3665100e-001
 7.3716855e-001
 7.3782033e-001
 7.3842597e-001
 7.3891401e-001
 7.3935020e-001
 7.3981363e-001
 7.4030185e-001
 7.4079174e-001
 7.4133074e-001
 7.4197716e-001
 7.4267197e-001
 7.4326664e-001
 7.4369061e-001
 7.4401480e-001
 7.4433720e-001
 7.4467415e-001
 7.4499750e-001
 7.4532831e-001
 7.4574381e-001
 7.4629653e-001
 7.4696279e-001
 7.4768358e-001
 7.4842167e-001
 7.4914831e-001
 7.4980748e-001
 7.5035274e-001
 7.5080901e-001
 7.5124443e-001
 7.5168717e-001
 7.5211930e-001
 7.5253767e-001
 7.5295991e-001
 7.5337911e-001
 7.5378311e-001
 7.5423008e-001
 7.5483888e-001
 7.5565618e-001
 7.5655353e-001
 7.5731111e-001
 7.5783241e-001
 7.5823545e-001
 7.5868249e-001
 7.5917190e-001
 7.5958711e-001
 7.5990516e-001
 7.6023191e-001
 7.6063782e-001
 7.6107138e-001
 7.6145434e-001
 7.6178920e-001
 7.6215845e-001
 7.6267439e-001
 7.6344436e-001
 7.6452088e-001
 7.6579690e-001
 7.6694959e-001
 7.6762408e-001
 7.6780725e-001
 7.6791060e-001
 7.6827234e-001
 7.6867348e-001
 7.6862919e-001
 7.6809430e-001
 7.6757425e-001
 7.6755524e-001
 7.6807284e-001
 7.6882887e-001
 7.6952434e-001
 7.7005708e-001
 7.7053797e-001
 7.7116138e-001
 7.7198601e-001
 7.7283090e-001
 7.7344108e-001
 7.7371955e-001
 7.7371484e-001
 7.7346653e-001
 7.7302396e-001
 7.7257240e-001
 7.7236605e-001
 7.7251059e-001
 7.7290088e-001
 7.7330726e-001
 7.7348977e-001
 7.7343976e-001
 7.7357435e-001
 7.7435887e-001
 7.7567178e-001
 7.7690822e-001
 7.7767563e-001
 7.7803093e-001
 7.7812076e-001
 7.7797556e-001
 7.7766091e-001
 7.7730829e-001
 7.7697068e-001
 7.7669811e-001
 7.7666897e-001
 7.7699465e-001
 7.7750534e-001
 7.7793443e-001
 7.7822882e-001
 7.7853668e-001
 7.7895337e-001
 7.7942598e-001
 7.7987492e-001
 7.8023791e-001
 7.8038335e-001
 7.8021413e-001
 7.7994448e-001
 7.7999085e-001
 7.8050214e-001
 7.8123575e-001
 7.8193337e-001
 7.8261447e-001
 7.8338081e-001
 7.8409773e-001
 7.8445941e-001
 7.8435886e-001
 7.8402507e-001
 7.8373891e-001
 7.8358561e-001
 7.8354084e-001
 7.8363633e-001
 7.8393388e-001
 7.8438061e-001
 7.8477252e-001
 7.8495127e-001
 7.8504705e-001
 7.8538007e-001
 7.8606850e-001
 7.8690565e-001
 7.8763986e-001
 7.8810835e-001
 7.8810000e-001
 7.8752607e-001
 7.8685629e-001
 7.8687346e-001
 7.8774494e-001
 7.8881747e-001
 7.8952956e-001
 7.9000771e-001
 7.9059047e-001
 7.9125518e-001
 7.9170048e-001
 7.9164362e-001
 7.9093218e-001
 7.8966725e-001
 7.8833443e-001
 7.8763318e-001
 7.8792441e-001
 7.8883475e-001
 7.8969020e-001
 7.9024857e-001
 7.9077923e-001
 7.9157567e-001
 7.9259783e-001
 7.9353034e-001
 7.9409558e-001
 7.9429108e-001
 7.9434419e-001
 7.9447967e-001
 7.9474485e-001
 7.9501349e-001
 7.9509616e-001
 7.9483825e-001
 7.9418129e-001
 7.9322189e-001
 7.9223275e-001
 7.9155099e-001
 7.9135311e-001
 7.9151112e-001
 7.9170787e-001
 7.9173827e-001
 7.9170746e-001
 7.9191232e-001
 7.9249609e-001
 7.9322624e-001
 7.9367727e-001
 7.9368156e-001
 7.9359245e-001
 7.9402566e-001
 7.9522842e-001
 7.9666275e-001
 7.9734182e-001
 7.9691976e-001
 7.9587770e-001
 7.9492778e-001
 7.9460210e-001
 7.9499179e-001
 7.9575139e-001
 7.9637051e-001
 7.9659957e-001
 7.9662454e-001
 7.9670346e-001
 7.9679102e-001
 7.9666787e-001
 7.9627162e-001
 7.9581767e-001
 7.9568934e-001
 7.9619163e-001
 7.9731166e-001
 7.9864877e-001
 7.9966247e-001
 8.0019295e-001
 8.0058008e-001
 8.0098128e-001
 8.0099016e-001
 8.0040312e-001
 7.9979450e-001
 7.9972273e-001
 7.9995275e-001
 8.0004281e-001
 8.0010390e-001
 8.0044526e-001
 8.0092859e-001
 8.0108207e-001
 8.0067277e-001
 8.0007339e-001
 8.0000758e-001
 8.0070513e-001
 8.0153984e-001
 8.0186129e-001
 8.0176157e-001
 8.0163246e-001
 8.0154932e-001
 8.0151284e-001
 8.0174649e-001
 8.0230296e-001
 8.0281138e-001
 8.0263525e-001
 8.0194360e-001
 8.0200362e-001
 8.0335915e-001
 8.0510956e-001
 8.0621028e-001
 8.0630046e-001
 8.0561423e-001
 8.0459291e-001
 8.0370367e-001
 8.0338728e-001
 8.0390555e-001
 8.0503440e-001
 8.0609798e-001
 8.0645025e-001
 8.0596888e-001
 8.0505651e-001
 8.0421084e-001
 8.0368817e-001
 8.0348802e-001
 8.0354232e-001
 8.0384260e-001
 8.0444324e-001
 8.0535167e-001
 8.0638188e-001
 8.0720162e-001
 8.0757111e-001
 8.0753189e-001
 8.0744332e-001
 8.0782592e-001
 8.0867827e-001
 8.0976790e-001
 8.1025869e-001
 8.0961114e-001
 8.0816841e-001
 8.0662823e-001
 8.0568933e-001
 8.0591881e-001
 8.0701822e-001
 8.0834025e-001
 8.0923712e-001
 8.0917692e-001
 8.0839431e-001
 8.0743408e-001
 8.0684173e-001
 8.0707049e-001
 8.0796057e-001
 8.0910361e-001
 8.1009084e-001
 8.1056994e-001
 8.1056541e-001
 8.1018645e-001
 8.0974501e-001
 8.0938095e-001
 8.0917943e-001
 8.0913579e-001
 8.0924153e-001
 8.0948830e-001
 8.0986625e-001
 8.1032962e-001
 8.1079751e-001
 8.1118774e-001
 8.1141752e-001
 8.1140810e-001
 8.1115568e-001
 8.1073099e-001
 8.1020808e-001
 8.0966061e-001
 8.0916190e-001
 8.0876321e-001
 8.0849606e-001
 8.0839044e-001
 8.0847651e-001
 8.0878460e-001
 8.0932653e-001
 8.1004310e-001
 8.1085801e-001
 8.1169480e-001
 8.1247699e-001
 8.1312835e-001
 8.1359029e-001
 8.1387365e-001
 8.1400573e-001
 8.1401390e-001
 8.1392556e-001
 8.1376791e-001
 8.1356853e-001
 8.1334990e-001
 8.1311685e-001
 8.1286979e-001
 8.1260926e-001
 8.1233561e-001
 8.1204945e-001
 8.1175113e-001
 8.1144130e-001
 8.1112200e-001
 8.1080264e-001
 8.1049377e-001
 8.1020647e-001
 8.0995119e-001
 8.0973893e-001
 8.0958045e-001
 8.0948651e-001
 8.0946463e-001
 8.0951059e-001
 8.0961704e-001
 8.0977702e-001
 8.0998307e-001
 8.1022835e-001
 8.1050557e-001
 8.1080759e-001
 8.1112641e-001
 8.1145173e-001
 8.1177253e-001
 8.1207764e-001
 8.1235623e-001
 8.1259716e-001
 8.1278944e-001
 8.1292200e-001
 8.1298381e-001
 8.1296396e-001
 8.1285125e-001
 8.1263483e-001
 8.1230927e-001
 8.1189001e-001
 8.1139719e-001
 8.1085104e-001
 8.1027144e-001
 8.0967879e-001
 8.0909318e-001
 8.0853462e-001
 8.0802327e-001
 8.0757922e-001
 8.0722278e-001
 8.0697399e-001
 8.0684626e-001
 8.0682892e-001
 8.0690604e-001
 8.0706191e-001
 8.0728048e-001
 8.0754584e-001
 8.0784202e-001
 8.0815315e-001
 8.0846328e-001
 8.0875647e-001
 8.0901688e-001
 8.0923194e-001
 8.0940163e-001
 8.0952829e-001
 8.0961448e-001
 8.0966246e-001
 8.0967498e-001
 8.0965436e-001
 8.0960321e-001
 8.0952376e-001
 8.0941880e-001
 8.0929095e-001
 8.0914402e-001
 8.0898207e-001
 8.0880922e-001
 8.0862939e-001
 8.0844688e-001
 8.0826551e-001
 8.0808944e-001
 8.0792272e-001
 8.0776942e-001
 8.0763155e-001
 8.0750471e-001
 8.0738258e-001
 8.0725938e-001
 8.0712891e-001
 8.0698520e-001
 8.0682212e-001
 8.0663371e-001
 8.0641395e-001
 8.0615687e-001
 8.0585992e-001
 8.0553377e-001
 8.0519104e-001
 8.0484498e-001
 8.0450857e-001
 8.0419463e-001
 8.0391634e-001
 8.0368662e-001
 8.0351835e-001
 8.0341965e-001
 8.0338144e-001
 8.0339122e-001
 8.0343664e-001
 8.0350488e-001
 8.0358386e-001
 8.0366099e-001
 8.0372375e-001
 8.0376089e-001
 8.0376542e-001
 8.0373126e-001
 8.0365229e-001
 8.0352211e-001
 8.0333495e-001
 8.0308437e-001
 8.0276436e-001
 8.0237508e-001
 8.0193746e-001
 8.0147666e-001
 8.0101788e-001
 8.0058610e-001
 8.0020666e-001
 7.9990458e-001
 7.9970503e-001
 7.9962111e-001
 7.9962659e-001
 7.9968739e-001
 7.9976243e-001
 7.9982042e-001
 7.9982603e-001
 7.9975849e-001
 7.9961771e-001
 7.9942262e-001
 7.9920518e-001
 7.9900330e-001
 7.9885602e-001
 7.9879725e-001
 7.9884648e-001
 7.9900253e-001
 7.9924941e-001
 7.9956514e-001
 7.9992682e-001
 8.0031335e-001
 8.0070722e-001
 8.0109477e-001
 8.0146545e-001
 8.0181020e-001
 8.0212104e-001
 8.0239147e-001
 8.0261761e-001
 8.0279845e-001
 8.0293530e-001
 8.0303085e-001
 8.0308843e-001
 8.0311245e-001
 8.0310833e-001
 8.0308306e-001
 8.0304450e-001
 8.0300164e-001
 8.0296439e-001
 8.0294448e-001
 8.0295622e-001
 8.0301660e-001
 8.0314440e-001
 8.0335748e-001
 8.0366856e-001
 8.0407929e-001
 8.0477285e-001
 8.0511695e-001
 8.0545837e-001
 8.0578285e-001
 8.0607861e-001
 8.0633783e-001
 8.0655766e-001
 8.0674016e-001
 8.0689174e-001
 8.0702209e-001
 8.0714184e-001
 8.0726027e-001
 8.0738324e-001
 8.0751222e-001
 8.0764407e-001
 8.0777270e-001
 8.0789053e-001
 8.0799025e-001
 8.0806607e-001
 8.0811441e-001
 8.0813432e-001
 8.0812711e-001
 8.0809587e-001
 8.0804503e-001
 8.0797982e-001
 8.0790585e-001
 8.0782926e-001
 8.0775595e-001
 8.0769140e-001
 8.0763990e-001
 8.0760419e-001
 8.0758512e-001
 8.0758142e-001
 8.0758989e-001
 8.0760592e-001
 8.0762416e-001
 8.0763978e-001
 8.0764896e-001
 8.0765033e-001
 8.0764478e-001
 8.0763578e-001
 8.0762839e-001
 8.0762851e-001
 8.0764180e-001
 8.0767274e-001
 8.0772412e-001
 8.0779719e-001
 8.0789161e-001
 8.0800617e-001
 8.0813944e-001
 8.0829000e-001
 8.0845642e-001
 8.0863714e-001
 8.0882984e-001
 8.0903095e-001
 8.0923486e-001
 8.0943412e-001
 8.0961949e-001
 8.0978131e-001
 8.0991036e-001
 8.0999988e-001
 8.1004691e-001
 8.1005329e-001
 8.1002605e-001
 8.0997604e-001
 8.0991685e-001
 8.0986178e-001
 8.0982184e-001
 8.0980366e-001
 8.0980861e-001
 8.0983299e-001
 8.0986983e-001
 8.0991048e-001
 8.0994737e-001
 8.0997556e-001
 8.0999357e-001
 8.1000328e-001
 8.1000900e-001
 8.1001592e-001
 8.1002885e-001
 8.1005108e-001
 8.1008422e-001
 8.1012827e-001
 8.1018203e-001
 8.1024373e-001
 8.1031120e-001
 8.1038177e-001
 8.1045240e-001
 8.1051922e-001
 8.1057805e-001
 8.1062472e-001
 8.1065625e-001
 8.1067163e-001
 8.1067246e-001
 8.1066310e-001
 8.1065005e-001
 8.1064039e-001
 8.1064022e-001
 8.1065279e-001
 8.1067771e-001
 8.1071031e-001
 8.1074268e-001
 8.1076497e-001
 8.1076783e-001
 8.1074387e-001
 8.1068969e-001
 8.1060648e-001
 8.1050014e-001
 8.1038022e-001
 8.1025875e-001
 8.1014824e-001
 8.1006014e-001
 8.1000334e-001
 8.0998278e-001
 8.0999923e-001
 8.1004918e-001
 8.1012535e-001
 8.1021768e-001
 8.1031466e-001
 8.1040484e-001
 8.1047803e-001
 8.1052649e-001
 8.1054574e-001
 8.1053430e-001
 8.1049353e-001
 8.1042653e-001
 8.1033689e-001
 8.1022763e-001
 8.1010056e-001
 8.0995566e-001
 8.0979162e-001
 8.0960631e-001
 8.0939746e-001
 8.0916303e-001
 8.0890119e-001
 8.0860978e-001
 8.0828547e-001
 8.0792272e-001
 8.0751413e-001
 8.0705106e-001
 8.0652499e-001
 8.0593067e-001
 8.0526793e-001
 8.0454421e-001
 8.0377465e-001
 8.0298138e-001
 8.0219114e-001
 8.0143154e-001
 8.0072820e-001
 8.0010140e-001
 7.9956460e-001
 7.9912454e-001
 7.9878205e-001
 7.9853386e-001
 7.9837441e-001
 7.9829717e-001
 7.9829508e-001
 7.9836082e-001
 7.9848623e-001
 7.9866207e-001
 7.9887843e-001
 7.9912490e-001
 7.9939198e-001
 7.9967165e-001
 7.9995811e-001
 8.0024779e-001
 8.0053848e-001
 8.0082810e-001
 8.0111367e-001
 8.0139005e-001
 8.0164999e-001
 8.0188435e-001
 8.0208349e-001
 8.0223924e-001
 8.0234635e-001
 8.0240417e-001
 8.0241716e-001
 8.0239463e-001
 8.0234981e-001
 8.0229789e-001
 8.0225360e-001
 8.0222934e-001
 8.0223346e-001
 8.0226916e-001
 8.0233490e-001
 8.0242527e-001
 8.0253279e-001
 8.0264986e-001
 8.0277056e-001
 8.0289191e-001
 8.0301416e-001
 8.0314004e-001
 8.0327392e-001
 8.0341995e-001
 8.0358070e-001
 8.0375630e-001
 8.0394423e-001
 8.0413938e-001
 8.0433494e-001
 8.0452365e-001
 8.0469859e-001
 8.0485433e-001
 8.0498731e-001
 8.0509609e-001
 8.0518156e-001
 8.0524653e-001
 8.0529559e-001
 8.0533439e-001
 8.0536932e-001
 8.0540627e-001
 8.0545008e-001
 8.0550367e-001
 8.0556709e-001
 8.0563778e-001
 8.0571032e-001
 8.0577773e-001
 8.0583233e-001
 8.0586749e-001
 8.0587882e-001
 8.0586523e-001
 8.0582947e-001
 8.0577779e-001
 8.0571920e-001
 8.0566400e-001
 8.0562252e-001
 8.0560356e-001
 8.0561322e-001
 8.0565435e-001
 8.0572635e-001
 8.0582529e-001
 8.0594492e-001
 8.0607736e-001
 8.0621421e-001
 8.0634743e-001
 8.0647027e-001
 8.0657786e-001
 8.0666739e-001
 8.0673802e-001
 8.0679119e-001
 8.0682963e-001
 8.0685735e-001
 8.0687886e-001
 8.0689859e-001
 8.0691999e-001
 8.0694526e-001
 8.0697429e-001
 8.0700487e-001
 8.0703235e-001
 8.0705017e-001
 8.0705094e-001
 8.0702770e-001
 8.0697501e-001
 8.0689049e-001
 8.0677557e-001
 8.0663532e-001
 8.0647826e-001
 8.0631500e-001
 8.0615681e-001
 8.0601424e-001
 8.0589622e-001
 8.0580944e-001
 8.0575842e-001
 8.0574590e-001
 8.0577296e-001
 8.0583942e-001
 8.0594337e-001
 8.0608058e-001
 8.0624402e-001
 8.0642349e-001
 8.0660570e-001
 8.0677587e-001
 8.0691868e-001
 8.0702072e-001
 8.0707204e-001
 8.0706751e-001
 8.0700690e-001
 8.0689430e-001
 8.0673677e-001
 8.0654275e-001
 8.0632049e-001
 8.0607712e-001
 8.0581832e-001
 8.0554855e-001
 8.0527169e-001
 8.0499160e-001
 8.0471224e-001
 8.0443776e-001
 8.0417174e-001
 8.0391717e-001
 8.0367541e-001
 8.0344629e-001
 8.0322814e-001
 8.0301845e-001
 8.0281430e-001
 8.0261308e-001
 8.0241275e-001
 8.0221170e-001
 8.0200893e-001
 8.0180311e-001
 8.0159277e-001
 8.0137587e-001
 8.0115002e-001
 8.0091280e-001
 8.0066240e-001
 8.0039781e-001
 8.0011934e-001
 7.9982889e-001
 7.9952931e-001
 7.9922426e-001
 7.9891765e-001
 7.9861277e-001
 7.9831237e-001
 7.9801768e-001
 7.9772872e-001
 7.9744452e-001
 7.9716319e-001
 7.9688215e-001
 7.9659909e-001
 7.9631132e-001
 7.9601663e-001
 7.9571271e-001
 7.9539704e-001
 7.9506713e-001
 7.9472023e-001
 7.9435384e-001
 7.9396623e-001
 7.9355699e-001
 7.9312783e-001
 7.9268247e-001
 7.9222679e-001
 7.9176825e-001
 7.9131436e-001
 7.9087186e-001
 7.9044521e-001
 7.9003584e-001
 7.8964180e-001
 7.8925794e-001
 7.8887695e-001
 7.8849065e-001
 7.8809118e-001
 7.8767270e-001
 7.8723180e-001
 7.8676879e-001
 7.8628701e-001
 7.8579277e-001
 7.8529441e-001
 7.8480089e-001
 7.8432059e-001
 7.8385997e-001
 7.8342175e-001
 7.8300428e-001
 7.8260094e-001
 7.8220046e-001
 7.8178817e-001
 7.8134751e-001
 7.8086299e-001
 7.8032243e-001
 7.7971947e-001
 7.7905470e-001
 7.7833551e-001
 7.7757519e-001
 7.7678955e-001
 7.7599394e-001
 7.7519983e-001
 7.7441108e-001
 7.7362299e-001
 7.7282178e-001
 7.7198523e-001
 7.7108622e-001
 7.7009469e-001
 7.6898241e-001
 7.6772559e-001
 7.6630694e-001
 7.6471865e-001
 7.6296103e-001
 7.6104331e-001
 7.5898135e-001
 7.5679398e-001
 7.5450152e-001
 7.5212026e-001
 7.4966121e-001
 7.4712712e-001
 7.4451035e-001
 7.4179584e-001
 7.3896092e-001
 7.3598135e-001
 7.3283541e-001
 7.2950715e-001
 7.2599310e-001
 7.2230351e-001
 7.1846145e-001
 7.1450418e-001
 7.1047604e-001
 7.0642674e-001
 7.0240521e-001
 6.9845372e-001
 6.9460768e-001
 6.9089049e-001
 6.8731660e-001
 6.8389153e-001
 6.8061316e-001
 6.7747736e-001
 6.7447776e-001
 6.7161083e-001
 6.6887611e-001
 6.6627610e-001
 6.6381836e-001
 6.6151285e-001
 6.5937328e-001
 6.5741593e-001
 6.5565872e-001
 6.5412301e-001
 6.5283120e-001
 6.5180755e-001
 6.5107572e-001
 6.5065634e-001
 6.5056449e-001
 6.5080619e-001
 6.5137666e-001
 6.5225905e-001
 6.5342516e-001
 6.5483731e-001
 6.5645164e-001
 6.5822268e-001
 6.6010529e-001
 6.6205937e-001
 6.6404974e-001
 6.6604716e-001
 6.6802871e-001
 6.6997504e-001
 6.7187124e-001
 6.7370433e-001
 6.7546415e-001
 6.7714363e-001
 6.7873818e-001
 6.8024749e-001
 6.8167442e-001
 6.8302524e-001
 6.8430895e-001
 6.8553489e-001
 6.8671155e-001
 6.8784457e-001
 6.8893474e-001
 6.8997794e-001
 6.9096416e-001
 6.9187933e-001
 6.9270742e-001
 6.9343227e-001
 6.9404113e-001
 6.9452673e-001
 6.9488883e-001
 6.9513577e-001
 6.9528341e-001
 6.9535470e-001
 6.9537717e-001
 6.9538128e-001
 6.9539720e-001
 6.9545317e-001
 6.9557285e-001
 6.9577432e-001
 6.9606906e-001
 6.9646180e-001
 6.9695109e-001
 6.9753063e-001
 6.9819081e-001
 6.9892031e-001
 6.9970870e-001
 7.0054692e-001
 7.0142889e-001
 7.0235181e-001
 7.0331496e-001
 7.0431942e-001
 7.0536578e-001
 7.0645314e-001
 7.0757830e-001
 7.0873439e-001
 7.0991236e-001
 7.1110064e-001
 7.1228737e-001
 7.1346182e-001
 7.1461529e-001
 7.1574295e-001
 7.1684301e-001
 7.1791726e-001
 7.1896988e-001
 7.2000551e-001
 7.2102869e-001
 7.2204161e-001
 7.2304386e-001
 7.2403282e-001
 7.2500348e-001
 7.2594982e-001
 7.2686684e-001
 7.2775048e-001
 7.2859937e-001
 7.2941369e-001
 7.3019516e-001
 7.3094624e-001
 7.3166823e-001
 7.3236179e-001
 7.3302615e-001
 7.3366016e-001
 7.3426336e-001
 7.3483700e-001
 7.3538500e-001
 7.3591393e-001
 7.3643279e-001
 7.3695201e-001
 7.3748147e-001
 7.3802954e-001
 7.3860162e-001
 7.3919946e-001
 7.3982167e-001
 7.4046379e-001
 7.4111956e-001
 7.4178237e-001
 7.4244571e-001
 7.4310493e-001
 7.4375737e-001
 7.4440247e-001
 7.4504173e-001
 7.4567753e-001
 7.4631244e-001
 7.4694836e-001
 7.4758577e-001
 7.4822360e-001
 7.4885798e-001
 7.4948299e-001
 7.5008982e-001
 7.5066823e-001
 7.5120795e-001
 7.5169992e-001
 7.5213897e-001
 7.5252509e-001
 7.5286525e-001
 7.5317329e-001
 7.5346792e-001
 7.5377077e-001
 7.5410306e-001
 7.5448364e-001
 7.5492650e-001
 7.5543982e-001
 7.5602436e-001
 7.5667363e-001
 7.5737375e-001
 7.5810492e-001
 7.5884312e-001
 7.5956213e-001
 7.6023656e-001
 7.6084387e-001
 7.6136714e-001
 7.6179659e-001
 7.6213062e-001
 7.6237607e-001
 7.6254606e-001
 7.6265818e-001
 7.6273197e-001
 7.6278698e-001
 7.6284087e-001
 7.6290852e-001
 7.6300114e-001
 7.6312584e-001
 7.6328534e-001
 7.6347876e-001
 7.6370227e-001
 7.6395029e-001
 7.6421654e-001
 7.6449507e-001
 7.6478064e-001
 7.6506919e-001
 7.6535815e-001
 7.6564598e-001
 7.6593232e-001
 7.6621789e-001
 7.6650369e-001
 7.6679140e-001
 7.6708287e-001
 7.6737994e-001
 7.6768458e-001
 7.6799840e-001
 7.6832277e-001
 7.6865864e-001
 7.6900625e-001
 7.6936513e-001
 7.6973397e-001
 7.7011043e-001
 7.7049136e-001
 7.7087259e-001
 7.7124900e-001
 7.7161497e-001
 7.7196401e-001
 7.7228963e-001
 7.7258509e-001
 7.7284425e-001
 7.7306211e-001
 7.7323508e-001
 7.7336192e-001
 7.7344394e-001
 7.7348542e-001
 7.7349359e-001
 7.7347809e-001
 7.7345043e-001
 7.7342266e-001
 7.7340651e-001
 7.7341193e-001
 7.7344644e-001
 7.7351433e-001
 7.7361667e-001
 7.7375132e-001
 7.7391398e-001
 7.7409858e-001
 7.7429837e-001
 7.7450693e-001
 7.7471817e-001
 7.7492738e-001
 7.7513069e-001
 7.7532512e-001
 7.7550822e-001
 7.7567768e-001
 7.7583110e-001
 7.7596587e-001
 7.7607942e-001
 7.7616942e-001
 7.7623451e-001
 7.7627456e-001
 7.7629161e-001
 7.7628994e-001
 7.7627611e-001
 7.7625877e-001
 7.7624762e-001
 7.7625257e-001
 7.7628255e-001
 7.7634430e-001
 7.7644140e-001
 7.7657413e-001
 7.7673924e-001
 7.7693051e-001
 7.7714008e-001
 7.7735913e-001
 7.7757961e-001
 7.7779496e-001
 7.7800089e-001
 7.7819574e-001
 7.7837956e-001
 7.7855426e-001
 7.7872205e-001
 7.7888477e-001
 7.7904320e-001
 7.7919626e-001
 7.7934122e-001
 7.7947384e-001
 7.7958882e-001
 7.7968085e-001
 7.7974546e-001
 7.7977955e-001
 7.7978241e-001
 7.7975523e-001
 7.7970147e-001
 7.7962589e-001
 7.7953422e-001
 7.7943248e-001
 7.7932656e-001
 7.7922165e-001
 7.7912217e-001
 7.7903140e-001
 7.7895153e-001
 7.7888340e-001
 7.7882671e-001
 7.7878016e-001
 7.7874136e-001
 7.7870739e-001
 7.7867472e-001
 7.7863979e-001
 7.7859908e-001
 7.7854967e-001
 7.7848959e-001
 7.7841794e-001
 7.7833492e-001
 7.7824199e-001
 7.7814120e-001
 7.7803469e-001
 7.7792442e-001
 7.7781159e-001
 7.7769619e-001
 7.7757704e-001
 7.7745163e-001
 7.7731639e-001
 7.7716738e-001
 7.7700073e-001
 7.7681357e-001
 7.7660495e-001
 7.7637631e-001
 7.7613205e-001
 7.7587932e-001
 7.7562773e-001
 7.7538800e-001
 7.7517074e-001
 7.7498490e-001
 7.7483582e-001
 7.7472436e-001
 7.7464581e-001
 7.7458978e-001
 7.7454102e-001
 7.7448088e-001
 7.7438921e-001
 7.7424693e-001
 7.7403849e-001
 7.7375382e-001
 7.7338964e-001
 7.7295023e-001
 7.7244699e-001
 7.7189678e-001
 7.7132046e-001
 7.7074045e-001
 7.7017802e-001
 7.6965207e-001
 7.6917672e-001
 7.6876146e-001
 7.6841038e-001
 7.6812261e-001
 7.6789349e-001
 7.6771504e-001
 7.6757753e-001
 7.6746988e-001
 7.6738065e-001
 7.6729858e-001
 7.6721293e-001
 7.6711380e-001
 7.6699275e-001
 7.6684272e-001
 7.6665854e-001
 7.6643735e-001
 7.6617831e-001
 7.6588321e-001
 7.6555538e-001
 7.6520020e-001
 7.6482356e-001
 7.6443207e-001
 7.6403189e-001
 7.6362807e-001
 7.6322454e-001
 7.6282376e-001
 7.6242650e-001
 7.6203239e-001
 7.6164007e-001
 7.6124758e-001
 7.6085311e-001
 7.6045471e-001
 7.6005143e-001
 7.5964290e-001
 7.5922996e-001
 7.5881463e-001
 7.5840014e-001
 7.5799155e-001
 7.5759506e-001
 7.5721908e-001
 7.5687325e-001
 7.5656843e-001
 7.5631613e-001
 7.5612718e-001
 7.5601047e-001
 7.5597149e-001
 7.5601047e-001
 7.5612134e-001
 7.5629097e-001
 7.5649929e-001
 7.5672048e-001
 7.5692499e-001
 7.5708234e-001
 7.5716430e-001
 7.5714797e-001
 7.5701863e-001
 7.5677097e-001
 7.5641030e-001
 7.5595158e-001
 7.5541782e-001
 7.5483733e-001
 7.5423992e-001
 7.5365347e-001
 7.5310081e-001
 7.5259703e-001
 7.5214881e-001
 7.5175470e-001
 7.5140744e-001
 7.5109589e-001
 7.5080717e-001
 7.5052881e-001
 7.5025022e-001
 7.4996370e-001
 7.4966490e-001
 7.4935317e-001
 7.4903190e-001
 7.4870765e-001
 7.4838942e-001
 7.4808717e-001
 7.4781001e-001
 7.4756449e-001
 7.4735332e-001
 7.4717426e-001
 7.4702036e-001
 7.4688625e-001
 7.4676520e-001
 7.4662846e-001
 7.4646062e-001
 7.4624920e-001
 7.4598694e-001
 7.4567300e-001
 7.4531227e-001
 7.4491388e-001
 7.4448907e-001
 7.4404985e-001
 7.4360806e-001
 7.4317485e-001
 7.4275923e-001
 7.4236774e-001
 7.4200362e-001
 7.4166620e-001
 7.4135196e-001
 7.4105471e-001
 7.4076688e-001
 7.4048018e-001
 7.4018598e-001
 7.3987603e-001
 7.3954272e-001
 7.3917949e-001
 7.3878181e-001
 7.3834670e-001
 7.3787326e-001
 7.3736155e-001
 7.3681253e-001
 7.3622763e-001
 7.3560810e-001
 7.3495543e-001
 7.3427057e-001
 7.3355412e-001
 7.3280644e-001
 7.3202682e-001
 7.3121417e-001
 7.3036712e-001
 7.2948372e-001
 7.2856247e-001
 7.2760123e-001
 7.2659868e-001
 7.2555393e-001
 7.2446662e-001
 7.2333801e-001
 7.2217035e-001
 7.2096729e-001
 7.1973348e-001
 7.1847361e-001
 7.1719301e-001
 7.1589601e-001
 7.1458620e-001
 7.1326464e-001
 7.1192759e-001
 7.1056616e-001
 7.0916438e-001
 7.0770103e-001
 7.0615071e-001
 7.0448488e-001
 7.0267487e-001
 7.0069176e-001
 6.9850969e-001
 6.9610822e-001
 6.9347483e-001
 6.9060981e-001
 6.8752688e-001
 6.8425065e-001
 6.8081599e-001
 6.7726153e-001
 6.7362922e-001
 6.6996092e-001
 6.6629446e-001
 6.6266328e-001
 6.5908909e-001
 6.5558064e-001
 6.5213156e-001
 6.4872015e-001
 6.4531618e-001
 6.4188170e-001
 6.3837731e-001
 6.3476342e-001
 6.3100159e-001
 6.2706059e-001
 6.2291634e-001
 6.1855870e-001
 6.1399144e-001
 6.0922915e-001
 6.0429716e-001
 5.9922642e-001
 5.9404886e-001
 5.8880007e-001
 5.8351380e-001
 5.7822651e-001
 5.7297564e-001
 5.6779838e-001
 5.6273603e-001
 5.5782884e-001
 5.5312008e-001
 5.4865348e-001
 5.4447120e-001
 5.4061651e-001
 5.3712845e-001
 5.3404236e-001
 5.3138512e-001
 5.2917135e-001
 5.2740425e-001
 5.2607483e-001
 5.2516633e-001
 5.2465677e-001
 5.2452165e-001
 5.2473521e-001
 5.2527112e-001
 5.2610207e-001
 5.2719915e-001
 5.2853191e-001
 5.3006750e-001
 5.3177112e-001
 5.3360701e-001
 5.3553796e-001
 5.3752744e-001
 5.3953868e-001
 5.4153663e-001
 5.4349047e-001
 5.4537427e-001
 5.4717094e-001
 5.4887146e-001
 5.5047482e-001
 5.5198640e-001
 5.5341440e-001
 5.5476928e-001
 5.5606145e-001
 5.5730087e-001
 5.5849677e-001
 5.5965549e-001
 5.6078094e-001
 5.6187338e-001
 5.6292993e-001
 5.6394601e-001
 5.6491518e-001
 5.6583071e-001
 5.6668591e-001
 5.6747460e-001
 5.6819224e-001
 5.6883645e-001
 5.6940830e-001
 5.6991267e-001
 5.7035732e-001
 5.7075298e-001
 5.7111132e-001
 5.7144493e-001
 5.7176632e-001
 5.7208729e-001
 5.7241833e-001
 5.7276738e-001
 5.7313883e-001
 5.7353371e-001
 5.7394940e-001
 5.7438093e-001
 5.7482189e-001
 5.7526505e-001
 5.7570338e-001
 5.7613039e-001
 5.7654083e-001
 5.7693201e-001
 5.7730430e-001
 5.7766175e-001
 5.7801133e-001
 5.7836252e-001
 5.7872629e-001
 5.7911396e-001
 5.7953691e-001
 5.8000541e-001
 5.8052766e-001
 5.8110875e-001
 5.8174855e-001
 5.8244228e-001
 5.8318013e-001
 5.8394873e-001
 5.8473319e-001
 5.8551717e-001
 5.8628505e-001
 5.8702224e-001
 5.8771718e-001
 5.8836341e-001
 5.8896118e-001
 5.8951843e-001
 5.9004968e-001
 5.9057456e-001
 5.9111571e-001
 5.9169698e-001
 5.9234220e-001
 5.9307396e-001
 5.9391159e-001
 5.9486943e-001
 5.9595454e-001
 5.9716618e-001
 5.9849685e-001
 5.9993333e-001
 6.0145986e-001
 6.0305858e-001
 6.0471249e-001
 6.0640359e-001
 6.0811698e-001
 6.0984069e-001
 6.1156553e-001
 6.1328799e-001
 6.1500818e-001
 6.1672956e-001
 6.1845613e-001
 6.2019390e-001
 6.2194872e-001
 6.2372464e-001
 6.2552494e-001
 6.2735003e-001
 6.2919474e-001
 6.3105065e-001
 6.3290477e-001
 6.3474149e-001
 6.3654214e-001
 6.3828850e-001
 6.3996255e-001
 6.4154631e-001
 6.4302558e-001
 6.4439052e-001
 6.4563638e-001
 6.4676601e-001
 6.4778829e-001
 6.4871562e-001
 6.4956391e-001
 6.5035003e-001
 6.5109116e-001
 6.5180331e-001
 6.5250111e-001
 6.5319645e-001
 6.5389657e-001
 6.5460479e-001
 6.5532053e-001
 6.5603954e-001
 6.5675652e-001
 6.5746504e-001
 6.5815872e-001
 6.5883106e-001
 6.5947700e-001
 6.6009301e-001
 6.6067737e-001
 6.6123110e-001
 6.6175747e-001
 6.6226083e-001
 6.6274703e-001
 6.6322225e-001
 6.6369218e-001
 6.6416258e-001
 6.6463792e-001
 6.6512102e-001
 6.6561204e-001
 6.6610873e-001
 6.6660637e-001
 6.6709828e-001
 6.6757691e-001
 6.6803443e-001
 6.6846257e-001
 6.6885430e-001
 6.6920358e-001
 6.6950715e-001
 6.6976458e-001
 6.6997945e-001
 6.7015845e-001
 6.7031050e-001
 6.7044628e-001
 6.7057681e-001
 6.7071325e-001
 6.7086583e-001
 6.7104328e-001
 6.7125171e-001
 6.7149311e-001
 6.7176563e-001
 6.7206365e-001
 6.7237854e-001
 6.7270029e-001
 6.7301810e-001
 6.7332095e-001
 6.7359853e-001
 6.7384177e-001
 6.7404360e-001
 6.7420000e-001
 6.7431015e-001
 6.7437619e-001
 6.7440236e-001
 6.7439407e-001
 6.7435753e-001
 6.7429918e-001
 6.7422515e-001
 6.7414159e-001
 6.7405409e-001
 6.7396766e-001
 6.7388648e-001
 6.7381436e-001
 6.7375445e-001
 6.7370975e-001
 6.7368299e-001
 6.7367685e-001
 6.7369360e-001
 6.7373514e-001
 6.7380244e-001
 6.7389518e-001
 6.7401201e-001
 6.7415011e-001
 6.7430598e-001
 6.7447555e-001
 6.7465454e-001
 6.7483854e-001
 6.7502332e-001
 6.7520469e-001
 6.7537880e-001
 6.7554235e-001
 6.7569256e-001
 6.7582679e-001
 6.7594302e-001
 6.7603934e-001
 6.7611390e-001
 6.7616498e-001
 6.7619079e-001
 6.7618978e-001
 6.7616045e-001
 6.7610151e-001
 6.7601198e-001
 6.7589098e-001
 6.7573786e-001
 6.7555195e-001
 6.7533284e-001
 6.7508012e-001
 6.7479372e-001
 6.7447400e-001
 6.7412269e-001
 6.7374253e-001
 6.7333764e-001
 6.7291391e-001
 6.7247778e-001
 6.7203635e-001
 6.7159718e-001
 6.7116761e-001
 6.7075443e-001
 6.7036378e-001
 6.7000031e-001
 6.6966671e-001
 6.6936314e-001
 6.6908830e-001
 6.6883898e-001
 6.6861129e-001
 6.6840100e-001
 6.6820377e-001
 6.6801560e-001
 6.6783327e-001
 6.6765487e-001
 6.6748023e-001
 6.6731113e-001
 6.6715127e-001
 6.6700542e-001
 6.6687918e-001
 6.6677850e-001
 6.6670918e-001
 6.6667616e-001
 6.6668296e-001
 6.6673028e-001
 6.6681534e-001
 6.6693145e-001
 6.6706812e-001
 6.6721243e-001
 6.6734976e-001
 6.6746479e-001
 6.6754222e-001
 6.6756713e-001
 6.6752595e-001
 6.6740698e-001
 6.6720146e-001
 6.6690367e-001
 6.6651070e-001
 6.6602159e-001
 6.6543645e-001
 6.6475648e-001
 6.6398233e-001
 6.6311407e-001
 6.6215104e-001
 6.6108996e-001
 6.5992445e-001
 6.5864581e-001
 6.5724152e-001
 6.5569735e-001
 6.5399730e-001
 6.5212619e-001
 6.5006822e-001
 6.4780945e-001
 6.4534140e-001
 6.4266062e-001
 6.3977259e-001
 6.3669491e-001
 6.3345206e-001
 6.3007587e-001
 6.2660140e-001
 6.2306798e-001
 6.1951327e-001
 6.1597484e-001
 6.1249197e-001
 6.0910046e-001
 6.0583460e-001
 6.0272926e-001
 5.9981543e-001
 5.9712309e-001
 5.9468329e-001
 5.9252447e-001
 5.9067428e-001
 5.8915704e-001
 5.8799171e-001
 5.8718568e-001
 5.8673275e-001
 5.8661097e-001
 5.8678430e-001
 5.8720630e-001
 5.8782405e-001
 5.8858222e-001
 5.8942509e-001
 5.9029931e-001
 5.9115577e-001
 5.9195429e-001
 5.9266609e-001
 5.9327447e-001
 5.9377456e-001
 5.9416980e-001
 5.9446830e-001
 5.9468102e-001
 5.9481949e-001
 5.9489518e-001
 5.9491849e-001
 5.9489828e-001
 5.9484124e-001
 5.9475136e-001
 5.9463060e-001
 5.9447896e-001
 5.9429580e-001
 5.9407973e-001
 5.9382915e-001
 5.9354240e-001
 5.9321767e-001
 5.9285283e-001
 5.9244525e-001
 5.9199232e-001
 5.9149086e-001
 5.9093720e-001
 5.9032810e-001
 5.8965981e-001
 5.8892882e-001
 5.8813262e-001
 5.8726913e-001
 5.8633786e-001
 5.8534157e-001
 5.8428466e-001
 5.8317423e-001
 5.8201861e-001
 5.8082819e-001
 5.7961273e-001
 5.7838213e-001
 5.7714635e-001
 5.7591313e-001
 5.7468802e-001
 5.7347411e-001
 5.7227015e-001
 5.7107210e-001
 5.6987321e-001
 5.6866622e-001
 5.6744242e-001
 5.6619287e-001
 5.6490970e-001
 5.6358492e-001
 5.6221133e-001
 5.6078422e-001
 5.5929953e-001
 5.5775440e-001
 5.5614823e-001
 5.5447996e-001
 5.5274928e-001
 5.5095589e-001
 5.4910165e-001
 5.4718894e-001
 5.4522264e-001
 5.4321295e-001
 5.4117286e-001
 5.3911895e-001
 5.3707224e-001
 5.3505361e-001
 5.3308523e-001
 5.3118831e-001
 5.2938336e-001
 5.2768576e-001
 5.2610415e-001
 5.2463907e-001
 5.2328008e-001
 5.2200752e-001
 5.2079606e-001
 5.1961535e-001
 5.1843357e-001
 5.1721972e-001
 5.1594394e-001
 5.1458126e-001
 5.1311398e-001
 5.1153570e-001
 5.0985050e-001
 5.0807291e-001
 5.0622606e-001
 5.0433654e-001
 5.0243306e-001
 5.0054586e-001
 4.9870288e-001
 4.9692985e-001
 4.9524742e-001
 4.9367130e-001
 4.9220905e-001
 4.9086213e-001
 4.8962834e-001
 4.8850179e-001
 4.8747537e-001
 4.8654228e-001
 4.8569536e-001
 4.8492849e-001
 4.8423693e-001
 4.8361850e-001
 4.8307282e-001
 4.8260167e-001
 4.8220867e-001
 4.8189798e-001
 4.8167443e-001
 4.8154321e-001
 4.8150977e-001
 4.8158020e-001
 4.8176160e-001
 4.8206243e-001
 4.8249266e-001
 4.8306379e-001
 4.8378778e-001
 4.8467758e-001
 4.8574638e-001
 4.8700586e-001
 4.8846665e-001
 4.9013591e-001
 4.9201325e-001
 4.9409115e-001
 4.9635243e-001
 4.9877211e-001
 5.0131702e-001
 5.0395191e-001
 5.0663990e-001
 5.0934196e-001
 5.1202250e-001
 5.1464909e-001
 5.1719362e-001
 5.1963758e-001
 5.2197176e-001
 5.2419317e-001
 5.2630627e-001
 5.2831805e-001
 5.3023762e-001
 5.3207266e-001
 5.3383172e-001
 5.3552163e-001
 5.3714526e-001
 5.3870302e-001
 5.4019165e-001
 5.4160279e-001
 5.4292649e-001
 5.4415059e-001
 5.4526240e-001
 5.4624838e-001
 5.4709607e-001
 5.4779321e-001
 5.4832762e-001
 5.4868066e-001
 5.4880029e-001
 5.4878056e-001
 5.4860389e-001
 5.4828513e-001
 5.4783899e-001
 5.4728007e-001
 5.4662359e-001
 5.4588389e-001
 5.4507595e-001
 5.4421449e-001
 5.4331332e-001
 5.4238015e-001
 5.4141861e-001
 5.4043210e-001
 5.3942406e-001
 5.3839868e-001
 5.3735924e-001
 5.3630936e-001
 5.3525251e-001
 5.3419268e-001
 5.3313327e-001
 5.3207803e-001
 5.3103018e-001
 5.2999389e-001
 5.2897197e-001
 5.2796239e-001
 5.2696037e-001
 5.2596080e-001
 5.2495950e-001
 5.2395129e-001
 5.2293140e-001
 5.2189487e-001
 5.2083725e-001
 5.1975358e-001
 5.1863903e-001
 5.1748860e-001
 5.1629794e-001
 5.1506197e-001
 5.1377589e-001
 5.1243508e-001
 5.1103401e-001
 5.0956893e-001
 5.0803512e-001
 5.0643325e-001
 5.0476635e-001
 5.0303864e-001
 5.0125283e-001
 4.9941257e-001
 4.9752060e-001
 4.9558127e-001
 4.9359745e-001
 4.9157253e-001
 4.8950982e-001
 4.8741230e-001
 4.8528418e-001
 4.8312849e-001
 4.8094848e-001
 4.7874701e-001
 4.7652850e-001
 4.7429579e-001
 4.7205222e-001
 4.6980068e-001
 4.6754557e-001
 4.6528971e-001
 4.6303630e-001
 4.6078622e-001
 4.5854133e-001
 4.5630169e-001
 4.5406795e-001
 4.5184076e-001
 4.4962028e-001
 4.4740811e-001
 4.4520453e-001
 4.4301009e-001
 4.4082493e-001
 4.3865082e-001
 4.3648779e-001
 4.3433657e-001
 4.3219724e-001
 4.3007153e-001
 4.2795959e-001
 4.2586201e-001
 4.2377949e-001
 4.2171216e-001
 4.1966167e-001
 4.1762823e-001
 4.1561243e-001
 4.1361445e-001
 4.1163591e-001
 4.0967700e-001
 4.0773827e-001
 4.0581903e-001
 4.0391973e-001
 4.0203926e-001
 4.0017700e-001
 3.9833248e-001
 3.9650464e-001
 3.9469382e-001
 3.9289895e-001
 3.9111945e-001
 3.8935444e-001
 3.8760409e-001
 3.8586742e-001
 3.8414383e-001
 3.8243243e-001
 3.8073340e-001
 3.7904578e-001
 3.7736896e-001
 3.7570199e-001
 3.7404513e-001
 3.7239739e-001
 3.7075818e-001
 3.6912692e-001
 3.6750269e-001
 3.6588565e-001
 3.6427483e-001
 3.6266974e-001
 3.6106935e-001
 3.5947385e-001
 3.5788232e-001
 3.5629463e-001
 3.5471347e-001
 3.5314429e-001
 3.5159144e-001
