s07_ASD Record=13121: Covellite-Pyrite HS477.2B     BECKb AREF
 2.1412840e-002
 2.1514917e-002
 2.1607429e-002
 2.1685172e-002
 2.1744745e-002
 2.1785486e-002
 2.1809170e-002
 2.1818854e-002
 2.1817625e-002
 2.1807764e-002
 2.1790596e-002
 2.1767059e-002
 2.1738498e-002
 2.1707574e-002
 2.1679092e-002
 2.1659570e-002
 2.1655021e-002
 2.1668276e-002
 2.1697206e-002
 2.1734688e-002
 2.1770529e-002
 2.1795051e-002
 2.1802640e-002
 2.1793220e-002
 2.1771442e-002
 2.1744754e-002
 2.1720789e-002
 2.1704454e-002
 2.1696748e-002
 2.1695998e-002
 2.1699699e-002
 2.1706041e-002
 2.1714589e-002
 2.1726411e-002
 2.1743858e-002
 2.1769026e-002
 2.1801680e-002
 2.1838102e-002
 2.1871485e-002
 2.1894315e-002
 2.1901863e-002
 2.1894675e-002
 2.1878589e-002
 2.1861963e-002
 2.1851666e-002
 2.1850122e-002
 2.1854917e-002
 2.1860713e-002
 2.1861991e-002
 2.1855358e-002
 2.1840824e-002
 2.1821944e-002
 2.1804571e-002
 2.1794405e-002
 2.1794572e-002
 2.1804769e-002
 2.1822095e-002
 2.1843361e-002
 2.1867177e-002
 2.1894911e-002
 2.1929950e-002
 2.1971500e-002
 2.2017617e-002
 2.2066293e-002
 2.2113336e-002
 2.2155298e-002
 2.2192201e-002
 2.2224808e-002
 2.2252711e-002
 2.2274524e-002
 2.2289935e-002
 2.2302276e-002
 2.2318393e-002
 2.2345262e-002
 2.2385383e-002
 2.2433724e-002
 2.2478329e-002
 2.2504859e-002
 2.2502897e-002
 2.2470940e-002
 2.2417631e-002
 2.2358771e-002
 2.2311687e-002
 2.2289658e-002
 2.2298625e-002
 2.2336835e-002
 2.2396607e-002
 2.2467159e-002
 2.2537632e-002
 2.2599973e-002
 2.2650855e-002
 2.2691678e-002
 2.2725893e-002
 2.2754773e-002
 2.2774406e-002
 2.2776540e-002
 2.2754233e-002
 2.2709707e-002
 2.2658352e-002
 2.2624031e-002
 2.2627734e-002
 2.2676496e-002
 2.2760129e-002
 2.2857012e-002
 2.2944968e-002
 2.3012089e-002
 2.3058800e-002
 2.3090268e-002
 2.3108726e-002
 2.3113798e-002
 2.3109512e-002
 2.3108382e-002
 2.3125343e-002
 2.3165960e-002
 2.3221249e-002
 2.3275755e-002
 2.3321345e-002
 2.3362597e-002
 2.3409043e-002
 2.3464387e-002
 2.3524806e-002
 2.3585739e-002
 2.3646183e-002
 2.3704831e-002
 2.3754893e-002
 2.3786532e-002
 2.3796169e-002
 2.3793358e-002
 2.3797916e-002
 2.3828590e-002
 2.3891311e-002
 2.3975378e-002
 2.4060132e-002
 2.4127107e-002
 2.4168782e-002
 2.4188736e-002
 2.4195520e-002
 2.4197312e-002
 2.4201745e-002
 2.4218332e-002
 2.4256811e-002
 2.4319271e-002
 2.4393341e-002
 2.4456797e-002
 2.4493638e-002
 2.4507094e-002
 2.4515500e-002
 2.4535347e-002
 2.4570365e-002
 2.4617165e-002
 2.4676716e-002
 2.4753843e-002
 2.4843683e-002
 2.4923718e-002
 2.4966389e-002
 2.4962431e-002
 2.4929591e-002
 2.4897089e-002
 2.4883518e-002
 2.4891086e-002
 2.4916584e-002
 2.4958679e-002
 2.5011206e-002
 2.5058240e-002
 2.5086569e-002
 2.5100524e-002
 2.5114566e-002
 2.5131797e-002
 2.5139684e-002
 2.5127990e-002
 2.5101470e-002
 2.5072493e-002
 2.5049973e-002
 2.5040856e-002
 2.5055550e-002
 2.5100984e-002
 2.5166003e-002
 2.5222015e-002
 2.5246754e-002
 2.5245268e-002
 2.5240030e-002
 2.5242038e-002
 2.5241023e-002
 2.5225589e-002
 2.5203381e-002
 2.5193857e-002
 2.5205053e-002
 2.5228234e-002
 2.5259746e-002
 2.5316337e-002
 2.5412243e-002
 2.5521478e-002
 2.5580589e-002
 2.5543027e-002
 2.5431672e-002
 2.5330573e-002
 2.5316613e-002
 2.5394889e-002
 2.5500165e-002
 2.5559139e-002
 2.5549214e-002
 2.5501959e-002
 2.5460830e-002
 2.5445826e-002
 2.5457134e-002
 2.5492633e-002
 2.5541922e-002
 2.5572214e-002
 2.5547136e-002
 2.5467657e-002
 2.5382873e-002
 2.5356548e-002
 2.5424348e-002
 2.5569685e-002
 2.5725370e-002
 2.5812052e-002
 2.5803123e-002
 2.5751757e-002
 2.5732867e-002
 2.5764935e-002
 2.5812874e-002
 2.5852932e-002
 2.5895469e-002
 2.5945667e-002
 2.5978858e-002
 2.5969135e-002
 2.5926838e-002
 2.5894480e-002
 2.5906082e-002
 2.5957927e-002
 2.6021576e-002
 2.6071206e-002
 2.6086634e-002
 2.6052957e-002
 2.5988780e-002
 2.5955951e-002
 2.5998415e-002
 2.6085921e-002
 2.6163461e-002
 2.6229769e-002
 2.6305232e-002
 2.6356068e-002
 2.6336314e-002
 2.6283182e-002
 2.6279390e-002
 2.6332380e-002
 2.6376413e-002
 2.6385473e-002
 2.6407279e-002
 2.6480636e-002
 2.6580444e-002
 2.6658200e-002
 2.6692396e-002
 2.6684530e-002
 2.6640182e-002
 2.6588805e-002
 2.6592858e-002
 2.6678594e-002
 2.6781715e-002
 2.6823379e-002
 2.6816146e-002
 2.6836080e-002
 2.6912142e-002
 2.7006898e-002
 2.7084300e-002
 2.7130183e-002
 2.7141081e-002
 2.7147943e-002
 2.7198875e-002
 2.7283598e-002
 2.7330874e-002
 2.7301697e-002
 2.7239924e-002
 2.7209476e-002
 2.7217574e-002
 2.7242960e-002
 2.7314605e-002
 2.7474280e-002
 2.7661035e-002
 2.7764196e-002
 2.7790893e-002
 2.7846010e-002
 2.7958417e-002
 2.8058540e-002
 2.8116925e-002
 2.8187700e-002
 2.8322022e-002
 2.8493045e-002
 2.8632093e-002
 2.8724397e-002
 2.8808540e-002
 2.8878387e-002
 2.8876068e-002
 2.8809784e-002
 2.8779561e-002
 2.8846730e-002
 2.8972145e-002
 2.9114900e-002
 2.9288914e-002
 2.9482737e-002
 2.9621415e-002
 2.9661579e-002
 2.9662717e-002
 2.9727751e-002
 2.9907279e-002
 3.0166553e-002
 3.0407287e-002
 3.0521588e-002
 3.0480858e-002
 3.0402014e-002
 3.0476928e-002
 3.0790059e-002
 3.1231720e-002
 3.1604089e-002
 3.1782351e-002
 3.1788256e-002
 3.1741589e-002
 3.1755470e-002
 3.1876333e-002
 3.2081235e-002
 3.2310870e-002
 3.2508004e-002
 3.2639813e-002
 3.2701641e-002
 3.2711491e-002
 3.2703739e-002
 3.2717034e-002
 3.2774154e-002
 3.2869037e-002
 3.2978460e-002
 3.3091620e-002
 3.3228498e-002
 3.3423334e-002
 3.3682279e-002
 3.3956230e-002
 3.4164939e-002
 3.4258790e-002
 3.4261223e-002
 3.4248658e-002
 3.4287591e-002
 3.4389600e-002
 3.4521218e-002
 3.4648765e-002
 3.4770951e-002
 3.4914117e-002
 3.5103384e-002
 3.5339069e-002
 3.5592727e-002
 3.5813905e-002
 3.5945829e-002
 3.5967357e-002
 3.5951473e-002
 3.6053982e-002
 3.6307152e-002
 3.6454741e-002
 3.6370140e-002
 3.6304504e-002
 3.6510553e-002
 3.6856778e-002
 3.7062597e-002
 3.7079442e-002
 3.7047688e-002
 3.7070464e-002
 3.7150562e-002
 3.7256174e-002
 3.7385900e-002
 3.7568506e-002
 3.7791647e-002
 3.7971605e-002
 3.8043860e-002
 3.8039465e-002
 3.8024873e-002
 3.8028259e-002
 3.8072135e-002
 3.8198519e-002
 3.8386382e-002
 3.8519647e-002
 3.8532984e-002
 3.8511906e-002
 3.8554516e-002
 3.8633149e-002
 3.8685244e-002
 3.8732070e-002
 3.8814411e-002
 3.8904797e-002
 3.8967628e-002
 3.9027277e-002
 3.9103139e-002
 3.9157107e-002
 3.9182901e-002
 3.9257266e-002
 3.9406959e-002
 3.9527878e-002
 3.9548300e-002
 3.9554201e-002
 3.9633822e-002
 3.9721753e-002
 3.9735164e-002
 3.9694298e-002
 3.9726276e-002
 3.9878506e-002
 4.0016886e-002
 4.0056225e-002
 4.0064041e-002
 4.0121816e-002
 4.0229075e-002
 4.0314630e-002
 4.0311236e-002
 4.0238235e-002
 4.0201500e-002
 4.0297277e-002
 4.0512733e-002
 4.0729646e-002
 4.0828709e-002
 4.0789604e-002
 4.0691275e-002
 4.0624306e-002
 4.0615972e-002
 4.0629786e-002
 4.0625893e-002
 4.0615235e-002
 4.0659111e-002
 4.0809184e-002
 4.1037098e-002
 4.1245416e-002
 4.1346949e-002
 4.1317452e-002
 4.1202445e-002
 4.1085806e-002
 4.1035585e-002
 4.1028343e-002
 4.1058440e-002
 4.1110311e-002
 4.1173499e-002
 4.1239575e-002
 4.1300144e-002
 4.1348491e-002
 4.1389130e-002
 4.1431069e-002
 4.1483358e-002
 4.1552663e-002
 4.1630160e-002
 4.1700721e-002
 4.1749217e-002
 4.1763902e-002
 4.1755401e-002
 4.1743442e-002
 4.1747764e-002
 4.1784417e-002
 4.1844975e-002
 4.1921332e-002
 4.1970614e-002
 4.1986272e-002
 4.1969631e-002
 4.1940913e-002
 4.1921165e-002
 4.1931435e-002
 4.1991822e-002
 4.2101137e-002
 4.2237014e-002
 4.2376213e-002
 4.2495452e-002
 4.2572234e-002
 4.2600393e-002
 4.2589940e-002
 4.2551570e-002
 4.2495962e-002
 4.2433713e-002
 4.2372856e-002
 4.2318985e-002
 4.2277560e-002
 4.2254075e-002
 4.2253997e-002
 4.2280972e-002
 4.2331524e-002
 4.2400476e-002
 4.2482626e-002
 4.2572804e-002
 4.2665787e-002
 4.2756613e-002
 4.2841032e-002
 4.2914998e-002
 4.2974453e-002
 4.3015353e-002
 4.3033641e-002
 4.3025266e-002
 4.2989582e-002
 4.2938933e-002
 4.2888708e-002
 4.2854369e-002
 4.2851303e-002
 4.2894956e-002
 4.3000750e-002
 4.3184083e-002
 4.3453205e-002
 4.3789100e-002
 4.4166464e-002
 4.4559855e-002
 4.4943981e-002
 4.5293394e-002
 4.5582768e-002
 4.5786764e-002
 4.5888141e-002
 4.5900233e-002
 4.5843430e-002
 4.5738153e-002
 4.5604821e-002
 4.5463812e-002
 4.5335580e-002
 4.5240495e-002
 4.5193847e-002
 4.5191932e-002
 4.5226678e-002
 4.5290012e-002
 4.5373876e-002
 4.5470182e-002
 4.5570888e-002
 4.5667890e-002
 4.5753151e-002
 4.5818582e-002
 4.5856126e-002
 4.5857698e-002
 4.5818415e-002
 4.5744896e-002
 4.5646366e-002
 4.5532074e-002
 4.5411222e-002
 4.5293078e-002
 4.5186847e-002
 4.5101762e-002
 4.5047063e-002
 4.5031976e-002
 4.5065735e-002
 4.5157574e-002
 4.5312829e-002
 4.5523021e-002
 4.5776512e-002
 4.6061765e-002
 4.6367127e-002
 4.6681061e-002
 4.6991907e-002
 4.7288150e-002
 4.7558121e-002
 4.7790267e-002
 4.7973007e-002
 4.8097685e-002
 4.8166186e-002
 4.8182618e-002
 4.8151143e-002
 4.8075896e-002
 4.7961004e-002
 4.7810636e-002
 4.7628909e-002
 4.7419999e-002
 4.7187991e-002
 4.6938110e-002
 4.6678983e-002
 4.6420012e-002
 4.6170678e-002
 4.5940351e-002
 4.5738518e-002
 4.5574550e-002
 4.5457918e-002
 4.5398019e-002
 4.5404296e-002
 4.5481969e-002
 4.5621861e-002
 4.5811769e-002
 4.6039429e-002
 4.6292659e-002
 4.6559166e-002
 4.6826754e-002
 4.7083225e-002
 4.7316290e-002
 4.7513776e-002
 4.7667973e-002
 4.7786668e-002
 4.7880836e-002
 4.7961496e-002
 4.8039638e-002
 4.8126262e-002
 4.8232354e-002
 4.8368949e-002
 4.8546992e-002
 4.8771713e-002
 4.9029008e-002
 4.9300663e-002
 4.9568605e-002
 4.9814623e-002
 5.0020620e-002
 5.0168410e-002
 5.0239876e-002
 5.0223481e-002
 5.0129525e-002
 4.9972832e-002
 4.9768165e-002
 4.9530357e-002
 4.9274169e-002
 4.9014449e-002
 4.8765961e-002
 4.8542108e-002
 4.8351895e-002
 4.8203330e-002
 4.8104491e-002
 4.8063397e-002
 4.8088115e-002
 4.8186686e-002
 4.8367143e-002
 4.8629887e-002
 4.8950467e-002
 4.9299583e-002
 4.9620163e-002
 4.9924739e-002
 5.0166521e-002
 5.0325312e-002
 5.0397754e-002
 5.0394587e-002
 5.0336026e-002
 5.0246790e-002
 5.0152455e-002
 5.0075263e-002
 5.0027993e-002
 5.0010096e-002
 5.0011303e-002
 5.0017510e-002
 5.0014686e-002
 4.9992058e-002
 4.9945157e-002
 4.9876787e-002
 4.9795199e-002
 4.9711227e-002
 4.9635980e-002
 4.9578980e-002
 4.9546607e-002
 4.9541555e-002
 4.9563598e-002
 4.9610715e-002
 4.9679577e-002
 4.9764972e-002
 4.9858935e-002
 4.9950454e-002
 5.0026339e-002
 5.0073143e-002
 5.0080344e-002
 5.0044693e-002
 4.9974184e-002
 4.9889207e-002
 4.9819726e-002
 4.9799260e-002
 4.9856633e-002
 5.0006658e-002
 5.0386511e-002
 5.0485499e-002
 5.0570846e-002
 5.0630182e-002
 5.0653081e-002
 5.0632872e-002
 5.0567832e-002
 5.0461475e-002
 5.0322365e-002
 5.0162755e-002
 4.9996566e-002
 4.9836889e-002
 4.9693741e-002
 4.9572736e-002
 4.9475115e-002
 4.9398862e-002
 4.9340423e-002
 4.9296215e-002
 4.9263887e-002
 4.9242817e-002
 4.9234085e-002
 4.9239937e-002
 4.9262986e-002
 4.9305379e-002
 4.9368214e-002
 4.9450919e-002
 4.9550686e-002
 4.9662396e-002
 4.9778886e-002
 4.9891841e-002
 4.9993169e-002
 5.0076209e-002
 5.0136801e-002
 5.0173748e-002
 5.0188802e-002
 5.0186127e-002
 5.0171308e-002
 5.0150130e-002
 5.0127365e-002
 5.0105821e-002
 5.0085917e-002
 5.0065819e-002
 5.0042108e-002
 5.0010830e-002
 4.9968638e-002
 4.9913842e-002
 4.9847148e-002
 4.9771938e-002
 4.9694005e-002
 4.9620949e-002
 4.9561098e-002
 4.9522400e-002
 4.9511258e-002
 4.9531586e-002
 4.9584273e-002
 4.9667027e-002
 4.9774669e-002
 4.9899790e-002
 5.0033759e-002
 5.0167628e-002
 5.0293200e-002
 5.0403688e-002
 5.0494198e-002
 5.0561853e-002
 5.0605524e-002
 5.0625484e-002
 5.0622899e-002
 5.0599445e-002
 5.0557088e-002
 5.0498188e-002
 5.0425727e-002
 5.0343648e-002
 5.0257128e-002
 5.0172426e-002
 5.0096489e-002
 5.0036013e-002
 4.9996354e-002
 4.9980488e-002
 4.9988318e-002
 5.0016608e-002
 5.0059568e-002
 5.0110102e-002
 5.0161242e-002
 5.0207559e-002
 5.0246011e-002
 5.0276149e-002
 5.0299570e-002
 5.0318811e-002
 5.0336123e-002
 5.0352428e-002
 5.0366789e-002
 5.0376564e-002
 5.0378148e-002
 5.0368067e-002
 5.0344143e-002
 5.0306398e-002
 5.0257426e-002
 5.0202262e-002
 5.0147686e-002
 5.0101157e-002
 5.0069686e-002
 5.0058737e-002
 5.0071511e-002
 5.0108597e-002
 5.0168142e-002
 5.0246336e-002
 5.0338276e-002
 5.0438780e-002
 5.0543182e-002
 5.0647896e-002
 5.0750516e-002
 5.0849773e-002
 5.0945077e-002
 5.1036082e-002
 5.1122256e-002
 5.1202562e-002
 5.1275410e-002
 5.1338822e-002
 5.1390674e-002
 5.1429063e-002
 5.1452592e-002
 5.1460594e-002
 5.1453244e-002
 5.1431548e-002
 5.1397309e-002
 5.1353015e-002
 5.1301729e-002
 5.1246922e-002
 5.1192295e-002
 5.1141489e-002
 5.1097836e-002
 5.1064000e-002
 5.1041726e-002
 5.1031671e-002
 5.1033411e-002
 5.1045571e-002
 5.1066119e-002
 5.1092733e-002
 5.1123109e-002
 5.1155183e-002
 5.1187258e-002
 5.1217929e-002
 5.1246021e-002
 5.1270485e-002
 5.1290385e-002
 5.1305022e-002
 5.1314078e-002
 5.1317815e-002
 5.1317152e-002
 5.1313594e-002
 5.1308971e-002
 5.1305022e-002
 5.1302973e-002
 5.1303234e-002
 5.1305313e-002
 5.1308017e-002
 5.1309906e-002
 5.1309854e-002
 5.1307566e-002
 5.1303875e-002
 5.1300727e-002
 5.1300839e-002
 5.1307134e-002
 5.1322114e-002
 5.1347293e-002
 5.1382937e-002
 5.1427975e-002
 5.1480237e-002
 5.1536813e-002
 5.1594399e-002
 5.1649649e-002
 5.1699359e-002
 5.1740617e-002
 5.1770940e-002
 5.1788434e-002
 5.1792037e-002
 5.1781803e-002
 5.1759116e-002
 5.1726703e-002
 5.1688451e-002
 5.1648855e-002
 5.1612321e-002
 5.1582389e-002
 5.1561046e-002
 5.1548444e-002
 5.1542941e-002
 5.1541615e-002
 5.1541016e-002
 5.1538032e-002
 5.1530614e-002
 5.1518243e-002
 5.1501960e-002
 5.1484097e-002
 5.1467739e-002
 5.1456075e-002
 5.1451836e-002
 5.1456861e-002
 5.1471896e-002
 5.1496584e-002
 5.1529605e-002
 5.1568896e-002
 5.1611960e-002
 5.1656105e-002
 5.1698752e-002
 5.1737655e-002
 5.1771168e-002
 5.1798422e-002
 5.1819380e-002
 5.1834866e-002
 5.1846348e-002
 5.1855691e-002
 5.1864792e-002
 5.1875263e-002
 5.1888175e-002
 5.1904012e-002
 5.1922716e-002
 5.1943928e-002
 5.1967178e-002
 5.1992029e-002
 5.2018072e-002
 5.2044719e-002
 5.2070938e-002
 5.2094959e-002
 5.2114215e-002
 5.2125543e-002
 5.2125696e-002
 5.2112088e-002
 5.2083593e-002
 5.2041147e-002
 5.1987965e-002
 5.1929291e-002
 5.1871613e-002
 5.1821619e-002
 5.1785048e-002
 5.1765703e-002
 5.1764879e-002
 5.1781274e-002
 5.1811330e-002
 5.1849917e-002
 5.1891193e-002
 5.1929377e-002
 5.1959436e-002
 5.1977541e-002
 5.1981334e-002
 5.1970046e-002
 5.1944502e-002
 5.1907040e-002
 5.1861297e-002
 5.1811911e-002
 5.1763996e-002
 5.1722597e-002
 5.1691983e-002
 5.1675048e-002
 5.1672917e-002
 5.1684819e-002
 5.1708285e-002
 5.1739663e-002
 5.1774833e-002
 5.1809859e-002
 5.1841624e-002
 5.1868096e-002
 5.1888384e-002
 5.1902547e-002
 5.1911253e-002
 5.1915437e-002
 5.1916067e-002
 5.1914047e-002
 5.1910244e-002
 5.1905576e-002
 5.1901083e-002
 5.1897883e-002
 5.1897045e-002
 5.1899321e-002
 5.1904872e-002
 5.1913064e-002
 5.1922381e-002
 5.1930550e-002
 5.1934872e-002
 5.1932719e-002
 5.1922120e-002
 5.1902309e-002
 5.1874153e-002
 5.1840320e-002
 5.1805187e-002
 5.1774390e-002
 5.1754106e-002
 5.1750194e-002
 5.1767264e-002
 5.1807854e-002
 5.1871903e-002
 5.1956538e-002
 5.2056238e-002
 5.2163385e-002
 5.2269153e-002
 5.2364402e-002
 5.2440841e-002
 5.2491892e-002
 5.2513525e-002
 5.2504767e-002
 5.2467883e-002
 5.2408203e-002
 5.2333612e-002
 5.2253656e-002
 5.2178338e-002
 5.2116871e-002
 5.2076310e-002
 5.2060548e-002
 5.2069668e-002
 5.2099969e-002
 5.2144650e-002
 5.2195109e-002
 5.2242555e-002
 5.2279703e-002
 5.2302133e-002
 5.2308936e-002
 5.2302621e-002
 5.2288231e-002
 5.2271921e-002
 5.2259382e-002
 5.2254438e-002
 5.2258201e-002
 5.2268852e-002
 5.2282125e-002
 5.2292295e-002
 5.2293360e-002
 5.2280258e-002
 5.2249786e-002
 5.2201163e-002
 5.2136127e-002
 5.2058712e-002
 5.1974665e-002
 5.1890634e-002
 5.1813375e-002
 5.1748816e-002
 5.1701333e-002
 5.1673111e-002
 5.1663820e-002
 5.1670589e-002
 5.1688373e-002
 5.1710662e-002
 5.1730402e-002
 5.1741105e-002
 5.1737793e-002
 5.1717699e-002
 5.1680513e-002
 5.1628198e-002
 5.1564340e-002
 5.1493332e-002
 5.1419538e-002
 5.1346567e-002
 5.1277071e-002
 5.1212717e-002
 5.1154595e-002
 5.1103674e-002
 5.1061168e-002
 5.1028796e-002
 5.1008623e-002
 5.1002778e-002
 5.1012956e-002
 5.1039997e-002
 5.1083550e-002
 5.1142056e-002
 5.1212903e-002
 5.1292807e-002
 5.1378321e-002
 5.1466227e-002
 5.1553905e-002
 5.1639486e-002
 5.1721755e-002
 5.1800005e-002
 5.1873710e-002
 5.1942248e-002
 5.2004777e-002
 5.2060150e-002
 5.2107148e-002
 5.2144740e-002
 5.2172471e-002
 5.2190792e-002
 5.2201174e-002
 5.2205987e-002
 5.2208088e-002
 5.2210204e-002
 5.2214224e-002
 5.2220549e-002
 5.2227773e-002
 5.2232660e-002
 5.2230649e-002
 5.2216634e-002
 5.2186098e-002
 5.2136190e-002
 5.2066658e-002
 5.1980410e-002
 5.1883452e-002
 5.1784340e-002
 5.1693037e-002
 5.1619355e-002
 5.1571477e-002
 5.1554516e-002
 5.1569711e-002
 5.1614255e-002
 5.1681906e-002
 5.1764153e-002
 5.1851824e-002
 5.1936530e-002
 5.2011870e-002
 5.2074049e-002
 5.2121732e-002
 5.2155465e-002
 5.2176688e-002
 5.2186757e-002
 5.2186217e-002
 5.2174479e-002
 5.2149989e-002
 5.2110851e-002
 5.2055635e-002
 5.1984210e-002
 5.1898416e-002
 5.1802341e-002
 5.1702064e-002
 5.1605076e-002
 5.1519163e-002
 5.1451296e-002
 5.1406443e-002
 5.1386695e-002
 5.1390924e-002
 5.1414918e-002
 5.1452111e-002
 5.1494654e-002
 5.1534787e-002
 5.1566031e-002
 5.1584221e-002
 5.1588032e-002
 5.1578984e-002
 5.1560991e-002
 5.1539484e-002
 5.1520314e-002
 5.1508684e-002
 5.1508226e-002
 5.1520441e-002
 5.1544558e-002
 5.1577810e-002
 5.1616013e-002
 5.1654276e-002
 5.1687721e-002
 5.1711988e-002
 5.1723536e-002
 5.1719725e-002
 5.1698815e-002
 5.1659968e-002
 5.1603466e-002
 5.1531002e-002
 5.1446047e-002
 5.1354136e-002
 5.1262733e-002
 5.1180664e-002
 5.1117022e-002
 5.1079642e-002
 5.1073659e-002
 5.1100239e-002
 5.1156055e-002
 5.1233564e-002
 5.1322196e-002
 5.1410079e-002
 5.1486090e-002
 5.1541723e-002
 5.1572353e-002
 5.1577751e-002
 5.1561788e-002
 5.1531408e-002
 5.1495191e-002
 5.1461853e-002
 5.1438857e-002
 5.1431548e-002
 5.1442772e-002
 5.1473051e-002
 5.1521145e-002
 5.1584832e-002
 5.1661603e-002
 5.1749125e-002
 5.1845320e-002
 5.1948000e-002
 5.2054346e-002
 5.2160226e-002
 5.2259851e-002
 5.2345898e-002
 5.2410062e-002
 5.2444227e-002
 5.2441802e-002
 5.2399077e-002
 5.2316125e-002
 5.2197218e-002
 5.2050434e-002
 5.1886637e-002
 5.1718187e-002
 5.1557235e-002
 5.1414434e-002
 5.1297758e-002
 5.1211823e-002
 5.1157773e-002
 5.1133417e-002
 5.1133811e-002
 5.1151976e-002
 5.1179778e-002
 5.1208846e-002
 5.1231526e-002
 5.1241655e-002
 5.1235300e-002
 5.1211134e-002
 5.1170584e-002
 5.1117510e-002
 5.1057603e-002
 5.0997481e-002
 5.0943639e-002
 5.0901547e-002
 5.0874900e-002
 5.0865214e-002
 5.0871763e-002
 5.0891928e-002
 5.0921869e-002
 5.0957389e-002
 5.0994866e-002
 5.1031776e-002
 5.1066935e-002
 5.1100329e-002
 5.1132828e-002
 5.1165782e-002
 5.1200438e-002
 5.1237319e-002
 5.1275566e-002
 5.1312603e-002
 5.1344234e-002
 5.1365275e-002
 5.1370658e-002
 5.1356766e-002
 5.1322650e-002
 5.1270515e-002
 5.1205151e-002
 5.1132705e-002
 5.1059309e-002
 5.0989784e-002
 5.0926898e-002
 5.0871234e-002
 5.0821532e-002
 5.0775535e-002
 5.0731193e-002
 5.0687794e-002
 5.0646812e-002
 5.0612099e-002
 5.0589383e-002
 5.0585102e-002
 5.0604858e-002
 5.0651833e-002
 5.0725576e-002
 5.0821628e-002
 5.0932106e-002
 5.1046994e-002
 5.1155545e-002
 5.1247843e-002
 5.1315933e-002
 5.1354516e-002
 5.1361702e-002
 5.1339265e-002
 5.1292427e-002
 5.1229112e-002
 5.1158924e-002
 5.1091831e-002
 5.1036905e-002
 5.1001340e-002
 5.0989669e-002
 5.1003385e-002
 5.1040802e-002
 5.1097281e-002
 5.1165916e-002
 5.1238477e-002
 5.1306266e-002
 5.1361069e-002
 5.1395923e-002
 5.1405672e-002
 5.1387206e-002
 5.1339645e-002
 5.1264342e-002
 5.1164623e-002
 5.1045489e-002
 5.0913069e-002
 5.0774235e-002
 5.0636068e-002
 5.0505366e-002
 5.0388344e-002
 5.0290238e-002
 5.0215021e-002
 5.0165247e-002
 5.0141875e-002
 5.0144296e-002
 5.0170392e-002
 5.0216746e-002
 5.0278932e-002
 5.0351877e-002
 5.0430201e-002
 5.0508570e-002
 5.0581995e-002
 5.0646029e-002
 5.0696947e-002
 5.0731804e-002
 5.0748516e-002
 5.0745871e-002
 5.0723534e-002
 5.0682031e-002
 5.0622750e-002
 5.0547916e-002
 5.0460514e-002
 5.0364271e-002
 5.0263494e-002
 5.0162975e-002
 5.0067727e-002
 4.9982626e-002
 4.9912088e-002
 4.9859595e-002
 4.9827226e-002
 4.9815357e-002
 4.9822401e-002
 4.9844872e-002
 4.9877651e-002
 4.9914587e-002
 4.9949203e-002
 4.9975604e-002
 4.9989257e-002
 4.9987659e-002
 4.9970634e-002
 4.9940344e-002
 4.9900856e-002
 4.9857482e-002
 4.9815930e-002
 4.9781393e-002
 4.9757816e-002
 4.9747393e-002
 4.9750336e-002
 4.9765009e-002
 4.9788289e-002
 4.9816106e-002
 4.9844075e-002
 4.9868084e-002
 4.9884796e-002
 4.9891979e-002
 4.9888700e-002
 4.9875382e-002
 4.9853701e-002
 4.9826443e-002
 4.9797237e-002
 4.9770236e-002
 4.9749732e-002
 4.9739666e-002
 4.9743123e-002
 4.9761809e-002
 4.9795631e-002
 4.9842440e-002
 4.9898118e-002
 4.9956989e-002
 5.0012589e-002
 5.0058443e-002
 5.0088968e-002
 5.0100189e-002
 5.0090231e-002
 5.0059475e-002
 5.0010633e-002
 4.9948514e-002
 4.9879327e-002
 4.9809836e-002
 4.9746174e-002
 4.9692746e-002
 4.9651321e-002
 4.9620565e-002
 4.9596168e-002
 4.9571540e-002
 4.9539026e-002
 4.9491432e-002
 4.9423549e-002
 4.9333476e-002
 4.9223263e-002
 4.9098656e-002
 4.8968446e-002
 4.8843157e-002
 4.8733819e-002
 4.8650663e-002
 4.8602045e-002
 4.8593894e-002
 4.8629344e-002
 4.8708621e-002
 4.8829142e-002
 4.8985951e-002
 4.9172055e-002
 4.9378950e-002
 4.9597140e-002
 4.9816385e-002
 5.0026327e-002
 5.0216794e-002
 5.0378378e-002
 5.0503112e-002
 5.0584998e-002
 5.0620761e-002
 5.0610308e-002
 5.0557051e-002
 5.0467782e-002
 5.0352283e-002
 5.0222348e-002
 5.0090693e-002
 4.9969520e-002
 4.9869124e-002
 4.9796805e-002
 4.9756005e-002
 4.9746092e-002
 4.9762603e-002
 4.9798019e-002
 4.9842931e-002
 4.9887389e-002
 4.9922291e-002
 4.9940512e-002
 4.9937759e-002
 4.9912941e-002
 4.9868099e-002
 4.9807921e-002
 4.9738973e-002
 4.9668726e-002
 4.9604639e-002
 4.9553305e-002
 4.9519781e-002
 4.9507253e-002
 4.9516823e-002
 4.9547587e-002
 4.9596757e-002
 4.9659934e-002
 4.9731273e-002
 4.9803823e-002
 4.9869731e-002
 4.9920637e-002
 4.9948178e-002
 4.9944621e-002
 4.9903668e-002
 4.9821384e-002
 4.9697105e-002
 4.9534075e-002
 4.9339943e-002
 4.9126610e-002
 4.8909444e-002
 4.8706211e-002
 4.8535161e-002
 4.8413221e-002
 4.8353914e-002
 4.8365690e-002
 4.8450816e-002
 4.8605014e-002
 4.8817810e-002
 4.9073711e-002
 4.9354039e-002
 4.9638722e-002
 4.9908571e-002
 5.0146792e-002
 5.0340384e-002
 5.0480906e-002
 5.0564460e-002
 5.0591450e-002
 5.0565794e-002
 5.0494090e-002
 5.0384678e-002
 5.0246894e-002
 5.0090410e-002
 4.9924672e-002
 4.9758654e-002
 4.9600415e-002
 4.9456980e-002
 4.9334012e-002
 4.9235549e-002
 4.9163926e-002
 4.9119588e-002
 4.9101237e-002
 4.9105927e-002
 4.9129475e-002
 4.9166966e-002
 4.9213417e-002
 4.9264371e-002
 4.9316473e-002
 4.9367834e-002
 4.9418099e-002
 4.9468268e-002
 4.9520198e-002
 4.9576104e-002
 4.9638022e-002
 4.9707294e-002
 4.9784280e-002
 4.9868122e-002
 4.9956597e-002
 5.0046049e-002
 5.0131399e-002
 5.0206490e-002
 5.0264627e-002
 5.0299268e-002
 5.0304916e-002
 5.0278068e-002
 5.0218005e-002
 5.0127115e-002
 5.0010912e-002
 4.9882058e-002
 4.9728367e-002
 4.9578723e-002
 4.9443934e-002
 4.9332764e-002
 4.9250342e-002
 4.9197394e-002
 4.9170576e-002
 4.9163662e-002
 4.9168922e-002
 4.9178101e-002
 4.9183078e-002
 4.9176455e-002
 4.9152296e-002
 4.9106911e-002
 4.9039438e-002
 4.8951939e-002
 4.8849225e-002
 4.8738092e-002
 4.8626605e-002
 4.8523400e-002
 4.8437074e-002
 4.8375700e-002
 4.8345931e-002
 4.8352063e-002
 4.8395056e-002
 4.8472166e-002
 4.8577283e-002
 4.8701882e-002
 4.8835970e-002
 4.8968934e-002
 4.9090218e-002
 4.9189840e-002
 4.9259324e-002
 4.9292572e-002
 4.9286775e-002
 4.9242709e-002
 4.9164411e-002
 4.9058340e-002
 4.8932347e-002
 4.8795000e-002
 4.8654925e-002
 4.8520472e-002
 4.8399173e-002
 4.8297096e-002
 4.8218444e-002
 4.8165247e-002
 4.8137631e-002
 4.8134305e-002
 4.8153114e-002
 4.8191495e-002
 4.8246752e-002
 4.8316188e-002
 4.8397213e-002
 4.8487473e-002
 4.8584875e-002
 4.8687674e-002
 4.8794396e-002
 4.8903771e-002
 4.9014688e-002
 4.9126055e-002
 4.9236812e-002
 4.9345814e-002
 4.9451765e-002
 4.9553182e-002
 4.9648225e-002
 4.9734708e-002
 4.9810156e-002
 4.9871832e-002
 4.9916904e-002
 4.9942493e-002
 4.9945880e-002
 4.9924750e-002
 4.9877655e-002
 4.9804535e-002
 4.9707275e-002
 4.9589898e-002
 4.9458310e-002
 4.9319882e-002
 4.9182769e-002
 4.9055506e-002
 4.8946563e-002
 4.8863862e-002
 4.8814200e-002
 4.8802406e-002
 4.8830688e-002
 4.8898313e-002
 4.9001943e-002
 4.9136259e-002
 4.9294773e-002
 4.9470503e-002
 4.9656216e-002
 4.9844868e-002
 5.0029688e-002
 5.0204486e-002
 5.0363921e-002
 5.0503466e-002
 5.0619449e-002
 5.0708748e-002
 5.0768618e-002
 5.0796550e-002
 5.0790273e-002
 5.0747946e-002
 5.0668601e-002
 5.0552703e-002
 5.0402604e-002
 5.0222848e-002
 5.0019830e-002
 4.9801424e-002
 4.9576346e-002
 4.9353566e-002
 4.9142074e-002
 4.8950177e-002
 4.8785001e-002
 4.8651509e-002
 4.8551723e-002
 4.8484512e-002
 4.8445825e-002
 4.8429471e-002
 4.8427999e-002
 4.8433416e-002
 4.8437718e-002
 4.8433457e-002
 4.8414446e-002
 4.8376631e-002
 4.8318841e-002
 4.8243131e-002
 4.8154444e-002
 4.8059829e-002
 4.7967639e-002
 4.7886711e-002
 4.7825873e-002
 4.7793265e-002
 4.7795516e-002
 4.7836706e-002
 4.7917478e-002
 4.8034634e-002
 4.8181519e-002
 4.8348967e-002
 4.8526276e-002
 4.8702072e-002
 4.8865054e-002
 4.9004506e-002
 4.9111318e-002
 4.9178906e-002
 4.9204208e-002
 4.9188063e-002
 4.9134802e-002
 4.9051333e-002
 4.8946116e-002
 4.8828311e-002
 4.8707128e-002
 4.8591375e-002
 4.8488725e-002
 4.8405025e-002
 4.8343606e-002
 4.8304990e-002
 4.8287198e-002
 4.8286390e-002
 4.8297618e-002
 4.8315451e-002
 4.8334416e-002
 4.8349410e-002
 4.8356216e-002
 4.8352133e-002
 4.8336491e-002
 4.8310880e-002
 4.8278946e-002
 4.8245832e-002
 4.8217565e-002
 4.8200548e-002
 4.8201129e-002
 4.8225146e-002
 4.8277281e-002
 4.8360303e-002
 4.8474323e-002
 4.8616596e-002
 4.8781715e-002
 4.8962332e-002
 4.9150020e-002
 4.9335759e-002
 4.9510594e-002
 4.9665954e-002
 4.9794309e-002
 4.9889941e-002
 4.9949460e-002
 4.9972158e-002
 4.9959693e-002
 4.9915500e-002
 4.9844049e-002
 4.9750339e-002
 4.9639557e-002
 4.9516823e-002
 4.9387161e-002
 4.9255256e-002
 4.9125437e-002
 4.9001612e-002
 4.8887245e-002
 4.8785567e-002
 4.8699573e-002
 4.8632186e-002
 4.8586130e-002
 4.8563857e-002
 4.8567183e-002
 4.8596948e-002
 4.8652600e-002
 4.8732102e-002
 4.8832059e-002
 4.8948091e-002
 4.9075149e-002
 4.9207982e-002
 4.9341310e-002
 4.9469896e-002
 4.9588963e-002
 4.9694363e-002
 4.9782708e-002
 4.9851634e-002
 4.9899593e-002
 4.9925674e-002
 4.9929336e-002
 4.9910281e-002
 4.9868364e-002
 4.9803786e-002
 4.9717288e-002
 4.9610514e-002
 4.9486473e-002
 4.9349487e-002
 4.9205139e-002
 4.9060047e-002
 4.8921261e-002
 4.8796069e-002
 4.8691586e-002
 4.8614427e-002
 4.8569873e-002
 4.8561141e-002
 4.8588596e-002
 4.8649453e-002
 4.8738111e-002
 4.8846811e-002
 4.8966605e-002
 4.9088012e-002
 4.9201570e-002
 4.9298320e-002
 4.9370706e-002
 4.9413353e-002
 4.9423885e-002
 4.9403273e-002
 4.9355477e-002
 4.9286712e-002
 4.9204472e-002
 4.9116816e-002
 4.9031891e-002
 4.8957262e-002
 4.8899308e-002
 4.8862375e-002
 4.8848059e-002
 4.8854876e-002
 4.8878595e-002
 4.8912931e-002
 4.8950411e-002
 4.8983060e-002
 4.9002923e-002
 4.9002718e-002
 4.8976596e-002
 4.8921123e-002
 4.8836216e-002
 4.8725419e-002
 4.8595544e-002
 4.8455942e-002
 4.8317306e-002
 4.8190929e-002
 4.8088130e-002
 4.8019335e-002
 4.7993213e-002
 4.8015434e-002
 4.8087560e-002
 4.8206635e-002
 4.8365656e-002
 4.8554499e-002
 4.8761345e-002
 4.8973620e-002
 4.9178518e-002
 4.9364027e-002
 4.9519598e-002
 4.9637090e-002
 4.9711891e-002
 4.9743127e-002
 4.9733341e-002
 4.9687605e-002
 4.9612492e-002
 4.9515262e-002
 4.9403463e-002
 4.9284425e-002
 4.9165048e-002
 4.9051519e-002
 4.8948903e-002
 4.8861098e-002
 4.8790950e-002
 4.8740558e-002
 4.8711490e-002
 4.8705064e-002
 4.8722390e-002
 4.8764236e-002
 4.8830792e-002
 4.8921172e-002
 4.9033184e-002
 4.9163129e-002
 4.9305860e-002
 4.9455311e-002
 4.9604800e-002
 4.9747448e-002
 4.9876377e-002
 4.9985290e-002
 5.0068952e-002
 5.0123863e-002
 5.0149016e-002
 5.0146073e-002
 5.0119132e-002
 5.0074089e-002
 5.0017897e-002
 4.9957968e-002
 4.9901787e-002
 4.9856398e-002
 4.9827952e-002
 4.9821056e-002
 4.9838193e-002
 4.9879536e-002
 4.9943119e-002
 5.0025444e-002
 5.0122116e-002
 5.0228223e-002
 5.0338827e-002
 5.0449114e-002
 5.0554704e-002
 5.0651830e-002
 5.0737757e-002
 5.0810792e-002
 5.0870128e-002
 5.0915733e-002
 5.0947968e-002
 5.0967392e-002
 5.0974689e-002
 5.0970599e-002
 5.0955962e-002
 5.0931767e-002
 5.0899193e-002
 5.0859641e-002
 5.0814722e-002
 5.0766177e-002
 5.0715823e-002
 5.0665531e-002
 5.0617114e-002
 5.0572235e-002
 5.0532334e-002
 5.0498340e-002
 5.0470568e-002
 5.0448637e-002
 5.0431557e-002
 5.0417844e-002
 5.0405756e-002
 5.0393429e-002
 5.0378956e-002
 5.0360486e-002
 5.0336331e-002
 5.0305009e-002
 5.0265379e-002
 5.0216649e-002
 5.0158378e-002
 5.0090339e-002
 5.0012447e-002
 4.9924761e-002
 4.9827401e-002
 4.9720678e-002
 4.9605381e-002
 4.9482871e-002
 4.9355399e-002
 4.9226284e-002
 4.9099654e-002
 4.8980303e-002
 4.8873391e-002
 4.8784293e-002
 4.8718195e-002
 4.8679914e-002
 4.8673399e-002
 4.8701108e-002
 4.8763540e-002
 4.8858937e-002
 4.8983596e-002
 4.9132336e-002
 4.9299140e-002
 4.9477477e-002
 4.9660873e-002
 4.9843095e-002
 5.0018352e-002
 5.0181951e-002
 5.0330523e-002
 5.0462056e-002
 5.0575972e-002
 5.0672628e-002
 5.0752994e-002
 5.0818257e-002
 5.0869767e-002
 5.0908837e-002
 5.0936673e-002
 5.0954327e-002
 5.0962616e-002
 5.0962090e-002
 5.0953072e-002
 5.0935708e-002
 5.0910052e-002
 5.0876103e-002
 5.0833870e-002
 5.0783396e-002
 5.0724901e-002
 5.0658755e-002
 5.0585616e-002
 5.0506499e-002
 5.0422642e-002
 5.0335500e-002
 5.0246704e-002
 5.0157890e-002
 5.0070748e-002
 4.9986981e-002
 4.9908407e-002
 4.9836855e-002
 4.9774282e-002
 4.9722794e-002
 4.9684573e-002
 4.9661890e-002
 4.9657062e-002
 4.9672365e-002
 4.9709976e-002
 4.9771681e-002
 4.9858600e-002
 4.9970664e-002
 5.0106242e-002
 5.0261840e-002
 5.0432477e-002
 5.0611995e-002
 5.0793428e-002
 5.0969627e-002
 5.1133458e-002
 5.1277991e-002
 5.1397163e-002
 5.1486138e-002
 5.1541775e-002
 5.1562808e-002
 5.1549718e-002
 5.1504206e-002
 5.1428787e-002
 5.1326338e-002
 5.1199932e-002
 5.1052976e-002
 5.0889179e-002
 5.0712869e-002
 5.0529346e-002
 5.0344754e-002
 5.0166108e-002
 5.0001025e-002
 4.9857583e-002
 4.9743813e-002
 4.9667500e-002
 4.9635641e-002
 4.9653418e-002
 4.9723137e-002
 4.9843073e-002
 5.0007153e-002
 5.0205328e-002
 5.0424691e-002
 5.0650440e-002
 5.0867230e-002
 5.1059805e-002
 5.1213827e-002
 5.1317401e-002
 5.1362488e-002
 5.1346287e-002
 5.1271886e-002
 5.1147595e-002
 5.0985716e-002
 5.0800763e-002
 5.0608303e-002
 5.0423935e-002
 5.0262570e-002
 5.0137058e-002
 5.0056998e-002
 5.0027613e-002
 5.0049126e-002
 5.0117377e-002
 5.0224874e-002
 5.0362211e-002
 5.0519105e-002
 5.0685182e-002
 5.0850499e-002
 5.1006574e-002
 5.1147182e-002
 5.1269088e-002
 5.1372580e-002
 5.1461022e-002
 5.1539984e-002
 5.1616445e-002
 5.1697947e-002
 5.1791921e-002
 5.1905122e-002
 5.2042659e-002
 5.2206926e-002
 5.2396461e-002
 5.2605785e-002
 5.2825697e-002
 5.3044088e-002
 5.3247392e-002
 5.3421389e-002
 5.3551894e-002
 5.3626020e-002
 5.3633351e-002
 5.3567693e-002
 5.3428676e-002
 5.3222261e-002
 5.2960116e-002
 5.2658338e-002
 5.2335359e-002
 5.2010678e-002
 5.1704030e-002
 5.1433861e-002
 5.1216193e-002
 5.1062863e-002
 5.0980128e-002
 5.0967857e-002
 5.1020302e-002
 5.1127482e-002
 5.1276963e-002
 5.1455177e-002
 5.1648203e-002
 5.1842749e-002
 5.2026842e-002
 5.2190620e-002
 5.2327432e-002
 5.2433971e-002
 5.2510019e-002
 5.2557554e-002
 5.2579954e-002
 5.2581221e-002
 5.2565575e-002
 5.2537162e-002
 5.2499857e-002
 5.2457076e-002
 5.2411549e-002
 5.2365292e-002
 5.2319638e-002
 5.2275483e-002
 5.2233372e-002
 5.2193720e-002
 5.2156877e-002
 5.2123107e-002
 5.2092563e-002
 5.2065250e-002
 5.2040901e-002
 5.2019000e-002
 5.1998809e-002
 5.1979423e-002
 5.1959854e-002
 5.1939100e-002
 5.1916223e-002
 5.1890437e-002
 5.1861238e-002
 5.1828638e-002
 5.1793244e-002
 5.1756367e-002
 5.1719997e-002
 5.1686611e-002
 5.1658992e-002
 5.1640060e-002
 5.1632758e-002
 5.1639952e-002
 5.1664427e-002
 5.1708821e-002
 5.1772568e-002
 5.1843092e-002
 5.1955517e-002
 5.2082267e-002
 5.2218765e-002
 5.2360430e-002
 5.2502718e-002
 5.2640975e-002
 5.2770633e-002
 5.2887119e-002
 5.2985843e-002
 5.3062707e-002
 5.3117901e-002
 5.3154062e-002
 5.3173833e-002
 5.3179845e-002
 5.3174727e-002
 5.3161126e-002
 5.3141672e-002
 5.3119004e-002
 5.3095762e-002
 5.3074580e-002
 5.3058095e-002
 5.3048939e-002
 5.3049766e-002
 5.3062923e-002
 5.3088393e-002
 5.3124826e-002
 5.3170893e-002
 5.3225238e-002
 5.3286519e-002
 5.3353384e-002
 5.3424522e-002
 5.3498540e-002
 5.3574111e-002
 5.3649899e-002
 5.3724568e-002
 5.3796742e-002
 5.3865094e-002
 5.3928271e-002
 5.3984944e-002
 5.4033764e-002
 5.4073367e-002
 5.4102577e-002
 5.4121554e-002
 5.4131173e-002
 5.4132313e-002
 5.4125834e-002
 5.4112636e-002
 5.4093584e-002
 5.4069567e-002
 5.4041460e-002
 5.4010142e-002
 5.3976487e-002
 5.3941369e-002
 5.3905685e-002
 5.3870294e-002
 5.3836085e-002
 5.3803936e-002
 5.3774718e-002
 5.3749319e-002
 5.3728607e-002
 5.3713471e-002
 5.3704787e-002
 5.3703431e-002
 5.3710178e-002
 5.3724907e-002
 5.3747050e-002
 5.3776022e-002
 5.3811252e-002
 5.3852167e-002
 5.3898189e-002
 5.3948734e-002
 5.4003220e-002
 5.4061081e-002
 5.4121751e-002
 5.4184631e-002
 5.4249149e-002
 5.4314725e-002
 5.4380804e-002
 5.4446783e-002
 5.4512091e-002
 5.4576159e-002
 5.4638408e-002
 5.4698266e-002
 5.4755136e-002
 5.4808460e-002
 5.4857653e-002
 5.4902151e-002
 5.4941349e-002
 5.4974694e-002
 5.5001672e-002
 5.5022407e-002
 5.5037305e-002
 5.5046786e-002
 5.5051275e-002
 5.5051189e-002
 5.5046938e-002
 5.5038951e-002
 5.5027641e-002
 5.5013426e-002
 5.4996729e-002
 5.4977972e-002
 5.4957565e-002
 5.4935928e-002
 5.4913480e-002
 5.4890644e-002
 5.4867841e-002
 5.4845478e-002
 5.4823983e-002
 5.4803774e-002
 5.4785270e-002
 5.4768886e-002
 5.4755040e-002
 5.4744147e-002
 5.4736640e-002
 5.4732930e-002
 5.4733429e-002
 5.4738570e-002
 5.4748759e-002
 5.4764416e-002
 5.4785900e-002
 5.4813046e-002
 5.4845423e-002
 5.4882623e-002
