s07_ASD Record=12715: Calcite+.33Muscov AMX5 Ruby   BECKa AREF
 6.6447830e-001
 6.6547519e-001
 6.6650558e-001
 6.6756397e-001
 6.6867453e-001
 6.6987669e-001
 6.7119545e-001
 6.7261559e-001
 6.7407805e-001
 6.7550057e-001
 6.7681032e-001
 6.7796755e-001
 6.7897558e-001
 6.7988211e-001
 6.8077552e-001
 6.8176025e-001
 6.8292087e-001
 6.8429983e-001
 6.8589187e-001
 6.8764901e-001
 6.8949038e-001
 6.9132131e-001
 6.9306034e-001
 6.9466293e-001
 6.9613463e-001
 6.9753003e-001
 6.9893670e-001
 7.0043641e-001
 7.0207047e-001
 7.0384037e-001
 7.0572436e-001
 7.0769387e-001
 7.0972043e-001
 7.1177512e-001
 7.1382290e-001
 7.1582586e-001
 7.1775419e-001
 7.1959418e-001
 7.2135478e-001
 7.2306591e-001
 7.2476941e-001
 7.2650540e-001
 7.2830003e-001
 7.3016012e-001
 7.3207486e-001
 7.3402697e-001
 7.3600411e-001
 7.3800683e-001
 7.4004477e-001
 7.4212515e-001
 7.4423897e-001
 7.4635762e-001
 7.4844551e-001
 7.5048184e-001
 7.5247765e-001
 7.5447404e-001
 7.5652021e-001
 7.5863528e-001
 7.6079720e-001
 7.6294124e-001
 7.6497042e-001
 7.6687181e-001
 7.6865774e-001
 7.7032942e-001
 7.7189732e-001
 7.7339894e-001
 7.7487749e-001
 7.7637255e-001
 7.7791786e-001
 7.7952993e-001
 7.8119594e-001
 7.8287637e-001
 7.8452843e-001
 7.8613240e-001
 7.8770638e-001
 7.8930014e-001
 7.9096746e-001
 7.9273039e-001
 7.9455501e-001
 7.9635662e-001
 7.9803687e-001
 7.9953527e-001
 8.0086422e-001
 8.0210167e-001
 8.0334139e-001
 8.0463213e-001
 8.0594766e-001
 8.0720991e-001
 8.0834889e-001
 8.0935866e-001
 8.1031340e-001
 8.1133717e-001
 8.1254631e-001
 8.1399804e-001
 8.1566411e-001
 8.1743580e-001
 8.1915629e-001
 8.2067823e-001
 8.2192439e-001
 8.2290864e-001
 8.2370085e-001
 8.2436162e-001
 8.2490402e-001
 8.2531434e-001
 8.2561529e-001
 8.2591110e-001
 8.2634825e-001
 8.2701677e-001
 8.2788527e-001
 8.2882673e-001
 8.2971060e-001
 8.3047640e-001
 8.3113688e-001
 8.3172673e-001
 8.3226043e-001
 8.3274162e-001
 8.3320516e-001
 8.3372629e-001
 8.3435917e-001
 8.3505493e-001
 8.3565789e-001
 8.3601630e-001
 8.3611786e-001
 8.3611816e-001
 8.3622730e-001
 8.3656269e-001
 8.3709717e-001
 8.3772421e-001
 8.3835608e-001
 8.3898091e-001
 8.3966362e-001
 8.4050345e-001
 8.4156024e-001
 8.4279376e-001
 8.4406561e-001
 8.4520197e-001
 8.4606129e-001
 8.4657544e-001
 8.4677202e-001
 8.4677994e-001
 8.4679472e-001
 8.4700638e-001
 8.4752309e-001
 8.4831488e-001
 8.4918994e-001
 8.4983879e-001
 8.4997481e-001
 8.4950840e-001
 8.4861803e-001
 8.4764564e-001
 8.4689289e-001
 8.4647340e-001
 8.4631342e-001
 8.4626549e-001
 8.4622455e-001
 8.4615916e-001
 8.4605664e-001
 8.4585720e-001
 8.4546417e-001
 8.4485120e-001
 8.4417701e-001
 8.4376699e-001
 8.4391212e-001
 8.4461820e-001
 8.4553045e-001
 8.4613544e-001
 8.4611058e-001
 8.4555781e-001
 8.4493107e-001
 8.4469867e-001
 8.4501034e-001
 8.4565502e-001
 8.4631658e-001
 8.4681892e-001
 8.4711444e-001
 8.4716272e-001
 8.4696990e-001
 8.4670234e-001
 8.4659177e-001
 8.4669375e-001
 8.4685010e-001
 8.4691679e-001
 8.4693754e-001
 8.4706599e-001
 8.4739441e-001
 8.4789282e-001
 8.4846282e-001
 8.4900868e-001
 8.4946662e-001
 8.4978455e-001
 8.4988678e-001
 8.4969950e-001
 8.4925193e-001
 8.4872848e-001
 8.4835571e-001
 8.4822428e-001
 8.4825045e-001
 8.4829742e-001
 8.4828883e-001
 8.4822488e-001
 8.4816092e-001
 8.4819674e-001
 8.4844220e-001
 8.4895182e-001
 8.4967732e-001
 8.5047233e-001
 8.5114145e-001
 8.5152394e-001
 8.5158837e-001
 8.5146821e-001
 8.5137784e-001
 8.5146236e-001
 8.5171592e-001
 8.5203803e-001
 8.5235369e-001
 8.5266310e-001
 8.5297120e-001
 8.5320473e-001
 8.5323942e-001
 8.5299671e-001
 8.5249192e-001
 8.5183883e-001
 8.5127658e-001
 8.5113442e-001
 8.5163546e-001
 8.5270351e-001
 8.5401994e-001
 8.5524958e-001
 8.5616159e-001
 8.5663360e-001
 8.5670644e-001
 8.5661888e-001
 8.5663480e-001
 8.5682213e-001
 8.5709918e-001
 8.5745561e-001
 8.5797995e-001
 8.5867184e-001
 8.5936016e-001
 8.5985935e-001
 8.6016959e-001
 8.6049902e-001
 8.6107337e-001
 8.6189181e-001
 8.6265314e-001
 8.6297446e-001
 8.6276495e-001
 8.6237711e-001
 8.6231589e-001
 8.6279941e-001
 8.6365211e-001
 8.6446828e-001
 8.6482000e-001
 8.6462992e-001
 8.6444712e-001
 8.6491156e-001
 8.6594105e-001
 8.6693174e-001
 8.6749792e-001
 8.6761206e-001
 8.6745882e-001
 8.6735451e-001
 8.6739308e-001
 8.6730111e-001
 8.6698639e-001
 8.6687022e-001
 8.6730093e-001
 8.6801022e-001
 8.6858958e-001
 8.6913133e-001
 8.6991155e-001
 8.7084937e-001
 8.7169701e-001
 8.7235564e-001
 8.7270629e-001
 8.7251967e-001
 8.7184209e-001
 8.7117374e-001
 8.7099993e-001
 8.7143987e-001
 8.7245345e-001
 8.7392384e-001
 8.7546384e-001
 8.7654305e-001
 8.7692231e-001
 8.7678266e-001
 8.7647873e-001
 8.7624741e-001
 8.7611616e-001
 8.7600797e-001
 8.7583083e-001
 8.7550765e-001
 8.7511224e-001
 8.7500006e-001
 8.7553310e-001
 8.7657791e-001
 8.7759811e-001
 8.7835008e-001
 8.7906307e-001
 8.7981719e-001
 8.8027340e-001
 8.8020879e-001
 8.7982106e-001
 8.7934136e-001
 8.7885666e-001
 8.7866265e-001
 8.7920558e-001
 8.8040978e-001
 8.8158321e-001
 8.8224345e-001
 8.8258040e-001
 8.8295585e-001
 8.8343984e-001
 8.8397259e-001
 8.8449156e-001
 8.8474554e-001
 8.8450074e-001
 8.8410228e-001
 8.8442087e-001
 8.8592106e-001
 8.8788748e-001
 8.8910729e-001
 8.8914645e-001
 8.8854879e-001
 8.8808471e-001
 8.8816166e-001
 8.8875610e-001
 8.8960618e-001
 8.9038658e-001
 8.9081061e-001
 8.9071351e-001
 8.9011085e-001
 8.8919717e-001
 8.8831168e-001
 8.8788313e-001
 8.8827491e-001
 8.8952029e-001
 8.9116389e-001
 8.9246798e-001
 8.9289582e-001
 8.9245582e-001
 8.9160532e-001
 8.9087236e-001
 8.9056361e-001
 8.9070612e-001
 8.9110684e-001
 8.9144003e-001
 8.9143145e-001
 8.9113301e-001
 8.9103246e-001
 8.9170009e-001
 8.9309639e-001
 8.9424014e-001
 8.9403898e-001
 8.9275181e-001
 8.9120239e-001
 8.8971663e-001
 8.8876426e-001
 8.8935411e-001
 8.9163858e-001
 8.9405382e-001
 8.9505875e-001
 8.9489508e-001
 8.9473391e-001
 8.9505994e-001
 8.9554948e-001
 8.9577061e-001
 8.9556909e-001
 8.9513648e-001
 8.9497602e-001
 8.9560187e-001
 8.9692390e-001
 8.9811039e-001
 8.9847308e-001
 8.9821863e-001
 8.9799994e-001
 8.9812523e-001
 8.9844841e-001
 8.9871919e-001
 8.9888084e-001
 8.9906591e-001
 8.9927977e-001
 8.9921892e-001
 8.9857990e-001
 8.9749616e-001
 8.9661700e-001
 8.9668649e-001
 8.9780259e-001
 8.9917904e-001
 8.9993966e-001
 8.9995950e-001
 8.9975989e-001
 8.9981157e-001
 9.0001231e-001
 8.9986634e-001
 8.9938629e-001
 8.9931941e-001
 9.0001506e-001
 9.0086108e-001
 9.0051830e-001
 8.9885819e-001
 8.9773875e-001
 8.9830726e-001
 8.9981991e-001
 9.0119672e-001
 9.0192175e-001
 9.0197814e-001
 9.0155560e-001
 9.0098304e-001
 9.0068990e-001
 9.0100157e-001
 9.0185249e-001
 9.0280259e-001
 9.0337121e-001
 9.0332562e-001
 9.0269840e-001
 9.0165418e-001
 9.0047175e-001
 8.9951813e-001
 8.9911050e-001
 8.9935207e-001
 9.0012711e-001
 9.0122020e-001
 9.0237170e-001
 9.0331793e-001
 9.0387118e-001
 9.0399009e-001
 9.0378648e-001
 9.0345335e-001
 9.0314257e-001
 9.0259355e-001
 9.0168220e-001
 9.0030557e-001
 8.9886028e-001
 8.9794379e-001
 8.9815462e-001
 8.9992410e-001
 9.0259022e-001
 9.0505004e-001
 9.0619951e-001
 9.0515882e-001
 9.0252906e-001
 8.9950967e-001
 8.9730185e-001
 8.9691216e-001
 8.9805555e-001
 8.9992362e-001
 9.0170670e-001
 9.0269458e-001
 9.0284067e-001
 9.0224546e-001
 9.0133470e-001
 9.0029031e-001
 8.9930093e-001
 8.9852160e-001
 8.9810520e-001
 8.9820504e-001
 8.9896369e-001
 9.0028846e-001
 9.0185171e-001
 9.0331644e-001
 9.0434521e-001
 9.0461433e-001
 9.0409660e-001
 9.0305781e-001
 9.0177679e-001
 9.0053141e-001
 8.9959282e-001
 8.9905918e-001
 8.9886087e-001
 8.9892095e-001
 8.9916241e-001
 8.9950824e-001
 8.9989185e-001
 9.0028661e-001
 9.0067536e-001
 9.0104109e-001
 9.0136683e-001
 9.0163547e-001
 9.0183622e-001
 9.0198106e-001
 9.0208781e-001
 9.0217423e-001
 9.0225810e-001
 9.0235722e-001
 9.0248924e-001
 9.0266353e-001
 9.0285677e-001
 9.0303791e-001
 9.0317595e-001
 9.0323985e-001
 9.0319848e-001
 9.0302110e-001
 9.0267658e-001
 9.0214914e-001
 9.0148193e-001
 9.0073115e-001
 8.9995342e-001
 8.9920515e-001
 8.9854300e-001
 8.9802337e-001
 8.9770263e-001
 8.9761937e-001
 8.9774448e-001
 8.9803296e-001
 8.9844018e-001
 8.9892107e-001
 8.9943093e-001
 8.9992493e-001
 9.0035826e-001
 9.0069520e-001
 9.0093464e-001
 9.0108311e-001
 9.0114725e-001
 9.0113378e-001
 9.0104920e-001
 9.0090007e-001
 9.0069318e-001
 9.0043509e-001
 9.0013242e-001
 8.9979166e-001
 8.9941961e-001
 8.9902383e-001
 8.9861560e-001
 8.9820713e-001
 8.9781034e-001
 8.9743751e-001
 8.9710081e-001
 8.9681220e-001
 8.9658391e-001
 8.9642805e-001
 8.9635664e-001
 8.9638197e-001
 8.9651603e-001
 8.9676368e-001
 8.9710367e-001
 8.9750886e-001
 8.9795238e-001
 8.9840704e-001
 8.9884597e-001
 8.9924181e-001
 8.9956772e-001
 8.9979666e-001
 8.9990145e-001
 8.9985502e-001
 8.9964199e-001
 8.9928710e-001
 8.9882404e-001
 8.9828628e-001
 8.9770770e-001
 8.9712191e-001
 8.9656252e-001
 8.9606339e-001
 8.9565802e-001
 8.9538008e-001
 8.9525157e-001
 8.9525402e-001
 8.9535981e-001
 8.9554179e-001
 8.9577234e-001
 8.9602423e-001
 8.9627010e-001
 8.9648235e-001
 8.9663380e-001
 8.9669704e-001
 8.9665455e-001
 8.9652300e-001
 8.9632618e-001
 8.9608788e-001
 8.9583188e-001
 8.9558220e-001
 8.9536244e-001
 8.9519662e-001
 8.9510846e-001
 8.9512187e-001
 8.9525121e-001
 8.9547992e-001
 8.9578438e-001
 8.9614111e-001
 8.9652687e-001
 8.9691794e-001
 8.9729106e-001
 8.9762282e-001
 8.9788961e-001
 8.9807636e-001
 8.9819491e-001
 8.9826298e-001
 8.9829832e-001
 8.9831841e-001
 8.9834112e-001
 8.9838403e-001
 8.9846468e-001
 8.9859360e-001
 8.9875662e-001
 8.9893484e-001
 8.9910924e-001
 8.9926082e-001
 8.9937067e-001
 8.9941978e-001
 8.9938921e-001
 8.9926970e-001
 8.9908421e-001
 8.9886194e-001
 8.9863241e-001
 8.9842492e-001
 8.9826894e-001
 8.9819366e-001
 8.9822853e-001
 8.9838868e-001
 8.9864367e-001
 8.9895374e-001
 8.9925373e-001
 8.9953911e-001
 8.9975494e-001
 8.9987540e-001
 8.9989841e-001
 8.9984298e-001
 8.9974213e-001
 8.9963561e-001
 8.9956498e-001
 8.9956850e-001
 8.9967412e-001
 8.9989454e-001
 9.0023142e-001
 9.0068126e-001
 9.0123695e-001
 9.0188313e-001
 9.0258914e-001
 9.0330672e-001
 9.0397424e-001
 9.0452516e-001
 9.0489811e-001
 9.0505189e-001
 9.0498126e-001
 9.0472281e-001
 9.0434557e-001
 9.0393341e-001
 9.0356743e-001
 9.0330815e-001
 9.0318000e-001
 9.0316677e-001
 9.0322036e-001
 9.0327746e-001
 9.0327883e-001
 9.0318871e-001
 9.0300983e-001
 9.0278840e-001
 9.0260476e-001
 9.0255457e-001
 9.0272433e-001
 9.0316629e-001
 9.0469939e-001
 9.0519273e-001
 9.0570796e-001
 9.0621394e-001
 9.0668100e-001
 9.0708506e-001
 9.0741086e-001
 9.0765351e-001
 9.0781808e-001
 9.0791810e-001
 9.0797168e-001
 9.0799737e-001
 9.0800965e-001
 9.0801692e-001
 9.0802085e-001
 9.0801865e-001
 9.0800548e-001
 9.0797728e-001
 9.0793282e-001
 9.0787411e-001
 9.0780628e-001
 9.0773666e-001
 9.0767336e-001
 9.0762419e-001
 9.0759605e-001
 9.0759408e-001
 9.0762156e-001
 9.0767902e-001
 9.0776473e-001
 9.0787411e-001
 9.0800005e-001
 9.0813333e-001
 9.0826279e-001
 9.0837604e-001
 9.0846062e-001
 9.0850544e-001
 9.0850234e-001
 9.0844768e-001
 9.0834337e-001
 9.0819699e-001
 9.0802079e-001
 9.0783018e-001
 9.0764129e-001
 9.0746915e-001
 9.0732610e-001
 9.0722102e-001
 9.0715957e-001
 9.0714473e-001
 9.0717769e-001
 9.0725797e-001
 9.0738368e-001
 9.0755051e-001
 9.0775120e-001
 9.0797478e-001
 9.0820670e-001
 9.0843004e-001
 9.0862757e-001
 9.0878415e-001
 9.0888971e-001
 9.0894037e-001
 9.0893978e-001
 9.0889817e-001
 9.0883058e-001
 9.0875375e-001
 9.0868396e-001
 9.0863353e-001
 9.0860993e-001
 9.0861440e-001
 9.0864289e-001
 9.0868729e-001
 9.0873712e-001
 9.0878224e-001
 9.0881443e-001
 9.0882903e-001
 9.0882576e-001
 9.0880859e-001
 9.0878481e-001
 9.0876377e-001
 9.0875506e-001
 9.0876651e-001
 9.0880299e-001
 9.0886545e-001
 9.0895051e-001
 9.0905136e-001
 9.0915895e-001
 9.0926361e-001
 9.0935725e-001
 9.0943456e-001
 9.0949392e-001
 9.0953779e-001
 9.0957165e-001
 9.0960264e-001
 9.0963781e-001
 9.0968269e-001
 9.0974015e-001
 9.0981030e-001
 9.0989101e-001
 9.0997899e-001
 9.1007066e-001
 9.1016328e-001
 9.1025513e-001
 9.1034520e-001
 9.1043258e-001
 9.1051561e-001
 9.1059148e-001
 9.1065621e-001
 9.1070509e-001
 9.1073400e-001
 9.1074067e-001
 9.1072553e-001
 9.1069251e-001
 9.1064882e-001
 9.1060424e-001
 9.1056955e-001
 9.1055518e-001
 9.1056967e-001
 9.1061819e-001
 9.1070229e-001
 9.1081971e-001
 9.1096503e-001
 9.1113055e-001
 9.1130787e-001
 9.1148883e-001
 9.1166627e-001
 9.1183501e-001
 9.1199118e-001
 9.1213238e-001
 9.1225678e-001
 9.1236269e-001
 9.1244847e-001
 9.1251224e-001
 9.1255236e-001
 9.1256803e-001
 9.1255969e-001
 9.1252917e-001
 9.1247970e-001
 9.1241544e-001
 9.1234094e-001
 9.1226071e-001
 9.1217875e-001
 9.1209888e-001
 9.1202497e-001
 9.1196138e-001
 9.1191369e-001
 9.1188878e-001
 9.1189414e-001
 9.1193724e-001
 9.1202426e-001
 9.1215843e-001
 9.1233921e-001
 9.1256142e-001
 9.1281503e-001
 9.1308624e-001
 9.1335851e-001
 9.1361433e-001
 9.1383731e-001
 9.1401398e-001
 9.1413569e-001
 9.1419971e-001
 9.1420984e-001
 9.1417617e-001
 9.1411406e-001
 9.1404194e-001
 9.1397882e-001
 9.1394037e-001
 9.1393620e-001
 9.1396660e-001
 9.1402161e-001
 9.1408139e-001
 9.1411865e-001
 9.1410357e-001
 9.1400915e-001
 9.1381741e-001
 9.1352385e-001
 9.1314059e-001
 9.1269535e-001
 9.1222900e-001
 9.1178960e-001
 9.1142529e-001
 9.1117758e-001
 9.1107500e-001
 9.1112977e-001
 9.1133606e-001
 9.1167212e-001
 9.1210341e-001
 9.1258854e-001
 9.1308475e-001
 9.1355360e-001
 9.1396558e-001
 9.1430253e-001
 9.1455847e-001
 9.1473866e-001
 9.1485661e-001
 9.1493106e-001
 9.1498232e-001
 9.1502893e-001
 9.1508555e-001
 9.1516155e-001
 9.1526043e-001
 9.1538060e-001
 9.1551602e-001
 9.1565764e-001
 9.1579503e-001
 9.1591746e-001
 9.1601563e-001
 9.1608286e-001
 9.1611600e-001
 9.1611624e-001
 9.1608918e-001
 9.1604483e-001
 9.1599649e-001
 9.1595948e-001
 9.1594946e-001
 9.1598022e-001
 9.1606176e-001
 9.1619879e-001
 9.1638958e-001
 9.1662562e-001
 9.1689259e-001
 9.1717219e-001
 9.1744399e-001
 9.1768885e-001
 9.1789114e-001
 9.1804123e-001
 9.1813672e-001
 9.1818249e-001
 9.1818994e-001
 9.1817498e-001
 9.1815537e-001
 9.1814840e-001
 9.1816807e-001
 9.1822368e-001
 9.1831857e-001
 9.1845012e-001
 9.1861039e-001
 9.1878748e-001
 9.1896725e-001
 9.1913533e-001
 9.1927916e-001
 9.1938978e-001
 9.1946292e-001
 9.1949987e-001
 9.1950727e-001
 9.1949600e-001
 9.1947985e-001
 9.1947305e-001
 9.1948807e-001
 9.1953343e-001
 9.1961259e-001
 9.1972315e-001
 9.1985780e-001
 9.2000562e-001
 9.2015439e-001
 9.2029274e-001
 9.2041224e-001
 9.2050844e-001
 9.2058128e-001
 9.2063487e-001
 9.2067587e-001
 9.2071265e-001
 9.2075366e-001
 9.2080605e-001
 9.2087531e-001
 9.2096472e-001
 9.2107505e-001
 9.2120516e-001
 9.2135197e-001
 9.2151082e-001
 9.2167604e-001
 9.2184103e-001
 9.2199910e-001
 9.2214364e-001
 9.2226881e-001
 9.2237002e-001
 9.2244446e-001
 9.2249149e-001
 9.2251253e-001
 9.2251134e-001
 9.2249340e-001
 9.2246562e-001
 9.2243534e-001
 9.2240977e-001
 9.2239493e-001
 9.2239499e-001
 9.2241180e-001
 9.2244452e-001
 9.2248970e-001
 9.2254192e-001
 9.2259431e-001
 9.2263955e-001
 9.2267132e-001
 9.2268467e-001
 9.2267704e-001
 9.2264849e-001
 9.2260122e-001
 9.2253935e-001
 9.2246753e-001
 9.2239034e-001
 9.2231148e-001
 9.2223352e-001
 9.2215812e-001
 9.2208642e-001
 9.2201996e-001
 9.2196113e-001
 9.2191339e-001
 9.2188102e-001
 9.2186844e-001
 9.2187893e-001
 9.2191380e-001
 9.2197156e-001
 9.2204791e-001
 9.2213613e-001
 9.2222816e-001
 9.2231590e-001
 9.2239273e-001
 9.2245424e-001
 9.2249918e-001
 9.2252892e-001
 9.2254752e-001
 9.2255998e-001
 9.2257184e-001
 9.2258757e-001
 9.2261016e-001
 9.2264056e-001
 9.2267793e-001
 9.2272013e-001
 9.2276478e-001
 9.2281002e-001
 9.2285538e-001
 9.2290241e-001
 9.2295462e-001
 9.2301708e-001
 9.2309541e-001
 9.2319483e-001
 9.2331904e-001
 9.2346901e-001
 9.2364240e-001
 9.2383367e-001
 9.2403424e-001
 9.2423368e-001
 9.2442089e-001
 9.2458582e-001
 9.2472041e-001
 9.2482024e-001
 9.2488444e-001
 9.2491591e-001
 9.2492014e-001
 9.2490399e-001
 9.2487401e-001
 9.2483479e-001
 9.2478770e-001
 9.2473054e-001
 9.2465794e-001
 9.2456287e-001
 9.2443860e-001
 9.2428160e-001
 9.2409337e-001
 9.2388231e-001
 9.2366332e-001
 9.2345631e-001
 9.2328292e-001
 9.2316222e-001
 9.2310673e-001
 9.2311883e-001
 9.2318922e-001
 9.2329806e-001
 9.2341721e-001
 9.2351532e-001
 9.2356229e-001
 9.2353386e-001
 9.2341501e-001
 9.2320073e-001
 9.2289543e-001
 9.2251098e-001
 9.2206311e-001
 9.2156821e-001
 9.2104018e-001
 9.2048764e-001
 9.1991228e-001
 9.1930723e-001
 9.1865706e-001
 9.1793758e-001
 9.1711622e-001
 9.1615415e-001
 9.1500795e-001
 9.1363293e-001
 9.1198707e-001
 9.1003340e-001
 9.0774548e-001
 9.0510941e-001
 9.0212518e-001
 8.9880967e-001
 8.9519405e-001
 8.9132512e-001
 8.8726228e-001
 8.8307345e-001
 8.7883520e-001
 8.7462527e-001
 8.7052196e-001
 8.6659861e-001
 8.6291832e-001
 8.5953420e-001
 8.5648429e-001
 8.5379422e-001
 8.5147828e-001
 8.4954238e-001
 8.4799069e-001
 8.4682906e-001
 8.4607005e-001
 8.4573406e-001
 8.4584844e-001
 8.4644395e-001
 8.4754974e-001
 8.4918582e-001
 8.5135716e-001
 8.5404974e-001
 8.5722649e-001
 8.6082834e-001
 8.6477822e-001
 8.6898345e-001
 8.7334526e-001
 8.7776273e-001
 8.8214046e-001
 8.8639581e-001
 8.9045948e-001
 8.9428157e-001
 8.9782876e-001
 9.0108454e-001
 9.0404803e-001
 9.0672773e-001
 9.0914100e-001
 9.1130799e-001
 9.1325003e-001
 9.1498810e-001
 9.1654074e-001
 9.1792530e-001
 9.1915786e-001
 9.2025423e-001
 9.2123157e-001
 9.2210740e-001
 9.2289960e-001
 9.2362529e-001
 9.2429829e-001
 9.2492813e-001
 9.2551786e-001
 9.2606401e-001
 9.2655736e-001
 9.2698449e-001
 9.2733085e-001
 9.2758405e-001
 9.2773730e-001
 9.2779225e-001
 9.2776024e-001
 9.2766249e-001
 9.2752838e-001
 9.2739195e-001
 9.2728782e-001
 9.2724651e-001
 9.2729026e-001
 9.2743045e-001
 9.2766613e-001
 9.2798513e-001
 9.2836654e-001
 9.2878401e-001
 9.2921060e-001
 9.2962199e-001
 9.3000007e-001
 9.3033469e-001
 9.3062383e-001
 9.3087280e-001
 9.3109190e-001
 9.3129408e-001
 9.3149137e-001
 9.3169302e-001
 9.3190324e-001
 9.3212086e-001
 9.3233967e-001
 9.3254995e-001
 9.3274093e-001
 9.3290317e-001
 9.3303102e-001
 9.3312424e-001
 9.3318868e-001
 9.3323529e-001
 9.3327856e-001
 9.3333358e-001
 9.3341249e-001
 9.3352199e-001
 9.3366092e-001
 9.3382031e-001
 9.3398410e-001
 9.3413216e-001
 9.3424404e-001
 9.3430293e-001
 9.3429881e-001
 9.3423092e-001
 9.3410802e-001
 9.3394697e-001
 9.3377006e-001
 9.3360102e-001
 9.3346149e-001
 9.3336743e-001
 9.3332666e-001
 9.3333870e-001
 9.3339533e-001
 9.3348277e-001
 9.3358517e-001
 9.3368733e-001
 9.3377751e-001
 9.3384898e-001
 9.3389976e-001
 9.3393189e-001
 9.3394923e-001
 9.3395603e-001
 9.3395501e-001
 9.3394756e-001
 9.3393385e-001
 9.3391407e-001
 9.3388981e-001
 9.3386441e-001
 9.3384302e-001
 9.3383104e-001
 9.3383282e-001
 9.3385035e-001
 9.3388236e-001
 9.3392420e-001
 9.3396735e-001
 9.3400121e-001
 9.3401480e-001
 9.3399978e-001
 9.3395352e-001
 9.3388081e-001
 9.3379438e-001
 9.3371409e-001
 9.3366373e-001
 9.3366677e-001
 9.3374270e-001
 9.3390399e-001
 9.3415415e-001
 9.3448776e-001
 9.3489081e-001
 9.3534219e-001
 9.3581516e-001
 9.3628031e-001
 9.3670797e-001
 9.3707156e-001
 9.3734956e-001
 9.3752760e-001
 9.3759912e-001
 9.3756503e-001
 9.3743271e-001
 9.3721455e-001
 9.3692625e-001
 9.3658483e-001
 9.3620706e-001
 9.3580800e-001
 9.3540120e-001
 9.3499786e-001
 9.3460721e-001
 9.3423712e-001
 9.3389398e-001
 9.3358326e-001
 9.3330979e-001
 9.3307799e-001
 9.3289208e-001
 9.3275625e-001
 9.3267411e-001
 9.3264854e-001
 9.3268090e-001
 9.3277007e-001
 9.3291211e-001
 9.3309957e-001
 9.3332207e-001
 9.3356758e-001
 9.3382341e-001
 9.3407768e-001
 9.3432081e-001
 9.3454599e-001
 9.3474972e-001
 9.3493193e-001
 9.3509555e-001
 9.3524575e-001
 9.3538880e-001
 9.3553126e-001
 9.3567860e-001
 9.3583477e-001
 9.3600172e-001
 9.3617940e-001
 9.3636614e-001
 9.3655926e-001
 9.3675548e-001
 9.3695146e-001
 9.3714416e-001
 9.3733078e-001
 9.3750876e-001
 9.3767506e-001
 9.3782616e-001
 9.3795741e-001
 9.3806303e-001
 9.3813616e-001
 9.3816978e-001
 9.3815738e-001
 9.3809462e-001
 9.3798035e-001
 9.3781817e-001
 9.3761677e-001
 9.3739009e-001
 9.3715638e-001
 9.3693632e-001
 9.3675041e-001
 9.3661666e-001
 9.3654728e-001
 9.3654710e-001
 9.3661261e-001
 9.3673170e-001
 9.3688565e-001
 9.3705136e-001
 9.3720442e-001
 9.3732226e-001
 9.3738687e-001
 9.3738693e-001
 9.3731862e-001
 9.3718541e-001
 9.3699735e-001
 9.3676931e-001
 9.3651915e-001
 9.3626571e-001
 9.3602723e-001
 9.3581969e-001
 9.3565589e-001
 9.3554455e-001
 9.3548965e-001
 9.3549043e-001
 9.3554121e-001
 9.3563217e-001
 9.3574977e-001
 9.3587816e-001
 9.3600059e-001
 9.3610108e-001
 9.3616581e-001
 9.3618447e-001
 9.3615133e-001
 9.3606526e-001
 9.3593007e-001
 9.3575346e-001
 9.3554640e-001
 9.3532205e-001
 9.3509465e-001
 9.3487847e-001
 9.3468660e-001
 9.3453020e-001
 9.3441749e-001
 9.3435287e-001
 9.3433642e-001
 9.3436366e-001
 9.3442589e-001
 9.3451095e-001
 9.3460506e-001
 9.3469423e-001
 9.3476588e-001
 9.3481034e-001
 9.3482178e-001
 9.3479854e-001
 9.3474329e-001
 9.3466312e-001
 9.3456799e-001
 9.3446982e-001
 9.3438035e-001
 9.3430936e-001
 9.3426323e-001
 9.3424338e-001
 9.3424654e-001
 9.3426454e-001
 9.3428594e-001
 9.3429697e-001
 9.3428332e-001
 9.3423164e-001
 9.3413085e-001
 9.3397266e-001
 9.3375212e-001
 9.3346781e-001
 9.3312240e-001
 9.3272239e-001
 9.3227851e-001
 9.3180543e-001
 9.3132126e-001
 9.3084717e-001
 9.3040574e-001
 9.3001938e-001
 9.2970830e-001
 9.2948842e-001
 9.2936969e-001
 9.2935455e-001
 9.2943776e-001
 9.2960656e-001
 9.2984200e-001
 9.3012089e-001
 9.3041730e-001
 9.3070513e-001
 9.3095964e-001
 9.3115884e-001
 9.3128455e-001
 9.3132263e-001
 9.3126363e-001
 9.3110251e-001
 9.3083870e-001
 9.3047631e-001
 9.3002373e-001
 9.2949373e-001
 9.2890304e-001
 9.2827171e-001
 9.2762178e-001
 9.2697644e-001
 9.2635846e-001
 9.2578846e-001
 9.2528403e-001
 9.2485857e-001
 9.2452109e-001
 9.2427576e-001
 9.2412251e-001
 9.2405730e-001
 9.2407298e-001
 9.2415982e-001
 9.2430615e-001
 9.2449862e-001
 9.2472291e-001
 9.2496407e-001
 9.2520690e-001
 9.2543674e-001
 9.2563975e-001
 9.2580372e-001
 9.2591864e-001
 9.2597669e-001
 9.2597306e-001
 9.2590559e-001
 9.2577481e-001
 9.2558390e-001
 9.2533857e-001
 9.2504680e-001
 9.2471844e-001
 9.2436564e-001
 9.2400181e-001
 9.2364132e-001
 9.2329901e-001
 9.2298853e-001
 9.2272198e-001
 9.2250842e-001
 9.2235291e-001
 9.2225629e-001
 9.2221487e-001
 9.2222130e-001
 9.2226541e-001
 9.2233592e-001
 9.2242235e-001
 9.2251670e-001
 9.2261487e-001
 9.2271781e-001
 9.2283177e-001
 9.2296731e-001
 9.2313850e-001
 9.2336053e-001
 9.2364746e-001
 9.2401028e-001
 9.2445433e-001
 9.2497820e-001
 9.2557359e-001
 9.2622536e-001
 9.2691326e-001
 9.2761379e-001
 9.2830241e-001
 9.2895627e-001
 9.2955571e-001
 9.3008602e-001
 9.3053776e-001
 9.3090707e-001
 9.3119514e-001
 9.3140668e-001
 9.3154889e-001
 9.3162954e-001
 9.3165600e-001
 9.3163431e-001
 9.3156880e-001
 9.3146181e-001
 9.3131447e-001
 9.3112743e-001
 9.3090147e-001
 9.3063837e-001
 9.3034136e-001
 9.3001515e-001
 9.2966652e-001
 9.2930430e-001
 9.2893952e-001
 9.2858446e-001
 9.2825216e-001
 9.2795497e-001
 9.2770302e-001
 9.2750275e-001
 9.2735547e-001
 9.2725652e-001
 9.2719585e-001
 9.2716062e-001
 9.2715204e-001
 9.2712712e-001
 9.2706519e-001
 9.2694843e-001
 9.2676437e-001
 9.2650729e-001
 9.2617762e-001
 9.2577982e-001
 9.2532092e-001
 9.2480874e-001
 9.2425138e-001
 9.2365682e-001
 9.2303228e-001
 9.2238474e-001
 9.2172015e-001
 9.2104346e-001
 9.2035925e-001
 9.1967148e-001
 9.1898382e-001
 9.1829979e-001
 9.1762245e-001
 9.1695487e-001
 9.1629863e-001
 9.1565436e-001
 9.1502029e-001
 9.1439247e-001
 9.1376483e-001
 9.1312969e-001
 9.1247863e-001
 9.1180301e-001
 9.1109419e-001
 9.1034502e-001
 9.0955025e-001
 9.0870881e-001
 9.0782499e-001
 9.0690845e-001
 9.0597433e-001
 9.0504187e-001
 9.0413195e-001
 9.0326703e-001
 9.0246874e-001
 9.0175718e-001
 9.0114868e-001
 9.0065283e-001
 9.0027046e-001
 8.9999270e-001
 8.9980167e-001
 8.9967304e-001
 8.9957863e-001
 8.9948845e-001
 8.9937198e-001
 8.9919931e-001
 8.9894223e-001
 8.9857531e-001
 8.9807701e-001
 8.9742988e-001
 8.9662051e-001
 8.9563829e-001
 8.9447415e-001
 8.9312083e-001
 8.9157212e-001
 8.8982576e-001
 8.8788623e-001
 8.8576883e-001
 8.8350469e-001
 8.8114196e-001
 8.7874317e-001
 8.7638330e-001
 8.7414277e-001
 8.7210530e-001
 8.7035382e-001
 8.6896527e-001
 8.6800581e-001
 8.6752212e-001
 8.6753511e-001
 8.6803663e-001
 8.6899281e-001
 8.7035030e-001
 8.7204468e-001
 8.7400585e-001
 8.7616211e-001
 8.7844384e-001
 8.8078451e-001
 8.8312608e-001
 8.8541925e-001
 8.8762552e-001
 8.8971716e-001
 8.9167261e-001
 8.9347506e-001
 8.9511037e-001
 8.9656520e-001
 8.9782840e-001
 8.9889109e-001
 8.9974928e-001
 9.0040511e-001
 9.0086746e-001
 9.0115148e-001
 9.0127671e-001
 9.0126550e-001
 9.0114141e-001
 9.0092826e-001
 9.0064883e-001
 9.0032452e-001
 8.9997351e-001
 8.9960980e-001
 8.9924288e-001
 8.9887804e-001
 8.9851767e-001
 8.9816219e-001
 8.9781123e-001
 8.9746410e-001
 8.9712000e-001
 8.9677858e-001
 8.9643997e-001
 8.9610481e-001
 8.9577460e-001
 8.9545155e-001
 8.9513820e-001
 8.9483756e-001
 8.9455253e-001
 8.9428616e-001
 8.9404118e-001
 8.9381981e-001
 8.9362341e-001
 8.9345205e-001
 8.9330453e-001
 8.9317846e-001
 8.9307064e-001
 8.9297718e-001
 8.9289409e-001
 8.9281714e-001
 8.9274228e-001
 8.9266562e-001
 8.9258343e-001
 8.9249241e-001
 8.9238960e-001
 8.9227247e-001
 8.9213866e-001
 8.9198595e-001
 8.9181232e-001
 8.9161563e-001
 8.9139360e-001
 8.9114356e-001
 8.9086241e-001
 8.9054644e-001
 8.9019096e-001
 8.8979065e-001
 8.8933975e-001
 8.8883209e-001
 8.8826168e-001
 8.8762259e-001
 8.8691026e-001
 8.8612169e-001
 8.8525772e-001
 8.8432372e-001
 8.8332999e-001
 8.8229185e-001
 8.8122749e-001
 8.8015753e-001
 8.7910348e-001
 8.7808627e-001
 8.7712610e-001
 8.7624025e-001
 8.7544143e-001
 8.7473643e-001
 8.7412494e-001
 8.7360090e-001
 8.7315345e-001
 8.7276900e-001
 8.7243283e-001
 8.7212938e-001
 8.7184304e-001
 8.7155789e-001
 8.7125754e-001
 8.7092543e-001
 8.7054425e-001
 8.7009633e-001
 8.6956394e-001
 8.6892885e-001
 8.6817354e-001
 8.6728120e-001
 8.6623842e-001
 8.6503774e-001
 8.6368144e-001
 8.6218619e-001
 8.6058295e-001
 8.5891712e-001
 8.5724396e-001
 8.5562426e-001
 8.5412180e-001
 8.5279995e-001
 8.5171831e-001
 8.5092914e-001
 8.5047144e-001
 8.5036689e-001
 8.5061753e-001
 8.5120803e-001
 8.5210979e-001
 8.5328680e-001
 8.5469890e-001
 8.5630554e-001
 8.5806549e-001
 8.5994059e-001
 8.6189604e-001
 8.6390054e-001
 8.6592919e-001
 8.6796141e-001
 8.6998045e-001
 8.7197024e-001
 8.7391734e-001
 8.7580884e-001
 8.7763107e-001
 8.7937313e-001
 8.8102585e-001
 8.8258147e-001
 8.8403630e-001
 8.8538891e-001
 8.8663995e-001
 8.8779050e-001
 8.8884306e-001
 8.8980043e-001
 8.9066535e-001
 8.9144188e-001
 8.9213556e-001
 8.9275324e-001
 8.9330429e-001
 8.9379996e-001
 8.9425236e-001
 8.9467502e-001
 8.9508122e-001
 8.9548433e-001
 8.9589602e-001
 8.9632583e-001
 8.9677906e-001
 8.9725494e-001
 8.9774662e-001
 8.9824158e-001
 8.9872271e-001
 8.9917082e-001
 8.9956552e-001
 8.9988679e-001
 9.0011615e-001
 9.0023911e-001
 9.0024751e-001
 9.0014195e-001
 8.9993262e-001
 8.9963824e-001
 8.9928424e-001
 8.9889961e-001
 8.9851493e-001
 8.9816070e-001
 8.9786530e-001
 8.9765215e-001
 8.9753687e-001
 8.9752418e-001
 8.9760673e-001
 8.9776635e-001
 8.9797676e-001
 8.9820707e-001
 8.9842433e-001
 8.9859539e-001
 8.9868933e-001
 8.9867973e-001
 8.9854801e-001
 8.9828646e-001
 8.9789885e-001
 8.9739972e-001
 8.9681160e-001
 8.9616156e-001
 8.9547849e-001
 8.9479208e-001
 8.9413011e-001
 8.9351678e-001
 8.9297009e-001
 8.9250016e-001
 8.9210761e-001
 8.9178473e-001
 8.9151794e-001
 8.9128977e-001
 8.9108109e-001
 8.9087236e-001
 8.9064437e-001
 8.9037907e-001
 8.9006066e-001
 8.8967609e-001
 8.8921547e-001
 8.8867158e-001
 8.8803989e-001
 8.8731664e-001
 8.8649881e-001
 8.8558471e-001
 8.8457328e-001
 8.8346589e-001
 8.8226861e-001
 8.8099205e-001
 8.7965310e-001
 8.7827379e-001
 8.7688088e-001
 8.7550265e-001
 8.7416810e-001
 8.7290692e-001
 8.7174565e-001
 8.7070638e-001
 8.6980450e-001
 8.6904418e-001
 8.6841846e-001
 8.6791044e-001
 8.6749524e-001
 8.6714369e-001
 8.6682457e-001
 8.6650693e-001
 8.6616176e-001
 8.6576468e-001
 8.6529952e-001
 8.6476082e-001
 8.6415511e-001
 8.6350000e-001
 8.6282080e-001
 8.6214775e-001
 8.6151266e-001
 8.6094743e-001
 8.6048043e-001
 8.6013305e-001
 8.5991520e-001
 8.5982072e-001
 8.5982597e-001
 8.5989136e-001
 8.5996568e-001
 8.5999078e-001
 8.5990572e-001
 8.5965008e-001
 8.5916758e-001
 8.5841143e-001
 8.5735124e-001
 8.5597777e-001
 8.5430557e-001
 8.5237199e-001
 8.5022926e-001
 8.4793884e-001
 8.4556818e-001
 8.4318340e-001
 8.4084827e-001
 8.3861881e-001
 8.3654034e-001
 8.3463997e-001
 8.3292651e-001
 8.3139342e-001
 8.3002061e-001
 8.2878083e-001
 8.2764429e-001
 8.2657945e-001
 8.2555622e-001
 8.2454848e-001
 8.2353508e-001
 8.2250297e-001
 8.2144749e-001
 8.2037246e-001
 8.1928676e-001
 8.1820273e-001
 8.1713474e-001
 8.1609666e-001
 8.1510091e-001
 8.1415743e-001
 8.1327021e-001
 8.1243598e-001
 8.1164336e-001
 8.1087416e-001
 8.1010425e-001
 8.0930632e-001
 8.0845225e-001
 8.0751318e-001
 8.0646151e-001
 8.0527306e-001
 8.0392766e-001
 8.0241150e-001
 8.0071890e-001
 7.9884946e-001
 7.9680800e-001
 7.9460150e-001
 7.9224032e-001
 7.8973413e-001
 7.8709394e-001
 7.8433520e-001
 7.8147566e-001
 7.7853870e-001
 7.7555579e-001
 7.7256215e-001
 7.6959765e-001
 7.6670420e-001
 7.6392633e-001
 7.6130641e-001
 7.5888467e-001
 7.5669891e-001
 7.5477761e-001
 7.5313938e-001
 7.5179309e-001
 7.5073618e-001
 7.4995917e-001
 7.4944812e-001
 7.4918711e-001
 7.4915940e-001
 7.4934828e-001
 7.4973816e-001
 7.5031465e-001
 7.5106597e-001
 7.5198179e-001
 7.5305456e-001
 7.5427836e-001
 7.5564724e-001
 7.5715631e-001
 7.5880015e-001
 7.6057243e-001
 7.6246274e-001
 7.6445723e-001
 7.6653582e-001
 7.6867008e-001
 7.7082664e-001
 7.7296752e-001
 7.7505040e-001
 7.7703369e-001
 7.7887553e-001
 7.8053683e-001
 7.8198236e-001
 7.8318667e-001
 7.8413540e-001
 7.8482646e-001
 7.8526986e-001
 7.8548384e-001
 7.8549159e-001
 7.8531891e-001
 7.8499216e-001
 7.8453743e-001
 7.8397906e-001
 7.8333879e-001
 7.8263456e-001
 7.8188092e-001
 7.8108817e-001
 7.8026390e-001
 7.7941465e-001
 7.7854562e-001
 7.7766126e-001
 7.7676588e-001
 7.7586168e-001
 7.7494872e-001
 7.7402359e-001
 7.7308005e-001
 7.7210790e-001
 7.7109444e-001
 7.7002656e-001
 7.6888973e-001
 7.6766968e-001
 7.6635432e-001
 7.6493353e-001
 7.6340187e-001
 7.6176125e-001
 7.6001972e-001
 7.5819212e-001
 7.5629735e-001
 7.5435859e-001
 7.5239891e-001
 7.5044107e-001
 7.4850774e-001
 7.4661684e-001
 7.4478030e-001
 7.4300355e-001
 7.4128205e-001
 7.3960352e-001
 7.3794973e-001
 7.3629999e-001
 7.3463088e-001
 7.3291868e-001
 7.3114163e-001
 7.2927868e-001
 7.2731215e-001
 7.2523004e-001
 7.2302419e-001
 7.2069079e-001
 7.1823102e-001
 7.1564645e-001
 7.1294045e-001
 7.1011662e-001
 7.0718217e-001
 7.0414537e-001
 7.0101941e-001
 6.9782633e-001
 6.9459349e-001
 6.9135493e-001
 6.8815196e-001
 6.8502641e-001
 6.8202186e-001
 6.7918032e-001
 6.7654222e-001
 6.7413861e-001
 6.7198771e-001
 6.7009258e-001
 6.6843534e-001
 6.6698146e-001
 6.6568470e-001
 6.6449022e-001
 6.6334015e-001
 6.6217709e-001
 6.6094553e-001
 6.5959680e-001
 6.5809292e-001
 6.5641165e-001
 6.5454638e-001
 6.5250510e-001
 6.5030825e-001
 6.4798152e-001
 6.4555329e-001
 6.4305419e-001
 6.4051145e-001
 6.3794881e-001
 6.3538218e-001
 6.3281983e-001
 6.3025743e-001
 6.2768126e-001
 6.2507212e-001
 6.2240499e-001
 6.1965311e-001
 6.1679202e-001
 6.1379832e-001
 6.1065561e-001
 6.0735744e-001
 6.0391420e-001
 6.0035020e-001
 5.9670407e-001
 5.9302789e-001
 5.8937752e-001
 5.8581185e-001
 5.8239293e-001
 5.7917881e-001
 5.7622463e-001
 5.7358164e-001
 5.7129133e-001
 5.6938714e-001
 5.6789428e-001
 5.6683332e-001
 5.6622010e-001
 5.6606919e-001
 5.6639361e-001
 5.6720471e-001
 5.6851119e-001
 5.7031572e-001
 5.7261509e-001
 5.7539862e-001
 5.7864958e-001
 5.8234388e-001
 5.8645660e-001
 5.9096146e-001
 5.9582829e-001
 6.0102952e-001
 6.0653710e-001
 6.1231810e-001
 6.1834210e-001
 6.2457687e-001
 6.3098478e-001
 6.3753194e-001
 6.4418268e-001
 6.5090311e-001
 6.5765446e-001
 6.6440308e-001
 6.7111510e-001
 6.7775166e-001
 6.8427825e-001
 6.9065964e-001
 6.9685578e-001
 7.0283085e-001
 7.0854753e-001
 7.1397018e-001
 7.1906000e-001
 7.2378302e-001
 7.2810608e-001
 7.3199421e-001
 7.3530936e-001
 7.3749721e-001
 7.3989946e-001
 7.4187630e-001
 7.4346668e-001
 7.4470854e-001
 7.4564028e-001
 7.4629927e-001
 7.4672407e-001
 7.4695259e-001
 7.4702293e-001
 7.4697125e-001
 7.4681604e-001
 7.4656606e-001
 7.4623001e-001
 7.4581647e-001
 7.4533439e-001
 7.4479234e-001
 7.4419880e-001
 7.4356264e-001
 7.4289262e-001
 7.4219745e-001
 7.4148566e-001
 7.4076587e-001
 7.4004704e-001
 7.3933679e-001
 7.3863369e-001
 7.3793161e-001
 7.3722398e-001
 7.3650515e-001
 7.3576844e-001
 7.3500776e-001
 7.3421657e-001
 7.3338908e-001
 7.3251879e-001
 7.3159945e-001
 7.3062456e-001
 7.2958845e-001
 7.2848451e-001
 7.2730654e-001
 7.2604829e-001
 7.2470319e-001
 7.2326559e-001
 7.2172970e-001
 7.2009695e-001
 7.1837145e-001
 7.1655917e-001
 7.1466440e-001
 7.1269202e-001
 7.1064639e-001
 7.0853347e-001
 7.0635754e-001
 7.0412338e-001
 7.0183593e-001
 6.9949955e-001
 6.9712007e-001
 6.9470191e-001
 6.9224989e-001
 6.8976837e-001
 6.8726325e-001
 6.8473876e-001
 6.8219990e-001
 6.7965096e-001
 6.7709780e-001
 6.7454487e-001
 6.7199665e-001
 6.6945469e-001
 6.6692102e-001
 6.6439575e-001
 6.6187996e-001
 6.5937442e-001
 6.5687919e-001
 6.5439641e-001
 6.5192640e-001
 6.4946997e-001
 6.4702725e-001
 6.4460039e-001
 6.4218950e-001
 6.3979560e-001
 6.3741887e-001
 6.3506120e-001
 6.3272297e-001
 6.3040495e-001
 6.2810802e-001
 6.2583250e-001
 6.2358022e-001
 6.2135154e-001
 6.1914736e-001
 6.1696792e-001
 6.1481500e-001
 6.1268908e-001
 6.1059070e-001
 6.0851896e-001
 6.0647362e-001
 6.0445297e-001
 6.0245591e-001
 6.0048115e-001
 5.9852707e-001
 5.9659362e-001
 5.9467888e-001
 5.9278178e-001
 5.9090072e-001
 5.8903551e-001
 5.8718437e-001
 5.8534610e-001
 5.8351934e-001
 5.8170348e-001
 5.7989705e-001
 5.7809889e-001
 5.7630730e-001
 5.7452214e-001
 5.7274163e-001
 5.7096463e-001
 5.6919003e-001
 5.6741619e-001
 5.6564277e-001
 5.6386817e-001
 5.6209123e-001
 5.6031036e-001
 5.5852520e-001
 5.5673420e-001
 5.5493659e-001
 5.5313510e-001
 5.5133551e-001
 5.4954243e-001
