s07_ASD Record=12778: Calcite.33+Ca-Mont.67 AMX19  ASDNGb AREF
-1.2300000e+034
 6.2516785e-001
 6.2545586e-001
 6.2580991e-001
 6.2621766e-001
 6.2646878e-001
 6.2686145e-001
 6.2737328e-001
 6.2789404e-001
 6.2817788e-001
 6.2883705e-001
 6.2958437e-001
 6.2981725e-001
 6.2966067e-001
 6.2968820e-001
 6.3002658e-001
 6.3025767e-001
 6.3069761e-001
 6.3127619e-001
 6.3191581e-001
 6.3281560e-001
 6.3348013e-001
 6.3380831e-001
 6.3397074e-001
 6.3446975e-001
 6.3516927e-001
 6.3593870e-001
 6.3674951e-001
 6.3765842e-001
 6.3857114e-001
 6.3939059e-001
 6.4011413e-001
 6.4083064e-001
 6.4166188e-001
 6.4271474e-001
 6.4391732e-001
 6.4510304e-001
 6.4617050e-001
 6.4710939e-001
 6.4794153e-001
 6.4882302e-001
 6.4983410e-001
 6.5074110e-001
 6.5157646e-001
 6.5240908e-001
 6.5331054e-001
 6.5416908e-001
 6.5490842e-001
 6.5555453e-001
 6.5627372e-001
 6.5700352e-001
 6.5777242e-001
 6.5857255e-001
 6.5916771e-001
 6.5986365e-001
 6.6061121e-001
 6.6116035e-001
 6.6180944e-001
 6.6248095e-001
 6.6312504e-001
 6.6381788e-001
 6.6446596e-001
 6.6509169e-001
 6.6574240e-001
 6.6644794e-001
 6.6704392e-001
 6.6757435e-001
 6.6822565e-001
 6.6880369e-001
 6.6936684e-001
 6.6996783e-001
 6.7056119e-001
 6.7112792e-001
 6.7170525e-001
 6.7233467e-001
 6.7295665e-001
 6.7355812e-001
 6.7415297e-001
 6.7477673e-001
 6.7541856e-001
 6.7603773e-001
 6.7662907e-001
 6.7729437e-001
 6.7793912e-001
 6.7856139e-001
 6.7920452e-001
 6.7987043e-001
 6.8055540e-001
 6.8126512e-001
 6.8201500e-001
 6.8279946e-001
 6.8360490e-001
 6.8442786e-001
 6.8531662e-001
 6.8621743e-001
 6.8712509e-001
 6.8806523e-001
 6.8899119e-001
 6.8993282e-001
 6.9088882e-001
 6.9178766e-001
 6.9269812e-001
 6.9360173e-001
 6.9445968e-001
 6.9528717e-001
 6.9610125e-001
 6.9690299e-001
 6.9768029e-001
 6.9842583e-001
 6.9915676e-001
 6.9988328e-001
 7.0058298e-001
 7.0127326e-001
 7.0195299e-001
 7.0261794e-001
 7.0327348e-001
 7.0392853e-001
 7.0458061e-001
 7.0521700e-001
 7.0583236e-001
 7.0644188e-001
 7.0705384e-001
 7.0764214e-001
 7.0823258e-001
 7.0883089e-001
 7.0942855e-001
 7.1000707e-001
 7.1057212e-001
 7.1113324e-001
 7.1170771e-001
 7.1226025e-001
 7.1280903e-001
 7.1337658e-001
 7.1392858e-001
 7.1447980e-001
 7.1503747e-001
 7.1559387e-001
 7.1614695e-001
 7.1670401e-001
 7.1727431e-001
 7.1786135e-001
 7.1843588e-001
 7.1900123e-001
 7.1957451e-001
 7.2015190e-001
 7.2073114e-001
 7.2131175e-001
 7.2189420e-001
 7.2246242e-001
 7.2303224e-001
 7.2362161e-001
 7.2422367e-001
 7.2481692e-001
 7.2540009e-001
 7.2598219e-001
 7.2656053e-001
 7.2714311e-001
 7.2773302e-001
 7.2832131e-001
 7.2889262e-001
 7.2945964e-001
 7.3004210e-001
 7.3061961e-001
 7.3120183e-001
 7.3179281e-001
 7.3238200e-001
 7.3296458e-001
 7.3354781e-001
 7.3413712e-001
 7.3472369e-001
 7.3532623e-001
 7.3592794e-001
 7.3649997e-001
 7.3709440e-001
 7.3769766e-001
 7.3829669e-001
 7.3889339e-001
 7.3949736e-001
 7.4010593e-001
 7.4071378e-001
 7.4131566e-001
 7.4193311e-001
 7.4256706e-001
 7.4319911e-001
 7.4382526e-001
 7.4445438e-001
 7.4509412e-001
 7.4574691e-001
 7.4639821e-001
 7.4704659e-001
 7.4769622e-001
 7.4834639e-001
 7.4900323e-001
 7.4966371e-001
 7.5031215e-001
 7.5096357e-001
 7.5161767e-001
 7.5227064e-001
 7.5291348e-001
 7.5356060e-001
 7.5421196e-001
 7.5485450e-001
 7.5548583e-001
 7.5611311e-001
 7.5674289e-001
 7.5738025e-001
 7.5802940e-001
 7.5868005e-001
 7.5931835e-001
 7.5994796e-001
 7.6057661e-001
 7.6120180e-001
 7.6180965e-001
 7.6240110e-001
 7.6298374e-001
 7.6356184e-001
 7.6412833e-001
 7.6468283e-001
 7.6522762e-001
 7.6576203e-001
 7.6627433e-001
 7.6676506e-001
 7.6724178e-001
 7.6772106e-001
 7.6818502e-001
 7.6863730e-001
 7.6908451e-001
 7.6951206e-001
 7.6994067e-001
 7.7038175e-001
 7.7083498e-001
 7.7129239e-001
 7.7174985e-001
 7.7220082e-001
 7.7262998e-001
 7.7305388e-001
 7.7347445e-001
 7.7388704e-001
 7.7429867e-001
 7.7468526e-001
 7.7503788e-001
 7.7537102e-001
 7.7571183e-001
 7.7605641e-001
 7.7639449e-001
 7.7672648e-001
 7.7706277e-001
 7.7740836e-001
 7.7776086e-001
 7.7810764e-001
 7.7843893e-001
 7.7875483e-001
 7.7907610e-001
 7.7938396e-001
 7.7967465e-001
 7.7995259e-001
 7.8023440e-001
 7.8053194e-001
 7.8083581e-001
 7.8111595e-001
 7.8138119e-001
 7.8164178e-001
 7.8190619e-001
 7.8217489e-001
 7.8244174e-001
 7.8269857e-001
 7.8293961e-001
 7.8318268e-001
 7.8343475e-001
 7.8369278e-001
 7.8394246e-001
 7.8418660e-001
 7.8442919e-001
 7.8467190e-001
 7.8490269e-001
 7.8513086e-001
 7.8536171e-001
 7.8559577e-001
 7.8582692e-001
 7.8606248e-001
 7.8630269e-001
 7.8653342e-001
 7.8674430e-001
 7.8695446e-001
 7.8718930e-001
 7.8743351e-001
 7.8767687e-001
 7.8791291e-001
 7.8814805e-001
 7.8839308e-001
 7.8863579e-001
 7.8886026e-001
 7.8906268e-001
 7.8926569e-001
 7.8948128e-001
 7.8971547e-001
 7.8995049e-001
 7.9018801e-001
 7.9042560e-001
 7.9066336e-001
 7.9088551e-001
 7.9110587e-001
 7.9133987e-001
 7.9157078e-001
 7.9179543e-001
 7.9201937e-001
 7.9224825e-001
 7.9246336e-001
 7.9267776e-001
 7.9290622e-001
 7.9315424e-001
 7.9340035e-001
 7.9362810e-001
 7.9383117e-001
 7.9402697e-001
 7.9422432e-001
 7.9441935e-001
 7.9460198e-001
 7.9480171e-001
 7.9502177e-001
 7.9525006e-001
 7.9545653e-001
 7.9565459e-001
 7.9585767e-001
 7.9607254e-001
 7.9627293e-001
 7.9646069e-001
 7.9664141e-001
 7.9682398e-001
 7.9700047e-001
 7.9717982e-001
 7.9736608e-001
 7.9754966e-001
 7.9773629e-001
 7.9792005e-001
 7.9809612e-001
 7.9826969e-001
 7.9844308e-001
 7.9861712e-001
 7.9879045e-001
 7.9894823e-001
 7.9910690e-001
 7.9927588e-001
 7.9944575e-001
 7.9959893e-001
 7.9973632e-001
 7.9986858e-001
 8.0001020e-001
 8.0015945e-001
 8.0031532e-001
 8.0047500e-001
 8.0061525e-001
 8.0074346e-001
 8.0087191e-001
 8.0100662e-001
 8.0113411e-001
 8.0126059e-001
 8.0139714e-001
 8.0153304e-001
 8.0166763e-001
 8.0180168e-001
 8.0193716e-001
 8.0205995e-001
 8.0218524e-001
 8.0232060e-001
 8.0244023e-001
 8.0256712e-001
 8.0270439e-001
 8.0284470e-001
 8.0297774e-001
 8.0310649e-001
 8.0324358e-001
 8.0340511e-001
 8.0356354e-001
 8.0371881e-001
 8.0387616e-001
 8.0404079e-001
 8.0419445e-001
 8.0433613e-001
 8.0447239e-001
 8.0461234e-001
 8.0474675e-001
 8.0486494e-001
 8.0496013e-001
 8.0506384e-001
 8.0517918e-001
 8.0530077e-001
 8.0541599e-001
 8.0553669e-001
 8.0565941e-001
 8.0577409e-001
 8.0587637e-001
 8.0597562e-001
 8.0608529e-001
 8.0621898e-001
 8.0636656e-001
 8.0651546e-001
 8.0666035e-001
 8.0680847e-001
 8.0694890e-001
 8.0708569e-001
 8.0722576e-001
 8.0736387e-001
 8.0750215e-001
 8.0764496e-001
 8.0779928e-001
 8.0794567e-001
 8.0809170e-001
 8.0824071e-001
 8.0838603e-001
 8.0852777e-001
 8.0865824e-001
 8.0877441e-001
 8.0888504e-001
 8.0900115e-001
 8.0912560e-001
 8.0925465e-001
 8.0937123e-001
 8.0948126e-001
 8.0958611e-001
 8.0968273e-001
 8.0978245e-001
 8.0987298e-001
 8.0994654e-001
 8.1001395e-001
 8.1008810e-001
 8.1017566e-001
 8.1027609e-001
 8.1037158e-001
 8.1046700e-001
 8.1056529e-001
 8.1066769e-001
 8.1076998e-001
 8.1086689e-001
 8.1095231e-001
 8.1102157e-001
 8.1109267e-001
 8.1116515e-001
 8.1123382e-001
 8.1129307e-001
 8.1134230e-001
 8.1138641e-001
 8.1143200e-001
 8.1147856e-001
 8.1152809e-001
 8.1158048e-001
 8.1163698e-001
 8.1170177e-001
 8.1176156e-001
 8.1180722e-001
 8.1184155e-001
 8.1187654e-001
 8.1191015e-001
 8.1193900e-001
 8.1196558e-001
 8.1199944e-001
 8.1204879e-001
 8.1211913e-001
 8.1220466e-001
 8.1229776e-001
 8.1239331e-001
 8.1248873e-001
 8.1257546e-001
 8.1264383e-001
 8.1269145e-001
 8.1272715e-001
 8.1276393e-001
 8.1280369e-001
 8.1284493e-001
 8.1288922e-001
 8.1293607e-001
 8.1298721e-001
 8.1304085e-001
 8.1307352e-001
 8.1310290e-001
 8.1313938e-001
 8.1318569e-001
 8.1323284e-001
 8.1327176e-001
 8.1329739e-001
 8.1331015e-001
 8.1330138e-001
 8.1329888e-001
 8.1331754e-001
 8.1333268e-001
 8.1334758e-001
 8.1336355e-001
 8.1337970e-001
 8.1338555e-001
 8.1339473e-001
 8.1340957e-001
 8.1343031e-001
 8.1347400e-001
 8.1353039e-001
 8.1358373e-001
 8.1361949e-001
 8.1366062e-001
 8.1370610e-001
 8.1374806e-001
 8.1377470e-001
 8.1381428e-001
 8.1386071e-001
 8.1389934e-001
 8.1391215e-001
 8.1392944e-001
 8.1394863e-001
 8.1396091e-001
 8.1397974e-001
 8.1399548e-001
 8.1401920e-001
 8.1406325e-001
 8.1411910e-001
 8.1416786e-001
 8.1420082e-001
 8.1421995e-001
 8.1424212e-001
 8.1427032e-001
 8.1430310e-001
 8.1433517e-001
 8.1435877e-001
 8.1438321e-001
 8.1441361e-001
 8.1444335e-001
 8.1447369e-001
 8.1450325e-001
 8.1453305e-001
 8.1457281e-001
 8.1461102e-001
 8.1464672e-001
 8.1468165e-001
 8.1471616e-001
 8.1475168e-001
 8.1478113e-001
 8.1480104e-001
 8.1484240e-001
 8.1489086e-001
 8.1493521e-001
 8.1496793e-001
 8.1498557e-001
 8.1500638e-001
 8.1503427e-001
 8.1506056e-001
 8.1510079e-001
 8.1514305e-001
 8.1518090e-001
 8.1522083e-001
 8.1526178e-001
 8.1529981e-001
 8.1533521e-001
 8.1537640e-001
 8.1541413e-001
 8.1545240e-001
 8.1549442e-001
 8.1552577e-001
 8.1554538e-001
 8.1556731e-001
 8.1560194e-001
 8.1563407e-001
 8.1567210e-001
 8.1571633e-001
 8.1576252e-001
 8.1580782e-001
 8.1584680e-001
 8.1588590e-001
 8.1593388e-001
 8.1597871e-001
 8.1602412e-001
 8.1606913e-001
 8.1611037e-001
 8.1615072e-001
 8.1618685e-001
 8.1622094e-001
 8.1625801e-001
 8.1630504e-001
 8.1632584e-001
 8.1632137e-001
 8.1632298e-001
 8.1631774e-001
 8.1631792e-001
 8.1632513e-001
 8.1632847e-001
 8.1632626e-001
 8.1631905e-001
 8.1630462e-001
 8.1628036e-001
 8.1624955e-001
 8.1620568e-001
 8.1615829e-001
 8.1613469e-001
 8.1608844e-001
 8.1603855e-001
 8.1599444e-001
 8.1593668e-001
 8.1586313e-001
 8.1577671e-001
 8.1567127e-001
 8.1552786e-001
 8.1536847e-001
 8.1519216e-001
 8.1498843e-001
 8.1474274e-001
 8.1447810e-001
 8.1420946e-001
 8.1394380e-001
 8.1366885e-001
 8.1340355e-001
 8.1316382e-001
 8.1295037e-001
 8.1273967e-001
 8.1254876e-001
 8.1237316e-001
 8.1222004e-001
 8.1212479e-001
 8.1205195e-001
 8.1200856e-001
 8.1201273e-001
 8.1208527e-001
 8.1217796e-001
 8.1231606e-001
 8.1250757e-001
 8.1270242e-001
 8.1294066e-001
 8.1322384e-001
 8.1353259e-001
 8.1383133e-001
 8.1415719e-001
 8.1450570e-001
 8.1485516e-001
 8.1516868e-001
 8.1549114e-001
 8.1580478e-001
 8.1609190e-001
 8.1635928e-001
 8.1662589e-001
 8.1688917e-001
 8.1714398e-001
 8.1738514e-001
 8.1760728e-001
 8.1784642e-001
 8.1809729e-001
 8.1830233e-001
 8.1851381e-001
 8.1870371e-001
 8.1888306e-001
 8.1910366e-001
 8.1928706e-001
 8.1945586e-001
 8.1962860e-001
 8.1980205e-001
 8.1997359e-001
 8.2015687e-001
 8.2029134e-001
 8.2045275e-001
 8.2060963e-001
 8.2076192e-001
 8.2090962e-001
 8.2105303e-001
 8.2119274e-001
 8.2132941e-001
 8.2146376e-001
 8.2159644e-001
 8.2172787e-001
 8.2185829e-001
 8.2198763e-001
 8.2211548e-001
 8.2224143e-001
 8.2236493e-001
 8.2248551e-001
 8.2260287e-001
 8.2271677e-001
 8.2282728e-001
 8.2293463e-001
 8.2303905e-001
 8.2314092e-001
 8.2324058e-001
 8.2333821e-001
 8.2343411e-001
 8.2352841e-001
 8.2362133e-001
 8.2371289e-001
 8.2380313e-001
 8.2389206e-001
 8.2397962e-001
 8.2406580e-001
 8.2415068e-001
 8.2423413e-001
 8.2431632e-001
 8.2439727e-001
 8.2447708e-001
 8.2455605e-001
 8.2463437e-001
 8.2471234e-001
 8.2479012e-001
 8.2486790e-001
 8.2494575e-001
 8.2502341e-001
 8.2510084e-001
 8.2517767e-001
 8.2525373e-001
 8.2532883e-001
 8.2540286e-001
 8.2547581e-001
 8.2554781e-001
 8.2561874e-001
 8.2568860e-001
 8.2575744e-001
 8.2582527e-001
 8.2589215e-001
 8.2595807e-001
 8.2602334e-001
 8.2608819e-001
 8.2615274e-001
 8.2621717e-001
 8.2628149e-001
 8.2634550e-001
 8.2640904e-001
 8.2647181e-001
 8.2653356e-001
 8.2659405e-001
 8.2665318e-001
 8.2671064e-001
 8.2676649e-001
 8.2682055e-001
 8.2687289e-001
 8.2692343e-001
 8.2697237e-001
 8.2701981e-001
 8.2706612e-001
 8.2711154e-001
 8.2715642e-001
 8.2720107e-001
 8.2724565e-001
 8.2729036e-001
 8.2733518e-001
 8.2737994e-001
 8.2742447e-001
 8.2746840e-001
 8.2751137e-001
 8.2755291e-001
 8.2759261e-001
 8.2763034e-001
 8.2766581e-001
 8.2769907e-001
 8.2773018e-001
 8.2775944e-001
 8.2778704e-001
 8.2781333e-001
 8.2783854e-001
 8.2786292e-001
 8.2788670e-001
 8.2790995e-001
 8.2793278e-001
 8.2795513e-001
 8.2797700e-001
 8.2799822e-001
 8.2801867e-001
 8.2803828e-001
 8.2805693e-001
 8.2807457e-001
 8.2809108e-001
 8.2810646e-001
 8.2812053e-001
 8.2813299e-001
 8.2814360e-001
 8.2815176e-001
 8.2815707e-001
 8.2815886e-001
 8.2815641e-001
 8.2814908e-001
 8.2813621e-001
 8.2811701e-001
 8.2809091e-001
 8.2805699e-001
 8.2801449e-001
 8.2796246e-001
 8.2789987e-001
 8.2782549e-001
 8.2773793e-001
 8.2763577e-001
 8.2751709e-001
 8.2738000e-001
 8.2722229e-001
 8.2704175e-001
 8.2683587e-001
 8.2660234e-001
 8.2633883e-001
 8.2604319e-001
 8.2571346e-001
 8.2534808e-001
 8.2494587e-001
 8.2450640e-001
 8.2402998e-001
 8.2351816e-001
 8.2297343e-001
 8.2240021e-001
 8.2180434e-001
 8.2119322e-001
 8.2057625e-001
 8.1996381e-001
 8.1936759e-001
 8.1879991e-001
 8.1827271e-001
 8.1779766e-001
 8.1738484e-001
 8.1704253e-001
 8.1677669e-001
 8.1659055e-001
 8.1648463e-001
 8.1645685e-001
 8.1650269e-001
 8.1661558e-001
 8.1678778e-001
 8.1701028e-001
 8.1727397e-001
 8.1756949e-001
 8.1788808e-001
 8.1822151e-001
 8.1856245e-001
 8.1890452e-001
 8.1924236e-001
 8.1957144e-001
 8.1988847e-001
 8.2019079e-001
 8.2047647e-001
 8.2074440e-001
 8.2099390e-001
 8.2122475e-001
 8.2143724e-001
 8.2163179e-001
 8.2180923e-001
 8.2197034e-001
 8.2211620e-001
 8.2224762e-001
 8.2236564e-001
 8.2247108e-001
 8.2256490e-001
 8.2264811e-001
 8.2272202e-001
 8.2278806e-001
 8.2284790e-001
 8.2290339e-001
 8.2295650e-001
 8.2300925e-001
 8.2306355e-001
 8.2312101e-001
 8.2318312e-001
 8.2325089e-001
 8.2332504e-001
 8.2340580e-001
 8.2349306e-001
 8.2358623e-001
 8.2368451e-001
 8.2378691e-001
 8.2389230e-001
 8.2399946e-001
 8.2410747e-001
 8.2421529e-001
 8.2432234e-001
 8.2442796e-001
 8.2453161e-001
 8.2463294e-001
 8.2473153e-001
 8.2482702e-001
 8.2491910e-001
 8.2500744e-001
 8.2509208e-001
 8.2517296e-001
 8.2525033e-001
 8.2532448e-001
 8.2539582e-001
 8.2546479e-001
 8.2553178e-001
 8.2559711e-001
 8.2566094e-001
 8.2572347e-001
 8.2578474e-001
 8.2584476e-001
 8.2590348e-001
 8.2596076e-001
 8.2601631e-001
 8.2606989e-001
 8.2612121e-001
 8.2616985e-001
 8.2621562e-001
 8.2625824e-001
 8.2629746e-001
 8.2633305e-001
 8.2636470e-001
 8.2639199e-001
 8.2641435e-001
 8.2643104e-001
 8.2644123e-001
 8.2644409e-001
 8.2643896e-001
 8.2642537e-001
 8.2640326e-001
 8.2637304e-001
 8.2633567e-001
 8.2629257e-001
 8.2624567e-001
 8.2619715e-001
 8.2614940e-001
 8.2610476e-001
 8.2606560e-001
 8.2603389e-001
 8.2601148e-001
 8.2599950e-001
 8.2599872e-001
 8.2600915e-001
 8.2603031e-001
 8.2606083e-001
 8.2609892e-001
 8.2614213e-001
 8.2618773e-001
 8.2623279e-001
 8.2627439e-001
 8.2630974e-001
 8.2633638e-001
 8.2635236e-001
 8.2635599e-001
 8.2634622e-001
 8.2632232e-001
 8.2628387e-001
 8.2623088e-001
 8.2616335e-001
 8.2608163e-001
 8.2598603e-001
 8.2587701e-001
 8.2575494e-001
 8.2562011e-001
 8.2547295e-001
 8.2531381e-001
 8.2514304e-001
 8.2496107e-001
 8.2476842e-001
 8.2456589e-001
 8.2435429e-001
 8.2413471e-001
 8.2390845e-001
 8.2367700e-001
 8.2344192e-001
 8.2320487e-001
 8.2296753e-001
 8.2273126e-001
 8.2249743e-001
 8.2226717e-001
 8.2204115e-001
 8.2181990e-001
 8.2160354e-001
 8.2139188e-001
 8.2118428e-001
 8.2097971e-001
 8.2077694e-001
 8.2057434e-001
 8.2037038e-001
 8.2016331e-001
 8.1995159e-001
 8.1973386e-001
 8.1950915e-001
 8.1927651e-001
 8.1903541e-001
 8.1878549e-001
 8.1852651e-001
 8.1825829e-001
 8.1798053e-001
 8.1769288e-001
 8.1739497e-001
 8.1708622e-001
 8.1676590e-001
 8.1643319e-001
 8.1608742e-001
 8.1572801e-001
 8.1535429e-001
 8.1496632e-001
 8.1456405e-001
 8.1414813e-001
 8.1371939e-001
 8.1327891e-001
 8.1282812e-001
 8.1236833e-001
 8.1190109e-001
 8.1142777e-001
 8.1094956e-001
 8.1046766e-001
 8.0998296e-001
 8.0949640e-001
 8.0900860e-001
 8.0852002e-001
 8.0803126e-001
 8.0754286e-001
 8.0705500e-001
 8.0656838e-001
 8.0608338e-001
 8.0560058e-001
 8.0512065e-001
 8.0464381e-001
 8.0417055e-001
 8.0370063e-001
 8.0323380e-001
 8.0276936e-001
 8.0230600e-001
 8.0184221e-001
 8.0137581e-001
 8.0090445e-001
 8.0042535e-001
 7.9993516e-001
 7.9943049e-001
 7.9890734e-001
 7.9836142e-001
 7.9778832e-001
 7.9718304e-001
 7.9654086e-001
 7.9585654e-001
 7.9512531e-001
 7.9434252e-001
 7.9350334e-001
 7.9260325e-001
 7.9163802e-001
 7.9060268e-001
 7.8949261e-001
 7.8830230e-001
 7.8702605e-001
 7.8565747e-001
 7.8418911e-001
 7.8261364e-001
 7.8092265e-001
 7.7910817e-001
 7.7716237e-001
 7.7507728e-001
 7.7284640e-001
 7.7046245e-001
 7.6791942e-001
 7.6521099e-001
 7.6232940e-001
 7.5926763e-001
 7.5601697e-001
 7.5257027e-001
 7.4892247e-001
 7.4507123e-001
 7.4102128e-001
 7.3678517e-001
 7.3238283e-001
 7.2784513e-001
 7.2320884e-001
 7.1851802e-001
 7.1381986e-001
 7.0915920e-001
 7.0457965e-001
 7.0011646e-001
 6.9579870e-001
 6.9164687e-001
 6.8767208e-001
 6.8388051e-001
 6.8027157e-001
 6.7684287e-001
 6.7359114e-001
 6.7051291e-001
 6.6760945e-001
 6.6488492e-001
 6.6235018e-001
 6.6002202e-001
 6.5792233e-001
 6.5607893e-001
 6.5452188e-001
 6.5328270e-001
 6.5239096e-001
 6.5187114e-001
 6.5174091e-001
 6.5200835e-001
 6.5267116e-001
 6.5371555e-001
 6.5511763e-001
 6.5684390e-001
 6.5885341e-001
 6.6110098e-001
 6.6353846e-001
 6.6611892e-001
 6.6879714e-001
 6.7153203e-001
 6.7428857e-001
 6.7703599e-001
 6.7975026e-001
 6.8241102e-001
 6.8500227e-001
 6.8751204e-001
 6.8992996e-001
 6.9224876e-001
 6.9446200e-001
 6.9656467e-001
 6.9855398e-001
 7.0042741e-001
 7.0218372e-001
 7.0382321e-001
 7.0534617e-001
 7.0675433e-001
 7.0804930e-001
 7.0923305e-001
 7.1030819e-001
 7.1127701e-001
 7.1214277e-001
 7.1290874e-001
 7.1357912e-001
 7.1415931e-001
 7.1465582e-001
 7.1507698e-001
 7.1543282e-001
 7.1573526e-001
 7.1599811e-001
 7.1623695e-001
 7.1646851e-001
 7.1671033e-001
 7.1697986e-001
 7.1729416e-001
 7.1766853e-001
 7.1811634e-001
 7.1864808e-001
 7.1927094e-001
 7.1998876e-001
 7.2080171e-001
 7.2170663e-001
 7.2269768e-001
 7.2376621e-001
 7.2490227e-001
 7.2609460e-001
 7.2733134e-001
 7.2860116e-001
 7.2989285e-001
 7.3119658e-001
 7.3250318e-001
 7.3380482e-001
 7.3509532e-001
 7.3636901e-001
 7.3762226e-001
 7.3885173e-001
 7.4005508e-001
 7.4123132e-001
 7.4237925e-001
 7.4349898e-001
 7.4459052e-001
 7.4565428e-001
 7.4669123e-001
 7.4770212e-001
 7.4868798e-001
 7.4965006e-001
 7.5058925e-001
 7.5150669e-001
 7.5240332e-001
 7.5327986e-001
 7.5413734e-001
 7.5497615e-001
 7.5579721e-001
 7.5660110e-001
 7.5738835e-001
 7.5815988e-001
 7.5891620e-001
 7.5965822e-001
 7.6038659e-001
 7.6110190e-001
 7.6180488e-001
 7.6249599e-001
 7.6317567e-001
 7.6384425e-001
 7.6450175e-001
 7.6514852e-001
 7.6578438e-001
 7.6640946e-001
 7.6702380e-001
 7.6762730e-001
 7.6822019e-001
 7.6880258e-001
 7.6937443e-001
 7.6993597e-001
 7.7048713e-001
 7.7102810e-001
 7.7155876e-001
 7.7207923e-001
 7.7258968e-001
 7.7309024e-001
 7.7358150e-001
 7.7406394e-001
 7.7453804e-001
 7.7500457e-001
 7.7546412e-001
 7.7591729e-001
 7.7636451e-001
 7.7680594e-001
 7.7724200e-001
 7.7767271e-001
 7.7809829e-001
 7.7851874e-001
 7.7893418e-001
 7.7934486e-001
 7.7975070e-001
 7.8015161e-001
 7.8054738e-001
 7.8093743e-001
 7.8132135e-001
 7.8169811e-001
 7.8206682e-001
 7.8242666e-001
 7.8277683e-001
 7.8311682e-001
 7.8344631e-001
 7.8376532e-001
 7.8407425e-001
 7.8437382e-001
 7.8466505e-001
 7.8494918e-001
 7.8522772e-001
 7.8550231e-001
 7.8577477e-001
 7.8604710e-001
 7.8632104e-001
 7.8659827e-001
 7.8688020e-001
 7.8716779e-001
 7.8746146e-001
 7.8776109e-001
 7.8806603e-001
 7.8837520e-001
 7.8868705e-001
 7.8900009e-001
 7.8931272e-001
 7.8962356e-001
 7.8993148e-001
 7.9023564e-001
 7.9053545e-001
 7.9083067e-001
 7.9112107e-001
 7.9140663e-001
 7.9168719e-001
 7.9196268e-001
 7.9223317e-001
 7.9249841e-001
 7.9275852e-001
 7.9301339e-001
 7.9326302e-001
 7.9350746e-001
 7.9374665e-001
 7.9398060e-001
 7.9420924e-001
 7.9443246e-001
 7.9465026e-001
 7.9486245e-001
 7.9506916e-001
 7.9527032e-001
 7.9546624e-001
 7.9565704e-001
 7.9584312e-001
 7.9602468e-001
 7.9620224e-001
 7.9637605e-001
 7.9654634e-001
 7.9671335e-001
 7.9687715e-001
 7.9703778e-001
 7.9719526e-001
 7.9734951e-001
 7.9750061e-001
 7.9764879e-001
 7.9779416e-001
 7.9793721e-001
 7.9807818e-001
 7.9821754e-001
 7.9835546e-001
 7.9849219e-001
 7.9862773e-001
 7.9876179e-001
 7.9889423e-001
 7.9902458e-001
 7.9915249e-001
 7.9927778e-001
 7.9940033e-001
 7.9952025e-001
 7.9963785e-001
 7.9975349e-001
 7.9986757e-001
 7.9998040e-001
 8.0009216e-001
 8.0020291e-001
 8.0031240e-001
 8.0042017e-001
 8.0052567e-001
 8.0062819e-001
 8.0072695e-001
 8.0082119e-001
 8.0091012e-001
 8.0099314e-001
 8.0106986e-001
 8.0114001e-001
 8.0120385e-001
 8.0126172e-001
 8.0131465e-001
 8.0136389e-001
 8.0141103e-001
 8.0145788e-001
 8.0150640e-001
 8.0155843e-001
 8.0161572e-001
 8.0167925e-001
 8.0174983e-001
 8.0182737e-001
 8.0191112e-001
 8.0199987e-001
 8.0209178e-001
 8.0218494e-001
 8.0227721e-001
 8.0236685e-001
 8.0245227e-001
 8.0253237e-001
 8.0260658e-001
 8.0267465e-001
 8.0273658e-001
 8.0279261e-001
 8.0284303e-001
 8.0288804e-001
 8.0292785e-001
 8.0296248e-001
 8.0299193e-001
 8.0301619e-001
 8.0303532e-001
 8.0304927e-001
 8.0305827e-001
 8.0306244e-001
 8.0306202e-001
 8.0305713e-001
 8.0304772e-001
 8.0303347e-001
 8.0301398e-001
 8.0298859e-001
 8.0295646e-001
 8.0291694e-001
 8.0286920e-001
 8.0281270e-001
 8.0274713e-001
 8.0267227e-001
 8.0258828e-001
 8.0249530e-001
 8.0239356e-001
 8.0228341e-001
 8.0216491e-001
 8.0203831e-001
 8.0190355e-001
 8.0176055e-001
 8.0160922e-001
 8.0144954e-001
 8.0128133e-001
 8.0110472e-001
 8.0091965e-001
 8.0072629e-001
 8.0052471e-001
 8.0031520e-001
 8.0009782e-001
 7.9987270e-001
 7.9963988e-001
 7.9939967e-001
 7.9915220e-001
 7.9889780e-001
 7.9863703e-001
 7.9837036e-001
 7.9809833e-001
 7.9782158e-001
 7.9754043e-001
 7.9725504e-001
 7.9696542e-001
 7.9667109e-001
 7.9637164e-001
 7.9606640e-001
 7.9575503e-001
 7.9543716e-001
 7.9511279e-001
 7.9478222e-001
 7.9444575e-001
 7.9410404e-001
 7.9375756e-001
 7.9340661e-001
 7.9305148e-001
 7.9269212e-001
 7.9232854e-001
 7.9196066e-001
 7.9158831e-001
 7.9121178e-001
 7.9083115e-001
 7.9044694e-001
 7.9005963e-001
 7.8966951e-001
 7.8927714e-001
 7.8888249e-001
 7.8848577e-001
 7.8808689e-001
 7.8768569e-001
 7.8728205e-001
 7.8687602e-001
 7.8646761e-001
 7.8605711e-001
 7.8564501e-001
 7.8523195e-001
 7.8481895e-001
 7.8440690e-001
 7.8399718e-001
 7.8359097e-001
 7.8318983e-001
 7.8279549e-001
 7.8240955e-001
 7.8203398e-001
 7.8167063e-001
 7.8132129e-001
 7.8098774e-001
 7.8067124e-001
 7.8037292e-001
 7.8009313e-001
 7.7983195e-001
 7.7958864e-001
 7.7936190e-001
 7.7914983e-001
 7.7894998e-001
 7.7875924e-001
 7.7857429e-001
 7.7839166e-001
 7.7820796e-001
 7.7802014e-001
 7.7782559e-001
 7.7762234e-001
 7.7740920e-001
 7.7718562e-001
 7.7695149e-001
 7.7670723e-001
 7.7645338e-001
 7.7619076e-001
 7.7592015e-001
 7.7564269e-001
 7.7535951e-001
 7.7507198e-001
 7.7478164e-001
 7.7449024e-001
 7.7419943e-001
 7.7391070e-001
 7.7362555e-001
 7.7334487e-001
 7.7306950e-001
 7.7279997e-001
 7.7253652e-001
 7.7227938e-001
 7.7202886e-001
 7.7178514e-001
 7.7154857e-001
 7.7131969e-001
 7.7109891e-001
 7.7088684e-001
 7.7068383e-001
 7.7048993e-001
 7.7030081e-001
 7.7012426e-001
 7.6995456e-001
 7.6978976e-001
 7.6962793e-001
 7.6946700e-001
 7.6930547e-001
 7.6914227e-001
 7.6897681e-001
 7.6880896e-001
 7.6863867e-001
 7.6846582e-001
 7.6828992e-001
 7.6810992e-001
 7.6792443e-001
 7.6773161e-001
 7.6752937e-001
 7.6731592e-001
 7.6708931e-001
 7.6684815e-001
 7.6659125e-001
 7.6631761e-001
 7.6602644e-001
 7.6571691e-001
 7.6538825e-001
 7.6503962e-001
 7.6466990e-001
 7.6427817e-001
 7.6386344e-001
 7.6342475e-001
 7.6296151e-001
 7.6247299e-001
 7.6195890e-001
 7.6141906e-001
 7.6085383e-001
 7.6026392e-001
 7.5965029e-001
 7.5901413e-001
 7.5835705e-001
 7.5767994e-001
 7.5698388e-001
 7.5626880e-001
 7.5553435e-001
 7.5477928e-001
 7.5400132e-001
 7.5319779e-001
 7.5236511e-001
 7.5149900e-001
 7.5059444e-001
 7.4964523e-001
 7.4864453e-001
 7.4758399e-001
 7.4645454e-001
 7.4524641e-001
 7.4394864e-001
 7.4255061e-001
 7.4104100e-001
 7.3940927e-001
 7.3764533e-001
 7.3573887e-001
 7.3368108e-001
 7.3146266e-001
 7.2907579e-001
 7.2651333e-001
 7.2376841e-001
 7.2083658e-001
 7.1771544e-001
 7.1440405e-001
 7.1090615e-001
 7.0722699e-001
 7.0337635e-001
 6.9936669e-001
 6.9521058e-001
 6.9092268e-001
 6.8651426e-001
 6.8199509e-001
 6.7737043e-001
 6.7263883e-001
 6.6779548e-001
 6.6282803e-001
 6.5772206e-001
 6.5246046e-001
 6.4702338e-001
 6.4139462e-001
 6.3555831e-001
 6.2950522e-001
 6.2323242e-001
 6.1674231e-001
 6.1004806e-001
 6.0317159e-001
 5.9614152e-001
 5.8899820e-001
 5.8178616e-001
 5.7455927e-001
 5.6737673e-001
 5.6029940e-001
 5.5339450e-001
 5.4672754e-001
 5.4036641e-001
 5.3437716e-001
 5.2881962e-001
 5.2375054e-001
 5.1921630e-001
 5.1525533e-001
 5.1189512e-001
 5.0915051e-001
 5.0702602e-001
 5.0551379e-001
 5.0459617e-001
 5.0424564e-001
 5.0442678e-001
 5.0509745e-001
 5.0621110e-001
 5.0771785e-001
 5.0956619e-001
 5.1170528e-001
 5.1408511e-001
 5.1665783e-001
 5.1937968e-001
 5.2220935e-001
 5.2511084e-001
 5.2805120e-001
 5.3100181e-001
 5.3393888e-001
 5.3684115e-001
 5.3969234e-001
 5.4247808e-001
 5.4518723e-001
 5.4781193e-001
 5.5034524e-001
 5.5278349e-001
 5.5512345e-001
 5.5736345e-001
 5.5950367e-001
 5.6154424e-001
 5.6348735e-001
 5.6533504e-001
 5.6709003e-001
 5.6875628e-001
 5.7033724e-001
 5.7183659e-001
 5.7325840e-001
 5.7460612e-001
 5.7588363e-001
 5.7709426e-001
 5.7824141e-001
 5.7932889e-001
 5.8035994e-001
 5.8133841e-001
 5.8226782e-001
 5.8315158e-001
 5.8399373e-001
 5.8479798e-001
 5.8556879e-001
 5.8631051e-001
 5.8702803e-001
 5.8772659e-001
 5.8841133e-001
 5.8908755e-001
 5.8976007e-001
 5.9043318e-001
 5.9111089e-001
 5.9179628e-001
 5.9249198e-001
 5.9320015e-001
 5.9392226e-001
 5.9465951e-001
 5.9541273e-001
 5.9618223e-001
 5.9696841e-001
 5.9777093e-001
 5.9858960e-001
 5.9942377e-001
 6.0027224e-001
 6.0113406e-001
 6.0200721e-001
 6.0288960e-001
 6.0377812e-001
 6.0466909e-001
 6.0555863e-001
 6.0644209e-001
 6.0731530e-001
 6.0817462e-001
 6.0901743e-001
 6.0984308e-001
 6.1065280e-001
 6.1145037e-001
 6.1224180e-001
 6.1303532e-001
 6.1384153e-001
 6.1467236e-001
 6.1554062e-001
 6.1645979e-001
 6.1744249e-001
 6.1850077e-001
 6.1964422e-001
 6.2088001e-001
 6.2221253e-001
 6.2364191e-001
 6.2516516e-001
 6.2677455e-001
 6.2845975e-001
 6.3020623e-001
 6.3199854e-001
 6.3382041e-001
 6.3565475e-001
 6.3748688e-001
 6.3930368e-001
 6.4109492e-001
 6.4285147e-001
 6.4456791e-001
 6.4624095e-001
 6.4786798e-001
 6.4944947e-001
 6.5098715e-001
 6.5248281e-001
 6.5394020e-001
 6.5536290e-001
 6.5675473e-001
 6.5811783e-001
 6.5945470e-001
 6.6076684e-001
 6.6205412e-001
 6.6331667e-001
 6.6455430e-001
 6.6576588e-001
 6.6695130e-001
 6.6811037e-001
 6.6924256e-001
 6.7034817e-001
 6.7142725e-001
 6.7248034e-001
 6.7350703e-001
 6.7450762e-001
 6.7548251e-001
 6.7643142e-001
 6.7735499e-001
 6.7825443e-001
 6.7913055e-001
 6.7998546e-001
 6.8082124e-001
 6.8164021e-001
 6.8244386e-001
 6.8323362e-001
 6.8401003e-001
 6.8477225e-001
 6.8551940e-001
 6.8624979e-001
 6.8696117e-001
 6.8765175e-001
 6.8831980e-001
 6.8896371e-001
 6.8958265e-001
 6.9017619e-001
 6.9074464e-001
 6.9128859e-001
 6.9180936e-001
 6.9230878e-001
 6.9278854e-001
 6.9325060e-001
 6.9369668e-001
 6.9412780e-001
 6.9454485e-001
 6.9494832e-001
 6.9533867e-001
 6.9571590e-001
 6.9608063e-001
 6.9643372e-001
 6.9677585e-001
 6.9710773e-001
 6.9742996e-001
 6.9774222e-001
 6.9804394e-001
 6.9833392e-001
 6.9861054e-001
 6.9887203e-001
 6.9911712e-001
 6.9934493e-001
 6.9955522e-001
 6.9974834e-001
 6.9992548e-001
 7.0008779e-001
 7.0023668e-001
 7.0037347e-001
 7.0049912e-001
 7.0061427e-001
 7.0071948e-001
 7.0081508e-001
 7.0090127e-001
 7.0097858e-001
 7.0104748e-001
 7.0110852e-001
 7.0116246e-001
 7.0121014e-001
 7.0125240e-001
 7.0129013e-001
 7.0132399e-001
 7.0135462e-001
 7.0138240e-001
 7.0140761e-001
 7.0143038e-001
 7.0145071e-001
 7.0146906e-001
 7.0148611e-001
 7.0150304e-001
 7.0152164e-001
 7.0154387e-001
 7.0157206e-001
 7.0160854e-001
 7.0165497e-001
 7.0171267e-001
 7.0178205e-001
 7.0186257e-001
 7.0195317e-001
 7.0205218e-001
 7.0215756e-001
 7.0226747e-001
 7.0237976e-001
 7.0249259e-001
 7.0260412e-001
 7.0271242e-001
 7.0281518e-001
 7.0291001e-001
 7.0299429e-001
 7.0306498e-001
 7.0311898e-001
 7.0315331e-001
 7.0316494e-001
 7.0315129e-001
 7.0310986e-001
 7.0303869e-001
 7.0293599e-001
 7.0280021e-001
 7.0263004e-001
 7.0242476e-001
 7.0218408e-001
 7.0190859e-001
 7.0160019e-001
 7.0126194e-001
 7.0089817e-001
 7.0051479e-001
 7.0011848e-001
 6.9971675e-001
 6.9931740e-001
 6.9892848e-001
 6.9855720e-001
 6.9820976e-001
 6.9789118e-001
 6.9760466e-001
 6.9735134e-001
 6.9713080e-001
 6.9694090e-001
 6.9677818e-001
 6.9663864e-001
 6.9651765e-001
 6.9641078e-001
 6.9631374e-001
 6.9622284e-001
 6.9613475e-001
 6.9604653e-001
 6.9595575e-001
 6.9585997e-001
 6.9575661e-001
 6.9564325e-001
 6.9551665e-001
 6.9537324e-001
 6.9520879e-001
 6.9501841e-001
 6.9479656e-001
 6.9453746e-001
 6.9423527e-001
 6.9388425e-001
 6.9347936e-001
 6.9301641e-001
 6.9249201e-001
 6.9190305e-001
 6.9124752e-001
 6.9052297e-001
 6.8972659e-001
 6.8885487e-001
 6.8790382e-001
 6.8686795e-001
 6.8574017e-001
 6.8451327e-001
 6.8317783e-001
 6.8172342e-001
 6.8013984e-001
 6.7841542e-001
 6.7653900e-001
 6.7449951e-001
 6.7228872e-001
 6.6989887e-001
 6.6732448e-001
 6.6456497e-001
 6.6162121e-001
 6.5849775e-001
 6.5520531e-001
 6.5175670e-001
 6.4816970e-001
 6.4446604e-001
 6.4067489e-001
 6.3682801e-001
 6.3296229e-001
 6.2912238e-001
 6.2535471e-001
 6.2170929e-001
 6.1824077e-001
 6.1500156e-001
 6.1204249e-001
 6.0941231e-001
 6.0715133e-001
 6.0529172e-001
 6.0385501e-001
 6.0285133e-001
 6.0227668e-001
 6.0211420e-001
 6.0233492e-001
 6.0289913e-001
 6.0375953e-001
 6.0486352e-001
 6.0615760e-001
 6.0758984e-001
 6.0911286e-001
 6.1068457e-001
 6.1227131e-001
 6.1384702e-001
 6.1539191e-001
 6.1689395e-001
 6.1834645e-001
 6.1974579e-001
 6.2109214e-001
 6.2238723e-001
 6.2363255e-001
 6.2483042e-001
 6.2598240e-001
 6.2708956e-001
 6.2815189e-001
 6.2916976e-001
 6.3014364e-001
 6.3107347e-001
 6.3196051e-001
 6.3280666e-001
 6.3361365e-001
 6.3438439e-001
 6.3512182e-001
 6.3582879e-001
 6.3650745e-001
 6.3715971e-001
 6.3778663e-001
 6.3838780e-001
 6.3896227e-001
 6.3950789e-001
 6.4002126e-001
 6.4049846e-001
 6.4093477e-001
 6.4132470e-001
 6.4166278e-001
 6.4194322e-001
 6.4216030e-001
 6.4230865e-001
 6.4238328e-001
 6.4238006e-001
 6.4229530e-001
 6.4212644e-001
 6.4187133e-001
 6.4152873e-001
 6.4109766e-001
 6.4057761e-001
 6.3996810e-001
 6.3926953e-001
 6.3848251e-001
 6.3760805e-001
 6.3664895e-001
 6.3560820e-001
 6.3449007e-001
 6.3330090e-001
 6.3204747e-001
 6.3073736e-001
 6.2937999e-001
 6.2798399e-001
 6.2655813e-001
 6.2511009e-001
 6.2364763e-001
 6.2217653e-001
 6.2070131e-001
 6.1922711e-001
 6.1775738e-001
 6.1629564e-001
 6.1484617e-001
 6.1341226e-001
 6.1199737e-001
 6.1060405e-001
 6.0923541e-001
 6.0789293e-001
 6.0657752e-001
 6.0529047e-001
 6.0403192e-001
 6.0280186e-001
 6.0160100e-001
 6.0042912e-001
 5.9928584e-001
 5.9817106e-001
 5.9708297e-001
 5.9601933e-001
 5.9497619e-001
 5.9394908e-001
 5.9293163e-001
 5.9191614e-001
 5.9089512e-001
 5.8986020e-001
 5.8880341e-001
 5.8771849e-001
 5.8660012e-001
 5.8544475e-001
 5.8425039e-001
 5.8301753e-001
 5.8174706e-001
 5.8044094e-001
 5.7910264e-001
 5.7773507e-001
 5.7634109e-001
 5.7492441e-001
 5.7348692e-001
 5.7203054e-001
 5.7055593e-001
 5.6906462e-001
 5.6755745e-001
 5.6603611e-001
 5.6450534e-001
 5.6297094e-001
 5.6144130e-001
 5.5992812e-001
 5.5844384e-001
 5.5700153e-001
 5.5561578e-001
 5.5429929e-001
 5.5306441e-001
 5.5192190e-001
 5.5088192e-001
 5.4995263e-001
 5.4914081e-001
 5.4845273e-001
 5.4789257e-001
 5.4746354e-001
 5.4716784e-001
 5.4700589e-001
 5.4697680e-001
 5.4707831e-001
 5.4730648e-001
 5.4765582e-001
 5.4811990e-001
 5.4869068e-001
 5.4935956e-001
 5.5011767e-001
 5.5095488e-001
 5.5186123e-001
 5.5282623e-001
 5.5383801e-001
 5.5488431e-001
 5.5595171e-001
 5.5702609e-001
 5.5809206e-001
 5.5913484e-001
 5.6014007e-001
 5.6109363e-001
 5.6198341e-001
 5.6279892e-001
 5.6353074e-001
 5.6417179e-001
 5.6471652e-001
 5.6516099e-001
 5.6550288e-001
 5.6574184e-001
 5.6587929e-001
 5.6591821e-001
 5.6586313e-001
 5.6571943e-001
 5.6549335e-001
 5.6519115e-001
 5.6481904e-001
 5.6438327e-001
 5.6388956e-001
 5.6334329e-001
 5.6274897e-001
 5.6211072e-001
 5.6143117e-001
 5.6071186e-001
 5.5995393e-001
 5.5915743e-001
 5.5832255e-001
 5.5745065e-001
 5.5654365e-001
 5.5560529e-001
 5.5464059e-001
 5.5365705e-001
 5.5266249e-001
 5.5166566e-001
 5.5067599e-001
 5.4970175e-001
 5.4874986e-001
 5.4782623e-001
 5.4693359e-001
 5.4607236e-001
 5.4524118e-001
 5.4443574e-001
 5.4365039e-001
 5.4287839e-001
 5.4211271e-001
 5.4134583e-001
 5.4057026e-001
 5.3977907e-001
 5.3896523e-001
 5.3812218e-001
 5.3724468e-001
 5.3632832e-001
 5.3537053e-001
 5.3437054e-001
 5.3333050e-001
 5.3225392e-001
 5.3114593e-001
 5.3001320e-001
 5.2886194e-001
 5.2769768e-001
 5.2652562e-001
 5.2534848e-001
 5.2416748e-001
 5.2298307e-001
 5.2179372e-001
 5.2059710e-001
 5.1939017e-001
 5.1817083e-001
 5.1693642e-001
 5.1568520e-001
 5.1441741e-001
 5.1313347e-001
 5.1183480e-001
 5.1052392e-001
 5.0920266e-001
 5.0787270e-001
 5.0653487e-001
 5.0519073e-001
 5.0384104e-001
 5.0248677e-001
 5.0113052e-001
 4.9977466e-001
 4.9842206e-001
 4.9707687e-001
 4.9574214e-001
 4.9442083e-001
 4.9311453e-001
 4.9182454e-001
 4.9054947e-001
 4.8928604e-001
 4.8803005e-001
 4.8677504e-001
 4.8551378e-001
 4.8424003e-001
 4.8294741e-001
 4.8163098e-001
 4.8028839e-001
 4.7891819e-001
 4.7752076e-001
 4.7609761e-001
 4.7465226e-001
 4.7318774e-001
 4.7170722e-001
 4.7021446e-001
 4.6871156e-001
 4.6720007e-001
 4.6568248e-001
 4.6416056e-001
 4.6263748e-001
 4.6111739e-001
 4.5960662e-001
 4.5811105e-001
 4.5663655e-001
 4.5518938e-001
 4.5377365e-001
 4.5239258e-001
 4.5104972e-001
 4.4974729e-001
 4.4848746e-001
 4.4727302e-001
 4.4610536e-001
 4.4498530e-001
 4.4391248e-001
 4.4288656e-001
 4.4190633e-001
 4.4097126e-001
 4.4008282e-001
 4.3924344e-001
 4.3845713e-001
 4.3772918e-001
 4.3706414e-001
 4.3646532e-001
 4.3593383e-001
 4.3546867e-001
 4.3506622e-001
 4.3472123e-001
-1.2300000e+034
