s07_ASD Record=12772: Calcite.33+Ca-Mont.67 AMX19   BECKb AREF
 5.9896201e-001
 6.0056376e-001
 6.0202187e-001
 6.0336000e-001
 6.0462540e-001
 6.0587168e-001
 6.0713190e-001
 6.0840040e-001
 6.0963410e-001
 6.1077076e-001
 6.1175501e-001
 6.1255610e-001
 6.1317408e-001
 6.1364084e-001
 6.1401880e-001
 6.1438560e-001
 6.1481118e-001
 6.1534321e-001
 6.1600327e-001
 6.1678791e-001
 6.1767071e-001
 6.1860842e-001
 6.1955386e-001
 6.2047219e-001
 6.2135315e-001
 6.2221533e-001
 6.2310004e-001
 6.2404996e-001
 6.2508833e-001
 6.2621927e-001
 6.2743837e-001
 6.2874317e-001
 6.3013637e-001
 6.3162577e-001
 6.3321573e-001
 6.3489306e-001
 6.3662416e-001
 6.3835883e-001
 6.4003986e-001
 6.4161509e-001
 6.4304954e-001
 6.4433050e-001
 6.4546722e-001
 6.4648616e-001
 6.4742410e-001
 6.4832169e-001
 6.4921951e-001
 6.5015543e-001
 6.5115958e-001
 6.5224600e-001
 6.5340364e-001
 6.5459430e-001
 6.5576613e-001
 6.5687889e-001
 6.5792936e-001
 6.5895849e-001
 6.6003519e-001
 6.6121101e-001
 6.6249257e-001
 6.6383785e-001
 6.6512924e-001
 6.6630369e-001
 6.6735721e-001
 6.6828662e-001
 6.6912329e-001
 6.6994762e-001
 6.7081690e-001
 6.7174655e-001
 6.7272174e-001
 6.7370164e-001
 6.7463183e-001
 6.7546564e-001
 6.7618310e-001
 6.7680007e-001
 6.7736495e-001
 6.7794305e-001
 6.7859238e-001
 6.7934036e-001
 6.8017268e-001
 6.8104160e-001
 6.8189031e-001
 6.8268311e-001
 6.8342572e-001
 6.8416268e-001
 6.8495220e-001
 6.8583125e-001
 6.8679124e-001
 6.8777966e-001
 6.8872696e-001
 6.8958598e-001
 6.9036305e-001
 6.9112647e-001
 6.9198513e-001
 6.9304740e-001
 6.9437814e-001
 6.9597197e-001
 6.9774795e-001
 6.9956934e-001
 7.0128125e-001
 7.0275033e-001
 7.0389920e-001
 7.0472914e-001
 7.0532060e-001
 7.0580906e-001
 7.0633793e-001
 7.0699066e-001
 7.0774627e-001
 7.0850259e-001
 7.0915687e-001
 7.0969176e-001
 7.1020174e-001
 7.1083182e-001
 7.1167380e-001
 7.1269834e-001
 7.1377683e-001
 7.1477187e-001
 7.1562082e-001
 7.1634936e-001
 7.1701652e-001
 7.1765321e-001
 7.1825135e-001
 7.1880114e-001
 7.1932518e-001
 7.1986872e-001
 7.2045988e-001
 7.2108573e-001
 7.2170937e-001
 7.2230947e-001
 7.2290802e-001
 7.2357082e-001
 7.2438228e-001
 7.2539622e-001
 7.2657984e-001
 7.2779572e-001
 7.2885364e-001
 7.2960377e-001
 7.3000216e-001
 7.3011374e-001
 7.3007596e-001
 7.3005402e-001
 7.3019582e-001
 7.3059660e-001
 7.3129046e-001
 7.3226440e-001
 7.3346502e-001
 7.3478305e-001
 7.3604739e-001
 7.3706710e-001
 7.3771852e-001
 7.3802131e-001
 7.3813915e-001
 7.3828989e-001
 7.3862708e-001
 7.3918867e-001
 7.3994321e-001
 7.4085653e-001
 7.4189067e-001
 7.4295050e-001
 7.4388003e-001
 7.4454969e-001
 7.4495804e-001
 7.4524170e-001
 7.4557197e-001
 7.4601531e-001
 7.4647927e-001
 7.4680746e-001
 7.4695724e-001
 7.4708652e-001
 7.4743497e-001
 7.4810302e-001
 7.4896169e-001
 7.4979407e-001
 7.5050765e-001
 7.5117135e-001
 7.5185436e-001
 7.5251263e-001
 7.5309294e-001
 7.5367248e-001
 7.5437385e-001
 7.5516421e-001
 7.5586325e-001
 7.5636268e-001
 7.5673681e-001
 7.5711751e-001
 7.5755048e-001
 7.5801349e-001
 7.5851196e-001
 7.5909817e-001
 7.5980687e-001
 7.6060957e-001
 7.6144260e-001
 7.6226139e-001
 7.6305407e-001
 7.6382166e-001
 7.6457101e-001
 7.6531440e-001
 7.6604414e-001
 7.6671302e-001
 7.6727629e-001
 7.6775283e-001
 7.6821989e-001
 7.6875371e-001
 7.6940465e-001
 7.7021444e-001
 7.7119946e-001
 7.7228904e-001
 7.7331781e-001
 7.7414018e-001
 7.7477711e-001
 7.7540427e-001
 7.7614057e-001
 7.7689230e-001
 7.7748841e-001
 7.7792567e-001
 7.7836466e-001
 7.7890271e-001
 7.7947032e-001
 7.7996266e-001
 7.8038645e-001
 7.8086329e-001
 7.8155351e-001
 7.8258389e-001
 7.8396976e-001
 7.8551704e-001
 7.8681892e-001
 7.8751534e-001
 7.8769577e-001
 7.8790480e-001
 7.8849918e-001
 7.8911376e-001
 7.8910005e-001
 7.8842396e-001
 7.8777212e-001
 7.8778887e-001
 7.8850144e-001
 7.8947830e-001
 7.9030269e-001
 7.9085922e-001
 7.9132235e-001
 7.9194629e-001
 7.9281628e-001
 7.9377043e-001
 7.9457635e-001
 7.9512507e-001
 7.9538202e-001
 7.9527009e-001
 7.9479390e-001
 7.9422152e-001
 7.9393399e-001
 7.9408908e-001
 7.9456025e-001
 7.9507333e-001
 7.9532081e-001
 7.9526287e-001
 7.9542363e-001
 7.9641539e-001
 7.9810131e-001
 7.9975766e-001
 8.0092555e-001
 8.0158788e-001
 8.0177164e-001
 8.0150497e-001
 8.0100954e-001
 8.0052936e-001
 8.0007488e-001
 7.9964411e-001
 7.9948962e-001
 7.9983079e-001
 8.0049813e-001
 8.0112779e-001
 8.0157650e-001
 8.0197734e-001
 8.0248314e-001
 8.0311644e-001
 8.0381912e-001
 8.0444890e-001
 8.0472308e-001
 8.0446488e-001
 8.0400836e-001
 8.0397767e-001
 8.0458200e-001
 8.0547017e-001
 8.0630147e-001
 8.0714357e-001
 8.0815870e-001
 8.0915511e-001
 8.0969280e-001
 8.0960202e-001
 8.0917478e-001
 8.0878425e-001
 8.0856049e-001
 8.0850530e-001
 8.0867541e-001
 8.0910724e-001
 8.0966491e-001
 8.1008869e-001
 8.1025076e-001
 8.1035370e-001
 8.1075948e-001
 8.1158257e-001
 8.1260866e-001
 8.1359625e-001
 8.1434530e-001
 8.1449485e-001
 8.1382382e-001
 8.1291890e-001
 8.1286591e-001
 8.1395441e-001
 8.1534594e-001
 8.1628621e-001
 8.1692976e-001
 8.1772363e-001
 8.1862903e-001
 8.1920797e-001
 8.1904507e-001
 8.1795371e-001
 8.1613213e-001
 8.1426162e-001
 8.1325167e-001
 8.1356150e-001
 8.1472653e-001
 8.1587833e-001
 8.1662798e-001
 8.1721020e-001
 8.1798285e-001
 8.1903750e-001
 8.2019180e-001
 8.2119155e-001
 8.2188100e-001
 8.2223928e-001
 8.2234263e-001
 8.2232231e-001
 8.2230443e-001
 8.2232201e-001
 8.2226628e-001
 8.2196116e-001
 8.2133329e-001
 8.2052147e-001
 8.1979400e-001
 8.1932616e-001
 8.1905407e-001
 8.1876904e-001
 8.1838137e-001
 8.1808764e-001
 8.1823313e-001
 8.1894463e-001
 8.1989956e-001
 8.2055080e-001
 8.2065642e-001
 8.2059544e-001
 8.2109308e-001
 8.2251960e-001
 8.2437867e-001
 8.2550436e-001
 8.2517898e-001
 8.2373750e-001
 8.2216817e-001
 8.2145429e-001
 8.2190931e-001
 8.2301408e-001
 8.2386911e-001
 8.2403207e-001
 8.2388973e-001
 8.2395601e-001
 8.2414234e-001
 8.2402056e-001
 8.2345706e-001
 8.2279742e-001
 8.2264090e-001
 8.2344788e-001
 8.2515317e-001
 8.2700825e-001
 8.2803243e-001
 8.2807809e-001
 8.2810265e-001
 8.2874513e-001
 8.2933497e-001
 8.2911676e-001
 8.2851958e-001
 8.2833898e-001
 8.2853651e-001
 8.2858765e-001
 8.2839066e-001
 8.2834435e-001
 8.2878006e-001
 8.2944012e-001
 8.2966208e-001
 8.2936817e-001
 8.2941216e-001
 8.3033621e-001
 8.3143854e-001
 8.3178723e-001
 8.3142954e-001
 8.3096725e-001
 8.3067822e-001
 8.3055162e-001
 8.3063358e-001
 8.3089882e-001
 8.3109969e-001
 8.3087218e-001
 8.3043152e-001
 8.3072102e-001
 8.3213300e-001
 8.3400738e-001
 8.3553457e-001
 8.3627564e-001
 8.3611715e-001
 8.3517289e-001
 8.3393222e-001
 8.3321345e-001
 8.3365428e-001
 8.3506846e-001
 8.3648658e-001
 8.3694613e-001
 8.3626270e-001
 8.3503515e-001
 8.3398700e-001
 8.3343488e-001
 8.3327264e-001
 8.3332169e-001
 8.3360583e-001
 8.3435172e-001
 8.3570254e-001
 8.3736002e-001
 8.3867216e-001
 8.3913469e-001
 8.3876705e-001
 8.3817911e-001
 8.3828723e-001
 8.3926469e-001
 8.4070802e-001
 8.4146965e-001
 8.4076661e-001
 8.3900911e-001
 8.3708674e-001
 8.3589011e-001
 8.3614343e-001
 8.3747268e-001
 8.3906180e-001
 8.4009343e-001
 8.3990264e-001
 8.3882958e-001
 8.3762044e-001
 8.3702296e-001
 8.3764946e-001
 8.3921754e-001
 8.4108150e-001
 8.4259516e-001
 8.4320652e-001
 8.4299320e-001
 8.4214759e-001
 8.4129345e-001
 8.4066582e-001
 8.4039658e-001
 8.4042341e-001
 8.4067535e-001
 8.4108150e-001
 8.4157127e-001
 8.4207791e-001
 8.4253871e-001
 8.4289104e-001
 8.4307241e-001
 8.4302288e-001
 8.4274465e-001
 8.4230065e-001
 8.4175658e-001
 8.4117806e-001
 8.4063053e-001
 8.4017247e-001
 8.3985621e-001
 8.3973312e-001
 8.3985555e-001
 8.4027499e-001
 8.4101707e-001
 8.4200478e-001
 8.4313667e-001
 8.4431088e-001
 8.4542608e-001
 8.4638029e-001
 8.4709424e-001
 8.4757382e-001
 8.4784538e-001
 8.4793526e-001
 8.4786993e-001
 8.4767592e-001
 8.4737951e-001
 8.4700567e-001
 8.4657431e-001
 8.4610373e-001
 8.4561270e-001
 8.4511942e-001
 8.4464282e-001
 8.4420097e-001
 8.4381282e-001
 8.4349263e-001
 8.4324163e-001
 8.4305674e-001
 8.4293562e-001
 8.4287536e-001
 8.4287369e-001
 8.4292769e-001
 8.4303480e-001
 8.4319168e-001
 8.4339195e-001
 8.4362853e-001
 8.4389454e-001
 8.4418297e-001
 8.4448677e-001
 8.4479892e-001
 8.4511244e-001
 8.4542012e-001
 8.4571362e-001
 8.4598458e-001
 8.4622461e-001
 8.4642529e-001
 8.4657812e-001
 8.4667462e-001
 8.4670645e-001
 8.4666520e-001
 8.4654236e-001
 8.4632951e-001
 8.4601820e-001
 8.4560561e-001
 8.4510857e-001
 8.4454858e-001
 8.4394705e-001
 8.4332544e-001
 8.4270537e-001
 8.4210795e-001
 8.4155500e-001
 8.4106779e-001
 8.4066767e-001
 8.4037638e-001
 8.4021509e-001
 8.4019798e-001
 8.4031188e-001
 8.4053808e-001
 8.4085763e-001
 8.4125161e-001
 8.4170115e-001
 8.4218729e-001
 8.4269118e-001
 8.4319401e-001
 8.4367669e-001
 8.4412044e-001
 8.4450990e-001
 8.4484249e-001
 8.4511811e-001
 8.4533709e-001
 8.4549916e-001
 8.4560484e-001
 8.4565383e-001
 8.4564644e-001
 8.4558278e-001
 8.4546274e-001
 8.4528852e-001
 8.4506905e-001
 8.4481460e-001
 8.4453559e-001
 8.4424245e-001
 8.4394550e-001
 8.4365511e-001
 8.4338176e-001
 8.4313571e-001
 8.4292752e-001
 8.4276301e-001
 8.4263402e-001
 8.4252876e-001
 8.4243566e-001
 8.4234327e-001
 8.4223992e-001
 8.4211397e-001
 8.4195387e-001
 8.4174800e-001
 8.4148496e-001
 8.4115982e-001
 8.4079129e-001
 8.4040260e-001
 8.4001714e-001
 8.3965862e-001
 8.3935016e-001
 8.3911526e-001
 8.3897734e-001
 8.3895987e-001
 8.3907592e-001
 8.3930516e-001
 8.3961999e-001
 8.3999282e-001
 8.4039605e-001
 8.4080213e-001
 8.4118354e-001
 8.4151274e-001
 8.4176713e-001
 8.4194046e-001
 8.4203005e-001
 8.4203297e-001
 8.4194636e-001
 8.4176767e-001
 8.4149402e-001
 8.4112245e-001
 8.4065723e-001
 8.4012556e-001
 8.3955914e-001
 8.3898985e-001
 8.3844930e-001
 8.3796948e-001
 8.3758205e-001
 8.3731884e-001
 8.3719766e-001
 8.3719122e-001
 8.3726323e-001
 8.3737010e-001
 8.3747983e-001
 8.3755231e-001
 8.3756530e-001
 8.3751839e-001
 8.3743173e-001
 8.3733910e-001
 8.3728063e-001
 8.3729702e-001
 8.3742189e-001
 8.3766884e-001
 8.3802414e-001
 8.3845419e-001
 8.3891773e-001
 8.3937460e-001
 8.3979338e-001
 8.4015965e-001
 8.4047860e-001
 8.4076989e-001
 8.4105992e-001
 8.4137446e-001
 8.4173185e-001
 8.4213632e-001
 8.4257549e-001
 8.4302437e-001
 8.4345174e-001
 8.4382647e-001
 8.4412354e-001
 8.4432864e-001
 8.4443963e-001
 8.4446436e-001
 8.4441751e-001
 8.4431875e-001
 8.4419417e-001
 8.4407872e-001
 8.4401619e-001
 8.4405720e-001
 8.4425205e-001
 8.4464085e-001
 8.4523940e-001
 8.4656358e-001
 8.4710866e-001
 8.4766221e-001
 8.4819710e-001
 8.4868944e-001
 8.4912127e-001
 8.4948301e-001
 8.4977394e-001
 8.5000163e-001
 8.5018009e-001
 8.5032612e-001
 8.5045570e-001
 8.5058022e-001
 8.5070461e-001
 8.5082769e-001
 8.5094380e-001
 8.5104561e-001
 8.5112667e-001
 8.5118306e-001
 8.5121429e-001
 8.5122299e-001
 8.5121411e-001
 8.5119396e-001
 8.5116905e-001
 8.5114568e-001
 8.5112935e-001
 8.5112458e-001
 8.5113484e-001
 8.5116249e-001
 8.5120857e-001
 8.5127288e-001
 8.5135353e-001
 8.5144711e-001
 8.5154843e-001
 8.5165083e-001
 8.5174710e-001
 8.5183018e-001
 8.5189462e-001
 8.5193759e-001
 8.5195971e-001
 8.5196525e-001
 8.5196155e-001
 8.5195816e-001
 8.5196537e-001
 8.5199291e-001
 8.5204864e-001
 8.5213768e-001
 8.5226214e-001
 8.5242116e-001
 8.5261142e-001
 8.5282779e-001
 8.5306376e-001
 8.5331231e-001
 8.5356593e-001
 8.5381675e-001
 8.5405684e-001
 8.5427785e-001
 8.5447145e-001
 8.5462987e-001
 8.5474682e-001
 8.5481852e-001
 8.5484469e-001
 8.5482949e-001
 8.5478127e-001
 8.5471207e-001
 8.5463572e-001
 8.5456574e-001
 8.5451329e-001
 8.5448515e-001
 8.5448289e-001
 8.5450327e-001
 8.5453939e-001
 8.5458249e-001
 8.5462427e-001
 8.5465854e-001
 8.5468185e-001
 8.5469371e-001
 8.5469592e-001
 8.5469151e-001
 8.5468376e-001
 8.5467571e-001
 8.5467029e-001
 8.5467017e-001
 8.5467863e-001
 8.5469919e-001
 8.5473555e-001
 8.5479069e-001
 8.5486591e-001
 8.5496020e-001
 8.5506976e-001
 8.5518843e-001
 8.5530871e-001
 8.5542327e-001
 8.5552609e-001
 8.5561359e-001
 8.5568452e-001
 8.5573947e-001
 8.5577995e-001
 8.5580683e-001
 8.5581958e-001
 8.5581595e-001
 8.5579234e-001
 8.5574490e-001
 8.5567075e-001
 8.5556948e-001
 8.5544384e-001
 8.5529989e-001
 8.5514688e-001
 8.5499579e-001
 8.5485804e-001
 8.5474449e-001
 8.5466385e-001
 8.5462177e-001
 8.5462075e-001
 8.5465968e-001
 8.5473424e-001
 8.5483736e-001
 8.5495979e-001
 8.5509098e-001
 8.5521984e-001
 8.5533547e-001
 8.5542798e-001
 8.5548890e-001
 8.5551161e-001
 8.5549134e-001
 8.5542530e-001
 8.5531211e-001
 8.5515189e-001
 8.5494590e-001
 8.5469627e-001
 8.5440612e-001
 8.5407937e-001
 8.5371995e-001
 8.5333133e-001
 8.5291535e-001
 8.5247093e-001
 8.5199314e-001
 8.5147291e-001
 8.5089791e-001
 8.5025454e-001
 8.4953070e-001
 8.4872001e-001
 8.4782445e-001
 8.4685659e-001
 8.4583986e-001
 8.4480602e-001
 8.4379190e-001
 8.4283406e-001
 8.4196448e-001
 8.4120715e-001
 8.4057575e-001
 8.4007484e-001
 8.3970135e-001
 8.3944756e-001
 8.3930379e-001
 8.3926016e-001
 8.3930719e-001
 8.3943576e-001
 8.3963621e-001
 8.3989727e-001
 8.4020668e-001
 8.4055090e-001
 8.4091717e-001
 8.4129429e-001
 8.4167379e-001
 8.4205055e-001
 8.4242159e-001
 8.4278524e-001
 8.4313941e-001
 8.4348029e-001
 8.4380174e-001
 8.4409565e-001
 8.4435314e-001
 8.4456664e-001
 8.4473157e-001
 8.4484804e-001
 8.4492177e-001
 8.4496373e-001
 8.4498870e-001
 8.4501314e-001
 8.4505236e-001
 8.4511811e-001
 8.4521627e-001
 8.4534621e-001
 8.4550083e-001
 8.4566867e-001
 8.4583622e-001
 8.4599090e-001
 8.4612417e-001
 8.4623301e-001
 8.4632051e-001
 8.4639531e-001
 8.4646946e-001
 8.4655607e-001
 8.4666628e-001
 8.4680778e-001
 8.4698284e-001
 8.4718847e-001
 8.4741676e-001
 8.4765643e-001
 8.4789419e-001
 8.4811687e-001
 8.4831315e-001
 8.4847474e-001
 8.4859759e-001
 8.4868252e-001
 8.4873503e-001
 8.4876472e-001
 8.4878415e-001
 8.4880704e-001
 8.4884626e-001
 8.4891188e-001
 8.4900928e-001
 8.4913826e-001
 8.4929311e-001
 8.4946316e-001
 8.4963506e-001
 8.4979463e-001
 8.4992939e-001
 8.5003042e-001
 8.5009336e-001
 8.5011888e-001
 8.5011190e-001
 8.5008055e-001
 8.5003448e-001
 8.4998375e-001
 8.4993750e-001
 8.4990323e-001
 8.4988618e-001
 8.4988952e-001
 8.4991395e-001
 8.4995848e-001
 8.5002017e-001
 8.5009485e-001
 8.5017794e-001
 8.5026473e-001
 8.5035145e-001
 8.5043609e-001
 8.5051835e-001
 8.5060024e-001
 8.5068512e-001
 8.5077721e-001
 8.5088027e-001
 8.5099614e-001
 8.5112405e-001
 8.5125965e-001
 8.5139489e-001
 8.5151905e-001
 8.5161948e-001
 8.5168368e-001
 8.5170090e-001
 8.5166419e-001
 8.5157132e-001
 8.5142571e-001
 8.5123587e-001
 8.5101455e-001
 8.5077721e-001
 8.5053992e-001
 8.5031784e-001
 8.5012400e-001
 8.4996855e-001
 8.4985876e-001
 8.4979904e-001
 8.4979141e-001
 8.4983540e-001
 8.4992790e-001
 8.5006243e-001
 8.5022908e-001
 8.5041422e-001
 8.5060126e-001
 8.5077208e-001
 8.5090929e-001
 8.5099816e-001
 8.5102904e-001
 8.5099804e-001
 8.5090762e-001
 8.5076487e-001
 8.5058010e-001
 8.5036439e-001
 8.5012752e-001
 8.4987670e-001
 8.4961617e-001
 8.4934741e-001
 8.4907025e-001
 8.4878403e-001
 8.4848815e-001
 8.4818321e-001
 8.4787053e-001
 8.4755242e-001
 8.4723127e-001
 8.4690946e-001
 8.4658873e-001
 8.4627050e-001
 8.4595549e-001
 8.4564388e-001
 8.4533554e-001
 8.4502983e-001
 8.4472561e-001
 8.4442121e-001
 8.4411454e-001
 8.4380323e-001
 8.4348494e-001
 8.4315795e-001
 8.4282124e-001
 8.4247482e-001
 8.4211951e-001
 8.4175712e-001
 8.4138954e-001
 8.4101832e-001
 8.4064484e-001
 8.4026945e-001
 8.3989221e-001
 8.3951265e-001
 8.3913022e-001
 8.3874482e-001
 8.3835667e-001
 8.3796626e-001
 8.3757436e-001
 8.3718097e-001
 8.3678538e-001
 8.3638513e-001
 8.3597600e-001
 8.3555228e-001
 8.3510715e-001
 8.3463383e-001
 8.3412689e-001
 8.3358324e-001
 8.3300364e-001
 8.3239263e-001
 8.3175862e-001
 8.3111292e-001
 8.3046740e-001
 8.2983339e-001
 8.2921910e-001
 8.2862878e-001
 8.2806194e-001
 8.2751334e-001
 8.2697457e-001
 8.2643521e-001
 8.2588476e-001
 8.2531440e-001
 8.2471806e-001
 8.2409346e-001
 8.2344246e-001
 8.2277048e-001
 8.2208633e-001
 8.2140040e-001
 8.2072401e-001
 8.2006705e-001
 8.1943601e-001
 8.1883299e-001
 8.1825340e-001
 8.1768662e-001
 8.1711602e-001
 8.1652123e-001
 8.1588107e-001
 8.1517678e-001
 8.1439579e-001
 8.1353372e-001
 8.1259471e-001
 8.1159109e-001
 8.1053931e-001
 8.0945671e-001
 8.0835694e-001
 8.0724543e-001
 8.0611801e-001
 8.0495995e-001
 8.0374694e-001
 8.0244869e-001
 8.0103183e-001
 7.9946494e-001
 7.9772210e-001
 7.9578465e-001
 7.9364455e-001
 7.9130304e-001
 7.8877097e-001
 7.8606635e-001
 7.8320986e-001
 7.8022367e-001
 7.7712482e-001
 7.7392405e-001
 7.7062219e-001
 7.6720792e-001
 7.6366115e-001
 7.5995225e-001
 7.5604969e-001
 7.5192398e-001
 7.4755234e-001
 7.4292660e-001
 7.3805535e-001
 7.3296386e-001
 7.2769654e-001
 7.2230893e-001
 7.1686667e-001
 7.1143788e-001
 7.0608467e-001
 7.0086300e-001
 6.9581366e-001
 6.9096524e-001
 6.8633235e-001
 6.8191624e-001
 6.7771178e-001
 6.7370749e-001
 6.6989267e-001
 6.6625947e-001
 6.6280413e-001
 6.5953118e-001
 6.5645069e-001
 6.5358084e-001
 6.5094554e-001
 6.4857292e-001
 6.4649552e-001
 6.4474690e-001
 6.4336121e-001
 6.4236969e-001
 6.4179766e-001
 6.4166248e-001
 6.4196968e-001
 6.4271176e-001
 6.4386666e-001
 6.4539915e-001
 6.4726198e-001
 6.4939946e-001
 6.5175223e-001
 6.5425962e-001
 6.5686536e-001
 6.5951866e-001
 6.6217649e-001
 6.6480577e-001
 6.6738027e-001
 6.6988271e-001
 6.7230111e-001
 6.7462832e-001
 6.7686152e-001
 6.7899960e-001
 6.8104422e-001
 6.8299788e-001
 6.8486381e-001
 6.8664646e-001
 6.8834925e-001
 6.8997443e-001
 6.9152278e-001
 6.9299132e-001
 6.9437414e-001
 6.9566172e-001
 6.9684172e-001
 6.9790095e-001
 6.9882655e-001
 6.9960868e-001
 7.0024222e-001
 7.0072842e-001
 7.0107639e-001
 7.0130247e-001
 7.0143050e-001
 7.0148981e-001
 7.0151341e-001
 7.0153594e-001
 7.0159113e-001
 7.0170939e-001
 7.0191622e-001
 7.0223063e-001
 7.0266467e-001
 7.0322305e-001
 7.0390397e-001
 7.0470041e-001
 7.0560098e-001
 7.0659244e-001
 7.0766073e-001
 7.0879245e-001
 7.0997673e-001
 7.1120459e-001
 7.1247035e-001
 7.1377027e-001
 7.1510202e-001
 7.1646440e-001
 7.1785522e-001
 7.1927172e-001
 7.2070920e-001
 7.2216153e-001
 7.2362238e-001
 7.2508472e-001
 7.2654355e-001
 7.2799486e-001
 7.2943687e-001
 7.3086983e-001
 7.3229367e-001
 7.3370832e-001
 7.3511064e-001
 7.3649484e-001
 7.3785251e-001
 7.3917288e-001
 7.4044544e-001
 7.4166203e-001
 7.4281794e-001
 7.4391371e-001
 7.4495435e-001
 7.4594784e-001
 7.4690402e-001
 7.4783105e-001
 7.4873495e-001
 7.4961799e-001
 7.5047922e-001
 7.5131607e-001
 7.5212556e-001
 7.5290644e-001
 7.5366002e-001
 7.5439036e-001
 7.5510454e-001
 7.5581050e-001
 7.5651675e-001
 7.5723010e-001
 7.5795543e-001
 7.5869566e-001
 7.5945139e-001
 7.6022184e-001
 7.6100630e-001
 7.6180387e-001
 7.6261508e-001
 7.6344085e-001
 7.6428246e-001
 7.6514095e-001
 7.6601535e-001
 7.6690304e-001
 7.6779830e-001
 7.6869273e-001
 7.6957560e-001
 7.7043325e-001
 7.7125144e-001
 7.7201599e-001
 7.7271533e-001
 7.7334297e-001
 7.7389818e-001
 7.7438790e-001
 7.7482575e-001
 7.7523184e-001
 7.7563041e-001
 7.7604622e-001
 7.7650255e-001
 7.7701867e-001
 7.7760804e-001
 7.7827770e-001
 7.7902764e-001
 7.7985030e-001
 7.8073138e-001
 7.8164989e-001
 7.8258079e-001
 7.8349572e-001
 7.8436613e-001
 7.8516549e-001
 7.8587151e-001
 7.8646863e-001
 7.8694910e-001
 7.8731441e-001
 7.8757483e-001
 7.8774720e-001
 7.8785324e-001
 7.8791654e-001
 7.8796083e-001
 7.8800792e-001
 7.8807670e-001
 7.8818190e-001
 7.8833365e-001
 7.8853673e-001
 7.8879112e-001
 7.8909224e-001
 7.8943235e-001
 7.8980148e-001
 7.9018897e-001
 7.9058456e-001
 7.9097968e-001
 7.9136795e-001
 7.9174632e-001
 7.9211468e-001
 7.9247576e-001
 7.9283440e-001
 7.9319680e-001
 7.9356968e-001
 7.9395968e-001
 7.9437280e-001
 7.9481375e-001
 7.9528546e-001
 7.9578888e-001
 7.9632217e-001
 7.9688114e-001
 7.9745847e-001
 7.9804456e-001
 7.9862785e-001
 7.9919559e-001
 7.9973471e-001
 8.0023336e-001
 8.0068135e-001
 8.0107158e-001
 8.0139989e-001
 8.0166566e-001
 8.0187172e-001
 8.0202335e-001
 8.0212790e-001
 8.0219382e-001
 8.0223018e-001
 8.0224568e-001
 8.0224866e-001
 8.0224651e-001
 8.0224603e-001
 8.0225313e-001
 8.0227309e-001
 8.0231082e-001
 8.0237073e-001
 8.0245668e-001
 8.0257195e-001
 8.0271918e-001
 8.0289978e-001
 8.0311400e-001
 8.0336052e-001
 8.0363643e-001
 8.0393726e-001
 8.0425680e-001
 8.0458748e-001
 8.0492049e-001
 8.0524617e-001
 8.0555475e-001
 8.0583632e-001
 8.0608195e-001
 8.0628461e-001
 8.0643952e-001
 8.0654532e-001
 8.0660456e-001
 8.0662394e-001
 8.0661428e-001
 8.0658954e-001
 8.0656570e-001
 8.0655891e-001
 8.0658376e-001
 8.0665135e-001
 8.0676800e-001
 8.0693454e-001
 8.0714613e-001
 8.0739349e-001
 8.0766416e-001
 8.0794430e-001
 8.0822068e-001
 8.0848247e-001
 8.0872190e-001
 8.0893511e-001
 8.0912143e-001
 8.0928296e-001
 8.0942297e-001
 8.0954492e-001
 8.0965143e-001
 8.0974340e-001
 8.0982023e-001
 8.0987978e-001
 8.0991960e-001
 8.0993760e-001
 8.0993336e-001
 8.0990899e-001
 8.0986917e-001
 8.0982113e-001
 8.0977345e-001
 8.0973506e-001
 8.0971372e-001
 8.0971509e-001
 8.0974162e-001
 8.0979246e-001
 8.0986309e-001
 8.0994558e-001
 8.1002969e-001
 8.1010401e-001
 8.1015742e-001
 8.1018120e-001
 8.1016994e-001
 8.1012267e-001
 8.1004274e-001
 8.0993712e-001
 8.0981511e-001
 8.0968642e-001
 8.0955952e-001
 8.0944002e-001
 8.0932975e-001
 8.0922681e-001
 8.0912626e-001
 8.0902112e-001
 8.0890393e-001
 8.0876762e-001
 8.0860680e-001
 8.0841845e-001
 8.0820173e-001
 8.0795884e-001
 8.0769420e-001
 8.0741429e-001
 8.0712730e-001
 8.0684227e-001
 8.0656880e-001
 8.0631644e-001
 8.0609417e-001
 8.0590981e-001
 8.0576962e-001
 8.0567724e-001
 8.0563301e-001
 8.0563325e-001
 8.0566967e-001
 8.0572885e-001
 8.0579287e-001
 8.0584002e-001
 8.0584663e-001
 8.0578899e-001
 8.0564612e-001
 8.0540192e-001
 8.0504775e-001
 8.0458325e-001
 8.0401731e-001
 8.0336714e-001
 8.0265629e-001
 8.0191278e-001
 8.0116582e-001
 8.0044293e-001
 7.9976773e-001
 7.9915774e-001
 7.9862386e-001
 7.9816985e-001
 7.9779321e-001
 7.9748636e-001
 7.9723793e-001
 7.9703414e-001
 7.9686052e-001
 7.9670221e-001
 7.9654533e-001
 7.9637706e-001
 7.9618633e-001
 7.9596376e-001
 7.9570210e-001
 7.9539657e-001
 7.9504478e-001
 7.9464698e-001
 7.9420596e-001
 7.9372668e-001
 7.9321581e-001
 7.9268116e-001
 7.9213089e-001
 7.9157281e-001
 7.9101366e-001
 7.9045874e-001
 7.8991193e-001
 7.8937489e-001
 7.8884804e-001
 7.8833032e-001
 7.8781974e-001
 7.8731352e-001
 7.8680849e-001
 7.8630161e-001
 7.8578985e-001
 7.8527099e-001
 7.8474385e-001
 7.8420860e-001
 7.8366780e-001
 7.8312641e-001
 7.8259254e-001
 7.8207743e-001
 7.8159499e-001
 7.8116113e-001
 7.8079224e-001
 7.8050339e-001
 7.8030604e-001
 7.8020597e-001
 7.8020144e-001
 7.8028208e-001
 7.8042895e-001
 7.8061551e-001
 7.8080994e-001
 7.8097814e-001
 7.8108704e-001
 7.8110844e-001
 7.8102130e-001
 7.8081423e-001
 7.8048593e-001
 7.8004527e-001
 7.7950966e-001
 7.7890289e-001
 7.7825147e-001
 7.7758241e-001
 7.7691984e-001
 7.7628273e-001
 7.7568436e-001
 7.7513152e-001
 7.7462608e-001
 7.7416605e-001
 7.7374661e-001
 7.7336180e-001
 7.7300501e-001
 7.7266997e-001
 7.7235109e-001
 7.7204329e-001
 7.7174270e-001
 7.7144647e-001
 7.7115232e-001
 7.7085900e-001
 7.7056581e-001
 7.7027220e-001
 7.6997817e-001
 7.6968354e-001
 7.6938844e-001
 7.6909310e-001
 7.6879722e-001
 7.6850152e-001
 7.6820624e-001
 7.6791179e-001
 7.6761872e-001
 7.6732773e-001
 7.6703960e-001
 7.6675522e-001
 7.6647568e-001
 7.6620167e-001
 7.6593411e-001
 7.6567364e-001
 7.6542020e-001
 7.6517296e-001
 7.6493013e-001
 7.6468873e-001
 7.6444477e-001
 7.6419330e-001
 7.6392919e-001
 7.6364690e-001
 7.6334077e-001
 7.6300555e-001
 7.6263618e-001
 7.6222843e-001
 7.6177925e-001
 7.6128650e-001
 7.6074940e-001
 7.6016772e-001
 7.5954181e-001
 7.5887239e-001
 7.5815994e-001
 7.5740522e-001
 7.5660890e-001
 7.5577176e-001
 7.5489467e-001
 7.5397837e-001
 7.5302374e-001
 7.5203192e-001
 7.5100350e-001
 7.4993980e-001
 7.4884135e-001
 7.4770921e-001
 7.4654412e-001
 7.4534619e-001
 7.4411577e-001
 7.4285215e-001
 7.4155468e-001
 7.4022239e-001
 7.3885381e-001
 7.3744762e-001
 7.3600143e-001
 7.3451197e-001
 7.3297340e-001
 7.3137468e-001
 7.2969967e-001
 7.2792470e-001
 7.2602063e-001
 7.2395408e-001
 7.2168821e-001
 7.1918648e-001
 7.1641201e-001
 7.1333224e-001
 7.0992196e-001
 7.0616663e-001
 7.0206922e-001
 6.9765097e-001
 6.9294763e-001
 6.8800920e-001
 6.8289042e-001
 6.7765093e-001
 6.7235023e-001
 6.6704249e-001
 6.6177684e-001
 6.5658700e-001
 6.5149081e-001
 6.4648676e-001
 6.4155400e-001
 6.3666099e-001
 6.3176626e-001
 6.2682647e-001
 6.2179810e-001
 6.1663783e-001
 6.1131060e-001
 6.0578811e-001
 6.0005659e-001
 5.9411687e-001
 5.8798003e-001
 5.8166903e-001
 5.7521242e-001
 5.6863940e-001
 5.6198388e-001
 5.5527818e-001
 5.4855943e-001
 5.4186863e-001
 5.3524971e-001
 5.2875566e-001
 5.2244163e-001
 5.1636899e-001
 5.1060110e-001
 5.0520015e-001
 5.0022984e-001
 4.9574766e-001
 4.9180534e-001
 4.8844171e-001
 4.8567697e-001
 4.8351371e-001
 4.8193595e-001
 4.8091584e-001
 4.8041749e-001
 4.8040116e-001
 4.8082581e-001
 4.8165002e-001
 4.8283237e-001
 4.8433161e-001
 4.8610756e-001
 4.8812005e-001
 4.9032927e-001
 4.9269658e-001
 4.9518266e-001
 4.9774954e-001
 5.0035900e-001
 5.0297451e-001
 5.0556338e-001
 5.0809711e-001
 5.1055539e-001
 5.1292491e-001
 5.1519936e-001
 5.1737857e-001
 5.1946431e-001
 5.2146101e-001
 5.2337277e-001
 5.2520370e-001
 5.2695817e-001
 5.2863884e-001
 5.3024805e-001
 5.3178620e-001
 5.3325278e-001
 5.3464675e-001
 5.3596628e-001
 5.3720915e-001
 5.3837383e-001
 5.3945839e-001
 5.4046237e-001
 5.4138607e-001
 5.4223156e-001
 5.4300314e-001
 5.4370660e-001
 5.4434919e-001
 5.4493868e-001
 5.4548335e-001
 5.4599172e-001
 5.4647183e-001
 5.4693210e-001
 5.4738003e-001
 5.4782289e-001
 5.4826742e-001
 5.4871964e-001
 5.4918545e-001
 5.4967040e-001
 5.5017978e-001
 5.5071896e-001
 5.5129284e-001
 5.5190581e-001
 5.5256152e-001
 5.5326217e-001
 5.5400884e-001
 5.5480129e-001
 5.5563825e-001
 5.5651826e-001
 5.5743903e-001
 5.5839843e-001
 5.5939341e-001
 5.6041944e-001
 5.6147063e-001
 5.6253761e-001
 5.6360853e-001
 5.6466836e-001
 5.6570017e-001
 5.6668603e-001
 5.6760740e-001
 5.6844687e-001
 5.6918859e-001
 5.6982154e-001
 5.7034212e-001
 5.7075685e-001
 5.7108349e-001
 5.7134998e-001
 5.7159156e-001
 5.7184815e-001
 5.7216132e-001
 5.7257241e-001
 5.7312065e-001
 5.7383943e-001
 5.7475346e-001
 5.7587475e-001
 5.7720149e-001
 5.7872009e-001
 5.8040708e-001
 5.8223420e-001
 5.8417010e-001
 5.8618402e-001
 5.8824468e-001
 5.9032553e-001
 5.9240538e-001
 5.9446883e-001
 5.9651017e-001
 5.9853047e-001
 6.0053670e-001
 6.0253751e-001
 6.0454464e-001
 6.0656977e-001
 6.0862225e-001
 6.1071074e-001
 6.1283976e-001
 6.1500710e-001
 6.1720610e-001
 6.1942434e-001
 6.2164593e-001
 6.2385106e-001
 6.2602061e-001
 6.2813532e-001
 6.3017541e-001
 6.3212526e-001
 6.3397294e-001
 6.3571072e-001
 6.3733834e-001
 6.3886082e-001
 6.4028615e-001
 6.4162588e-001
 6.4289212e-001
 6.4409775e-001
 6.4525402e-001
 6.4637208e-001
 6.4746070e-001
 6.4852500e-001
 6.4956778e-001
 6.5058869e-001
 6.5158474e-001
 6.5255225e-001
 6.5348673e-001
 6.5438390e-001
 6.5523922e-001
 6.5604979e-001
 6.5681434e-001
 6.5753335e-001
 6.5821046e-001
 6.5885139e-001
 6.5946311e-001
 6.6005421e-001
 6.6063339e-001
 6.6120917e-001
 6.6178954e-001
 6.6238111e-001
 6.6298836e-001
 6.6361183e-001
 6.6424918e-001
 6.6489476e-001
 6.6554004e-001
 6.6617566e-001
 6.6679162e-001
 6.6737759e-001
 6.6792440e-001
 6.6842467e-001
 6.6887420e-001
 6.6927272e-001
 6.6962481e-001
 6.6993922e-001
 6.7022765e-001
 6.7050380e-001
 6.7078215e-001
 6.7107671e-001
 6.7140079e-001
 6.7176497e-001
 6.7217582e-001
 6.7263395e-001
 6.7313397e-001
 6.7366487e-001
 6.7421097e-001
 6.7475468e-001
 6.7527723e-001
 6.7575961e-001
 6.7618424e-001
 6.7653626e-001
 6.7680532e-001
 6.7698717e-001
 6.7708462e-001
 6.7710662e-001
 6.7706656e-001
 6.7698073e-001
 6.7686659e-001
 6.7674178e-001
 6.7662334e-001
 6.7652655e-001
 6.7646390e-001
 6.7644405e-001
 6.7647129e-001
 6.7654616e-001
 6.7666626e-001
 6.7682743e-001
 6.7702490e-001
 6.7725331e-001
 6.7750728e-001
 6.7778176e-001
 6.7807138e-001
 6.7837131e-001
 6.7867678e-001
 6.7898303e-001
 6.7928582e-001
 6.7958069e-001
 6.7986339e-001
 6.8012983e-001
 6.8037611e-001
 6.8059927e-001
 6.8079728e-001
 6.8096977e-001
 6.8111813e-001
 6.8124515e-001
 6.8135482e-001
 6.8145186e-001
 6.8154126e-001
 6.8162781e-001
 6.8171597e-001
 6.8180907e-001
 6.8190855e-001
 6.8201357e-001
 6.8212062e-001
 6.8222356e-001
 6.8231463e-001
 6.8238497e-001
 6.8242526e-001
 6.8242633e-001
 6.8237954e-001
 6.8227768e-001
 6.8211615e-001
 6.8189335e-001
 6.8161136e-001
 6.8127567e-001
 6.8089390e-001
 6.8047529e-001
 6.8002975e-001
 6.7956722e-001
 6.7909724e-001
 6.7862821e-001
 6.7816746e-001
 6.7771971e-001
 6.7728722e-001
 6.7687047e-001
 6.7646790e-001
 6.7607719e-001
 6.7569566e-001
 6.7532051e-001
 6.7494935e-001
 6.7458081e-001
 6.7421490e-001
 6.7385375e-001
 6.7350173e-001
 6.7316556e-001
 6.7285311e-001
 6.7257333e-001
 6.7233557e-001
 6.7214870e-001
 6.7202061e-001
 6.7195714e-001
 6.7196012e-001
 6.7202646e-001
 6.7214745e-001
 6.7230928e-001
 6.7249429e-001
 6.7268294e-001
 6.7285419e-001
 6.7298734e-001
 6.7306226e-001
 6.7306036e-001
 6.7296618e-001
 6.7276788e-001
 6.7245829e-001
 6.7203397e-001
 6.7149419e-001
 6.7084008e-001
 6.7007375e-001
 6.6919696e-001
 6.6821063e-001
 6.6711468e-001
 6.6590565e-001
 6.6457605e-001
 6.6311496e-001
 6.6150701e-001
 6.5973401e-001
 6.5777588e-001
 6.5561330e-001
 6.5322638e-001
 6.5059704e-001
 6.4771420e-001
 6.4457285e-001
 6.4117885e-001
 6.3755256e-001
 6.3372302e-001
 6.2972808e-001
 6.2560952e-001
 6.2141436e-001
 6.1718762e-001
 6.1297446e-001
 6.0882252e-001
 6.0477591e-001
 6.0087764e-001
 5.9717256e-001
 5.9370178e-001
 5.9050566e-001
 5.8762646e-001
 5.8510321e-001
 5.8297414e-001
 5.8127308e-001
 5.8002681e-001
 5.7924742e-001
 5.7892895e-001
 5.7904536e-001
 5.7955194e-001
 5.8039075e-001
 5.8149529e-001
 5.8279592e-001
 5.8422267e-001
 5.8570826e-001
 5.8719063e-001
 5.8861929e-001
 5.8995783e-001
 5.9118485e-001
 5.9229398e-001
 5.9328920e-001
 5.9418029e-001
 5.9498066e-001
 5.9570479e-001
 5.9636676e-001
 5.9698039e-001
 5.9755826e-001
 5.9811139e-001
 5.9864855e-001
 5.9917730e-001
 5.9970391e-001
 6.0023350e-001
 6.0077113e-001
 6.0132134e-001
 6.0188735e-001
 6.0247076e-001
 6.0306996e-001
 6.0367936e-001
 6.0428810e-001
 6.0488147e-001
 6.0544187e-001
 6.0594910e-001
 6.0638303e-001
 6.0672337e-001
 6.0695100e-001
 6.0704976e-001
 6.0700834e-001
 6.0682172e-001
 6.0649204e-001
 6.0602796e-001
 6.0544264e-001
 6.0475260e-001
 6.0397500e-001
 6.0312730e-001
 6.0222650e-001
 6.0128677e-001
 6.0031843e-001
 5.9932739e-001
 5.9831327e-001
 5.9727061e-001
 5.9619004e-001
 5.9506059e-001
 5.9386969e-001
 5.9260446e-001
 5.9125376e-001
 5.8980721e-001
 5.8825737e-001
 5.8660191e-001
 5.8484197e-001
 5.8298248e-001
 5.8103269e-001
 5.7900238e-001
 5.7690275e-001
 5.7474482e-001
 5.7254171e-001
 5.7030565e-001
 5.6804991e-001
 5.6579089e-001
 5.6354505e-001
 5.6133026e-001
 5.5916709e-001
 5.5707520e-001
 5.5507469e-001
 5.5318457e-001
 5.5142319e-001
 5.4980320e-001
 5.4833031e-001
 5.4700172e-001
 5.4580289e-001
 5.4470974e-001
 5.4369211e-001
 5.4271454e-001
 5.4174018e-001
 5.4073274e-001
 5.3965741e-001
 5.3848463e-001
 5.3719234e-001
 5.3577065e-001
 5.3422087e-001
 5.3255534e-001
 5.3079551e-001
 5.2896672e-001
 5.2709627e-001
 5.2521318e-001
 5.2334368e-001
 5.2151120e-001
 5.1973307e-001
 5.1802003e-001
 5.1637322e-001
 5.1478589e-001
 5.1324701e-001
 5.1174074e-001
 5.1024985e-001
 5.0875807e-001
 5.0724858e-001
 5.0570720e-001
 5.0412285e-001
 5.0249028e-001
 5.0080848e-001
 4.9908110e-001
 4.9731669e-001
 4.9552456e-001
 4.9371529e-001
 4.9190143e-001
 4.9009517e-001
 4.8831049e-001
 4.8656529e-001
 4.8488009e-001
 4.8327988e-001
 4.8179299e-001
 4.8045161e-001
 4.7928834e-001
 4.7833633e-001
 4.7762871e-001
 4.7719505e-001
 4.7705981e-001
 4.7723815e-001
 4.7773263e-001
 4.7853211e-001
 4.7961324e-001
 4.8094237e-001
 4.8248097e-001
 4.8418799e-001
 4.8602071e-001
 4.8793882e-001
 4.8990574e-001
 4.9188942e-001
 4.9386770e-001
 4.9582756e-001
 4.9776298e-001
 4.9967515e-001
 5.0156826e-001
 5.0344837e-001
 5.0532043e-001
 5.0718987e-001
 5.0906008e-001
 5.1093000e-001
 5.1279557e-001
 5.1464784e-001
 5.1647222e-001
 5.1825207e-001
 5.1996797e-001
 5.2160013e-001
 5.2312756e-001
 5.2453071e-001
 5.2579039e-001
 5.2688742e-001
 5.2777690e-001
 5.2830666e-001
 5.2880448e-001
 5.2911884e-001
 5.2925968e-001
 5.2923709e-001
 5.2906084e-001
 5.2874106e-001
 5.2828765e-001
 5.2771050e-001
 5.2701968e-001
 5.2622503e-001
 5.2533782e-001
 5.2436936e-001
 5.2333122e-001
 5.2223450e-001
 5.2109128e-001
 5.1991278e-001
 5.1871037e-001
 5.1749539e-001
 5.1627982e-001
 5.1507485e-001
 5.1389194e-001
 5.1274234e-001
 5.1163805e-001
 5.1058912e-001
 5.0959474e-001
 5.0864822e-001
 5.0774264e-001
 5.0687170e-001
 5.0602847e-001
 5.0520617e-001
 5.0439799e-001
 5.0359744e-001
 5.0279760e-001
 5.0199193e-001
 5.0117338e-001
 5.0033545e-001
 4.9947149e-001
 4.9857458e-001
 4.9763808e-001
 4.9665499e-001
 4.9561909e-001
 4.9452394e-001
 4.9336910e-001
 4.9215654e-001
 4.9088919e-001
 4.8956916e-001
 4.8819879e-001
 4.8678008e-001
 4.8531610e-001
 4.8380882e-001
 4.8226067e-001
 4.8067397e-001
 4.7905070e-001
 4.7739401e-001
 4.7570586e-001
 4.7398856e-001
 4.7224414e-001
 4.7047570e-001
 4.6868530e-001
 4.6687517e-001
 4.6504736e-001
 4.6320495e-001
 4.6135005e-001
 4.5948473e-001
 4.5761013e-001
 4.5572820e-001
 4.5383939e-001
 4.5194486e-001
 4.5004568e-001
 4.4814232e-001
 4.4623676e-001
 4.4432962e-001
 4.4242191e-001
 4.4051424e-001
 4.3860850e-001
 4.3670535e-001
 4.3480572e-001
 4.3291035e-001
 4.3102106e-001
 4.2913848e-001
 4.2726365e-001
 4.2539757e-001
 4.2354089e-001
 4.2169547e-001
 4.1986200e-001
 4.1804141e-001
 4.1623440e-001
 4.1444281e-001
 4.1266727e-001
 4.1090864e-001
 4.0916643e-001
 4.0744078e-001
 4.0573058e-001
 4.0403518e-001
 4.0235385e-001
 4.0068558e-001
 3.9903045e-001
 3.9738739e-001
 3.9575571e-001
 3.9413443e-001
 3.9252359e-001
 3.9092207e-001
 3.8932922e-001
 3.8774410e-001
 3.8616669e-001
 3.8459596e-001
 3.8303119e-001
 3.8147137e-001
 3.7991661e-001
 3.7836578e-001
 3.7681824e-001
 3.7527335e-001
 3.7373000e-001
 3.7218830e-001
 3.7064722e-001
 3.6910602e-001
 3.6756372e-001
 3.6602032e-001
 3.6447480e-001
 3.6292681e-001
 3.6137778e-001
 3.5983142e-001
 3.5829028e-001
