s07_ASD Record=13464: Kaol.5+MuscCU91-250A AMX13    BECKb AREF
-1.2300000e+034
-1.2300000e+034
-1.2300000e+034
 2.8434247e-001
 2.8634626e-001
 2.8885561e-001
 2.9182804e-001
 2.9519019e-001
 2.9885766e-001
 3.0274937e-001
 3.0679885e-001
 3.1095499e-001
 3.1518075e-001
 3.1944788e-001
 3.2373157e-001
 3.2800817e-001
 3.3225292e-001
 3.3644164e-001
 3.4055203e-001
 3.4456709e-001
 3.4847680e-001
 3.5227817e-001
 3.5597357e-001
 3.5956600e-001
 3.6305717e-001
 3.6644697e-001
 3.6973953e-001
 3.7294871e-001
 3.7609816e-001
 3.7921479e-001
 3.8232121e-001
 3.8543200e-001
 3.8855392e-001
 3.9168984e-001
 3.9484110e-001
 3.9801151e-001
 4.0121123e-001
 4.0445605e-001
 4.0776339e-001
 4.1114318e-001
 4.1459012e-001
 4.1807926e-001
 4.2156869e-001
 4.2501128e-001
 4.2836878e-001
 4.3162525e-001
 4.3479055e-001
 4.3789440e-001
 4.4097078e-001
 4.4404137e-001
 4.4710386e-001
 4.5013154e-001
 4.5308614e-001
 4.5593596e-001
 4.5867121e-001
 4.6130455e-001
 4.6386197e-001
 4.6636465e-001
 4.6881458e-001
 4.7118253e-001
 4.7342178e-001
 4.7554389e-001
 4.7756606e-001
 4.7949627e-001
 4.8136050e-001
 4.8320860e-001
 4.8507404e-001
 4.8696664e-001
 4.8888087e-001
 4.9079835e-001
 4.9269393e-001
 4.9454397e-001
 4.9633393e-001
 4.9806315e-001
 4.9974513e-001
 5.0140500e-001
 5.0307143e-001
 5.0476813e-001
 5.0650585e-001
 5.0828075e-001
 5.1008046e-001
 5.1189345e-001
 5.1371843e-001
 5.1556510e-001
 5.1744741e-001
 5.1937276e-001
 5.2133495e-001
 5.2331555e-001
 5.2528948e-001
 5.2723092e-001
 5.2911353e-001
 5.3090888e-001
 5.3258836e-001
 5.3413093e-001
 5.3553361e-001
 5.3681803e-001
 5.3802854e-001
 5.3922009e-001
 5.4044032e-001
 5.4171515e-001
 5.4304421e-001
 5.4440564e-001
 5.4576892e-001
 5.4710847e-001
 5.4841352e-001
 5.4968977e-001
 5.5095017e-001
 5.5220509e-001
 5.5346006e-001
 5.5472028e-001
 5.5599320e-001
 5.5728573e-001
 5.5860049e-001
 5.5993319e-001
 5.6127226e-001
 5.6259793e-001
 5.6388527e-001
 5.6511486e-001
 5.6628442e-001
 5.6740969e-001
 5.6851143e-001
 5.6960166e-001
 5.7068366e-001
 5.7176441e-001
 5.7286263e-001
 5.7399994e-001
 5.7518286e-001
 5.7639408e-001
 5.7760048e-001
 5.7877195e-001
 5.7989639e-001
 5.8098346e-001
 5.8205730e-001
 5.8314407e-001
 5.8426094e-001
 5.8541095e-001
 5.8658516e-001
 5.8777100e-001
 5.8895940e-001
 5.9014863e-001
 5.9134239e-001
 5.9254408e-001
 5.9374994e-001
 5.9494454e-001
 5.9610403e-001
 5.9720838e-001
 5.9825784e-001
 5.9927815e-001
 6.0030580e-001
 6.0135967e-001
 6.0242420e-001
 6.0346293e-001
 6.0445541e-001
 6.0542345e-001
 6.0641766e-001
 6.0747385e-001
 6.0858101e-001
 6.0969502e-001
 6.1078370e-001
 6.1185795e-001
 6.1295652e-001
 6.1410284e-001
 6.1528128e-001
 6.1645240e-001
 6.1758584e-001
 6.1867547e-001
 6.1973000e-001
 6.2075871e-001
 6.2176782e-001
 6.2276238e-001
 6.2373841e-001
 6.2467241e-001
 6.2552804e-001
 6.2628829e-001
 6.2698537e-001
 6.2769663e-001
 6.2850004e-001
 6.2942517e-001
 6.3044149e-001
 6.3148707e-001
 6.3250679e-001
 6.3347042e-001
 6.3437116e-001
 6.3522047e-001
 6.3604456e-001
 6.3687319e-001
 6.3771808e-001
 6.3856471e-001
 6.3939214e-001
 6.4019680e-001
 6.4098585e-001
 6.4175177e-001
 6.4247519e-001
 6.4316159e-001
 6.4386415e-001
 6.4465070e-001
 6.4553517e-001
 6.4644480e-001
 6.4726722e-001
 6.4793742e-001
 6.4848131e-001
 6.4898354e-001
 6.4952058e-001
 6.5011686e-001
 6.5074843e-001
 6.5138328e-001
 6.5202236e-001
 6.5270185e-001
 6.5344501e-001
 6.5421134e-001
 6.5490621e-001
 6.5545952e-001
 6.5589893e-001
 6.5632874e-001
 6.5681708e-001
 6.5732294e-001
 6.5776610e-001
 6.5815079e-001
 6.5857369e-001
 6.5911371e-001
 6.5976006e-001
 6.6044664e-001
 6.6112256e-001
 6.6178209e-001
 6.6245103e-001
 6.6315371e-001
 6.6387874e-001
 6.6456628e-001
 6.6513425e-001
 6.6552836e-001
 6.6575664e-001
 6.6588980e-001
 6.6603321e-001
 6.6628712e-001
 6.6670829e-001
 6.6728264e-001
 6.6792673e-001
 6.6853243e-001
 6.6904092e-001
 6.6948187e-001
 6.6993082e-001
 6.7043144e-001
 6.7096853e-001
 6.7149609e-001
 6.7196280e-001
 6.7232925e-001
 6.7260748e-001
 6.7289269e-001
 6.7331576e-001
 6.7391866e-001
 6.7457914e-001
 6.7510790e-001
 6.7543870e-001
 6.7568505e-001
 6.7599666e-001
 6.7640394e-001
 6.7682803e-001
 6.7718029e-001
 6.7744857e-001
 6.7772377e-001
 6.7811102e-001
 6.7861253e-001
 6.7913538e-001
 6.7958164e-001
 6.7991430e-001
 6.8018228e-001
 6.8047035e-001
 6.8080395e-001
 6.8116593e-001
 6.8157822e-001
 6.8206888e-001
 6.8259847e-001
 6.8309164e-001
 6.8350720e-001
 6.8386841e-001
 6.8425232e-001
 6.8470705e-001
 6.8516022e-001
 6.8546849e-001
 6.8558711e-001
 6.8563747e-001
 6.8579638e-001
 6.8613857e-001
 6.8660694e-001
 6.8709874e-001
 6.8753695e-001
 6.8789572e-001
 6.8820155e-001
 6.8849272e-001
 6.8876904e-001
 6.8901771e-001
 6.8929398e-001
 6.8970245e-001
 6.9025517e-001
 6.9079900e-001
 6.9114012e-001
 6.9125783e-001
 6.9137555e-001
 6.9173568e-001
 6.9228309e-001
 6.9272375e-001
 6.9293869e-001
 6.9311857e-001
 6.9343007e-001
 6.9381189e-001
 6.9418675e-001
 6.9462037e-001
 6.9516647e-001
 6.9575208e-001
 6.9629985e-001
 6.9679332e-001
 6.9717163e-001
 6.9736129e-001
 6.9749200e-001
 6.9788569e-001
 6.9870412e-001
 6.9975108e-001
 7.0069039e-001
 7.0130342e-001
 7.0156962e-001
 7.0160639e-001
 7.0157075e-001
 7.0159733e-001
 7.0177472e-001
 7.0213890e-001
 7.0267278e-001
 7.0331454e-001
 7.0397449e-001
 7.0455241e-001
 7.0496589e-001
 7.0519352e-001
 7.0530134e-001
 7.0541161e-001
 7.0562887e-001
 7.0598549e-001
 7.0644581e-001
 7.0694542e-001
 7.0742416e-001
 7.0784611e-001
 7.0821708e-001
 7.0858979e-001
 7.0902747e-001
 7.0953226e-001
 7.1000171e-001
 7.1027637e-001
 7.1026015e-001
 7.1000731e-001
 7.0969737e-001
 7.0954132e-001
 7.0969874e-001
 7.1020871e-001
 7.1092141e-001
 7.1151775e-001
 7.1179283e-001
 7.1199036e-001
 7.1239573e-001
 7.1293819e-001
 7.1338773e-001
 7.1370107e-001
 7.1403730e-001
 7.1454495e-001
 7.1518934e-001
 7.1576244e-001
 7.1611220e-001
 7.1633184e-001
 7.1666509e-001
 7.1723109e-001
 7.1779722e-001
 7.1791470e-001
 7.1750581e-001
 7.1713609e-001
 7.1738690e-001
 7.1820527e-001
 7.1911019e-001
 7.1974033e-001
 7.2005689e-001
 7.2023404e-001
 7.2045487e-001
 7.2076499e-001
 7.2106910e-001
 7.2123337e-001
 7.2122443e-001
 7.2117621e-001
 7.2130293e-001
 7.2171205e-001
 7.2224337e-001
 7.2254139e-001
 7.2242880e-001
 7.2213423e-001
 7.2202259e-001
 7.2224671e-001
 7.2274655e-001
 7.2338533e-001
 7.2396016e-001
 7.2423941e-001
 7.2419626e-001
 7.2410458e-001
 7.2422606e-001
 7.2462374e-001
 7.2512800e-001
 7.2551441e-001
 7.2570246e-001
 7.2572428e-001
 7.2567499e-001
 7.2564876e-001
 7.2570294e-001
 7.2586536e-001
 7.2614914e-001
 7.2654909e-001
 7.2704077e-001
 7.2757530e-001
 7.2805089e-001
 7.2832054e-001
 7.2827125e-001
 7.2793204e-001
 7.2747093e-001
 7.2707981e-001
 7.2688270e-001
 7.2692788e-001
 7.2721654e-001
 7.2769445e-001
 7.2825581e-001
 7.2878474e-001
 7.2919649e-001
 7.2944576e-001
 7.2952163e-001
 7.2945726e-001
 7.2933412e-001
 7.2926158e-001
 7.2930062e-001
 7.2944772e-001
 7.2966278e-001
 7.2991216e-001
 7.3017210e-001
 7.3042184e-001
 7.3064107e-001
 7.3081094e-001
 7.3092419e-001
 7.3097807e-001
 7.3096967e-001
 7.3089796e-001
 7.3077291e-001
 7.3060882e-001
 7.3042041e-001
 7.3022497e-001
 7.3006046e-001
 7.2997284e-001
 7.3000813e-001
 7.3020279e-001
 7.3052859e-001
 7.3100197e-001
 7.3142546e-001
 7.3180842e-001
 7.3211861e-001
 7.3234481e-001
 7.3247695e-001
 7.3250484e-001
 7.3242003e-001
 7.3225027e-001
 7.3205984e-001
 7.3191434e-001
 7.3187929e-001
 7.3201758e-001
 7.3233002e-001
 7.3275560e-001
 7.3323095e-001
 7.3369282e-001
 7.3407954e-001
 7.3437279e-001
 7.3459637e-001
 7.3477584e-001
 7.3493683e-001
 7.3510492e-001
 7.3529887e-001
 7.3551077e-001
 7.3572671e-001
 7.3593241e-001
 7.3611367e-001
 7.3625642e-001
 7.3635119e-001
 7.3640674e-001
 7.3643613e-001
 7.3645258e-001
 7.3646891e-001
 7.3649865e-001
 7.3655456e-001
 7.3664492e-001
 7.3675907e-001
 7.3688167e-001
 7.3699754e-001
 7.3709172e-001
 7.3714858e-001
 7.3715323e-001
 7.3709041e-001
 7.3695064e-001
 7.3674721e-001
 7.3649806e-001
 7.3622161e-001
 7.3593599e-001
 7.3565960e-001
 7.3541051e-001
 7.3520690e-001
 7.3506302e-001
 7.3497736e-001
 7.3494470e-001
 7.3496020e-001
 7.3501849e-001
 7.3511457e-001
 7.3524332e-001
 7.3539978e-001
 7.3557830e-001
 7.3577142e-001
 7.3597133e-001
 7.3617023e-001
 7.3636055e-001
 7.3653412e-001
 7.3668355e-001
 7.3680073e-001
 7.3687804e-001
 7.3690748e-001
 7.3688149e-001
 7.3679215e-001
 7.3663545e-001
 7.3642159e-001
 7.3616350e-001
 7.3587453e-001
 7.3556763e-001
 7.3525620e-001
 7.3495317e-001
 7.3467189e-001
 7.3442543e-001
 7.3422682e-001
 7.3408943e-001
 7.3402637e-001
 7.3404568e-001
 7.3413724e-001
 7.3428684e-001
 7.3448044e-001
 7.3470384e-001
 7.3494285e-001
 7.3518330e-001
 7.3541117e-001
 7.3561215e-001
 7.3577213e-001
 7.3587704e-001
 7.3591733e-001
 7.3590070e-001
 7.3583823e-001
 7.3574102e-001
 7.3562032e-001
 7.3548746e-001
 7.3535335e-001
 7.3522937e-001
 7.3512667e-001
 7.3505634e-001
 7.3502702e-001
 7.3503864e-001
 7.3508871e-001
 7.3517531e-001
 7.3529613e-001
 7.3544914e-001
 7.3563194e-001
 7.3584253e-001
 7.3607874e-001
 7.3633820e-001
 7.3661727e-001
 7.3690629e-001
 7.3719460e-001
 7.3747134e-001
 7.3772568e-001
 7.3794711e-001
 7.3812449e-001
 7.3824733e-001
 7.3830473e-001
 7.3828608e-001
 7.3818618e-001
 7.3801935e-001
 7.3780406e-001
 7.3755866e-001
 7.3730159e-001
 7.3705113e-001
 7.3682570e-001
 7.3664379e-001
 7.3652369e-001
 7.3647392e-001
 7.3647022e-001
 7.3648149e-001
 7.3647672e-001
 7.3642451e-001
 7.3629403e-001
 7.3605406e-001
 7.3567337e-001
 7.3513746e-001
 7.3448479e-001
 7.3376548e-001
 7.3302925e-001
 7.3232603e-001
 7.3170555e-001
 7.3121798e-001
 7.3091280e-001
 7.3081720e-001
 7.3088318e-001
 7.3104793e-001
 7.3124844e-001
 7.3142153e-001
 7.3150438e-001
 7.3143393e-001
 7.3114711e-001
 7.3061317e-001
 7.2990519e-001
 7.2911680e-001
 7.2840786e-001
 7.2778279e-001
 7.2737026e-001
 7.2723550e-001
 7.2739530e-001
 7.2782570e-001
 7.2847551e-001
 7.2928023e-001
 7.3017257e-001
 7.3109162e-001
 7.3199600e-001
 7.3287272e-001
 7.3372942e-001
 7.3458207e-001
 7.3544693e-001
 7.3633337e-001
 7.3723841e-001
 7.3814404e-001
 7.3902106e-001
 7.3983544e-001
 7.4055344e-001
 7.4114758e-001
 7.4160182e-001
 7.4191362e-001
 7.4209094e-001
 7.4214798e-001
 7.4210304e-001
 7.4197912e-001
 7.4180621e-001
 7.4162185e-001
 7.4146897e-001
 7.4139106e-001
 7.4142408e-001
 7.4158531e-001
 7.4186325e-001
 7.4221432e-001
 7.4257004e-001
 7.4285084e-001
 7.4298376e-001
 7.4292171e-001
 7.4201351e-001
 7.4186248e-001
 7.4169075e-001
 7.4151868e-001
 7.4136698e-001
 7.4125338e-001
 7.4119025e-001
 7.4118286e-001
 7.4122906e-001
 7.4131984e-001
 7.4144119e-001
 7.4157709e-001
 7.4171209e-001
 7.4183410e-001
 7.4193537e-001
 7.4201244e-001
 7.4206543e-001
 7.4209678e-001
 7.4211037e-001
 7.4211073e-001
 7.4210250e-001
 7.4209017e-001
 7.4207807e-001
 7.4207020e-001
 7.4207020e-001
 7.4208146e-001
 7.4210644e-001
 7.4214667e-001
 7.4220246e-001
 7.4227238e-001
 7.4235368e-001
 7.4244243e-001
 7.4253392e-001
 7.4262321e-001
 7.4270505e-001
 7.4277461e-001
 7.4282730e-001
 7.4285918e-001
 7.4286717e-001
 7.4284989e-001
 7.4280769e-001
 7.4274349e-001
 7.4266261e-001
 7.4257261e-001
 7.4248195e-001
 7.4239892e-001
 7.4232954e-001
 7.4227649e-001
 7.4223799e-001
 7.4220824e-001
 7.4217874e-001
 7.4214029e-001
 7.4208546e-001
 7.4201077e-001
 7.4191803e-001
 7.4181390e-001
 7.4170899e-001
 7.4161541e-001
 7.4154419e-001
 7.4150318e-001
 7.4149537e-001
 7.4151897e-001
 7.4156791e-001
 7.4163365e-001
 7.4170709e-001
 7.4177998e-001
 7.4184650e-001
 7.4190360e-001
 7.4195087e-001
 7.4198997e-001
 7.4202347e-001
 7.4205434e-001
 7.4208462e-001
 7.4211520e-001
 7.4214560e-001
 7.4217397e-001
 7.4219745e-001
 7.4221301e-001
 7.4221772e-001
 7.4220997e-001
 7.4218947e-001
 7.4215811e-001
 7.4211979e-001
 7.4208003e-001
 7.4204534e-001
 7.4202216e-001
 7.4201560e-001
 7.4202859e-001
 7.4206114e-001
 7.4210984e-001
 7.4216866e-001
 7.4222958e-001
 7.4228412e-001
 7.4232477e-001
 7.4234635e-001
 7.4234676e-001
 7.4232757e-001
 7.4229360e-001
 7.4225193e-001
 7.4221045e-001
 7.4217659e-001
 7.4215591e-001
 7.4215102e-001
 7.4216127e-001
 7.4218321e-001
 7.4221164e-001
 7.4224055e-001
 7.4226516e-001
 7.4228269e-001
 7.4229318e-001
 7.4229944e-001
 7.4230641e-001
 7.4232000e-001
 7.4234587e-001
 7.4238831e-001
 7.4244964e-001
 7.4252999e-001
 7.4262750e-001
 7.4273920e-001
 7.4286121e-001
 7.4298972e-001
 7.4312085e-001
 7.4325097e-001
 7.4337655e-001
 7.4349380e-001
 7.4359888e-001
 7.4368799e-001
 7.4375790e-001
 7.4380642e-001
 7.4383301e-001
 7.4383920e-001
 7.4382871e-001
 7.4380749e-001
 7.4378288e-001
 7.4376267e-001
 7.4375415e-001
 7.4376279e-001
 7.4379158e-001
 7.4384040e-001
 7.4390602e-001
 7.4398303e-001
 7.4406439e-001
 7.4414325e-001
 7.4421364e-001
 7.4427152e-001
 7.4431509e-001
 7.4434489e-001
 7.4436313e-001
 7.4437290e-001
 7.4437785e-001
 7.4438143e-001
 7.4438667e-001
 7.4439651e-001
 7.4441350e-001
 7.4444020e-001
 7.4447900e-001
 7.4453235e-001
 7.4460185e-001
 7.4468839e-001
 7.4479145e-001
 7.4490917e-001
 7.4503845e-001
 7.4517542e-001
 7.4531591e-001
 7.4545628e-001
 7.4559432e-001
 7.4572986e-001
 7.4586499e-001
 7.4600410e-001
 7.4615383e-001
 7.4632180e-001
 7.4651569e-001
 7.4674189e-001
 7.4700391e-001
 7.4730104e-001
 7.4762750e-001
 7.4797207e-001
 7.4831897e-001
 7.4864936e-001
 7.4894339e-001
 7.4918389e-001
 7.4935848e-001
 7.4946249e-001
 7.4949974e-001
 7.4948233e-001
 7.4942851e-001
 7.4935937e-001
 7.4929512e-001
 7.4925119e-001
 7.4923605e-001
 7.4924970e-001
 7.4928474e-001
 7.4932855e-001
 7.4936628e-001
 7.4938470e-001
 7.4937445e-001
 7.4933267e-001
 7.4926263e-001
 7.4917376e-001
 7.4907911e-001
 7.4899328e-001
 7.4892956e-001
 7.4889755e-001
 7.4890167e-001
 7.4894011e-001
 7.4900520e-001
 7.4908459e-001
 7.4916309e-001
 7.4922496e-001
 7.4925637e-001
 7.4924767e-001
 7.4919456e-001
 7.4909884e-001
 7.4896753e-001
 7.4881166e-001
 7.4864382e-001
 7.4847537e-001
 7.4831426e-001
 7.4816304e-001
 7.4801844e-001
 7.4787170e-001
 7.4771065e-001
 7.4752218e-001
 7.4729496e-001
 7.4702209e-001
 7.4670285e-001
 7.4634308e-001
 7.4595475e-001
 7.4555457e-001
 7.4516124e-001
 7.4479347e-001
 7.4446738e-001
 7.4419504e-001
 7.4398339e-001
 7.4383420e-001
 7.4374467e-001
 7.4370891e-001
 7.4371934e-001
 7.4376816e-001
 7.4384862e-001
 7.4395579e-001
 7.4408656e-001
 7.4423993e-001
 7.4441582e-001
 7.4461526e-001
 7.4483919e-001
 7.4508840e-001
 7.4536330e-001
 7.4566334e-001
 7.4598736e-001
 7.4633276e-001
 7.4669588e-001
 7.4707156e-001
 7.4745339e-001
 7.4783409e-001
 7.4820608e-001
 7.4856216e-001
 7.4889660e-001
 7.4920541e-001
 7.4948698e-001
 7.4974167e-001
 7.4997121e-001
 7.5017822e-001
 7.5036496e-001
 7.5053293e-001
 7.5068229e-001
 7.5081211e-001
 7.5092018e-001
 7.5100350e-001
 7.5105840e-001
 7.5108051e-001
 7.5106490e-001
 7.5100577e-001
 7.5089657e-001
 7.5073057e-001
 7.5050116e-001
 7.5020337e-001
 7.4983460e-001
 7.4939573e-001
 7.4889141e-001
 7.4832970e-001
 7.4772143e-001
 7.4707818e-001
 7.4641138e-001
 7.4573028e-001
 7.4504077e-001
 7.4434566e-001
 7.4364448e-001
 7.4293500e-001
 7.4221510e-001
 7.4148369e-001
 7.4074292e-001
 7.3999852e-001
 7.3925906e-001
 7.3853564e-001
 7.3783880e-001
 7.3717725e-001
 7.3655564e-001
 7.3597306e-001
 7.3542410e-001
 7.3489964e-001
 7.3438984e-001
 7.3388660e-001
 7.3338556e-001
 7.3288780e-001
 7.3239875e-001
 7.3192692e-001
 7.3148131e-001
 7.3106825e-001
 7.3069042e-001
 7.3034525e-001
 7.3002648e-001
 7.2972548e-001
 7.2943360e-001
 7.2914398e-001
 7.2885281e-001
 7.2855908e-001
 7.2826397e-001
 7.2796905e-001
 7.2767556e-001
 7.2738320e-001
 7.2709054e-001
 7.2679597e-001
 7.2649884e-001
 7.2620070e-001
 7.2590649e-001
 7.2562408e-001
 7.2536391e-001
 7.2513688e-001
 7.2495300e-001
 7.2481865e-001
 7.2473532e-001
 7.2469854e-001
 7.2469795e-001
 7.2471797e-001
 7.2473961e-001
 7.2474170e-001
 7.2470313e-001
 7.2460347e-001
 7.2442371e-001
 7.2414595e-001
 7.2375268e-001
 7.2322696e-001
 7.2255301e-001
 7.2171718e-001
 7.2071147e-001
 7.1953589e-001
 7.1820217e-001
 7.1673518e-001
 7.1517205e-001
 7.1356100e-001
 7.1195525e-001
 7.1040863e-001
 7.0896935e-001
 7.0767432e-001
 7.0654798e-001
 7.0559996e-001
 7.0482731e-001
 7.0421672e-001
 7.0374656e-001
 7.0339006e-001
 7.0311636e-001
 7.0289111e-001
 7.0267707e-001
 7.0243406e-001
 7.0211995e-001
 7.0169204e-001
 7.0110923e-001
 7.0033485e-001
 6.9933826e-001
 6.9809729e-001
 6.9659871e-001
 6.9483656e-001
 6.9281220e-001
 6.9052953e-001
 6.8799382e-001
 6.8520790e-001
 6.8216842e-001
 6.7886722e-001
 6.7528772e-001
 6.7140913e-001
 6.6720843e-001
 6.6266215e-001
 6.5775555e-001
 6.5248269e-001
 6.4685559e-001
 6.4090556e-001
 6.3468254e-001
 6.2825847e-001
 6.2172163e-001
 6.1516887e-001
 6.0870439e-001
 6.0242629e-001
 5.9642559e-001
 5.9077871e-001
 5.8554196e-001
 5.8075368e-001
 5.7642752e-001
 5.7255459e-001
 5.6909996e-001
 5.6600130e-001
 5.6317347e-001
 5.6051272e-001
 5.5791199e-001
 5.5527937e-001
 5.5256093e-001
 5.4976708e-001
 5.4698843e-001
 5.4440600e-001
 5.4228246e-001
 5.4093724e-001
 5.4071009e-001
 5.4191417e-001
 5.4479098e-001
 5.4947275e-001
 5.5596328e-001
 5.6413227e-001
 5.7373160e-001
 5.8443010e-001
 5.9584355e-001
 6.0758531e-001
 6.1929309e-001
 6.3066030e-001
 6.4145666e-001
 6.5152425e-001
 6.6078347e-001
 6.6921270e-001
 6.7683697e-001
 6.8371373e-001
 6.8991119e-001
 6.9550323e-001
 7.0055586e-001
 7.0512569e-001
 7.0926064e-001
 7.1299756e-001
 7.1636879e-001
 7.1940184e-001
 7.2212261e-001
 7.2455817e-001
 7.2673494e-001
 7.2867984e-001
 7.3042047e-001
 7.3198277e-001
 7.3339212e-001
 7.3467118e-001
 7.3584038e-001
 7.3691809e-001
 7.3791921e-001
 7.3885685e-001
 7.3974133e-001
 7.4058098e-001
 7.4138278e-001
 7.4215198e-001
 7.4289256e-001
 7.4360693e-001
 7.4429595e-001
 7.4495900e-001
 7.4559361e-001
 7.4619639e-001
 7.4676347e-001
 7.4729162e-001
 7.4777997e-001
 7.4823046e-001
 7.4864888e-001
 7.4904484e-001
 7.4943054e-001
 7.4981970e-001
 7.5022519e-001
 7.5065702e-001
 7.5112092e-001
 7.5161719e-001
 7.5214088e-001
 7.5268263e-001
 7.5322998e-001
 7.5377017e-001
 7.5429106e-001
 7.5478369e-001
 7.5524259e-001
 7.5566638e-001
 7.5605702e-001
 7.5641847e-001
 7.5675535e-001
 7.5707114e-001
 7.5736696e-001
 7.5764102e-001
 7.5788867e-001
 7.5810349e-001
 7.5827909e-001
 7.5841075e-001
 7.5849783e-001
 7.5854516e-001
 7.5856358e-001
 7.5856960e-001
 7.5858390e-001
 7.5862879e-001
 7.5872493e-001
 7.5888836e-001
 7.5912791e-001
 7.5944346e-001
 7.5982684e-001
 7.6026279e-001
 7.6073223e-001
 7.6121616e-001
 7.6169825e-001
 7.6216775e-001
 7.6262033e-001
 7.6305747e-001
 7.6348490e-001
 7.6390982e-001
 7.6433909e-001
 7.6477653e-001
 7.6522261e-001
 7.6567459e-001
 7.6612693e-001
 7.6657283e-001
 7.6700568e-001
 7.6741964e-001
 7.6781070e-001
 7.6817644e-001
 7.6851612e-001
 7.6882982e-001
 7.6911813e-001
 7.6938158e-001
 7.6962048e-001
 7.6983500e-001
 7.7002543e-001
 7.7019262e-001
 7.7033836e-001
 7.7046579e-001
 7.7057958e-001
 7.7068597e-001
 7.7079189e-001
 7.7090430e-001
 7.7102894e-001
 7.7116895e-001
 7.7132422e-001
 7.7149075e-001
 7.7166152e-001
 7.7182710e-001
 7.7197683e-001
 7.7210033e-001
 7.7218843e-001
 7.7223498e-001
 7.7223790e-001
 7.7220029e-001
 7.7213085e-001
 7.7204335e-001
 7.7195591e-001
 7.7188855e-001
 7.7186126e-001
 7.7189070e-001
 7.7198827e-001
 7.7215773e-001
 7.7239496e-001
 7.7268881e-001
 7.7302313e-001
 7.7337879e-001
 7.7373606e-001
 7.7407646e-001
 7.7438390e-001
 7.7464616e-001
 7.7485526e-001
 7.7500808e-001
 7.7510613e-001
 7.7515477e-001
 7.7516222e-001
 7.7513826e-001
 7.7509314e-001
 7.7503663e-001
 7.7497709e-001
 7.7492130e-001
 7.7487373e-001
 7.7483708e-001
 7.7481258e-001
 7.7480078e-001
 7.7480179e-001
 7.7481633e-001
 7.7484596e-001
 7.7489281e-001
 7.7496016e-001
 7.7505141e-001
 7.7516979e-001
 7.7531767e-001
 7.7549571e-001
 7.7570236e-001
 7.7593368e-001
 7.7618349e-001
 7.7644360e-001
 7.7670479e-001
 7.7695775e-001
 7.7719390e-001
 7.7740645e-001
 7.7759081e-001
 7.7774489e-001
 7.7786934e-001
 7.7796733e-001
 7.7804387e-001
 7.7810556e-001
 7.7815974e-001
 7.7821404e-001
 7.7827543e-001
 7.7834988e-001
 7.7844119e-001
 7.7855092e-001
 7.7867770e-001
 7.7881700e-001
 7.7896166e-001
 7.7910215e-001
 7.7922785e-001
 7.7932835e-001
 7.7939463e-001
 7.7942079e-001
 7.7940458e-001
 7.7934825e-001
 7.7925795e-001
 7.7914292e-001
 7.7901429e-001
 7.7888304e-001
 7.7875859e-001
 7.7864724e-001
 7.7855158e-001
 7.7847034e-001
 7.7839899e-001
 7.7833092e-001
 7.7825928e-001
 7.7817810e-001
 7.7808392e-001
 7.7797663e-001
 7.7785957e-001
 7.7773905e-001
 7.7762365e-001
 7.7752274e-001
 7.7744520e-001
 7.7739829e-001
 7.7738661e-001
 7.7741176e-001
 7.7747226e-001
 7.7756375e-001
 7.7767998e-001
 7.7781308e-001
 7.7795470e-001
 7.7809650e-001
 7.7823079e-001
 7.7835119e-001
 7.7845263e-001
 7.7853209e-001
 7.7858806e-001
 7.7862108e-001
 7.7863318e-001
 7.7862757e-001
 7.7860808e-001
 7.7857864e-001
 7.7854216e-001
 7.7850014e-001
 7.7845222e-001
 7.7839583e-001
 7.7832699e-001
 7.7824044e-001
 7.7813113e-001
 7.7799463e-001
 7.7782857e-001
 7.7763265e-001
 7.7740932e-001
 7.7716357e-001
 7.7690309e-001
 7.7663738e-001
 7.7637690e-001
 7.7613187e-001
 7.7591085e-001
 7.7572018e-001
 7.7556276e-001
 7.7543867e-001
 7.7534515e-001
 7.7527785e-001
 7.7523226e-001
 7.7520460e-001
 7.7519310e-001
 7.7519852e-001
 7.7522367e-001
 7.7527297e-001
 7.7535117e-001
 7.7546191e-001
 7.7560645e-001
 7.7578294e-001
 7.7598572e-001
 7.7620554e-001
 7.7642977e-001
 7.7664387e-001
 7.7683282e-001
 7.7698314e-001
 7.7708483e-001
 7.7713323e-001
 7.7712977e-001
 7.7708250e-001
 7.7700514e-001
 7.7691543e-001
 7.7683258e-001
 7.7677459e-001
 7.7675527e-001
 7.7678227e-001
 7.7685511e-001
 7.7696520e-001
 7.7709621e-001
 7.7722639e-001
 7.7733105e-001
 7.7738607e-001
 7.7737087e-001
 7.7727151e-001
 7.7708250e-001
 7.7680743e-001
 7.7645826e-001
 7.7605385e-001
 7.7561712e-001
 7.7517194e-001
 7.7473998e-001
 7.7433807e-001
 7.7397621e-001
 7.7365708e-001
 7.7337623e-001
 7.7312315e-001
 7.7288395e-001
 7.7264345e-001
 7.7238798e-001
 7.7210748e-001
 7.7179688e-001
 7.7145696e-001
 7.7109385e-001
 7.7071822e-001
 7.7034342e-001
 7.6998335e-001
 7.6965070e-001
 7.6935500e-001
 7.6910138e-001
 7.6889050e-001
 7.6871812e-001
 7.6857674e-001
 7.6845670e-001
 7.6834798e-001
 7.6824200e-001
 7.6813304e-001
 7.6801920e-001
 7.6790279e-001
 7.6778960e-001
 7.6768810e-001
 7.6760763e-001
 7.6755643e-001
 7.6753974e-001
 7.6755804e-001
 7.6760632e-001
 7.6767343e-001
 7.6774329e-001
 7.6779598e-001
 7.6781029e-001
 7.6776636e-001
 7.6764804e-001
 7.6744533e-001
 7.6715583e-001
 7.6678509e-001
 7.6634628e-001
 7.6585799e-001
 7.6534247e-001
 7.6482248e-001
 7.6431829e-001
 7.6384556e-001
 7.6341349e-001
 7.6302391e-001
 7.6267225e-001
 7.6234818e-001
 7.6203811e-001
 7.6172739e-001
 7.6140243e-001
 7.6105309e-001
 7.6067358e-001
 7.6026350e-001
 7.5982761e-001
 7.5937474e-001
 7.5891680e-001
 7.5846642e-001
 7.5803548e-001
 7.5763321e-001
 7.5726479e-001
 7.5693107e-001
 7.5662857e-001
 7.5635087e-001
 7.5608945e-001
 7.5583464e-001
 7.5557691e-001
 7.5530761e-001
 7.5501931e-001
 7.5470608e-001
 7.5436366e-001
 7.5398976e-001
 7.5358427e-001
 7.5314850e-001
 7.5268561e-001
 7.5219947e-001
 7.5169545e-001
 7.5117928e-001
 7.5065714e-001
 7.5013584e-001
 7.4960124e-001
 7.4909467e-001
 7.4861032e-001
 7.4815416e-001
 7.4773067e-001
 7.4734086e-001
 7.4698234e-001
 7.4664938e-001
 7.4633390e-001
 7.4602664e-001
 7.4571794e-001
 7.4539864e-001
 7.4506074e-001
 7.4469852e-001
 7.4431008e-001
 7.4389815e-001
 7.4347025e-001
 7.4303865e-001
 7.4261880e-001
 7.4222845e-001
 7.4188602e-001
 7.4160969e-001
 7.4141616e-001
 7.4131811e-001
 7.4132216e-001
 7.4142593e-001
 7.4161714e-001
 7.4187475e-001
 7.4217105e-001
 7.4247468e-001
 7.4275261e-001
 7.4297237e-001
 7.4310398e-001
 7.4312311e-001
 7.4301481e-001
 7.4277693e-001
 7.4242109e-001
 7.4197185e-001
 7.4146289e-001
 7.4093342e-001
 7.4042523e-001
 7.3997986e-001
 7.3963636e-001
 7.3942798e-001
 7.3937786e-001
 7.3949569e-001
 7.3977619e-001
 7.4020046e-001
 7.4073958e-001
 7.4135888e-001
 7.4202067e-001
 7.4268705e-001
 7.4332112e-001
 7.4388927e-001
 7.4436343e-001
 7.4472284e-001
 7.4495518e-001
 7.4505544e-001
 7.4502414e-001
 7.4486512e-001
 7.4458385e-001
 7.4418628e-001
 7.4367839e-001
 7.4306589e-001
 7.4235362e-001
 7.4154550e-001
 7.4064463e-001
 7.3965257e-001
 7.3857081e-001
 7.3739988e-001
 7.3614037e-001
 7.3479289e-001
 7.3335761e-001
 7.3183519e-001
 7.3022562e-001
 7.2852939e-001
 7.2674704e-001
 7.2487831e-001
 7.2292382e-001
 7.2088337e-001
 7.1875733e-001
 7.1654636e-001
 7.1425050e-001
 7.1187168e-001
 7.0941156e-001
 7.0687425e-001
 7.0426536e-001
 7.0159101e-001
 6.9885939e-001
 6.9607919e-001
 6.9325858e-001
 6.9040740e-001
 6.8753445e-001
 6.8465054e-001
 6.8176776e-001
 6.7889923e-001
 6.7606127e-001
 6.7327100e-001
 6.7054772e-001
 6.6791165e-001
 6.6538239e-001
 6.6298038e-001
 6.6072440e-001
 6.5863198e-001
 6.5671796e-001
 6.5499240e-001
 6.5346181e-001
 6.5212798e-001
 6.5099037e-001
 6.5004647e-001
 6.4929265e-001
 6.4872485e-001
 6.4833826e-001
 6.4812678e-001
 6.4808238e-001
 6.4819402e-001
 6.4844781e-001
 6.4882684e-001
 6.4931250e-001
 6.4988452e-001
 6.5052253e-001
 6.5120602e-001
 6.5191483e-001
 6.5263063e-001
 6.5333688e-001
 6.5402043e-001
 6.5467125e-001
 6.5528238e-001
 6.5584946e-001
 6.5636903e-001
 6.5683872e-001
 6.5725642e-001
 6.5762073e-001
 6.5793151e-001
 6.5819031e-001
 6.5840113e-001
 6.5857100e-001
 6.5870911e-001
 6.5882671e-001
 6.5893614e-001
 6.5904999e-001
 6.5918088e-001
 6.5934056e-001
 6.5953904e-001
 6.5978336e-001
 6.6007644e-001
 6.6041690e-001
 6.6079915e-001
 6.6121483e-001
 6.6165370e-001
 6.6210467e-001
 6.6255677e-001
 6.6299957e-001
 6.6342419e-001
 6.6382432e-001
 6.6419691e-001
 6.6454315e-001
 6.6486728e-001
 6.6517639e-001
 6.6547889e-001
 6.6578388e-001
 6.6610050e-001
 6.6643715e-001
 6.6680026e-001
 6.6719383e-001
 6.6761750e-001
 6.6806704e-001
 6.6853392e-001
 6.6900694e-001
 6.6947329e-001
 6.6991919e-001
 6.7033124e-001
 6.7069668e-001
 6.7100501e-001
 6.7124915e-001
 6.7142689e-001
 6.7154121e-001
 6.7159981e-001
 6.7161393e-001
 6.7159688e-001
 6.7156303e-001
 6.7152661e-001
 6.7150122e-001
 6.7149884e-001
 6.7152828e-001
 6.7159468e-001
 6.7169863e-001
 6.7183679e-001
 6.7200297e-001
 6.7218912e-001
 6.7238659e-001
 6.7258638e-001
 6.7278022e-001
 6.7296100e-001
 6.7312354e-001
 6.7326558e-001
 6.7338794e-001
 6.7349416e-001
 6.7358994e-001
 6.7368215e-001
 6.7377824e-001
 6.7388546e-001
 6.7401057e-001
 6.7415893e-001
 6.7433345e-001
 6.7453378e-001
 6.7475605e-001
 6.7499322e-001
 6.7523581e-001
 6.7547274e-001
 6.7569274e-001
 6.7588419e-001
 6.7603648e-001
 6.7614043e-001
 6.7618984e-001
 6.7618203e-001
 6.7611867e-001
 6.7600518e-001
 6.7584962e-001
 6.7566180e-001
 6.7545223e-001
 6.7523152e-001
 6.7500997e-001
 6.7479652e-001
 6.7459822e-001
 6.7441970e-001
 6.7426252e-001
 6.7412567e-001
 6.7400622e-001
 6.7390013e-001
 6.7380273e-001
 6.7370927e-001
 6.7361528e-001
 6.7351669e-001
 6.7341030e-001
 6.7329431e-001
 6.7316806e-001
 6.7303222e-001
 6.7288840e-001
 6.7273849e-001
 6.7258495e-001
 6.7242980e-001
 6.7227513e-001
 6.7212194e-001
 6.7197013e-001
 6.7181790e-001
 6.7166132e-001
 6.7149490e-001
 6.7131197e-001
 6.7110491e-001
 6.7086583e-001
 6.7058706e-001
 6.7026150e-001
 6.6988307e-001
 6.6944784e-001
 6.6895503e-001
 6.6840649e-001
 6.6780698e-001
 6.6716367e-001
 6.6648465e-001
 6.6577834e-001
 6.6505378e-001
 6.6431904e-001
 6.6358083e-001
 6.6284388e-001
 6.6211039e-001
 6.6137892e-001
 6.6064513e-001
 6.5990323e-001
 6.5914547e-001
 6.5836358e-001
 6.5754998e-001
 6.5669680e-001
 6.5579754e-001
 6.5484744e-001
 6.5384489e-001
 6.5279061e-001
 6.5168756e-001
 6.5054160e-001
 6.4935899e-001
 6.4814639e-001
 6.4691168e-001
 6.4566195e-001
 6.4440465e-001
 6.4314836e-001
 6.4190137e-001
 6.4067274e-001
 6.3947165e-001
 6.3830853e-001
 6.3719314e-001
 6.3613516e-001
 6.3514429e-001
 6.3422793e-001
 6.3339007e-001
 6.3262957e-001
 6.3193697e-001
 6.3129449e-001
 6.3067639e-001
 6.3005179e-001
 6.2938607e-001
 6.2864321e-001
 6.2778848e-001
 6.2678969e-001
 6.2562138e-001
 6.2426990e-001
 6.2273628e-001
 6.2103832e-001
 6.1921006e-001
 6.1729586e-001
 6.1534691e-001
 6.1341697e-001
 6.1156094e-001
 6.0982931e-001
 6.0826546e-001
 6.0690212e-001
 6.0575420e-001
 6.0481912e-001
 6.0407841e-001
 6.0350096e-001
 6.0304874e-001
 6.0268021e-001
 6.0235310e-001
 6.0202551e-001
 6.0165763e-001
 6.0121381e-001
 6.0066295e-001
 5.9997970e-001
 5.9914410e-001
 5.9813976e-001
 5.9695208e-001
 5.9556872e-001
 5.9397733e-001
 5.9216690e-001
 5.9012759e-001
 5.8785421e-001
 5.8534425e-001
 5.8259946e-001
 5.7962775e-001
 5.7643795e-001
 5.7304072e-001
 5.6945014e-001
 5.6567854e-001
 5.6174016e-001
 5.5764997e-001
 5.5342913e-001
 5.4909986e-001
 5.4468912e-001
 5.4023093e-001
 5.3575927e-001
 5.3131008e-001
 5.2692288e-001
 5.2263397e-001
 5.1847798e-001
 5.1448935e-001
 5.1069391e-001
 5.0711083e-001
 5.0375026e-001
 5.0061715e-001
 4.9770838e-001
 4.9501768e-001
 4.9253881e-001
 4.9026245e-001
 4.8817793e-001
 4.8627341e-001
 4.8453104e-001
 4.8292759e-001
 4.8143288e-001
 4.8001185e-001
 4.7862399e-001
 4.7722626e-001
 4.7577575e-001
 4.7422928e-001
 4.7254649e-001
 4.7069451e-001
 4.6864972e-001
 4.6640253e-001
 4.6396071e-001
 4.6134457e-001
 4.5858541e-001
 4.5572001e-001
 4.5278972e-001
 4.4983351e-001
 4.4688666e-001
 4.4397843e-001
 4.4112226e-001
 4.3831313e-001
 4.3552735e-001
 4.3272072e-001
 4.2983609e-001
 4.2680764e-001
 4.2356893e-001
 4.2005357e-001
 4.1620401e-001
 4.1198474e-001
 4.0738994e-001
 4.0245736e-001
 3.9727682e-001
 3.9197859e-001
 3.8672629e-001
 3.8170153e-001
 3.7709749e-001
 3.7310320e-001
 3.6989835e-001
 3.6764258e-001
 3.6645538e-001
 3.6640629e-001
 3.6750823e-001
 3.6972296e-001
 3.7297553e-001
 3.7716597e-001
 3.8218543e-001
 3.8792032e-001
 3.9425790e-001
 4.0108198e-001
 4.0828329e-001
 4.1575637e-001
 4.2339435e-001
 4.3109906e-001
 4.3877500e-001
 4.4632289e-001
 4.5365044e-001
 4.6066600e-001
 4.6728477e-001
 4.7342801e-001
 4.7903979e-001
 4.8408788e-001
 4.8856345e-001
 4.9248552e-001
 4.9589056e-001
 4.9882334e-001
 5.0133634e-001
 5.0348312e-001
 5.0531524e-001
 5.0688326e-001
 5.0823301e-001
 5.0940442e-001
 5.1043022e-001
 5.1133788e-001
 5.1215035e-001
 5.1288748e-001
 5.1356816e-001
 5.1421040e-001
 5.1483047e-001
 5.1544333e-001
 5.1606029e-001
 5.1668859e-001
 5.1732993e-001
 5.1798230e-001
 5.1864022e-001
 5.1929593e-001
 5.1994115e-001
 5.2056736e-001
 5.2116585e-001
 5.2172911e-001
 5.2225083e-001
 5.2272588e-001
 5.2315152e-001
 5.2352643e-001
 5.2385080e-001
 5.2412504e-001
 5.2435046e-001
 5.2452826e-001
 5.2465951e-001
 5.2474529e-001
 5.2478623e-001
 5.2478284e-001
 5.2473503e-001
 5.2464235e-001
 5.2450407e-001
 5.2431941e-001
 5.2408743e-001
 5.2380693e-001
 5.2347708e-001
 5.2309650e-001
 5.2266377e-001
 5.2217734e-001
 5.2163523e-001
 5.2103502e-001
 5.2037448e-001
 5.1965106e-001
 5.1886207e-001
 5.1800501e-001
 5.1707810e-001
 5.1607996e-001
 5.1501036e-001
 5.1387143e-001
 5.1266676e-001
 5.1140141e-001
 5.1008272e-001
 5.0871783e-001
 5.0731450e-001
 5.0588000e-001
 5.0442159e-001
 5.0294417e-001
 5.0144941e-001
 4.9993631e-001
 4.9839848e-001
 4.9682558e-001
 4.9520555e-001
 4.9352351e-001
 4.9176401e-001
 4.8991328e-001
 4.8795810e-001
 4.8588973e-001
 4.8370543e-001
 4.8141319e-001
 4.7902933e-001
 4.7657913e-001
 4.7409633e-001
 4.7161674e-001
 4.6917796e-001
 4.6681908e-001
 4.6457538e-001
 4.6247819e-001
 4.6055046e-001
 4.5880586e-001
 4.5724496e-001
 4.5585778e-001
 4.5462751e-001
 4.5353159e-001
 4.5254540e-001
 4.5164427e-001
 4.5080301e-001
 4.4999778e-001
 4.4920632e-001
 4.4840941e-001
 4.4759002e-001
 4.4673359e-001
 4.4582805e-001
 4.4486177e-001
 4.4382384e-001
 4.4270477e-001
 4.4149554e-001
 4.4018948e-001
 4.3878481e-001
 4.3728420e-001
 4.3569663e-001
 4.3403593e-001
 4.3232116e-001
 4.3057248e-001
 4.2881116e-001
 4.2706004e-001
 4.2534047e-001
 4.2367318e-001
 4.2207894e-001
 4.2057562e-001
 4.1917998e-001
 4.1790676e-001
 4.1677064e-001
 4.1578445e-001
 4.1496071e-001
 4.1431153e-001
 4.1384646e-001
 4.1357103e-001
 4.1348398e-001
 4.1357434e-001
 4.1382062e-001
 4.1419196e-001
 4.1465139e-001
 4.1515839e-001
 4.1567141e-001
 4.1614911e-001
 4.1655287e-001
 4.1684878e-001
 4.1700995e-001
 4.1701937e-001
 4.1687056e-001
 4.1656715e-001
 4.1612056e-001
 4.1554713e-001
 4.1486549e-001
 4.1409549e-001
 4.1325641e-001
 4.1236725e-001
 4.1144726e-001
 4.1054785e-001
 4.0984717e-001
 4.0895653e-001
 4.0811294e-001
 4.0733200e-001
 4.0662944e-001
 4.0602091e-001
 4.0552247e-001
 4.0514979e-001
 4.0491852e-001
 4.0484452e-001
 4.0494120e-001
 4.0519875e-001
 4.0559509e-001
 4.0610787e-001
 4.0671510e-001
 4.0739399e-001
 4.0812251e-001
 4.0887833e-001
 4.0963933e-001
 4.1038293e-001
 4.1108689e-001
 4.1172907e-001
 4.1228715e-001
 4.1273868e-001
 4.1306332e-001
 4.1325751e-001
 4.1332674e-001
 4.1327661e-001
 4.1311267e-001
 4.1284057e-001
 4.1246581e-001
 4.1199395e-001
 4.1143078e-001
 4.1078171e-001
 4.1005239e-001
 4.0924820e-001
 4.0837508e-001
 4.0743846e-001
 4.0644392e-001
 4.0539706e-001
 4.0430313e-001
 4.0316829e-001
 4.0199783e-001
 4.0079606e-001
 3.9956656e-001
 3.9831391e-001
 3.9704162e-001
 3.9575365e-001
 3.9445347e-001
 3.9314571e-001
 3.9183381e-001
 3.9052179e-001
 3.8921341e-001
 3.8791236e-001
 3.8662305e-001
 3.8534912e-001
 3.8409439e-001
 3.8286257e-001
 3.8165793e-001
 3.8048425e-001
 3.7934536e-001
 3.7824488e-001
 3.7718716e-001
 3.7617585e-001
 3.7521446e-001
 3.7430248e-001
 3.7343815e-001
 3.7261903e-001
 3.7184307e-001
 3.7110800e-001
 3.7041143e-001
 3.6975157e-001
 3.6912602e-001
 3.6853269e-001
 3.6796913e-001
 3.6743358e-001
 3.6692357e-001
 3.6643699e-001
 3.6597157e-001
 3.6552534e-001
 3.6509594e-001
 3.6468124e-001
 3.6427906e-001
 3.6388713e-001
 3.6350340e-001
 3.6312562e-001
 3.6275166e-001
 3.6237916e-001
 3.6200622e-001
 3.6163047e-001
 3.6124992e-001
 3.6086455e-001
 3.6047521e-001
 3.6008269e-001
 3.5968783e-001
 3.5929149e-001
 3.5889432e-001
 3.5849732e-001
 3.5810137e-001
 3.5770714e-001
 3.5731548e-001
 3.5692739e-001
 3.5654354e-001
 3.5616478e-001
 3.5579187e-001
 3.5542583e-001
 3.5506737e-001
 3.5471731e-001
 3.5437644e-001
 3.5404572e-001
 3.5372591e-001
 3.5341781e-001
 3.5312229e-001
 3.5284007e-001
 3.5257214e-001
 3.5231927e-001
 3.5208222e-001
 3.5186192e-001
 3.5165912e-001
 3.5147470e-001
 3.5130930e-001
 3.5116246e-001
 3.5103315e-001
 3.5092035e-001
