s07_ASD Record=13568: Kaolin_Smect H89-FR-5 .3Kaol  BECKb AREF
 1.3651475e-001
 1.3839361e-001
 1.4028057e-001
 1.4216121e-001
 1.4402425e-001
 1.4586277e-001
 1.4767259e-001
 1.4944935e-001
 1.5118794e-001
 1.5288381e-001
 1.5453567e-001
 1.5614672e-001
 1.5772517e-001
 1.5928388e-001
 1.6083919e-001
 1.6240737e-001
 1.6399972e-001
 1.6562158e-001
 1.6727345e-001
 1.6895425e-001
 1.7066328e-001
 1.7240055e-001
 1.7416576e-001
 1.7595616e-001
 1.7776632e-001
 1.7958871e-001
 1.8141699e-001
 1.8324992e-001
 1.8509209e-001
 1.8695077e-001
 1.8883130e-001
 1.9073579e-001
 1.9266377e-001
 1.9461425e-001
 1.9658545e-001
 1.9857420e-001
 2.0057628e-001
 2.0258515e-001
 2.0459211e-001
 2.0658664e-001
 2.0855857e-001
 2.1049932e-001
 2.1240264e-001
 2.1426564e-001
 2.1608846e-001
 2.1787466e-001
 2.1963044e-001
 2.2136378e-001
 2.2308175e-001
 2.2478734e-001
 2.2647604e-001
 2.2813429e-001
 2.2974257e-001
 2.3128200e-001
 2.3274294e-001
 2.3412979e-001
 2.3546295e-001
 2.3677193e-001
 2.3808189e-001
 2.3941207e-001
 2.4076414e-001
 2.4212019e-001
 2.4346888e-001
 2.4479902e-001
 2.4609545e-001
 2.4735363e-001
 2.4858026e-001
 2.4978553e-001
 2.5098082e-001
 2.5217757e-001
 2.5338405e-001
 2.5460151e-001
 2.5582388e-001
 2.5704274e-001
 2.5825387e-001
 2.5946459e-001
 2.6069495e-001
 2.6197153e-001
 2.6331446e-001
 2.6472503e-001
 2.6618171e-001
 2.6764694e-001
 2.6908287e-001
 2.7046624e-001
 2.7179581e-001
 2.7308881e-001
 2.7436951e-001
 2.7565745e-001
 2.7695984e-001
 2.7827296e-001
 2.7958840e-001
 2.8090113e-001
 2.8221193e-001
 2.8352460e-001
 2.8483993e-001
 2.8615308e-001
 2.8745669e-001
 2.8874716e-001
 2.9002824e-001
 2.9130703e-001
 2.9258567e-001
 2.9385400e-001
 2.9508850e-001
 2.9625782e-001
 2.9733509e-001
 2.9831427e-001
 2.9921573e-001
 3.0007237e-001
 3.0090490e-001
 3.0170673e-001
 3.0245462e-001
 3.0313522e-001
 3.0376202e-001
 3.0436686e-001
 3.0497789e-001
 3.0560583e-001
 3.0624726e-001
 3.0689603e-001
 3.0754849e-001
 3.0820060e-001
 3.0884334e-001
 3.0946624e-001
 3.1006521e-001
 3.1064612e-001
 3.1121972e-001
 3.1179723e-001
 3.1239456e-001
 3.1303626e-001
 3.1374478e-001
 3.1451952e-001
 3.1533030e-001
 3.1613922e-001
 3.1693265e-001
 3.1773329e-001
 3.1857958e-001
 3.1949335e-001
 3.2046250e-001
 3.2145041e-001
 3.2242033e-001
 3.2335740e-001
 3.2427555e-001
 3.2520351e-001
 3.2615864e-001
 3.2712969e-001
 3.2808894e-001
 3.2902658e-001
 3.2997313e-001
 3.3098024e-001
 3.3207324e-001
 3.3322644e-001
 3.3438957e-001
 3.3553717e-001
 3.3668190e-001
 3.3783919e-001
 3.3898869e-001
 3.4008333e-001
 3.4109890e-001
 3.4207281e-001
 3.4308684e-001
 3.4420386e-001
 3.4541112e-001
 3.4662285e-001
 3.4774321e-001
 3.4873855e-001
 3.4965870e-001
 3.5058954e-001
 3.5158092e-001
 3.5261470e-001
 3.5363919e-001
 3.5463336e-001
 3.5563505e-001
 3.5670537e-001
 3.5786349e-001
 3.5905609e-001
 3.6019507e-001
 3.6123708e-001
 3.6223203e-001
 3.6328533e-001
 3.6445808e-001
 3.6570182e-001
 3.6690459e-001
 3.6800769e-001
 3.6906862e-001
 3.7019977e-001
 3.7144488e-001
 3.7272748e-001
 3.7392700e-001
 3.7499708e-001
 3.7599522e-001
 3.7700835e-001
 3.7807047e-001
 3.7915042e-001
 3.8020101e-001
 3.8121697e-001
 3.8225478e-001
 3.8338405e-001
 3.8460031e-001
 3.8579485e-001
 3.8684466e-001
 3.8773617e-001
 3.8857782e-001
 3.8949174e-001
 3.9051622e-001
 3.9161569e-001
 3.9275461e-001
 3.9393073e-001
 3.9513826e-001
 3.9633825e-001
 3.9750424e-001
 3.9867720e-001
 3.9992806e-001
 4.0126386e-001
 4.0260747e-001
 4.0386850e-001
 4.0500733e-001
 4.0604618e-001
 4.0705740e-001
 4.0813300e-001
 4.0931556e-001
 4.1054413e-001
 4.1170102e-001
 4.1272998e-001
 4.1369739e-001
 4.1472197e-001
 4.1584462e-001
 4.1698429e-001
 4.1804245e-001
 4.1903457e-001
 4.2008302e-001
 4.2128927e-001
 4.2264253e-001
 4.2403921e-001
 4.2535120e-001
 4.2647764e-001
 4.2737430e-001
 4.2806977e-001
 4.2866367e-001
 4.2929742e-001
 4.3010467e-001
 4.3116596e-001
 4.3248340e-001
 4.3396136e-001
 4.3540093e-001
 4.3657908e-001
 4.3741974e-001
 4.3807632e-001
 4.3876415e-001
 4.3953466e-001
 4.4029540e-001
 4.4101313e-001
 4.4177079e-001
 4.4263911e-001
 4.4360498e-001
 4.4461846e-001
 4.4563559e-001
 4.4660267e-001
 4.4745573e-001
 4.4818959e-001
 4.4890106e-001
 4.4970196e-001
 4.5058528e-001
 4.5142710e-001
 4.5212969e-001
 4.5271608e-001
 4.5328575e-001
 4.5393392e-001
 4.5470512e-001
 4.5556882e-001
 4.5644048e-001
 4.5724422e-001
 4.5796263e-001
 4.5864710e-001
 4.5936722e-001
 4.6014294e-001
 4.6098679e-001
 4.6195033e-001
 4.6296698e-001
 4.6380401e-001
 4.6438083e-001
 4.6489048e-001
 4.6547306e-001
 4.6607092e-001
 4.6664476e-001
 4.6727112e-001
 4.6799892e-001
 4.6879217e-001
 4.6959379e-001
 4.7037005e-001
 4.7112161e-001
 4.7187731e-001
 4.7264323e-001
 4.7334781e-001
 4.7390130e-001
 4.7434309e-001
 4.7486487e-001
 4.7563812e-001
 4.7664616e-001
 4.7769469e-001
 4.7857013e-001
 4.7920200e-001
 4.7969782e-001
 4.8023620e-001
 4.8093429e-001
 4.8179138e-001
 4.8271617e-001
 4.8359892e-001
 4.8437983e-001
 4.8507896e-001
 4.8577410e-001
 4.8653725e-001
 4.8737085e-001
 4.8820037e-001
 4.8895904e-001
 4.8969170e-001
 4.9052572e-001
 4.9150801e-001
 4.9252862e-001
 4.9343014e-001
 4.9413222e-001
 4.9467883e-001
 4.9520284e-001
 4.9584150e-001
 4.9666277e-001
 4.9764562e-001
 4.9869365e-001
 4.9965686e-001
 5.0038636e-001
 5.0082940e-001
 5.0109237e-001
 5.0138599e-001
 5.0188512e-001
 5.0262809e-001
 5.0353396e-001
 5.0449234e-001
 5.0543225e-001
 5.0632942e-001
 5.0717998e-001
 5.0798100e-001
 5.0873542e-001
 5.0947297e-001
 5.1025993e-001
 5.1116490e-001
 5.1218837e-001
 5.1322144e-001
 5.1410019e-001
 5.1473695e-001
 5.1520532e-001
 5.1567280e-001
 5.1623559e-001
 5.1682502e-001
 5.1730448e-001
 5.1769131e-001
 5.1825315e-001
 5.1920980e-001
 5.2031726e-001
 5.2129853e-001
 5.2223623e-001
 5.2322423e-001
 5.2403009e-001
 5.2446032e-001
 5.2473325e-001
 5.2515423e-001
 5.2572942e-001
 5.2637750e-001
 5.2718353e-001
 5.2813500e-001
 5.2891862e-001
 5.2933252e-001
 5.2964169e-001
 5.3022069e-001
 5.3109056e-001
 5.3201902e-001
 5.3284448e-001
 5.3356200e-001
 5.3424245e-001
 5.3496504e-001
 5.3577524e-001
 5.3664261e-001
 5.3744429e-001
 5.3801876e-001
 5.3829080e-001
 5.3841233e-001
 5.3873777e-001
 5.3953099e-001
 5.4069805e-001
 5.4184455e-001
 5.4257327e-001
 5.4280305e-001
 5.4283357e-001
 5.4302996e-001
 5.4351991e-001
 5.4424018e-001
 5.4508293e-001
 5.4587990e-001
 5.4641879e-001
 5.4668117e-001
 5.4692119e-001
 5.4731846e-001
 5.4779083e-001
 5.4803687e-001
 5.4799688e-001
 5.4807389e-001
 5.4855913e-001
 5.4936278e-001
 5.5028737e-001
 5.5114913e-001
 5.5177957e-001
 5.5206990e-001
 5.5209011e-001
 5.5208451e-001
 5.5229396e-001
 5.5278677e-001
 5.5345929e-001
 5.5416703e-001
 5.5481589e-001
 5.5536914e-001
 5.5581707e-001
 5.5616975e-001
 5.5645376e-001
 5.5670065e-001
 5.5693883e-001
 5.5719316e-001
 5.5748248e-001
 5.5781281e-001
 5.5817676e-001
 5.5855918e-001
 5.5893552e-001
 5.5926925e-001
 5.5951834e-001
 5.5964971e-001
 5.5976892e-001
 5.5991548e-001
 5.6014574e-001
 5.6046128e-001
 5.6084114e-001
 5.6126434e-001
 5.6170893e-001
 5.6214547e-001
 5.6254154e-001
 5.6286502e-001
 5.6309015e-001
 5.6323403e-001
 5.6333107e-001
 5.6341606e-001
 5.6351995e-001
 5.6364977e-001
 5.6380314e-001
 5.6397754e-001
 5.6417209e-001
 5.6439739e-001
 5.6471980e-001
 5.6506497e-001
 5.6548798e-001
 5.6596988e-001
 5.6645799e-001
 5.6689829e-001
 5.6723690e-001
 5.6742257e-001
 5.6746614e-001
 5.6744039e-001
 5.6742024e-001
 5.6748116e-001
 5.6769490e-001
 5.6805813e-001
 5.6849337e-001
 5.6892008e-001
 5.6925750e-001
 5.6942821e-001
 5.6942022e-001
 5.6928635e-001
 5.6908208e-001
 5.6886292e-001
 5.6868434e-001
 5.6859004e-001
 5.6857765e-001
 5.6863415e-001
 5.6874615e-001
 5.6890029e-001
 5.6908333e-001
 5.6928355e-001
 5.6949544e-001
 5.6971496e-001
 5.6993818e-001
 5.7016081e-001
 5.7037890e-001
 5.7058847e-001
 5.7078683e-001
 5.7097638e-001
 5.7116103e-001
 5.7134444e-001
 5.7153040e-001
 5.7172269e-001
 5.7192510e-001
 5.7214123e-001
 5.7237178e-001
 5.7260489e-001
 5.7282627e-001
 5.7302111e-001
 5.7317495e-001
 5.7327330e-001
 5.7330149e-001
 5.7324505e-001
 5.7309616e-001
 5.7287288e-001
 5.7259881e-001
 5.7229775e-001
 5.7199365e-001
 5.7171005e-001
 5.7147086e-001
 5.7129985e-001
 5.7121474e-001
 5.7121038e-001
 5.7127649e-001
 5.7140279e-001
 5.7157898e-001
 5.7179487e-001
 5.7204002e-001
 5.7230419e-001
 5.7257730e-001
 5.7284874e-001
 5.7310838e-001
 5.7334596e-001
 5.7355422e-001
 5.7373637e-001
 5.7389838e-001
 5.7404602e-001
 5.7418519e-001
 5.7432181e-001
 5.7446158e-001
 5.7461041e-001
 5.7477415e-001
 5.7495868e-001
 5.7516980e-001
 5.7541341e-001
 5.7569313e-001
 5.7600564e-001
 5.7634574e-001
 5.7670838e-001
 5.7708824e-001
 5.7748049e-001
 5.7787973e-001
 5.7828093e-001
 5.7867891e-001
 5.7906860e-001
 5.7944489e-001
 5.7980281e-001
 5.8013785e-001
 5.8044606e-001
 5.8072299e-001
 5.8096451e-001
 5.8116645e-001
 5.8132446e-001
 5.8143437e-001
 5.8149201e-001
 5.8149308e-001
 5.8143657e-001
 5.8133233e-001
 5.8119255e-001
 5.8102965e-001
 5.8085561e-001
 5.8068305e-001
 5.8052385e-001
 5.8039045e-001
 5.8029509e-001
 5.8024997e-001
 5.8026439e-001
 5.8033764e-001
 5.8046693e-001
 5.8064914e-001
 5.8088160e-001
 5.8116132e-001
 5.8148545e-001
 5.8185112e-001
 5.8225542e-001
 5.8269542e-001
 5.8316720e-001
 5.8366287e-001
 5.8417362e-001
 5.8469105e-001
 5.8520639e-001
 5.8571094e-001
 5.8619606e-001
 5.8665317e-001
 5.8707350e-001
 5.8745062e-001
 5.8778477e-001
 5.8807796e-001
 5.8833206e-001
 5.8854884e-001
 5.8873022e-001
 5.8887804e-001
 5.8899426e-001
 5.8908153e-001
 5.8914536e-001
 5.8919197e-001
 5.8922762e-001
 5.8925819e-001
 5.8929014e-001
 5.8932942e-001
 5.8938223e-001
 5.8945435e-001
 5.8955032e-001
 5.8967441e-001
 5.8983094e-001
 5.9002423e-001
 5.9025854e-001
 5.9053820e-001
 5.9086740e-001
 5.9124672e-001
 5.9166396e-001
 5.9210485e-001
 5.9252256e-001
 5.9295988e-001
 5.9337652e-001
 5.9376299e-001
 5.9412235e-001
 5.9446818e-001
 5.9482092e-001
 5.9520423e-001
 5.9564149e-001
 5.9614938e-001
 5.9672731e-001
 5.9735125e-001
 5.9798068e-001
 5.9856886e-001
 5.9907281e-001
 5.9946561e-001
 5.9975111e-001
 5.9996831e-001
 6.0018277e-001
 6.0047102e-001
 6.0090452e-001
 6.0152948e-001
 6.0234606e-001
 6.0330111e-001
 6.0430008e-001
 6.0523021e-001
 6.0598421e-001
 6.0648638e-001
 6.0671473e-001
 6.0670835e-001
 6.0655445e-001
 6.0636449e-001
 6.0624850e-001
 6.0629117e-001
 6.0653400e-001
 6.0696954e-001
 6.0755038e-001
 6.0820699e-001
 6.0886556e-001
 6.0946405e-001
 6.0948527e-001
 6.0982388e-001
 6.1012298e-001
 6.1037940e-001
 6.1059463e-001
 6.1077386e-001
 6.1092478e-001
 6.1105669e-001
 6.1117947e-001
 6.1130291e-001
 6.1143571e-001
 6.1158538e-001
 6.1175764e-001
 6.1195612e-001
 6.1218202e-001
 6.1243463e-001
 6.1271113e-001
 6.1300743e-001
 6.1331844e-001
 6.1363894e-001
 6.1396450e-001
 6.1429161e-001
 6.1461842e-001
 6.1494440e-001
 6.1527014e-001
 6.1559713e-001
 6.1592698e-001
 6.1626101e-001
 6.1659914e-001
 6.1693984e-001
 6.1728019e-001
 6.1761594e-001
 6.1794311e-001
 6.1825818e-001
 6.1855930e-001
 6.1884683e-001
 6.1912328e-001
 6.1939359e-001
 6.1966401e-001
 6.1994165e-001
 6.2023336e-001
 6.2054491e-001
 6.2087995e-001
 6.2123984e-001
 6.2162292e-001
 6.2202513e-001
 6.2243962e-001
 6.2285793e-001
 6.2327051e-001
 6.2366760e-001
 6.2404054e-001
 6.2438232e-001
 6.2468845e-001
 6.2495786e-001
 6.2519240e-001
 6.2539726e-001
 6.2558013e-001
 6.2575006e-001
 6.2591690e-001
 6.2608963e-001
 6.2627560e-001
 6.2647974e-001
 6.2670416e-001
 6.2694854e-001
 6.2721068e-001
 6.2748748e-001
 6.2777603e-001
 6.2807435e-001
 6.2838197e-001
 6.2869936e-001
 6.2902719e-001
 6.2936532e-001
 6.2971139e-001
 6.3006037e-001
 6.3040441e-001
 6.3073379e-001
 6.3103890e-001
 6.3131166e-001
 6.3154793e-001
 6.3174814e-001
 6.3191766e-001
 6.3206613e-001
 6.3220537e-001
 6.3234788e-001
 6.3250482e-001
 6.3268447e-001
 6.3289231e-001
 6.3313043e-001
 6.3339853e-001
 6.3369483e-001
 6.3401616e-001
 6.3435894e-001
 6.3471895e-001
 6.3509160e-001
 6.3547164e-001
 6.3585371e-001
 6.3623267e-001
 6.3660401e-001
 6.3696450e-001
 6.3731295e-001
 6.3764936e-001
 6.3797545e-001
 6.3829291e-001
 6.3860297e-001
 6.3890529e-001
 6.3919681e-001
 6.3947242e-001
 6.3972473e-001
 6.3994586e-001
 6.4012909e-001
 6.4027065e-001
 6.4037180e-001
 6.4043957e-001
 6.4048696e-001
 6.4053172e-001
 6.4059359e-001
 6.4069170e-001
 6.4084089e-001
 6.4104944e-001
 6.4131731e-001
 6.4163643e-001
 6.4199215e-001
 6.4236587e-001
 6.4273810e-001
 6.4309156e-001
 6.4341295e-001
 6.4369416e-001
 6.4393246e-001
 6.4412898e-001
 6.4428812e-001
 6.4441568e-001
 6.4451814e-001
 6.4460212e-001
 6.4467394e-001
 6.4473987e-001
 6.4480621e-001
 6.4487910e-001
 6.4496452e-001
 6.4506757e-001
 6.4519197e-001
 6.4533943e-001
 6.4550924e-001
 6.4569807e-001
 6.4590043e-001
 6.4610898e-001
 6.4631587e-001
 6.4651382e-001
 6.4669704e-001
 6.4686227e-001
 6.4700925e-001
 6.4714050e-001
 6.4726096e-001
 6.4737707e-001
 6.4749551e-001
 6.4762229e-001
 6.4776212e-001
 6.4791775e-001
 6.4809012e-001
 6.4827883e-001
 6.4848268e-001
 6.4870071e-001
 6.4893234e-001
 6.4917821e-001
 6.4943963e-001
 6.4971823e-001
 6.5001512e-001
 6.5032959e-001
 6.5065873e-001
 6.5099663e-001
 6.5133482e-001
 6.5166330e-001
 6.5197188e-001
 6.5225232e-001
 6.5250033e-001
 6.5271670e-001
 6.5290827e-001
 6.5308744e-001
 6.5327090e-001
 6.5347725e-001
 6.5372443e-001
 6.5402633e-001
 6.5439063e-001
 6.5481663e-001
 6.5529501e-001
 6.5580833e-001
 6.5633327e-001
 6.5684330e-001
 6.5731239e-001
 6.5771866e-001
 6.5804672e-001
 6.5828991e-001
 6.5845072e-001
 6.5854019e-001
 6.5857619e-001
 6.5858108e-001
 6.5857917e-001
 6.5859377e-001
 6.5864527e-001
 6.5874851e-001
 6.5891200e-001
 6.5913695e-001
 6.5941739e-001
 6.5974092e-001
 6.6009045e-001
 6.6044652e-001
 6.6078973e-001
 6.6110361e-001
 6.6137683e-001
 6.6160482e-001
 6.6179001e-001
 6.6194087e-001
 6.6207027e-001
 6.6219276e-001
 6.6232175e-001
 6.6246760e-001
 6.6263568e-001
 6.6282648e-001
 6.6303593e-001
 6.6325682e-001
 6.6348094e-001
 6.6370064e-001
 6.6391051e-001
 6.6410792e-001
 6.6429317e-001
 6.6446906e-001
 6.6463929e-001
 6.6480786e-001
 6.6497737e-001
 6.6514868e-001
 6.6532063e-001
 6.6549075e-001
 6.6565603e-001
 6.6581404e-001
 6.6596377e-001
 6.6610640e-001
 6.6624480e-001
 6.6638321e-001
 6.6652608e-001
 6.6667688e-001
 6.6683769e-001
 6.6700876e-001
 6.6718841e-001
 6.6737443e-001
 6.6756433e-001
 6.6775662e-001
 6.6795117e-001
 6.6814935e-001
 6.6835386e-001
 6.6856784e-001
 6.6879445e-001
 6.6903597e-001
 6.6929328e-001
 6.6956550e-001
 6.6985011e-001
 6.7014289e-001
 6.7043799e-001
 6.7072850e-001
 6.7100692e-001
 6.7126530e-001
 6.7149639e-001
 6.7169404e-001
 6.7185426e-001
 6.7197597e-001
 6.7206120e-001
 6.7211562e-001
 6.7214781e-001
 6.7216867e-001
 6.7219025e-001
 6.7222440e-001
 6.7228121e-001
 6.7236817e-001
 6.7248899e-001
 6.7264342e-001
 6.7282730e-001
 6.7303318e-001
 6.7325115e-001
 6.7347026e-001
 6.7367935e-001
 6.7386860e-001
 6.7403007e-001
 6.7415887e-001
 6.7425287e-001
 6.7431331e-001
 6.7434406e-001
 6.7435139e-001
 6.7434311e-001
 6.7432761e-001
 6.7431307e-001
 6.7430586e-001
 6.7430967e-001
 6.7432457e-001
 6.7434621e-001
 6.7436606e-001
 6.7437214e-001
 6.7435074e-001
 6.7428863e-001
 6.7417562e-001
 6.7400676e-001
 6.7378384e-001
 6.7351615e-001
 6.7321885e-001
 6.7291152e-001
 6.7261481e-001
 6.7234749e-001
 6.7212391e-001
 6.7195207e-001
 6.7183322e-001
 6.7176241e-001
 6.7172986e-001
 6.7172283e-001
 6.7172766e-001
 6.7173105e-001
 6.7172194e-001
 6.7169160e-001
 6.7163485e-001
 6.7154968e-001
 6.7143750e-001
 6.7130297e-001
 6.7115325e-001
 6.7099756e-001
 6.7084587e-001
 6.7070764e-001
 6.7059046e-001
 6.7049873e-001
 6.7043269e-001
 6.7038822e-001
 6.7035699e-001
 6.7032766e-001
 6.7028731e-001
 6.7022377e-001
 6.7012739e-001
 6.6999257e-001
 6.6981924e-001
 6.6961235e-001
 6.6938144e-001
 6.6913843e-001
 6.6889530e-001
 6.6866207e-001
 6.6844428e-001
 6.6824216e-001
 6.6805077e-001
 6.6786051e-001
 6.6765940e-001
 6.6743475e-001
 6.6717494e-001
 6.6687095e-001
 6.6651648e-001
 6.6610843e-001
 6.6564578e-001
 6.6512924e-001
 6.6456097e-001
 6.6394395e-001
 6.6328257e-001
 6.6258252e-001
 6.6185063e-001
 6.6109538e-001
 6.6032529e-001
 6.5954852e-001
 6.5877151e-001
 6.5799731e-001
 6.5722460e-001
 6.5644681e-001
 6.5565175e-001
 6.5482175e-001
 6.5393388e-001
 6.5296131e-001
 6.5187430e-001
 6.5064102e-001
 6.4923006e-001
 6.4761037e-001
 6.4575410e-001
 6.4363778e-001
 6.4124304e-001
 6.3856030e-001
 6.3558781e-001
 6.3233560e-001
 6.2882566e-001
 6.2509042e-001
 6.2117529e-001
 6.1713308e-001
 6.1302441e-001
 6.0891235e-001
 6.0485691e-001
 6.0091406e-001
 5.9712851e-001
 5.9353429e-001
 5.9015197e-001
 5.8698750e-001
 5.8403569e-001
 5.8128071e-001
 5.7869768e-001
 5.7625777e-001
 5.7392788e-001
 5.7167530e-001
 5.6946850e-001
 5.6727731e-001
 5.6507581e-001
 5.6283957e-001
 5.6054789e-001
 5.5818194e-001
 5.5572468e-001
 5.5316341e-001
 5.5049020e-001
 5.4770797e-001
 5.4483503e-001
 5.4190922e-001
 5.3899539e-001
 5.3618419e-001
 5.3359282e-001
 5.3135633e-001
 5.2961582e-001
 5.2850491e-001
 5.2813238e-001
 5.2856910e-001
 5.2983767e-001
 5.3190970e-001
 5.3470844e-001
 5.3811812e-001
 5.4199904e-001
 5.4619962e-001
 5.5057454e-001
 5.5499297e-001
 5.5934775e-001
 5.6356078e-001
 5.6757945e-001
 5.7137781e-001
 5.7494831e-001
 5.7829809e-001
 5.8144450e-001
 5.8440751e-001
 5.8720893e-001
 5.8986706e-001
 5.9239596e-001
 5.9480596e-001
 5.9710169e-001
 5.9928483e-001
 6.0135394e-001
 6.0330606e-001
 6.0513908e-001
 6.0685146e-001
 6.0844362e-001
 6.0991925e-001
 6.1128384e-001
 6.1254609e-001
 6.1371624e-001
 6.1480570e-001
 6.1582637e-001
 6.1678892e-001
 6.1770260e-001
 6.1857325e-001
 6.1940324e-001
 6.2019134e-001
 6.2093252e-001
 6.2161970e-001
 6.2224483e-001
 6.2280148e-001
 6.2328714e-001
 6.2370515e-001
 6.2406588e-001
 6.2438691e-001
 6.2469184e-001
 6.2500829e-001
 6.2536424e-001
 6.2578523e-001
 6.2629116e-001
 6.2689406e-001
 6.2759739e-001
 6.2839615e-001
 6.2927848e-001
 6.3022846e-001
 6.3122797e-001
 6.3226062e-001
 6.3331282e-001
 6.3437533e-001
 6.3544434e-001
 6.3651919e-001
 6.3760245e-001
 6.3869685e-001
 6.3980383e-001
 6.4092255e-001
 6.4204806e-001
 6.4317262e-001
 6.4428520e-001
 6.4537334e-001
 6.4642477e-001
 6.4742815e-001
 6.4837527e-001
 6.4926106e-001
 6.5008473e-001
 6.5085030e-001
 6.5156567e-001
 6.5224272e-001
 6.5289629e-001
 6.5354210e-001
 6.5419525e-001
 6.5486771e-001
 6.5556622e-001
 6.5629143e-001
 6.5703702e-001
 6.5779126e-001
 6.5853882e-001
 6.5926415e-001
 6.5995514e-001
 6.6060489e-001
 6.6121411e-001
 6.6178995e-001
 6.6234517e-001
 6.6289496e-001
 6.6345394e-001
 6.6403407e-001
 6.6464257e-001
 6.6528219e-001
 6.6595209e-001
 6.6664869e-001
 6.6736734e-001
 6.6810322e-001
 6.6885108e-001
 6.6960520e-001
 6.7035884e-001
 6.7110366e-001
 6.7183107e-001
 6.7253196e-001
 6.7319864e-001
 6.7382461e-001
 6.7440516e-001
 6.7493761e-001
 6.7542034e-001
 6.7585313e-001
 6.7623484e-001
 6.7656350e-001
 6.7683560e-001
 6.7704743e-001
 6.7719722e-001
 6.7728865e-001
 6.7733335e-001
 6.7735183e-001
 6.7737079e-001
 6.7741942e-001
 6.7752445e-001
 6.7770588e-001
 6.7797440e-001
 6.7833024e-001
 6.7876351e-001
 6.7925662e-001
 6.7978704e-001
 6.8033206e-001
 6.8087167e-001
 6.8139166e-001
 6.8188471e-001
 6.8234932e-001
 6.8278873e-001
 6.8320811e-001
 6.8361247e-001
 6.8400526e-001
 6.8438733e-001
 6.8475783e-001
 6.8511474e-001
 6.8545622e-001
 6.8578148e-001
 6.8609118e-001
 6.8638790e-001
 6.8667573e-001
 6.8695951e-001
 6.8724352e-001
 6.8753040e-001
 6.8781960e-001
 6.8810731e-001
 6.8838662e-001
 6.8864870e-001
 6.8888474e-001
 6.8908769e-001
 6.8925440e-001
 6.8938589e-001
 6.8948758e-001
 6.8956792e-001
 6.8963712e-001
 6.8970609e-001
 6.8978477e-001
 6.8988156e-001
 6.9000286e-001
 6.9015253e-001
 6.9033229e-001
 6.9054163e-001
 6.9077832e-001
 6.9103885e-001
 6.9131887e-001
 6.9161367e-001
 6.9191861e-001
 6.9222945e-001
 6.9254255e-001
 6.9285524e-001
 6.9316578e-001
 6.9347340e-001
 6.9377804e-001
 6.9408023e-001
 6.9438052e-001
 6.9467926e-001
 6.9497579e-001
 6.9526863e-001
 6.9555503e-001
 6.9583094e-001
 6.9609171e-001
 6.9633198e-001
 6.9654638e-001
 6.9673038e-001
 6.9688040e-001
 6.9699448e-001
 6.9707257e-001
 6.9711661e-001
 6.9713080e-001
 6.9712126e-001
 6.9709623e-001
 6.9706511e-001
 6.9703865e-001
 6.9702756e-001
 6.9704217e-001
 6.9709104e-001
 6.9718021e-001
 6.9731218e-001
 6.9748533e-001
 6.9769382e-001
 6.9792813e-001
 6.9817573e-001
 6.9842273e-001
 6.9865513e-001
 6.9886070e-001
 6.9903016e-001
 6.9915813e-001
 6.9924361e-001
 6.9928980e-001
 6.9930363e-001
 6.9929487e-001
 6.9927490e-001
 6.9925606e-001
 6.9925034e-001
 6.9926888e-001
 6.9932091e-001
 6.9941366e-001
 6.9955182e-001
 6.9973707e-001
 6.9996834e-001
 7.0024163e-001
 7.0055038e-001
 7.0088577e-001
 7.0123738e-001
 7.0159382e-001
 7.0194340e-001
 7.0227474e-001
 7.0257735e-001
 7.0284206e-001
 7.0306140e-001
 7.0322996e-001
 7.0334476e-001
 7.0340502e-001
 7.0341259e-001
 7.0337194e-001
 7.0328921e-001
 7.0317221e-001
 7.0302945e-001
 7.0286977e-001
 7.0270169e-001
 7.0253301e-001
 7.0237058e-001
 7.0221996e-001
 7.0208549e-001
 7.0197010e-001
 7.0187503e-001
 7.0180053e-001
 7.0174527e-001
 7.0170724e-001
 7.0168340e-001
 7.0167053e-001
 7.0166558e-001
 7.0166594e-001
 7.0167047e-001
 7.0167941e-001
 7.0169538e-001
 7.0172286e-001
 7.0176780e-001
 7.0183718e-001
 7.0193750e-001
 7.0207399e-001
 7.0224941e-001
 7.0246327e-001
 7.0271134e-001
 7.0298606e-001
 7.0327646e-001
 7.0356941e-001
 7.0385098e-001
 7.0410812e-001
 7.0433015e-001
 7.0451045e-001
 7.0464724e-001
 7.0474374e-001
 7.0480776e-001
 7.0485038e-001
 7.0488375e-001
 7.0491928e-001
 7.0496535e-001
 7.0502532e-001
 7.0509660e-001
 7.0517057e-001
 7.0523304e-001
 7.0526600e-001
 7.0525044e-001
 7.0516866e-001
 7.0500773e-001
 7.0476156e-001
 7.0443243e-001
 7.0403159e-001
 7.0357829e-001
 7.0309764e-001
 7.0261747e-001
 7.0216495e-001
 7.0176286e-001
 7.0142674e-001
 7.0116264e-001
 7.0096660e-001
 7.0082539e-001
 7.0071858e-001
 7.0062143e-001
 7.0050883e-001
 7.0035875e-001
 7.0015520e-001
 6.9989073e-001
 6.9956708e-001
 6.9919491e-001
 6.9879198e-001
 6.9838101e-001
 6.9798619e-001
 6.9763070e-001
 6.9733375e-001
 6.9710886e-001
 6.9696277e-001
 6.9689548e-001
 6.9690061e-001
 6.9696707e-001
 6.9708025e-001
 6.9722378e-001
 6.9738072e-001
 6.9753480e-001
 6.9767106e-001
 6.9777638e-001
 6.9783992e-001
 6.9785321e-001
 6.9781023e-001
 6.9770789e-001
 6.9754583e-001
 6.9732666e-001
 6.9705570e-001
 6.9674069e-001
 6.9639122e-001
 6.9601780e-001
 6.9563150e-001
 6.9524252e-001
 6.9485986e-001
 6.9449079e-001
 6.9414043e-001
 6.9381189e-001
 6.9350624e-001
 6.9322294e-001
 6.9296032e-001
 6.9271588e-001
 6.9248652e-001
 6.9226909e-001
 6.9206023e-001
 6.9185680e-001
 6.9165581e-001
 6.9145453e-001
 6.9125038e-001
 6.9104105e-001
 6.9082463e-001
 6.9059932e-001
 6.9036376e-001
 6.9011688e-001
 6.8985790e-001
 6.8958640e-001
 6.8930227e-001
 6.8900591e-001
 6.8869799e-001
 6.8837970e-001
 6.8805265e-001
 6.8771857e-001
 6.8737954e-001
 6.8703765e-001
 6.8669486e-001
 6.8635333e-001
 6.8601459e-001
 6.8568033e-001
 6.8535197e-001
 6.8503058e-001
 6.8471706e-001
 6.8441212e-001
 6.8411601e-001
 6.8382895e-001
 6.8355066e-001
 6.8328089e-001
 6.8301886e-001
 6.8276364e-001
 6.8251401e-001
 6.8226594e-001
 6.8202502e-001
 6.8178511e-001
 6.8154478e-001
 6.8130308e-001
 6.8105972e-001
 6.8081516e-001
 6.8057072e-001
 6.8032819e-001
 6.8008977e-001
 6.7985749e-001
 6.7963368e-001
 6.7942035e-001
 6.7921931e-001
 6.7903221e-001
 6.7886013e-001
 6.7870402e-001
 6.7856431e-001
 6.7844129e-001
 6.7833495e-001
 6.7824537e-001
 6.7817229e-001
 6.7811537e-001
 6.7807376e-001
 6.7804593e-001
 6.7802936e-001
 6.7802042e-001
 6.7801434e-001
 6.7800587e-001
 6.7798918e-001
 6.7795831e-001
 6.7790729e-001
 6.7783076e-001
 6.7772377e-001
 6.7758286e-001
 6.7740619e-001
 6.7719382e-001
 6.7694753e-001
 6.7667019e-001
 6.7636555e-001
 6.7603767e-001
 6.7569041e-001
 6.7532742e-001
 6.7495137e-001
 6.7456305e-001
 6.7416149e-001
 6.7374301e-001
 6.7330182e-001
 6.7283064e-001
 6.7232108e-001
 6.7176437e-001
 6.7115152e-001
 6.7047352e-001
 6.6972172e-001
 6.6888738e-001
 6.6796225e-001
 6.6693836e-001
 6.6580808e-001
 6.6456419e-001
 6.6319913e-001
 6.6170603e-001
 6.6007739e-001
 6.5830606e-001
 6.5638500e-001
 6.5430611e-001
 6.5206176e-001
 6.4964420e-001
 6.4704436e-001
 6.4425433e-001
 6.4126462e-001
 6.3806689e-001
 6.3465303e-001
 6.3101411e-001
 6.2714386e-001
 6.2303573e-001
 6.1868674e-001
 6.1409640e-001
 6.0926461e-001
 6.0419506e-001
 5.9889024e-001
 5.9335476e-001
 5.8759367e-001
 5.8161038e-001
 5.7541180e-001
 5.6900293e-001
 5.6239241e-001
 5.5559075e-001
 5.4860747e-001
 5.4145545e-001
 5.3414851e-001
 5.2669853e-001
 5.1912200e-001
 5.1143438e-001
 5.0365913e-001
 4.9582809e-001
 4.8798221e-001
 4.8017895e-001
 4.7248358e-001
 4.6497276e-001
 4.5772818e-001
 4.5083091e-001
 4.4436470e-001
 4.3840623e-001
 4.3302622e-001
 4.2828113e-001
 4.2420664e-001
 4.2081946e-001
 4.1811535e-001
 4.1607738e-001
 4.1467974e-001
 4.1389191e-001
 4.1368186e-001
 4.1401583e-001
 4.1485813e-001
 4.1616967e-001
 4.1790760e-001
 4.2002389e-001
 4.2246607e-001
 4.2517942e-001
 4.2810631e-001
 4.3118966e-001
 4.3437198e-001
 4.3759772e-001
 4.4081712e-001
 4.4398639e-001
 4.4707343e-001
 4.5005634e-001
 4.5292360e-001
 4.5567212e-001
 4.5830202e-001
 4.6081704e-001
 4.6322069e-001
 4.6551695e-001
 4.6771052e-001
 4.6980494e-001
 4.7180468e-001
 4.7371325e-001
 4.7553399e-001
 4.7727084e-001
 4.7892705e-001
 4.8050582e-001
 4.8201099e-001
 4.8344594e-001
 4.8481503e-001
 4.8612282e-001
 4.8737487e-001
 4.8857811e-001
 4.8973978e-001
 4.9086842e-001
 4.9197245e-001
 4.9306047e-001
 4.9414143e-001
 4.9522313e-001
 4.9631312e-001
 4.9741673e-001
 4.9853721e-001
 4.9967569e-001
 5.0083053e-001
 5.0199908e-001
 5.0317723e-001
 5.0436044e-001
 5.0554442e-001
 5.0672483e-001
 5.0789768e-001
 5.0906038e-001
 5.1021087e-001
 5.1134902e-001
 5.1247543e-001
 5.1359159e-001
 5.1469988e-001
 5.1580250e-001
 5.1690227e-001
 5.1800144e-001
 5.1910251e-001
 5.2020830e-001
 5.2132100e-001
 5.2244341e-001
 5.2357787e-001
 5.2472669e-001
 5.2589256e-001
 5.2707767e-001
 5.2828455e-001
 5.2951521e-001
 5.3077102e-001
 5.3205311e-001
 5.3336102e-001
 5.3469348e-001
 5.3604794e-001
 5.3742087e-001
 5.3880876e-001
 5.4020751e-001
 5.4161286e-001
 5.4302084e-001
 5.4442704e-001
 5.4582751e-001
 5.4721761e-001
 5.4859287e-001
 5.4994899e-001
 5.5128109e-001
 5.5258489e-001
 5.5385560e-001
 5.5508935e-001
 5.5628192e-001
 5.5743152e-001
 5.5853832e-001
 5.5960506e-001
 5.6063855e-001
 5.6164849e-001
 5.6264699e-001
 5.6364685e-001
 5.6466216e-001
 5.6570661e-001
 5.6679207e-001
 5.6792861e-001
 5.6912184e-001
 5.7037067e-001
 5.7166839e-001
 5.7300204e-001
 5.7435477e-001
 5.7570606e-001
 5.7703537e-001
 5.7832211e-001
 5.7954615e-001
 5.8069128e-001
 5.8174622e-001
 5.8270568e-001
 5.8357280e-001
 5.8435738e-001
 5.8507365e-001
 5.8573937e-001
 5.8637351e-001
 5.8699518e-001
 5.8762193e-001
 5.8826923e-001
 5.8894807e-001
 5.8966315e-001
 5.9041286e-001
 5.9118968e-001
 5.9198129e-001
 5.9277302e-001
 5.9354919e-001
 5.9429383e-001
 5.9499151e-001
 5.9562910e-001
 5.9619683e-001
 5.9668893e-001
 5.9710497e-001
 5.9744912e-001
 5.9772843e-001
 5.9795219e-001
 5.9813064e-001
 5.9827429e-001
 5.9839350e-001
 5.9849828e-001
 5.9859794e-001
 5.9870064e-001
 5.9881359e-001
 5.9894294e-001
 5.9909403e-001
 5.9927171e-001
 5.9948075e-001
 5.9972519e-001
 6.0000843e-001
 6.0033226e-001
 6.0069591e-001
 6.0109484e-001
 6.0152066e-001
 6.0196161e-001
 6.0240287e-001
 6.0282844e-001
 6.0322160e-001
 6.0356563e-001
 6.0384530e-001
 6.0404754e-001
 6.0416365e-001
 6.0419047e-001
 6.0413122e-001
 6.0399473e-001
 6.0379404e-001
 6.0354459e-001
 6.0326302e-001
 6.0296619e-001
 6.0267019e-001
 6.0238945e-001
 6.0213590e-001
 6.0191751e-001
 6.0173810e-001
 6.0159773e-001
 6.0149395e-001
 6.0142231e-001
 6.0137773e-001
 6.0135490e-001
 6.0134858e-001
 6.0135388e-001
 6.0136670e-001
 6.0138363e-001
 6.0140246e-001
 6.0142189e-001
 6.0144126e-001
 6.0146028e-001
 6.0147887e-001
 6.0149699e-001
 6.0151464e-001
 6.0153157e-001
 6.0154706e-001
 6.0156029e-001
 6.0156983e-001
 6.0157371e-001
 6.0156989e-001
 6.0155600e-001
 6.0152972e-001
 6.0148847e-001
 6.0142988e-001
 6.0135162e-001
 6.0125142e-001
 6.0112709e-001
 6.0097659e-001
 6.0079813e-001
 6.0058993e-001
 6.0035014e-001
 6.0007697e-001
 5.9976882e-001
 5.9942341e-001
 5.9903806e-001
 5.9860957e-001
 5.9813309e-001
 5.9760267e-001
 5.9701151e-001
 5.9635144e-001
 5.9561390e-001
 5.9479058e-001
 5.9387267e-001
 5.9285176e-001
 5.9171987e-001
 5.9047067e-001
 5.8909863e-001
 5.8759946e-001
 5.8597147e-001
 5.8421284e-001
 5.8232224e-001
 5.8030009e-001
 5.7814580e-001
 5.7585943e-001
 5.7344115e-001
 5.7089406e-001
 5.6822103e-001
 5.6542641e-001
 5.6251800e-001
 5.5950284e-001
 5.5638844e-001
 5.5318505e-001
 5.4990095e-001
 5.4654485e-001
 5.4312897e-001
 5.3966469e-001
 5.3616649e-001
 5.3265041e-001
 5.2913737e-001
 5.2564734e-001
 5.2220124e-001
 5.1882279e-001
 5.1553297e-001
 5.1235163e-001
 5.0929826e-001
 5.0638598e-001
 5.0362271e-001
 5.0100952e-001
 4.9854353e-001
 4.9621570e-001
 4.9401459e-001
 4.9192920e-001
 4.8994684e-001
 4.8805559e-001
 4.8624671e-001
 4.8451322e-001
 4.8285243e-001
 4.8126739e-001
 4.7976425e-001
 4.7835252e-001
 4.7704327e-001
 4.7584900e-001
 4.7478047e-001
 4.7384581e-001
 4.7304797e-001
 4.7237957e-001
 4.7182012e-001
 4.7133496e-001
 4.7087586e-001
 4.7038504e-001
 4.6979910e-001
 4.6905294e-001
 4.6808299e-001
 4.6683225e-001
 4.6525928e-001
 4.6334630e-001
 4.6110830e-001
 4.5859876e-001
 4.5590279e-001
 4.5313030e-001
 4.5040512e-001
 4.4785932e-001
 4.4562295e-001
 4.4382009e-001
 4.4256148e-001
 4.4193193e-001
 4.4198361e-001
 4.4273156e-001
 4.4415754e-001
 4.4621930e-001
 4.4885823e-001
 4.5200986e-001
 4.5560637e-001
 4.5957971e-001
 4.6385840e-001
 4.6837309e-001
 4.7305390e-001
 4.7782680e-001
 4.8262021e-001
 4.8736206e-001
 4.9197671e-001
 4.9639249e-001
 5.0053847e-001
 5.0434965e-001
 5.0776851e-001
 5.1075757e-001
 5.1330191e-001
 5.1541048e-001
 5.1711738e-001
 5.1847315e-001
 5.1953781e-001
 5.2037680e-001
 5.2105641e-001
 5.2163994e-001
 5.2218533e-001
 5.2274030e-001
 5.2333897e-001
 5.2399975e-001
 5.2472776e-001
 5.2551818e-001
 5.2635932e-001
 5.2723730e-001
 5.2813709e-001
 5.2904326e-001
 5.2994168e-001
 5.3081954e-001
 5.3166616e-001
 5.3247267e-001
 5.3323281e-001
 5.3394163e-001
 5.3459483e-001
 5.3518891e-001
 5.3572065e-001
 5.3618687e-001
 5.3658509e-001
 5.3691381e-001
 5.3717238e-001
 5.3736156e-001
 5.3748327e-001
 5.3754026e-001
 5.3753585e-001
 5.3747344e-001
 5.3735679e-001
 5.3718984e-001
 5.3697681e-001
 5.3672254e-001
 5.3643286e-001
 5.3611410e-001
 5.3577375e-001
 5.3541958e-001
 5.3506011e-001
 5.3470337e-001
 5.3435725e-001
 5.3402871e-001
 5.3372210e-001
 5.3343803e-001
 5.3317207e-001
 5.3291392e-001
 5.3264797e-001
 5.3235513e-001
 5.3201377e-001
 5.3160137e-001
 5.3109562e-001
 5.3047597e-001
 5.2972507e-001
 5.2883089e-001
 5.2778983e-001
 5.2660614e-001
 5.2529150e-001
 5.2386433e-001
 5.2234536e-001
 5.2075732e-001
 5.1912272e-001
 5.1746470e-001
 5.1580352e-001
 5.1415652e-001
 5.1253825e-001
 5.1095778e-001
 5.0942016e-001
 5.0792873e-001
 5.0648385e-001
 5.0508505e-001
 5.0373262e-001
 5.0242537e-001
 5.0116223e-001
 4.9994123e-001
 4.9876067e-001
 4.9761716e-001
 4.9650657e-001
 4.9542519e-001
 4.9436814e-001
 4.9333039e-001
 4.9230778e-001
 4.9129575e-001
 4.9029049e-001
 4.8928910e-001
 4.8829079e-001
 4.8729560e-001
 4.8630503e-001
 4.8532236e-001
 4.8435074e-001
 4.8339364e-001
 4.8245522e-001
 4.8153880e-001
 4.8064750e-001
 4.7978342e-001
 4.7894832e-001
 4.7814223e-001
 4.7736415e-001
 4.7661290e-001
 4.7588623e-001
 4.7518173e-001
 4.7449723e-001
 4.7382975e-001
 4.7317559e-001
 4.7253060e-001
 4.7188869e-001
 4.7124231e-001
 4.7058246e-001
 4.6989942e-001
 4.6918261e-001
 4.6842110e-001
 4.6760491e-001
 4.6672451e-001
 4.6577254e-001
 4.6474591e-001
 4.6364570e-001
 4.6247861e-001
 4.6125600e-001
 4.5999375e-001
 4.5870912e-001
 4.5742026e-001
 4.5614636e-001
 4.5490459e-001
 4.5370984e-001
 4.5257393e-001
 4.5150208e-001
 4.5049360e-001
 4.4954300e-001
 4.4864026e-001
 4.4777346e-001
 4.4692954e-001
 4.4609600e-001
 4.4526020e-001
 4.4441053e-001
 4.4353777e-001
 4.4263440e-001
 4.4169533e-001
 4.4071856e-001
 4.3970329e-001
 4.3865010e-001
 4.3755996e-001
 4.3643484e-001
 4.3527597e-001
 4.3408474e-001
 4.3286341e-001
 4.3165889e-001
 4.3068978e-001
 4.2940623e-001
 4.2812866e-001
 4.2686966e-001
 4.2564228e-001
 4.2445928e-001
 4.2333418e-001
 4.2227975e-001
 4.2130890e-001
 4.2043474e-001
 4.1966853e-001
 4.1900730e-001
 4.1843972e-001
 4.1795442e-001
 4.1753995e-001
 4.1718519e-001
 4.1687864e-001
 4.1660902e-001
 4.1636500e-001
 4.1613525e-001
 4.1590843e-001
 4.1567314e-001
 4.1541812e-001
 4.1513205e-001
 4.1480431e-001
 4.1443184e-001
 4.1401535e-001
 4.1355556e-001
 4.1305348e-001
 4.1250986e-001
 4.1192541e-001
 4.1130096e-001
 4.1063750e-001
 4.0993568e-001
 4.0919641e-001
 4.0842029e-001
 4.0760842e-001
 4.0676153e-001
 4.0588039e-001
 4.0496582e-001
 4.0401840e-001
 4.0303943e-001
 4.0202960e-001
 4.0099156e-001
 3.9992821e-001
 3.9884347e-001
 3.9774036e-001
 3.9662227e-001
 3.9549220e-001
 3.9435402e-001
 3.9321077e-001
 3.9206585e-001
 3.9092249e-001
 3.8978377e-001
 3.8865361e-001
 3.8753498e-001
 3.8643122e-001
 3.8534546e-001
 3.8428143e-001
 3.8324228e-001
 3.8223132e-001
 3.8125160e-001
 3.8030699e-001
 3.7940049e-001
 3.7853500e-001
 3.7770969e-001
 3.7692240e-001
 3.7617043e-001
 3.7545112e-001
 3.7476206e-001
 3.7410039e-001
 3.7346402e-001
 3.7285018e-001
 3.7225634e-001
 3.7167975e-001
 3.7111828e-001
 3.7056911e-001
 3.7002972e-001
 3.6949751e-001
 3.6897010e-001
 3.6844486e-001
 3.6791927e-001
 3.6739069e-001
 3.6685655e-001
 3.6631447e-001
 3.6576182e-001
 3.6519608e-001
 3.6461455e-001
 3.6401492e-001
 3.6339453e-001
 3.6275113e-001
 3.6208466e-001
 3.6139682e-001
 3.6068875e-001
 3.5996178e-001
 3.5921726e-001
 3.5845628e-001
 3.5768059e-001
 3.5689136e-001
 3.5608980e-001
 3.5527718e-001
 3.5445514e-001
 3.5362488e-001
 3.5278761e-001
 3.5194463e-001
 3.5109749e-001
 3.5024750e-001
 3.4939584e-001
 3.4854364e-001
 3.4769279e-001
 3.4684426e-001
 3.4599945e-001
 3.4515965e-001
 3.4432608e-001
 3.4350032e-001
 3.4268361e-001
 3.4187728e-001
 3.4108242e-001
 3.4030080e-001
 3.3953348e-001
 3.3878171e-001
 3.3804536e-001
 3.3732438e-001
 3.3661813e-001
