s07_ASD Record=13209: Dolomite.5+Na-Mont.5 AMX21    BECKb AREF
 4.8377267e-001
 4.8534712e-001
 4.8690090e-001
 4.8842445e-001
 4.8990417e-001
 4.9132955e-001
 4.9270016e-001
 4.9402857e-001
 4.9534041e-001
 4.9667048e-001
 4.9805638e-001
 4.9953157e-001
 5.0112116e-001
 5.0283808e-001
 5.0467604e-001
 5.0660855e-001
 5.0859761e-001
 5.1061022e-001
 5.1262957e-001
 5.1465923e-001
 5.1671898e-001
 5.1883334e-001
 5.2102029e-001
 5.2328473e-001
 5.2562147e-001
 5.2801943e-001
 5.3046638e-001
 5.3295046e-001
 5.3545749e-001
 5.3797072e-001
 5.4047221e-001
 5.4294682e-001
 5.4538250e-001
 5.4776770e-001
 5.5009031e-001
 5.5233949e-001
 5.5450642e-001
 5.5658525e-001
 5.5857623e-001
 5.6048501e-001
 5.6232029e-001
 5.6409019e-001
 5.6579953e-001
 5.6745011e-001
 5.6904155e-001
 5.7057464e-001
 5.7205361e-001
 5.7348901e-001
 5.7489705e-001
 5.7629722e-001
 5.7770568e-001
 5.7912928e-001
 5.8056295e-001
 5.8199281e-001
 5.8340460e-001
 5.8479100e-001
 5.8615565e-001
 5.8751023e-001
 5.8886707e-001
 5.9023935e-001
 5.9163839e-001
 5.9306258e-001
 5.9450936e-001
 5.9597856e-001
 5.9746516e-001
 5.9895170e-001
 6.0041934e-001
 6.0185593e-001
 6.0325664e-001
 6.0462487e-001
 6.0596842e-001
 6.0729104e-001
 6.0858577e-001
 6.0983711e-001
 6.1103076e-001
 6.1216664e-001
 6.1326492e-001
 6.1435872e-001
 6.1547595e-001
 6.1662102e-001
 6.1777198e-001
 6.1889410e-001
 6.1996329e-001
 6.2098122e-001
 6.2197381e-001
 6.2297583e-001
 6.2401628e-001
 6.2511325e-001
 6.2627709e-001
 6.2751287e-001
 6.2881565e-001
 6.3016337e-001
 6.3151628e-001
 6.3282889e-001
 6.3406700e-001
 6.3521868e-001
 6.3629359e-001
 6.3731182e-001
 6.3829303e-001
 6.3925087e-001
 6.4019251e-001
 6.4111632e-001
 6.4201123e-001
 6.4286309e-001
 6.4366692e-001
 6.4443928e-001
 6.4521366e-001
 6.4601749e-001
 6.4684576e-001
 6.4765173e-001
 6.4836454e-001
 6.4892548e-001
 6.4932710e-001
 6.4963156e-001
 6.4995611e-001
 6.5042216e-001
 6.5109253e-001
 6.5193462e-001
 6.5283972e-001
 6.5368563e-001
 6.5439898e-001
 6.5497756e-001
 6.5546864e-001
 6.5592885e-001
 6.5639544e-001
 6.5687764e-001
 6.5736341e-001
 6.5783036e-001
 6.5825605e-001
 6.5862739e-001
 6.5894598e-001
 6.5922457e-001
 6.5947473e-001
 6.5970165e-001
 6.5991533e-001
 6.6014802e-001
 6.6044796e-001
 6.6084528e-001
 6.6132206e-001
 6.6182655e-001
 6.6232479e-001
 6.6283697e-001
 6.6341496e-001
 6.6408467e-001
 6.6481435e-001
 6.6553694e-001
 6.6619784e-001
 6.6678870e-001
 6.6734415e-001
 6.6790515e-001
 6.6846943e-001
 6.6898030e-001
 6.6937870e-001
 6.6967744e-001
 6.6997564e-001
 6.7039078e-001
 6.7097259e-001
 6.7167914e-001
 6.7242849e-001
 6.7317122e-001
 6.7391866e-001
 6.7470759e-001
 6.7554122e-001
 6.7636931e-001
 6.7712933e-001
 6.7780685e-001
 6.7845231e-001
 6.7914015e-001
 6.7991269e-001
 6.8075407e-001
 6.8160212e-001
 6.8238395e-001
 6.8305826e-001
 6.8364763e-001
 6.8423736e-001
 6.8492639e-001
 6.8575549e-001
 6.8667215e-001
 6.8756998e-001
 6.8836540e-001
 6.8904108e-001
 6.8962991e-001
 6.9017154e-001
 6.9067591e-001
 6.9111401e-001
 6.9145662e-001
 6.9173896e-001
 6.9206667e-001
 6.9252497e-001
 6.9310099e-001
 6.9372976e-001
 6.9437885e-001
 6.9502461e-001
 6.9557804e-001
 6.9593692e-001
 6.9612104e-001
 6.9628608e-001
 6.9658798e-001
 6.9707215e-001
 6.9767040e-001
 6.9823492e-001
 6.9858992e-001
 6.9864690e-001
 6.9852269e-001
 6.9850111e-001
 6.9881505e-001
 6.9944054e-001
 7.0011777e-001
 7.0059395e-001
 7.0082903e-001
 7.0094609e-001
 7.0103753e-001
 7.0109886e-001
 7.0112038e-001
 7.0114219e-001
 7.0120388e-001
 7.0130384e-001
 7.0142001e-001
 7.0152849e-001
 7.0159990e-001
 7.0162332e-001
 7.0165128e-001
 7.0178878e-001
 7.0210254e-001
 7.0253146e-001
 7.0290792e-001
 7.0309418e-001
 7.0309305e-001
 7.0300561e-001
 7.0290828e-001
 7.0281500e-001
 7.0272899e-001
 7.0266324e-001
 7.0262361e-001
 7.0262796e-001
 7.0272529e-001
 7.0293140e-001
 7.0317340e-001
 7.0337760e-001
 7.0358318e-001
 7.0386583e-001
 7.0416075e-001
 7.0426798e-001
 7.0406300e-001
 7.0365191e-001
 7.0329326e-001
 7.0317429e-001
 7.0328212e-001
 7.0348781e-001
 7.0368743e-001
 7.0380360e-001
 7.0376891e-001
 7.0361954e-001
 7.0349729e-001
 7.0348412e-001
 7.0354360e-001
 7.0361567e-001
 7.0360613e-001
 7.0342511e-001
 7.0318639e-001
 7.0312685e-001
 7.0325500e-001
 7.0335025e-001
 7.0331460e-001
 7.0328999e-001
 7.0342439e-001
 7.0367593e-001
 7.0387465e-001
 7.0389974e-001
 7.0378691e-001
 7.0370704e-001
 7.0380992e-001
 7.0404744e-001
 7.0419431e-001
 7.0409870e-001
 7.0387012e-001
 7.0374656e-001
 7.0382810e-001
 7.0402789e-001
 7.0423108e-001
 7.0440710e-001
 7.0459127e-001
 7.0480430e-001
 7.0498866e-001
 7.0504832e-001
 7.0496374e-001
 7.0483553e-001
 7.0479912e-001
 7.0490474e-001
 7.0507669e-001
 7.0517856e-001
 7.0513403e-001
 7.0501202e-001
 7.0498663e-001
 7.0516115e-001
 7.0542300e-001
 7.0557821e-001
 7.0565134e-001
 7.0587081e-001
 7.0629662e-001
 7.0667964e-001
 7.0678222e-001
 7.0665145e-001
 7.0650613e-001
 7.0650989e-001
 7.0670432e-001
 7.0703655e-001
 7.0738834e-001
 7.0765090e-001
 7.0782173e-001
 7.0797551e-001
 7.0813668e-001
 7.0829564e-001
 7.0855445e-001
 7.0905358e-001
 7.0968461e-001
 7.1012855e-001
 7.1026063e-001
 7.1029478e-001
 7.1046662e-001
 7.1068549e-001
 7.1072495e-001
 7.1065259e-001
 7.1081340e-001
 7.1140921e-001
 7.1222085e-001
 7.1275836e-001
 7.1270585e-001
 7.1223867e-001
 7.1187991e-001
 7.1203601e-001
 7.1266562e-001
 7.1336406e-001
 7.1371806e-001
 7.1357685e-001
 7.1306729e-001
 7.1246117e-001
 7.1205735e-001
 7.1209276e-001
 7.1264195e-001
 7.1355808e-001
 7.1455103e-001
 7.1536654e-001
 7.1591222e-001
 7.1623534e-001
 7.1640790e-001
 7.1644890e-001
 7.1635866e-001
 7.1622270e-001
 7.1625298e-001
 7.1664578e-001
 7.1730977e-001
 7.1776724e-001
 7.1761429e-001
 7.1724635e-001
 7.1736968e-001
 7.1818894e-001
 7.1923268e-001
 7.1976852e-001
 7.1961266e-001
 7.1937203e-001
 7.1958470e-001
 7.2000825e-001
 7.2017717e-001
 7.2014254e-001
 7.2022885e-001
 7.2048074e-001
 7.2066456e-001
 7.2057390e-001
 7.2020239e-001
 7.1978474e-001
 7.1976340e-001
 7.2052616e-001
 7.2189915e-001
 7.2304082e-001
 7.2319984e-001
 7.2245401e-001
 7.2153413e-001
 7.2110450e-001
 7.2119439e-001
 7.2130722e-001
 7.2126424e-001
 7.2154570e-001
 7.2231972e-001
 7.2280747e-001
 7.2234505e-001
 7.2138017e-001
 7.2071862e-001
 7.2049534e-001
 7.2046727e-001
 7.2065663e-001
 7.2116721e-001
 7.2178614e-001
 7.2218412e-001
 7.2231954e-001
 7.2249770e-001
 7.2302479e-001
 7.2387475e-001
 7.2468984e-001
 7.2494334e-001
 7.2464931e-001
 7.2454911e-001
 7.2496367e-001
 7.2534448e-001
 7.2511643e-001
 7.2428489e-001
 7.2335690e-001
 7.2288299e-001
 7.2301280e-001
 7.2347182e-001
 7.2391909e-001
 7.2422272e-001
 7.2446328e-001
 7.2474003e-001
 7.2500151e-001
 7.2505003e-001
 7.2472793e-001
 7.2413141e-001
 7.2359496e-001
 7.2341853e-001
 7.2358650e-001
 7.2377223e-001
 7.2365874e-001
 7.2328460e-001
 7.2300512e-001
 7.2314703e-001
 7.2377998e-001
 7.2468340e-001
 7.2547770e-001
 7.2584581e-001
 7.2598791e-001
 7.2594428e-001
 7.2582287e-001
 7.2567278e-001
 7.2551960e-001
 7.2538894e-001
 7.2530556e-001
 7.2528851e-001
 7.2535479e-001
 7.2552127e-001
 7.2578841e-001
 7.2604740e-001
 7.2614545e-001
 7.2592932e-001
 7.2529006e-001
 7.2440726e-001
 7.2357833e-001
 7.2310054e-001
 7.2321832e-001
 7.2382158e-001
 7.2479993e-001
 7.2558314e-001
 7.2605360e-001
 7.2615558e-001
 7.2602367e-001
 7.2580081e-001
 7.2563004e-001
 7.2564882e-001
 7.2587389e-001
 7.2620219e-001
 7.2652537e-001
 7.2673500e-001
 7.2672719e-001
 7.2649378e-001
 7.2612143e-001
 7.2570086e-001
 7.2532254e-001
 7.2507465e-001
 7.2498482e-001
 7.2502249e-001
 7.2515398e-001
 7.2534603e-001
 7.2556543e-001
 7.2578043e-001
 7.2596729e-001
 7.2610378e-001
 7.2616774e-001
 7.2613722e-001
 7.2598982e-001
 7.2571564e-001
 7.2535127e-001
 7.2494441e-001
 7.2454309e-001
 7.2419465e-001
 7.2394735e-001
 7.2384864e-001
 7.2392923e-001
 7.2415340e-001
 7.2447020e-001
 7.2482830e-001
 7.2517657e-001
 7.2546387e-001
 7.2563881e-001
 7.2565055e-001
 7.2546381e-001
 7.2510523e-001
 7.2461545e-001
 7.2403538e-001
 7.2340572e-001
 7.2276747e-001
 7.2216135e-001
 7.2162807e-001
 7.2119963e-001
 7.2087365e-001
 7.2064048e-001
 7.2048998e-001
 7.2041225e-001
 7.2039735e-001
 7.2043532e-001
 7.2051620e-001
 7.2063071e-001
 7.2077143e-001
 7.2093153e-001
 7.2110415e-001
 7.2128254e-001
 7.2145975e-001
 7.2162902e-001
 7.2178340e-001
 7.2191620e-001
 7.2202057e-001
 7.2208959e-001
 7.2211635e-001
 7.2209591e-001
 7.2202915e-001
 7.2191870e-001
 7.2176689e-001
 7.2157621e-001
 7.2134918e-001
 7.2108811e-001
 7.2079557e-001
 7.2047412e-001
 7.2012597e-001
 7.1975380e-001
 7.1935999e-001
 7.1894801e-001
 7.1852535e-001
 7.1810007e-001
 7.1768045e-001
 7.1727484e-001
 7.1689123e-001
 7.1653801e-001
 7.1622336e-001
 7.1595544e-001
 7.1574253e-001
 7.1559274e-001
 7.1551090e-001
 7.1548957e-001
 7.1551847e-001
 7.1558750e-001
 7.1568656e-001
 7.1580547e-001
 7.1593386e-001
 7.1606201e-001
 7.1617937e-001
 7.1627599e-001
 7.1634382e-001
 7.1638280e-001
 7.1639419e-001
 7.1637958e-001
 7.1634048e-001
 7.1627825e-001
 7.1619427e-001
 7.1609026e-001
 7.1596742e-001
 7.1582747e-001
 7.1567279e-001
 7.1551079e-001
 7.1534914e-001
 7.1519607e-001
 7.1505922e-001
 7.1494681e-001
 7.1486664e-001
 7.1482688e-001
 7.1483529e-001
 7.1489990e-001
 7.1502072e-001
 7.1517098e-001
 7.1531838e-001
 7.1543050e-001
 7.1547496e-001
 7.1541929e-001
 7.1523124e-001
 7.1487832e-001
 7.1432817e-001
 7.1356744e-001
 7.1264523e-001
 7.1162456e-001
 7.1056759e-001
 7.0953721e-001
 7.0859575e-001
 7.0780605e-001
 7.0723021e-001
 7.0690870e-001
 7.0680660e-001
 7.0687431e-001
 7.0706183e-001
 7.0731932e-001
 7.0759696e-001
 7.0784497e-001
 7.0801336e-001
 7.0806742e-001
 7.0802081e-001
 7.0789742e-001
 7.0772117e-001
 7.0751560e-001
 7.0730472e-001
 7.0711207e-001
 7.0696175e-001
 7.0686835e-001
 7.0681739e-001
 7.0678884e-001
 7.0676196e-001
 7.0670927e-001
 7.0661479e-001
 7.0646727e-001
 7.0626932e-001
 7.0603639e-001
 7.0579296e-001
 7.0556772e-001
 7.0538980e-001
 7.0528460e-001
 7.0526582e-001
 7.0533121e-001
 7.0546681e-001
 7.0565397e-001
 7.0587319e-001
 7.0610583e-001
 7.0633495e-001
 7.0654577e-001
 7.0672476e-001
 7.0685959e-001
 7.0693952e-001
 7.0695764e-001
 7.0691389e-001
 7.0681608e-001
 7.0667815e-001
 7.0651716e-001
 7.0635146e-001
 7.0619941e-001
 7.0607895e-001
 7.0600748e-001
 7.0600140e-001
 7.0607549e-001
 7.0623994e-001
 7.0649540e-001
 7.0682830e-001
 7.0720947e-001
 7.0759714e-001
 7.0794415e-001
 7.0820612e-001
 7.0835048e-001
 7.0774311e-001
 7.0771241e-001
 7.0763284e-001
 7.0751274e-001
 7.0736337e-001
 7.0719755e-001
 7.0702845e-001
 7.0686823e-001
 7.0672756e-001
 7.0661479e-001
 7.0653600e-001
 7.0649445e-001
 7.0649117e-001
 7.0652479e-001
 7.0659220e-001
 7.0668864e-001
 7.0680821e-001
 7.0694357e-001
 7.0708662e-001
 7.0722842e-001
 7.0735991e-001
 7.0747226e-001
 7.0755768e-001
 7.0760977e-001
 7.0762402e-001
 7.0759827e-001
 7.0753342e-001
 7.0743400e-001
 7.0730788e-001
 7.0716614e-001
 7.0702124e-001
 7.0688570e-001
 7.0677030e-001
 7.0668292e-001
 7.0662779e-001
 7.0660514e-001
 7.0661151e-001
 7.0664060e-001
 7.0668447e-001
 7.0673454e-001
 7.0678318e-001
 7.0682424e-001
 7.0685363e-001
 7.0686924e-001
 7.0687109e-001
 7.0686054e-001
 7.0683998e-001
 7.0681244e-001
 7.0678139e-001
 7.0675021e-001
 7.0672238e-001
 7.0670134e-001
 7.0669037e-001
 7.0669246e-001
 7.0670974e-001
 7.0674348e-001
 7.0679349e-001
 7.0685798e-001
 7.0693398e-001
 7.0701754e-001
 7.0710492e-001
 7.0719302e-001
 7.0728052e-001
 7.0736796e-001
 7.0745748e-001
 7.0755202e-001
 7.0765382e-001
 7.0776325e-001
 7.0787787e-001
 7.0799237e-001
 7.0809895e-001
 7.0818931e-001
 7.0825619e-001
 7.0829576e-001
 7.0830870e-001
 7.0830065e-001
 7.0828170e-001
 7.0826459e-001
 7.0826238e-001
 7.0828611e-001
 7.0834249e-001
 7.0843250e-001
 7.0855105e-001
 7.0868725e-001
 7.0882595e-001
 7.0894951e-001
 7.0904046e-001
 7.0908380e-001
 7.0906895e-001
 7.0899147e-001
 7.0885420e-001
 7.0866680e-001
 7.0844555e-001
 7.0821118e-001
 7.0798695e-001
 7.0779568e-001
 7.0765710e-001
 7.0758539e-001
 7.0758742e-001
 7.0766199e-001
 7.0779967e-001
 7.0798486e-001
 7.0819730e-001
 7.0841503e-001
 7.0861739e-001
 7.0878714e-001
 7.0891291e-001
 7.0898962e-001
 7.0901912e-001
 7.0900899e-001
 7.0897090e-001
 7.0891869e-001
 7.0886576e-001
 7.0882320e-001
 7.0879775e-001
 7.0879143e-001
 7.0880097e-001
 7.0881909e-001
 7.0883614e-001
 7.0884204e-001
 7.0882875e-001
 7.0879203e-001
 7.0873278e-001
 7.0865721e-001
 7.0857573e-001
 7.0850116e-001
 7.0844609e-001
 7.0842016e-001
 7.0842838e-001
 7.0846999e-001
 7.0853853e-001
 7.0862365e-001
 7.0871335e-001
 7.0879591e-001
 7.0886254e-001
 7.0890802e-001
 7.0893091e-001
 7.0893276e-001
 7.0891678e-001
 7.0888621e-001
 7.0884329e-001
 7.0878881e-001
 7.0872217e-001
 7.0864213e-001
 7.0854795e-001
 7.0843995e-001
 7.0832056e-001
 7.0819420e-001
 7.0806694e-001
 7.0794576e-001
 7.0783728e-001
 7.0774716e-001
 7.0767874e-001
 7.0763296e-001
 7.0760822e-001
 7.0760089e-001
 7.0760632e-001
 7.0761967e-001
 7.0763725e-001
 7.0765710e-001
 7.0767951e-001
 7.0770699e-001
 7.0774347e-001
 7.0779371e-001
 7.0786208e-001
 7.0795161e-001
 7.0806283e-001
 7.0819384e-001
 7.0833957e-001
 7.0849270e-001
 7.0864403e-001
 7.0878375e-001
 7.0890242e-001
 7.0899224e-001
 7.0904785e-001
 7.0906717e-001
 7.0905113e-001
 7.0900404e-001
 7.0893276e-001
 7.0884603e-001
 7.0875341e-001
 7.0866466e-001
 7.0858866e-001
 7.0853287e-001
 7.0850271e-001
 7.0850152e-001
 7.0853037e-001
 7.0858812e-001
 7.0867169e-001
 7.0877624e-001
 7.0889544e-001
 7.0902199e-001
 7.0914787e-001
 7.0926547e-001
 7.0936799e-001
 7.0945060e-001
 7.0951104e-001
 7.0955026e-001
 7.0957208e-001
 7.0958322e-001
 7.0959157e-001
 7.0960552e-001
 7.0963180e-001
 7.0967495e-001
 7.0973629e-001
 7.0981413e-001
 7.0990443e-001
 7.1000159e-001
 7.1009982e-001
 7.1019369e-001
 7.1027863e-001
 7.1035081e-001
 7.1040678e-001
 7.1044308e-001
 7.1045595e-001
 7.1044207e-001
 7.1039873e-001
 7.1032536e-001
 7.1022439e-001
 7.1010184e-001
 7.0996761e-001
 7.0983452e-001
 7.0971686e-001
 7.0962882e-001
 7.0958215e-001
 7.0958471e-001
 7.0963889e-001
 7.0974183e-001
 7.0988542e-001
 7.1005827e-001
 7.1024710e-001
 7.1043915e-001
 7.1062380e-001
 7.1079397e-001
 7.1094608e-001
 7.1107984e-001
 7.1119690e-001
 7.1129930e-001
 7.1138823e-001
 7.1146315e-001
 7.1152192e-001
 7.1156150e-001
 7.1157897e-001
 7.1157300e-001
 7.1154451e-001
 7.1149719e-001
 7.1143693e-001
 7.1137077e-001
 7.1130598e-001
 7.1124846e-001
 7.1120262e-001
 7.1117085e-001
 7.1115386e-001
 7.1115148e-001
 7.1116310e-001
 7.1118802e-001
 7.1122575e-001
 7.1127576e-001
 7.1133739e-001
 7.1140957e-001
 7.1149087e-001
 7.1157992e-001
 7.1167564e-001
 7.1177757e-001
 7.1188629e-001
 7.1200287e-001
 7.1212870e-001
 7.1226448e-001
 7.1240938e-001
 7.1256053e-001
 7.1271265e-001
 7.1285796e-001
 7.1298736e-001
 7.1309096e-001
 7.1315962e-001
 7.1318626e-001
 7.1316677e-001
 7.1310097e-001
 7.1299291e-001
 7.1285063e-001
 7.1268547e-001
 7.1251106e-001
 7.1234167e-001
 7.1219075e-001
 7.1206915e-001
 7.1198380e-001
 7.1193671e-001
 7.1192485e-001
 7.1194053e-001
 7.1197295e-001
 7.1200985e-001
 7.1203983e-001
 7.1205431e-001
 7.1204907e-001
 7.1202457e-001
 7.1198577e-001
 7.1194053e-001
 7.1189755e-001
 7.1186471e-001
 7.1184683e-001
 7.1184498e-001
 7.1185607e-001
 7.1187371e-001
 7.1188939e-001
 7.1189404e-001
 7.1187955e-001
 7.1183968e-001
 7.1177131e-001
 7.1167427e-001
 7.1155149e-001
 7.1140862e-001
 7.1125329e-001
 7.1109462e-001
 7.1094191e-001
 7.1080381e-001
 7.1068728e-001
 7.1059656e-001
 7.1053237e-001
 7.1049178e-001
 7.1046835e-001
 7.1045321e-001
 7.1043617e-001
 7.1040738e-001
 7.1035910e-001
 7.1028668e-001
 7.1018946e-001
 7.1007079e-001
 7.0993751e-001
 7.0979887e-001
 7.0966524e-001
 7.0954686e-001
 7.0945239e-001
 7.0938808e-001
 7.0935720e-001
 7.0935994e-001
 7.0939350e-001
 7.0945233e-001
 7.0952916e-001
 7.0961559e-001
 7.0970285e-001
 7.0978284e-001
 7.0984858e-001
 7.0989513e-001
 7.0991951e-001
 7.0992088e-001
 7.0990038e-001
 7.0986044e-001
 7.0980418e-001
 7.0973438e-001
 7.0965302e-001
 7.0956045e-001
 7.0945495e-001
 7.0933324e-001
 7.0919073e-001
 7.0902228e-001
 7.0882380e-001
 7.0859301e-001
 7.0833015e-001
 7.0803875e-001
 7.0772463e-001
 7.0739526e-001
 7.0705789e-001
 7.0671797e-001
 7.0637745e-001
 7.0603371e-001
 7.0567942e-001
 7.0530325e-001
 7.0489097e-001
 7.0442754e-001
 7.0389861e-001
 7.0329249e-001
 7.0260113e-001
 7.0182014e-001
 7.0094931e-001
 6.9999105e-001
 6.9895005e-001
 6.9783175e-001
 6.9664085e-001
 6.9538099e-001
 6.9405329e-001
 6.9265682e-001
 6.9118851e-001
 6.8964297e-001
 6.8801475e-001
 6.8629801e-001
 6.8448901e-001
 6.8258649e-001
 6.8059218e-001
 6.7851192e-001
 6.7635500e-001
 6.7413270e-001
 6.7185861e-001
 6.6954565e-001
 6.6720670e-001
 6.6485339e-001
 6.6249526e-001
 6.6014236e-001
 6.5780413e-001
 6.5549266e-001
 6.5322286e-001
 6.5101278e-001
 6.4888531e-001
 6.4686584e-001
 6.4498299e-001
 6.4326650e-001
 6.4174479e-001
 6.4044529e-001
 6.3939101e-001
 6.3860106e-001
 6.3808906e-001
 6.3786280e-001
 6.3792437e-001
 6.3827002e-001
 6.3889056e-001
 6.3977146e-001
 6.4089394e-001
 6.4223486e-001
 6.4376789e-001
 6.4546561e-001
 6.4729923e-001
 6.4924186e-001
 6.5126842e-001
 6.5335691e-001
 6.5548950e-001
 6.5765023e-001
 6.5982550e-001
 6.6200072e-001
 6.6415948e-001
 6.6628307e-001
 6.6834873e-001
 6.7033297e-001
 6.7221177e-001
 6.7396420e-001
 6.7557561e-001
 6.7703837e-001
 6.7835426e-001
 6.7953229e-001
 6.8058789e-001
 6.8154031e-001
 6.8240869e-001
 6.8320966e-001
 6.8395549e-001
 6.8465227e-001
 6.8530059e-001
 6.8589598e-001
 6.8643087e-001
 6.8689704e-001
 6.8728745e-001
 6.8759865e-001
 6.8783212e-001
 6.8799496e-001
 6.8810004e-001
 6.8816495e-001
 6.8821096e-001
 6.8826067e-001
 6.8833625e-001
 6.8845707e-001
 6.8863821e-001
 6.8888915e-001
 6.8921298e-001
 6.8960667e-001
 6.9006222e-001
 6.9056797e-001
 6.9111049e-001
 6.9167691e-001
 6.9225675e-001
 6.9284338e-001
 6.9343430e-001
 6.9403136e-001
 6.9463909e-001
 6.9526285e-001
 6.9590694e-001
 6.9657189e-001
 6.9725382e-001
 6.9794405e-001
 6.9862968e-001
 6.9929636e-001
 6.9992995e-001
 7.0051956e-001
 7.0105934e-001
 7.0154911e-001
 7.0199436e-001
 7.0240450e-001
 7.0279145e-001
 7.0316726e-001
 7.0354223e-001
 7.0392412e-001
 7.0431715e-001
 7.0472205e-001
 7.0513672e-001
 7.0555633e-001
 7.0597422e-001
 7.0638239e-001
 7.0677191e-001
 7.0713437e-001
 7.0746189e-001
 7.0774871e-001
 7.0799202e-001
 7.0819223e-001
 7.0835358e-001
 7.0848364e-001
 7.0859224e-001
 7.0869064e-001
 7.0879006e-001
 7.0890057e-001
 7.0903021e-001
 7.0918471e-001
 7.0936757e-001
 7.0958030e-001
 7.0982307e-001
 7.1009499e-001
 7.1039432e-001
 7.1071851e-001
 7.1106374e-001
 7.1142453e-001
 7.1179360e-001
 7.1216142e-001
 7.1251702e-001
 7.1284884e-001
 7.1314651e-001
 7.1340305e-001
 7.1361595e-001
 7.1378773e-001
 7.1392614e-001
 7.1404290e-001
 7.1415359e-001
 7.1427542e-001
 7.1442509e-001
 7.1461558e-001
 7.1485311e-001
 7.1513528e-001
 7.1545112e-001
 7.1578282e-001
 7.1610892e-001
 7.1640915e-001
 7.1666837e-001
 7.1687883e-001
 7.1704066e-001
 7.1716040e-001
 7.1724904e-001
 7.1731973e-001
 7.1738583e-001
 7.1745968e-001
 7.1755093e-001
 7.1766597e-001
 7.1780789e-001
 7.1797621e-001
 7.1816790e-001
 7.1837795e-001
 7.1860003e-001
 7.1882802e-001
 7.1905607e-001
 7.1927935e-001
 7.1949446e-001
 7.1969897e-001
 7.1989113e-001
 7.2006947e-001
 7.2023249e-001
 7.2037834e-001
 7.2050488e-001
 7.2060990e-001
 7.2069150e-001
 7.2074896e-001
 7.2078335e-001
 7.2079831e-001
 7.2080040e-001
 7.2079873e-001
 7.2080439e-001
 7.2082895e-001
 7.2088271e-001
 7.2097284e-001
 7.2110194e-001
 7.2126740e-001
 7.2146213e-001
 7.2167516e-001
 7.2189325e-001
 7.2210234e-001
 7.2228891e-001
 7.2244108e-001
 7.2254944e-001
 7.2260791e-001
 7.2261453e-001
 7.2257191e-001
 7.2248733e-001
 7.2237253e-001
 7.2224301e-001
 7.2211683e-001
 7.2201246e-001
 7.2194701e-001
 7.2193372e-001
 7.2198027e-001
 7.2208720e-001
 7.2224778e-001
 7.2244853e-001
 7.2267127e-001
 7.2289544e-001
 7.2310156e-001
 7.2327393e-001
 7.2340322e-001
 7.2348779e-001
 7.2353369e-001
 7.2355324e-001
 7.2356278e-001
 7.2357982e-001
 7.2361982e-001
 7.2369379e-001
 7.2380626e-001
 7.2395527e-001
 7.2413242e-001
 7.2432482e-001
 7.2451681e-001
 7.2469276e-001
 7.2483873e-001
 7.2494447e-001
 7.2500414e-001
 7.2501636e-001
 7.2498423e-001
 7.2491413e-001
 7.2481489e-001
 7.2469664e-001
 7.2456968e-001
 7.2444391e-001
 7.2432816e-001
 7.2422957e-001
 7.2415346e-001
 7.2410309e-001
 7.2407985e-001
 7.2408307e-001
 7.2411036e-001
 7.2415829e-001
 7.2422218e-001
 7.2429734e-001
 7.2437906e-001
 7.2446322e-001
 7.2454667e-001
 7.2462726e-001
 7.2470397e-001
 7.2477674e-001
 7.2484660e-001
 7.2491509e-001
 7.2498429e-001
 7.2505665e-001
 7.2513485e-001
 7.2522146e-001
 7.2531915e-001
 7.2543019e-001
 7.2555679e-001
 7.2570044e-001
 7.2586179e-001
 7.2604042e-001
 7.2623420e-001
 7.2643870e-001
 7.2664696e-001
 7.2684908e-001
 7.2703236e-001
 7.2718227e-001
 7.2728336e-001
 7.2732151e-001
 7.2728521e-001
 7.2716796e-001
 7.2696912e-001
 7.2669518e-001
 7.2635937e-001
 7.2598183e-001
 7.2558838e-001
 7.2520816e-001
 7.2487080e-001
 7.2460270e-001
 7.2442329e-001
 7.2434235e-001
 7.2435832e-001
 7.2445858e-001
 7.2462130e-001
 7.2481889e-001
 7.2502261e-001
 7.2520661e-001
 7.2535211e-001
 7.2544926e-001
 7.2549778e-001
 7.2550482e-001
 7.2548294e-001
 7.2544688e-001
 7.2541070e-001
 7.2538584e-001
 7.2537941e-001
 7.2539347e-001
 7.2542554e-001
 7.2546870e-001
 7.2551322e-001
 7.2554791e-001
 7.2556186e-001
 7.2554559e-001
 7.2549236e-001
 7.2539872e-001
 7.2526431e-001
 7.2509187e-001
 7.2488624e-001
 7.2465366e-001
 7.2440094e-001
 7.2413480e-001
 7.2386116e-001
 7.2358495e-001
 7.2331017e-001
 7.2303969e-001
 7.2277558e-001
 7.2251952e-001
 7.2227299e-001
 7.2203749e-001
 7.2181475e-001
 7.2160673e-001
 7.2141576e-001
 7.2124410e-001
 7.2109389e-001
 7.2096699e-001
 7.2086442e-001
 7.2078627e-001
 7.2073168e-001
 7.2069848e-001
 7.2068381e-001
 7.2068393e-001
 7.2069508e-001
 7.2071344e-001
 7.2073609e-001
 7.2076100e-001
 7.2078753e-001
 7.2081625e-001
 7.2084910e-001
 7.2088879e-001
 7.2093844e-001
 7.2100085e-001
 7.2107810e-001
 7.2117102e-001
 7.2127879e-001
 7.2139877e-001
 7.2152686e-001
 7.2165751e-001
 7.2178453e-001
 7.2190148e-001
 7.2200233e-001
 7.2208196e-001
 7.2213650e-001
 7.2216368e-001
 7.2216243e-001
 7.2213322e-001
 7.2207743e-001
 7.2199696e-001
 7.2189432e-001
 7.2177184e-001
 7.2163171e-001
 7.2147602e-001
 7.2130662e-001
 7.2112560e-001
 7.2093517e-001
 7.2073841e-001
 7.2053939e-001
 7.2034347e-001
 7.2015727e-001
 7.1998847e-001
 7.1984541e-001
 7.1973610e-001
 7.1966684e-001
 7.1964139e-001
 7.1965903e-001
 7.1971393e-001
 7.1979439e-001
 7.1988320e-001
 7.1995872e-001
 7.1999717e-001
 7.1997505e-001
 7.1987253e-001
 7.1967643e-001
 7.1938270e-001
 7.1899819e-001
 7.1854073e-001
 7.1803820e-001
 7.1752578e-001
 7.1704233e-001
 7.1662503e-001
 7.1630472e-001
 7.1610159e-001
 7.1602172e-001
 7.1605641e-001
 7.1618479e-001
 7.1637714e-001
 7.1659905e-001
 7.1681607e-001
 7.1699709e-001
 7.1711755e-001
 7.1716052e-001
 7.1711773e-001
 7.1699065e-001
 7.1679044e-001
 7.1653676e-001
 7.1625525e-001
 7.1597451e-001
 7.1572155e-001
 7.1551824e-001
 7.1537733e-001
 7.1530110e-001
 7.1528077e-001
 7.1529257e-001
 7.1535820e-001
 7.1540833e-001
 7.1541375e-001
 7.1534985e-001
 7.1520066e-001
 7.1496069e-001
 7.1463436e-001
 7.1423274e-001
 7.1377075e-001
 7.1326458e-001
 7.1273059e-001
 7.1218437e-001
 7.1163982e-001
 7.1110857e-001
 7.1059912e-001
 7.1011704e-001
 7.0966512e-001
 7.0924407e-001
 7.0885336e-001
 7.0849192e-001
 7.0815820e-001
 7.0785058e-001
 7.0756692e-001
 7.0730489e-001
 7.0706153e-001
 7.0683318e-001
 7.0661551e-001
 7.0640397e-001
 7.0619357e-001
 7.0597947e-001
 7.0575643e-001
 7.0551974e-001
 7.0526451e-001
 7.0498627e-001
 7.0468110e-001
 7.0434535e-001
 7.0397574e-001
 7.0356947e-001
 7.0312369e-001
 7.0263606e-001
 7.0210403e-001
 7.0152569e-001
 7.0090020e-001
 7.0022786e-001
 6.9951123e-001
 6.9875479e-001
 6.9796538e-001
 6.9715118e-001
 6.9632113e-001
 6.9548470e-001
 6.9465101e-001
 6.9382894e-001
 6.9302595e-001
 6.9224733e-001
 6.9149572e-001
 6.9077027e-001
 6.9006765e-001
 6.8938231e-001
 6.8870717e-001
 6.8803483e-001
 6.8735737e-001
 6.8666655e-001
 6.8595380e-001
 6.8520939e-001
 6.8442285e-001
 6.8358248e-001
 6.8267512e-001
 6.8168736e-001
 6.8060470e-001
 6.7941284e-001
 6.7809719e-001
 6.7664236e-001
 6.7503285e-001
 6.7325145e-001
 6.7127979e-001
 6.6909778e-001
 6.6668320e-001
 6.6401362e-001
 6.6106492e-001
 6.5781403e-001
 6.5423924e-001
 6.5032125e-001
 6.4604986e-001
 6.4142525e-001
 6.3646573e-001
 6.3120800e-001
 6.2570387e-001
 6.2001896e-001
 6.1422634e-001
 6.0840046e-001
 6.0261905e-001
 5.9695554e-001
 5.9148103e-001
 5.8625966e-001
 5.8134383e-001
 5.7677776e-001
 5.7259363e-001
 5.6881809e-001
 5.6547326e-001
 5.6257761e-001
 5.6014949e-001
 5.5820364e-001
 5.5675113e-001
 5.5579579e-001
 5.5533147e-001
 5.5534154e-001
 5.5579954e-001
 5.5667198e-001
 5.5792087e-001
 5.5950654e-001
 5.6138796e-001
 5.6352478e-001
 5.6587642e-001
 5.6840271e-001
 5.7106543e-001
 5.7382655e-001
 5.7664883e-001
 5.7949674e-001
 5.8233392e-001
 5.8512580e-001
 5.8783758e-001
 5.9043652e-001
 5.9289449e-001
 5.9518856e-001
 5.9730560e-001
 5.9924108e-001
 6.0099924e-001
 6.0259116e-001
 6.0403109e-001
 6.0533559e-001
 6.0652137e-001
 6.0760462e-001
 6.0860050e-001
 6.0952145e-001
 6.1037707e-001
 6.1117309e-001
 6.1191213e-001
 6.1259454e-001
 6.1321908e-001
 6.1378407e-001
 6.1428779e-001
 6.1472887e-001
 6.1510754e-001
 6.1542600e-001
 6.1568946e-001
 6.1590648e-001
 6.1608845e-001
 6.1624914e-001
 6.1640352e-001
 6.1656690e-001
 6.1675465e-001
 6.1698091e-001
 6.1725783e-001
 6.1759359e-001
 6.1799127e-001
 6.1844856e-001
 6.1895776e-001
 6.1950779e-001
 6.2008494e-001
 6.2067473e-001
 6.2126249e-001
 6.2183416e-001
 6.2237698e-001
 6.2288111e-001
 6.2333959e-001
 6.2374979e-001
 6.2411201e-001
 6.2442935e-001
 6.2470639e-001
 6.2494850e-001
 6.2516165e-001
 6.2535238e-001
 6.2552869e-001
 6.2570059e-001
 6.2588072e-001
 6.2608510e-001
 6.2633228e-001
 6.2664300e-001
 6.2703919e-001
 6.2754291e-001
 6.2817574e-001
 6.2895674e-001
 6.2989992e-001
 6.3101166e-001
 6.3228667e-001
 6.3370782e-001
 6.3524675e-001
 6.3686675e-001
 6.3852680e-001
 6.4018345e-001
 6.4179343e-001
 6.4331681e-001
 6.4471900e-001
 6.4597642e-001
 6.4707899e-001
 6.4803231e-001
 6.4885610e-001
 6.4958012e-001
 6.5024060e-001
 6.5087605e-001
 6.5152580e-001
 6.5222639e-001
 6.5300995e-001
 6.5390015e-001
 6.5490878e-001
 6.5603542e-001
 6.5726823e-001
 6.5858716e-001
 6.5996611e-001
 6.6137773e-001
 6.6279405e-001
 6.6418678e-001
 6.6553080e-001
 6.6680455e-001
 6.6799045e-001
 6.6907728e-001
 6.7005831e-001
 6.7093080e-001
 6.7169350e-001
 6.7234689e-001
 6.7289215e-001
 6.7333078e-001
 6.7366600e-001
 6.7390293e-001
 6.7404944e-001
 6.7411679e-001
 6.7411888e-001
 6.7407173e-001
 6.7399269e-001
 6.7389941e-001
 6.7380965e-001
 6.7374015e-001
 6.7370600e-001
 6.7371917e-001
 6.7378765e-001
 6.7391461e-001
 6.7409950e-001
 6.7433828e-001
 6.7462540e-001
 6.7495435e-001
 6.7531830e-001
 6.7571008e-001
 6.7612267e-001
 6.7654920e-001
 6.7698222e-001
 6.7741477e-001
 6.7783982e-001
 6.7824990e-001
 6.7863804e-001
 6.7899722e-001
 6.7932039e-001
 6.7960155e-001
 6.7983568e-001
 6.8002015e-001
 6.8015498e-001
 6.8024361e-001
 6.8029243e-001
 6.8030971e-001
 6.8030530e-001
 6.8028939e-001
 6.8027198e-001
 6.8026245e-001
 6.8026805e-001
 6.8029320e-001
 6.8033773e-001
 6.8039703e-001
 6.8046206e-001
 6.8052077e-001
 6.8055916e-001
 6.8056262e-001
 6.8051660e-001
 6.8040824e-001
 6.8022740e-001
 6.7996913e-001
 6.7963570e-001
 6.7923683e-001
 6.7878896e-001
 6.7831421e-001
 6.7783725e-001
 6.7738402e-001
 6.7698061e-001
 6.7665106e-001
 6.7641526e-001
 6.7628682e-001
 6.7626977e-001
 6.7635834e-001
 6.7653751e-001
 6.7678547e-001
 6.7707652e-001
 6.7738330e-001
 6.7767811e-001
 6.7793500e-001
 6.7813164e-001
 6.7825156e-001
 6.7828679e-001
 6.7823857e-001
 6.7811620e-001
 6.7793530e-001
 6.7771494e-001
 6.7747593e-001
 6.7723936e-001
 6.7702526e-001
 6.7685121e-001
 6.7673093e-001
 6.7667234e-001
 6.7667729e-001
 6.7674208e-001
 6.7685884e-001
 6.7701733e-001
 6.7720610e-001
 6.7741328e-001
 6.7762727e-001
 6.7783701e-001
 6.7803234e-001
 6.7820472e-001
 6.7834705e-001
 6.7845368e-001
 6.7851996e-001
 6.7854190e-001
 6.7851591e-001
 6.7843860e-001
 6.7830682e-001
 6.7811811e-001
 6.7787087e-001
 6.7756486e-001
 6.7720103e-001
 6.7678195e-001
 6.7631090e-001
 6.7579162e-001
 6.7522848e-001
 6.7462581e-001
 6.7398810e-001
 6.7332017e-001
 6.7262775e-001
 6.7191690e-001
 6.7119449e-001
 6.7046863e-001
 6.6974747e-001
 6.6903955e-001
 6.6835380e-001
 6.6769850e-001
 6.6708136e-001
 6.6650820e-001
 6.6598260e-001
 6.6550392e-001
 6.6506767e-001
 6.6466564e-001
 6.6428685e-001
 6.6391861e-001
 6.6354769e-001
 6.6316044e-001
 6.6274357e-001
 6.6228479e-001
 6.6177279e-001
 6.6119820e-001
 6.6055340e-001
 6.5983301e-001
 6.5903252e-001
 6.5814823e-001
 6.5717745e-001
 6.5611726e-001
 6.5496504e-001
 6.5372014e-001
 6.5238261e-001
 6.5095490e-001
 6.4944148e-001
 6.4785004e-001
 6.4618880e-001
 6.4446676e-001
 6.4269477e-001
 6.4088237e-001
 6.3903886e-001
 6.3717437e-001
 6.3529658e-001
 6.3341200e-001
 6.3152689e-001
 6.2964487e-001
 6.2776905e-001
 6.2590146e-001
 6.2404495e-001
 6.2220073e-001
 6.2036896e-001
 6.1854935e-001
 6.1673737e-001
 6.1492419e-001
 6.1309803e-001
 6.1124164e-001
 6.0933512e-001
 6.0735661e-001
 6.0528499e-001
 6.0309893e-001
 6.0078007e-001
 5.9831876e-001
 5.9571481e-001
 5.9298354e-001
 5.9015918e-001
 5.8728951e-001
 5.8443421e-001
 5.8165914e-001
 5.7903475e-001
 5.7662910e-001
 5.7450640e-001
 5.7272333e-001
 5.7131976e-001
 5.7031524e-001
 5.6970716e-001
 5.6947148e-001
 5.6956935e-001
 5.6995261e-001
 5.7056892e-001
 5.7136506e-001
 5.7228923e-001
 5.7329297e-001
 5.7433510e-001
 5.7538348e-001
 5.7641530e-001
 5.7741755e-001
 5.7838398e-001
 5.7931149e-001
 5.8019972e-001
 5.8104873e-001
 5.8185858e-001
 5.8262813e-001
 5.8335567e-001
 5.8403766e-001
 5.8466840e-001
 5.8524078e-001
 5.8574665e-001
 5.8617663e-001
 5.8652151e-001
 5.8677220e-001
 5.8692020e-001
 5.8695871e-001
 5.8688360e-001
 5.8669442e-001
 5.8639485e-001
 5.8599216e-001
 5.8549607e-001
 5.8491850e-001
 5.8427155e-001
 5.8356774e-001
 5.8281958e-001
 5.8203882e-001
 5.8123612e-001
 5.8042091e-001
 5.7960147e-001
 5.7878423e-001
 5.7797468e-001
 5.7717824e-001
 5.7639939e-001
 5.7564223e-001
 5.7491094e-001
 5.7420796e-001
 5.7353383e-001
 5.7288712e-001
 5.7226324e-001
 5.7165504e-001
 5.7105350e-001
 5.7044894e-001
 5.6983078e-001
 5.6918871e-001
 5.6851363e-001
 5.6779808e-001
 5.6703782e-001
 5.6623363e-001
 5.6539071e-001
 5.6451905e-001
 5.6363147e-001
 5.6274354e-001
 5.6187105e-001
 5.6102931e-001
 5.6023312e-001
 5.5949342e-001
 5.5881608e-001
 5.5820048e-001
 5.5763775e-001
 5.5711204e-001
 5.5660278e-001
 5.5608577e-001
 5.5553591e-001
 5.5492783e-001
 5.5423790e-001
 5.5344540e-001
 5.5253476e-001
 5.5149835e-001
 5.5033600e-001
 5.4905462e-001
 5.4766750e-001
 5.4619014e-001
 5.4463983e-001
 5.4303384e-001
 5.4139000e-001
 5.3972358e-001
 5.3804713e-001
 5.3637099e-001
 5.3470051e-001
 5.3303748e-001
 5.3138226e-001
 5.2973258e-001
 5.2808547e-001
 5.2643907e-001
 5.2479082e-001
 5.2313977e-001
 5.2148670e-001
 5.1983625e-001
 5.1819497e-001
 5.1657230e-001
 5.1498073e-001
 5.1343292e-001
 5.1194215e-001
 5.1052272e-001
 5.0918776e-001
 5.0794995e-001
 5.0682050e-001
 5.0580990e-001
 5.0492579e-001
 5.0417453e-001
 5.0356162e-001
 5.0309145e-001
 5.0276798e-001
 5.0259554e-001
 5.0257814e-001
 5.0272024e-001
 5.0302684e-001
 5.0350326e-001
 5.0415581e-001
 5.0499165e-001
 5.0601768e-001
 5.0724173e-001
 5.0867152e-001
 5.1031339e-001
 5.1217294e-001
 5.1425272e-001
 5.1654834e-001
 5.1904941e-001
 5.2173680e-001
 5.2458489e-001
 5.2756023e-001
 5.3062856e-001
 5.3375405e-001
 5.3689855e-001
 5.4002726e-001
 5.4310793e-001
 5.4611021e-001
 5.4901189e-001
 5.5179614e-001
 5.5445260e-001
 5.5697316e-001
 5.5935436e-001
 5.6159377e-001
 5.6368786e-001
 5.6563479e-001
 5.6743240e-001
 5.6907690e-001
 5.7056546e-001
 5.7189482e-001
 5.7306057e-001
 5.7405895e-001
 5.7488585e-001
 5.7553715e-001
 5.7600898e-001
 5.7629848e-001
 5.7640457e-001
 5.7632840e-001
 5.7607496e-001
 5.7565266e-001
 5.7507384e-001
 5.7435340e-001
 5.7350802e-001
 5.7255483e-001
 5.7151175e-001
 5.7039601e-001
 5.6922424e-001
 5.6801367e-001
 5.6682462e-001
 5.6588107e-001
 5.6464195e-001
 5.6341237e-001
 5.6219852e-001
 5.6100690e-001
 5.5984366e-001
 5.5871570e-001
 5.5762929e-001
 5.5659080e-001
 5.5560672e-001
 5.5468225e-001
 5.5381441e-001
 5.5299425e-001
 5.5221337e-001
 5.5146289e-001
 5.5073464e-001
 5.5001992e-001
 5.4931003e-001
 5.4859644e-001
 5.4787076e-001
 5.4712433e-001
 5.4634851e-001
 5.4553455e-001
 5.4467428e-001
 5.4375952e-001
 5.4278815e-001
 5.4176074e-001
 5.4067773e-001
 5.3954047e-001
 5.3834945e-001
 5.3710532e-001
 5.3580880e-001
 5.3446096e-001
 5.3306246e-001
 5.3161383e-001
 5.3011572e-001
 5.2856940e-001
 5.2697545e-001
 5.2533436e-001
 5.2364725e-001
 5.2191401e-001
 5.2013659e-001
 5.1831537e-001
 5.1645231e-001
 5.1454991e-001
 5.1261169e-001
 5.1063985e-001
 5.0863725e-001
 5.0660622e-001
 5.0455028e-001
 5.0247180e-001
 5.0037348e-001
 4.9825811e-001
 4.9612787e-001
 4.9398649e-001
 4.9183631e-001
 4.8967993e-001
 4.8751971e-001
 4.8535928e-001
 4.8320097e-001
 4.8104745e-001
 4.7890106e-001
 4.7676542e-001
 4.7464284e-001
 4.7253582e-001
 4.7044513e-001
 4.6837196e-001
 4.6631628e-001
 4.6427843e-001
 4.6225885e-001
 4.6025729e-001
 4.5827520e-001
 4.5631239e-001
 4.5436928e-001
 4.5244578e-001
 4.5054317e-001
 4.4866133e-001
 4.4680059e-001
 4.4496101e-001
 4.4314376e-001
 4.4134876e-001
 4.3957639e-001
 4.3782702e-001
 4.3610060e-001
 4.3439835e-001
 4.3272018e-001
 4.3106654e-001
 4.2943734e-001
 4.2783374e-001
 4.2625567e-001
 4.2470354e-001
 4.2317641e-001
 4.2167431e-001
 4.2019600e-001
 4.1874069e-001
 4.1730762e-001
 4.1589555e-001
 4.1450444e-001
 4.1313314e-001
 4.1178080e-001
 4.1044641e-001
 4.0912965e-001
 4.0782946e-001
 4.0654501e-001
 4.0527529e-001
 4.0401998e-001
 4.0277809e-001
 4.0154868e-001
 4.0033075e-001
 3.9912412e-001
 3.9792755e-001
 3.9674035e-001
 3.9556164e-001
 3.9439043e-001
 3.9322641e-001
 3.9206851e-001
 3.9091587e-001
 3.8976753e-001
 3.8862315e-001
 3.8748163e-001
 3.8634276e-001
 3.8520983e-001
 3.8408902e-001
 3.8298553e-001
