s07_ASD Record=13773: Montmorillonite+Illite CM42   BECKb AREF
 1.4398547e-001
 1.4456609e-001
 1.4514165e-001
 1.4571066e-001
 1.4627720e-001
 1.4684772e-001
 1.4742841e-001
 1.4802404e-001
 1.4863873e-001
 1.4927672e-001
 1.4994322e-001
 1.5064412e-001
 1.5138599e-001
 1.5217543e-001
 1.5301688e-001
 1.5391040e-001
 1.5485081e-001
 1.5583022e-001
 1.5684135e-001
 1.5788148e-001
 1.5895495e-001
 1.6007288e-001
 1.6124973e-001
 1.6249770e-001
 1.6382325e-001
 1.6522501e-001
 1.6669393e-001
 1.6821776e-001
 1.6978766e-001
 1.7140225e-001
 1.7306516e-001
 1.7478159e-001
 1.7655574e-001
 1.7839080e-001
 1.8028489e-001
 1.8222716e-001
 1.8420108e-001
 1.8618816e-001
 1.8817228e-001
 1.9014318e-001
 1.9209954e-001
 1.9404766e-001
 1.9599691e-001
 1.9795392e-001
 1.9991747e-001
 2.0187865e-001
 2.0382421e-001
 2.0574175e-001
 2.0762224e-001
 2.0946042e-001
 2.1125400e-001
 2.1300456e-001
 2.1472053e-001
 2.1641822e-001
 2.1811974e-001
 2.1984711e-001
 2.2161506e-001
 2.2342284e-001
 2.2525562e-001
 2.2708264e-001
 2.2885470e-001
 2.3056507e-001
 2.3222709e-001
 2.3385717e-001
 2.3550127e-001
 2.3721647e-001
 2.3902516e-001
 2.4092118e-001
 2.4288796e-001
 2.4490416e-001
 2.4695140e-001
 2.4901785e-001
 2.5109938e-001
 2.5320071e-001
 2.5533560e-001
 2.5752509e-001
 2.5979197e-001
 2.6215482e-001
 2.6462334e-001
 2.6719722e-001
 2.6986876e-001
 2.7262500e-001
 2.7545083e-001
 2.7832958e-001
 2.8124425e-001
 2.8417760e-001
 2.8711259e-001
 2.9003352e-001
 2.9292542e-001
 2.9577380e-001
 2.9856250e-001
 3.0127358e-001
 3.0388784e-001
 3.0638891e-001
 3.0876768e-001
 3.1102574e-001
 3.1317693e-001
 3.1524155e-001
 3.1723604e-001
 3.1916133e-001
 3.2100055e-001
 3.2272673e-001
 3.2431558e-001
 3.2575512e-001
 3.2704803e-001
 3.2820535e-001
 3.2923338e-001
 3.3012775e-001
 3.3088151e-001
 3.3150148e-001
 3.3202025e-001
 3.3249363e-001
 3.3298478e-001
 3.3354339e-001
 3.3419037e-001
 3.3491144e-001
 3.3566400e-001
 3.3639905e-001
 3.3709154e-001
 3.3775911e-001
 3.3844897e-001
 3.3919907e-001
 3.4000662e-001
 3.4083459e-001
 3.4165150e-001
 3.4246629e-001
 3.4332481e-001
 3.4427020e-001
 3.4530619e-001
 3.4639892e-001
 3.4751403e-001
 3.4865126e-001
 3.4984112e-001
 3.5111299e-001
 3.5247228e-001
 3.5391176e-001
 3.5543662e-001
 3.5706726e-001
 3.5881326e-001
 3.6065516e-001
 3.6256421e-001
 3.6453831e-001
 3.6660880e-001
 3.6880481e-001
 3.7111700e-001
 3.7350041e-001
 3.7591439e-001
 3.7836120e-001
 3.8088307e-001
 3.8351560e-001
 3.8623357e-001
 3.8894948e-001
 3.9157766e-001
 3.9410698e-001
 3.9660481e-001
 3.9915329e-001
 4.0178749e-001
 4.0449387e-001
 4.0724933e-001
 4.1004851e-001
 4.1289696e-001
 4.1579795e-001
 4.1875452e-001
 4.2177361e-001
 4.2485639e-001
 4.2798486e-001
 4.3113118e-001
 4.3427619e-001
 4.3740875e-001
 4.4051796e-001
 4.4360358e-001
 4.4669086e-001
 4.4981062e-001
 4.5296419e-001
 4.5612505e-001
 4.5928305e-001
 4.6247077e-001
 4.6573776e-001
 4.6910903e-001
 4.7256693e-001
 4.7606707e-001
 4.7956863e-001
 4.8305365e-001
 4.8652005e-001
 4.8995692e-001
 4.9334836e-001
 4.9671119e-001
 5.0010121e-001
 5.0354505e-001
 5.0699073e-001
 5.1036680e-001
 5.1366526e-001
 5.1691121e-001
 5.2007759e-001
 5.2311337e-001
 5.2605021e-001
 5.2900356e-001
 5.3205341e-001
 5.3517878e-001
 5.3830892e-001
 5.4138792e-001
 5.4439306e-001
 5.4734093e-001
 5.5028152e-001
 5.5324394e-001
 5.5618250e-001
 5.5902022e-001
 5.6174958e-001
 5.6445771e-001
 5.6723398e-001
 5.7006979e-001
 5.7285035e-001
 5.7544017e-001
 5.7778358e-001
 5.7994026e-001
 5.8203053e-001
 5.8413196e-001
 5.8622152e-001
 5.8822232e-001
 5.9011149e-001
 5.9197682e-001
 5.9394747e-001
 5.9605676e-001
 5.9818614e-001
 6.0017633e-001
 6.0198432e-001
 6.0369754e-001
 6.0539943e-001
 6.0705882e-001
 6.0856158e-001
 6.0983801e-001
 6.1095572e-001
 6.1208874e-001
 6.1338884e-001
 6.1487049e-001
 6.1639982e-001
 6.1779344e-001
 6.1894178e-001
 6.1986512e-001
 6.2068778e-001
 6.2157100e-001
 6.2261528e-001
 6.2376291e-001
 6.2481695e-001
 6.2563497e-001
 6.2630767e-001
 6.2707555e-001
 6.2807363e-001
 6.2920344e-001
 6.3024002e-001
 6.3102269e-001
 6.3156039e-001
 6.3200444e-001
 6.3251990e-001
 6.3315386e-001
 6.3383448e-001
 6.3449228e-001
 6.3512200e-001
 6.3573992e-001
 6.3637197e-001
 6.3708413e-001
 6.3789874e-001
 6.3866884e-001
 6.3921827e-001
 6.3961172e-001
 6.4007294e-001
 6.4065915e-001
 6.4121777e-001
 6.4164072e-001
 6.4201617e-001
 6.4250016e-001
 6.4309007e-001
 6.4361209e-001
 6.4395690e-001
 6.4419240e-001
 6.4440411e-001
 6.4461690e-001
 6.4490479e-001
 6.4537066e-001
 6.4598686e-001
 6.4661175e-001
 6.4717859e-001
 6.4775318e-001
 6.4834112e-001
 6.4880008e-001
 6.4905185e-001
 6.4922255e-001
 6.4948237e-001
 6.4982605e-001
 6.5007997e-001
 6.5011835e-001
 6.5006119e-001
 6.5021831e-001
 6.5079278e-001
 6.5165275e-001
 6.5241575e-001
 6.5279740e-001
 6.5291286e-001
 6.5317059e-001
 6.5381765e-001
 6.5467542e-001
 6.5535396e-001
 6.5564847e-001
 6.5571243e-001
 6.5586513e-001
 6.5624350e-001
 6.5670890e-001
 6.5708643e-001
 6.5735906e-001
 6.5760523e-001
 6.5789264e-001
 6.5829051e-001
 6.5888321e-001
 6.5968609e-001
 6.6055512e-001
 6.6122895e-001
 6.6154319e-001
 6.6161448e-001
 6.6176832e-001
 6.6222602e-001
 6.6285568e-001
 6.6336215e-001
 6.6365337e-001
 6.6388774e-001
 6.6423637e-001
 6.6470760e-001
 6.6517395e-001
 6.6552097e-001
 6.6576034e-001
 6.6600543e-001
 6.6635764e-001
 6.6682255e-001
 6.6732615e-001
 6.6779363e-001
 6.6820890e-001
 6.6861200e-001
 6.6905826e-001
 6.6958469e-001
 6.7019826e-001
 6.7087293e-001
 6.7155248e-001
 6.7217499e-001
 6.7271549e-001
 6.7321074e-001
 6.7372429e-001
 6.7426586e-001
 6.7474741e-001
 6.7506027e-001
 6.7523432e-001
 6.7550880e-001
 6.7615479e-001
 6.7712075e-001
 6.7788649e-001
 6.7797750e-001
 6.7778832e-001
 6.7802036e-001
 6.7883223e-001
 6.7983395e-001
 6.8056113e-001
 6.8096751e-001
 6.8142676e-001
 6.8212473e-001
 6.8272954e-001
 6.8300778e-001
 6.8331331e-001
 6.8398392e-001
 6.8472457e-001
 6.8506122e-001
 6.8499875e-001
 6.8489093e-001
 6.8500406e-001
 6.8542463e-001
 6.8614829e-001
 6.8706447e-001
 6.8794584e-001
 6.8859386e-001
 6.8899405e-001
 6.8930417e-001
 6.8970400e-001
 6.9021326e-001
 6.9064188e-001
 6.9077504e-001
 6.9061017e-001
 6.9042075e-001
 6.9057322e-001
 6.9117254e-001
 6.9194216e-001
 6.9258648e-001
 6.9309855e-001
 6.9355875e-001
 6.9390213e-001
 6.9410658e-001
 6.9434822e-001
 6.9471353e-001
 6.9500470e-001
 6.9510400e-001
 6.9527209e-001
 6.9578028e-001
 6.9663072e-001
 6.9750780e-001
 6.9811076e-001
 6.9844818e-001
 6.9864845e-001
 6.9882792e-001
 6.9907308e-001
 6.9942409e-001
 6.9988191e-001
 7.0041144e-001
 7.0090675e-001
 7.0120138e-001
 7.0117730e-001
 7.0091361e-001
 7.0067352e-001
 7.0069838e-001
 7.0098919e-001
 7.0131344e-001
 7.0145208e-001
 7.0144820e-001
 7.0159274e-001
 7.0212364e-001
 7.0290440e-001
 7.0343733e-001
 7.0330065e-001
 7.0266712e-001
 7.0221788e-001
 7.0253038e-001
 7.0364851e-001
 7.0501167e-001
 7.0573890e-001
 7.0545411e-001
 7.0455933e-001
 7.0377165e-001
 7.0366067e-001
 7.0411903e-001
 7.0476699e-001
 7.0522439e-001
 7.0517451e-001
 7.0472139e-001
 7.0413828e-001
 7.0369881e-001
 7.0362753e-001
 7.0382309e-001
 7.0405281e-001
 7.0408344e-001
 7.0372951e-001
 7.0311970e-001
 7.0251030e-001
 7.0215821e-001
 7.0227462e-001
 7.0276779e-001
 7.0353311e-001
 7.0410609e-001
 7.0438093e-001
 7.0429981e-001
 7.0395517e-001
 7.0344591e-001
 7.0287132e-001
 7.0232868e-001
 7.0187616e-001
 7.0153308e-001
 7.0131701e-001
 7.0124567e-001
 7.0133483e-001
 7.0155531e-001
 7.0183408e-001
 7.0209605e-001
 7.0226622e-001
 7.0227271e-001
 7.0210856e-001
 7.0183140e-001
 7.0150113e-001
 7.0117790e-001
 7.0092177e-001
 7.0077395e-001
 7.0070314e-001
 7.0066011e-001
 7.0059580e-001
 7.0046109e-001
 7.0020700e-001
 6.9980001e-001
 6.9926840e-001
 6.9865441e-001
 6.9800097e-001
 6.9735044e-001
 6.9674563e-001
 6.9622904e-001
 6.9583285e-001
 6.9554985e-001
 6.9536328e-001
 6.9525653e-001
 6.9521266e-001
 6.9521528e-001
 6.9524741e-001
 6.9529253e-001
 6.9533420e-001
 6.9535875e-001
 6.9535238e-001
 6.9530129e-001
 6.9519210e-001
 6.9501132e-001
 6.9474506e-001
 6.9437987e-001
 6.9390863e-001
 6.9334769e-001
 6.9271910e-001
 6.9204479e-001
 6.9134712e-001
 6.9064766e-001
 6.8996876e-001
 6.8933237e-001
 6.8875551e-001
 6.8823755e-001
 6.8777317e-001
 6.8735754e-001
 6.8698549e-001
 6.8665206e-001
 6.8635219e-001
 6.8608075e-001
 6.8583292e-001
 6.8560350e-001
 6.8538743e-001
 6.8517977e-001
 6.8497592e-001
 6.8477321e-001
 6.8456948e-001
 6.8436235e-001
 6.8414962e-001
 6.8392926e-001
 6.8369859e-001
 6.8345565e-001
 6.8319815e-001
 6.8292379e-001
 6.8263030e-001
 6.8231553e-001
 6.8197924e-001
 6.8162882e-001
 6.8127322e-001
 6.8092138e-001
 6.8058252e-001
 6.8026537e-001
 6.7997909e-001
 6.7973268e-001
 6.7953509e-001
 6.7939538e-001
 6.7932242e-001
 6.7931992e-001
 6.7937237e-001
 6.7946023e-001
 6.7956364e-001
 6.7966312e-001
 6.7973906e-001
 6.7977172e-001
 6.7974144e-001
 6.7962879e-001
 6.7941386e-001
 6.7908698e-001
 6.7867213e-001
 6.7820066e-001
 6.7770410e-001
 6.7721361e-001
 6.7676079e-001
 6.7637676e-001
 6.7609322e-001
 6.7594135e-001
 6.7595267e-001
 6.7614514e-001
 6.7649162e-001
 6.7695510e-001
 6.7749858e-001
 6.7808509e-001
 6.7867774e-001
 6.7923945e-001
 6.7973346e-001
 6.8012261e-001
 6.8037009e-001
 6.8045080e-001
 6.8038058e-001
 6.8018395e-001
 6.7988497e-001
 6.7950809e-001
 6.7907757e-001
 6.7861772e-001
 6.7815298e-001
 6.7770761e-001
 6.7730218e-001
 6.7694443e-001
 6.7663991e-001
 6.7639375e-001
 6.7621124e-001
 6.7609763e-001
 6.7605829e-001
 6.7609853e-001
 6.7621684e-001
 6.7638993e-001
 6.7658985e-001
 6.7678875e-001
 6.7695838e-001
 6.7707115e-001
 6.7709905e-001
 6.7701411e-001
 6.7680025e-001
 6.7647940e-001
 6.7608154e-001
 6.7563659e-001
 6.7517436e-001
 6.7472482e-001
 6.7431790e-001
 6.7398345e-001
 6.7374319e-001
 6.7359275e-001
 6.7352277e-001
 6.7353028e-001
 6.7359638e-001
 6.7370999e-001
 6.7386681e-001
 6.7407012e-001
 6.7433184e-001
 6.7466921e-001
 6.7510170e-001
 6.7564762e-001
 6.7631626e-001
 6.7709416e-001
 6.7793745e-001
 6.7878103e-001
 6.7955202e-001
 6.8018162e-001
 6.8061918e-001
 6.8084902e-001
 6.8089539e-001
 6.8081224e-001
 6.8066770e-001
 6.8052977e-001
 6.8045390e-001
 6.8047130e-001
 6.8058503e-001
 6.8077582e-001
 6.8101341e-001
 6.8126500e-001
 6.8150204e-001
 6.8170458e-001
 6.8186253e-001
 6.8197405e-001
 6.8204236e-001
 6.8207455e-001
 6.8208158e-001
 6.8207985e-001
 6.8209141e-001
 6.8214256e-001
 6.8226033e-001
 6.8246818e-001
 6.8277949e-001
 6.8360478e-001
 6.8396938e-001
 6.8435740e-001
 6.8475628e-001
 6.8515289e-001
 6.8553478e-001
 6.8589175e-001
 6.8621659e-001
 6.8650621e-001
 6.8676180e-001
 6.8698907e-001
 6.8719727e-001
 6.8739831e-001
 6.8760449e-001
 6.8782663e-001
 6.8807262e-001
 6.8834603e-001
 6.8864596e-001
 6.8896747e-001
 6.8930221e-001
 6.8964040e-001
 6.8997186e-001
 6.9028759e-001
 6.9058043e-001
 6.9084555e-001
 6.9108057e-001
 6.9128579e-001
 6.9146365e-001
 6.9161797e-001
 6.9175315e-001
 6.9187325e-001
 6.9198096e-001
 6.9207746e-001
 6.9216239e-001
 6.9223416e-001
 6.9229048e-001
 6.9232917e-001
 6.9234896e-001
 6.9235039e-001
 6.9233686e-001
 6.9231498e-001
 6.9229513e-001
 6.9229072e-001
 6.9231695e-001
 6.9238901e-001
 6.9251972e-001
 6.9271696e-001
 6.9298172e-001
 6.9330734e-001
 6.9367969e-001
 6.9407976e-001
 6.9448590e-001
 6.9487816e-001
 6.9524145e-001
 6.9556767e-001
 6.9585693e-001
 6.9611657e-001
 6.9635886e-001
 6.9659829e-001
 6.9684821e-001
 6.9711846e-001
 6.9741368e-001
 6.9773322e-001
 6.9807190e-001
 6.9842172e-001
 6.9877380e-001
 6.9912046e-001
 6.9945645e-001
 6.9977975e-001
 7.0009166e-001
 7.0039582e-001
 7.0069742e-001
 7.0100152e-001
 7.0131236e-001
 7.0163220e-001
 7.0196164e-001
 7.0229948e-001
 7.0264351e-001
 7.0299125e-001
 7.0334023e-001
 7.0368826e-001
 7.0403349e-001
 7.0437366e-001
 7.0470625e-001
 7.0502806e-001
 7.0533514e-001
 7.0562404e-001
 7.0589203e-001
 7.0613813e-001
 7.0636421e-001
 7.0657510e-001
 7.0677847e-001
 7.0698446e-001
 7.0720422e-001
 7.0744896e-001
 7.0772803e-001
 7.0804816e-001
 7.0841181e-001
 7.0881724e-001
 7.0925802e-001
 7.0972383e-001
 7.1020150e-001
 7.1067619e-001
 7.1113336e-001
 7.1156055e-001
 7.1194875e-001
 7.1229392e-001
 7.1259743e-001
 7.1286625e-001
 7.1311206e-001
 7.1334958e-001
 7.1359491e-001
 7.1386284e-001
 7.1416456e-001
 7.1450633e-001
 7.1488774e-001
 7.1530205e-001
 7.1573716e-001
 7.1617717e-001
 7.1660548e-001
 7.1700710e-001
 7.1737146e-001
 7.1769428e-001
 7.1797788e-001
 7.1823049e-001
 7.1846414e-001
 7.1869183e-001
 7.1892506e-001
 7.1917099e-001
 7.1943194e-001
 7.1970528e-001
 7.1998507e-001
 7.2026408e-001
 7.2053599e-001
 7.2079635e-001
 7.2104299e-001
 7.2127485e-001
 7.2149068e-001
 7.2168750e-001
 7.2185981e-001
 7.2200042e-001
 7.2210157e-001
 7.2215742e-001
 7.2216630e-001
 7.2213203e-001
 7.2206420e-001
 7.2197682e-001
 7.2188616e-001
 7.2180802e-001
 7.2175562e-001
 7.2173804e-001
 7.2176009e-001
 7.2182333e-001
 7.2192740e-001
 7.2207189e-001
 7.2225755e-001
 7.2248650e-001
 7.2276241e-001
 7.2308910e-001
 7.2346973e-001
 7.2390556e-001
 7.2439504e-001
 7.2493404e-001
 7.2551560e-001
 7.2613055e-001
 7.2676873e-001
 7.2741890e-001
 7.2806996e-001
 7.2871137e-001
 7.2933316e-001
 7.2992671e-001
 7.3048472e-001
 7.3100203e-001
 7.3147601e-001
 7.3190707e-001
 7.3229921e-001
 7.3265982e-001
 7.3299938e-001
 7.3333067e-001
 7.3366660e-001
 7.3401880e-001
 7.3439538e-001
 7.3479897e-001
 7.3522645e-001
 7.3566842e-001
 7.3611110e-001
 7.3653829e-001
 7.3693407e-001
 7.3728579e-001
 7.3758596e-001
 7.3783344e-001
 7.3803383e-001
 7.3819852e-001
 7.3834318e-001
 7.3848629e-001
 7.3864722e-001
 7.3884487e-001
 7.3909581e-001
 7.3941326e-001
 7.3980504e-001
 7.4027252e-001
 7.4080926e-001
 7.4140066e-001
 7.4202508e-001
 7.4265569e-001
 7.4326402e-001
 7.4382478e-001
 7.4431908e-001
 7.4473816e-001
 7.4508435e-001
 7.4536991e-001
 7.4561441e-001
 7.4583983e-001
 7.4606639e-001
 7.4630892e-001
 7.4657440e-001
 7.4686253e-001
 7.4716687e-001
 7.4747801e-001
 7.4778634e-001
 7.4808460e-001
 7.4836916e-001
 7.4863994e-001
 7.4889982e-001
 7.4915290e-001
 7.4940300e-001
 7.4965286e-001
 7.4990344e-001
 7.5015420e-001
 7.5040382e-001
 7.5065118e-001
 7.5089645e-001
 7.5114131e-001
 7.5138921e-001
 7.5164503e-001
 7.5191391e-001
 7.5220048e-001
 7.5250757e-001
 7.5283533e-001
 7.5318134e-001
 7.5354052e-001
 7.5390583e-001
 7.5426984e-001
 7.5462520e-001
 7.5496602e-001
 7.5528812e-001
 7.5558931e-001
 7.5586903e-001
 7.5612777e-001
 7.5636691e-001
 7.5658786e-001
 7.5679225e-001
 7.5698197e-001
 7.5715911e-001
 7.5732642e-001
 7.5748718e-001
 7.5764513e-001
 7.5780392e-001
 7.5796694e-001
 7.5813663e-001
 7.5831401e-001
 7.5849897e-001
 7.5869018e-001
 7.5888544e-001
 7.5908285e-001
 7.5928092e-001
 7.5947928e-001
 7.5967872e-001
 7.5988054e-001
 7.6008558e-001
 7.6029330e-001
 7.6050037e-001
 7.6070035e-001
 7.6088381e-001
 7.6103967e-001
 7.6115781e-001
 7.6123106e-001
 7.6125777e-001
 7.6124257e-001
 7.6119620e-001
 7.6113272e-001
 7.6106662e-001
 7.6100844e-001
 7.6096237e-001
 7.6092440e-001
 7.6088363e-001
 7.6082498e-001
 7.6073331e-001
 7.6059800e-001
 7.6041633e-001
 7.6019442e-001
 7.5994700e-001
 7.5969452e-001
 7.5945896e-001
 7.5926048e-001
 7.5911379e-001
 7.5902665e-001
 7.5899953e-001
 7.5902671e-001
 7.5909811e-001
 7.5920117e-001
 7.5932270e-001
 7.5944984e-001
 7.5957066e-001
 7.5967425e-001
 7.5975049e-001
 7.5979012e-001
 7.5978482e-001
 7.5972766e-001
 7.5961405e-001
 7.5944215e-001
 7.5921386e-001
 7.5893509e-001
 7.5861549e-001
 7.5826764e-001
 7.5790614e-001
 7.5754547e-001
 7.5719893e-001
 7.5687683e-001
 7.5658602e-001
 7.5632948e-001
 7.5610679e-001
 7.5591475e-001
 7.5574809e-001
 7.5560045e-001
 7.5546473e-001
 7.5533319e-001
 7.5519776e-001
 7.5505042e-001
 7.5488365e-001
 7.5469142e-001
 7.5447035e-001
 7.5422049e-001
 7.5394577e-001
 7.5365347e-001
 7.5335288e-001
 7.5305319e-001
 7.5276154e-001
 7.5248098e-001
 7.5220960e-001
 7.5194108e-001
 7.5166643e-001
 7.5137627e-001
 7.5106406e-001
 7.5072801e-001
 7.5037271e-001
 7.5000823e-001
 7.4964869e-001
 7.4930906e-001
 7.4900085e-001
 7.4872899e-001
 7.4848861e-001
 7.4826413e-001
 7.4803001e-001
 7.4775344e-001
 7.4739903e-001
 7.4693412e-001
 7.4633378e-001
 7.4558485e-001
 7.4468744e-001
 7.4365455e-001
 7.4250847e-001
 7.4127656e-001
 7.3998547e-001
 7.3865587e-001
 7.3729944e-001
 7.3591691e-001
 7.3449808e-001
 7.3302507e-001
 7.3147428e-001
 7.2982115e-001
 7.2804302e-001
 7.2612047e-001
 7.2403985e-001
 7.2179079e-001
 7.1936697e-001
 7.1676314e-001
 7.1397269e-001
 7.1098852e-001
 7.0780039e-001
 7.0439839e-001
 7.0077366e-001
 6.9691968e-001
 6.9283724e-001
 6.8853277e-001
 6.8402195e-001
 6.7932755e-001
 6.7447585e-001
 6.6949743e-001
 6.6442281e-001
 6.5927786e-001
 6.5408611e-001
 6.4886278e-001
 6.4361852e-001
 6.3835841e-001
 6.3308096e-001
 6.2778449e-001
 6.2246430e-001
 6.1711991e-001
 6.1175579e-001
 6.0638279e-001
 6.0102475e-001
 5.9571534e-001
 5.9050286e-001
 5.8544749e-001
 5.8061683e-001
 5.7608628e-001
 5.7192951e-001
 5.6821728e-001
 5.6501061e-001
 5.6235623e-001
 5.6028658e-001
 5.5881643e-001
 5.5794573e-001
 5.5765998e-001
 5.5793381e-001
 5.5873382e-001
 5.6002122e-001
 5.6175500e-001
 5.6389213e-001
 5.6638992e-001
 5.6920487e-001
 5.7229280e-001
 5.7561034e-001
 5.7911253e-001
 5.8275682e-001
 5.8650148e-001
 5.9030831e-001
 5.9414512e-001
 5.9798330e-001
 6.0180140e-001
 6.0558093e-001
 6.0930628e-001
 6.1296427e-001
 6.1653972e-001
 6.2001735e-001
 6.2337917e-001
 6.2660581e-001
 6.2967932e-001
 6.3258249e-001
 6.3530135e-001
 6.3782805e-001
 6.4015907e-001
 6.4229745e-001
 6.4425033e-001
 6.4602828e-001
 6.4764416e-001
 6.4910984e-001
 6.5043658e-001
 6.5163326e-001
 6.5270686e-001
 6.5366393e-001
 6.5451080e-001
 6.5525609e-001
 6.5591079e-001
 6.5648913e-001
 6.5700871e-001
 6.5748900e-001
 6.5795070e-001
 6.5841407e-001
 6.5889812e-001
 6.5941972e-001
 6.5999335e-001
 6.6063112e-001
 6.6134334e-001
 6.6213846e-001
 6.6302371e-001
 6.6400421e-001
 6.6508251e-001
 6.6625810e-001
 6.6752541e-001
 6.6887420e-001
 6.7028832e-001
 6.7174661e-001
 6.7322558e-001
 6.7470062e-001
 6.7615056e-001
 6.7755973e-001
 6.7892104e-001
 6.8023789e-001
 6.8152243e-001
 6.8279499e-001
 6.8407923e-001
 6.8539816e-001
 6.8676990e-001
 6.8820280e-001
 6.8969393e-001
 6.9122779e-001
 6.9277835e-001
 6.9431359e-001
 6.9579935e-001
 6.9720560e-001
 6.9851166e-001
 6.9970798e-001
 7.0079809e-001
 7.0179576e-001
 7.0272112e-001
 7.0359641e-001
 7.0444018e-001
 7.0526516e-001
 7.0607603e-001
 7.0687133e-001
 7.0764679e-001
 7.0839810e-001
 7.0912552e-001
 7.0983511e-001
 7.1053916e-001
 7.1125466e-001
 7.1199924e-001
 7.1278816e-001
 7.1362996e-001
 7.1452409e-001
 7.1546072e-001
 7.1642113e-001
 7.1738088e-001
 7.1831357e-001
 7.1919459e-001
 7.2000623e-001
 7.2074002e-001
 7.2139871e-001
 7.2199512e-001
 7.2254831e-001
 7.2308069e-001
 7.2361410e-001
 7.2416782e-001
 7.2475672e-001
 7.2538918e-001
 7.2606671e-001
 7.2678328e-001
 7.2752726e-001
 7.2828412e-001
 7.2903836e-001
 7.2977722e-001
 7.3049146e-001
 7.3117697e-001
 7.3183399e-001
 7.3246515e-001
 7.3307359e-001
 7.3366094e-001
 7.3422617e-001
 7.3476571e-001
 7.3527354e-001
 7.3574305e-001
 7.3616934e-001
 7.3655099e-001
 7.3689240e-001
 7.3720449e-001
 7.3750412e-001
 7.3781240e-001
 7.3815119e-001
 7.3853952e-001
 7.3898959e-001
 7.3950422e-001
 7.4007601e-001
 7.4068850e-001
 7.4131984e-001
 7.4194533e-001
 7.4254155e-001
 7.4308920e-001
 7.4357396e-001
 7.4398917e-001
 7.4433595e-001
 7.4462283e-001
 7.4486476e-001
 7.4508065e-001
 7.4529064e-001
 7.4551386e-001
 7.4576604e-001
 7.4605840e-001
 7.4639642e-001
 7.4677998e-001
 7.4720365e-001
 7.4765772e-001
 7.4812996e-001
 7.4860686e-001
 7.4907529e-001
 7.4952382e-001
 7.4994320e-001
 7.5032717e-001
 7.5067234e-001
 7.5097835e-001
 7.5124717e-001
 7.5148278e-001
 7.5169009e-001
 7.5187451e-001
 7.5204128e-001
 7.5219506e-001
 7.5233960e-001
 7.5247782e-001
 7.5261170e-001
 7.5274265e-001
 7.5287145e-001
 7.5299865e-001
 7.5312459e-001
 7.5324965e-001
 7.5337434e-001
 7.5349939e-001
 7.5362605e-001
 7.5375581e-001
 7.5389069e-001
 7.5403297e-001
 7.5418520e-001
 7.5434983e-001
 7.5452930e-001
 7.5472558e-001
 7.5493991e-001
 7.5517303e-001
 7.5542468e-001
 7.5569361e-001
 7.5597781e-001
 7.5627416e-001
 7.5657904e-001
 7.5688797e-001
 7.5719625e-001
 7.5749928e-001
 7.5779283e-001
 7.5807351e-001
 7.5833952e-001
 7.5859070e-001
 7.5882906e-001
 7.5905830e-001
 7.5928372e-001
 7.5951147e-001
 7.5974756e-001
 7.5999695e-001
 7.6026237e-001
 7.6054376e-001
 7.6083797e-001
 7.6113874e-001
 7.6143742e-001
 7.6172370e-001
 7.6198709e-001
 7.6221806e-001
 7.6240897e-001
 7.6255506e-001
 7.6265478e-001
 7.6270986e-001
 7.6272517e-001
 7.6270789e-001
 7.6266730e-001
 7.6261336e-001
 7.6255673e-001
 7.6250726e-001
 7.6247376e-001
 7.6246309e-001
 7.6247966e-001
 7.6252478e-001
 7.6259679e-001
 7.6269084e-001
 7.6279938e-001
 7.6291293e-001
 7.6302099e-001
 7.6311344e-001
 7.6318145e-001
 7.6321876e-001
 7.6322228e-001
 7.6319253e-001
 7.6313311e-001
 7.6305026e-001
 7.6295209e-001
 7.6284772e-001
 7.6274681e-001
 7.6265842e-001
 7.6259100e-001
 7.6255125e-001
 7.6254374e-001
 7.6256996e-001
 7.6262796e-001
 7.6271176e-001
 7.6281124e-001
 7.6291263e-001
 7.6299924e-001
 7.6305300e-001
 7.6305670e-001
 7.6299632e-001
 7.6286322e-001
 7.6265633e-001
 7.6238286e-001
 7.6205754e-001
 7.6170111e-001
 7.6133782e-001
 7.6099324e-001
 7.6069170e-001
 7.6045412e-001
 7.6029712e-001
 7.6023209e-001
 7.6026475e-001
 7.6039481e-001
 7.6061630e-001
 7.6091760e-001
 7.6128155e-001
 7.6168609e-001
 7.6210439e-001
 7.6250613e-001
 7.6285863e-001
 7.6312900e-001
 7.6328683e-001
 7.6330698e-001
 7.6317227e-001
 7.6287597e-001
 7.6242334e-001
 7.6183128e-001
 7.6112795e-001
 7.6034904e-001
 7.5953525e-001
 7.5872713e-001
 7.5796109e-001
 7.5726599e-001
 7.5666004e-001
 7.5615025e-001
 7.5573266e-001
 7.5539398e-001
 7.5511473e-001
 7.5487238e-001
 7.5464481e-001
 7.5441325e-001
 7.5416434e-001
 7.5389093e-001
 7.5359243e-001
 7.5327355e-001
 7.5294256e-001
 7.5260955e-001
 7.5228411e-001
 7.5197369e-001
 7.5168234e-001
 7.5141013e-001
 7.5115329e-001
 7.5090492e-001
 7.5065631e-001
 7.5039822e-001
 7.5012273e-001
 7.4982399e-001
 7.4949962e-001
 7.4915063e-001
 7.4878132e-001
 7.4839884e-001
 7.4801159e-001
 7.4762815e-001
 7.4725604e-001
 7.4690032e-001
 7.4656290e-001
 7.4624234e-001
 7.4593347e-001
 7.4562854e-001
 7.4531758e-001
 7.4498981e-001
 7.4463433e-001
 7.4424118e-001
 7.4380231e-001
 7.4331164e-001
 7.4276602e-001
 7.4216509e-001
 7.4151129e-001
 7.4081063e-001
 7.4007213e-001
 7.3930842e-001
 7.3853558e-001
 7.3777205e-001
 7.3703861e-001
 7.3635620e-001
 7.3574466e-001
 7.3522055e-001
 7.3479486e-001
 7.3447162e-001
 7.3424667e-001
 7.3410743e-001
 7.3403406e-001
 7.3400092e-001
 7.3397940e-001
 7.3394084e-001
 7.3385924e-001
 7.3371375e-001
 7.3349053e-001
 7.3318326e-001
 7.3279345e-001
 7.3232925e-001
 7.3180395e-001
 7.3123384e-001
 7.3063618e-001
 7.3002732e-001
 7.2942090e-001
 7.2882754e-001
 7.2825396e-001
 7.2770429e-001
 7.2718024e-001
 7.2668189e-001
 7.2620869e-001
 7.2575951e-001
 7.2533375e-001
 7.2493094e-001
 7.2455132e-001
 7.2419554e-001
 7.2386461e-001
 7.2355986e-001
 7.2328240e-001
 7.2303283e-001
 7.2281069e-001
 7.2261429e-001
 7.2244030e-001
 7.2228390e-001
 7.2213650e-001
 7.2200513e-001
 7.2187084e-001
 7.2172582e-001
 7.2156346e-001
 7.2137821e-001
 7.2116655e-001
 7.2092652e-001
 7.2065729e-001
 7.2035885e-001
 7.2003132e-001
 7.1967518e-001
 7.1929151e-001
 7.1888202e-001
 7.1845001e-001
 7.1800053e-001
 7.1754044e-001
 7.1707857e-001
 7.1662498e-001
 7.1619064e-001
 7.1578676e-001
 7.1542430e-001
 7.1511310e-001
 7.1486050e-001
 7.1466976e-001
 7.1453828e-001
 7.1445698e-001
 7.1441102e-001
 7.1438128e-001
 7.1434611e-001
 7.1428287e-001
 7.1416897e-001
 7.1398312e-001
 7.1370667e-001
 7.1332580e-001
 7.1283305e-001
 7.1222770e-001
 7.1151549e-001
 7.1070677e-001
 7.0981455e-001
 7.0885342e-001
 7.0783782e-001
 7.0678210e-001
 7.0569927e-001
 7.0459986e-001
 7.0349175e-001
 7.0237905e-001
 7.0126313e-001
 7.0014328e-001
 6.9901687e-001
 6.9788104e-001
 6.9673169e-001
 6.9556391e-001
 6.9437051e-001
 6.9314015e-001
 6.9185698e-001
 6.9049895e-001
 6.8903923e-001
 6.8744755e-001
 6.8569064e-001
 6.8373537e-001
 6.8154806e-001
 6.7909783e-001
 6.7635840e-001
 6.7330980e-001
 6.6994333e-001
 6.6626143e-001
 6.6227537e-001
 6.5800571e-001
 6.5347546e-001
 6.4871103e-001
 6.4373922e-001
 6.3858330e-001
 6.3326544e-001
 6.2779897e-001
 6.2219077e-001
 6.1643839e-001
 6.1052865e-001
 6.0444528e-001
 5.9816527e-001
 5.9166628e-001
 5.8492637e-001
 5.7792366e-001
 5.7064456e-001
 5.6308109e-001
 5.5523962e-001
 5.4713988e-001
 5.3881067e-001
 5.3029245e-001
 5.2163106e-001
 5.1287186e-001
 5.0406569e-001
 4.9526006e-001
 4.8650688e-001
 4.7785974e-001
 4.6937168e-001
 4.6110258e-001
 4.5311075e-001
 4.4545928e-001
 4.3821204e-001
 4.3143049e-001
 4.2517820e-001
 4.1951209e-001
 4.1448426e-001
 4.1013467e-001
 4.0648547e-001
 4.0354291e-001
 4.0129545e-001
 3.9972076e-001
 3.9878893e-001
 3.9846614e-001
 3.9871702e-001
 3.9950469e-001
 4.0079004e-001
 4.0253019e-001
 4.0467823e-001
 4.0718144e-001
 4.0998220e-001
 4.1302055e-001
 4.1623309e-001
 4.1955733e-001
 4.2293051e-001
 4.2629275e-001
 4.2959186e-001
 4.3278474e-001
 4.3584409e-001
 4.3875763e-001
 4.4152749e-001
 4.4416744e-001
 4.4669628e-001
 4.4913697e-001
 4.5151216e-001
 4.5384321e-001
 4.5614877e-001
 4.5844057e-001
 4.6072340e-001
 4.6299234e-001
 4.6523449e-001
 4.6743181e-001
 4.6956205e-001
 4.7160149e-001
 4.7352728e-001
 4.7531778e-001
 4.7695655e-001
 4.7843418e-001
 4.7975153e-001
 4.8092139e-001
 4.8196605e-001
 4.8291600e-001
 4.8380578e-001
 4.8467195e-001
 4.8555127e-001
 4.8647809e-001
 4.8748267e-001
 4.8858708e-001
 4.8980278e-001
 4.9113008e-001
 4.9255803e-001
 4.9406865e-001
 4.9563870e-001
 4.9724290e-001
 4.9885592e-001
 5.0045288e-001
 5.0201100e-001
 5.0351220e-001
 5.0494283e-001
 5.0629574e-001
 5.0756878e-001
 5.0876361e-001
 5.0988477e-001
 5.1093733e-001
 5.1192760e-001
 5.1286161e-001
 5.1374614e-001
 5.1458883e-001
 5.1539785e-001
 5.1618284e-001
 5.1695412e-001
 5.1772267e-001
 5.1850015e-001
 5.1929802e-001
 5.2012789e-001
 5.2100068e-001
 5.2192622e-001
 5.2291292e-001
 5.2396619e-001
 5.2508938e-001
 5.2628303e-001
 5.2754587e-001
 5.2887601e-001
 5.3027064e-001
 5.3172642e-001
 5.3324044e-001
 5.3480870e-001
 5.3642714e-001
 5.3809047e-001
 5.3979224e-001
 5.4152578e-001
 5.4328305e-001
 5.4505628e-001
 5.4683691e-001
 5.4861724e-001
 5.5038834e-001
 5.5214256e-001
 5.5387288e-001
 5.5557156e-001
 5.5723274e-001
 5.5885077e-001
 5.6042063e-001
 5.6193668e-001
 5.6339449e-001
 5.6478995e-001
 5.6611866e-001
 5.6737870e-001
 5.6857038e-001
 5.6969631e-001
 5.7076365e-001
 5.7178223e-001
 5.7276469e-001
 5.7372421e-001
 5.7467514e-001
 5.7563186e-001
 5.7660651e-001
 5.7760978e-001
 5.7864779e-001
 5.7972026e-001
 5.8082122e-001
 5.8193904e-001
 5.8305693e-001
 5.8415627e-001
 5.8521742e-001
 5.8622092e-001
 5.8714825e-001
 5.8798498e-001
 5.8872253e-001
 5.8935952e-001
 5.8990383e-001
 5.9037113e-001
 5.9078252e-001
 5.9116292e-001
 5.9153849e-001
 5.9193546e-001
 5.9237814e-001
 5.9288716e-001
 5.9347677e-001
 5.9415203e-001
 5.9490865e-001
 5.9573352e-001
 5.9660661e-001
 5.9750450e-001
 5.9840214e-001
 5.9927368e-001
 6.0009539e-001
 6.0084671e-001
 6.0151285e-001
 6.0208613e-001
 6.0256797e-001
 6.0296732e-001
 6.0329849e-001
 6.0357958e-001
 6.0382992e-001
 6.0406905e-001
 6.0431558e-001
 6.0458553e-001
 6.0489076e-001
 6.0523736e-001
 6.0562497e-001
 6.0604787e-001
 6.0649556e-001
 6.0695535e-001
 6.0741353e-001
 6.0785574e-001
 6.0826862e-001
 6.0864013e-001
 6.0896087e-001
 6.0922480e-001
 6.0942984e-001
 6.0957730e-001
 6.0967106e-001
 6.0971659e-001
 6.0971999e-001
 6.0968775e-001
 6.0962617e-001
 6.0954136e-001
 6.0943890e-001
 6.0932356e-001
 6.0919958e-001
 6.0907024e-001
 6.0893852e-001
 6.0880697e-001
 6.0867786e-001
 6.0855365e-001
 6.0843641e-001
 6.0832793e-001
 6.0822976e-001
 6.0814261e-001
 6.0806662e-001
 6.0800129e-001
 6.0794580e-001
 6.0789889e-001
 6.0785931e-001
 6.0782576e-001
 6.0779721e-001
 6.0777307e-001
 6.0775340e-001
 6.0773927e-001
 6.0773295e-001
 6.0773760e-001
 6.0775703e-001
 6.0779572e-001
 6.0785794e-001
 6.0794806e-001
 6.0806984e-001
 6.0822564e-001
 6.0841578e-001
 6.0863787e-001
 6.0888630e-001
 6.0915250e-001
 6.0942602e-001
 6.0969508e-001
 6.0994750e-001
 6.1017114e-001
 6.1035520e-001
 6.1049110e-001
 6.1057401e-001
 6.1060458e-001
 6.1058927e-001
 6.1053991e-001
 6.1047214e-001
 6.1040384e-001
 6.1035401e-001
 6.1034101e-001
 6.1038154e-001
 6.1048824e-001
 6.1066693e-001
 6.1091435e-001
 6.1121702e-001
 6.1155224e-001
 6.1189061e-001
 6.1219889e-001
 6.1244184e-001
 6.1258483e-001
 6.1259562e-001
 6.1244750e-001
 6.1212301e-001
 6.1161727e-001
 6.1093915e-001
 6.1011064e-001
 6.0916239e-001
 6.0813063e-001
 6.0705459e-001
 6.0597283e-001
 6.0492146e-001
 6.0393196e-001
 6.0302603e-001
 6.0221297e-001
 6.0148823e-001
 6.0083532e-001
 6.0022801e-001
 5.9963471e-001
 5.9902179e-001
 5.9835476e-001
 5.9760052e-001
 5.9673035e-001
 5.9572077e-001
 5.9455717e-001
 5.9323353e-001
 5.9175336e-001
 5.9012514e-001
 5.8836114e-001
 5.8647645e-001
 5.8448547e-001
 5.8240187e-001
 5.8023953e-001
 5.7800853e-001
 5.7571530e-001
 5.7336462e-001
 5.7095605e-001
 5.6848741e-001
 5.6595439e-001
 5.6335390e-001
 5.6068075e-001
 5.5792993e-001
 5.5509871e-001
 5.5218339e-001
 5.4918122e-001
 5.4609269e-001
 5.4291731e-001
 5.3965628e-001
 5.3631032e-001
 5.3288293e-001
 5.2937573e-001
 5.2579111e-001
 5.2213591e-001
 5.1841736e-001
 5.1464677e-001
 5.1084250e-001
 5.0702441e-001
 5.0321615e-001
 4.9944228e-001
 4.9573088e-001
 4.9210754e-001
 4.8859757e-001
 4.8522797e-001
 4.8202169e-001
 4.7899982e-001
 4.7618341e-001
 4.7358936e-001
 4.7123319e-001
 4.6913120e-001
 4.6729732e-001
 4.6574521e-001
 4.6448660e-001
 4.6353081e-001
 4.6288067e-001
 4.6253183e-001
 4.6247196e-001
 4.6268097e-001
 4.6313351e-001
 4.6380067e-001
 4.6465239e-001
 4.6565866e-001
 4.6679121e-001
 4.6802443e-001
 4.6933931e-001
 4.7072500e-001
 4.7217831e-001
 4.7370511e-001
 4.7531712e-001
 4.7702834e-001
 4.7885552e-001
 4.8081529e-001
 4.8292133e-001
 4.8518488e-001
 4.8761034e-001
 4.9019405e-001
 4.9292094e-001
 4.9576908e-001
 4.9871027e-001
 5.0171041e-001
 5.0473589e-001
 5.0775307e-001
 5.1072788e-001
 5.1363224e-001
 5.1644367e-001
 5.1914924e-001
 5.2174371e-001
 5.2423257e-001
 5.2662766e-001
 5.2894288e-001
 5.3119564e-001
 5.3340298e-001
 5.3557867e-001
 5.3773350e-001
 5.3987122e-001
 5.4198390e-001
 5.4405451e-001
 5.4605532e-001
 5.4795200e-001
 5.4970443e-001
 5.5127245e-001
 5.5261630e-001
 5.5369896e-001
 5.5449241e-001
 5.5498189e-001
 5.5517042e-001
 5.5508149e-001
 5.5475676e-001
 5.5425102e-001
 5.5362743e-001
 5.5295211e-001
 5.5229080e-001
 5.5170548e-001
 5.5124784e-001
 5.5095369e-001
 5.5083680e-001
 5.5088651e-001
 5.5107009e-001
 5.5133855e-001
 5.5163342e-001
 5.5189180e-001
 5.5205077e-001
 5.5205065e-001
 5.5184042e-001
 5.5138290e-001
 5.5066043e-001
 5.4967636e-001
 5.4845303e-001
 5.4702777e-001
 5.4544550e-001
 5.4375511e-001
 5.4200566e-001
 5.4024494e-001
 5.3851366e-001
 5.3684229e-001
 5.3524876e-001
 5.3373468e-001
 5.3228790e-001
 5.3088713e-001
 5.2950412e-001
 5.2810788e-001
 5.2666831e-001
 5.2515626e-001
 5.2354795e-001
 5.2182740e-001
 5.1999140e-001
 5.1804787e-001
 5.1601613e-001
 5.1392519e-001
 5.1180768e-001
 5.0969815e-001
 5.0763285e-001
 5.0564402e-001
 5.0375926e-001
 5.0199699e-001
 5.0036484e-001
 4.9885583e-001
 4.9745128e-001
 4.9612460e-001
 4.9484295e-001
 4.9357137e-001
 4.9227589e-001
 4.9092409e-001
 4.8948964e-001
 4.8795554e-001
 4.8631898e-001
 4.8459062e-001
 4.8279420e-001
 4.8096436e-001
 4.7914028e-001
 4.7736359e-001
 4.7567722e-001
 4.7412023e-001
 4.7272590e-001
 4.7151855e-001
 4.7050798e-001
 4.6968940e-001
 4.6904439e-001
 4.6854502e-001
 4.6815711e-001
 4.6784389e-001
 4.6756867e-001
 4.6729639e-001
 4.6699670e-001
 4.6664715e-001
 4.6623564e-001
 4.6576181e-001
 4.6523574e-001
 4.6467575e-001
 4.6410462e-001
 4.6354714e-001
 4.6302870e-001
 4.6257246e-001
 4.6219727e-001
 4.6191475e-001
 4.6172589e-001
 4.6162045e-001
 4.6157819e-001
 4.6157196e-001
 4.6157068e-001
 4.6154183e-001
 4.6145335e-001
 4.6127546e-001
 4.6098277e-001
 4.6055734e-001
 4.5999044e-001
 4.5928374e-001
 4.5844918e-001
 4.5750597e-001
 4.5647815e-001
 4.5539185e-001
 4.5427448e-001
 4.5315233e-001
 4.5205113e-001
 4.5099652e-001
 4.5004496e-001
 4.4937038e-001
 4.4856164e-001
 4.4781527e-001
 4.4711685e-001
 4.4645226e-001
 4.4580698e-001
 4.4516724e-001
 4.4451863e-001
 4.4384694e-001
 4.4313788e-001
 4.4237831e-001
 4.4156721e-001
 4.4070902e-001
 4.3980867e-001
 4.3887073e-001
 4.3790048e-001
 4.3690258e-001
 4.3588179e-001
 4.3484280e-001
 4.3379086e-001
 4.3273059e-001
 4.3166682e-001
 4.3060413e-001
 4.2954785e-001
 4.2850232e-001
 4.2746890e-001
 4.2644754e-001
 4.2543781e-001
 4.2444006e-001
 4.2345390e-001
 4.2247918e-001
 4.2151552e-001
 4.2056325e-001
 4.1962194e-001
 4.1869152e-001
 4.1777155e-001
 4.1686234e-001
 4.1596359e-001
 4.1507503e-001
 4.1419664e-001
 4.1332790e-001
 4.1246924e-001
 4.1162023e-001
 4.1078085e-001
 4.0995085e-001
 4.0913069e-001
 4.0832007e-001
 4.0751904e-001
 4.0672734e-001
 4.0594548e-001
 4.0517312e-001
 4.0441033e-001
 4.0365699e-001
 4.0291306e-001
 4.0217879e-001
 4.0145403e-001
 4.0073878e-001
 4.0003285e-001
 3.9933649e-001
 3.9864963e-001
 3.9797226e-001
 3.9730415e-001
 3.9664561e-001
 3.9599654e-001
 3.9535683e-001
 3.9472631e-001
 3.9410502e-001
 3.9349270e-001
 3.9288917e-001
 3.9229432e-001
 3.9170775e-001
 3.9112961e-001
 3.9055961e-001
 3.8999757e-001
 3.8944322e-001
 3.8889667e-001
 3.8835755e-001
 3.8782576e-001
 3.8730100e-001
 3.8678330e-001
 3.8627246e-001
 3.8576829e-001
 3.8527054e-001
 3.8477904e-001
 3.8429379e-001
 3.8381451e-001
 3.8334107e-001
 3.8287321e-001
 3.8241094e-001
 3.8195398e-001
 3.8150224e-001
 3.8105527e-001
 3.8061324e-001
 3.8017571e-001
 3.7974256e-001
 3.7931353e-001
 3.7888831e-001
 3.7846693e-001
 3.7804911e-001
 3.7763450e-001
 3.7722296e-001
 3.7681437e-001
 3.7640846e-001
 3.7600493e-001
 3.7560371e-001
 3.7520456e-001
 3.7480730e-001
 3.7441161e-001
 3.7401733e-001
 3.7362432e-001
 3.7323233e-001
 3.7284112e-001
 3.7245050e-001
 3.7206024e-001
 3.7167022e-001
 3.7128016e-001
 3.7088984e-001
 3.7049901e-001
 3.7010762e-001
 3.6971536e-001
 3.6932209e-001
 3.6892778e-001
 3.6853290e-001
 3.6813760e-001
