s07_ASD Record=12640: Blue_Efflorscnt_Min SU93-300  BECKb AREF
 1.1981612e-001
 1.2090039e-001
 1.2203303e-001
 1.2320281e-001
 1.2439700e-001
 1.2560458e-001
 1.2681977e-001
 1.2804294e-001
 1.2927954e-001
 1.3053693e-001
 1.3182147e-001
 1.3313611e-001
 1.3448019e-001
 1.3584931e-001
 1.3723560e-001
 1.3863009e-001
 1.4002556e-001
 1.4141846e-001
 1.4280839e-001
 1.4419696e-001
 1.4558603e-001
 1.4697666e-001
 1.4836913e-001
 1.4976317e-001
 1.5115869e-001
 1.5255569e-001
 1.5395424e-001
 1.5535444e-001
 1.5675716e-001
 1.5816513e-001
 1.5958217e-001
 1.6101184e-001
 1.6245590e-001
 1.6391377e-001
 1.6538075e-001
 1.6684747e-001
 1.6830343e-001
 1.6974002e-001
 1.7115377e-001
 1.7254713e-001
 1.7392726e-001
 1.7530218e-001
 1.7667693e-001
 1.7805177e-001
 1.7942239e-001
 1.8078268e-001
 1.8212731e-001
 1.8345380e-001
 1.8476197e-001
 1.8605225e-001
 1.8732318e-001
 1.8857034e-001
 1.8978812e-001
 1.9097345e-001
 1.9212930e-001
 1.9326475e-001
 1.9439228e-001
 1.9552137e-001
 1.9665468e-001
 1.9778760e-001
 1.9890568e-001
 2.0000005e-001
 2.0106681e-001
 2.0209879e-001
 2.0308638e-001
 2.0403177e-001
 2.0494655e-001
 2.0584372e-001
 2.0673454e-001
 2.0762548e-001
 2.0851415e-001
 2.0938905e-001
 2.1023506e-001
 2.1104082e-001
 2.1180302e-001
 2.1252646e-001
 2.1322002e-001
 2.1389240e-001
 2.1455029e-001
 2.1519940e-001
 2.1584664e-001
 2.1650049e-001
 2.1716975e-001
 2.1786129e-001
 2.1857883e-001
 2.1932231e-001
 2.2008781e-001
 2.2086751e-001
 2.2164986e-001
 2.2242142e-001
 2.2317004e-001
 2.2388831e-001
 2.2457512e-001
 2.2523530e-001
 2.2587818e-001
 2.2651672e-001
 2.2716700e-001
 2.2784385e-001
 2.2855158e-001
 2.2927390e-001
 2.2997323e-001
 2.3060432e-001
 2.3113568e-001
 2.3156646e-001
 2.3193075e-001
 2.3228174e-001
 2.3265910e-001
 2.3306444e-001
 2.3346202e-001
 2.3380509e-001
 2.3406975e-001
 2.3427056e-001
 2.3444748e-001
 2.3463698e-001
 2.3485117e-001
 2.3507842e-001
 2.3529905e-001
 2.3550187e-001
 2.3569047e-001
 2.3587731e-001
 2.3607135e-001
 2.3627017e-001
 2.3646361e-001
 2.3664433e-001
 2.3681369e-001
 2.3697779e-001
 2.3714003e-001
 2.3729858e-001
 2.3744874e-001
 2.3758662e-001
 2.3771185e-001
 2.3782998e-001
 2.3795503e-001
 2.3811042e-001
 2.3832366e-001
 2.3861179e-001
 2.3896480e-001
 2.3934442e-001
 2.3970793e-001
 2.4004014e-001
 2.4036388e-001
 2.4071807e-001
 2.4112536e-001
 2.4157907e-001
 2.4205594e-001
 2.4253611e-001
 2.4301110e-001
 2.4347951e-001
 2.4394262e-001
 2.4440628e-001
 2.4488220e-001
 2.4538296e-001
 2.4591431e-001
 2.4647249e-001
 2.4704722e-001
 2.4762431e-001
 2.4818441e-001
 2.4870452e-001
 2.4916889e-001
 2.4958435e-001
 2.4998385e-001
 2.5040969e-001
 2.5088531e-001
 2.5139672e-001
 2.5189978e-001
 2.5234923e-001
 2.5272906e-001
 2.5306019e-001
 2.5338098e-001
 2.5371823e-001
 2.5407258e-001
 2.5442496e-001
 2.5475144e-001
 2.5503320e-001
 2.5525796e-001
 2.5541788e-001
 2.5550613e-001
 2.5551417e-001
 2.5543332e-001
 2.5526553e-001
 2.5503856e-001
 2.5480801e-001
 2.5463229e-001
 2.5453150e-001
 2.5446603e-001
 2.5436103e-001
 2.5416338e-001
 2.5387987e-001
 2.5355974e-001
 2.5324237e-001
 2.5292790e-001
 2.5259817e-001
 2.5225776e-001
 2.5194553e-001
 2.5169867e-001
 2.5150383e-001
 2.5128680e-001
 2.5095987e-001
 2.5048894e-001
 2.4991851e-001
 2.4933055e-001
 2.4878079e-001
 2.4827658e-001
 2.4780114e-001
 2.4733511e-001
 2.4684790e-001
 2.4629360e-001
 2.4565953e-001
 2.4503262e-001
 2.4456590e-001
 2.4431215e-001
 2.4411088e-001
 2.4371533e-001
 2.4303541e-001
 2.4219780e-001
 2.4137050e-001
 2.4058868e-001
 2.3976375e-001
 2.3881772e-001
 2.3777202e-001
 2.3670706e-001
 2.3567301e-001
 2.3466952e-001
 2.3368837e-001
 2.3272693e-001
 2.3176174e-001
 2.3075014e-001
 2.2967586e-001
 2.2857913e-001
 2.2753431e-001
 2.2660103e-001
 2.2578818e-001
 2.2505073e-001
 2.2432014e-001
 2.2354919e-001
 2.2273891e-001
 2.2192304e-001
 2.2112888e-001
 2.2035736e-001
 2.1960242e-001
 2.1888162e-001
 2.1822950e-001
 2.1764544e-001
 2.1706231e-001
 2.1639927e-001
 2.1564430e-001
 2.1485834e-001
 2.1410128e-001
 2.1337973e-001
 2.1267004e-001
 2.1197328e-001
 2.1131729e-001
 2.1070401e-001
 2.1008854e-001
 2.0942457e-001
 2.0870949e-001
 2.0797394e-001
 2.0725016e-001
 2.0654032e-001
 2.0580319e-001
 2.0500253e-001
 2.0415312e-001
 2.0327505e-001
 2.0234306e-001
 2.0133695e-001
 2.0029420e-001
 1.9924988e-001
 1.9817077e-001
 1.9702205e-001
 1.9584745e-001
 1.9469886e-001
 1.9354667e-001
 1.9234207e-001
 1.9111541e-001
 1.8994810e-001
 1.8886848e-001
 1.8781847e-001
 1.8671969e-001
 1.8555211e-001
 1.8436523e-001
 1.8321706e-001
 1.8210365e-001
 1.8095231e-001
 1.7970443e-001
 1.7838757e-001
 1.7708492e-001
 1.7585178e-001
 1.7467302e-001
 1.7350820e-001
 1.7236467e-001
 1.7127974e-001
 1.7023152e-001
 1.6915186e-001
 1.6804822e-001
 1.6700567e-001
 1.6603191e-001
 1.6501658e-001
 1.6389658e-001
 1.6275439e-001
 1.6170195e-001
 1.6074622e-001
 1.5980740e-001
 1.5882191e-001
 1.5780161e-001
 1.5680610e-001
 1.5586768e-001
 1.5495360e-001
 1.5400527e-001
 1.5301058e-001
 1.5203190e-001
 1.5113832e-001
 1.5030445e-001
 1.4942592e-001
 1.4845516e-001
 1.4746325e-001
 1.4654638e-001
 1.4572695e-001
 1.4496705e-001
 1.4422308e-001
 1.4347105e-001
 1.4270367e-001
 1.4191487e-001
 1.4109035e-001
 1.4021522e-001
 1.3929416e-001
 1.3836281e-001
 1.3747410e-001
 1.3666598e-001
 1.3593735e-001
 1.3525483e-001
 1.3458008e-001
 1.3389023e-001
 1.3318083e-001
 1.3245913e-001
 1.3173826e-001
 1.3103217e-001
 1.3035075e-001
 1.2969667e-001
 1.2906800e-001
 1.2846489e-001
 1.2789309e-001
 1.2735921e-001
 1.2685904e-001
 1.2636979e-001
 1.2585625e-001
 1.2528686e-001
 1.2464654e-001
 1.2393705e-001
 1.2317136e-001
 1.2237030e-001
 1.2156438e-001
 1.2079688e-001
 1.2012012e-001
 1.1956394e-001
 1.1909785e-001
 1.1868057e-001
 1.1830157e-001
 1.1794937e-001
 1.1758589e-001
 1.1718918e-001
 1.1679003e-001
 1.1642866e-001
 1.1609770e-001
 1.1574833e-001
 1.1533719e-001
 1.1486897e-001
 1.1440814e-001
 1.1404280e-001
 1.1381316e-001
 1.1364504e-001
 1.1338426e-001
 1.1296964e-001
 1.1252075e-001
 1.1217003e-001
 1.1189856e-001
 1.1162125e-001
 1.1132401e-001
 1.1103361e-001
 1.1074525e-001
 1.1045710e-001
 1.1021444e-001
 1.1005247e-001
 1.0992718e-001
 1.0974550e-001
 1.0946419e-001
 1.0916726e-001
 1.0899905e-001
 1.0894085e-001
 1.0876233e-001
 1.0834914e-001
 1.0791653e-001
 1.0770797e-001
 1.0767297e-001
 1.0762081e-001
 1.0749179e-001
 1.0734241e-001
 1.0719809e-001
 1.0704388e-001
 1.0687429e-001
 1.0671526e-001
 1.0660755e-001
 1.0657760e-001
 1.0662828e-001
 1.0673927e-001
 1.0687542e-001
 1.0697570e-001
 1.0695636e-001
 1.0675216e-001
 1.0638232e-001
 1.0595183e-001
 1.0558271e-001
 1.0536623e-001
 1.0535651e-001
 1.0555952e-001
 1.0587913e-001
 1.0612721e-001
 1.0614201e-001
 1.0592473e-001
 1.0563459e-001
 1.0544476e-001
 1.0541891e-001
 1.0550585e-001
 1.0562105e-001
 1.0570797e-001
 1.0574577e-001
 1.0573433e-001
 1.0569200e-001
 1.0565703e-001
 1.0567832e-001
 1.0576067e-001
 1.0590123e-001
 1.0604132e-001
 1.0614298e-001
 1.0620608e-001
 1.0624567e-001
 1.0627683e-001
 1.0631502e-001
 1.0637798e-001
 1.0648443e-001
 1.0665306e-001
 1.0689371e-001
 1.0715797e-001
 1.0737383e-001
 1.0746922e-001
 1.0738861e-001
 1.0718557e-001
 1.0695796e-001
 1.0680373e-001
 1.0680524e-001
 1.0694054e-001
 1.0718171e-001
 1.0738623e-001
 1.0752235e-001
 1.0757225e-001
 1.0756275e-001
 1.0752261e-001
 1.0748059e-001
 1.0746480e-001
 1.0748780e-001
 1.0754676e-001
 1.0763825e-001
 1.0775875e-001
 1.0790465e-001
 1.0806799e-001
 1.0823668e-001
 1.0839835e-001
 1.0854074e-001
 1.0865208e-001
 1.0873277e-001
 1.0879518e-001
 1.0885211e-001
 1.0891645e-001
 1.0900100e-001
 1.0911431e-001
 1.0924807e-001
 1.0938998e-001
 1.0952765e-001
 1.0964876e-001
 1.0974095e-001
 1.0979595e-001
 1.0982116e-001
 1.0982773e-001
 1.0982684e-001
 1.0982964e-001
 1.0984730e-001
 1.0989097e-001
 1.0996853e-001
 1.1007532e-001
 1.1020373e-001
 1.1034607e-001
 1.1049474e-001
 1.1064207e-001
 1.1078044e-001
 1.1090219e-001
 1.1100163e-001
 1.1108032e-001
 1.1114155e-001
 1.1118858e-001
 1.1122471e-001
 1.1125323e-001
 1.1127742e-001
 1.1130055e-001
 1.1132555e-001
 1.1135396e-001
 1.1138695e-001
 1.1142575e-001
 1.1147156e-001
 1.1152559e-001
 1.1158904e-001
 1.1166313e-001
 1.1174863e-001
 1.1184479e-001
 1.1195044e-001
 1.1206447e-001
 1.1218576e-001
 1.1231314e-001
 1.1244553e-001
 1.1258174e-001
 1.1272071e-001
 1.1286122e-001
 1.1300222e-001
 1.1314251e-001
 1.1328102e-001
 1.1341661e-001
 1.1354825e-001
 1.1367477e-001
 1.1379515e-001
 1.1390828e-001
 1.1401306e-001
 1.1410841e-001
 1.1419325e-001
 1.1426649e-001
 1.1432704e-001
 1.1437380e-001
 1.1440621e-001
 1.1442559e-001
 1.1443367e-001
 1.1443219e-001
 1.1442287e-001
 1.1440742e-001
 1.1438761e-001
 1.1436515e-001
 1.1434178e-001
 1.1431922e-001
 1.1429921e-001
 1.1428317e-001
 1.1427148e-001
 1.1426428e-001
 1.1426171e-001
 1.1426388e-001
 1.1427097e-001
 1.1428308e-001
 1.1430039e-001
 1.1432301e-001
 1.1435109e-001
 1.1438469e-001
 1.1442361e-001
 1.1446758e-001
 1.1451635e-001
 1.1456965e-001
 1.1462723e-001
 1.1468884e-001
 1.1475419e-001
 1.1482305e-001
 1.1489515e-001
 1.1497025e-001
 1.1504821e-001
 1.1512892e-001
 1.1521223e-001
 1.1529803e-001
 1.1538620e-001
 1.1547658e-001
 1.1556909e-001
 1.1566359e-001
 1.1575995e-001
 1.1585835e-001
 1.1596005e-001
 1.1606650e-001
 1.1617915e-001
 1.1629947e-001
 1.1642893e-001
 1.1656898e-001
 1.1672109e-001
 1.1688671e-001
 1.1706486e-001
 1.1724649e-001
 1.1742079e-001
 1.1757702e-001
 1.1770438e-001
 1.1779215e-001
 1.1782949e-001
 1.1780570e-001
 1.1771508e-001
 1.1756881e-001
 1.1738161e-001
 1.1716808e-001
 1.1694291e-001
 1.1672074e-001
 1.1651628e-001
 1.1634414e-001
 1.1621661e-001
 1.1613832e-001
 1.1611229e-001
 1.1614159e-001
 1.1622924e-001
 1.1637828e-001
 1.1659177e-001
 1.1687271e-001
 1.1721917e-001
 1.1761292e-001
 1.1803267e-001
 1.1842545e-001
 1.1882284e-001
 1.1917989e-001
 1.1947861e-001
 1.1970895e-001
 1.1986590e-001
 1.1994780e-001
 1.1995471e-001
 1.1988835e-001
 1.1975554e-001
 1.1957489e-001
 1.1938047e-001
 1.1921703e-001
 1.1913273e-001
 1.1917166e-001
 1.1936197e-001
 1.1970203e-001
 1.2015581e-001
 1.2066147e-001
 1.2114584e-001
 1.2153836e-001
 1.2178688e-001
 1.2187306e-001
 1.2181786e-001
 1.2167278e-001
 1.2150384e-001
 1.2137599e-001
 1.2133823e-001
 1.2141145e-001
 1.2158464e-001
 1.2182159e-001
 1.2207339e-001
 1.2229178e-001
 1.2244154e-001
 1.2250984e-001
 1.2250914e-001
 1.2247225e-001
 1.2244253e-001
 1.2246276e-001
 1.2256461e-001
 1.2311269e-001
 1.2331153e-001
 1.2352729e-001
 1.2375239e-001
 1.2397777e-001
 1.2419415e-001
 1.2439349e-001
 1.2457012e-001
 1.2472146e-001
 1.2484872e-001
 1.2495662e-001
 1.2505282e-001
 1.2514663e-001
 1.2524712e-001
 1.2536146e-001
 1.2549356e-001
 1.2564343e-001
 1.2580742e-001
 1.2597904e-001
 1.2615052e-001
 1.2631455e-001
 1.2646574e-001
 1.2660174e-001
 1.2672354e-001
 1.2683538e-001
 1.2694420e-001
 1.2705879e-001
 1.2718825e-001
 1.2734018e-001
 1.2751895e-001
 1.2772480e-001
 1.2795375e-001
 1.2819874e-001
 1.2845078e-001
 1.2870054e-001
 1.2893996e-001
 1.2916312e-001
 1.2936716e-001
 1.2955222e-001
 1.2972109e-001
 1.2987864e-001
 1.3003066e-001
 1.3018297e-001
 1.3034065e-001
 1.3050739e-001
 1.3068524e-001
 1.3087448e-001
 1.3107386e-001
 1.3128096e-001
 1.3149235e-001
 1.3170415e-001
 1.3191216e-001
 1.3211212e-001
 1.3230011e-001
 1.3247259e-001
 1.3262691e-001
 1.3276140e-001
 1.3287584e-001
 1.3297151e-001
 1.3305123e-001
 1.3311926e-001
 1.3318083e-001
 1.3324177e-001
 1.3330798e-001
 1.3338484e-001
 1.3347685e-001
 1.3358746e-001
 1.3371877e-001
 1.3387179e-001
 1.3404632e-001
 1.3424122e-001
 1.3445461e-001
 1.3468379e-001
 1.3492560e-001
 1.3517633e-001
 1.3543192e-001
 1.3568828e-001
 1.3594131e-001
 1.3618751e-001
 1.3642402e-001
 1.3664913e-001
 1.3686243e-001
 1.3706470e-001
 1.3725777e-001
 1.3744399e-001
 1.3762556e-001
 1.3780406e-001
 1.3797979e-001
 1.3815165e-001
 1.3831751e-001
 1.3847464e-001
 1.3862082e-001
 1.3875504e-001
 1.3887838e-001
 1.3899417e-001
 1.3910767e-001
 1.3922524e-001
 1.3935307e-001
 1.3949592e-001
 1.3965623e-001
 1.3983338e-001
 1.4002401e-001
 1.4022255e-001
 1.4042243e-001
 1.4061750e-001
 1.4080310e-001
 1.4097708e-001
 1.4114015e-001
 1.4129555e-001
 1.4144856e-001
 1.4160505e-001
 1.4177051e-001
 1.4194864e-001
 1.4214063e-001
 1.4234491e-001
 1.4255723e-001
 1.4277159e-001
 1.4298131e-001
 1.4318007e-001
 1.4336313e-001
 1.4352785e-001
 1.4367391e-001
 1.4380328e-001
 1.4391945e-001
 1.4402688e-001
 1.4413016e-001
 1.4423349e-001
 1.4434031e-001
 1.4445299e-001
 1.4457303e-001
 1.4470109e-001
 1.4483729e-001
 1.4498144e-001
 1.4513321e-001
 1.4529233e-001
 1.4545850e-001
 1.4563149e-001
 1.4581101e-001
 1.4599657e-001
 1.4618744e-001
 1.4638256e-001
 1.4658041e-001
 1.4677924e-001
 1.4697698e-001
 1.4717147e-001
 1.4736074e-001
 1.4754306e-001
 1.4771719e-001
 1.4788246e-001
 1.4803876e-001
 1.4818656e-001
 1.4832669e-001
 1.4846027e-001
 1.4858849e-001
 1.4871264e-001
 1.4883396e-001
 1.4895380e-001
 1.4907357e-001
 1.4919488e-001
 1.4931943e-001
 1.4944904e-001
 1.4958544e-001
 1.4973010e-001
 1.4988402e-001
 1.5004748e-001
 1.5022010e-001
 1.5040065e-001
 1.5058714e-001
 1.5077698e-001
 1.5096703e-001
 1.5115395e-001
 1.5133427e-001
 1.5150492e-001
 1.5166357e-001
 1.5180911e-001
 1.5194215e-001
 1.5206526e-001
 1.5218309e-001
 1.5230198e-001
 1.5242925e-001
 1.5257210e-001
 1.5273626e-001
 1.5292488e-001
 1.5313765e-001
 1.5337051e-001
 1.5361625e-001
 1.5386541e-001
 1.5410788e-001
 1.5433469e-001
 1.5453920e-001
 1.5471815e-001
 1.5487202e-001
 1.5500449e-001
 1.5512176e-001
 1.5523124e-001
 1.5534040e-001
 1.5545581e-001
 1.5558228e-001
 1.5572265e-001
 1.5587777e-001
 1.5604682e-001
 1.5622793e-001
 1.5641852e-001
 1.5661602e-001
 1.5681806e-001
 1.5702274e-001
 1.5722865e-001
 1.5743464e-001
 1.5763988e-001
 1.5784341e-001
 1.5804423e-001
 1.5824127e-001
 1.5843338e-001
 1.5861954e-001
 1.5879905e-001
 1.5897158e-001
 1.5913737e-001
 1.5929706e-001
 1.5945181e-001
 1.5960307e-001
 1.5975234e-001
 1.5990113e-001
 1.6005068e-001
 1.6020194e-001
 1.6035555e-001
 1.6051182e-001
 1.6067089e-001
 1.6083288e-001
 1.6099802e-001
 1.6116683e-001
 1.6134015e-001
 1.6151914e-001
 1.6170520e-001
 1.6189964e-001
 1.6210358e-001
 1.6231745e-001
 1.6254094e-001
 1.6277276e-001
 1.6301075e-001
 1.6325219e-001
 1.6349414e-001
 1.6373388e-001
 1.6396955e-001
 1.6420005e-001
 1.6442540e-001
 1.6464622e-001
 1.6486336e-001
 1.6507742e-001
 1.6528821e-001
 1.6549465e-001
 1.6569477e-001
 1.6588615e-001
 1.6606657e-001
 1.6623449e-001
 1.6638970e-001
 1.6653335e-001
 1.6666791e-001
 1.6679685e-001
 1.6692400e-001
 1.6705304e-001
 1.6718696e-001
 1.6732784e-001
 1.6747683e-001
 1.6763419e-001
 1.6779955e-001
 1.6797230e-001
 1.6815165e-001
 1.6833699e-001
 1.6852780e-001
 1.6872372e-001
 1.6892457e-001
 1.6913013e-001
 1.6934027e-001
 1.6955470e-001
 1.6977304e-001
 1.6999489e-001
 1.7021957e-001
 1.7044631e-001
 1.7067401e-001
 1.7090121e-001
 1.7112616e-001
 1.7134660e-001
 1.7156005e-001
 1.7176378e-001
 1.7195515e-001
 1.7213199e-001
 1.7229280e-001
 1.7243712e-001
 1.7256562e-001
 1.7268009e-001
 1.7278326e-001
 1.7287835e-001
 1.7296880e-001
 1.7305781e-001
 1.7314811e-001
 1.7324193e-001
 1.7334098e-001
 1.7344669e-001
 1.7356044e-001
 1.7368354e-001
 1.7381740e-001
 1.7396314e-001
 1.7412151e-001
 1.7429255e-001
 1.7447527e-001
 1.7466781e-001
 1.7486735e-001
 1.7507049e-001
 1.7527378e-001
 1.7547393e-001
 1.7566848e-001
 1.7585589e-001
 1.7603566e-001
 1.7620838e-001
 1.7637533e-001
 1.7653820e-001
 1.7669883e-001
 1.7685874e-001
 1.7701909e-001
 1.7718056e-001
 1.7734340e-001
 1.7750768e-001
 1.7767331e-001
 1.7784028e-001
 1.7800842e-001
 1.7817749e-001
 1.7834693e-001
 1.7851569e-001
 1.7868234e-001
 1.7884527e-001
 1.7900304e-001
 1.7915502e-001
 1.7930149e-001
 1.7944399e-001
 1.7958492e-001
 1.7972693e-001
 1.7987204e-001
 1.8002072e-001
 1.8017127e-001
 1.8031976e-001
 1.8046050e-001
 1.8058716e-001
 1.8069398e-001
 1.8077728e-001
 1.8083625e-001
 1.8087320e-001
 1.8089329e-001
 1.8090339e-001
 1.8091077e-001
 1.8092179e-001
 1.8094082e-001
 1.8096979e-001
 1.8100826e-001
 1.8105412e-001
 1.8110453e-001
 1.8115710e-001
 1.8121077e-001
 1.8126640e-001
 1.8132685e-001
 1.8139648e-001
 1.8148027e-001
 1.8158275e-001
 1.8170677e-001
 1.8185268e-001
 1.8201801e-001
 1.8219744e-001
 1.8238349e-001
 1.8256769e-001
 1.8274137e-001
 1.8289705e-001
 1.8302891e-001
 1.8313333e-001
 1.8320899e-001
 1.8325649e-001
 1.8327816e-001
 1.8327749e-001
 1.8325883e-001
 1.8322691e-001
 1.8318647e-001
 1.8314160e-001
 1.8309534e-001
 1.8304899e-001
 1.8300176e-001
 1.8295065e-001
 1.8289065e-001
 1.8281554e-001
 1.8271881e-001
 1.8259484e-001
 1.8244003e-001
 1.8225355e-001
 1.8203752e-001
 1.8179688e-001
 1.8153845e-001
 1.8127008e-001
 1.8099940e-001
 1.8073273e-001
 1.8047450e-001
 1.8022665e-001
 1.7998873e-001
 1.7975810e-001
 1.7953032e-001
 1.7930007e-001
 1.7906161e-001
 1.7880997e-001
 1.7854166e-001
 1.7825547e-001
 1.7795335e-001
 1.7764056e-001
 1.7732587e-001
 1.7702112e-001
 1.7673998e-001
 1.7649698e-001
 1.7630555e-001
 1.7617656e-001
 1.7611673e-001
 1.7612760e-001
 1.7620504e-001
 1.7633948e-001
 1.7651683e-001
 1.7671975e-001
 1.7692953e-001
 1.7712781e-001
 1.7729823e-001
 1.7742780e-001
 1.7750739e-001
 1.7753188e-001
 1.7749968e-001
 1.7741182e-001
 1.7727099e-001
 1.7708071e-001
 1.7684446e-001
 1.7656563e-001
 1.7624736e-001
 1.7589258e-001
 1.7550452e-001
 1.7508656e-001
 1.7464252e-001
 1.7417653e-001
 1.7369255e-001
 1.7319459e-001
 1.7268634e-001
 1.7217088e-001
 1.7165107e-001
 1.7112902e-001
 1.7060649e-001
 1.7008463e-001
 1.6956356e-001
 1.6904281e-001
 1.6852076e-001
 1.6799520e-001
 1.6746356e-001
 1.6692320e-001
 1.6637261e-001
 1.6581145e-001
 1.6524163e-001
 1.6466737e-001
 1.6409487e-001
 1.6353244e-001
 1.6298902e-001
 1.6247378e-001
 1.6199458e-001
 1.6155685e-001
 1.6116306e-001
 1.6081211e-001
 1.6049926e-001
 1.6021703e-001
 1.5995580e-001
 1.5970543e-001
 1.5945643e-001
 1.5920116e-001
 1.5893495e-001
 1.5865633e-001
 1.5836729e-001
 1.5807265e-001
 1.5777911e-001
 1.5749434e-001
 1.5722549e-001
 1.5697820e-001
 1.5675561e-001
 1.5655766e-001
 1.5638115e-001
 1.5621980e-001
 1.5606542e-001
 1.5590885e-001
 1.5574144e-001
 1.5555651e-001
 1.5535039e-001
 1.5512317e-001
 1.5487872e-001
 1.5462378e-001
 1.5436687e-001
 1.5411651e-001
 1.5387939e-001
 1.5365924e-001
 1.5345599e-001
 1.5326610e-001
 1.5308355e-001
 1.5290123e-001
 1.5271287e-001
 1.5251431e-001
 1.5230465e-001
 1.5208630e-001
 1.5186436e-001
 1.5164566e-001
 1.5143713e-001
 1.5124464e-001
 1.5107177e-001
 1.5091921e-001
 1.5078495e-001
 1.5066475e-001
 1.5055326e-001
 1.5044519e-001
 1.5033658e-001
 1.5022568e-001
 1.5011346e-001
 1.5000363e-001
 1.4990212e-001
 1.4981617e-001
 1.4975296e-001
 1.4971815e-001
 1.4971477e-001
 1.4974287e-001
 1.4979953e-001
 1.4987926e-001
 1.4997485e-001
 1.5007776e-001
 1.5017883e-001
 1.5026955e-001
 1.5034309e-001
 1.5039529e-001
 1.5042527e-001
 1.5043519e-001
 1.5042970e-001
 1.5041474e-001
 1.5039641e-001
 1.5037991e-001
 1.5036911e-001
 1.5036668e-001
 1.5037464e-001
 1.5039486e-001
 1.5042946e-001
 1.5048099e-001
 1.5055214e-001
 1.5064524e-001
 1.5076154e-001
 1.5090063e-001
 1.5105984e-001
 1.5123408e-001
 1.5141623e-001
 1.5159762e-001
 1.5176916e-001
 1.5192221e-001
 1.5204960e-001
 1.5214653e-001
 1.5221052e-001
 1.5224132e-001
 1.5224048e-001
 1.5221091e-001
 1.5215623e-001
 1.5208046e-001
 1.5198791e-001
 1.5188295e-001
 1.5176998e-001
 1.5165336e-001
 1.5153749e-001
 1.5142675e-001
 1.5132532e-001
 1.5123709e-001
 1.5116511e-001
 1.5111127e-001
 1.5107584e-001
 1.5105712e-001
 1.5105180e-001
 1.5105526e-001
 1.5106228e-001
 1.5106770e-001
 1.5106711e-001
 1.5105727e-001
 1.5103635e-001
 1.5100399e-001
 1.5096118e-001
 1.5090995e-001
 1.5085293e-001
 1.5079285e-001
 1.5073209e-001
 1.5067236e-001
 1.5061454e-001
 1.5055861e-001
 1.5050381e-001
 1.5044886e-001
 1.5039219e-001
 1.5033215e-001
 1.5026718e-001
 1.5019593e-001
 1.5011716e-001
 1.5002981e-001
 1.4993283e-001
 1.4982517e-001
 1.4970574e-001
 1.4957348e-001
 1.4942761e-001
 1.4926782e-001
 1.4909481e-001
 1.4891043e-001
 1.4871812e-001
 1.4852296e-001
 1.4833139e-001
 1.4815089e-001
 1.4798908e-001
 1.4785264e-001
 1.4774637e-001
 1.4767201e-001
 1.4762773e-001
 1.4760780e-001
 1.4760308e-001
 1.4760192e-001
 1.4759159e-001
 1.4755996e-001
 1.4749706e-001
 1.4739645e-001
 1.4725597e-001
 1.4707790e-001
 1.4686830e-001
 1.4663617e-001
 1.4639176e-001
 1.4614533e-001
 1.4590575e-001
 1.4567949e-001
 1.4547032e-001
 1.4527917e-001
 1.4510468e-001
 1.4494380e-001
 1.4479257e-001
 1.4464693e-001
 1.4450313e-001
 1.4435819e-001
 1.4420988e-001
 1.4405653e-001
 1.4389689e-001
 1.4372978e-001
 1.4355372e-001
 1.4336705e-001
 1.4316779e-001
 1.4295407e-001
 1.4272438e-001
 1.4247800e-001
 1.4221562e-001
 1.4193943e-001
 1.4165349e-001
 1.4136361e-001
 1.4107692e-001
 1.4080176e-001
 1.4054659e-001
 1.4031969e-001
 1.4012818e-001
 1.3997731e-001
 1.3987012e-001
 1.3980705e-001
 1.3978593e-001
 1.3980192e-001
 1.3984767e-001
 1.3991357e-001
 1.3998827e-001
 1.4005889e-001
 1.4011182e-001
 1.4013375e-001
 1.4011289e-001
 1.4004035e-001
 1.3991138e-001
 1.3972640e-001
 1.3949126e-001
 1.3921687e-001
 1.3891815e-001
 1.3861199e-001
 1.3831541e-001
 1.3804306e-001
 1.3780561e-001
 1.3760856e-001
 1.3745227e-001
 1.3733314e-001
 1.3724476e-001
 1.3717981e-001
 1.3713144e-001
 1.3709459e-001
 1.3706674e-001
 1.3704814e-001
 1.3704160e-001
 1.3705181e-001
 1.3708431e-001
 1.3714424e-001
 1.3723503e-001
 1.3735735e-001
 1.3750827e-001
 1.3768120e-001
 1.3786620e-001
 1.3805100e-001
 1.3822256e-001
 1.3836846e-001
 1.3847873e-001
 1.3854714e-001
 1.3857213e-001
 1.3855700e-001
 1.3850959e-001
 1.3844109e-001
 1.3836452e-001
 1.3829286e-001
 1.3823718e-001
 1.3820511e-001
 1.3819976e-001
 1.3821940e-001
 1.3825783e-001
 1.3830557e-001
 1.3835138e-001
 1.3838427e-001
 1.3839538e-001
 1.3837966e-001
 1.3833679e-001
 1.3827161e-001
 1.3819350e-001
 1.3811509e-001
 1.3805036e-001
 1.3801241e-001
 1.3801122e-001
 1.3805178e-001
 1.3813297e-001
 1.3824725e-001
 1.3838151e-001
 1.3851881e-001
 1.3864087e-001
 1.3873114e-001
 1.3877763e-001
 1.3877544e-001
 1.3872828e-001
 1.3864881e-001
 1.3855754e-001
 1.3848051e-001
 1.3844593e-001
 1.3848016e-001
 1.3860384e-001
 1.3882858e-001
 1.3915469e-001
 1.3957053e-001
 1.4005370e-001
 1.4057331e-001
 1.4109409e-001
 1.4158055e-001
 1.4200151e-001
 1.4233403e-001
 1.4256577e-001
 1.4269629e-001
 1.4273626e-001
 1.4270560e-001
 1.4263019e-001
 1.4253816e-001
 1.4245610e-001
 1.4240588e-001
 1.4240228e-001
 1.4245193e-001
 1.4255343e-001
 1.4269854e-001
 1.4287411e-001
 1.4306459e-001
 1.4325450e-001
 1.4343049e-001
 1.4358288e-001
 1.4370663e-001
 1.4380126e-001
 1.4387034e-001
 1.4392048e-001
 1.4396015e-001
 1.4399838e-001
 1.4404374e-001
 1.4410347e-001
 1.4418304e-001
 1.4428577e-001
 1.4441290e-001
 1.4456360e-001
 1.4473520e-001
 1.4492333e-001
 1.4512217e-001
 1.4532475e-001
 1.4552327e-001
 1.4570969e-001
 1.4587618e-001
 1.4601564e-001
 1.4612225e-001
 1.4619179e-001
 1.4622205e-001
 1.4621276e-001
 1.4616561e-001
 1.4608468e-001
 1.4597631e-001
 1.4584880e-001
 1.4571184e-001
 1.4557591e-001
 1.4545123e-001
 1.4534700e-001
 1.4527056e-001
 1.4522696e-001
 1.4521889e-001
 1.4520429e-001
 1.4527079e-001
 1.4537112e-001
 1.4550234e-001
 1.4566082e-001
 1.4584208e-001
 1.4604062e-001
 1.4625013e-001
 1.4646380e-001
 1.4667451e-001
 1.4687526e-001
 1.4705925e-001
 1.4722030e-001
 1.4735356e-001
 1.4745595e-001
 1.4752674e-001
 1.4756764e-001
 1.4758261e-001
 1.4757729e-001
 1.4755832e-001
 1.4753288e-001
 1.4750816e-001
 1.4749095e-001
 1.4748703e-001
 1.4750053e-001
 1.4753316e-001
 1.4758401e-001
 1.4764969e-001
 1.4772514e-001
 1.4780423e-001
 1.4788036e-001
 1.4794707e-001
 1.4799835e-001
 1.4802946e-001
 1.4803772e-001
 1.4802317e-001
 1.4798893e-001
 1.4794084e-001
 1.4788683e-001
 1.4783596e-001
 1.4779781e-001
 1.4778183e-001
 1.4779675e-001
 1.4784941e-001
 1.4794376e-001
 1.4807966e-001
 1.4825256e-001
 1.4845377e-001
 1.4867164e-001
 1.4889282e-001
 1.4910312e-001
 1.4928846e-001
 1.4943555e-001
 1.4953299e-001
 1.4957263e-001
 1.4955066e-001
 1.4946811e-001
 1.4933032e-001
 1.4914592e-001
 1.4892533e-001
 1.4868002e-001
 1.4842135e-001
 1.4816032e-001
 1.4790662e-001
 1.4766760e-001
 1.4744772e-001
 1.4724812e-001
 1.4706680e-001
 1.4689972e-001
 1.4674133e-001
 1.4658560e-001
 1.4642631e-001
 1.4625728e-001
 1.4607294e-001
 1.4586842e-001
 1.4563997e-001
 1.4538510e-001
 1.4510229e-001
 1.4479098e-001
 1.4445092e-001
 1.4408223e-001
 1.4368512e-001
 1.4325961e-001
 1.4280596e-001
 1.4232400e-001
 1.4181365e-001
 1.4127465e-001
 1.4070639e-001
 1.4010835e-001
 1.3947996e-001
 1.3882044e-001
 1.3812934e-001
 1.3740605e-001
 1.3665055e-001
 1.3586335e-001
 1.3504550e-001
 1.3419917e-001
 1.3332698e-001
 1.3243230e-001
 1.3151892e-001
 1.3059038e-001
 1.2965067e-001
 1.2870304e-001
 1.2775064e-001
 1.2679571e-001
 1.2583904e-001
 1.2488058e-001
 1.2391867e-001
 1.2295116e-001
 1.2197538e-001
 1.2098811e-001
 1.1998663e-001
 1.1896807e-001
 1.1793056e-001
 1.1687339e-001
 1.1579699e-001
 1.1470389e-001
 1.1359813e-001
 1.1248453e-001
 1.1136907e-001
 1.1025749e-001
 1.0915586e-001
 1.0806988e-001
 1.0700391e-001
 1.0596132e-001
 1.0494288e-001
 1.0394748e-001
 1.0297187e-001
 1.0201098e-001
 1.0105927e-001
 1.0011042e-001
 9.9158555e-002
 9.8198511e-002
 9.7226322e-002
 9.6241079e-002
 9.5244892e-002
 9.4244123e-002
 9.3248628e-002
 9.2270494e-002
 9.1323681e-002
 9.0422764e-002
 8.9581840e-002
 8.8814467e-002
 8.8131614e-002
 8.7540835e-002
 8.7044671e-002
 8.6639933e-002
 8.6318672e-002
 8.6069070e-002
 8.5877247e-002
 8.5728303e-002
 8.5607171e-002
 8.5499488e-002
 8.5392408e-002
 8.5275769e-002
 8.5143045e-002
 8.4991641e-002
 8.4822647e-002
 8.4639736e-002
 8.4448226e-002
 8.4254190e-002
 8.4063761e-002
 8.3882846e-002
 8.3716527e-002
 8.3568439e-002
 8.3440408e-002
 8.3332092e-002
 8.3241299e-002
 8.3164454e-002
 8.3097108e-002
 8.3034486e-002
 8.2971744e-002
 8.2904324e-002
 8.2828283e-002
 8.2740746e-002
 8.2640320e-002
 8.2527176e-002
 8.2402967e-002
 8.2270436e-002
 8.2132913e-002
 8.1994094e-002
 8.1857666e-002
 8.1727266e-002
 8.1606232e-002
 8.1497356e-002
 8.1402794e-002
 8.1323899e-002
 8.1261382e-002
 8.1215419e-002
 8.1185862e-002
 8.1172407e-002
 8.1174582e-002
 8.1191659e-002
 8.1222393e-002
 8.1264757e-002
 8.1315577e-002
 8.1370473e-002
 8.1423953e-002
 8.1469715e-002
 8.1500985e-002
 8.1510864e-002
 8.1492685e-002
 8.1440553e-002
 8.1350259e-002
 8.1220299e-002
 8.1053026e-002
 8.0854855e-002
 8.0635980e-002
 8.0409303e-002
 8.0189496e-002
 7.9991743e-002
 7.9831079e-002
 7.9721518e-002
 7.9674475e-002
 7.9697251e-002
 7.9791471e-002
 7.9952501e-002
 8.0170065e-002
 8.0429778e-002
 8.0714606e-002
 8.1006601e-002
 8.1287786e-002
 8.1540965e-002
 8.1751414e-002
 8.1908211e-002
 8.2005545e-002
 8.2043499e-002
 8.2027331e-002
 8.1966147e-002
 8.1871346e-002
 8.1755400e-002
 8.1630953e-002
 8.1510328e-002
 8.1404634e-002
 8.1323028e-002
 8.1272110e-002
 8.1255481e-002
 8.1274122e-002
 8.1327081e-002
 8.1412211e-002
 8.1526786e-002
 8.1667870e-002
 8.1832290e-002
 8.2016811e-002
 8.2218036e-002
 8.2432128e-002
 8.2655087e-002
 8.2882665e-002
 8.3110228e-002
 8.3333217e-002
 8.3547041e-002
 8.3747111e-002
 8.3929382e-002
 8.4090553e-002
 8.4228724e-002
 8.4343709e-002
 8.4437467e-002
 8.4513761e-002
 8.4577650e-002
 8.4635064e-002
 8.4692284e-002
 8.4755614e-002
 8.4831230e-002
 8.4924810e-002
 8.5041277e-002
 8.5184373e-002
 8.5356742e-002
 8.5559949e-002
 8.5794628e-002
 8.6061038e-002
 8.6359248e-002
 8.6688891e-002
 8.7049589e-002
 8.7440476e-002
 8.7860093e-002
 8.8305719e-002
 8.8773891e-002
 8.9260221e-002
 8.9759283e-002
 9.0265594e-002
 9.0773515e-002
 9.1277122e-002
 9.1771245e-002
 9.2251495e-002
 9.2714511e-002
 9.3159102e-002
 9.3586005e-002
 9.3997903e-002
 9.4398528e-002
 9.4792709e-002
 9.5185585e-002
 9.5581986e-002
 9.5986538e-002
 9.6402809e-002
 9.6832298e-002
 9.7274363e-002
 9.7725600e-002
 9.8180264e-002
 9.8630540e-002
 9.9067874e-002
 9.9483311e-002
 9.9867798e-002
 1.0021351e-001
 1.0051464e-001
 1.0076855e-001
 1.0097745e-001
 1.0114864e-001
 1.0129390e-001
 1.0142855e-001
 1.0156985e-001
 1.0173593e-001
 1.0194461e-001
 1.0221251e-001
 1.0255336e-001
 1.0297570e-001
 1.0348164e-001
 1.0406590e-001
 1.0471615e-001
 1.0541551e-001
 1.0614401e-001
 1.0688061e-001
 1.0760360e-001
 1.0829286e-001
 1.0893065e-001
 1.0950286e-001
 1.1000147e-001
 1.1042456e-001
 1.1077545e-001
 1.1106194e-001
 1.1129420e-001
 1.1148340e-001
 1.1164112e-001
 1.1177856e-001
 1.1190584e-001
 1.1203118e-001
 1.1216046e-001
 1.1229677e-001
 1.1244068e-001
 1.1259098e-001
 1.1274542e-001
 1.1290112e-001
 1.1305521e-001
 1.1320496e-001
 1.1334825e-001
 1.1348371e-001
 1.1361138e-001
 1.1373262e-001
 1.1384998e-001
 1.1396699e-001
 1.1408771e-001
 1.1421636e-001
 1.1435713e-001
 1.1451384e-001
 1.1468928e-001
 1.1488485e-001
 1.1509985e-001
 1.1533135e-001
 1.1557422e-001
 1.1582197e-001
 1.1606722e-001
 1.1630204e-001
 1.1651872e-001
 1.1671000e-001
 1.1686953e-001
 1.1699295e-001
 1.1707824e-001
 1.1712614e-001
 1.1713978e-001
 1.1712411e-001
 1.1708515e-001
 1.1702948e-001
 1.1696377e-001
 1.1689460e-001
 1.1682826e-001
 1.1677043e-001
 1.1672604e-001
 1.1669918e-001
 1.1669313e-001
 1.1671063e-001
 1.1675403e-001
 1.1682545e-001
 1.1692674e-001
 1.1705919e-001
 1.1722287e-001
 1.1741610e-001
 1.1763468e-001
 1.1787152e-001
 1.1811709e-001
 1.1836001e-001
 1.1858786e-001
 1.1878763e-001
 1.1894667e-001
 1.1905319e-001
 1.1909736e-001
 1.1907275e-001
 1.1897743e-001
 1.1881460e-001
 1.1859193e-001
 1.1832045e-001
 1.1801313e-001
 1.1768407e-001
 1.1734740e-001
 1.1701682e-001
 1.1670534e-001
 1.1642405e-001
 1.1618180e-001
 1.1598513e-001
 1.1583812e-001
 1.1574323e-001
 1.1570197e-001
 1.1571524e-001
 1.1578370e-001
 1.1590770e-001
 1.1608697e-001
 1.1632046e-001
 1.1660603e-001
 1.1694002e-001
 1.1731783e-001
 1.1773405e-001
 1.1818242e-001
 1.1865675e-001
 1.1915062e-001
 1.1965769e-001
 1.2017112e-001
 1.2068436e-001
 1.2119067e-001
 1.2168277e-001
 1.2215357e-001
 1.2259582e-001
 1.2300196e-001
 1.2336475e-001
 1.2367716e-001
 1.2393251e-001
 1.2412561e-001
 1.2425325e-001
 1.2431497e-001
 1.2431339e-001
 1.2425393e-001
 1.2414400e-001
 1.2399235e-001
 1.2380818e-001
 1.2360072e-001
 1.2337898e-001
 1.2315097e-001
 1.2292323e-001
 1.2270020e-001
 1.2248424e-001
 1.2227553e-001
 1.2207272e-001
 1.2187374e-001
 1.2167599e-001
 1.2147687e-001
 1.2127435e-001
 1.2106717e-001
 1.2085564e-001
 1.2064237e-001
 1.2043221e-001
 1.2023214e-001
 1.2005071e-001
 1.1989748e-001
 1.1978214e-001
 1.1971401e-001
 1.1970099e-001
 1.1974787e-001
 1.1985437e-001
 1.2001319e-001
 1.2020943e-001
 1.2042123e-001
 1.2062167e-001
 1.2078074e-001
 1.2086742e-001
 1.2085127e-001
 1.2070469e-001
 1.2040620e-001
 1.1994448e-001
 1.1932243e-001
 1.1855805e-001
 1.1768316e-001
 1.1674041e-001
 1.1577792e-001
 1.1484651e-001
 1.1399642e-001
 1.1327501e-001
 1.1272112e-001
 1.1236051e-001
 1.1220115e-001
 1.1223083e-001
 1.1241952e-001
 1.1272377e-001
 1.1309241e-001
 1.1347078e-001
 1.1380408e-001
 1.1404026e-001
 1.1413441e-001
 1.1405326e-001
 1.1377952e-001
 1.1331347e-001
 1.1267116e-001
 1.1188085e-001
 1.1097735e-001
 1.0999860e-001
 1.0898384e-001
 1.0797011e-001
 1.0699087e-001
 1.0607281e-001
 1.0523431e-001
 1.0448325e-001
 1.0381865e-001
 1.0323340e-001
 1.0271597e-001
 1.0225304e-001
 1.0183108e-001
 1.0143653e-001
 1.0105712e-001
 1.0068251e-001
 1.0030535e-001
 9.9921040e-002
 9.9527754e-002
 9.9125937e-002
 9.8716989e-002
 9.8302871e-002
 9.7886018e-002
 9.7468525e-002
 9.7052313e-002
 9.6638761e-002
 9.6228905e-002
 9.5822781e-002
 9.5419817e-002
 9.5019251e-002
 9.4619751e-002
 9.4219856e-002
 9.3818322e-002
 9.3413554e-002
 9.3003914e-002
 9.2587940e-002
 9.2163749e-002
 9.1729403e-002
 9.1282725e-002
 9.0821773e-002
 9.0344243e-002
 8.9847863e-002
 8.9330941e-002
 8.8792019e-002
 8.8230774e-002
 8.7649249e-002
 8.7051690e-002
 8.6445414e-002
 8.5840262e-002
 8.5248485e-002
 8.4683076e-002
 8.4157504e-002
 8.3685353e-002
 8.3278567e-002
 8.2946405e-002
 8.2693666e-002
 8.2518503e-002
 8.2411997e-002
 8.2359120e-002
 8.2340449e-002
 8.2334235e-002
 8.2317889e-002
 8.2269266e-002
 8.2168020e-002
 8.1997283e-002
 8.1745848e-002
 8.1409730e-002
 8.0993012e-002
 8.0507696e-002
 7.9971425e-002
 7.9405628e-002
 7.8833304e-002
 7.8278221e-002
 7.7763416e-002
 7.7311337e-002
 7.6943941e-002
 7.6687835e-002
 7.6589100e-002
 7.6566391e-002
 7.6629274e-002
 7.6759577e-002
 7.6939188e-002
 7.7149987e-002
 7.7373765e-002
 7.7592418e-002
 7.7787802e-002
 7.7941790e-002
 7.8037784e-002
 7.8073479e-002
 7.8054436e-002
 7.7986293e-002
 7.7874646e-002
 7.7725157e-002
 7.7543452e-002
 7.7335127e-002
 7.7105775e-002
 7.6861128e-002
 7.6606743e-002
 7.6348267e-002
 7.6091245e-002
 7.5841442e-002
 7.5603962e-002
 7.5379901e-002
 7.5168148e-002
 7.4967504e-002
 7.4776977e-002
 7.4595369e-002
 7.4421540e-002
 7.4254356e-002
 7.4092731e-002
 7.3935524e-002
 7.3781580e-002
 7.3629767e-002
 7.3478997e-002
 7.3328115e-002
 7.3176011e-002
 7.3021546e-002
 7.2863534e-002
 7.2700948e-002
 7.2532743e-002
 7.2359122e-002
 7.2180852e-002
 7.1998850e-002
 7.1813889e-002
 7.1626805e-002
 7.1438372e-002
 7.1249500e-002
 7.1060970e-002
 7.0873618e-002
 7.0688255e-002
 7.0505671e-002
 7.0326775e-002
 7.0152342e-002
 6.9983199e-002
 6.9820143e-002
 6.9664054e-002
 6.9515742e-002
 6.9376014e-002
 6.9245666e-002
 6.9125585e-002
 6.9016583e-002
 6.8919346e-002
 6.8833560e-002
 6.8758473e-002
 6.8693250e-002
 6.8637080e-002
 6.8589173e-002
 6.8548679e-002
 6.8514831e-002
 6.8486817e-002
 6.8463810e-002
 6.8445005e-002
 6.8429604e-002
 6.8416797e-002
 6.8405762e-002
 6.8395704e-002
 6.8385810e-002
 6.8375282e-002
 6.8363294e-002
 6.8349041e-002
 6.8331726e-002
 6.8310529e-002
 6.8284653e-002
 6.8253286e-002
 6.8215609e-002
 6.8170823e-002
 6.8118125e-002
 6.8056785e-002
 6.7986831e-002
 6.7908697e-002
 6.7822777e-002
 6.7729481e-002
 6.7629226e-002
 6.7522377e-002
 6.7409396e-002
 6.7290686e-002
 6.7166626e-002
 6.7037627e-002
 6.6904142e-002
 6.6766545e-002
 6.6625252e-002
 6.6480637e-002
 6.6333175e-002
 6.6183247e-002
 6.6031255e-002
 6.5877557e-002
 6.5722667e-002
 6.5566942e-002
 6.5410785e-002
 6.5254606e-002
 6.5098792e-002
 6.4943805e-002
 6.4790018e-002
 6.4637855e-002
 6.4487696e-002
 6.4339988e-002
 6.4195126e-002
 6.4053483e-002
 6.3915007e-002
 6.3779578e-002
 6.3647009e-002
