s07_ASD Record=14026: Pyrophyl.50+Ca-Mont.50 AMX16  BECKa AREF
 4.7903550e-001
 4.8064271e-001
 4.8195609e-001
 4.8305774e-001
 4.8404774e-001
 4.8501202e-001
 4.8599681e-001
 4.8700297e-001
 4.8799556e-001
 4.8892093e-001
 4.8972464e-001
 4.9036425e-001
 4.9081531e-001
 4.9107584e-001
 4.9117577e-001
 4.9117953e-001
 4.9117604e-001
 4.9125972e-001
 4.9151218e-001
 4.9198458e-001
 4.9268210e-001
 4.9355760e-001
 4.9452221e-001
 4.9547127e-001
 4.9631372e-001
 4.9699870e-001
 4.9754086e-001
 4.9802127e-001
 4.9854702e-001
 4.9920109e-001
 5.0001627e-001
 5.0097948e-001
 5.0205499e-001
 5.0320333e-001
 5.0439578e-001
 5.0563425e-001
 5.0695401e-001
 5.0840020e-001
 5.0999331e-001
 5.1169932e-001
 5.1342833e-001
 5.1506376e-001
 5.1650774e-001
 5.1771903e-001
 5.1872361e-001
 5.1959687e-001
 5.2042878e-001
 5.2128923e-001
 5.2220696e-001
 5.2316666e-001
 5.2412426e-001
 5.2503246e-001
 5.2586710e-001
 5.2664232e-001
 5.2740681e-001
 5.2822185e-001
 5.2912366e-001
 5.3008646e-001
 5.3103101e-001
 5.3182232e-001
 5.3235161e-001
 5.3271383e-001
 5.3299749e-001
 5.3327924e-001
 5.3365850e-001
 5.3415114e-001
 5.3469324e-001
 5.3523219e-001
 5.3575897e-001
 5.3631097e-001
 5.3694856e-001
 5.3770977e-001
 5.3857869e-001
 5.3948879e-001
 5.4035258e-001
 5.4110181e-001
 5.4171711e-001
 5.4223245e-001
 5.4271275e-001
 5.4322129e-001
 5.4379803e-001
 5.4445678e-001
 5.4519618e-001
 5.4600751e-001
 5.4687309e-001
 5.4776180e-001
 5.4863560e-001
 5.4947281e-001
 5.5029285e-001
 5.5116200e-001
 5.5216664e-001
 5.5336761e-001
 5.5476213e-001
 5.5627739e-001
 5.5779862e-001
 5.5921274e-001
 5.6044942e-001
 5.6150037e-001
 5.6240702e-001
 5.6322408e-001
 5.6398660e-001
 5.6469923e-001
 5.6535137e-001
 5.6594360e-001
 5.6650925e-001
 5.6711382e-001
 5.6782305e-001
 5.6866854e-001
 5.6964189e-001
 5.7072473e-001
 5.7192165e-001
 5.7324797e-001
 5.7467175e-001
 5.7607496e-001
 5.7730263e-001
 5.7828170e-001
 5.7910120e-001
 5.7996136e-001
 5.8101571e-001
 5.8223480e-001
 5.8340818e-001
 5.8428717e-001
 5.8475721e-001
 5.8491582e-001
 5.8500957e-001
 5.8528543e-001
 5.8586222e-001
 5.8669633e-001
 5.8763891e-001
 5.8852452e-001
 5.8924067e-001
 5.8977270e-001
 5.9022135e-001
 5.9075987e-001
 5.9151703e-001
 5.9246665e-001
 5.9344059e-001
 5.9427714e-001
 5.9496927e-001
 5.9566867e-001
 5.9654874e-001
 5.9766334e-001
 5.9892845e-001
 6.0021704e-001
 6.0145998e-001
 6.0266215e-001
 6.0385293e-001
 6.0504389e-001
 6.0622263e-001
 6.0734820e-001
 6.0833651e-001
 6.0909301e-001
 6.0961539e-001
 6.1005497e-001
 6.1062104e-001
 6.1139834e-001
 6.1228174e-001
 6.1309874e-001
 6.1377323e-001
 6.1437052e-001
 6.1501855e-001
 6.1580819e-001
 6.1673594e-001
 6.1769259e-001
 6.1851221e-001
 6.1910546e-001
 6.1960053e-001
 6.2030667e-001
 6.2145275e-001
 6.2295938e-001
 6.2453020e-001
 6.2595516e-001
 6.2724823e-001
 6.2849289e-001
 6.2965202e-001
 6.3059336e-001
 6.3126940e-001
 6.3181973e-001
 6.3248485e-001
 6.3342226e-001
 6.3459146e-001
 6.3579303e-001
 6.3681364e-001
 6.3757229e-001
 6.3817418e-001
 6.3884324e-001
 6.3978100e-001
 6.4105594e-001
 6.4258426e-001
 6.4417148e-001
 6.4557528e-001
 6.4661938e-001
 6.4733273e-001
 6.4792627e-001
 6.4853412e-001
 6.4902776e-001
 6.4922512e-001
 6.4925408e-001
 6.4954501e-001
 6.5042353e-001
 6.5180886e-001
 6.5333259e-001
 6.5468371e-001
 6.5582967e-001
 6.5696204e-001
 6.5824145e-001
 6.5956992e-001
 6.6064006e-001
 6.6126883e-001
 6.6164333e-001
 6.6214883e-001
 6.6298896e-001
 6.6406250e-001
 6.6512328e-001
 6.6591763e-001
 6.6627038e-001
 6.6626000e-001
 6.6626543e-001
 6.6663700e-001
 6.6739649e-001
 6.6845769e-001
 6.6992074e-001
 6.7175537e-001
 6.7339951e-001
 6.7423487e-001
 6.7442125e-001
 6.7476177e-001
 6.7574018e-001
 6.7709494e-001
 6.7830312e-001
 6.7910236e-001
 6.7953217e-001
 6.7978442e-001
 6.8010336e-001
 6.8065107e-001
 6.8138188e-001
 6.8210983e-001
 6.8269444e-001
 6.8310374e-001
 6.8336624e-001
 6.8359345e-001
 6.8400425e-001
 6.8476653e-001
 6.8580490e-001
 6.8686068e-001
 6.8769103e-001
 6.8811399e-001
 6.8803555e-001
 6.8769884e-001
 6.8773377e-001
 6.8851000e-001
 6.8956512e-001
 6.9013119e-001
 6.9019216e-001
 6.9058090e-001
 6.9172025e-001
 6.9286484e-001
 6.9320381e-001
 6.9302058e-001
 6.9308072e-001
 6.9360095e-001
 6.9440234e-001
 6.9539613e-001
 6.9640392e-001
 6.9701499e-001
 6.9707757e-001
 6.9692957e-001
 6.9691175e-001
 6.9716144e-001
 6.9782585e-001
 6.9882941e-001
 6.9962615e-001
 6.9976002e-001
 6.9951826e-001
 6.9966435e-001
 7.0056182e-001
 7.0175999e-001
 7.0252359e-001
 7.0266104e-001
 7.0262253e-001
 7.0283538e-001
 7.0324200e-001
 7.0353723e-001
 7.0368963e-001
 7.0396000e-001
 7.0446306e-001
 7.0507139e-001
 7.0578003e-001
 7.0678318e-001
 7.0800960e-001
 7.0888984e-001
 7.0881814e-001
 7.0777667e-001
 7.0647162e-001
 7.0587432e-001
 7.0652580e-001
 7.0816427e-001
 7.1000099e-001
 7.1145934e-001
 7.1269983e-001
 7.1420878e-001
 7.1583617e-001
 7.1673667e-001
 7.1646565e-001
 7.1562988e-001
 7.1523386e-001
 7.1574992e-001
 7.1693265e-001
 7.1825832e-001
 7.1937358e-001
 7.2012234e-001
 7.2032195e-001
 7.1988851e-001
 7.1923763e-001
 7.1909332e-001
 7.1963745e-001
 7.2025913e-001
 7.2032756e-001
 7.1983856e-001
 7.1937382e-001
 7.1959633e-001
 7.2080386e-001
 7.2277331e-001
 7.2491407e-001
 7.2657508e-001
 7.2726554e-001
 7.2678703e-001
 7.2538000e-001
 7.2378099e-001
 7.2293180e-001
 7.2339857e-001
 7.2498327e-001
 7.2693080e-001
 7.2854489e-001
 7.2963178e-001
 7.3042792e-001
 7.3120141e-001
 7.3196274e-001
 7.3251402e-001
 7.3271537e-001
 7.3267406e-001
 7.3267239e-001
 7.3291874e-001
 7.3336786e-001
 7.3376393e-001
 7.3383236e-001
 7.3344803e-001
 7.3272306e-001
 7.3206615e-001
 7.3213226e-001
 7.3343867e-001
 7.3572636e-001
 7.3777241e-001
 7.3855507e-001
 7.3875564e-001
 7.3903811e-001
 7.3869801e-001
 7.3744559e-001
 7.3681688e-001
 7.3800164e-001
 7.3981446e-001
 7.4047828e-001
 7.3997015e-001
 7.3936486e-001
 7.3920649e-001
 7.3947674e-001
 7.4017888e-001
 7.4116135e-001
 7.4188274e-001
 7.4196458e-001
 7.4172521e-001
 7.4181944e-001
 7.4257821e-001
 7.4381459e-001
 7.4503148e-001
 7.4577600e-001
 7.4598271e-001
 7.4611950e-001
 7.4681944e-001
 7.4800456e-001
 7.4867433e-001
 7.4813503e-001
 7.4703276e-001
 7.4665439e-001
 7.4760622e-001
 7.4934757e-001
 7.5071669e-001
 7.5099850e-001
 7.5052583e-001
 7.5012648e-001
 7.5019884e-001
 7.5040454e-001
 7.5022840e-001
 7.4998379e-001
 7.5083429e-001
 7.5307870e-001
 7.5523114e-001
 7.5587684e-001
 7.5486898e-001
 7.5349760e-001
 7.5305116e-001
 7.5354522e-001
 7.5460434e-001
 7.5602233e-001
 7.5762552e-001
 7.5912452e-001
 7.6012057e-001
 7.6029462e-001
 7.5970423e-001
 7.5878364e-001
 7.5797665e-001
 7.5740469e-001
 7.5687736e-001
 7.5623411e-001
 7.5569856e-001
 7.5585771e-001
 7.5719404e-001
 7.5954521e-001
 7.6212436e-001
 7.6409692e-001
 7.6507705e-001
 7.6515907e-001
 7.6466680e-001
 7.6405913e-001
 7.6383871e-001
 7.6432747e-001
 7.6545966e-001
 7.6673961e-001
 7.6744223e-001
 7.6725549e-001
 7.6653391e-001
 7.6586252e-001
 7.6573068e-001
 7.6616836e-001
 7.6702124e-001
 7.6813495e-001
 7.6935005e-001
 7.7047789e-001
 7.7131778e-001
 7.7166915e-001
 7.7138931e-001
 7.7071708e-001
 7.7004540e-001
 7.6976782e-001
 7.7020454e-001
 7.7118891e-001
 7.7235669e-001
 7.7334368e-001
 7.7383107e-001
 7.7380580e-001
 7.7327651e-001
 7.7252138e-001
 7.7160823e-001
 7.7069455e-001
 7.6998234e-001
 7.6967537e-001
 7.6997703e-001
 7.7107871e-001
 7.7288604e-001
 7.7502078e-001
 7.7709347e-001
 7.7871364e-001
 7.7950597e-001
 7.7941382e-001
 7.7869594e-001
 7.7762425e-001
 7.7647054e-001
 7.7550066e-001
 7.7483577e-001
 7.7445698e-001
 7.7433860e-001
 7.7445561e-001
 7.7478248e-001
 7.7528787e-001
 7.7591586e-001
 7.7660483e-001
 7.7729309e-001
 7.7791899e-001
 7.7842063e-001
 7.7875775e-001
 7.7897108e-001
 7.7912098e-001
 7.7926791e-001
 7.7947229e-001
 7.7979463e-001
 7.8029513e-001
 7.8101170e-001
 7.8189498e-001
 7.8287506e-001
 7.8388202e-001
 7.8484601e-001
 7.8569692e-001
 7.8636527e-001
 7.8678077e-001
 7.8689897e-001
 7.8677100e-001
 7.8647000e-001
 7.8606975e-001
 7.8564352e-001
 7.8526479e-001
 7.8500724e-001
 7.8494406e-001
 7.8512597e-001
 7.8551883e-001
 7.8606778e-001
 7.8671908e-001
 7.8741813e-001
 7.8811097e-001
 7.8874290e-001
 7.8926009e-001
 7.8962129e-001
 7.8983539e-001
 7.8992212e-001
 7.8990161e-001
 7.8979385e-001
 7.8961867e-001
 7.8939617e-001
 7.8914624e-001
 7.8888893e-001
 7.8864413e-001
 7.8843188e-001
 7.8827214e-001
 7.8817987e-001
 7.8815192e-001
 7.8818095e-001
 7.8825957e-001
 7.8838068e-001
 7.8853697e-001
 7.8872097e-001
 7.8892559e-001
 7.8914338e-001
 7.8936708e-001
 7.8958935e-001
 7.8980303e-001
 7.9000211e-001
 7.9018557e-001
 7.9035360e-001
 7.9050618e-001
 7.9064345e-001
 7.9076552e-001
 7.9087245e-001
 7.9096437e-001
 7.9104131e-001
 7.9110342e-001
 7.9115081e-001
 7.9118365e-001
 7.9120284e-001
 7.9120898e-001
 7.9120326e-001
 7.9118627e-001
 7.9115915e-001
 7.9112256e-001
 7.9107755e-001
 7.9102480e-001
 7.9096538e-001
 7.9090083e-001
 7.9083556e-001
 7.9077452e-001
 7.9072279e-001
 7.9068524e-001
 7.9066682e-001
 7.9067248e-001
 7.9070735e-001
 7.9077625e-001
 7.9088426e-001
 7.9103571e-001
 7.9123378e-001
 7.9148060e-001
 7.9177886e-001
 7.9213119e-001
 7.9254001e-001
 7.9300767e-001
 7.9353708e-001
 7.9413044e-001
 7.9479051e-001
 7.9551232e-001
 7.9626799e-001
 7.9702401e-001
 7.9774696e-001
 7.9840344e-001
 7.9896021e-001
 7.9938388e-001
 7.9964107e-001
 7.9969841e-001
 7.9953253e-001
 7.9915291e-001
 7.9857624e-001
 7.9781884e-001
 7.9689729e-001
 7.9582810e-001
 7.9462779e-001
 7.9331261e-001
 7.9190564e-001
 7.9044873e-001
 7.8898907e-001
 7.8757280e-001
 7.8624684e-001
 7.8505749e-001
 7.8405160e-001
 7.8327572e-001
 7.8276062e-001
 7.8248614e-001
 7.8242165e-001
 7.8253651e-001
 7.8280008e-001
 7.8318167e-001
 7.8365082e-001
 7.8417665e-001
 7.8473026e-001
 7.8528696e-001
 7.8582346e-001
 7.8627437e-001
 7.8668332e-001
 7.8700161e-001
 7.8721255e-001
 7.8731489e-001
 7.8731900e-001
 7.8724355e-001
 7.8711134e-001
 7.8694832e-001
 7.8678662e-001
 7.8667134e-001
 7.8666329e-001
 7.8683430e-001
 7.8725845e-001
 7.8800046e-001
 7.8909194e-001
 7.9050261e-001
 7.9213083e-001
 7.9382110e-001
 7.9539508e-001
 7.9668158e-001
 7.9755378e-001
 7.9796529e-001
 7.9796338e-001
 7.9766816e-001
 7.9723603e-001
 7.9682600e-001
 7.9657203e-001
 7.9656136e-001
 7.9682809e-001
 7.9736304e-001
 7.9813045e-001
 7.9907954e-001
 8.0014724e-001
 8.0125612e-001
 8.0231488e-001
 8.0322200e-001
 8.0387712e-001
 8.0419874e-001
 8.0414838e-001
 8.0266827e-001
 8.0261683e-001
 8.0252886e-001
 8.0244559e-001
 8.0240411e-001
 8.0243158e-001
 8.0254066e-001
 8.0272859e-001
 8.0297691e-001
 8.0325496e-001
 8.0352557e-001
 8.0375272e-001
 8.0390871e-001
 8.0398053e-001
 8.0397153e-001
 8.0389994e-001
 8.0379498e-001
 8.0369127e-001
 8.0362326e-001
 8.0361980e-001
 8.0369997e-001
 8.0387133e-001
 8.0412966e-001
 8.0446011e-001
 8.0484039e-001
 8.0524302e-001
 8.0563873e-001
 8.0600101e-001
 8.0631065e-001
 8.0655885e-001
 8.0674857e-001
 8.0689257e-001
 8.0701029e-001
 8.0712408e-001
 8.0725539e-001
 8.0742234e-001
 8.0763793e-001
 8.0790931e-001
 8.0823797e-001
 8.0862021e-001
 8.0904818e-001
 8.0950975e-001
 8.0998975e-001
 8.1047004e-001
 8.1093085e-001
 8.1135213e-001
 8.1171560e-001
 8.1200707e-001
 8.1221879e-001
 8.1235093e-001
 8.1241214e-001
 8.1241888e-001
 8.1239349e-001
 8.1236142e-001
 8.1234759e-001
 8.1237268e-001
 8.1245041e-001
 8.1258541e-001
 8.1277257e-001
 8.1299788e-001
 8.1324053e-001
 8.1347620e-001
 8.1368041e-001
 8.1383210e-001
 8.1391597e-001
 8.1392431e-001
 8.1385720e-001
 8.1372195e-001
 8.1353146e-001
 8.1330258e-001
 8.1305403e-001
 8.1280488e-001
 8.1257343e-001
 8.1237602e-001
 8.1222689e-001
 8.1213737e-001
 8.1211585e-001
 8.1216711e-001
 8.1229252e-001
 8.1248945e-001
 8.1275183e-001
 8.1307060e-001
 8.1343418e-001
 8.1383002e-001
 8.1424516e-001
 8.1466800e-001
 8.1508905e-001
 8.1550115e-001
 8.1590021e-001
 8.1628424e-001
 8.1665272e-001
 8.1700540e-001
 8.1734097e-001
 8.1765616e-001
 8.1794572e-001
 8.1820196e-001
 8.1841636e-001
 8.1858045e-001
 8.1868756e-001
 8.1873465e-001
 8.1872290e-001
 8.1865847e-001
 8.1855178e-001
 8.1841654e-001
 8.1826717e-001
 8.1811720e-001
 8.1797642e-001
 8.1784976e-001
 8.1773621e-001
 8.1762958e-001
 8.1751961e-001
 8.1739450e-001
 8.1724340e-001
 8.1705862e-001
 8.1683677e-001
 8.1657970e-001
 8.1629342e-001
 8.1598687e-001
 8.1567055e-001
 8.1535482e-001
 8.1504929e-001
 8.1476218e-001
 8.1450015e-001
 8.1426841e-001
 8.1406975e-001
 8.1390387e-001
 8.1376606e-001
 8.1364620e-001
 8.1352860e-001
 8.1339282e-001
 8.1321591e-001
 8.1297594e-001
 8.1265563e-001
 8.1224573e-001
 8.1174678e-001
 8.1116992e-001
 8.1053448e-001
 8.0986476e-001
 8.0918574e-001
 8.0851865e-001
 8.0787730e-001
 8.0726683e-001
 8.0668318e-001
 8.0611563e-001
 8.0554974e-001
 8.0497128e-001
 8.0437070e-001
 8.0374557e-001
 8.0310261e-001
 8.0245763e-001
 8.0183285e-001
 8.0125457e-001
 8.0074805e-001
 8.0033427e-001
 8.0002618e-001
 7.9982656e-001
 7.9972851e-001
 7.9971659e-001
 7.9976982e-001
 7.9986578e-001
 7.9998410e-001
 8.0011010e-001
 8.0023682e-001
 8.0036539e-001
 8.0050403e-001
 8.0066544e-001
 8.0086333e-001
 8.0110896e-001
 8.0140823e-001
 8.0175996e-001
 8.0215597e-001
 8.0258274e-001
 8.0302382e-001
 8.0346382e-001
 8.0389076e-001
 8.0429900e-001
 8.0468941e-001
 8.0506885e-001
 8.0544829e-001
 8.0583924e-001
 8.0625075e-001
 8.0668598e-001
 8.0714017e-001
 8.0760026e-001
 8.0804527e-001
 8.0844945e-001
 8.0878544e-001
 8.0902845e-001
 8.0916065e-001
 8.0917376e-001
 8.0907094e-001
 8.0886650e-001
 8.0858427e-001
 8.0825430e-001
 8.0790925e-001
 8.0758011e-001
 8.0729264e-001
 8.0706501e-001
 8.0690622e-001
 8.0681676e-001
 8.0678982e-001
 8.0681407e-001
 8.0687666e-001
 8.0696613e-001
 8.0707461e-001
 8.0719930e-001
 8.0734271e-001
 8.0751145e-001
 8.0771482e-001
 8.0796248e-001
 8.0826175e-001
 8.0861610e-001
 8.0902308e-001
 8.0947351e-001
 8.0995190e-001
 8.1043649e-001
 8.1090170e-001
 8.1131959e-001
 8.1166321e-001
 8.1190938e-001
 8.1204140e-001
 8.1205153e-001
 8.1194228e-001
 8.1172651e-001
 8.1142604e-001
 8.1106955e-001
 8.1068867e-001
 8.1031489e-001
 8.0997598e-001
 8.0969369e-001
 8.0948305e-001
 8.0935162e-001
 8.0930138e-001
 8.0932933e-001
 8.0942953e-001
 8.0959326e-001
 8.0981022e-001
 8.1006789e-001
 8.1035197e-001
 8.1064665e-001
 8.1093568e-001
 8.1120348e-001
 8.1143749e-001
 8.1162924e-001
 8.1177574e-001
 8.1187958e-001
 8.1194782e-001
 8.1199038e-001
 8.1201786e-001
 8.1203914e-001
 8.1206000e-001
 8.1208187e-001
 8.1210232e-001
 8.1211615e-001
 8.1211698e-001
 8.1209958e-001
 8.1206191e-001
 8.1200653e-001
 8.1194121e-001
 8.1187892e-001
 8.1183589e-001
 8.1182986e-001
 8.1187671e-001
 8.1198776e-001
 8.1216657e-001
 8.1240779e-001
 8.1269574e-001
 8.1300622e-001
 8.1330884e-001
 8.1357074e-001
 8.1376183e-001
 8.1385893e-001
 8.1384951e-001
 8.1373322e-001
 8.1352168e-001
 8.1323498e-001
 8.1289780e-001
 8.1253409e-001
 8.1216246e-001
 8.1179374e-001
 8.1142992e-001
 8.1106621e-001
 8.1069386e-001
 8.1030399e-001
 8.0989027e-001
 8.0945092e-001
 8.0898839e-001
 8.0850816e-001
 8.0801702e-001
 8.0752105e-001
 8.0702466e-001
 8.0653101e-001
 8.0604261e-001
 8.0556250e-001
 8.0509502e-001
 8.0464566e-001
 8.0422008e-001
 8.0382258e-001
 8.0345386e-001
 8.0311054e-001
 8.0278426e-001
 8.0246317e-001
 8.0213356e-001
 8.0178219e-001
 8.0139816e-001
 8.0097443e-001
 8.0050784e-001
 7.9999882e-001
 7.9944956e-001
 7.9886329e-001
 7.9824239e-001
 7.9758859e-001
 7.9690254e-001
 7.9618448e-001
 7.9543507e-001
 7.9465622e-001
 7.9385102e-001
 7.9302400e-001
 7.9217976e-001
 7.9132259e-001
 7.9045498e-001
 7.8957665e-001
 7.8868508e-001
 7.8777546e-001
 7.8684270e-001
 7.8588378e-001
 7.8489935e-001
 7.8389663e-001
 7.8288907e-001
 7.8189707e-001
 7.8094506e-001
 7.8005815e-001
 7.7925867e-001
 7.7856165e-001
 7.7797240e-001
 7.7748507e-001
 7.7708268e-001
 7.7673966e-001
 7.7642518e-001
 7.7610677e-001
 7.7575451e-001
 7.7534366e-001
 7.7485710e-001
 7.7428573e-001
 7.7362782e-001
 7.7288795e-001
 7.7207440e-001
 7.7119732e-001
 7.7026653e-001
 7.6928955e-001
 7.6827174e-001
 7.6721525e-001
 7.6612127e-001
 7.6499087e-001
 7.6382667e-001
 7.6263541e-001
 7.6142794e-001
 7.6021940e-001
 7.5902778e-001
 7.5786966e-001
 7.5675774e-001
 7.5569499e-001
 7.5467277e-001
 7.5366849e-001
 7.5264615e-001
 7.5156027e-001
 7.5036079e-001
 7.4899805e-001
 7.4742901e-001
 7.4561870e-001
 7.4354184e-001
 7.4117965e-001
 7.3851347e-001
 7.3552096e-001
 7.3216659e-001
 7.2839904e-001
 7.2414678e-001
 7.1931553e-001
 7.1379340e-001
 7.0745158e-001
 7.0015728e-001
 6.9178653e-001
 6.8223906e-001
 6.7146957e-001
 6.5950459e-001
 6.4647543e-001
 6.3263190e-001
 6.1834002e-001
 6.0407597e-001
 5.9038448e-001
 5.7781899e-001
 5.6688643e-001
 5.5797005e-001
 5.5128610e-001
 5.4685026e-001
 5.4447818e-001
 5.4382032e-001
 5.4441428e-001
 5.4575276e-001
 5.4734945e-001
 5.4879451e-001
 5.4978794e-001
 5.5015409e-001
 5.4983371e-001
 5.4886389e-001
 5.4734963e-001
 5.4543549e-001
 5.4328007e-001
 5.4103851e-001
 5.3885114e-001
 5.3683692e-001
 5.3509468e-001
 5.3370273e-001
 5.3272295e-001
 5.3220266e-001
 5.3217584e-001
 5.3266424e-001
 5.3367662e-001
 5.3520864e-001
 5.3724074e-001
 5.3973973e-001
 5.4265779e-001
 5.4593503e-001
 5.4950428e-001
 5.5329287e-001
 5.5723119e-001
 5.6125474e-001
 5.6530923e-001
 5.6935495e-001
 5.7336336e-001
 5.7731926e-001
 5.8121383e-001
 5.8504188e-001
 5.8879948e-001
 5.9247798e-001
 5.9606665e-001
 5.9955060e-001
 6.0291386e-001
 6.0614276e-001
 6.0922527e-001
 6.1215240e-001
 6.1491841e-001
 6.1751646e-001
 6.1993933e-001
 6.2217581e-001
 6.2421197e-001
 6.2603337e-001
 6.2762642e-001
 6.2898380e-001
 6.3010627e-001
 6.3100576e-001
 6.3170636e-001
 6.3224202e-001
 6.3265502e-001
 6.3299119e-001
 6.3329601e-001
 6.3361090e-001
 6.3396984e-001
 6.3439852e-001
 6.3491386e-001
 6.3552552e-001
 6.3623828e-001
 6.3705426e-001
 6.3797534e-001
 6.3900459e-001
 6.4014626e-001
 6.4140588e-001
 6.4278841e-001
 6.4429724e-001
 6.4593375e-001
 6.4769572e-001
 6.4957917e-001
 6.5157747e-001
 6.5368229e-001
 6.5588486e-001
 6.5817344e-001
 6.6053492e-001
 6.6295201e-001
 6.6540372e-001
 6.6786665e-001
 6.7031455e-001
 6.7272282e-001
 6.7506886e-001
 6.7733490e-001
 6.7950982e-001
 6.8158668e-001
 6.8356371e-001
 6.8544036e-001
 6.8721670e-001
 6.8889308e-001
 6.9046962e-001
 6.9194818e-001
 6.9333482e-001
 6.9463980e-001
 6.9587868e-001
 6.9706947e-001
 6.9823009e-001
 6.9937515e-001
 7.0051223e-001
 7.0164180e-001
 7.0275742e-001
 7.0384973e-001
 7.0491135e-001
 7.0594037e-001
 7.0694423e-001
 7.0793951e-001
 7.0894957e-001
 7.1000016e-001
 7.1111238e-001
 7.1229792e-001
 7.1355408e-001
 7.1486270e-001
 7.1619266e-001
 7.1750349e-001
 7.1875221e-001
 7.1990120e-001
 7.2092414e-001
 7.2181219e-001
 7.2257555e-001
 7.2324270e-001
 7.2385359e-001
 7.2445160e-001
 7.2507656e-001
 7.2575849e-001
 7.2651517e-001
 7.2734976e-001
 7.2824895e-001
 7.2918493e-001
 7.3011887e-001
 7.3100823e-001
 7.3181486e-001
 7.3251176e-001
 7.3308939e-001
 7.3355752e-001
 7.3394424e-001
 7.3429066e-001
 7.3464239e-001
 7.3504192e-001
 7.3552215e-001
 7.3610228e-001
 7.3678708e-001
 7.3756748e-001
 7.3842293e-001
 7.3932660e-001
 7.4024975e-001
 7.4116808e-001
 7.4206495e-001
 7.4293369e-001
 7.4377710e-001
 7.4460357e-001
 7.4542373e-001
 7.4624449e-001
 7.4706584e-001
 7.4787962e-001
 7.4866962e-001
 7.4941593e-001
 7.5009781e-001
 7.5069815e-001
 7.5120658e-001
 7.5162065e-001
 7.5194854e-001
 7.5220829e-001
 7.5242692e-001
 7.5263727e-001
 7.5287372e-001
 7.5316817e-001
 7.5354594e-001
 7.5402254e-001
 7.5460255e-001
 7.5527871e-001
 7.5603288e-001
 7.5683826e-001
 7.5766242e-001
 7.5847179e-001
 7.5923449e-001
 7.5992423e-001
 7.6052296e-001
 7.6102173e-001
 7.6142156e-001
 7.6173234e-001
 7.6197147e-001
 7.6216155e-001
 7.6232642e-001
 7.6248848e-001
 7.6266545e-001
 7.6286858e-001
 7.6310229e-001
 7.6336491e-001
 7.6365036e-001
 7.6395100e-001
 7.6425987e-001
 7.6457280e-001
 7.6488948e-001
 7.6521367e-001
 7.6555204e-001
 7.6591212e-001
 7.6630020e-001
 7.6671875e-001
 7.6716465e-001
 7.6762891e-001
 7.6809669e-001
 7.6854962e-001
 7.6896834e-001
 7.6933593e-001
 7.6964128e-001
 7.6988131e-001
 7.7006221e-001
 7.7019894e-001
 7.7031296e-001
 7.7042937e-001
 7.7057236e-001
 7.7076143e-001
 7.7100831e-001
 7.7131492e-001
 7.7167356e-001
 7.7206826e-001
 7.7247781e-001
 7.7287972e-001
 7.7325398e-001
 7.7358645e-001
 7.7387071e-001
 7.7410859e-001
 7.7430946e-001
 7.7448761e-001
 7.7465945e-001
 7.7484030e-001
 7.7504164e-001
 7.7526927e-001
 7.7552265e-001
 7.7579582e-001
 7.7607810e-001
 7.7635717e-001
 7.7662081e-001
 7.7685887e-001
 7.7706522e-001
 7.7723771e-001
 7.7737838e-001
 7.7749240e-001
 7.7758676e-001
 7.7766877e-001
 7.7774477e-001
 7.7781922e-001
 7.7789432e-001
 7.7796990e-001
 7.7804434e-001
 7.7811503e-001
 7.7817953e-001
 7.7823621e-001
 7.7828473e-001
 7.7832639e-001
 7.7836376e-001
 7.7840042e-001
 7.7844030e-001
 7.7848673e-001
 7.7854216e-001
 7.7860779e-001
 7.7868319e-001
 7.7876687e-001
 7.7885687e-001
 7.7895093e-001
 7.7904719e-001
 7.7914459e-001
 7.7924287e-001
 7.7934277e-001
 7.7944541e-001
 7.7955234e-001
 7.7966428e-001
 7.7978086e-001
 7.7989954e-001
 7.8001529e-001
 7.8012067e-001
 7.8020638e-001
 7.8026229e-001
 7.8027958e-001
 7.8025234e-001
 7.8017992e-001
 7.8006846e-001
 7.7993065e-001
 7.7978492e-001
 7.7965283e-001
 7.7955574e-001
 7.7951151e-001
 7.7953100e-001
 7.7961558e-001
 7.7975607e-001
 7.7993280e-001
 7.8011650e-001
 7.8027165e-001
 7.8036064e-001
 7.8034848e-001
 7.8020811e-001
 7.7992481e-001
 7.7949899e-001
 7.7894711e-001
 7.7830058e-001
 7.7760190e-001
 7.7689934e-001
 7.7624178e-001
 7.7567202e-001
 7.7522224e-001
 7.7491045e-001
 7.7473867e-001
 7.7469367e-001
 7.7474934e-001
 7.7487051e-001
 7.7501720e-001
 7.7514929e-001
 7.7523053e-001
 7.7523148e-001
 7.7513123e-001
 7.7491832e-001
 7.7459013e-001
 7.7415216e-001
 7.7361703e-001
 7.7300251e-001
 7.7233136e-001
 7.7162904e-001
 7.7092355e-001
 7.7024329e-001
 7.6961535e-001
 7.6906401e-001
 7.6860738e-001
 7.6825613e-001
 7.6801091e-001
 7.6786166e-001
 7.6778752e-001
 7.6775837e-001
 7.6773751e-001
 7.6768547e-001
 7.6756436e-001
 7.6734209e-001
 7.6699626e-001
 7.6651651e-001
 7.6590568e-001
 7.6517886e-001
 7.6436144e-001
 7.6348555e-001
 7.6258624e-001
 7.6169771e-001
 7.6084918e-001
 7.6006341e-001
 7.5935459e-001
 7.5872821e-001
 7.5818223e-001
 7.5770813e-001
 7.5729316e-001
 7.5692195e-001
 7.5657803e-001
 7.5624543e-001
 7.5590920e-001
 7.5555599e-001
 7.5517428e-001
 7.5475419e-001
 7.5428760e-001
 7.5376779e-001
 7.5318962e-001
 7.5254971e-001
 7.5184584e-001
 7.5107837e-001
 7.5024968e-001
 7.4936545e-001
 7.4843514e-001
 7.4747241e-001
 7.4649590e-001
 7.4552941e-001
 7.4460036e-001
 7.4373895e-001
 7.4297512e-001
 7.4233538e-001
 7.4183923e-001
 7.4149513e-001
 7.4129772e-001
 7.4122632e-001
 7.4124461e-001
 7.4130285e-001
 7.4134201e-001
 7.4130034e-001
 7.4112058e-001
 7.4075830e-001
 7.4018824e-001
 7.3940957e-001
 7.3844677e-001
 7.3734444e-001
 7.3616171e-001
 7.3496473e-001
 7.3381835e-001
 7.3278081e-001
 7.3189741e-001
 7.3119932e-001
 7.3070198e-001
 7.3040247e-001
 7.3027992e-001
 7.3029739e-001
 7.3040622e-001
 7.3055196e-001
 7.3068118e-001
 7.3074883e-001
 7.3072439e-001
 7.3059475e-001
 7.3036486e-001
 7.3010033e-001
 7.2969508e-001
 7.2928005e-001
 7.2889626e-001
 7.2857916e-001
 7.2835398e-001
 7.2823280e-001
 7.2821611e-001
 7.2829562e-001
 7.2845852e-001
 7.2869027e-001
 7.2897542e-001
 7.2929859e-001
 7.2964394e-001
 7.2999507e-001
 7.3033476e-001
 7.3064470e-001
 7.3090541e-001
 7.3109674e-001
 7.3119783e-001
 7.3118794e-001
 7.3104692e-001
 7.3075658e-001
 7.3030257e-001
 7.2967774e-001
 7.2888428e-001
 7.2793519e-001
 7.2685319e-001
 7.2566760e-001
 7.2441244e-001
 7.2312325e-001
 7.2183532e-001
 7.2058260e-001
 7.1939451e-001
 7.1829391e-001
 7.1729469e-001
 7.1640003e-001
 7.1560454e-001
 7.1489590e-001
 7.1425748e-001
 7.1367103e-001
 7.1311718e-001
 7.1257675e-001
 7.1203089e-001
 7.1146095e-001
 7.1084940e-001
 7.1017939e-001
 7.0943487e-001
 7.0860052e-001
 7.0766115e-001
 7.0660198e-001
 7.0540804e-001
 7.0406479e-001
 7.0255798e-001
 7.0087332e-001
 6.9899750e-001
 6.9691718e-001
 6.9462013e-001
 6.9209456e-001
 6.8932801e-001
 6.8630946e-001
 6.8302691e-001
 6.7947006e-001
 6.7563027e-001
 6.7149961e-001
 6.6707498e-001
 6.6235679e-001
 6.5734684e-001
 6.5205175e-001
 6.4647692e-001
 6.4063030e-001
 6.3451976e-001
 6.2814975e-001
 6.2152565e-001
 6.1464584e-001
 6.0750586e-001
 6.0009557e-001
 5.9239697e-001
 5.8439201e-001
 5.7605660e-001
 5.6736869e-001
 5.5830741e-001
 5.4885161e-001
 5.3899133e-001
 5.2872282e-001
 5.1806074e-001
 5.0703675e-001
 4.9569321e-001
 4.8408762e-001
 4.7228408e-001
 4.6034604e-001
 4.4834465e-001
 4.3634725e-001
 4.2442888e-001
 4.1266990e-001
 4.0115389e-001
 3.8997805e-001
 3.7924144e-001
 3.6905247e-001
 3.5952237e-001
 3.5075942e-001
 3.4287354e-001
 3.3596253e-001
 3.3011022e-001
 3.2537171e-001
 3.2176220e-001
 3.1925657e-001
 3.1779000e-001
 3.1727040e-001
 3.1758842e-001
 3.1862715e-001
 3.2026783e-001
 3.2239559e-001
 3.2490388e-001
 3.2770094e-001
 3.3071646e-001
 3.3390176e-001
 3.3722854e-001
 3.4068468e-001
 3.4426552e-001
 3.4797230e-001
 3.5180604e-001
 3.5576645e-001
 3.5985118e-001
 3.6405000e-001
 3.6834630e-001
 3.7271291e-001
 3.7711439e-001
 3.8151082e-001
 3.8585669e-001
 3.9010704e-001
 3.9421588e-001
 3.9814007e-001
 4.0184379e-001
 4.0529940e-001
 4.0849453e-001
 4.1143069e-001
 4.1412309e-001
 4.1659784e-001
 4.1888613e-001
 4.2102185e-001
 4.2304015e-001
 4.2497352e-001
 4.2685157e-001
 4.2869657e-001
 4.3052188e-001
 4.3233156e-001
 4.3411982e-001
 4.3587509e-001
 4.3758121e-001
 4.3922037e-001
 4.4077507e-001
 4.4222829e-001
 4.4356662e-001
 4.4478118e-001
 4.4586989e-001
 4.4683850e-001
 4.4769904e-001
 4.4846898e-001
 4.4916850e-001
 4.4981930e-001
 4.5044377e-001
 4.5106432e-001
 4.5170322e-001
 4.5238280e-001
 4.5312482e-001
 4.5395109e-001
 4.5488283e-001
 4.5594102e-001
 4.5714685e-001
 4.5852050e-001
 4.6008170e-001
 4.6184686e-001
 4.6382689e-001
 4.6602407e-001
 4.6842724e-001
 4.7101250e-001
 4.7374254e-001
 4.7657079e-001
 4.7944632e-001
 4.8231456e-001
 4.8512259e-001
 4.8781967e-001
 4.9036211e-001
 4.9271914e-001
 4.9487492e-001
 4.9683255e-001
 4.9861056e-001
 5.0023937e-001
 5.0175726e-001
 5.0320488e-001
 5.0462359e-001
 5.0605321e-001
 5.0752813e-001
 5.0907534e-001
 5.1071054e-001
 5.1243711e-001
 5.1424807e-001
 5.1612759e-001
 5.1805598e-001
 5.2001029e-001
 5.2196831e-001
 5.2390736e-001
 5.2580863e-001
 5.2765793e-001
 5.2944577e-001
 5.3117090e-001
 5.3283763e-001
 5.3445524e-001
 5.3603452e-001
 5.3758878e-001
 5.3913146e-001
 5.4067451e-001
 5.4222971e-001
 5.4380679e-001
 5.4541141e-001
 5.4704726e-001
 5.4871470e-001
 5.5041230e-001
 5.5213636e-001
 5.5388349e-001
 5.5565035e-001
 5.5743194e-001
 5.5922467e-001
 5.6102484e-001
 5.6282735e-001
 5.6462848e-001
 5.6642419e-001
 5.6820935e-001
 5.6997979e-001
 5.7173115e-001
 5.7345915e-001
 5.7515794e-001
 5.7682210e-001
 5.7844514e-001
 5.8001763e-001
 5.8152944e-001
 5.8296883e-001
 5.8432168e-001
 5.8557427e-001
 5.8671254e-001
 5.8772284e-001
 5.8859247e-001
 5.8931243e-001
 5.8987868e-001
 5.9029382e-001
 5.9056842e-001
 5.9071982e-001
 5.9077042e-001
 5.9074581e-001
 5.9067261e-001
 5.9057784e-001
 5.9048688e-001
 5.9042245e-001
 5.9040219e-001
 5.9043711e-001
 5.9053075e-001
 5.9068000e-001
 5.9087664e-001
 5.9110969e-001
 5.9136659e-001
 5.9163409e-001
 5.9189880e-001
 5.9214699e-001
 5.9236473e-001
 5.9253764e-001
 5.9265077e-001
 5.9268904e-001
 5.9263688e-001
 5.9247875e-001
 5.9219933e-001
 5.9178483e-001
 5.9122455e-001
 5.9051442e-001
 5.8966130e-001
 5.8868760e-001
 5.8763182e-001
 5.8654737e-001
 5.8549941e-001
 5.8455884e-001
 5.8379900e-001
 5.8329284e-001
 5.8310688e-001
 5.8329552e-001
 5.8389241e-001
 5.8490312e-001
 5.8630216e-001
 5.8803630e-001
 5.9003049e-001
 5.9219849e-001
 5.9444880e-001
 5.9668791e-001
 5.9882849e-001
 6.0079348e-001
 6.0252225e-001
 6.0397965e-001
 6.0515678e-001
 6.0606897e-001
 6.0674858e-001
 6.0723943e-001
 6.0759002e-001
 6.0784960e-001
 6.0806578e-001
 6.0828090e-001
 6.0852820e-001
 6.0882896e-001
 6.0919094e-001
 6.0960966e-001
 6.1007178e-001
 6.1055857e-001
 6.1104888e-001
 6.1152053e-001
 6.1195236e-001
 6.1232495e-001
 6.1262190e-001
 6.1283147e-001
 6.1294657e-001
 6.1296463e-001
 6.1288631e-001
 6.1271417e-001
 6.1245179e-001
 6.1210340e-001
 6.1167359e-001
 6.1116785e-001
 6.1059332e-001
 6.0995853e-001
 6.0927415e-001
 6.0855311e-001
 6.0780931e-001
 6.0705715e-001
 6.0631186e-001
 6.0558742e-001
 6.0489577e-001
 6.0424435e-001
 6.0363382e-001
 6.0305417e-001
 6.0248458e-001
 6.0189468e-001
 6.0124618e-001
 6.0049653e-001
 5.9960121e-001
 5.9851450e-001
 5.9718978e-001
 5.9557950e-001
 5.9363550e-001
 5.9130704e-001
 5.8854067e-001
 5.8528328e-001
 5.8147848e-001
 5.7706910e-001
 5.7200247e-001
 5.6622821e-001
 5.5970877e-001
 5.5243909e-001
 5.4445559e-001
 5.3585851e-001
 5.2681494e-001
 5.1756096e-001
 5.0837213e-001
 4.9955094e-001
 4.9141690e-001
 4.8427987e-001
 4.7843093e-001
 4.7412151e-001
 4.7152546e-001
 4.7071886e-001
 4.7166824e-001
 4.7423992e-001
 4.7822762e-001
 4.8338252e-001
 4.8943153e-001
 4.9610028e-001
 5.0312161e-001
 5.1024193e-001
 5.1724440e-001
 5.2395540e-001
 5.3024459e-001
 5.3603005e-001
 5.4126006e-001
 5.4590333e-001
 5.4993504e-001
 5.5333865e-001
 5.5610037e-001
 5.5820966e-001
 5.5966598e-001
 5.6047881e-001
 5.6066883e-001
 5.6026816e-001
 5.5931646e-001
 5.5785751e-001
 5.5593854e-001
 5.5360603e-001
 5.5090505e-001
 5.4788005e-001
 5.4456890e-001
 5.4100305e-001
 5.3720957e-001
 5.3320688e-001
 5.2900958e-001
 5.2462870e-001
 5.2007741e-001
 5.1536679e-001
 5.1051152e-001
 5.0553733e-001
 5.0047946e-001
 4.9539050e-001
 4.9034601e-001
 4.8543543e-001
 4.8076102e-001
 4.7643599e-001
 4.7257274e-001
 4.6928298e-001
 4.6666986e-001
 4.6482104e-001
 4.6379361e-001
 4.6360621e-001
 4.6423438e-001
 4.6561435e-001
 4.6765423e-001
 4.7024342e-001
 4.7326484e-001
 4.7659934e-001
 4.8013186e-001
 4.8375344e-001
 4.8737264e-001
 4.9091807e-001
 4.9433827e-001
 4.9760458e-001
 5.0070304e-001
 5.0362659e-001
 5.0637478e-001
 5.0894910e-001
 5.1135039e-001
 5.1358265e-001
 5.1565140e-001
 5.1756549e-001
 5.1933533e-001
 5.2097553e-001
 5.2250266e-001
 5.2393347e-001
 5.2528614e-001
 5.2657861e-001
 5.2782696e-001
 5.2904576e-001
 5.3024554e-001
 5.3143185e-001
 5.3260374e-001
 5.3375590e-001
 5.3487909e-001
 5.3596109e-001
 5.3698939e-001
 5.3795135e-001
 5.3883421e-001
 5.3962743e-001
 5.4032302e-001
 5.4091585e-001
 5.4140526e-001
 5.4179388e-001
 5.4208708e-001
 5.4229128e-001
 5.4241413e-001
 5.4246294e-001
 5.4244453e-001
 5.4236424e-001
 5.4222500e-001
 5.4202640e-001
 5.4176438e-001
 5.4143155e-001
 5.4101801e-001
 5.4051250e-001
 5.3990310e-001
 5.3917730e-001
 5.3832310e-001
 5.3732842e-001
 5.3618121e-001
 5.3487080e-001
 5.3338617e-001
 5.3171670e-001
 5.2985328e-001
 5.2778614e-001
 5.2550632e-001
 5.2300566e-001
 5.2028149e-001
 5.1733679e-001
 5.1418620e-001
 5.1086336e-001
 5.0741756e-001
 5.0391459e-001
 5.0043488e-001
 4.9706319e-001
 4.9388766e-001
 4.9099410e-001
 4.8846257e-001
 4.8635471e-001
 4.8470512e-001
 4.8351225e-001
 4.8273221e-001
 4.8228428e-001
 4.8206061e-001
 4.8193687e-001
 4.8178199e-001
 4.8146573e-001
 4.8086655e-001
 4.7988290e-001
 4.7844622e-001
 4.7653440e-001
 4.7417462e-001
 4.7143909e-001
 4.6843544e-001
 4.6528924e-001
 4.6213478e-001
 4.5910946e-001
 4.5634171e-001
 4.5394498e-001
 4.5200554e-001
 4.5057455e-001
 4.4966161e-001
 4.4924027e-001
 4.4925758e-001
 4.4964427e-001
 4.5032367e-001
 4.5121652e-001
 4.5224544e-001
 4.5333767e-001
 4.5442912e-001
 4.5546627e-001
 4.5640904e-001
 4.5722860e-001
 4.5790407e-001
 4.5842019e-001
 4.5876428e-001
 4.5892492e-001
 4.5889267e-001
 4.5866075e-001
 4.5822713e-001
 4.5759594e-001
 4.5677823e-001
 4.5579094e-001
 4.5465636e-001
 4.5339885e-001
 4.5204374e-001
 4.5061767e-001
 4.4914570e-001
 4.4765136e-001
 4.4615662e-001
 4.4467905e-001
 4.4323266e-001
 4.4182771e-001
 4.4047296e-001
 4.3917453e-001
 4.3793780e-001
 4.3676838e-001
 4.3567017e-001
 4.3464556e-001
 4.3369505e-001
 4.3281475e-001
 4.3199688e-001
 4.3123069e-001
 4.3050253e-001
 4.2979759e-001
 4.2910045e-001
 4.2839628e-001
 4.2767054e-001
 4.2691007e-001
 4.2610458e-001
 4.2524606e-001
 4.2432988e-001
 4.2335501e-001
 4.2232230e-001
 4.2123431e-001
 4.2009404e-001
 4.1890565e-001
 4.1767243e-001
 4.1639766e-001
 4.1508546e-001
 4.1378793e-001
 4.1273654e-001
 4.1131932e-001
 4.0987036e-001
 4.0838960e-001
 4.0687734e-001
 4.0533361e-001
 4.0375933e-001
 4.0215454e-001
 4.0051949e-001
 3.9885458e-001
 3.9716017e-001
 3.9544377e-001
 3.9371449e-001
 3.9198193e-001
 3.9025539e-001
 3.8854524e-001
 3.8686076e-001
 3.8521147e-001
 3.8360676e-001
 3.8205692e-001
 3.8057128e-001
 3.7915936e-001
 3.7783056e-001
 3.7659511e-001
 3.7546104e-001
 3.7442532e-001
 3.7347871e-001
 3.7261164e-001
 3.7181541e-001
 3.7108034e-001
 3.7039724e-001
 3.6975673e-001
 3.6914971e-001
 3.6856681e-001
 3.6799872e-001
 3.6743608e-001
 3.6686975e-001
 3.6629039e-001
 3.6568874e-001
 3.6505553e-001
 3.6438122e-001
 3.6365688e-001
 3.6287409e-001
 3.6203331e-001
 3.6113927e-001
 3.6019748e-001
 3.5921285e-001
 3.5819045e-001
 3.5713500e-001
 3.5605219e-001
 3.5494679e-001
 3.5382384e-001
 3.5268843e-001
 3.5154536e-001
 3.5040021e-001
 3.4925786e-001
 3.4812325e-001
 3.4700131e-001
 3.4589756e-001
 3.4481683e-001
 3.4376416e-001
 3.4274441e-001
 3.4176314e-001
 3.4082514e-001
 3.3993489e-001
 3.3909157e-001
 3.3829239e-001
 3.3753383e-001
 3.3681276e-001
 3.3612582e-001
 3.3546972e-001
 3.3484146e-001
 3.3423764e-001
 3.3365506e-001
 3.3309028e-001
 3.3254045e-001
 3.3200204e-001
 3.3147189e-001
 3.3094662e-001
 3.3042321e-001
 3.2989836e-001
 3.2936880e-001
 3.2883123e-001
 3.2828230e-001
 3.2771906e-001
 3.2713816e-001
 3.2653630e-001
 3.2591012e-001
 3.2525668e-001
 3.2457256e-001
 3.2385495e-001
 3.2310399e-001
 3.2232210e-001
 3.2151112e-001
 3.2067305e-001
 3.1980979e-001
 3.1892329e-001
 3.1801590e-001
 3.1708944e-001
 3.1614587e-001
 3.1518704e-001
 3.1421539e-001
 3.1323266e-001
 3.1224090e-001
 3.1124184e-001
 3.1023800e-001
 3.0923119e-001
 3.0822331e-001
 3.0721617e-001
 3.0621234e-001
 3.0521345e-001
 3.0422160e-001
 3.0323875e-001
 3.0226672e-001
 3.0130795e-001
 3.0036423e-001
 2.9943755e-001
 2.9852974e-001
 2.9764318e-001
 2.9677969e-001
 2.9594108e-001
 2.9512748e-001
 2.9433873e-001
 2.9357421e-001
