s07_ASD Record=12458: Alunite.5+MuscCU91-250A AMX4 ASDNGa AREF
-1.2300000e+034
 2.9810667e-001
 3.0043054e-001
 3.0286020e-001
 3.0539364e-001
 3.0798304e-001
 3.1028733e-001
 3.1257999e-001
 3.1510645e-001
 3.1754947e-001
 3.2003906e-001
 3.2254148e-001
 3.2496530e-001
 3.2751215e-001
 3.3006078e-001
 3.3253524e-001
 3.3495867e-001
 3.3747485e-001
 3.4004879e-001
 3.4262791e-001
 3.4527361e-001
 3.4795091e-001
 3.5064811e-001
 3.5336739e-001
 3.5609859e-001
 3.5884696e-001
 3.6162356e-001
 3.6444816e-001
 3.6721748e-001
 3.6993420e-001
 3.7265533e-001
 3.7551799e-001
 3.7826371e-001
 3.8090354e-001
 3.8359478e-001
 3.8624376e-001
 3.8885826e-001
 3.9144289e-001
 3.9399272e-001
 3.9649943e-001
 3.9897454e-001
 4.0145132e-001
 4.0402338e-001
 4.0652397e-001
 4.0893739e-001
 4.1133502e-001
 4.1359374e-001
 4.1581795e-001
 4.1807476e-001
 4.2034379e-001
 4.2244524e-001
 4.2440084e-001
 4.2629120e-001
 4.2816022e-001
 4.3002194e-001
 4.3185803e-001
 4.3363231e-001
 4.3533355e-001
 4.3694469e-001
 4.3847790e-001
 4.3998435e-001
 4.4151315e-001
 4.4301638e-001
 4.4444025e-001
 4.4585779e-001
 4.4721627e-001
 4.4853845e-001
 4.4990197e-001
 4.5127678e-001
 4.5258957e-001
 4.5383245e-001
 4.5513269e-001
 4.5639980e-001
 4.5764282e-001
 4.5889798e-001
 4.6015155e-001
 4.6138412e-001
 4.6260116e-001
 4.6383175e-001
 4.6506125e-001
 4.6629599e-001
 4.6754092e-001
 4.6879041e-001
 4.7004849e-001
 4.7130254e-001
 4.7253877e-001
 4.7379947e-001
 4.7503725e-001
 4.7624284e-001
 4.7746339e-001
 4.7866535e-001
 4.7985092e-001
 4.8102477e-001
 4.8217392e-001
 4.8332426e-001
 4.8447022e-001
 4.8559314e-001
 4.8673391e-001
 4.8786023e-001
 4.8894602e-001
 4.8999500e-001
 4.9103284e-001
 4.9204683e-001
 4.9301541e-001
 4.9395373e-001
 4.9485853e-001
 4.9573478e-001
 4.9659613e-001
 4.9744019e-001
 4.9826387e-001
 4.9906564e-001
 4.9984717e-001
 5.0061482e-001
 5.0137860e-001
 5.0215006e-001
 5.0291288e-001
 5.0366908e-001
 5.0442332e-001
 5.0518256e-001
 5.0594133e-001
 5.0670213e-001
 5.0747025e-001
 5.0826114e-001
 5.0905728e-001
 5.0985456e-001
 5.1065898e-001
 5.1147288e-001
 5.1230556e-001
 5.1315612e-001
 5.1400721e-001
 5.1486796e-001
 5.1575309e-001
 5.1667285e-001
 5.1761025e-001
 5.1856369e-001
 5.1953459e-001
 5.2052182e-001
 5.2153367e-001
 5.2257425e-001
 5.2364117e-001
 5.2470821e-001
 5.2579319e-001
 5.2689946e-001
 5.2802265e-001
 5.2915490e-001
 5.3030378e-001
 5.3146976e-001
 5.3264028e-001
 5.3383005e-001
 5.3503710e-001
 5.3625494e-001
 5.3747880e-001
 5.3871286e-001
 5.3995782e-001
 5.4120755e-001
 5.4246193e-001
 5.4372233e-001
 5.4498798e-001
 5.4625386e-001
 5.4753143e-001
 5.4881972e-001
 5.5011648e-001
 5.5142874e-001
 5.5274576e-001
 5.5406845e-001
 5.5540544e-001
 5.5673438e-001
 5.5806828e-001
 5.5941641e-001
 5.6075215e-001
 5.6209320e-001
 5.6343716e-001
 5.6477267e-001
 5.6611156e-001
 5.6747365e-001
 5.6886327e-001
 5.7026398e-001
 5.7166344e-001
 5.7306004e-001
 5.7445812e-001
 5.7585865e-001
 5.7725662e-001
 5.7865542e-001
 5.8006442e-001
 5.8149213e-001
 5.8292973e-001
 5.8437049e-001
 5.8582014e-001
 5.8728182e-001
 5.8874995e-001
 5.9021366e-001
 5.9167445e-001
 5.9313530e-001
 5.9459549e-001
 5.9605074e-001
 5.9749532e-001
 5.9893280e-001
 6.0036892e-001
 6.0179383e-001
 6.0321116e-001
 6.0462111e-001
 6.0602200e-001
 6.0742235e-001
 6.0882431e-001
 6.1022800e-001
 6.1163783e-001
 6.1304408e-001
 6.1444312e-001
 6.1583501e-001
 6.1722332e-001
 6.1860389e-001
 6.1997241e-001
 6.2132215e-001
 6.2265277e-001
 6.2397087e-001
 6.2527955e-001
 6.2656754e-001
 6.2783545e-001
 6.2908423e-001
 6.3031095e-001
 6.3152254e-001
 6.3271981e-001
 6.3390243e-001
 6.3507211e-001
 6.3622701e-001
 6.3737345e-001
 6.3852012e-001
 6.3966757e-001
 6.4081830e-001
 6.4198136e-001
 6.4317095e-001
 6.4437598e-001
 6.4558816e-001
 6.4680374e-001
 6.4802259e-001
 6.4923835e-001
 6.5043867e-001
 6.5160888e-001
 6.5275854e-001
 6.5388238e-001
 6.5498179e-001
 6.5606654e-001
 6.5714800e-001
 6.5822542e-001
 6.5929759e-001
 6.6036755e-001
 6.6143143e-001
 6.6248512e-001
 6.6352475e-001
 6.6455489e-001
 6.6557312e-001
 6.6657466e-001
 6.6755474e-001
 6.6852063e-001
 6.6947234e-001
 6.7040855e-001
 6.7133451e-001
 6.7224854e-001
 6.7314672e-001
 6.7402506e-001
 6.7489380e-001
 6.7575240e-001
 6.7659825e-001
 6.7742920e-001
 6.7824346e-001
 6.7904538e-001
 6.7984194e-001
 6.8062747e-001
 6.8140328e-001
 6.8216968e-001
 6.8292487e-001
 6.8366677e-001
 6.8439925e-001
 6.8512714e-001
 6.8585354e-001
 6.8656963e-001
 6.8727446e-001
 6.8797284e-001
 6.8866551e-001
 6.8934822e-001
 6.9001913e-001
 6.9068223e-001
 6.9133621e-001
 6.9198287e-001
 6.9262606e-001
 6.9325942e-001
 6.9388431e-001
 6.9449973e-001
 6.9510865e-001
 6.9571185e-001
 6.9631195e-001
 6.9690579e-001
 6.9748837e-001
 6.9806778e-001
 6.9864398e-001
 6.9921619e-001
 6.9978637e-001
 7.0035952e-001
 7.0093644e-001
 7.0151818e-001
 7.0210028e-001
 7.0267701e-001
 7.0324761e-001
 7.0382029e-001
 7.0438981e-001
 7.0495796e-001
 7.0552891e-001
 7.0609474e-001
 7.0666468e-001
 7.0724356e-001
 7.0782214e-001
 7.0840269e-001
 7.0898479e-001
 7.0956802e-001
 7.1015614e-001
 7.1074247e-001
 7.1132612e-001
 7.1191204e-001
 7.1249682e-001
 7.1307927e-001
 7.1366030e-001
 7.1423990e-001
 7.1481562e-001
 7.1538496e-001
 7.1594471e-001
 7.1649301e-001
 7.1702558e-001
 7.1754527e-001
 7.1806085e-001
 7.1857268e-001
 7.1908355e-001
 7.1959174e-001
 7.2008657e-001
 7.2058237e-001
 7.2107965e-001
 7.2157699e-001
 7.2208303e-001
 7.2258437e-001
 7.2307855e-001
 7.2357130e-001
 7.2406155e-001
 7.2454441e-001
 7.2501647e-001
 7.2548717e-001
 7.2595370e-001
 7.2641927e-001
 7.2688663e-001
 7.2734523e-001
 7.2780704e-001
 7.2827280e-001
 7.2872794e-001
 7.2917461e-001
 7.2962016e-001
 7.3006803e-001
 7.3050851e-001
 7.3094916e-001
 7.3138678e-001
 7.3181468e-001
 7.3224157e-001
 7.3266113e-001
 7.3307383e-001
 7.3348904e-001
 7.3389465e-001
 7.3429197e-001
 7.3468417e-001
 7.3507047e-001
 7.3545235e-001
 7.3583084e-001
 7.3620522e-001
 7.3657173e-001
 7.3693174e-001
 7.3728371e-001
 7.3762381e-001
 7.3796308e-001
 7.3829907e-001
 7.3862594e-001
 7.3893714e-001
 7.3923856e-001
 7.3952913e-001
 7.3980445e-001
 7.4005729e-001
 7.4026412e-001
 7.4042410e-001
 7.4056345e-001
 7.4077231e-001
 7.4103904e-001
 7.4131811e-001
 7.4154049e-001
 7.4172878e-001
 7.4190229e-001
 7.4207586e-001
 7.4224472e-001
 7.4241543e-001
 7.4260116e-001
 7.4281830e-001
 7.4307024e-001
 7.4332643e-001
 7.4356240e-001
 7.4376851e-001
 7.4398482e-001
 7.4422139e-001
 7.4447024e-001
 7.4470389e-001
 7.4491924e-001
 7.4510765e-001
 7.4526334e-001
 7.4540168e-001
 7.4552226e-001
 7.4562788e-001
 7.4572659e-001
 7.4581361e-001
 7.4588609e-001
 7.4594283e-001
 7.4598646e-001
 7.4602062e-001
 7.4605012e-001
 7.4607873e-001
 7.4610502e-001
 7.4612784e-001
 7.4614733e-001
 7.4616551e-001
 7.4618489e-001
 7.4620903e-001
 7.4624264e-001
 7.4629247e-001
 7.4634814e-001
 7.4641019e-001
 7.4648094e-001
 7.4656093e-001
 7.4665409e-001
 7.4675876e-001
 7.4686915e-001
 7.4698317e-001
 7.4710256e-001
 7.4722737e-001
 7.4735492e-001
 7.4748152e-001
 7.4760664e-001
 7.4772799e-001
 7.4783689e-001
 7.4793297e-001
 7.4801093e-001
 7.4806565e-001
 7.4809784e-001
 7.4810559e-001
 7.4809825e-001
 7.4809998e-001
 7.4814767e-001
 7.4825174e-001
 7.4840975e-001
 7.4860883e-001
 7.4880272e-001
 7.4897313e-001
 7.4911988e-001
 7.4925625e-001
 7.4939173e-001
 7.4952793e-001
 7.4966419e-001
 7.4980944e-001
 7.4993980e-001
 7.5004846e-001
 7.5014365e-001
 7.5022280e-001
 7.5028700e-001
 7.5033772e-001
 7.5037551e-001
 7.5040352e-001
 7.5042218e-001
 7.5043154e-001
 7.5043005e-001
 7.5041342e-001
 7.5038880e-001
 7.5036436e-001
 7.5033295e-001
 7.5029820e-001
 7.5026172e-001
 7.5022376e-001
 7.5018978e-001
 7.5015980e-001
 7.5013489e-001
 7.5011718e-001
 7.5011599e-001
 7.5012523e-001
 7.5014198e-001
 7.5017536e-001
 7.5022042e-001
 7.5027037e-001
 7.5032145e-001
 7.5037855e-001
 7.5043118e-001
 7.5047588e-001
 7.5051188e-001
 7.5054127e-001
 7.5055963e-001
 7.5057000e-001
 7.5057954e-001
 7.5059104e-001
 7.5060225e-001
 7.5061011e-001
 7.5061065e-001
 7.5060332e-001
 7.5060081e-001
 7.5060588e-001
 7.5059772e-001
 7.5058937e-001
 7.5057995e-001
 7.5056577e-001
 7.5054711e-001
 7.5051934e-001
 7.5048536e-001
 7.5044644e-001
 7.5039083e-001
 7.5033450e-001
 7.5028193e-001
 7.5022852e-001
 7.5017631e-001
 7.5013030e-001
 7.5008893e-001
 7.5004297e-001
 7.5000286e-001
 7.4997389e-001
 7.4995613e-001
 7.4994391e-001
 7.4994302e-001
 7.4993646e-001
 7.4991232e-001
 7.4988437e-001
 7.4985456e-001
 7.4982369e-001
 7.4979120e-001
 7.4975711e-001
 7.4972016e-001
 7.4968708e-001
 7.4966407e-001
 7.4963200e-001
 7.4960434e-001
 7.4958199e-001
 7.4955595e-001
 7.4951488e-001
 7.4947751e-001
 7.4944925e-001
 7.4941939e-001
 7.4938726e-001
 7.4936378e-001
 7.4935257e-001
 7.4934602e-001
 7.4932969e-001
 7.4932462e-001
 7.4933529e-001
 7.4933076e-001
 7.4934185e-001
 7.4935770e-001
 7.4936682e-001
 7.4936903e-001
 7.4939233e-001
 7.4942082e-001
 7.4944043e-001
 7.4947649e-001
 7.4953514e-001
 7.4961233e-001
 7.4970663e-001
 7.4984086e-001
 7.4998796e-001
 7.5015002e-001
 7.5034034e-001
 7.5056094e-001
 7.5079083e-001
 7.5103354e-001
 7.5129682e-001
 7.5152850e-001
 7.5176263e-001
 7.5199980e-001
 7.5221574e-001
 7.5240898e-001
 7.5259441e-001
 7.5277162e-001
 7.5293100e-001
 7.5309038e-001
 7.5321662e-001
 7.5331491e-001
 7.5342697e-001
 7.5351411e-001
 7.5358623e-001
 7.5364727e-001
 7.5368983e-001
 7.5373435e-001
 7.5376171e-001
 7.5377214e-001
 7.5379449e-001
 7.5380713e-001
 7.5382596e-001
 7.5385386e-001
 7.5387245e-001
 7.5390977e-001
 7.5394249e-001
 7.5396466e-001
 7.5400829e-001
 7.5401825e-001
 7.5401467e-001
 7.5400943e-001
 7.5397319e-001
 7.5392729e-001
 7.5386065e-001
 7.5377971e-001
 7.5372362e-001
 7.5359404e-001
 7.5345534e-001
 7.5335193e-001
 7.5322360e-001
 7.5306374e-001
 7.5290298e-001
 7.5274926e-001
 7.5255287e-001
 7.5238752e-001
 7.5223690e-001
 7.5207192e-001
 7.5189030e-001
 7.5170112e-001
 7.5149441e-001
 7.5127363e-001
 7.5107127e-001
 7.5081921e-001
 7.5055128e-001
 7.5028628e-001
 7.4997777e-001
 7.4958837e-001
 7.4919266e-001
 7.4882108e-001
 7.4838817e-001
 7.4790651e-001
 7.4741918e-001
 7.4691814e-001
 7.4631834e-001
 7.4570501e-001
 7.4513823e-001
 7.4460095e-001
 7.4398726e-001
 7.4338937e-001
 7.4284762e-001
 7.4232179e-001
 7.4170732e-001
 7.4119693e-001
 7.4075091e-001
 7.4032062e-001
 7.3990124e-001
 7.3956341e-001
 7.3929191e-001
 7.3904997e-001
 7.3881018e-001
 7.3869616e-001
 7.3869598e-001
 7.3919362e-001
 7.3926181e-001
 7.3939520e-001
 7.3959672e-001
 7.3986948e-001
 7.4021590e-001
 7.4063796e-001
 7.4113661e-001
 7.4171096e-001
 7.4235886e-001
 7.4307632e-001
 7.4385786e-001
 7.4469739e-001
 7.4558794e-001
 7.4652272e-001
 7.4749547e-001
 7.4849981e-001
 7.4952984e-001
 7.5057888e-001
 7.5163943e-001
 7.5270289e-001
 7.5375885e-001
 7.5479645e-001
 7.5580370e-001
 7.5676906e-001
 7.5768256e-001
 7.5853562e-001
 7.5932276e-001
 7.6004070e-001
 7.6068920e-001
 7.6127040e-001
 7.6178819e-001
 7.6224792e-001
 7.6265550e-001
 7.6301712e-001
 7.6333880e-001
 7.6362592e-001
 7.6388353e-001
 7.6411581e-001
 7.6432633e-001
 7.6451832e-001
 7.6469427e-001
 7.6485640e-001
 7.6500648e-001
 7.6514614e-001
 7.6527649e-001
 7.6539880e-001
 7.6551378e-001
 7.6562232e-001
 7.6572502e-001
 7.6582229e-001
 7.6591474e-001
 7.6600271e-001
 7.6608676e-001
 7.6616746e-001
 7.6624566e-001
 7.6632208e-001
 7.6639748e-001
 7.6647240e-001
 7.6654738e-001
 7.6662236e-001
 7.6669729e-001
 7.6677179e-001
 7.6684535e-001
 7.6691747e-001
 7.6698780e-001
 7.6705587e-001
 7.6712155e-001
 7.6718450e-001
 7.6724464e-001
 7.6730174e-001
 7.6735580e-001
 7.6740664e-001
 7.6745433e-001
 7.6749885e-001
 7.6754034e-001
 7.6757896e-001
 7.6761484e-001
 7.6764810e-001
 7.6767892e-001
 7.6770735e-001
 7.6773369e-001
 7.6775801e-001
 7.6778066e-001
 7.6780206e-001
 7.6782256e-001
 7.6784271e-001
 7.6786321e-001
 7.6788449e-001
 7.6790714e-001
 7.6793140e-001
 7.6795745e-001
 7.6798522e-001
 7.6801437e-001
 7.6804453e-001
 7.6807511e-001
 7.6810551e-001
 7.6813519e-001
 7.6816368e-001
 7.6819074e-001
 7.6821631e-001
 7.6824057e-001
 7.6826406e-001
 7.6828730e-001
 7.6831138e-001
 7.6833731e-001
 7.6836640e-001
 7.6840025e-001
 7.6844054e-001
 7.6848924e-001
 7.6854843e-001
 7.6862019e-001
 7.6870662e-001
 7.6880968e-001
 7.6893103e-001
 7.6907200e-001
 7.6923323e-001
 7.6941478e-001
 7.6961601e-001
 7.6983547e-001
 7.7007079e-001
 7.7031887e-001
 7.7057624e-001
 7.7083868e-001
 7.7110207e-001
 7.7136230e-001
 7.7161551e-001
 7.7185845e-001
 7.7208841e-001
 7.7230346e-001
 7.7250224e-001
 7.7268398e-001
 7.7284849e-001
 7.7299589e-001
 7.7312666e-001
 7.7324146e-001
 7.7334094e-001
 7.7342594e-001
 7.7349722e-001
 7.7355570e-001
 7.7360225e-001
 7.7363777e-001
 7.7366328e-001
 7.7367979e-001
 7.7368844e-001
 7.7369016e-001
 7.7368587e-001
 7.7367634e-001
 7.7366221e-001
 7.7364385e-001
 7.7362162e-001
 7.7359575e-001
 7.7356660e-001
 7.7353466e-001
 7.7350062e-001
 7.7346528e-001
 7.7342969e-001
 7.7339482e-001
 7.7336162e-001
 7.7333081e-001
 7.7330279e-001
 7.7327770e-001
 7.7325553e-001
 7.7323592e-001
 7.7321875e-001
 7.7320373e-001
 7.7319098e-001
 7.7318054e-001
 7.7317274e-001
 7.7316791e-001
 7.7316630e-001
 7.7316809e-001
 7.7317339e-001
 7.7318197e-001
 7.7319348e-001
 7.7320725e-001
 7.7322239e-001
 7.7323794e-001
 7.7325249e-001
 7.7326441e-001
 7.7327198e-001
 7.7327329e-001
 7.7326655e-001
 7.7325028e-001
 7.7322346e-001
 7.7318573e-001
 7.7313745e-001
 7.7307981e-001
 7.7301431e-001
 7.7294284e-001
 7.7286708e-001
 7.7278799e-001
 7.7270573e-001
 7.7261925e-001
 7.7252638e-001
 7.7242404e-001
 7.7230853e-001
 7.7217621e-001
 7.7202392e-001
 7.7184945e-001
 7.7165222e-001
 7.7143306e-001
 7.7119434e-001
 7.7093959e-001
 7.7067280e-001
 7.7039820e-001
 7.7011877e-001
 7.6983649e-001
 7.6955116e-001
 7.6926070e-001
 7.6896107e-001
 7.6864666e-001
 7.6831096e-001
 7.6794744e-001
 7.6754975e-001
 7.6711321e-001
 7.6663476e-001
 7.6611352e-001
 7.6555079e-001
 7.6494986e-001
 7.6431584e-001
 7.6365507e-001
 7.6297468e-001
 7.6228219e-001
 7.6158476e-001
 7.6088917e-001
 7.6020110e-001
 7.5952548e-001
 7.5886583e-001
 7.5822437e-001
 7.5760216e-001
 7.5699914e-001
 7.5641435e-001
 7.5584626e-001
 7.5529271e-001
 7.5475174e-001
 7.5422114e-001
 7.5369924e-001
 7.5318438e-001
 7.5267482e-001
 7.5216866e-001
 7.5166315e-001
 7.5115395e-001
 7.5063527e-001
 7.5009871e-001
 7.4953336e-001
 7.4892592e-001
 7.4826050e-001
 7.4751985e-001
 7.4668562e-001
 7.4574006e-001
 7.4466735e-001
 7.4345523e-001
 7.4209738e-001
 7.4059480e-001
 7.3895842e-001
 7.3721015e-001
 7.3538244e-001
 7.3351896e-001
 7.3167098e-001
 7.2989523e-001
 7.2824997e-001
 7.2678983e-001
 7.2556406e-001
 7.2461307e-001
 7.2396737e-001
 7.2364795e-001
 7.2366589e-001
 7.2402352e-001
 7.2471392e-001
 7.2572172e-001
 7.2702223e-001
 7.2858286e-001
 7.3036373e-001
 7.3232049e-001
 7.3440856e-001
 7.3658502e-001
 7.3881334e-001
 7.4106312e-001
 7.4331087e-001
 7.4553871e-001
 7.4773008e-001
 7.4986917e-001
 7.5193715e-001
 7.5391269e-001
 7.5577354e-001
 7.5749731e-001
 7.5906551e-001
 7.6046431e-001
 7.6168716e-001
 7.6273495e-001
 7.6361513e-001
 7.6434040e-001
 7.6492751e-001
 7.6539439e-001
 7.6575959e-001
 7.6604003e-001
 7.6625067e-001
 7.6640356e-001
 7.6650745e-001
 7.6656789e-001
 7.6658696e-001
 7.6656353e-001
 7.6649350e-001
 7.6637036e-001
 7.6618552e-001
 7.6592934e-001
 7.6559210e-001
 7.6516491e-001
 7.6464123e-001
 7.6401800e-001
 7.6329708e-001
 7.6248616e-001
 7.6159865e-001
 7.6065379e-001
 7.5967538e-001
 7.5868887e-001
 7.5771940e-001
 7.5678748e-001
 7.5590700e-001
 7.5508219e-001
 7.5430614e-001
 7.5356179e-001
 7.5282288e-001
 7.5205803e-001
 7.5123453e-001
 7.5032324e-001
 7.4930400e-001
 7.4816853e-001
 7.4692398e-001
 7.4559301e-001
 7.4421191e-001
 7.4282777e-001
 7.4149257e-001
 7.4025798e-001
 7.3916894e-001
 7.3825854e-001
 7.3754531e-001
 7.3703158e-001
 7.3670441e-001
 7.3653871e-001
 7.3650104e-001
 7.3655432e-001
 7.3666221e-001
 7.3679250e-001
 7.3691976e-001
 7.3702621e-001
 7.3710227e-001
 7.3714530e-001
 7.3715883e-001
 7.3715121e-001
 7.3713386e-001
 7.3712069e-001
 7.3712677e-001
 7.3716748e-001
 7.3725760e-001
 7.3741013e-001
 7.3763472e-001
 7.3793668e-001
 7.3831528e-001
 7.3876274e-001
 7.3926383e-001
 7.3979616e-001
 7.4033099e-001
 7.4083561e-001
 7.4127525e-001
 7.4161637e-001
 7.4182940e-001
 7.4189115e-001
 7.4178642e-001
 7.4150932e-001
 7.4106282e-001
 7.4045777e-001
 7.3971099e-001
 7.3884225e-001
 7.3787141e-001
 7.3681551e-001
 7.3568517e-001
 7.3448366e-001
 7.3320460e-001
 7.3183304e-001
 7.3034614e-001
 7.2871429e-001
 7.2690505e-001
 7.2488433e-001
 7.2262049e-001
 7.2008657e-001
 7.1726096e-001
 7.1413112e-001
 7.1069336e-001
 7.0695174e-001
 7.0292079e-001
 6.9862062e-001
 6.9407904e-001
 6.8932849e-001
 6.8440229e-001
 6.7933756e-001
 6.7416906e-001
 6.6893244e-001
 6.6366237e-001
 6.5839016e-001
 6.5314806e-001
 6.4796424e-001
 6.4286631e-001
 6.3787860e-001
 6.3301855e-001
 6.2829846e-001
 6.2371802e-001
 6.1926484e-001
 6.1491030e-001
 6.1060572e-001
 6.0628682e-001
 6.0187304e-001
 5.9727824e-001
 5.9242058e-001
 5.8723557e-001
 5.8169538e-001
 5.7582259e-001
 5.6969923e-001
 5.6347561e-001
 5.5735964e-001
 5.5160677e-001
 5.4649460e-001
 5.4229254e-001
 5.3923708e-001
 5.3750283e-001
 5.3718883e-001
 5.3830945e-001
 5.4079837e-001
 5.4451782e-001
 5.4927623e-001
 5.5484247e-001
 5.6096321e-001
 5.6738037e-001
 5.7383895e-001
 5.8010423e-001
 5.8596641e-001
 5.9125161e-001
 5.9582961e-001
 5.9961319e-001
 6.0256022e-001
 6.0467041e-001
 6.0597622e-001
 6.0653740e-001
 6.0643077e-001
 6.0574406e-001
 6.0456967e-001
 6.0300124e-001
 6.0113007e-001
 5.9904450e-001
 5.9682816e-001
 5.9455699e-001
 5.9229928e-001
 5.9011090e-001
 5.8803451e-001
 5.8609575e-001
 5.8430034e-001
 5.8263403e-001
 5.8105975e-001
 5.7951993e-001
 5.7793796e-001
 5.7622176e-001
 5.7427096e-001
 5.7198441e-001
 5.6926894e-001
 5.6605273e-001
 5.6229430e-001
 5.5799681e-001
 5.5321741e-001
 5.4807210e-001
 5.4274249e-001
 5.3746617e-001
 5.3252953e-001
 5.2824605e-001
 5.2492827e-001
 5.2286124e-001
 5.2226883e-001
 5.2329022e-001
 5.2596045e-001
 5.3020686e-001
 5.3585333e-001
 5.4264277e-001
 5.5026060e-001
 5.5836773e-001
 5.6663555e-001
 5.7476592e-001
 5.8251828e-001
 5.8971363e-001
 5.9624028e-001
 6.0205144e-001
 6.0715109e-001
 6.1158520e-001
 6.1543006e-001
 6.1877745e-001
 6.2172824e-001
 6.2438124e-001
 6.2682903e-001
 6.2915426e-001
 6.3142502e-001
 6.3369566e-001
 6.3600433e-001
 6.3837367e-001
 6.4081264e-001
 6.4331561e-001
 6.4586717e-001
 6.4844197e-001
 6.5100920e-001
 6.5353644e-001
 6.5599060e-001
 6.5834373e-001
 6.6057253e-001
 6.6266096e-001
 6.6460121e-001
 6.6639149e-001
 6.6803545e-001
 6.6954088e-001
 6.7091656e-001
 6.7217213e-001
 6.7331558e-001
 6.7435354e-001
 6.7529154e-001
 6.7613405e-001
 6.7688584e-001
 6.7755240e-001
 6.7814094e-001
 6.7866069e-001
 6.7912287e-001
 6.7954016e-001
 6.7992610e-001
 6.8029392e-001
 6.8065572e-001
 6.8102103e-001
 6.8139648e-001
 6.8178505e-001
 6.8218607e-001
 6.8259621e-001
 6.8300945e-001
 6.8341905e-001
 6.8381792e-001
 6.8419987e-001
 6.8456030e-001
 6.8489635e-001
 6.8520683e-001
 6.8549216e-001
 6.8575358e-001
 6.8599308e-001
 6.8621260e-001
 6.8641406e-001
 6.8659920e-001
 6.8676937e-001
 6.8692571e-001
 6.8706900e-001
 6.8719989e-001
 6.8731880e-001
 6.8742609e-001
 6.8752182e-001
 6.8760592e-001
 6.8767828e-001
 6.8773878e-001
 6.8778729e-001
 6.8782365e-001
 6.8784797e-001
 6.8786025e-001
 6.8786085e-001
 6.8785024e-001
 6.8782902e-001
 6.8779796e-001
 6.8775791e-001
 6.8770981e-001
 6.8765461e-001
 6.8759334e-001
 6.8752664e-001
 6.8745530e-001
 6.8737984e-001
 6.8730050e-001
 6.8721777e-001
 6.8713188e-001
 6.8704319e-001
 6.8695211e-001
 6.8685937e-001
 6.8676561e-001
 6.8667191e-001
 6.8657929e-001
 6.8648905e-001
 6.8640232e-001
 6.8632060e-001
 6.8624490e-001
 6.8617642e-001
 6.8611592e-001
 6.8606389e-001
 6.8602043e-001
 6.8598527e-001
 6.8595767e-001
 6.8593645e-001
 6.8592030e-001
 6.8590754e-001
 6.8589652e-001
 6.8588549e-001
 6.8587309e-001
 6.8585819e-001
 6.8584001e-001
 6.8581831e-001
 6.8579334e-001
 6.8576574e-001
 6.8573678e-001
 6.8570769e-001
 6.8568003e-001
 6.8565524e-001
 6.8563426e-001
 6.8561780e-001
 6.8560600e-001
 6.8559825e-001
 6.8559355e-001
 6.8559051e-001
 6.8558729e-001
 6.8558216e-001
 6.8557328e-001
 6.8555892e-001
 6.8553764e-001
 6.8550813e-001
 6.8546945e-001
 6.8542087e-001
 6.8536180e-001
 6.8529201e-001
 6.8521124e-001
 6.8511963e-001
 6.8501741e-001
 6.8490487e-001
 6.8478256e-001
 6.8465102e-001
 6.8451095e-001
 6.8436301e-001
 6.8420780e-001
 6.8404603e-001
 6.8387812e-001
 6.8370461e-001
 6.8352592e-001
 6.8334234e-001
 6.8315411e-001
 6.8296140e-001
 6.8276423e-001
 6.8256253e-001
 6.8235594e-001
 6.8214422e-001
 6.8192685e-001
 6.8170303e-001
 6.8147212e-001
 6.8123329e-001
 6.8098575e-001
 6.8072867e-001
 6.8046141e-001
 6.8018335e-001
 6.7989403e-001
 6.7959297e-001
 6.7927992e-001
 6.7895484e-001
 6.7861766e-001
 6.7826861e-001
 6.7790794e-001
 6.7753625e-001
 6.7715389e-001
 6.7676139e-001
 6.7635912e-001
 6.7594761e-001
 6.7552722e-001
 6.7509836e-001
 6.7466164e-001
 6.7421758e-001
 6.7376685e-001
 6.7331034e-001
 6.7284876e-001
 6.7238301e-001
 6.7191416e-001
 6.7144287e-001
 6.7096996e-001
 6.7049599e-001
 6.7002159e-001
 6.6954726e-001
 6.6907316e-001
 6.6859961e-001
 6.6812676e-001
 6.6765475e-001
 6.6718376e-001
 6.6671395e-001
 6.6624558e-001
 6.6577876e-001
 6.6531384e-001
 6.6485107e-001
 6.6439062e-001
 6.6393262e-001
 6.6347712e-001
 6.6302395e-001
 6.6257268e-001
 6.6212279e-001
 6.6167349e-001
 6.6122383e-001
 6.6077244e-001
 6.6031790e-001
 6.5985811e-001
 6.5939105e-001
 6.5891397e-001
 6.5842402e-001
 6.5791810e-001
 6.5739292e-001
 6.5684521e-001
 6.5627164e-001
 6.5566862e-001
 6.5503275e-001
 6.5436000e-001
 6.5364635e-001
 6.5288734e-001
 6.5207797e-001
 6.5121323e-001
 6.5028799e-001
 6.4929700e-001
 6.4823580e-001
 6.4709997e-001
 6.4588660e-001
 6.4459366e-001
 6.4322019e-001
 6.4176714e-001
 6.4023638e-001
 6.3863182e-001
 6.3695860e-001
 6.3522261e-001
 6.3343120e-001
 6.3159150e-001
 6.2971115e-001
 6.2779731e-001
 6.2585557e-001
 6.2389100e-001
 6.2190622e-001
 6.1990303e-001
 6.1788177e-001
 6.1584121e-001
 6.1378074e-001
 6.1169934e-001
 6.0959804e-001
 6.0747963e-001
 6.0534853e-001
 6.0321236e-001
 6.0108125e-001
 5.9896618e-001
 5.9688056e-001
 5.9483725e-001
 5.9284931e-001
 5.9092861e-001
 5.8908445e-001
 5.8732444e-001
 5.8565241e-001
 5.8407003e-001
 5.8257598e-001
 5.8116645e-001
 5.7983714e-001
 5.7858288e-001
 5.7740033e-001
 5.7628846e-001
 5.7524931e-001
 5.7428950e-001
 5.7341927e-001
 5.7265323e-001
 5.7200921e-001
 5.7150674e-001
 5.7116646e-001
 5.7100779e-001
 5.7104754e-001
 5.7129806e-001
 5.7176608e-001
 5.7245159e-001
 5.7334775e-001
 5.7444221e-001
 5.7571787e-001
 5.7715619e-001
 5.7873905e-001
 5.8045143e-001
 5.8228391e-001
 5.8423173e-001
 5.8629626e-001
 5.8848155e-001
 5.9079266e-001
 5.9323424e-001
 5.9580606e-001
 5.9850377e-001
 6.0131580e-001
 6.0422432e-001
 6.0720640e-001
 6.1023271e-001
 6.1327130e-001
 6.1628622e-001
 6.1924040e-001
 6.2209845e-001
 6.2482637e-001
 6.2739497e-001
 6.2978232e-001
 6.3197297e-001
 6.3396072e-001
 6.3574624e-001
 6.3733679e-001
 6.3874495e-001
 6.3998544e-001
 6.4114136e-001
 6.4208734e-001
 6.4291245e-001
 6.4362937e-001
 6.4424860e-001
 6.4477962e-001
 6.4523029e-001
 6.4560795e-001
 6.4591926e-001
 6.4617020e-001
 6.4636648e-001
 6.4651310e-001
 6.4661485e-001
 6.4667600e-001
 6.4670026e-001
 6.4669096e-001
 6.4665055e-001
 6.4658111e-001
 6.4648396e-001
 6.4635986e-001
 6.4620936e-001
 6.4603281e-001
 6.4583063e-001
 6.4560342e-001
 6.4535213e-001
 6.4507824e-001
 6.4478332e-001
 6.4446938e-001
 6.4413822e-001
 6.4379191e-001
 6.4343238e-001
 6.4306122e-001
 6.4268041e-001
 6.4229167e-001
 6.4189690e-001
 6.4149827e-001
 6.4109796e-001
 6.4069819e-001
 6.4030135e-001
 6.3990921e-001
 6.3952339e-001
 6.3914478e-001
 6.3877344e-001
 6.3840872e-001
 6.3804895e-001
 6.3769203e-001
 6.3733512e-001
 6.3697547e-001
 6.3660991e-001
 6.3623542e-001
 6.3584918e-001
 6.3544846e-001
 6.3503063e-001
 6.3459319e-001
 6.3413346e-001
 6.3364905e-001
 6.3313723e-001
 6.3259542e-001
 6.3202113e-001
 6.3141149e-001
 6.3076377e-001
 6.3007456e-001
 6.2934035e-001
 6.2855703e-001
 6.2771958e-001
 6.2682301e-001
 6.2586206e-001
 6.2483138e-001
 6.2372667e-001
 6.2254411e-001
 6.2128127e-001
 6.1993718e-001
 6.1851138e-001
 6.1700481e-001
 6.1541837e-001
 6.1375332e-001
 6.1201084e-001
 6.1019087e-001
 6.0829395e-001
 6.0631901e-001
 6.0426563e-001
 6.0213292e-001
 5.9991920e-001
 5.9762371e-001
 5.9524435e-001
 5.9277993e-001
 5.9022963e-001
 5.8759224e-001
 5.8486915e-001
 5.8206350e-001
 5.7918024e-001
 5.7622856e-001
 5.7321930e-001
 5.7016748e-001
 5.6709093e-001
 5.6400895e-001
 5.6094408e-001
 5.5791879e-001
 5.5495721e-001
 5.5208308e-001
 5.4931802e-001
 5.4668278e-001
 5.4419404e-001
 5.4186577e-001
 5.3970796e-001
 5.3772587e-001
 5.3592151e-001
 5.3429240e-001
 5.3283340e-001
 5.3153646e-001
 5.3039092e-001
 5.2938539e-001
 5.2850711e-001
 5.2774364e-001
 5.2708292e-001
 5.2651340e-001
 5.2602500e-001
 5.2560872e-001
 5.2525663e-001
 5.2496225e-001
 5.2471966e-001
 5.2452385e-001
 5.2437043e-001
 5.2425534e-001
 5.2417487e-001
 5.2412570e-001
 5.2410442e-001
 5.2410769e-001
 5.2413183e-001
 5.2417302e-001
 5.2422696e-001
 5.2428913e-001
 5.2435482e-001
 5.2441907e-001
 5.2447730e-001
 5.2452499e-001
 5.2455813e-001
 5.2457321e-001
 5.2456731e-001
 5.2453834e-001
 5.2448481e-001
 5.2440596e-001
 5.2430165e-001
 5.2417231e-001
 5.2401865e-001
 5.2384192e-001
 5.2364367e-001
 5.2342600e-001
 5.2319133e-001
 5.2294302e-001
 5.2268493e-001
 5.2242160e-001
 5.2215832e-001
 5.2190059e-001
 5.2165425e-001
 5.2142537e-001
 5.2121961e-001
 5.2104259e-001
 5.2089930e-001
 5.2079427e-001
 5.2073103e-001
 5.2071220e-001
 5.2073908e-001
 5.2081150e-001
 5.2092785e-001
 5.2108502e-001
 5.2127844e-001
 5.2150226e-001
 5.2174944e-001
 5.2201229e-001
 5.2228230e-001
 5.2255076e-001
 5.2280879e-001
 5.2304775e-001
 5.2325934e-001
 5.2343607e-001
 5.2357119e-001
 5.2365899e-001
 5.2369469e-001
 5.2367455e-001
 5.2359587e-001
 5.2345657e-001
 5.2325565e-001
 5.2299261e-001
 5.2266771e-001
 5.2228189e-001
 5.2183664e-001
 5.2133465e-001
 5.2077943e-001
 5.2017570e-001
 5.1952934e-001
 5.1884747e-001
 5.1813775e-001
 5.1740885e-001
 5.1666933e-001
 5.1592803e-001
 5.1519370e-001
 5.1447475e-001
 5.1377952e-001
 5.1311570e-001
 5.1249105e-001
 5.1191229e-001
 5.1138592e-001
 5.1091713e-001
 5.1051039e-001
 5.1016921e-001
 5.0989604e-001
 5.0969207e-001
 5.0955749e-001
 5.0949115e-001
 5.0949031e-001
 5.0955075e-001
 5.0966650e-001
 5.0983000e-001
 5.1003236e-001
 5.1026320e-001
 5.1051164e-001
 5.1076609e-001
 5.1101530e-001
 5.1124835e-001
 5.1145548e-001
 5.1162851e-001
 5.1176065e-001
 5.1184738e-001
 5.1188606e-001
 5.1187593e-001
 5.1181823e-001
 5.1171571e-001
 5.1157260e-001
 5.1139408e-001
 5.1118588e-001
 5.1095396e-001
 5.1070386e-001
 5.1044047e-001
 5.1016718e-001
 5.0988650e-001
 5.0959945e-001
 5.0930595e-001
 5.0900537e-001
 5.0869656e-001
 5.0837845e-001
 5.0804991e-001
 5.0771034e-001
 5.0735939e-001
 5.0699723e-001
 5.0662470e-001
 5.0624305e-001
 5.0585413e-001
 5.0546044e-001
 5.0506473e-001
 5.0466973e-001
 5.0427872e-001
 5.0389457e-001
 5.0352037e-001
 5.0315934e-001
 5.0281495e-001
 5.0249034e-001
 5.0218868e-001
 5.0191295e-001
 5.0166523e-001
 5.0144690e-001
 5.0125849e-001
 5.0109959e-001
 5.0096881e-001
 5.0086385e-001
 5.0078171e-001
 5.0071865e-001
 5.0067008e-001
 5.0063086e-001
 5.0059503e-001
 5.0055623e-001
 5.0050771e-001
 5.0044250e-001
 5.0035387e-001
 5.0023526e-001
 5.0008076e-001
 4.9988505e-001
 4.9964339e-001
 4.9935168e-001
 4.9900618e-001
 4.9860349e-001
 4.9814093e-001
 4.9761584e-001
 4.9702597e-001
 4.9636981e-001
 4.9564603e-001
 4.9485397e-001
 4.9399346e-001
 4.9306563e-001
 4.9207187e-001
 4.9101415e-001
 4.8989582e-001
 4.8871967e-001
 4.8748836e-001
 4.8620492e-001
 4.8487064e-001
 4.8348603e-001
 4.8204997e-001
 4.8056132e-001
 4.7901720e-001
 4.7741452e-001
 4.7575158e-001
 4.7402647e-001
 4.7223854e-001
 4.7038966e-001
 4.6848199e-001
 4.6651855e-001
 4.6450472e-001
 4.6244487e-001
 4.6034399e-001
 4.5820639e-001
 4.5603791e-001
 4.5384291e-001
 4.5162627e-001
 4.4939548e-001
 4.4715813e-001
 4.4492403e-001
 4.4270682e-001
 4.4052070e-001
 4.3838179e-001
 4.3630621e-001
 4.3431059e-001
 4.3240777e-001
 4.3060735e-001
 4.2891586e-001
 4.2733383e-001
 4.2585739e-001
 4.2447975e-001
 4.2318994e-001
 4.2197508e-001
 4.2082223e-001
 4.1971761e-001
 4.1864851e-001
 4.1760328e-001
 4.1657266e-001
 4.1554841e-001
 4.1452384e-001
 4.1349420e-001
 4.1245458e-001
 4.1139990e-001
 4.1032493e-001
 4.0922236e-001
 4.0808365e-001
 4.0689906e-001
 4.0565985e-001
 4.0435806e-001
 4.0298870e-001
 4.0155241e-001
 4.0005428e-001
 3.9850491e-001
 3.9692110e-001
 3.9532188e-001
 3.9372757e-001
 3.9215824e-001
 3.9062902e-001
 3.8914946e-001
 3.8772169e-001
 3.8634172e-001
 3.8499856e-001
 3.8367730e-001
 3.8236260e-001
 3.8103935e-001
 3.7969556e-001
 3.7832406e-001
 3.7692028e-001
 3.7548199e-001
 3.7400660e-001
 3.7249050e-001
 3.7092552e-001
 3.6929980e-001
 3.6760035e-001
 3.6581326e-001
 3.6392805e-001
 3.6194244e-001
 3.5986233e-001
 3.5770398e-001
 3.5549515e-001
 3.5326958e-001
 3.5106531e-001
 3.4891972e-001
 3.4686765e-001
 3.4493560e-001
 3.4314257e-001
 3.4150210e-001
 3.4002188e-001
 3.3870831e-001
 3.3756959e-001
 3.3661497e-001
 3.3585474e-001
 3.3529630e-001
 3.3493963e-001
 3.3477080e-001
 3.3475861e-001
 3.3485281e-001
 3.3498693e-001
 3.3508462e-001
 3.3506984e-001
 3.3487844e-001
 3.3446965e-001
 3.3383471e-001
 3.3300257e-001
 3.3203885e-001
 3.3104149e-001
 3.3013290e-001
 3.2944739e-001
 3.2912037e-001
 3.2927737e-001
 3.3002454e-001
 3.3144310e-001
 3.3358407e-001
 3.3646902e-001
 3.4009025e-001
 3.4441465e-001
 3.4938338e-001
 3.5492241e-001
 3.6094457e-001
 3.6734894e-001
 3.7403327e-001
 3.8089368e-001
 3.8782257e-001
 3.9472184e-001
 4.0149963e-001
 4.0807661e-001
 4.1438270e-001
 4.2036816e-001
 4.2599961e-001
 4.3125552e-001
 4.3613258e-001
 4.4063860e-001
 4.4478646e-001
 4.4859761e-001
 4.5209581e-001
 4.5530310e-001
 4.5824370e-001
 4.6093974e-001
 4.6341276e-001
 4.6568134e-001
 4.6776477e-001
 4.6968129e-001
 4.7144681e-001
 4.7307748e-001
 4.7458801e-001
 4.7599050e-001
 4.7729623e-001
 4.7851422e-001
 4.7965178e-001
 4.8071390e-001
 4.8170513e-001
 4.8262924e-001
 4.8348919e-001
 4.8428884e-001
 4.8503253e-001
 4.8572478e-001
 4.8637125e-001
 4.8697785e-001
 4.8755014e-001
 4.8809361e-001
 4.8861253e-001
 4.8910990e-001
 4.8958656e-001
 4.9004188e-001
 4.9047354e-001
 4.9087769e-001
 4.9125001e-001
 4.9158594e-001
 4.9188069e-001
 4.9213016e-001
 4.9233055e-001
 4.9247849e-001
 4.9257109e-001
 4.9260584e-001
 4.9258065e-001
 4.9249396e-001
 4.9234438e-001
 4.9213082e-001
 4.9185258e-001
 4.9150887e-001
 4.9109882e-001
 4.9062178e-001
 4.9007672e-001
 4.8946232e-001
 4.8877665e-001
 4.8801783e-001
 4.8718292e-001
 4.8626828e-001
 4.8527071e-001
 4.8418608e-001
 4.8301014e-001
 4.8173931e-001
 4.8036882e-001
 4.7889340e-001
 4.7730586e-001
 4.7559837e-001
 4.7375953e-001
 4.7177556e-001
 4.6963221e-001
 4.6731272e-001
 4.6480024e-001
 4.6208143e-001
 4.5914432e-001
 4.5598161e-001
 4.5259440e-001
 4.4898897e-001
 4.4518036e-001
 4.4119099e-001
 4.3705425e-001
 4.3280822e-001
 4.2849708e-001
 4.2417276e-001
 4.1988683e-001
 4.1569164e-001
 4.1164088e-001
 4.0778160e-001
 4.0415639e-001
 4.0080014e-001
 3.9774236e-001
 3.9500189e-001
 3.9258969e-001
 3.9051077e-001
 3.8876155e-001
 3.8733277e-001
 3.8621137e-001
 3.8537934e-001
 3.8481617e-001
 3.8449916e-001
 3.8440433e-001
 3.8450658e-001
 3.8478079e-001
 3.8520196e-001
 3.8574630e-001
 3.8639170e-001
 3.8711739e-001
 3.8790485e-001
 3.8873732e-001
 3.8959849e-001
 3.9047346e-001
 3.9134771e-001
 3.9220765e-001
 3.9304021e-001
 3.9383483e-001
 3.9458349e-001
 3.9528057e-001
 3.9592418e-001
 3.9651537e-001
 3.9705718e-001
 3.9755479e-001
 3.9801404e-001
 3.9844096e-001
 3.9884067e-001
 3.9921737e-001
 3.9957365e-001
 3.9991003e-001
 4.0022495e-001
 4.0051457e-001
 4.0077230e-001
 4.0098935e-001
 4.0115470e-001
 4.0125534e-001
 4.0127727e-001
 4.0120596e-001
 4.0102696e-001
 4.0072703e-001
 4.0029421e-001
 3.9971834e-001
 3.9899158e-001
 3.9810780e-001
 3.9706269e-001
 3.9585486e-001
 3.9448443e-001
 3.9295393e-001
 3.9126778e-001
 3.8943362e-001
 3.8745987e-001
 3.8535640e-001
 3.8313618e-001
 3.8081244e-001
 3.7840036e-001
 3.7591916e-001
 3.7338889e-001
 3.7083173e-001
 3.6827341e-001
 3.6573845e-001
 3.6325151e-001
 3.6083499e-001
 3.5851020e-001
 3.5629314e-001
 3.5419592e-001
 3.5222811e-001
 3.5039398e-001
 3.4869477e-001
 3.4713024e-001
 3.4569678e-001
 3.4438923e-001
 3.4320024e-001
 3.4212121e-001
 3.4114027e-001
 3.4024322e-001
 3.3941415e-001
 3.3863440e-001
 3.3788407e-001
 3.3714333e-001
 3.3639243e-001
 3.3561316e-001
 3.3479047e-001
 3.3391178e-001
 3.3296806e-001
 3.3195329e-001
 3.3086520e-001
 3.2970342e-001
 3.2846960e-001
 3.2716799e-001
 3.2580319e-001
 3.2438067e-001
 3.2290748e-001
 3.2139021e-001
 3.1983626e-001
 3.1825334e-001
 3.1665114e-001
 3.1503925e-001
 3.1342828e-001
 3.1183085e-001
 3.1025895e-001
 3.0872488e-001
 3.0724210e-001
 3.0582279e-001
 3.0447933e-001
 3.0322498e-001
 3.0207214e-001
 3.0103320e-001
 3.0011976e-001
 2.9934266e-001
 2.9870999e-001
 2.9822704e-001
 2.9789579e-001
 2.9771346e-001
 2.9767266e-001
 2.9776105e-001
 2.9796198e-001
 2.9825562e-001
 2.9862085e-001
 2.9903650e-001
 2.9948360e-001
 2.9994580e-001
 3.0040905e-001
 3.0086148e-001
 3.0129188e-001
 3.0168873e-001
 3.0204049e-001
 3.0233550e-001
 3.0256325e-001
 3.0271542e-001
 3.0278713e-001
 3.0277735e-001
 3.0268908e-001
 3.0252880e-001
 3.0230582e-001
 3.0203182e-001
 3.0172002e-001
 3.0138510e-001
 3.0104333e-001
 3.0071217e-001
 3.0041039e-001
 3.0015755e-001
 2.9997325e-001
 2.9987541e-001
 2.9987904e-001
 2.9999471e-001
 3.0022722e-001
 3.0057558e-001
 3.0103278e-001
 3.0158734e-001
 3.0222416e-001
 3.0292621e-001
 3.0367485e-001
 3.0445141e-001
 3.0523700e-001
 3.0601180e-001
 3.0675602e-001
 3.0744904e-001
 3.0806893e-001
 3.0859402e-001
 3.0900303e-001
 3.0927673e-001
 3.0940035e-001
 3.0936530e-001
 3.0917090e-001
 3.0882546e-001
 3.0834571e-001
 3.0775544e-001
 3.0708390e-001
 3.0636230e-001
 3.0562147e-001
 3.0488995e-001
 3.0419090e-001
 3.0354175e-001
 3.0295327e-001
 3.0243087e-001
 3.0197462e-001
 3.0158123e-001
-1.2300000e+034
