s07_ASD Record=14241: Teepleite+Trona NMNH102798    BECKa AREF
 2.6648542e-001
 2.6871002e-001
 2.7099988e-001
 2.7330500e-001
 2.7558100e-001
 2.7780482e-001
 2.7997902e-001
 2.8212243e-001
 2.8425843e-001
 2.8640494e-001
 2.8857106e-001
 2.9075789e-001
 2.9296225e-001
 2.9517987e-001
 2.9740843e-001
 2.9965079e-001
 3.0191484e-001
 3.0421171e-001
 3.0655211e-001
 3.0894402e-001
 3.1139094e-001
 3.1389201e-001
 3.1644458e-001
 3.1904632e-001
 3.2169703e-001
 3.2439703e-001
 3.2714278e-001
 3.2992110e-001
 3.3270794e-001
 3.3547479e-001
 3.3819568e-001
 3.4085417e-001
 3.4344262e-001
 3.4595975e-001
 3.4841192e-001
 3.5081127e-001
 3.5316804e-001
 3.5548469e-001
 3.5775608e-001
 3.5997263e-001
 3.6212724e-001
 3.6422068e-001
 3.6626273e-001
 3.6826870e-001
 3.7025085e-001
 3.7221217e-001
 3.7414449e-001
 3.7603503e-001
 3.7787569e-001
 3.7967142e-001
 3.8144070e-001
 3.8320807e-001
 3.8499397e-001
 3.8680649e-001
 3.8864198e-001
 3.9049202e-001
 3.9235219e-001
 3.9422610e-001
 3.9612111e-001
 3.9804628e-001
 3.9999476e-001
 4.0194395e-001
 4.0388229e-001
 4.0580013e-001
 4.0769058e-001
 4.0956387e-001
 4.1143739e-001
 4.1332448e-001
 4.1523576e-001
 4.1718066e-001
 4.1916865e-001
 4.2120621e-001
 4.2329094e-001
 4.2540762e-001
 4.2752975e-001
 4.2963025e-001
 4.3169403e-001
 4.3372697e-001
 4.3575260e-001
 4.3779925e-001
 4.3988562e-001
 4.4201136e-001
 4.4415897e-001
 4.4630268e-001
 4.4842100e-001
 4.5050499e-001
 4.5255896e-001
 4.5459503e-001
 4.5662338e-001
 4.5864561e-001
 4.6065322e-001
 4.6263322e-001
 4.6457666e-001
 4.6648675e-001
 4.6838120e-001
 4.7028816e-001
 4.7223648e-001
 4.7424254e-001
 4.7630334e-001
 4.7840124e-001
 4.8051819e-001
 4.8264724e-001
 4.8479041e-001
 4.8694453e-001
 4.8908362e-001
 4.9115819e-001
 4.9311909e-001
 4.9494958e-001
 4.9667916e-001
 4.9836957e-001
 5.0008351e-001
 5.0185424e-001
 5.0367373e-001
 5.0550497e-001
 5.0731587e-001
 5.0910836e-001
 5.1091528e-001
 5.1276356e-001
 5.1463729e-001
 5.1648086e-001
 5.1824188e-001
 5.1991671e-001
 5.2155870e-001
 5.2324557e-001
 5.2503389e-001
 5.2692729e-001
 5.2887303e-001
 5.3078836e-001
 5.3260714e-001
 5.3431737e-001
 5.3596145e-001
 5.3760004e-001
 5.3927267e-001
 5.4098827e-001
 5.4274082e-001
 5.4452115e-001
 5.4631114e-001
 5.4807949e-001
 5.4979658e-001
 5.5145890e-001
 5.5309379e-001
 5.5473781e-001
 5.5641049e-001
 5.5810547e-001
 5.5980128e-001
 5.6148326e-001
 5.6316274e-001
 5.6487620e-001
 5.6665325e-001
 5.6848097e-001
 5.7030219e-001
 5.7205939e-001
 5.7373905e-001
 5.7537031e-001
 5.7698280e-001
 5.7857615e-001
 5.8013499e-001
 5.8166063e-001
 5.8317041e-001
 5.8466941e-001
 5.8614075e-001
 5.8757162e-001
 5.8897996e-001
 5.9041184e-001
 5.9191340e-001
 5.9349638e-001
 5.9511578e-001
 5.9668118e-001
 5.9811324e-001
 5.9941459e-001
 6.0068685e-001
 6.0206676e-001
 6.0362226e-001
 6.0529435e-001
 6.0693514e-001
 6.0841733e-001
 6.0973209e-001
 6.1099935e-001
 6.1238080e-001
 6.1395484e-001
 6.1565220e-001
 6.1731368e-001
 6.1882883e-001
 6.2022626e-001
 6.2161940e-001
 6.2306541e-001
 6.2449211e-001
 6.2577140e-001
 6.2685370e-001
 6.2781632e-001
 6.2878376e-001
 6.2982482e-001
 6.3094091e-001
 6.3211620e-001
 6.3333124e-001
 6.3454354e-001
 6.3571417e-001
 6.3685596e-001
 6.3801485e-001
 6.3920015e-001
 6.4036751e-001
 6.4147109e-001
 6.4250058e-001
 6.4348060e-001
 6.4447618e-001
 6.4558691e-001
 6.4686346e-001
 6.4817864e-001
 6.4920765e-001
 6.4962679e-001
 6.4941436e-001
 6.4895016e-001
 6.4876026e-001
 6.4915466e-001
 6.5012640e-001
 6.5150309e-001
 6.5306830e-001
 6.5458554e-001
 6.5588105e-001
 6.5696764e-001
 6.5801603e-001
 6.5916574e-001
 6.6039681e-001
 6.6159564e-001
 6.6271460e-001
 6.6383278e-001
 6.6505593e-001
 6.6639560e-001
 6.6778070e-001
 6.6914576e-001
 6.7044055e-001
 6.7159492e-001
 6.7256767e-001
 6.7342281e-001
 6.7427129e-001
 6.7513609e-001
 6.7594522e-001
 6.7665428e-001
 6.7730969e-001
 6.7798185e-001
 6.7868102e-001
 6.7935991e-001
 6.7998075e-001
 6.8055481e-001
 6.8110627e-001
 6.8163264e-001
 6.8213892e-001
 6.8266988e-001
 6.8324518e-001
 6.8381113e-001
 6.8434852e-001
 6.8494672e-001
 6.8566495e-001
 6.8641663e-001
 6.8708402e-001
 6.8766725e-001
 6.8822837e-001
 6.8878657e-001
 6.8933356e-001
 6.8987465e-001
 6.9039679e-001
 6.9084525e-001
 6.9121057e-001
 6.9162804e-001
 6.9227040e-001
 6.9310254e-001
 6.9390339e-001
 6.9457930e-001
 6.9524479e-001
 6.9596964e-001
 6.9668752e-001
 6.9737822e-001
 6.9813335e-001
 6.9899064e-001
 6.9985396e-001
 7.0062220e-001
 7.0128191e-001
 7.0189154e-001
 7.0257396e-001
 7.0342356e-001
 7.0435566e-001
 7.0516312e-001
 7.0578408e-001
 7.0640969e-001
 7.0723677e-001
 7.0818949e-001
 7.0899600e-001
 7.0953274e-001
 7.0997208e-001
 7.1054876e-001
 7.1130884e-001
 7.1213239e-001
 7.1290588e-001
 7.1362102e-001
 7.1433258e-001
 7.1505517e-001
 7.1573138e-001
 7.1630174e-001
 7.1677130e-001
 7.1719950e-001
 7.1765453e-001
 7.1817428e-001
 7.1873450e-001
 7.1924925e-001
 7.1965545e-001
 7.2001636e-001
 7.2047091e-001
 7.2106344e-001
 7.2173303e-001
 7.2248238e-001
 7.2337973e-001
 7.2434652e-001
 7.2516096e-001
 7.2575897e-001
 7.2633111e-001
 7.2703546e-001
 7.2781187e-001
 7.2855091e-001
 7.2924459e-001
 7.2991282e-001
 7.3047340e-001
 7.3080605e-001
 7.3091984e-001
 7.3096728e-001
 7.3111838e-001
 7.3146373e-001
 7.3199850e-001
 7.3264408e-001
 7.3327541e-001
 7.3377001e-001
 7.3408329e-001
 7.3429459e-001
 7.3455971e-001
 7.3499435e-001
 7.3559141e-001
 7.3624468e-001
 7.3684126e-001
 7.3733294e-001
 7.3774618e-001
 7.3815757e-001
 7.3866373e-001
 7.3932654e-001
 7.4008876e-001
 7.4073970e-001
 7.4104953e-001
 7.4104881e-001
 7.4118519e-001
 7.4206895e-001
 7.4392998e-001
 7.4629253e-001
 7.4825114e-001
 7.4918014e-001
 7.4923843e-001
 7.4920285e-001
 7.4960399e-001
 7.5036383e-001
 7.5114727e-001
 7.5169176e-001
 7.5196713e-001
 7.5205648e-001
 7.5203210e-001
 7.5205040e-001
 7.5236845e-001
 7.5303996e-001
 7.5373268e-001
 7.5406665e-001
 7.5402075e-001
 7.5390583e-001
 7.5406462e-001
 7.5460166e-001
 7.5531679e-001
 7.5590724e-001
 7.5623250e-001
 7.5640786e-001
 7.5665259e-001
 7.5697148e-001
 7.5710195e-001
 7.5696594e-001
 7.5692242e-001
 7.5727123e-001
 7.5782377e-001
 7.5827950e-001
 7.5864613e-001
 7.5896031e-001
 7.5900692e-001
 7.5871140e-001
 7.5846082e-001
 7.5864631e-001
 7.5917381e-001
 7.5971407e-001
 7.6015460e-001
 7.6059508e-001
 7.6109660e-001
 7.6157290e-001
 7.6186603e-001
 7.6191491e-001
 7.6182163e-001
 7.6169252e-001
 7.6154131e-001
 7.6131982e-001
 7.6111650e-001
 7.6119375e-001
 7.6157135e-001
 7.6188612e-001
 7.6179951e-001
 7.6130700e-001
 7.6069009e-001
 7.6025784e-001
 7.6010066e-001
 7.6007515e-001
 7.5999308e-001
 7.5975692e-001
 7.5937015e-001
 7.5890553e-001
 7.5853598e-001
 7.5851524e-001
 7.5901622e-001
 7.5990623e-001
 7.6076716e-001
 7.6120323e-001
 7.6114464e-001
 7.6085454e-001
 7.6067519e-001
 7.6081347e-001
 7.6131666e-001
 7.6214099e-001
 7.6315814e-001
 7.6414430e-001
 7.6482332e-001
 7.6503122e-001
 7.6501799e-001
 7.6495957e-001
 7.6504999e-001
 7.6530749e-001
 7.6567936e-001
 7.6611316e-001
 7.6655966e-001
 7.6699382e-001
 7.6740056e-001
 7.6776469e-001
 7.6807106e-001
 7.6830614e-001
 7.6845688e-001
 7.6851016e-001
 7.6845640e-001
 7.6830667e-001
 7.6808125e-001
 7.6779991e-001
 7.6748490e-001
 7.6717150e-001
 7.6686209e-001
 7.6669168e-001
 7.6665032e-001
 7.6673692e-001
 7.6691031e-001
 7.6712757e-001
 7.6734573e-001
 7.6752335e-001
 7.6764911e-001
 7.6774228e-001
 7.6782316e-001
 7.6791209e-001
 7.6802880e-001
 7.6817399e-001
 7.6833028e-001
 7.6847935e-001
 7.6860285e-001
 7.6868331e-001
 7.6871932e-001
 7.6872593e-001
 7.6871854e-001
 7.6871264e-001
 7.6872379e-001
 7.6876467e-001
 7.6883775e-001
 7.6894289e-001
 7.6907992e-001
 7.6924872e-001
 7.6944906e-001
 7.6968026e-001
 7.6993895e-001
 7.7022111e-001
 7.7052277e-001
 7.7084005e-001
 7.7116889e-001
 7.7150548e-001
 7.7184528e-001
 7.7218264e-001
 7.7251112e-001
 7.7282459e-001
 7.7311677e-001
 7.7338147e-001
 7.7361238e-001
 7.7380335e-001
 7.7395105e-001
 7.7406371e-001
 7.7415192e-001
 7.7422649e-001
 7.7429819e-001
 7.7437776e-001
 7.7447587e-001
 7.7460337e-001
 7.7476674e-001
 7.7495688e-001
 7.7516073e-001
 7.7536559e-001
 7.7555865e-001
 7.7572674e-001
 7.7585727e-001
 7.7593726e-001
 7.7595812e-001
 7.7592683e-001
 7.7585393e-001
 7.7574992e-001
 7.7562553e-001
 7.7549124e-001
 7.7535772e-001
 7.7523524e-001
 7.7513486e-001
 7.7506673e-001
 7.7504164e-001
 7.7507001e-001
 7.7515835e-001
 7.7529764e-001
 7.7547544e-001
 7.7567929e-001
 7.7589679e-001
 7.7611548e-001
 7.7632296e-001
 7.7650678e-001
 7.7665454e-001
 7.7675372e-001
 7.7679205e-001
 7.7675688e-001
 7.7664167e-001
 7.7645922e-001
 7.7622730e-001
 7.7596354e-001
 7.7568561e-001
 7.7541089e-001
 7.7515715e-001
 7.7494198e-001
 7.7478290e-001
 7.7469754e-001
 7.7470350e-001
 7.7481222e-001
 7.7501357e-001
 7.7529246e-001
 7.7563393e-001
 7.7602303e-001
 7.7644479e-001
 7.7688420e-001
 7.7732641e-001
 7.7775621e-001
 7.7815902e-001
 7.7852154e-001
 7.7883875e-001
 7.7910668e-001
 7.7932161e-001
 7.7947980e-001
 7.7957749e-001
 7.7961069e-001
 7.7957588e-001
 7.7946913e-001
 7.7928680e-001
 7.7903038e-001
 7.7872008e-001
 7.7837992e-001
 7.7803385e-001
 7.7770603e-001
 7.7742046e-001
 7.7720106e-001
 7.7707213e-001
 7.7705753e-001
 7.7718139e-001
 7.7745634e-001
 7.7785790e-001
 7.7835321e-001
 7.7890944e-001
 7.7949387e-001
 7.8007376e-001
 7.8061634e-001
 7.8108901e-001
 7.8145868e-001
 7.8170121e-001
 7.8181988e-001
 7.8182369e-001
 7.8172183e-001
 7.8152329e-001
 7.8123730e-001
 7.8087276e-001
 7.8043896e-001
 7.7994680e-001
 7.7941370e-001
 7.7885836e-001
 7.7829951e-001
 7.7775604e-001
 7.7724642e-001
 7.7678949e-001
 7.7640396e-001
 7.7610302e-001
 7.7588207e-001
 7.7573287e-001
 7.7564722e-001
 7.7561665e-001
 7.7563304e-001
 7.7568817e-001
 7.7577370e-001
 7.7587277e-001
 7.7594095e-001
 7.7592832e-001
 7.7577466e-001
 7.7541643e-001
 7.7482444e-001
 7.7397484e-001
 7.7288479e-001
 7.7160960e-001
 7.7023149e-001
 7.6884490e-001
 7.6754296e-001
 7.6639277e-001
 7.6539463e-001
 7.6445770e-001
 7.6342613e-001
 7.6212060e-001
 7.6037425e-001
 7.5807953e-001
 7.5524008e-001
 7.5198829e-001
 7.4855310e-001
 7.4520707e-001
 7.4221897e-001
 7.3980302e-001
 7.3807341e-001
 7.3702681e-001
 7.3656809e-001
 7.3655194e-001
 7.3681378e-001
 7.3718303e-001
 7.3748702e-001
 7.3755258e-001
 7.3720956e-001
 7.3630446e-001
 7.3473436e-001
 7.3250306e-001
 7.2977602e-001
 7.2689605e-001
 7.2434461e-001
 7.2266042e-001
 7.2233212e-001
 7.2368056e-001
 7.3406130e-001
 7.3680604e-001
 7.4002469e-001
 7.4354708e-001
 7.4718469e-001
 7.5075072e-001
 7.5408113e-001
 7.5704932e-001
 7.5957394e-001
 7.6162648e-001
 7.6322645e-001
 7.6443392e-001
 7.6533663e-001
 7.6603347e-001
 7.6661819e-001
 7.6716858e-001
 7.6773947e-001
 7.6836181e-001
 7.6904327e-001
 7.6977330e-001
 7.7052933e-001
 7.7128267e-001
 7.7200466e-001
 7.7267075e-001
 7.7326310e-001
 7.7377194e-001
 7.7419668e-001
 7.7454555e-001
 7.7483380e-001
 7.7508074e-001
 7.7530646e-001
 7.7552843e-001
 7.7575964e-001
 7.7600795e-001
 7.7627605e-001
 7.7656251e-001
 7.7686238e-001
 7.7716935e-001
 7.7747631e-001
 7.7777696e-001
 7.7806652e-001
 7.7834177e-001
 7.7860129e-001
 7.7884465e-001
 7.7907205e-001
 7.7928346e-001
 7.7947825e-001
 7.7965456e-001
 7.7980971e-001
 7.7994055e-001
 7.8004444e-001
 7.8011984e-001
 7.8016722e-001
 7.8018945e-001
 7.8019160e-001
 7.8018022e-001
 7.8016239e-001
 7.8014451e-001
 7.8013128e-001
 7.8012514e-001
 7.8012645e-001
 7.8013396e-001
 7.8014523e-001
 7.8015739e-001
 7.8016746e-001
 7.8017169e-001
 7.8016531e-001
 7.8014195e-001
 7.8009337e-001
 7.8001004e-001
 7.7988273e-001
 7.7970439e-001
 7.7947205e-001
 7.7918869e-001
 7.7886373e-001
 7.7851212e-001
 7.7815259e-001
 7.7780497e-001
 7.7748710e-001
 7.7721298e-001
 7.7699137e-001
 7.7682567e-001
 7.7671516e-001
 7.7665627e-001
 7.7664405e-001
 7.7667314e-001
 7.7673793e-001
 7.7683252e-001
 7.7694994e-001
 7.7708220e-001
 7.7722025e-001
 7.7735484e-001
 7.7747798e-001
 7.7758402e-001
 7.7767110e-001
 7.7774167e-001
 7.7780187e-001
 7.7786064e-001
 7.7792728e-001
 7.7800971e-001
 7.7811217e-001
 7.7823389e-001
 7.7836871e-001
 7.7850598e-001
 7.7863246e-001
 7.7873480e-001
 7.7880257e-001
 7.7883047e-001
 7.7881962e-001
 7.7877742e-001
 7.7871615e-001
 7.7865005e-001
 7.7859247e-001
 7.7855349e-001
 7.7853781e-001
 7.7854514e-001
 7.7857077e-001
 7.7860779e-001
 7.7864891e-001
 7.7868789e-001
 7.7871960e-001
 7.7873975e-001
 7.7874327e-001
 7.7872324e-001
 7.7867049e-001
 7.7857411e-001
 7.7842325e-001
 7.7820921e-001
 7.7792805e-001
 7.7758175e-001
 7.7717835e-001
 7.7673060e-001
 7.7625358e-001
 7.7576190e-001
 7.7526683e-001
 7.7477521e-001
 7.7428865e-001
 7.7380425e-001
 7.7331626e-001
 7.7281743e-001
 7.7230054e-001
 7.7175909e-001
 7.7118713e-001
 7.7057910e-001
 7.6992947e-001
 7.6923186e-001
 7.6847959e-001
 7.6766598e-001
 7.6678562e-001
 7.6583529e-001
 7.6481467e-001
 7.6372772e-001
 7.6258159e-001
 7.6138693e-001
 7.6015627e-001
 7.5890213e-001
 7.5763625e-001
 7.5636727e-001
 7.5510132e-001
 7.5384164e-001
 7.5258911e-001
 7.5134468e-001
 7.5011009e-001
 7.4889034e-001
 7.4769354e-001
 7.4653101e-001
 7.4541646e-001
 7.4436462e-001
 7.4338841e-001
 7.4249828e-001
 7.4170017e-001
 7.4099541e-001
 7.4038070e-001
 7.3984820e-001
 7.3938704e-001
 7.3898375e-001
 7.3862344e-001
 7.3829055e-001
 7.3796928e-001
 7.3764509e-001
 7.3730475e-001
 7.3693806e-001
 7.3653799e-001
 7.3610127e-001
 7.3562843e-001
 7.3512292e-001
 7.3459035e-001
 7.3403704e-001
 7.3346812e-001
 7.3288739e-001
 7.3229635e-001
 7.3169386e-001
 7.3107797e-001
 7.3044574e-001
 7.2979552e-001
 7.2912735e-001
 7.2844350e-001
 7.2774929e-001
 7.2705126e-001
 7.2635728e-001
 7.2567457e-001
 7.2500813e-001
 7.2436023e-001
 7.2372907e-001
 7.2310972e-001
 7.2249407e-001
 7.2187251e-001
 7.2123528e-001
 7.2057366e-001
 7.1988130e-001
 7.1915418e-001
 7.1839011e-001
 7.1758831e-001
 7.1674818e-001
 7.1586800e-001
 7.1494490e-001
 7.1397394e-001
 7.1294945e-001
 7.1186572e-001
 7.1071786e-001
 7.0950401e-001
 7.0822531e-001
 7.0688742e-001
 7.0550019e-001
 7.0407569e-001
 7.0262855e-001
 7.0117205e-001
 6.9971758e-001
 6.9827199e-001
 6.9683594e-001
 6.9540441e-001
 6.9396627e-001
 6.9250751e-001
 6.9101363e-001
 6.8947303e-001
 6.8788254e-001
 6.8624979e-001
 6.8459737e-001
 6.8296349e-001
 6.8140072e-001
 6.7997408e-001
 6.7875600e-001
 6.7781943e-001
 6.7723268e-001
 6.7705202e-001
 6.7731690e-001
 6.7804629e-001
 6.7923707e-001
 6.8086368e-001
 6.8288088e-001
 6.8522567e-001
 6.8782210e-001
 6.9058681e-001
 6.9343197e-001
 6.9627279e-001
 6.9902974e-001
 7.0163357e-001
 7.0402902e-001
 7.0617497e-001
 7.0804739e-001
 7.0963669e-001
 7.1094728e-001
 7.1199501e-001
 7.1280330e-001
 7.1340007e-001
 7.1381450e-001
 7.1407431e-001
 7.1420425e-001
 7.1422505e-001
 7.1415424e-001
 7.1400714e-001
 7.1379852e-001
 7.1354407e-001
 7.1326149e-001
 7.1297079e-001
 7.1269321e-001
 7.1244973e-001
 7.1225905e-001
 7.1213579e-001
 7.1208876e-001
 7.1212095e-001
 7.1222979e-001
 7.1240872e-001
 7.1264857e-001
 7.1293962e-001
 7.1327257e-001
 7.1363926e-001
 7.1403253e-001
 7.1444577e-001
 7.1487159e-001
 7.1530169e-001
 7.1572536e-001
 7.1612942e-001
 7.1649808e-001
 7.1681249e-001
 7.1705168e-001
 7.1719229e-001
 7.1721023e-001
 7.1708143e-001
 7.1678412e-001
 7.1630090e-001
 7.1562117e-001
 7.1474385e-001
 7.1367824e-001
 7.1244556e-001
 7.1107733e-001
 7.0961428e-001
 7.0810264e-001
 7.0658928e-001
 7.0511878e-001
 7.0372736e-001
 7.0244098e-001
 7.0127225e-001
 7.0021969e-001
 6.9926935e-001
 6.9839680e-001
 6.9757062e-001
 6.9675750e-001
 6.9592583e-001
 6.9505030e-001
 6.9411474e-001
 6.9311321e-001
 6.9205058e-001
 6.9094032e-001
 6.8980253e-001
 6.8865985e-001
 6.8753356e-001
 6.8644124e-001
 6.8539399e-001
 6.8439633e-001
 6.8344682e-001
 6.8253958e-001
 6.8166780e-001
 6.8082505e-001
 6.8000829e-001
 6.7921788e-001
 6.7845666e-001
 6.7772937e-001
 6.7703986e-001
 6.7638886e-001
 6.7577332e-001
 6.7518497e-001
 6.7461187e-001
 6.7403966e-001
 6.7345375e-001
 6.7284220e-001
 6.7219758e-001
 6.7151821e-001
 6.7080861e-001
 6.7007810e-001
 6.6933918e-001
 6.6860437e-001
 6.6788387e-001
 6.6718340e-001
 6.6650236e-001
 6.6583467e-001
 6.6516942e-001
 6.6449374e-001
 6.6379517e-001
 6.6306442e-001
 6.6229755e-001
 6.6149640e-001
 6.6066885e-001
 6.5982682e-001
 6.5898389e-001
 6.5815264e-001
 6.5734202e-001
 6.5655470e-001
 6.5578675e-001
 6.5502745e-001
 6.5426081e-001
 6.5346813e-001
 6.5263003e-001
 6.5172994e-001
 6.5075487e-001
 6.4969724e-001
 6.4855427e-001
 6.4732629e-001
 6.4601612e-001
 6.4462638e-001
 6.4315903e-001
 6.4161444e-001
 6.3999081e-001
 6.3828552e-001
 6.3649398e-001
 6.3461071e-001
 6.3262695e-001
 6.3052666e-001
 6.2828332e-001
 6.2585306e-001
 6.2316751e-001
 6.2013030e-001
 6.1661214e-001
 6.1245483e-001
 6.0747784e-001
 6.0148990e-001
 5.9431273e-001
 5.8579928e-001
 5.7586539e-001
 5.6451213e-001
 5.5184108e-001
 5.3807467e-001
 5.2354348e-001
 5.0868297e-001
 4.9400082e-001
 4.8003221e-001
 4.6730486e-001
 4.5627755e-001
 4.4730726e-001
 4.4061008e-001
 4.3624195e-001
 4.3410292e-001
 4.3394965e-001
 4.3542916e-001
 4.3811864e-001
 4.4157323e-001
 4.4536826e-001
 4.4913763e-001
 4.5260167e-001
 4.5557755e-001
 4.5798200e-001
 4.5981687e-001
 4.6114966e-001
 4.6208921e-001
 4.6275944e-001
 4.6327910e-001
 4.6374509e-001
 4.6422356e-001
 4.6474642e-001
 4.6531197e-001
 4.6588954e-001
 4.6642393e-001
 4.6684092e-001
 4.6705201e-001
 4.6695760e-001
 4.6645007e-001
 4.6541607e-001
 4.6373886e-001
 4.6130061e-001
 4.5798811e-001
 4.5370016e-001
 4.4835714e-001
 4.4192079e-001
 4.3440902e-001
 4.2592233e-001
 4.1666114e-001
 4.0693310e-001
 3.9715824e-001
 3.8783932e-001
 3.7952965e-001
 3.7277251e-001
 3.6803374e-001
 3.6564350e-001
 3.6574349e-001
 3.6826542e-001
 3.7293544e-001
 3.7931320e-001
 3.8684633e-001
 3.9494652e-001
 4.0305233e-001
 4.1068786e-001
 4.1750124e-001
 4.2327237e-001
 4.2790931e-001
 4.3142787e-001
 4.3391901e-001
 4.3552193e-001
 4.3639499e-001
 4.3669629e-001
 4.3656993e-001
 4.3613818e-001
 4.3549895e-001
 4.3472677e-001
 4.3387541e-001
 4.3298128e-001
 4.3206820e-001
 4.3115059e-001
 4.3023750e-001
 4.2933509e-001
 4.2844808e-001
 4.2758155e-001
 4.2674023e-001
 4.2592916e-001
 4.2515299e-001
 4.2441538e-001
 4.2371979e-001
 4.2306900e-001
 4.2246619e-001
 4.2191511e-001
 4.2142007e-001
 4.2098603e-001
 4.2061764e-001
 4.2031825e-001
 4.2008904e-001
 4.1992798e-001
 4.1982967e-001
 4.1978532e-001
 4.1978359e-001
 4.1981158e-001
 4.1985595e-001
 4.1990414e-001
 4.1994530e-001
 4.1997060e-001
 4.1997379e-001
 4.1995075e-001
 4.1989961e-001
 4.1982022e-001
 4.1971394e-001
 4.1958341e-001
 4.1943240e-001
 4.1926545e-001
 4.1908783e-001
 4.1890499e-001
 4.1872221e-001
 4.1854399e-001
 4.1837338e-001
 4.1821149e-001
 4.1805723e-001
 4.1790745e-001
 4.1775766e-001
 4.1760334e-001
 4.1744134e-001
 4.1727072e-001
 4.1709369e-001
 4.1691568e-001
 4.1674551e-001
 4.1659519e-001
 4.1647884e-001
 4.1641137e-001
 4.1640654e-001
 4.1647521e-001
 4.1662449e-001
 4.1685736e-001
 4.1717309e-001
 4.1756785e-001
 4.1803598e-001
 4.1857091e-001
 4.1916588e-001
 4.1981372e-001
 4.2050663e-001
 4.2123663e-001
 4.2199498e-001
 4.2277265e-001
 4.2356113e-001
 4.2435256e-001
 4.2514122e-001
 4.2592356e-001
 4.2669863e-001
 4.2746836e-001
 4.2823628e-001
 4.2900744e-001
 4.2978671e-001
 4.3057793e-001
 4.3138325e-001
 4.3220180e-001
 4.3303046e-001
 4.3386313e-001
 4.3469152e-001
 4.3550599e-001
 4.3629512e-001
 4.3704739e-001
 4.3775135e-001
 4.3839702e-001
 4.3897706e-001
 4.3948743e-001
 4.3992800e-001
 4.4030291e-001
 4.4061947e-001
 4.4088778e-001
 4.4111878e-001
 4.4132328e-001
 4.4151053e-001
 4.4168729e-001
 4.4185770e-001
 4.4202355e-001
 4.4218478e-001
 4.4234028e-001
 4.4248819e-001
 4.4262648e-001
 4.4275284e-001
 4.4286498e-001
 4.4296023e-001
 4.4303548e-001
 4.4308683e-001
 4.4310954e-001
 4.4309804e-001
 4.4304624e-001
 4.4294801e-001
 4.4279784e-001
 4.4259149e-001
 4.4232684e-001
 4.4200426e-001
 4.4162679e-001
 4.4120023e-001
 4.4073230e-001
 4.4023231e-001
 4.3970975e-001
 4.3917388e-001
 4.3863252e-001
 4.3809134e-001
 4.3755397e-001
 4.3702146e-001
 4.3649286e-001
 4.3596551e-001
 4.3543521e-001
 4.3489730e-001
 4.3434656e-001
 4.3377805e-001
 4.3318731e-001
 4.3257043e-001
 4.3192482e-001
 4.3124878e-001
 4.3054223e-001
 4.2980650e-001
 4.2904410e-001
 4.2825928e-001
 4.2745751e-001
 4.2664519e-001
 4.2582980e-001
 4.2501900e-001
 4.2422065e-001
 4.2344210e-001
 4.2268896e-001
 4.2196521e-001
 4.2127153e-001
 4.2060542e-001
 4.1996062e-001
 4.1932702e-001
 4.1869184e-001
 4.1804013e-001
 4.1735688e-001
 4.1662848e-001
 4.1584402e-001
 4.1499743e-001
 4.1408730e-001
 4.1311777e-001
 4.1209781e-001
 4.1103968e-001
 4.0995818e-001
 4.0886885e-001
 4.0778595e-001
 4.0672237e-001
 4.0568763e-001
 4.0468830e-001
 4.0372759e-001
 4.0280512e-001
 4.0191793e-001
 4.0106004e-001
 4.0022367e-001
 3.9939931e-001
 3.9857590e-001
 3.9774218e-001
 3.9688638e-001
 3.9599749e-001
 3.9506564e-001
 3.9408240e-001
 3.9304200e-001
 3.9194062e-001
 3.9077750e-001
 3.8955477e-001
 3.8827682e-001
 3.8695133e-001
 3.8558763e-001
 3.8419768e-001
 3.8279510e-001
 3.8139391e-001
 3.8000846e-001
 3.7865189e-001
 3.7733436e-001
 3.7606335e-001
 3.7484172e-001
 3.7366879e-001
 3.7254018e-001
 3.7144822e-001
 3.7038395e-001
 3.6933696e-001
 3.6829743e-001
 3.6725643e-001
 3.6620623e-001
 3.6514121e-001
 3.6405706e-001
 3.6295179e-001
 3.6182526e-001
 3.6067894e-001
 3.5951665e-001
 3.5834342e-001
 3.5716629e-001
 3.5599342e-001
 3.5483339e-001
 3.5369527e-001
 3.5258785e-001
 3.5151851e-001
 3.5049400e-001
 3.4951887e-001
 3.4859651e-001
 3.4772861e-001
 3.4691501e-001
 3.4615439e-001
 3.4544387e-001
 3.4477946e-001
 3.4415606e-001
 3.4356728e-001
 3.4300637e-001
 3.4246585e-001
 3.4193835e-001
 3.4141695e-001
 3.4089541e-001
 3.4036908e-001
 3.3983448e-001
 3.3929020e-001
 3.3873656e-001
 3.3817542e-001
 3.3761036e-001
 3.3704641e-001
 3.3648959e-001
 3.3594719e-001
 3.3542705e-001
 3.3493766e-001
 3.3448747e-001
 3.3408418e-001
 3.3373436e-001
 3.3344203e-001
 3.3320829e-001
 3.3303040e-001
 3.3290136e-001
 3.3281016e-001
 3.3274239e-001
 3.3268145e-001
 3.3261025e-001
 3.3251303e-001
 3.3237740e-001
 3.3219573e-001
 3.3196640e-001
 3.3169389e-001
 3.3138809e-001
 3.3106324e-001
 3.3073536e-001
 3.3042035e-001
 3.3013132e-001
 3.2987669e-001
 3.2965887e-001
 3.2947379e-001
 3.2931137e-001
 3.2915714e-001
 3.2899410e-001
 3.2880545e-001
 3.2857701e-001
 3.2829919e-001
 3.2796869e-001
 3.2758868e-001
 3.2716861e-001
 3.2672277e-001
 3.2626790e-001
 3.2582122e-001
 3.2539752e-001
 3.2500735e-001
 3.2465559e-001
 3.2434061e-001
 3.2405508e-001
 3.2378674e-001
 3.2352063e-001
 3.2324117e-001
 3.2293436e-001
 3.2258973e-001
 3.2220185e-001
 3.2177067e-001
 3.2130152e-001
 3.2080397e-001
 3.2029057e-001
 3.1977522e-001
 3.1927115e-001
 3.1878987e-001
 3.1833979e-001
 3.1792599e-001
 3.1754994e-001
 3.1720963e-001
 3.1690067e-001
 3.1661665e-001
 3.1635043e-001
 3.1609479e-001
 3.1584296e-001
 3.1558937e-001
 3.1532949e-001
 3.1506014e-001
 3.1477925e-001
 3.1448552e-001
 3.1417862e-001
 3.1385881e-001
 3.1352696e-001
 3.1318450e-001
 3.1283337e-001
 3.1247619e-001
 3.1211621e-001
 3.1175733e-001
 3.1140423e-001
 3.1106231e-001
 3.1073794e-001
 3.1043833e-001
 3.1017154e-001
 3.0994654e-001
 3.0969423e-001
 3.0957100e-001
 3.0951920e-001
 3.0954650e-001
 3.0965674e-001
 3.0984747e-001
 3.1010851e-001
 3.1042293e-001
 3.1076914e-001
 3.1112304e-001
 3.1145999e-001
 3.1175599e-001
 3.1198925e-001
 3.1214231e-001
 3.1220418e-001
 3.1217197e-001
 3.1205133e-001
 3.1185573e-001
 3.1160459e-001
 3.1132084e-001
 3.1102917e-001
 3.1075427e-001
 3.1051940e-001
 3.1034419e-001
 3.1024194e-001
 3.1021732e-001
 3.1026515e-001
 3.1037140e-001
 3.1051564e-001
 3.1067362e-001
 3.1081939e-001
 3.1092700e-001
 3.1097198e-001
 3.1093323e-001
 3.1079534e-001
 3.1055060e-001
 3.1019968e-001
 3.0975103e-001
 3.0921873e-001
 3.0862004e-001
 3.0797407e-001
 3.0729985e-001
 3.0661565e-001
 3.0593762e-001
 3.0527773e-001
 3.0464318e-001
 3.0403501e-001
 3.0344927e-001
 3.0287820e-001
 3.0231154e-001
 3.0173823e-001
 3.0114681e-001
 3.0052662e-001
 2.9986843e-001
 2.9916525e-001
 2.9841378e-001
 2.9761407e-001
 2.9676980e-001
 2.9588708e-001
 2.9497325e-001
 2.9403669e-001
 2.9308531e-001
 2.9212674e-001
 2.9116726e-001
 2.9021022e-001
 2.8925613e-001
 2.8830183e-001
 2.8734049e-001
 2.8636336e-001
 2.8535974e-001
 2.8431869e-001
 2.8322920e-001
 2.8208053e-001
 2.8086379e-001
 2.7957180e-001
 2.7820095e-001
 2.7675110e-001
 2.7522466e-001
 2.7362707e-001
 2.7196440e-001
 2.7024385e-001
 2.6847282e-001
 2.6665753e-001
 2.6480424e-001
 2.6291656e-001
 2.6099661e-001
 2.5904396e-001
 2.5705537e-001
 2.5502655e-001
 2.5295228e-001
 2.5082621e-001
 2.4864304e-001
 2.4639717e-001
 2.4408509e-001
 2.4170573e-001
 2.3926036e-001
 2.3675498e-001
 2.3419759e-001
 2.3159947e-001
 2.2897330e-001
 2.2633150e-001
 2.2368777e-001
 2.2105405e-001
 2.1844222e-001
 2.1586227e-001
 2.1332079e-001
 2.1082278e-001
 2.0836954e-001
 2.0596144e-001
 2.0359772e-001
 2.0127626e-001
 1.9899584e-001
 1.9675434e-001
 1.9455068e-001
 1.9238436e-001
 1.9025479e-001
 1.8816304e-001
 1.8611088e-001
 1.8409991e-001
 1.8213302e-001
 1.8021232e-001
 1.7834075e-001
 1.7652139e-001
 1.7475691e-001
 1.7305125e-001
 1.7140813e-001
 1.6983248e-001
 1.6832979e-001
 1.6690539e-001
 1.6556561e-001
 1.6431613e-001
 1.6316304e-001
 1.6211188e-001
 1.6116694e-001
 1.6033143e-001
 1.5960605e-001
 1.5898953e-001
 1.5847842e-001
 1.5806755e-001
 1.5775108e-001
 1.5752265e-001
 1.5737577e-001
 1.5730429e-001
 1.5730257e-001
 1.5736602e-001
 1.5749130e-001
 1.5767662e-001
 1.5792148e-001
 1.5822643e-001
 1.5859254e-001
 1.5902105e-001
 1.5951332e-001
 1.6007006e-001
 1.6069126e-001
 1.6137516e-001
 1.6211782e-001
 1.6291323e-001
 1.6375285e-001
 1.6462694e-001
 1.6552457e-001
 1.6643432e-001
 1.6734509e-001
 1.6824570e-001
 1.6912571e-001
 1.6997609e-001
 1.7078897e-001
 1.7155863e-001
 1.7228064e-001
 1.7295171e-001
 1.7356952e-001
 1.7413181e-001
 1.7463693e-001
 1.7508340e-001
 1.7547058e-001
 1.7579919e-001
 1.7607151e-001
 1.7629188e-001
 1.7646623e-001
 1.7660175e-001
 1.7670648e-001
 1.7678860e-001
 1.7685634e-001
 1.7691725e-001
 1.7697774e-001
 1.7704207e-001
 1.7711174e-001
 1.7718516e-001
 1.7725787e-001
 1.7732337e-001
 1.7737396e-001
 1.7740136e-001
 1.7739728e-001
 1.7735390e-001
 1.7726448e-001
 1.7712405e-001
 1.7693020e-001
 1.7668328e-001
 1.7638598e-001
 1.7604302e-001
 1.7566003e-001
 1.7524335e-001
 1.7479919e-001
 1.7433411e-001
 1.7385399e-001
 1.7336425e-001
 1.7286994e-001
 1.7237493e-001
 1.7188260e-001
 1.7139561e-001
 1.7091674e-001
 1.7044815e-001
 1.6999197e-001
 1.6955043e-001
 1.6912511e-001
 1.6871707e-001
 1.6832694e-001
 1.6795425e-001
 1.6759789e-001
 1.6725615e-001
 1.6692722e-001
 1.6660891e-001
 1.6629902e-001
 1.6599555e-001
 1.6569644e-001
 1.6539980e-001
 1.6510423e-001
 1.6480838e-001
 1.6451119e-001
 1.6421197e-001
 1.6390997e-001
 1.6360456e-001
 1.6329497e-001
 1.6298066e-001
 1.6266072e-001
 1.6233401e-001
 1.6199932e-001
 1.6165487e-001
 1.6129862e-001
 1.6092850e-001
 1.6054210e-001
 1.6013703e-001
 1.5971081e-001
 1.5926141e-001
 1.5878665e-001
 1.5828483e-001
 1.5775506e-001
 1.5719670e-001
 1.5660967e-001
 1.5599462e-001
 1.5535212e-001
 1.5468279e-001
 1.5398799e-001
 1.5326890e-001
 1.5252760e-001
 1.5176708e-001
 1.5099244e-001
 1.5020999e-001
 1.4942753e-001
 1.4865458e-001
 1.4790078e-001
 1.4717600e-001
 1.4649048e-001
 1.4585331e-001
 1.4527225e-001
 1.4475261e-001
 1.4429674e-001
 1.4390299e-001
 1.4356653e-001
 1.4328034e-001
 1.4303574e-001
 1.4282343e-001
 1.4263415e-001
 1.4245901e-001
 1.4229013e-001
 1.4212146e-001
 1.4194947e-001
 1.4177322e-001
 1.4159419e-001
 1.4141579e-001
 1.4124237e-001
 1.4107879e-001
 1.4093013e-001
 1.4080113e-001
 1.4069605e-001
 1.4061831e-001
 1.4057000e-001
 1.4055191e-001
 1.4056356e-001
 1.4060357e-001
 1.4067003e-001
 1.4076076e-001
 1.4087351e-001
 1.4100602e-001
 1.4115627e-001
 1.4132233e-001
 1.4150271e-001
 1.4169623e-001
 1.4190212e-001
 1.4211966e-001
 1.4234845e-001
 1.4258826e-001
 1.4283881e-001
 1.4310043e-001
 1.4337428e-001
 1.4366265e-001
 1.4396985e-001
 1.4430223e-001
 1.4466769e-001
 1.4507574e-001
 1.4553653e-001
 1.4606063e-001
 1.4665793e-001
 1.4733759e-001
 1.4810655e-001
 1.4896733e-001
 1.4991778e-001
 1.5095009e-001
 1.5205047e-001
 1.5320198e-001
 1.5438522e-001
 1.5558006e-001
 1.5676543e-001
 1.5792203e-001
 1.5903251e-001
 1.6008215e-001
 1.6106172e-001
 1.6196704e-001
 1.6279793e-001
 1.6355827e-001
 1.6425399e-001
 1.6489144e-001
 1.6547774e-001
 1.6601963e-001
 1.6652326e-001
 1.6699325e-001
 1.6743289e-001
 1.6784368e-001
 1.6822518e-001
 1.6857602e-001
 1.6889408e-001
 1.6917677e-001
 1.6942170e-001
 1.6962688e-001
 1.6979119e-001
 1.6991502e-001
 1.7000088e-001
 1.7005360e-001
 1.7008005e-001
 1.7008866e-001
 1.7008875e-001
 1.7009005e-001
 1.7010222e-001
 1.7013450e-001
 1.7019498e-001
 1.7029002e-001
 1.7042348e-001
 1.7059657e-001
 1.7080794e-001
 1.7105453e-001
 1.7133223e-001
 1.7163618e-001
 1.7196153e-001
 1.7230339e-001
 1.7265657e-001
 1.7301616e-001
 1.7337719e-001
 1.7373480e-001
 1.7408387e-001
 1.7441957e-001
 1.7473708e-001
 1.7503138e-001
 1.7529781e-001
 1.7553201e-001
 1.7573006e-001
 1.7588925e-001
 1.7600825e-001
 1.7608720e-001
 1.7612772e-001
 1.7613246e-001
 1.7610466e-001
 1.7604792e-001
 1.7596591e-001
 1.7586236e-001
 1.7574108e-001
 1.7560583e-001
 1.7546041e-001
 1.7530876e-001
 1.7515475e-001
 1.7500226e-001
 1.7485520e-001
 1.7471752e-001
 1.7459290e-001
 1.7448464e-001
 1.7439537e-001
 1.7432629e-001
 1.7427686e-001
 1.7424461e-001
 1.7422529e-001
 1.7421329e-001
 1.7420231e-001
 1.7418565e-001
 1.7415668e-001
 1.7410906e-001
 1.7403737e-001
 1.7393748e-001
 1.7380722e-001
 1.7364652e-001
 1.7345718e-001
 1.7324233e-001
 1.7300612e-001
 1.7275290e-001
 1.7248726e-001
 1.7221360e-001
 1.7193629e-001
 1.7165913e-001
 1.7138536e-001
 1.7111780e-001
 1.7085853e-001
 1.7060924e-001
 1.7037153e-001
 1.7014670e-001
 1.6993602e-001
 1.6974054e-001
 1.6956124e-001
 1.6939847e-001
 1.6925208e-001
 1.6912137e-001
 1.6900496e-001
 1.6890104e-001
 1.6880764e-001
 1.6872251e-001
 1.6864330e-001
 1.6856731e-001
 1.6849124e-001
 1.6841076e-001
 1.6832010e-001
 1.6821206e-001
 1.6807795e-001
 1.6790806e-001
 1.6769223e-001
 1.6741994e-001
 1.6708085e-001
 1.6666557e-001
 1.6616604e-001
 1.6557689e-001
 1.6489612e-001
 1.6412610e-001
 1.6327229e-001
 1.6234268e-001
 1.6134749e-001
 1.6029708e-001
 1.5920208e-001
 1.5807404e-001
 1.5692388e-001
 1.5576264e-001
 1.5460247e-001
 1.5345488e-001
 1.5233195e-001
 1.5124556e-001
 1.5020856e-001
 1.4923288e-001
 1.4833032e-001
 1.4751258e-001
 1.4678937e-001
 1.4616813e-001
 1.4565359e-001
 1.4524658e-001
 1.4494491e-001
 1.4474404e-001
 1.4463824e-001
 1.4462104e-001
 1.4468621e-001
 1.4482838e-001
 1.4504428e-001
 1.4533418e-001
 1.4570284e-001
 1.4616035e-001
 1.4672165e-001
 1.4740464e-001
 1.4822963e-001
 1.4921734e-001
 1.5038782e-001
 1.5175699e-001
 1.5333454e-001
 1.5511879e-001
 1.5709092e-001
 1.5921587e-001
 1.6144295e-001
 1.6370821e-001
 1.6594252e-001
 1.6807340e-001
 1.7002954e-001
 1.7174292e-001
 1.7315730e-001
 1.7423368e-001
 1.7495584e-001
 1.7533465e-001
 1.7540424e-001
 1.7521614e-001
 1.7483236e-001
 1.7431937e-001
 1.7374457e-001
 1.7317198e-001
 1.7265823e-001
 1.7224726e-001
 1.7196614e-001
 1.7182259e-001
 1.7180729e-001
 1.7189828e-001
 1.7206597e-001
 1.7227741e-001
 1.7249872e-001
 1.7269766e-001
 1.7284575e-001
 1.7292103e-001
 1.7291042e-001
 1.7281076e-001
 1.7262772e-001
 1.7237362e-001
 1.7206462e-001
 1.7171857e-001
 1.7135386e-001
 1.7098767e-001
 1.7063472e-001
 1.7030554e-001
 1.7000516e-001
 1.6973205e-001
 1.6947901e-001
 1.6923481e-001
 1.6898555e-001
 1.6871625e-001
 1.6841222e-001
 1.6805980e-001
 1.6764809e-001
 1.6717133e-001
 1.6662988e-001
 1.6603141e-001
 1.6538988e-001
 1.6472447e-001
 1.6405667e-001
 1.6340913e-001
 1.6280478e-001
 1.6226453e-001
 1.6180573e-001
 1.6144018e-001
 1.6117121e-001
 1.6099343e-001
 1.6089326e-001
 1.6085117e-001
 1.6084391e-001
 1.6084653e-001
 1.6083393e-001
 1.6078211e-001
 1.6066991e-001
 1.6048115e-001
 1.6020633e-001
 1.5984346e-001
 1.5939745e-001
 1.5887763e-001
 1.5829606e-001
 1.5766585e-001
 1.5700080e-001
 1.5631382e-001
 1.5561688e-001
 1.5492088e-001
 1.5423420e-001
 1.5356298e-001
 1.5291171e-001
 1.5228274e-001
 1.5167753e-001
 1.5109682e-001
 1.5054150e-001
 1.5001199e-001
 1.4950870e-001
 1.4903234e-001
 1.4859840e-001
 1.4827961e-001
 1.4788432e-001
 1.4750920e-001
 1.4715065e-001
 1.4680515e-001
 1.4646915e-001
 1.4613932e-001
 1.4581209e-001
 1.4548397e-001
 1.4515147e-001
 1.4481123e-001
 1.4446232e-001
 1.4410472e-001
 1.4373848e-001
 1.4336357e-001
 1.4298025e-001
 1.4258850e-001
 1.4218836e-001
 1.4177983e-001
 1.4136317e-001
 1.4093833e-001
 1.4050539e-001
 1.4006430e-001
 1.3961536e-001
 1.3915858e-001
 1.3869472e-001
 1.3822484e-001
 1.3774994e-001
 1.3727133e-001
 1.3678996e-001
 1.3630691e-001
 1.3582319e-001
 1.3534006e-001
 1.3485855e-001
 1.3437968e-001
 1.3390449e-001
 1.3343422e-001
 1.3296987e-001
 1.3251255e-001
 1.3206333e-001
 1.3162315e-001
 1.3119337e-001
 1.3077469e-001
 1.3036600e-001
 1.2996498e-001
 1.2956963e-001
 1.2917764e-001
 1.2878683e-001
 1.2839486e-001
 1.2799974e-001
 1.2759915e-001
 1.2719092e-001
 1.2677279e-001
 1.2634251e-001
 1.2589802e-001
 1.2543705e-001
 1.2495739e-001
 1.2445671e-001
 1.2393303e-001
 1.2338405e-001
 1.2280754e-001
 1.2220117e-001
 1.2156301e-001
 1.2089070e-001
 1.2018252e-001
 1.1944064e-001
 1.1866981e-001
 1.1787428e-001
 1.1705850e-001
 1.1622689e-001
 1.1538367e-001
 1.1453366e-001
 1.1368113e-001
 1.1283047e-001
 1.1198592e-001
 1.1115231e-001
 1.1033388e-001
 1.0953504e-001
 1.0876006e-001
 1.0801372e-001
 1.0730027e-001
 1.0662413e-001
 1.0598973e-001
 1.0540138e-001
 1.0486376e-001
 1.0438119e-001
 1.0395808e-001
 1.0359877e-001
 1.0330787e-001
 1.0308973e-001
 1.0294805e-001
 1.0288068e-001
 1.0288261e-001
 1.0294876e-001
 1.0307406e-001
 1.0325344e-001
 1.0348191e-001
 1.0375430e-001
 1.0406560e-001
 1.0441072e-001
 1.0478471e-001
 1.0518233e-001
 1.0559861e-001
 1.0602845e-001
 1.0646694e-001
 1.0690879e-001
 1.0734904e-001
 1.0778262e-001
 1.0820457e-001
 1.0860965e-001
 1.0899287e-001
 1.0934915e-001
 1.0967349e-001
 1.0996084e-001
 1.1020602e-001
 1.1040403e-001
 1.1054981e-001
 1.1063832e-001
 1.1066446e-001
 1.1062317e-001
 1.1051013e-001
 1.1032662e-001
 1.1007676e-001
 1.0976457e-001
