s07_ASD Record=12386: Alun366+.50PyroPYS1A GDS222   BECKb AREF
 4.8783192e-001
 4.8970965e-001
 4.9152327e-001
 4.9328834e-001
 4.9502406e-001
 4.9674472e-001
 4.9845159e-001
 5.0013053e-001
 5.0175905e-001
 5.0331759e-001
 5.0479960e-001
 5.0621402e-001
 5.0758189e-001
 5.0893104e-001
 5.1028711e-001
 5.1166236e-001
 5.1305115e-001
 5.1443714e-001
 5.1580364e-001
 5.1713967e-001
 5.1843959e-001
 5.1969868e-001
 5.2091169e-001
 5.2207613e-001
 5.2319926e-001
 5.2430373e-001
 5.2542573e-001
 5.2660120e-001
 5.2784944e-001
 5.2917302e-001
 5.3056496e-001
 5.3201556e-001
 5.3351361e-001
 5.3504437e-001
 5.3658277e-001
 5.3809381e-001
 5.3954434e-001
 5.4091430e-001
 5.4220515e-001
 5.4343963e-001
 5.4465306e-001
 5.4588199e-001
 5.4715526e-001
 5.4848975e-001
 5.4988819e-001
 5.5134022e-001
 5.5282426e-001
 5.5431306e-001
 5.5577964e-001
 5.5720329e-001
 5.5857134e-001
 5.5987775e-001
 5.6112033e-001
 5.6229872e-001
 5.6341344e-001
 5.6446576e-001
 5.6546044e-001
 5.6640905e-001
 5.6732655e-001
 5.6823057e-001
 5.6914026e-001
 5.7005531e-001
 5.7096821e-001
 5.7186925e-001
 5.7274401e-001
 5.7359403e-001
 5.7443941e-001
 5.7530105e-001
 5.7619160e-001
 5.7710820e-001
 5.7803094e-001
 5.7893211e-001
 5.7979178e-001
 5.8060968e-001
 5.8140761e-001
 5.8222318e-001
 5.8309567e-001
 5.8405030e-001
 5.8508867e-001
 5.8618885e-001
 5.8731645e-001
 5.8844066e-001
 5.8954936e-001
 5.9065408e-001
 5.9178364e-001
 5.9296787e-001
 5.9422064e-001
 5.9553027e-001
 5.9686232e-001
 5.9817433e-001
 5.9943444e-001
 6.0063440e-001
 6.0178775e-001
 6.0291505e-001
 6.0402507e-001
 6.0510570e-001
 6.0613066e-001
 6.0707867e-001
 6.0795146e-001
 6.0877347e-001
 6.0957587e-001
 6.1037761e-001
 6.1117697e-001
 6.1195856e-001
 6.1270821e-001
 6.1342609e-001
 6.1412722e-001
 6.1483186e-001
 6.1555499e-001
 6.1629921e-001
 6.1705327e-001
 6.1779392e-001
 6.1849093e-001
 6.1910963e-001
 6.1961353e-001
 6.1997694e-001
 6.2021130e-001
 6.2038118e-001
 6.2058246e-001
 6.2089080e-001
 6.2132239e-001
 6.2183899e-001
 6.2238526e-001
 6.2292367e-001
 6.2344682e-001
 6.2396854e-001
 6.2450582e-001
 6.2506419e-001
 6.2563622e-001
 6.2621397e-001
 6.2680238e-001
 6.2741905e-001
 6.2807757e-001
 6.2877119e-001
 6.2947488e-001
 6.3016617e-001
 6.3084656e-001
 6.3154340e-001
 6.3229060e-001
 6.3310570e-001
 6.3398349e-001
 6.3490963e-001
 6.3587803e-001
 6.3689017e-001
 6.3793612e-001
 6.3898337e-001
 6.3999575e-001
 6.4097041e-001
 6.4194971e-001
 6.4298785e-001
 6.4409900e-001
 6.4524060e-001
 6.4635074e-001
 6.4740306e-001
 6.4842296e-001
 6.4945465e-001
 6.5051442e-001
 6.5157610e-001
 6.5259773e-001
 6.5356666e-001
 6.5452415e-001
 6.5554523e-001
 6.5668261e-001
 6.5791965e-001
 6.5917492e-001
 6.6035402e-001
 6.6140842e-001
 6.6236764e-001
 6.6333050e-001
 6.6441250e-001
 6.6566521e-001
 6.6702825e-001
 6.6836524e-001
 6.6956675e-001
 6.7063099e-001
 6.7166376e-001
 6.7280716e-001
 6.7415464e-001
 6.7570186e-001
 6.7734969e-001
 6.7895174e-001
 6.8037707e-001
 6.8155801e-001
 6.8251103e-001
 6.8333369e-001
 6.8418092e-001
 6.8520725e-001
 6.8647671e-001
 6.8790573e-001
 6.8933517e-001
 6.9070262e-001
 6.9210702e-001
 6.9363838e-001
 6.9518280e-001
 6.9649881e-001
 6.9748455e-001
 6.9828361e-001
 6.9911522e-001
 7.0007062e-001
 7.0107943e-001
 7.0201415e-001
 7.0280921e-001
 7.0352095e-001
 7.0429540e-001
 7.0526171e-001
 7.0645362e-001
 7.0783675e-001
 7.0936471e-001
 7.1095365e-001
 7.1243906e-001
 7.1365559e-001
 7.1457720e-001
 7.1532601e-001
 7.1603155e-001
 7.1672577e-001
 7.1738571e-001
 7.1803790e-001
 7.1877944e-001
 7.1968591e-001
 7.2072226e-001
 7.2177070e-001
 7.2273183e-001
 7.2358459e-001
 7.2439367e-001
 7.2530258e-001
 7.2643870e-001
 7.2771704e-001
 7.2880995e-001
 7.2947681e-001
 7.2988659e-001
 7.3043543e-001
 7.3128110e-001
 7.3223639e-001
 7.3307294e-001
 7.3373818e-001
 7.3429942e-001
 7.3485875e-001
 7.3554713e-001
 7.3646992e-001
 7.3760504e-001
 7.3880261e-001
 7.3989111e-001
 7.4075490e-001
 7.4135655e-001
 7.4176353e-001
 7.4213582e-001
 7.4260789e-001
 7.4319226e-001
 7.4385202e-001
 7.4459618e-001
 7.4539512e-001
 7.4613231e-001
 7.4679399e-001
 7.4756241e-001
 7.4855345e-001
 7.4955624e-001
 7.5021356e-001
 7.5040376e-001
 7.5036615e-001
 7.5050628e-001
 7.5109434e-001
 7.5204968e-001
 7.5300860e-001
 7.5372076e-001
 7.5430834e-001
 7.5497073e-001
 7.5563467e-001
 7.5612402e-001
 7.5645977e-001
 7.5681609e-001
 7.5732958e-001
 7.5801867e-001
 7.5881761e-001
 7.5965703e-001
 7.6046991e-001
 7.6117593e-001
 7.6180422e-001
 7.6250529e-001
 7.6326567e-001
 7.6385254e-001
 7.6418620e-001
 7.6449752e-001
 7.6500601e-001
 7.6561898e-001
 7.6609570e-001
 7.6639539e-001
 7.6671356e-001
 7.6719636e-001
 7.6774621e-001
 7.6815563e-001
 7.6834220e-001
 7.6842809e-001
 7.6865131e-001
 7.6920718e-001
 7.7011532e-001
 7.7120352e-001
 7.7226353e-001
 7.7324754e-001
 7.7424002e-001
 7.7522379e-001
 7.7601838e-001
 7.7650923e-001
 7.7681762e-001
 7.7718765e-001
 7.7778149e-001
 7.7858514e-001
 7.7941895e-001
 7.8003395e-001
 7.8032440e-001
 7.8050578e-001
 7.8095365e-001
 7.8179824e-001
 7.8283727e-001
 7.8387105e-001
 7.8486234e-001
 7.8571868e-001
 7.8625852e-001
 7.8651786e-001
 7.8685778e-001
 7.8764760e-001
 7.8887296e-001
 7.9019833e-001
 7.9130614e-001
 7.9206496e-001
 7.9250485e-001
 7.9276162e-001
 7.9300994e-001
 7.9336846e-001
 7.9383963e-001
 7.9435545e-001
 7.9489952e-001
 7.9558229e-001
 7.9656833e-001
 7.9789317e-001
 7.9934484e-001
 8.0056489e-001
 8.0131006e-001
 8.0163413e-001
 8.0181462e-001
 8.0210787e-001
 8.0257469e-001
 8.0311799e-001
 8.0365568e-001
 8.0423951e-001
 8.0500335e-001
 8.0599284e-001
 8.0705553e-001
 8.0793971e-001
 8.0852938e-001
 8.0896813e-001
 8.0948341e-001
 8.1002545e-001
 8.1018811e-001
 8.0993819e-001
 8.1027967e-001
 8.1180590e-001
 8.1368041e-001
 8.1468505e-001
 8.1467301e-001
 8.1450009e-001
 8.1495577e-001
 8.1591243e-001
 8.1645393e-001
 8.1615204e-001
 8.1583261e-001
 8.1651479e-001
 8.1811708e-001
 8.1965119e-001
 8.2026255e-001
 8.1998694e-001
 8.1968027e-001
 8.2007241e-001
 8.2105923e-001
 8.2212734e-001
 8.2304621e-001
 8.2387573e-001
 8.2465541e-001
 8.2532686e-001
 8.2580930e-001
 8.2603067e-001
 8.2596242e-001
 8.2573301e-001
 8.2569617e-001
 8.2629544e-001
 8.2770300e-001
 8.2942080e-001
 8.3046675e-001
 8.3039612e-001
 8.2987607e-001
 8.2981634e-001
 8.3037519e-001
 8.3115947e-001
 8.3187449e-001
 8.3243513e-001
 8.3278924e-001
 8.3293599e-001
 8.3302587e-001
 8.3327556e-001
 8.3388036e-001
 8.3491361e-001
 8.3610177e-001
 8.3689892e-001
 8.3707935e-001
 8.3695203e-001
 8.3692867e-001
 8.3730590e-001
 8.3827490e-001
 8.3986461e-001
 8.4170145e-001
 8.4303892e-001
 8.4324127e-001
 8.4233898e-001
 8.4100980e-001
 8.4001887e-001
 8.3975363e-001
 8.4019482e-001
 8.4113008e-001
 8.4219849e-001
 8.4293258e-001
 8.4297198e-001
 8.4234375e-001
 8.4145880e-001
 8.4080267e-001
 8.4065348e-001
 8.4105635e-001
 8.4193939e-001
 8.4314191e-001
 8.4440440e-001
 8.4540886e-001
 8.4588295e-001
 8.4609759e-001
 8.4609413e-001
 8.4600651e-001
 8.4593558e-001
 8.4596825e-001
 8.4619170e-001
 8.4667093e-001
 8.4732479e-001
 8.4801340e-001
 8.4859693e-001
 8.4895235e-001
 8.4906888e-001
 8.4898108e-001
 8.4872389e-001
 8.4834552e-001
 8.4798443e-001
 8.4781528e-001
 8.4801304e-001
 8.4871137e-001
 8.4976834e-001
 8.5111684e-001
 8.5208136e-001
 8.5260886e-001
 8.5266399e-001
 8.5242033e-001
 8.5206062e-001
 8.5176754e-001
 8.5171813e-001
 8.5195500e-001
 8.5238755e-001
 8.5291964e-001
 8.5345513e-001
 8.5390198e-001
 8.5425991e-001
 8.5461956e-001
 8.5507536e-001
 8.5572159e-001
 8.5664684e-001
 8.5780644e-001
 8.5902566e-001
 8.6012441e-001
 8.6092228e-001
 8.6123931e-001
 8.6095482e-001
 8.6017996e-001
 8.5908240e-001
 8.5782969e-001
 8.5658878e-001
 8.5552764e-001
 8.5477656e-001
 8.5432577e-001
 8.5413074e-001
 8.5414749e-001
 8.5433161e-001
 8.5463917e-001
 8.5502571e-001
 8.5545564e-001
 8.5592556e-001
 8.5643971e-001
 8.5700208e-001
 8.5761696e-001
 8.5828871e-001
 8.5902143e-001
 8.5981941e-001
 8.6067951e-001
 8.6157143e-001
 8.6245865e-001
 8.6330402e-001
 8.6407125e-001
 8.6472338e-001
 8.6522365e-001
 8.6553544e-001
 8.6563712e-001
 8.6556399e-001
 8.6536425e-001
 8.6508638e-001
 8.6477882e-001
 8.6448973e-001
 8.6426777e-001
 8.6416107e-001
 8.6420500e-001
 8.6438656e-001
 8.6468118e-001
 8.6506480e-001
 8.6551327e-001
 8.6600202e-001
 8.6650717e-001
 8.6700392e-001
 8.6746854e-001
 8.6787653e-001
 8.6820358e-001
 8.6842543e-001
 8.6852592e-001
 8.6851710e-001
 8.6841798e-001
 8.6824721e-001
 8.6802375e-001
 8.6776638e-001
 8.6749381e-001
 8.6722499e-001
 8.6697870e-001
 8.6677366e-001
 8.6662883e-001
 8.6656290e-001
 8.6658853e-001
 8.6669600e-001
 8.6687076e-001
 8.6709815e-001
 8.6736363e-001
 8.6765260e-001
 8.6795020e-001
 8.6824220e-001
 8.6851382e-001
 8.6875039e-001
 8.6893737e-001
 8.6906391e-001
 8.6913323e-001
 8.6915112e-001
 8.6912334e-001
 8.6905622e-001
 8.6895543e-001
 8.6882693e-001
 8.6867678e-001
 8.6851090e-001
 8.6833519e-001
 8.6815691e-001
 8.6798739e-001
 8.6783910e-001
 8.6772436e-001
 8.6765540e-001
 8.6764485e-001
 8.6770475e-001
 8.6784768e-001
 8.6808604e-001
 8.6843216e-001
 8.6888969e-001
 8.6943305e-001
 8.7003034e-001
 8.7064952e-001
 8.7125885e-001
 8.7182629e-001
 8.7231982e-001
 8.7270784e-001
 8.7295806e-001
 8.7303883e-001
 8.7293386e-001
 8.7268066e-001
 8.7232810e-001
 8.7192458e-001
 8.7151903e-001
 8.7115991e-001
 8.7089622e-001
 8.7077636e-001
 8.7084913e-001
 8.7113178e-001
 8.7153625e-001
 8.7195283e-001
 8.7227213e-001
 8.7238401e-001
 8.7217903e-001
 8.7154746e-001
 8.7037951e-001
 8.6862218e-001
 8.6640859e-001
 8.6391103e-001
 8.6130047e-001
 8.5874945e-001
 8.5642898e-001
 8.5451156e-001
 8.5316831e-001
 8.5252100e-001
 8.5252815e-001
 8.5311514e-001
 8.5420692e-001
 8.5572898e-001
 8.5760635e-001
 8.5976452e-001
 8.6212832e-001
 8.6461753e-001
 8.6713147e-001
 8.6956674e-001
 8.7163007e-001
 8.7352329e-001
 8.7502605e-001
 8.7606615e-001
 8.7664366e-001
 8.7681478e-001
 8.7667423e-001
 8.7633598e-001
 8.7591821e-001
 8.7552905e-001
 8.7524498e-001
 8.7509668e-001
 8.7508094e-001
 8.7518042e-001
 8.7537277e-001
 8.7563157e-001
 8.7592292e-001
 8.7620473e-001
 8.7642837e-001
 8.7654388e-001
 8.7650722e-001
 8.7629396e-001
 8.7591422e-001
 8.7541807e-001
 8.7488645e-001
 8.7441349e-001
 8.7408710e-001
 8.7396693e-001
 8.7406486e-001
 8.7433869e-001
 8.7470376e-001
 8.7505513e-001
 8.7529266e-001
 8.7534565e-001
 8.7519294e-001
 8.7486869e-001
 8.7445170e-001
 8.7404364e-001
 8.7374419e-001
 8.7362754e-001
 8.7456036e-001
 8.7470573e-001
 8.7490809e-001
 8.7515992e-001
 8.7545204e-001
 8.7577587e-001
 8.7612647e-001
 8.7650394e-001
 8.7691379e-001
 8.7736619e-001
 8.7787402e-001
 8.7844968e-001
 8.7910229e-001
 8.7983441e-001
 8.8064104e-001
 8.8151038e-001
 8.8242424e-001
 8.8336122e-001
 8.8429779e-001
 8.8521165e-001
 8.8608372e-001
 8.8689917e-001
 8.8764888e-001
 8.8832861e-001
 8.8893896e-001
 8.8948441e-001
 8.8997245e-001
 8.9041251e-001
 8.9081347e-001
 8.9118224e-001
 8.9152247e-001
 8.9183366e-001
 8.9211226e-001
 8.9235282e-001
 8.9255035e-001
 8.9270234e-001
 8.9281094e-001
 8.9288408e-001
 8.9293581e-001
 8.9298499e-001
 8.9305288e-001
 8.9315981e-001
 8.9332163e-001
 8.9354652e-001
 8.9383274e-001
 8.9416856e-001
 8.9453304e-001
 8.9489919e-001
 8.9523786e-001
 8.9552218e-001
 8.9573187e-001
 8.9585644e-001
 8.9589739e-001
 8.9586830e-001
 8.9579356e-001
 8.9570516e-001
 8.9563882e-001
 8.9562917e-001
 8.9570510e-001
 8.9588583e-001
 8.9617783e-001
 8.9657402e-001
 8.9705390e-001
 8.9758617e-001
 8.9813250e-001
 8.9865237e-001
 8.9910859e-001
 8.9947170e-001
 8.9972454e-001
 8.9986402e-001
 8.9990139e-001
 8.9986056e-001
 8.9977437e-001
 8.9967966e-001
 8.9961165e-001
 8.9959919e-001
 8.9966029e-001
 8.9980036e-001
 9.0001196e-001
 9.0027708e-001
 9.0057093e-001
 9.0086710e-001
 9.0114206e-001
 9.0137929e-001
 9.0157109e-001
 9.0171874e-001
 9.0183032e-001
 9.0191746e-001
 9.0199178e-001
 9.0206194e-001
 9.0213174e-001
 9.0220040e-001
 9.0226388e-001
 9.0231711e-001
 9.0235651e-001
 9.0238190e-001
 9.0239704e-001
 9.0240967e-001
 9.0242970e-001
 9.0246755e-001
 9.0253192e-001
 9.0262818e-001
 9.0275747e-001
 9.0291679e-001
 9.0309972e-001
 9.0329814e-001
 9.0350395e-001
 9.0371084e-001
 9.0391535e-001
 9.0411776e-001
 9.0432149e-001
 9.0453243e-001
 9.0475708e-001
 9.0500152e-001
 9.0526986e-001
 9.0556341e-001
 9.0588069e-001
 9.0621781e-001
 9.0656924e-001
 9.0692866e-001
 9.0729004e-001
 9.0764785e-001
 9.0799749e-001
 9.0833455e-001
 9.0865481e-001
 9.0895313e-001
 9.0922320e-001
 9.0945792e-001
 9.0964931e-001
 9.0979016e-001
 9.0987515e-001
 9.0990245e-001
 9.0987486e-001
 9.0980047e-001
 9.0969211e-001
 9.0956616e-001
 9.0944058e-001
 9.0933222e-001
 9.0925473e-001
 9.0921682e-001
 9.0922147e-001
 9.0926623e-001
 9.0934420e-001
 9.0944588e-001
 9.0956092e-001
 9.0967971e-001
 9.0979433e-001
 9.0989923e-001
 9.0999120e-001
 9.1006899e-001
 9.1013288e-001
 9.1018426e-001
 9.1022509e-001
 9.1025788e-001
 9.1028512e-001
 9.1030926e-001
 9.1033238e-001
 9.1035634e-001
 9.1038239e-001
 9.1041112e-001
 9.1044295e-001
 9.1047823e-001
 9.1051751e-001
 9.1056150e-001
 9.1061151e-001
 9.1066879e-001
 9.1073424e-001
 9.1080773e-001
 9.1088766e-001
 9.1097039e-001
 9.1105026e-001
 9.1111994e-001
 9.1117138e-001
 9.1119689e-001
 9.1119069e-001
 9.1115022e-001
 9.1107708e-001
 9.1097736e-001
 9.1086113e-001
 9.1074097e-001
 9.1062981e-001
 9.1053867e-001
 9.1047448e-001
 9.1043836e-001
 9.1042554e-001
 9.1042608e-001
 9.1042644e-001
 9.1041225e-001
 9.1037059e-001
 9.1029179e-001
 9.1017050e-001
 9.1000533e-001
 9.0979850e-001
 9.0955424e-001
 9.0927762e-001
 9.0897417e-001
 9.0864927e-001
 9.0830874e-001
 9.0795898e-001
 9.0760750e-001
 9.0726233e-001
 9.0693170e-001
 9.0662283e-001
 9.0634078e-001
 9.0608782e-001
 9.0586311e-001
 9.0566254e-001
 9.0547997e-001
 9.0530759e-001
 9.0513718e-001
 9.0496022e-001
 9.0476823e-001
 9.0455216e-001
 9.0430218e-001
 9.0400690e-001
 9.0365344e-001
 9.0322739e-001
 9.0271348e-001
 9.0209669e-001
 9.0136319e-001
 9.0050244e-001
 8.9950818e-001
 8.9838117e-001
 8.9713103e-001
 8.9577740e-001
 8.9435267e-001
 8.9290076e-001
 8.9147699e-001
 8.9014441e-001
 8.8896757e-001
 8.8800693e-001
 8.8730991e-001
 8.8690484e-001
 8.8679540e-001
 8.8695931e-001
 8.8735050e-001
 8.8790494e-001
 8.8854849e-001
 8.8920659e-001
 8.8981277e-001
 8.9031476e-001
 8.9067835e-001
 8.9088720e-001
 8.9094055e-001
 8.9084840e-001
 8.9062637e-001
 8.9029068e-001
 8.8985372e-001
 8.8932228e-001
 8.8869596e-001
 8.8796896e-001
 8.8713187e-001
 8.8617462e-001
 8.8509065e-001
 8.8387936e-001
 8.8254946e-001
 8.8112032e-001
 8.7962127e-001
 8.7809163e-001
 8.7657654e-001
 8.7512463e-001
 8.7378311e-001
 8.7259382e-001
 8.7159079e-001
 8.7079823e-001
 8.7022990e-001
 8.6989075e-001
 8.6977845e-001
 8.6988550e-001
 8.7020147e-001
 8.7071401e-001
 8.7140924e-001
 8.7227219e-001
 8.7328625e-001
 8.7443292e-001
 8.7569308e-001
 8.7704635e-001
 8.7847364e-001
 8.7995648e-001
 8.8147777e-001
 8.8302183e-001
 8.8457197e-001
 8.8611054e-001
 8.8761640e-001
 8.8906544e-001
 8.9043152e-001
 8.9168727e-001
 8.9280784e-001
 8.9377278e-001
 8.9456886e-001
 8.9519197e-001
 8.9564651e-001
 8.9594531e-001
 8.9610744e-001
 8.9615571e-001
 8.9611435e-001
 8.9600652e-001
 8.9585221e-001
 8.9566690e-001
 8.9546043e-001
 8.9523655e-001
 8.9499283e-001
 8.9472109e-001
 8.9440846e-001
 8.9403892e-001
 8.9359522e-001
 8.9306134e-001
 8.9242458e-001
 8.9167720e-001
 8.9081794e-001
 8.8985157e-001
 8.8878912e-001
 8.8764614e-001
 8.8644052e-001
 8.8519120e-001
 8.8391608e-001
 8.8262969e-001
 8.8134307e-001
 8.8006121e-001
 8.7878388e-001
 8.7750453e-001
 8.7621093e-001
 8.7488735e-001
 8.7351638e-001
 8.7208378e-001
 8.7058216e-001
 8.6901468e-001
 8.6739969e-001
 8.6577040e-001
 8.6417460e-001
 8.6267000e-001
 8.6131722e-001
 8.6017340e-001
 8.5928392e-001
 8.5867733e-001
 8.5836190e-001
 8.5832554e-001
 8.5853869e-001
 8.5895836e-001
 8.5953403e-001
 8.6021221e-001
 8.6094123e-001
 8.6167336e-001
 8.6236680e-001
 8.6298627e-001
 8.6350226e-001
 8.6389142e-001
 8.6413521e-001
 8.6422014e-001
 8.6413765e-001
 8.6388403e-001
 8.6346102e-001
 8.6287665e-001
 8.6214644e-001
 8.6129457e-001
 8.6035538e-001
 8.5937297e-001
 8.5840082e-001
 8.5749847e-001
 8.5672593e-001
 8.5613757e-001
 8.5577422e-001
 8.5565656e-001
 8.5578030e-001
 8.5611445e-001
 8.5660380e-001
 8.5717416e-001
 8.5774040e-001
 8.5821414e-001
 8.5851073e-001
 8.5855234e-001
 8.5826749e-001
 8.5758638e-001
 8.5643286e-001
 8.5471350e-001
 8.5230857e-001
 8.4906369e-001
 8.4478480e-001
 8.3924460e-001
 8.3219010e-001
 8.2336926e-001
 8.1256342e-001
 7.9962498e-001
 7.8453624e-001
 7.6744592e-001
 7.4872082e-001
 7.2896183e-001
 7.0898682e-001
 6.8979973e-001
 6.7250073e-001
 6.5816885e-001
 6.4774859e-001
 6.4191651e-001
 6.4099902e-001
 6.4492047e-001
 6.5321857e-001
 6.6510540e-001
 6.7958277e-001
 6.9556183e-001
 7.1199304e-001
 7.2797620e-001
 7.4281323e-001
 7.5604826e-001
 7.6744288e-001
 7.7694249e-001
 7.8462344e-001
 7.9062718e-001
 7.9511529e-001
 7.9822308e-001
 8.0003685e-001
 8.0058306e-001
 7.9983032e-001
 7.9770565e-001
 7.9411983e-001
 7.8899962e-001
 7.8231913e-001
 7.7413458e-001
 7.6460707e-001
 7.5400889e-001
 7.4272686e-001
 7.3123121e-001
 7.2004956e-001
 7.0971793e-001
 7.0073068e-001
 6.9350570e-001
 6.8834370e-001
 6.8541557e-001
 6.8475372e-001
 6.8626124e-001
 6.8972945e-001
 6.9486368e-001
 7.0130706e-001
 7.0866823e-001
 7.1654946e-001
 7.2456276e-001
 7.3235625e-001
 7.3962265e-001
 7.4611384e-001
 7.5164890e-001
 7.5611156e-001
 7.5944954e-001
 7.6166815e-001
 7.6281762e-001
 7.6298392e-001
 7.6227582e-001
 7.6081586e-001
 7.5873166e-001
 7.5615197e-001
 7.5320154e-001
 7.5000149e-001
 7.4666709e-001
 7.4330539e-001
 7.4001509e-001
 7.3688012e-001
 7.3396724e-001
 7.3131913e-001
 7.2894716e-001
 7.2682810e-001
 7.2489762e-001
 7.2305048e-001
 7.2114134e-001
 7.1898937e-001
 7.1639025e-001
 7.1312988e-001
 7.0900261e-001
 7.0383692e-001
 6.9751674e-001
 6.9001144e-001
 6.8139786e-001
 6.7187411e-001
 6.6177487e-001
 6.5155691e-001
 6.4178497e-001
 6.3308936e-001
 6.2610847e-001
 6.2143147e-001
 6.1952585e-001
 6.2068474e-001
 6.2498385e-001
 6.3227141e-001
 6.4217901e-001
 6.5417087e-001
 6.6759795e-001
 6.8177223e-001
 6.9604117e-001
 7.0983237e-001
 7.2270453e-001
 7.3435318e-001
 7.4461442e-001
 7.5345194e-001
 7.6092571e-001
 7.6716864e-001
 7.7236193e-001
 7.7670747e-001
 7.8041375e-001
 7.8367811e-001
 7.8667742e-001
 7.8956157e-001
 7.9244620e-001
 7.9541349e-001
 7.9851043e-001
 8.0175197e-001
 8.0512732e-001
 8.0860287e-001
 8.1213212e-001
 8.1565940e-001
 8.1912762e-001
 8.2248515e-001
 8.2568783e-001
 8.2870597e-001
 8.3152354e-001
 8.3414024e-001
 8.3657044e-001
 8.3883840e-001
 8.4097350e-001
 8.4300554e-001
 8.4495598e-001
 8.4683478e-001
 8.4863526e-001
 8.5033596e-001
 8.5190588e-001
 8.5331017e-001
 8.5451877e-001
 8.5551113e-001
 8.5627884e-001
 8.5682982e-001
 8.5718983e-001
 8.5740161e-001
 8.5751992e-001
 8.5760480e-001
 8.5771245e-001
 8.5788727e-001
 8.5815674e-001
 8.5852855e-001
 8.5899162e-001
 8.5952026e-001
 8.6008036e-001
 8.6063576e-001
 8.6115271e-001
 8.6160368e-001
 8.6196965e-001
 8.6224097e-001
 8.6241865e-001
 8.6251426e-001
 8.6254877e-001
 8.6255074e-001
 8.6255336e-001
 8.6259049e-001
 8.6269259e-001
 8.6288214e-001
 8.6316985e-001
 8.6355221e-001
 8.6401033e-001
 8.6451262e-001
 8.6501890e-001
 8.6548615e-001
 8.6587369e-001
 8.6614835e-001
 8.6628699e-001
 8.6627817e-001
 8.6612380e-001
 8.6583889e-001
 8.6544961e-001
 8.6498928e-001
 8.6449426e-001
 8.6399913e-001
 8.6353248e-001
 8.6311501e-001
 8.6275816e-001
 8.6246544e-001
 8.6223334e-001
 8.6205381e-001
 8.6191642e-001
 8.6181039e-001
 8.6172575e-001
 8.6165440e-001
 8.6159021e-001
 8.6152953e-001
 8.6147088e-001
 8.6141479e-001
 8.6136323e-001
 8.6131942e-001
 8.6128694e-001
 8.6126906e-001
 8.6126834e-001
 8.6128604e-001
 8.6132199e-001
 8.6137444e-001
 8.6144024e-001
 8.6151499e-001
 8.6159348e-001
 8.6167002e-001
 8.6173886e-001
 8.6179435e-001
 8.6183190e-001
 8.6184788e-001
 8.6184025e-001
 8.6180884e-001
 8.6175561e-001
 8.6168450e-001
 8.6160129e-001
 8.6151296e-001
 8.6142737e-001
 8.6135238e-001
 8.6129510e-001
 8.6126149e-001
 8.6125559e-001
 8.6127949e-001
 8.6133337e-001
 8.6141551e-001
 8.6152267e-001
 8.6165053e-001
 8.6179399e-001
 8.6194772e-001
 8.6210632e-001
 8.6226487e-001
 8.6241931e-001
 8.6256641e-001
 8.6270416e-001
 8.6283171e-001
 8.6294925e-001
 8.6305767e-001
 8.6315805e-001
 8.6325109e-001
 8.6333638e-001
 8.6341196e-001
 8.6347401e-001
 8.6351663e-001
 8.6353254e-001
 8.6351371e-001
 8.6345261e-001
 8.6334330e-001
 8.6318260e-001
 8.6297095e-001
 8.6271292e-001
 8.6241668e-001
 8.6209357e-001
 8.6175627e-001
 8.6141789e-001
 8.6108994e-001
 8.6078095e-001
 8.6049587e-001
 8.6023539e-001
 8.5999638e-001
 8.5977262e-001
 8.5955554e-001
 8.5933572e-001
 8.5910356e-001
 8.5885060e-001
 8.5857010e-001
 8.5825735e-001
 8.5791028e-001
 8.5752916e-001
 8.5711700e-001
 8.5667902e-001
 8.5622221e-001
 8.5575491e-001
 8.5528576e-001
 8.5482317e-001
 8.5437459e-001
 8.5394549e-001
 8.5353971e-001
 8.5315847e-001
 8.5280085e-001
 8.5246336e-001
 8.5214025e-001
 8.5182387e-001
 8.5150552e-001
 8.5117555e-001
 8.5082442e-001
 8.5044307e-001
 8.5002327e-001
 8.4955829e-001
 8.4904271e-001
 8.4847301e-001
 8.4784758e-001
 8.4716702e-001
 8.4643418e-001
 8.4565365e-001
 8.4483159e-001
 8.4397507e-001
 8.4309196e-001
 8.4219050e-001
 8.4127831e-001
 8.4036326e-001
 8.3945215e-001
 8.3855152e-001
 8.3766729e-001
 8.3680385e-001
 8.3596492e-001
 8.3515286e-001
 8.3436823e-001
 8.3361042e-001
 8.3287698e-001
 8.3216435e-001
 8.3146799e-001
 8.3078247e-001
 8.3010286e-001
 8.2942414e-001
 8.2874238e-001
 8.2805479e-001
 8.2735908e-001
 8.2665420e-001
 8.2593900e-001
 8.2521194e-001
 8.2447022e-001
 8.2370871e-001
 8.2291955e-001
 8.2209134e-001
 8.2120973e-001
 8.2025737e-001
 8.1921482e-001
 8.1806213e-001
 8.1678027e-001
 8.1535184e-001
 8.1376380e-001
 8.1200671e-001
 8.1007683e-001
 8.0797565e-001
 8.0570877e-001
 8.0328709e-001
 8.0072421e-001
 7.9803771e-001
 7.9524761e-001
 7.9237491e-001
 7.8944278e-001
 7.8647333e-001
 7.8348839e-001
 7.8050721e-001
 7.7754343e-001
 7.7460617e-001
 7.7169567e-001
 7.6880521e-001
 7.6592004e-001
 7.6301813e-001
 7.6007497e-001
 7.5706393e-001
 7.5396287e-001
 7.5075710e-001
 7.4744117e-001
 7.4402356e-001
 7.4052620e-001
 7.3698169e-001
 7.3343396e-001
 7.2993064e-001
 7.2652131e-001
 7.2325188e-001
 7.2015917e-001
 7.1727091e-001
 7.1460164e-001
 7.1215516e-001
 7.0992565e-001
 7.0789933e-001
 7.0605987e-001
 7.0438981e-001
 7.0287496e-001
 7.0150584e-001
 7.0027840e-001
 6.9919527e-001
 6.9826412e-001
 6.9749707e-001
 6.9690889e-001
 6.9651514e-001
 6.9633126e-001
 6.9637120e-001
 6.9664675e-001
 6.9716758e-001
 6.9794142e-001
 6.9897419e-001
 7.0027059e-001
 7.0183522e-001
 7.0367163e-001
 7.0578456e-001
 7.0817846e-001
 7.1085733e-001
 7.1382540e-001
 7.1708405e-001
 7.2063351e-001
 7.2446918e-001
 7.2858173e-001
 7.3295683e-001
 7.3757166e-001
 7.4240035e-001
 7.4741030e-001
 7.5256473e-001
 7.5782454e-001
 7.6314497e-001
 7.6848060e-001
 7.7378154e-001
 7.7899408e-001
 7.8406298e-001
 7.8892875e-001
 7.9353130e-001
 7.9781443e-001
 8.0172521e-001
 8.0522281e-001
 8.0828023e-001
 8.1089038e-001
 8.1306809e-001
 8.1484765e-001
 8.1659633e-001
 8.1766242e-001
 8.1852067e-001
 8.1924486e-001
 8.1989872e-001
 8.2052988e-001
 8.2116479e-001
 8.2181019e-001
 8.2245880e-001
 8.2309562e-001
 8.2370275e-001
 8.2426155e-001
 8.2475513e-001
 8.2516950e-001
 8.2549572e-001
 8.2573056e-001
 8.2587719e-001
 8.2594466e-001
 8.2594627e-001
 8.2589793e-001
 8.2581693e-001
 8.2572043e-001
 8.2562435e-001
 8.2554168e-001
 8.2548028e-001
 8.2544088e-001
 8.2541621e-001
 8.2539177e-001
 8.2534784e-001
 8.2526171e-001
 8.2510924e-001
 8.2486683e-001
 8.2451296e-001
 8.2403076e-001
 8.2341117e-001
 8.2265592e-001
 8.2177812e-001
 8.2080168e-001
 8.1975824e-001
 8.1868374e-001
 8.1761670e-001
 8.1659466e-001
 8.1565332e-001
 8.1482244e-001
 8.1412202e-001
 8.1355947e-001
 8.1312740e-001
 8.1280565e-001
 8.1256443e-001
 8.1236815e-001
 8.1217885e-001
 8.1195825e-001
 8.1166989e-001
 8.1128210e-001
 8.1077069e-001
 8.1012201e-001
 8.0933386e-001
 8.0841458e-001
 8.0738044e-001
 8.0625170e-001
 8.0505145e-001
 8.0380267e-001
 8.0252814e-001
 8.0124861e-001
 7.9998106e-001
 7.9873836e-001
 7.9752821e-001
 7.9635352e-001
 7.9521412e-001
 7.9410744e-001
 7.9303026e-001
 7.9197872e-001
 7.9094839e-001
 7.8993469e-001
 7.8893173e-001
 7.8793293e-001
 7.8693038e-001
 7.8591484e-001
 7.8487647e-001
 7.8380477e-001
 7.8268933e-001
 7.8152007e-001
 7.8028750e-001
 7.7898479e-001
 7.7760786e-001
 7.7615762e-001
 7.7464026e-001
 7.7306598e-001
 7.7144891e-001
 7.6980519e-001
 7.6815134e-001
 7.6650435e-001
 7.6487976e-001
 7.6329100e-001
 7.6174796e-001
 7.6025438e-001
 7.5880909e-001
 7.5740480e-001
 7.5603092e-001
 7.5467455e-001
 7.5332123e-001
 7.5195742e-001
 7.5057000e-001
 7.4914926e-001
 7.4769014e-001
 7.4619359e-001
 7.4466825e-001
 7.4312842e-001
 7.4159372e-001
 7.4008662e-001
 7.3863000e-001
 7.3724741e-001
 7.3595989e-001
 7.3478514e-001
 7.3373425e-001
 7.3280925e-001
 7.3200268e-001
 7.3129809e-001
 7.3067254e-001
 7.3009932e-001
 7.2954988e-001
 7.2899610e-001
 7.2841156e-001
 7.2777414e-001
 7.2706926e-001
 7.2629207e-001
 7.2544897e-001
 7.2455615e-001
 7.2363716e-001
 7.2271997e-001
 7.2183418e-001
 7.2100937e-001
 7.2027290e-001
 7.1964639e-001
 7.1914291e-001
 7.1876329e-001
 7.1849501e-001
 7.1831328e-001
 7.1818459e-001
 7.1807003e-001
 7.1792853e-001
 7.1771908e-001
 7.1740359e-001
 7.1695006e-001
 7.1633697e-001
 7.1555704e-001
 7.1461850e-001
 7.1354413e-001
 7.1236670e-001
 7.1112555e-001
 7.0986295e-001
 7.0862126e-001
 7.0744187e-001
 7.0636219e-001
 7.0541370e-001
 7.0461953e-001
 7.0399326e-001
 7.0354044e-001
 7.0326012e-001
 7.0314771e-001
 7.0319676e-001
 7.0339954e-001
 7.0374691e-001
 7.0422757e-001
 7.0482659e-001
 7.0552385e-001
 7.0629394e-001
 7.0710629e-001
 7.0792657e-001
 7.0871878e-001
 7.0944542e-001
 7.1007007e-001
 7.1055764e-001
 7.1087748e-001
 7.1100581e-001
 7.1092820e-001
 7.1064055e-001
 7.1014833e-001
 7.0946389e-001
 7.0860350e-001
 7.0758569e-001
 7.0642918e-001
 7.0515251e-001
 7.0377278e-001
 7.0230407e-001
 7.0075774e-001
 6.9914055e-001
 6.9745648e-001
 6.9570690e-001
 6.9389105e-001
 6.9200820e-001
 6.9005799e-001
 6.8804032e-001
 6.8595856e-001
 6.8381941e-001
 6.8163580e-001
 6.7942703e-001
 6.7721719e-001
 6.7503577e-001
 6.7291343e-001
 6.7088294e-001
 6.6897541e-001
 6.6722143e-001
 6.6564572e-001
 6.6426557e-001
 6.6308898e-001
 6.6211146e-001
 6.6131860e-001
 6.6068822e-001
 6.6019410e-001
 6.5980756e-001
 6.5949947e-001
 6.5924215e-001
 6.5901041e-001
 6.5878361e-001
 6.5854782e-001
 6.5829569e-001
 6.5802640e-001
 6.5774363e-001
 6.5745407e-001
 6.5716547e-001
 6.5688580e-001
 6.5662223e-001
 6.5637994e-001
 6.5616071e-001
 6.5596211e-001
 6.5577632e-001
 6.5559113e-001
 6.5539116e-001
 6.5515882e-001
 6.5487587e-001
 6.5452397e-001
 6.5408576e-001
 6.5354604e-001
 6.5289301e-001
 6.5212023e-001
 6.5122610e-001
 6.5021396e-001
 6.4909130e-001
 6.4786720e-001
 6.4655197e-001
 6.4515573e-001
 6.4368975e-001
 6.4216357e-001
 6.4058596e-001
 6.3896549e-001
 6.3730830e-001
 6.3561928e-001
 6.3390362e-001
 6.3216472e-001
 6.3040590e-001
 6.2863165e-001
 6.2684572e-001
 6.2505305e-001
 6.2325966e-001
 6.2147492e-001
 6.1970896e-001
 6.1797410e-001
 6.1628515e-001
 6.1465663e-001
 6.1310327e-001
 6.1164033e-001
 6.1028016e-001
 6.0903168e-001
 6.0789728e-001
 6.0687166e-001
 6.0593915e-001
 6.0507584e-001
 6.0425186e-001
 6.0343337e-001
 6.0258490e-001
 6.0167223e-001
 6.0066390e-001
 5.9953535e-001
 5.9827346e-001
 5.9688163e-001
 5.9537977e-001
 5.9380358e-001
 5.9220135e-001
 5.9062696e-001
 5.8913726e-001
 5.8778971e-001
 5.8663630e-001
 5.8571982e-001
 5.8506793e-001
 5.8468616e-001
 5.8455634e-001
 5.8463895e-001
 5.8487856e-001
 5.8521038e-001
 5.8556533e-001
 5.8587354e-001
 5.8606786e-001
 5.8608711e-001
 5.8588064e-001
 5.8541197e-001
 5.8466035e-001
 5.8361906e-001
 5.8229238e-001
 5.8069044e-001
 5.7882589e-001
 5.7671392e-001
 5.7436818e-001
 5.7180113e-001
 5.6902498e-001
 5.6604767e-001
 5.6287402e-001
 5.5950850e-001
 5.5595136e-001
 5.5220252e-001
 5.4826045e-001
 5.4412693e-001
 5.3980207e-001
 5.3528857e-001
 5.3059679e-001
 5.2574015e-001
 5.2073872e-001
 5.1562214e-001
 5.1042104e-001
 5.0517005e-001
 4.9990365e-001
 4.9466023e-001
 4.8947361e-001
 4.8437575e-001
 4.7939882e-001
 4.7456694e-001
 4.6989921e-001
 4.6541366e-001
 4.6112156e-001
 4.5703226e-001
 4.5315668e-001
 4.4950134e-001
 4.4607109e-001
 4.4286472e-001
 4.3987444e-001
 4.3707827e-001
 4.3444124e-001
 4.3191835e-001
 4.2945397e-001
 4.2698726e-001
 4.2445704e-001
 4.2180061e-001
 4.1895866e-001
 4.1587746e-001
 4.1251618e-001
 4.0884638e-001
 4.0485543e-001
 4.0054804e-001
 3.9593691e-001
 3.9104104e-001
 3.8588664e-001
 3.8049948e-001
 3.7490970e-001
 3.6916015e-001
 3.6330414e-001
 3.5741559e-001
 3.5158843e-001
 3.4594029e-001
 3.4059876e-001
 3.3569995e-001
 3.3138618e-001
 3.2779363e-001
 3.2504898e-001
 3.2325894e-001
 3.2249182e-001
 3.2276723e-001
 3.2405052e-001
 3.2625666e-001
 3.2926515e-001
 3.3293444e-001
 3.3711064e-001
 3.4164131e-001
 3.4638095e-001
 3.5119659e-001
 3.5598570e-001
 3.6068243e-001
 3.6525825e-001
 3.6972478e-001
 3.7411955e-001
 3.7849721e-001
 3.8291639e-001
 3.8743931e-001
 3.9212248e-001
 3.9700538e-001
 4.0210760e-001
 4.0741760e-001
 4.1288516e-001
 4.1843241e-001
 4.2395714e-001
 4.2934459e-001
 4.3447059e-001
 4.3921536e-001
 4.4346625e-001
 4.4712430e-001
 4.5012200e-001
 4.5242944e-001
 4.5405760e-001
 4.5505747e-001
 4.5550764e-001
 4.5550373e-001
 4.5514986e-001
 4.5455378e-001
 4.5382485e-001
 4.5307469e-001
 4.5241690e-001
 4.5196837e-001
 4.5185006e-001
 4.5218566e-001
 4.5310169e-001
 4.5472491e-001
 4.5718139e-001
 4.6059179e-001
 4.6506372e-001
 4.7067258e-001
 4.7744858e-001
 4.8535782e-001
 4.9428824e-001
 5.0406814e-001
 5.1447839e-001
 5.2526391e-001
 5.3616446e-001
 5.4691732e-001
 5.5727357e-001
 5.6700402e-001
 5.7593262e-001
 5.8394456e-001
 5.9098786e-001
 5.9707844e-001
 6.0227704e-001
 6.0666817e-001
 6.1035323e-001
 6.1343670e-001
 6.1601901e-001
 6.1819577e-001
 6.2004888e-001
 6.2164372e-001
 6.2302512e-001
 6.2422198e-001
 6.2525028e-001
 6.2611759e-001
 6.2682849e-001
 6.2738580e-001
 6.2779164e-001
 6.2804830e-001
 6.2815791e-001
 6.2812269e-001
 6.2794471e-001
 6.2762618e-001
 6.2716925e-001
 6.2657630e-001
 6.2584966e-001
 6.2499189e-001
 6.2400728e-001
 6.2290174e-001
 6.2168467e-001
 6.2037128e-001
 6.1898148e-001
 6.1754024e-001
 6.1607599e-001
 6.1462003e-001
 6.1320335e-001
 6.1185598e-001
 6.1060530e-001
 6.0947025e-001
 6.0845739e-001
 6.0755724e-001
 6.0674077e-001
 6.0596240e-001
 6.0516387e-001
 6.0428029e-001
 6.0324329e-001
 6.0198522e-001
 6.0044473e-001
 5.9857166e-001
 5.9633535e-001
 5.9373415e-001
 5.9079462e-001
 5.8757025e-001
 5.8413684e-001
 5.8057976e-001
 5.7699019e-001
 5.7345814e-001
 5.7007086e-001
 5.6690031e-001
 5.6399727e-001
 5.6138557e-001
 5.5905479e-001
 5.5696589e-001
 5.5505991e-001
 5.5326349e-001
 5.5149788e-001
 5.4968220e-001
 5.4773831e-001
 5.4559118e-001
 5.4317325e-001
 5.4042912e-001
 5.3731310e-001
 5.3378975e-001
 5.2983367e-001
 5.2542210e-001
 5.2053499e-001
 5.1515979e-001
 5.0928819e-001
 5.0292838e-001
 4.9611226e-001
 4.8891091e-001
 4.8142865e-001
 4.7380379e-001
 4.6620539e-001
 4.5881197e-001
 4.5180824e-001
 4.4538254e-001
 4.3970829e-001
 4.3493888e-001
 4.3119025e-001
 4.2853123e-001
 4.2697269e-001
 4.2647687e-001
 4.2696956e-001
 4.2835417e-001
 4.3052435e-001
 4.3336862e-001
 4.3677786e-001
 4.4064677e-001
 4.4487852e-001
 4.4938347e-001
 4.5408639e-001
 4.5892256e-001
 4.6383134e-001
 4.6876022e-001
 4.7365898e-001
 4.7847542e-001
 4.8316240e-001
 4.8767546e-001
 4.9197134e-001
 4.9601611e-001
 4.9978143e-001
 5.0324583e-001
 5.0638980e-001
 5.0919920e-001
 5.1166141e-001
 5.1376361e-001
 5.1549834e-001
 5.1686406e-001
 5.1786876e-001
 5.1853585e-001
 5.1890379e-001
 5.1902556e-001
 5.1896471e-001
 5.1879126e-001
 5.1857793e-001
 5.1839644e-001
 5.1831317e-001
 5.1838231e-001
 5.1863760e-001
 5.1908433e-001
 5.1969695e-001
 5.2042210e-001
 5.2118772e-001
 5.2191097e-001
 5.2250469e-001
 5.2288175e-001
 5.2295965e-001
 5.2266425e-001
 5.2193528e-001
 5.2073014e-001
 5.1902556e-001
 5.1681828e-001
 5.1411849e-001
 5.1094604e-001
 5.0732446e-001
 5.0328165e-001
 4.9884322e-001
 4.9403450e-001
 4.8888454e-001
 4.8362258e-001
 4.7923696e-001
 4.7326469e-001
 4.6717224e-001
 4.6102878e-001
 4.5490518e-001
 4.4887087e-001
 4.4299945e-001
 4.3736029e-001
 4.3202409e-001
 4.2706174e-001
 4.2253613e-001
 4.1844985e-001
 4.1476750e-001
 4.1145441e-001
 4.0847531e-001
 4.0579689e-001
 4.0338388e-001
 4.0120158e-001
 3.9921492e-001
 3.9739019e-001
 3.9569229e-001
 3.9408657e-001
 3.9253804e-001
 3.9101276e-001
 3.8947830e-001
 3.8792548e-001
 3.8635752e-001
 3.8477731e-001
 3.8318902e-001
 3.8159549e-001
 3.8000011e-001
 3.7840578e-001
 3.7681657e-001
 3.7523547e-001
 3.7366572e-001
 3.7211034e-001
 3.7057334e-001
 3.6905769e-001
 3.6756670e-001
 3.6610371e-001
 3.6467165e-001
 3.6327454e-001
 3.6191523e-001
 3.6059582e-001
 3.5931748e-001
 3.5808229e-001
 3.5689145e-001
 3.5574648e-001
 3.5464850e-001
 3.5359970e-001
 3.5260111e-001
 3.5165435e-001
 3.5076085e-001
 3.4992191e-001
 3.4913939e-001
 3.4841463e-001
 3.4774908e-001
 3.4714416e-001
 3.4660152e-001
 3.4612259e-001
 3.4570879e-001
 3.4536162e-001
 3.4508267e-001
 3.4487337e-001
 3.4473458e-001
 3.4466225e-001
 3.4464985e-001
 3.4469077e-001
 3.4477833e-001
 3.4490600e-001
 3.4506711e-001
 3.4525508e-001
 3.4546328e-001
 3.4568509e-001
 3.4591398e-001
 3.4614325e-001
 3.4636629e-001
 3.4657651e-001
 3.4676740e-001
 3.4693217e-001
 3.4706432e-001
 3.4715724e-001
 3.4720427e-001
 3.4719884e-001
 3.4713432e-001
 3.4700415e-001
 3.4680167e-001
 3.4652022e-001
 3.4615329e-001
 3.4569424e-001
 3.4513730e-001
 3.4448373e-001
 3.4373870e-001
 3.4290698e-001
 3.4199345e-001
 3.4100309e-001
 3.3994046e-001
 3.3881107e-001
 3.3761954e-001
 3.3637077e-001
 3.3506939e-001
 3.3372095e-001
 3.3232999e-001
 3.3090147e-001
 3.2943994e-001
 3.2795101e-001
 3.2643929e-001
 3.2490960e-001
 3.2336658e-001
 3.2181582e-001
 3.2026187e-001
 3.1870967e-001
 3.1716409e-001
 3.1562975e-001
 3.1411219e-001
 3.1261608e-001
 3.1114620e-001
 3.0970722e-001
 3.0830470e-001
 3.0694324e-001
 3.0562744e-001
 3.0435947e-001
 3.0314133e-001
 3.0197403e-001
