s07_ASD Record=12377: Alun0.3+Musc0.4+Pyro0.3 AMX1  BECKa AREF
 4.5255038e-001
 4.5399618e-001
 4.5544693e-001
 4.5689848e-001
 4.5834628e-001
 4.5978713e-001
 4.6122018e-001
 4.6264654e-001
 4.6406874e-001
 4.6548966e-001
 4.6691260e-001
 4.6834093e-001
 4.6977881e-001
 4.7123176e-001
 4.7270662e-001
 4.7421160e-001
 4.7575393e-001
 4.7733873e-001
 4.7896695e-001
 4.8063508e-001
 4.8233497e-001
 4.8405549e-001
 4.8578557e-001
 4.8751622e-001
 4.8924160e-001
 4.9095741e-001
 4.9265948e-001
 4.9434212e-001
 4.9599940e-001
 4.9762896e-001
 4.9923399e-001
 5.0082266e-001
 5.0240463e-001
 5.0398946e-001
 5.0558484e-001
 5.0719368e-001
 5.0881511e-001
 5.1044655e-001
 5.1208609e-001
 5.1373255e-001
 5.1538581e-001
 5.1704550e-001
 5.1871091e-001
 5.2037996e-001
 5.2204710e-001
 5.2370232e-001
 5.2533084e-001
 5.2691674e-001
 5.2844560e-001
 5.2990890e-001
 5.3130460e-001
 5.3263760e-001
 5.3391761e-001
 5.3515685e-001
 5.3636670e-001
 5.3755546e-001
 5.3872722e-001
 5.3988189e-001
 5.4101467e-001
 5.4211098e-001
 5.4314756e-001
 5.4412550e-001
 5.4505026e-001
 5.4592341e-001
 5.4675889e-001
 5.4759204e-001
 5.4845160e-001
 5.4934889e-001
 5.5028242e-001
 5.5124032e-001
 5.5220729e-001
 5.5317247e-001
 5.5413288e-001
 5.5509108e-001
 5.5605185e-001
 5.5701846e-001
 5.5799049e-001
 5.5896080e-001
 5.5991381e-001
 5.6082624e-001
 5.6167489e-001
 5.6244814e-001
 5.6315660e-001
 5.6383365e-001
 5.6452405e-001
 5.6526512e-001
 5.6607097e-001
 5.6692845e-001
 5.6780553e-001
 5.6866765e-001
 5.6949246e-001
 5.7027811e-001
 5.7104146e-001
 5.7180870e-001
 5.7260245e-001
 5.7343131e-001
 5.7428521e-001
 5.7514018e-001
 5.7597256e-001
 5.7677239e-001
 5.7754767e-001
 5.7831520e-001
 5.7908666e-001
 5.7986039e-001
 5.8062285e-001
 5.8135867e-001
 5.8205980e-001
 5.8272481e-001
 5.8335030e-001
 5.8392555e-001
 5.8443910e-001
 5.8489031e-001
 5.8529580e-001
 5.8568019e-001
 5.8605987e-001
 5.8643448e-001
 5.8679402e-001
 5.8713138e-001
 5.8744603e-001
 5.8773816e-001
 5.8800524e-001
 5.8824730e-001
 5.8847594e-001
 5.8871901e-001
 5.8901846e-001
 5.8942032e-001
 5.8995634e-001
 5.9062326e-001
 5.9137428e-001
 5.9213793e-001
 5.9285617e-001
 5.9351522e-001
 5.9414434e-001
 5.9478635e-001
 5.9546429e-001
 5.9616899e-001
 5.9686941e-001
 5.9753305e-001
 5.9814066e-001
 5.9868920e-001
 5.9918320e-001
 5.9962064e-001
 5.9998292e-001
 6.0023636e-001
 6.0034907e-001
 6.0031593e-001
 6.0017264e-001
 5.9998202e-001
 5.9979540e-001
 5.9961939e-001
 5.9941715e-001
 5.9914386e-001
 5.9878558e-001
 5.9837365e-001
 5.9797066e-001
 5.9764105e-001
 5.9742486e-001
 5.9732711e-001
 5.9732765e-001
 5.9740019e-001
 5.9752446e-001
 5.9768605e-001
 5.9787345e-001
 5.9808052e-001
 5.9831101e-001
 5.9857208e-001
 5.9885925e-001
 5.9915096e-001
 5.9942210e-001
 5.9966481e-001
 5.9989160e-001
 6.0012239e-001
 6.0036975e-001
 6.0063142e-001
 6.0088736e-001
 6.0111070e-001
 6.0129422e-001
 6.0146236e-001
 6.0164589e-001
 6.0184896e-001
 6.0205626e-001
 6.0226494e-001
 6.0248846e-001
 6.0272878e-001
 6.0296601e-001
 6.0318232e-001
 6.0338241e-001
 6.0358804e-001
 6.0381854e-001
 6.0407418e-001
 6.0432816e-001
 6.0454047e-001
 6.0469711e-001
 6.0483146e-001
 6.0499352e-001
 6.0520369e-001
 6.0545301e-001
 6.0572898e-001
 6.0600960e-001
 6.0624510e-001
 6.0639060e-001
 6.0646445e-001
 6.0654390e-001
 6.0669512e-001
 6.0692334e-001
 6.0718542e-001
 6.0742760e-001
 6.0761708e-001
 6.0776782e-001
 6.0794055e-001
 6.0819358e-001
 6.0851651e-001
 6.0882223e-001
 6.0901803e-001
 6.0909325e-001
 6.0913527e-001
 6.0925335e-001
 6.0948145e-001
 6.0975748e-001
 6.0999066e-001
 6.1014545e-001
 6.1026442e-001
 6.1042428e-001
 6.1067539e-001
 6.1102009e-001
 6.1142939e-001
 6.1186528e-001
 6.1229903e-001
 6.1273092e-001
 6.1318791e-001
 6.1368155e-001
 6.1417085e-001
 6.1459261e-001
 6.1493087e-001
 6.1523765e-001
 6.1558098e-001
 6.1598647e-001
 6.1644149e-001
 6.1694896e-001
 6.1753911e-001
 6.1819398e-001
 6.1879700e-001
 6.1922908e-001
 6.1951017e-001
 6.1978441e-001
 6.2017196e-001
 6.2068188e-001
 6.2124747e-001
 6.2178636e-001
 6.2224919e-001
 6.2266850e-001
 6.2314063e-001
 6.2371475e-001
 6.2432331e-001
 6.2486434e-001
 6.2533426e-001
 6.2580943e-001
 6.2630957e-001
 6.2676990e-001
 6.2717313e-001
 6.2761277e-001
 6.2815052e-001
 6.2868917e-001
 6.2910032e-001
 6.2942111e-001
 6.2978852e-001
 6.3023877e-001
 6.3070410e-001
 6.3114476e-001
 6.3157260e-001
 6.3199562e-001
 6.3243836e-001
 6.3296127e-001
 6.3356340e-001
 6.3413882e-001
 6.3461918e-001
 6.3506359e-001
 6.3554800e-001
 6.3605809e-001
 6.3653278e-001
 6.3693750e-001
 6.3725960e-001
 6.3750339e-001
 6.3773948e-001
 6.3807756e-001
 6.3852996e-001
 6.3899177e-001
 6.3939512e-001
 6.3979757e-001
 6.4027262e-001
 6.4078563e-001
 6.4122403e-001
 6.4152271e-001
 6.4173472e-001
 6.4196509e-001
 6.4224762e-001
 6.4254779e-001
 6.4288545e-001
 6.4334518e-001
 6.4393085e-001
 6.4452755e-001
 6.4505106e-001
 6.4551890e-001
 6.4593881e-001
 6.4625645e-001
 6.4646739e-001
 6.4666408e-001
 6.4691663e-001
 6.4719623e-001
 6.4745623e-001
 6.4771312e-001
 6.4801306e-001
 6.4837468e-001
 6.4879417e-001
 6.4927697e-001
 6.4983308e-001
 6.5042847e-001
 6.5095460e-001
 6.5127403e-001
 6.5134257e-001
 6.5128958e-001
 6.5132380e-001
 6.5157038e-001
 6.5202075e-001
 6.5257967e-001
 6.5311575e-001
 6.5351081e-001
 6.5372694e-001
 6.5384686e-001
 6.5402144e-001
 6.5434670e-001
 6.5478182e-001
 6.5519202e-001
 6.5547794e-001
 6.5566605e-001
 6.5587634e-001
 6.5620607e-001
 6.5664762e-001
 6.5710902e-001
 6.5750277e-001
 6.5781057e-001
 6.5807348e-001
 6.5833521e-001
 6.5860105e-001
 6.5884626e-001
 6.5905553e-001
 6.5925264e-001
 6.5949285e-001
 6.5983117e-001
 6.6029239e-001
 6.6084051e-001
 6.6134858e-001
 6.6161621e-001
 6.6154492e-001
 6.6135180e-001
 6.6133237e-001
 6.6158438e-001
 6.6201013e-001
 6.6245347e-001
 6.6283333e-001
 6.6316301e-001
 6.6344744e-001
 6.6364294e-001
 6.6379863e-001
 6.6409826e-001
 6.6459101e-001
 6.6501868e-001
 6.6509992e-001
 6.6486508e-001
 6.6459483e-001
 6.6454959e-001
 6.6478813e-001
 6.6516858e-001
 6.6551799e-001
 6.6578513e-001
 6.6602254e-001
 6.6628867e-001
 6.6658747e-001
 6.6685164e-001
 6.6696221e-001
 6.6684544e-001
 6.6663140e-001
 6.6664034e-001
 6.6706365e-001
 6.6773576e-001
 6.6833901e-001
 6.6871232e-001
 6.6888535e-001
 6.6894466e-001
 6.6894019e-001
 6.6889966e-001
 6.6891021e-001
 6.6908395e-001
 6.6935074e-001
 6.6943753e-001
 6.6926211e-001
 6.6912156e-001
 6.6923046e-001
 6.6944671e-001
 6.6933477e-001
 6.6885132e-001
 6.6863334e-001
 6.6902500e-001
 6.6966212e-001
 6.7009175e-001
 6.7016089e-001
 6.6997719e-001
 6.6971534e-001
 6.6948783e-001
 6.6933113e-001
 6.6925424e-001
 6.6925955e-001
 6.6934502e-001
 6.6949672e-001
 6.6967154e-001
 6.6980058e-001
 6.6982681e-001
 6.6975230e-001
 6.6963577e-001
 6.6953933e-001
 6.6948181e-001
 6.6943741e-001
 6.6937453e-001
 6.6929168e-001
 6.6921604e-001
 6.6917574e-001
 6.6918343e-001
 6.6923475e-001
 6.6931438e-001
 6.6938198e-001
 6.6941774e-001
 6.6936046e-001
 6.6917735e-001
 6.6892886e-001
 6.6871274e-001
 6.6862690e-001
 6.6874707e-001
 6.6900343e-001
 6.6926724e-001
 6.6940993e-001
 6.6932487e-001
 6.6905159e-001
 6.6868871e-001
 6.6833496e-001
 6.6807586e-001
 6.6790670e-001
 6.6778684e-001
 6.6767538e-001
 6.6753733e-001
 6.6737592e-001
 6.6718358e-001
 6.6703701e-001
 6.6692698e-001
 6.6685456e-001
 6.6680336e-001
 6.6675651e-001
 6.6669708e-001
 6.6660869e-001
 6.6649258e-001
 6.6636693e-001
 6.6625071e-001
 6.6616285e-001
 6.6612113e-001
 6.6611785e-001
 6.6611981e-001
 6.6609305e-001
 6.6600317e-001
 6.6581756e-001
 6.6553330e-001
 6.6517717e-001
 6.6477674e-001
 6.6436005e-001
 6.6395497e-001
 6.6358411e-001
 6.6325098e-001
 6.6295403e-001
 6.6269189e-001
-1.2300000e+034
-1.2300000e+034
 6.6210002e-001
 6.6196287e-001
 6.6185337e-001
 6.6177016e-001
 6.6171169e-001
-1.2300000e+034
-1.2300000e+034
 6.6167116e-001
 6.6169775e-001
 6.6174209e-001
 6.6180265e-001
 6.6187817e-001
 6.6196704e-001
-1.2300000e+034
-1.2300000e+034
 6.6230005e-001
 6.6242844e-001
 6.6256315e-001
 6.6270262e-001
 6.6284567e-001
 6.6299075e-001
 6.6313630e-001
 6.6328120e-001
 6.6342288e-001
 6.6355652e-001
 6.6367579e-001
 6.6377497e-001
 6.6384810e-001
 6.6388905e-001
 6.6389227e-001
 6.6385168e-001
 6.6376334e-001
 6.6363192e-001
 6.6346353e-001
 6.6326457e-001
 6.6304117e-001
 6.6279966e-001
 6.6254622e-001
 6.6228735e-001
 6.6202909e-001
 6.6177785e-001
 6.6153973e-001
 6.6132122e-001
 6.6112709e-001
 6.6095775e-001
 6.6081238e-001
 6.6069025e-001
 6.6059053e-001
 6.6051239e-001
 6.6045523e-001
 6.6041803e-001
 6.6040021e-001
 6.6040087e-001
-1.2300000e+034
-1.2300000e+034
 6.6050649e-001
 6.6057348e-001
 6.6065526e-001
 6.6075087e-001
 6.6085947e-001
 6.6098052e-001
 6.6111308e-001
 6.6125631e-001
 6.6140956e-001
 6.6157204e-001
 6.6174299e-001
 6.6192043e-001
 6.6209882e-001
 6.6227150e-001
 6.6243213e-001
 6.6257411e-001
 6.6269100e-001
 6.6277611e-001
 6.6282314e-001
 6.6282541e-001
 6.6277653e-001
 6.6267312e-001
 6.6252285e-001
 6.6233557e-001
 6.6212147e-001
 6.6189033e-001
 6.6165239e-001
 6.6141742e-001
 6.6119558e-001
 6.6099679e-001
 6.6083109e-001
 6.6070616e-001
 6.6062200e-001
 6.6057688e-001
 6.6056925e-001
 6.6059721e-001
 6.6065931e-001
 6.6075361e-001
 6.6087872e-001
 6.6103268e-001
 6.6121387e-001
 6.6142017e-001
 6.6164726e-001
 6.6189051e-001
 6.6214550e-001
 6.6240734e-001
 6.6267180e-001
 6.6293401e-001
 6.6318953e-001
 6.6343361e-001
 6.6365933e-001
 6.6385162e-001
 6.6399366e-001
 6.6406888e-001
 6.6406024e-001
 6.6395128e-001
 6.6372514e-001
 6.6336513e-001
 6.6286403e-001
 6.6224593e-001
 6.6154200e-001
 6.6078269e-001
 6.5999895e-001
 6.5922147e-001
 6.5848118e-001
 6.5780872e-001
 6.5723127e-001
 6.5676451e-001
 6.5642142e-001
 6.5621543e-001
 6.5615952e-001
 6.5626687e-001
 6.5655082e-001
 6.5702438e-001
 6.5768689e-001
 6.5849239e-001
 6.5938610e-001
 6.6024590e-001
 6.6112864e-001
 6.6192847e-001
 6.6260457e-001
 6.6314447e-001
 6.6355830e-001
 6.6387105e-001
 6.6411471e-001
 6.6432315e-001
 6.6452670e-001
 6.6474569e-001
 6.6498619e-001
 6.6524380e-001
 6.6550964e-001
 6.6577464e-001
 6.6603237e-001
 6.6628146e-001
 6.6652632e-001
 6.6677576e-001
 6.6704053e-001
 6.6732991e-001
 6.6764820e-001
 6.6799027e-001
 6.6834033e-001
 6.6867417e-001
 6.6896433e-001
 6.6918534e-001
 6.6932034e-001
 6.6936731e-001
 6.6934037e-001
 6.6926682e-001
 6.6918039e-001
 6.6911411e-001
 6.6909349e-001
 6.6913152e-001
 6.6922694e-001
 6.6936684e-001
 6.6953158e-001
 6.6970009e-001
 6.6985399e-001
 6.6982120e-001
 6.6988343e-001
 6.6992885e-001
 6.6995502e-001
 6.6996121e-001
 6.6994816e-001
 6.6991782e-001
 6.6987371e-001
 6.6982025e-001
 6.6976321e-001
 6.6970921e-001
 6.6966558e-001
 6.6963959e-001
 6.6963762e-001
 6.6966444e-001
 6.6972226e-001
 6.6981024e-001
 6.6992491e-001
 6.7006004e-001
 6.7020792e-001
 6.7036027e-001
 6.7050922e-001
 6.7064828e-001
 6.7077273e-001
 6.7087978e-001
 6.7096847e-001
 6.7103940e-001
 6.7109460e-001
 6.7113650e-001
 6.7116749e-001
 6.7118949e-001
 6.7120379e-001
 6.7121106e-001
 6.7121208e-001
 6.7120779e-001
 6.7119998e-001
 6.7119104e-001
 6.7118418e-001
 6.7118293e-001
 6.7119050e-001
 6.7120945e-001
 6.7124104e-001
 6.7128509e-001
 6.7134017e-001
 6.7140365e-001
 6.7147243e-001
 6.7154372e-001
 6.7161530e-001
 6.7168617e-001
 6.7175627e-001
 6.7182624e-001
 6.7189682e-001
 6.7196798e-001
 6.7203838e-001
 6.7210525e-001
 6.7216456e-001
 6.7221165e-001
 6.7224222e-001
 6.7225355e-001
 6.7224520e-001
 6.7221951e-001
 6.7218161e-001
 6.7213869e-001
 6.7209911e-001
 6.7207086e-001
 6.7206067e-001
 6.7207259e-001
 6.7210752e-001
 6.7216331e-001
 6.7223501e-001
 6.7231607e-001
 6.7239928e-001
 6.7247820e-001
 6.7254812e-001
 6.7260689e-001
 6.7265469e-001
 6.7269415e-001
 6.7272913e-001
 6.7276418e-001
 6.7280346e-001
 6.7285001e-001
 6.7290521e-001
 6.7296886e-001
 6.7303920e-001
 6.7311329e-001
 6.7318749e-001
 6.7325795e-001
 6.7332137e-001
 6.7337501e-001
 6.7341757e-001
 6.7344940e-001
 6.7347246e-001
 6.7349046e-001
 6.7350835e-001
 6.7353183e-001
 6.7356616e-001
 6.7361557e-001
 6.7368227e-001
 6.7376608e-001
 6.7386448e-001
 6.7397320e-001
 6.7408723e-001
 6.7420167e-001
 6.7431301e-001
 6.7441928e-001
 6.7452013e-001
 6.7461628e-001
 6.7470878e-001
 6.7479825e-001
 6.7488432e-001
 6.7496574e-001
 6.7504078e-001
 6.7510813e-001
 6.7516732e-001
 6.7521948e-001
 6.7526704e-001
 6.7531347e-001
 6.7536235e-001
 6.7541647e-001
 6.7547774e-001
 6.7554665e-001
 6.7562282e-001
 6.7570543e-001
 6.7579389e-001
 6.7588800e-001
 6.7598766e-001
 6.7609251e-001
 6.7620116e-001
 6.7631066e-001
 6.7641646e-001
 6.7651296e-001
 6.7659456e-001
 6.7665702e-001
 6.7669886e-001
 6.7672187e-001
 6.7673117e-001
 6.7673469e-001
 6.7674130e-001
 6.7675978e-001
 6.7679721e-001
 6.7685831e-001
 6.7694485e-001
 6.7705655e-001
 6.7719120e-001
 6.7734551e-001
 6.7751569e-001
 6.7769736e-001
 6.7788571e-001
 6.7807502e-001
 6.7825878e-001
 6.7842990e-001
 6.7858130e-001
 6.7870688e-001
 6.7880225e-001
 6.7886573e-001
 6.7889863e-001
 6.7890543e-001
 6.7889309e-001
 6.7887038e-001
 6.7884678e-001
 6.7883134e-001
 6.7883176e-001
 6.7885363e-001
 6.7889988e-001
 6.7897069e-001
 6.7906332e-001
 6.7917258e-001
 6.7929119e-001
 6.7941087e-001
 6.7952287e-001
 6.7961943e-001
 6.7969471e-001
 6.7974561e-001
 6.7977268e-001
 6.7977965e-001
 6.7977375e-001
 6.7976439e-001
 6.7976201e-001
 6.7977697e-001
 6.7981815e-001
 6.7989171e-001
 6.8000066e-001
 6.8014443e-001
 6.8031931e-001
 6.8051869e-001
 6.8073398e-001
 6.8095559e-001
 6.8117398e-001
 6.8138057e-001
 6.8156838e-001
 6.8173301e-001
 6.8187255e-001
 6.8198782e-001
 6.8208188e-001
 6.8215936e-001
 6.8222564e-001
 6.8228579e-001
 6.8234366e-001
 6.8240148e-001
 6.8245947e-001
 6.8251610e-001
 6.8256897e-001
 6.8261540e-001
 6.8265337e-001
 6.8268245e-001
 6.8270415e-001
 6.8272167e-001
 6.8273979e-001
 6.8276370e-001
 6.8279850e-001
 6.8284798e-001
 6.8291402e-001
 6.8299621e-001
 6.8309188e-001
 6.8319625e-001
 6.8330312e-001
 6.8340558e-001
 6.8349677e-001
 6.8357021e-001
 6.8362039e-001
 6.8364269e-001
 6.8363369e-001
 6.8359113e-001
 6.8351418e-001
 6.8340409e-001
 6.8326455e-001
 6.8310297e-001
 6.8293041e-001
 6.8276191e-001
 6.8261552e-001
 6.8251085e-001
 6.8246669e-001
 6.8249846e-001
 6.8261606e-001
 6.8282169e-001
 6.8310934e-001
 6.8346524e-001
 6.8386918e-001
 6.8429756e-001
 6.8472642e-001
 6.8513441e-001
 6.8550569e-001
 6.8583190e-001
 6.8611240e-001
 6.8635392e-001
 6.8656868e-001
 6.8677151e-001
 6.8697739e-001
 6.8719816e-001
 6.8744129e-001
 6.8770832e-001
 6.8799549e-001
 6.8829501e-001
 6.8859631e-001
 6.8888807e-001
 6.8915969e-001
 6.8940222e-001
 6.8960947e-001
 6.8977821e-001
 6.8990815e-001
 6.9000185e-001
 6.9006437e-001
 6.9010234e-001
 6.9012344e-001
 6.9013572e-001
 6.9014668e-001
 6.9016331e-001
 6.9019121e-001
 6.9023496e-001
 6.9029790e-001
 6.9038260e-001
 6.9049090e-001
 6.9062448e-001
 6.9078505e-001
 6.9097471e-001
 6.9119644e-001
 6.9145417e-001
 6.9175285e-001
 6.9209826e-001
 6.9249678e-001
 6.9295502e-001
 6.9347912e-001
 6.9407451e-001
 6.9474494e-001
 6.9549233e-001
 6.9631648e-001
 6.9721437e-001
 6.9818079e-001
 6.9920802e-001
 7.0028609e-001
 7.0140380e-001
 7.0254868e-001
 7.0370805e-001
 7.0487028e-001
 7.0602471e-001
 7.0716381e-001
 7.0828235e-001
 7.0937878e-001
 7.1045488e-001
 7.1151477e-001
 7.1256453e-001
 7.1361011e-001
 7.1465594e-001
 7.1570396e-001
 7.1675164e-001
 7.1779221e-001
 7.1881407e-001
 7.1980202e-001
 7.2073931e-001
 7.2160864e-001
 7.2239584e-001
 7.2309065e-001
 7.2368896e-001
 7.2419369e-001
 7.2461420e-001
 7.2496510e-001
 7.2526455e-001
 7.2553158e-001
 7.2578394e-001
 7.2603595e-001
 7.2629738e-001
 7.2657341e-001
 7.2686476e-001
 7.2716904e-001
 7.2748244e-001
 7.2780097e-001
 7.2812200e-001
 7.2844517e-001
 7.2877270e-001
 7.2910935e-001
 7.2946179e-001
 7.2983801e-001
 7.3024559e-001
 7.3069066e-001
 7.3117638e-001
 7.3170179e-001
 7.3226100e-001
 7.3284328e-001
 7.3343331e-001
 7.3401344e-001
 7.3456502e-001
 7.3507142e-001
 7.3551953e-001
 7.3590153e-001
 7.3621500e-001
 7.3646182e-001
 7.3664653e-001
 7.3677361e-001
 7.3684537e-001
 7.3686022e-001
 7.3681253e-001
 7.3669356e-001
 7.3649365e-001
 7.3620528e-001
 7.3582542e-001
 7.3535854e-001
 7.3481673e-001
 7.3422027e-001
 7.3359495e-001
 7.3296934e-001
 7.3237103e-001
 7.3182243e-001
 7.3133785e-001
 7.3092127e-001
 7.3056519e-001
 7.3025239e-001
 7.2995746e-001
 7.2965026e-001
 7.2929931e-001
 7.2887421e-001
 7.2834802e-001
 7.2769743e-001
 7.2690147e-001
 7.2594035e-001
 7.2479093e-001
 7.2342390e-001
 7.2179937e-001
 7.1986282e-001
 7.1754348e-001
 7.1475232e-001
 7.1138591e-001
 7.0733291e-001
 7.0248353e-001
 6.9674957e-001
 6.9007915e-001
 6.8248194e-001
 6.7404473e-001
 6.6493797e-001
 6.5541977e-001
 6.4581847e-001
 6.3650036e-001
 6.2783998e-001
 6.2017000e-001
 6.1375076e-001
 6.0873878e-001
 6.0517365e-001
 6.0298562e-001
 6.0201132e-001
 6.0202503e-001
 6.0277116e-001
 6.0399717e-001
 6.0547906e-001
 6.0704029e-001
 6.0855967e-001
 6.0997295e-001
 6.1126864e-001
 6.1247802e-001
 6.1366576e-001
 6.1491710e-001
 6.1632681e-001
 6.1798823e-001
 6.1998224e-001
 6.2237012e-001
 6.2518585e-001
 6.2843293e-001
 6.3208544e-001
 6.3608837e-001
 6.4036435e-001
 6.4482260e-001
 6.4936477e-001
 6.5389758e-001
 6.5833700e-001
 6.6261631e-001
 6.6669077e-001
 6.7053521e-001
 6.7414618e-001
 6.7753482e-001
 6.8072325e-001
 6.8374026e-001
 6.8661320e-001
 6.8936706e-001
 6.9201910e-001
 6.9457889e-001
 6.9704938e-001
 6.9942588e-001
 7.0170027e-001
 7.0386106e-001
 7.0589584e-001
 7.0779383e-001
 7.0954525e-001
 7.1114302e-001
 7.1258354e-001
 7.1386576e-001
 7.1499193e-001
 7.1596688e-001
 7.1679771e-001
 7.1749389e-001
 7.1806628e-001
 7.1852714e-001
 7.1888971e-001
 7.1916771e-001
 7.1937513e-001
 7.1952581e-001
 7.1963304e-001
 7.1970904e-001
 7.1976459e-001
 7.1980876e-001
 7.1984828e-001
 7.1988767e-001
 7.1992922e-001
 7.1997291e-001
 7.2001708e-001
 7.2005844e-001
 7.2009265e-001
 7.2011483e-001
 7.2011942e-001
 7.2010100e-001
 7.2005445e-001
 7.1997541e-001
 7.1986091e-001
 7.1971017e-001
 7.1952504e-001
 7.1931040e-001
 7.1907449e-001
 7.1882784e-001
 7.1858275e-001
 7.1835184e-001
 7.1814698e-001
 7.1797836e-001
 7.1785378e-001
 7.1777940e-001
 7.1775997e-001
 7.1780032e-001
 7.1790582e-001
 7.1808302e-001
 7.1833903e-001
 7.1868050e-001
 7.1911180e-001
 7.1963316e-001
 7.2023940e-001
 7.2091860e-001
 7.2165251e-001
 7.2241807e-001
 7.2318929e-001
 7.2394055e-001
 7.2464919e-001
 7.2529840e-001
 7.2587955e-001
 7.2639209e-001
 7.2684360e-001
 7.2724766e-001
 7.2762114e-001
 7.2798139e-001
 7.2834283e-001
 7.2871560e-001
 7.2910386e-001
 7.2950637e-001
 7.2991776e-001
 7.3033023e-001
 7.3073590e-001
 7.3112845e-001
 7.3150444e-001
 7.3186380e-001
 7.3220909e-001
 7.3254460e-001
 7.3287511e-001
 7.3320401e-001
 7.3353243e-001
 7.3385811e-001
 7.3417568e-001
 7.3447776e-001
 7.3475569e-001
 7.3500174e-001
 7.3520964e-001
 7.3537529e-001
 7.3549777e-001
 7.3557991e-001
 7.3562825e-001
 7.3565298e-001
 7.3566693e-001
 7.3568380e-001
 7.3571706e-001
 7.3577803e-001
 7.3587483e-001
 7.3601151e-001
 7.3618758e-001
 7.3639876e-001
 7.3663783e-001
 7.3689580e-001
 7.3716277e-001
 7.3742902e-001
 7.3768586e-001
 7.3792613e-001
 7.3814511e-001
 7.3834068e-001
 7.3851383e-001
 7.3866820e-001
 7.3880982e-001
 7.3894638e-001
 7.3908573e-001
 7.3923540e-001
 7.3940116e-001
 7.3958623e-001
 7.3979127e-001
 7.4001431e-001
 7.4025154e-001
 7.4049789e-001
 7.4074805e-001
 7.4099684e-001
 7.4123996e-001
 7.4147403e-001
 7.4169707e-001
 7.4190819e-001
 7.4210799e-001
 7.4229759e-001
 7.4247873e-001
 7.4265319e-001
 7.4282247e-001
 7.4298769e-001
 7.4314958e-001
 7.4330831e-001
 7.4346381e-001
 7.4361581e-001
 7.4376416e-001
 7.4390870e-001
 7.4404973e-001
 7.4418777e-001
 7.4432385e-001
 7.4445921e-001
 7.4459553e-001
 7.4473429e-001
 7.4487704e-001
 7.4502480e-001
 7.4517804e-001
 7.4533635e-001
 7.4549842e-001
 7.4566233e-001
 7.4582565e-001
 7.4598581e-001
 7.4614048e-001
 7.4628806e-001
 7.4642801e-001
 7.4656081e-001
 7.4668789e-001
 7.4681175e-001
 7.4693513e-001
 7.4706089e-001
 7.4719137e-001
 7.4732816e-001
 7.4747157e-001
 7.4762112e-001
 7.4777514e-001
 7.4793148e-001
 7.4808770e-001
 7.4824166e-001
 7.4839151e-001
 7.4853647e-001
 7.4867618e-001
 7.4881113e-001
 7.4894214e-001
 7.4906993e-001
 7.4919516e-001
 7.4931759e-001
 7.4943644e-001
 7.4955016e-001
 7.4965674e-001
 7.4975389e-001
 7.4983960e-001
 7.4991250e-001
 7.4997211e-001
 7.5001919e-001
 7.5005561e-001
 7.5008446e-001
 7.5010955e-001
 7.5013530e-001
 7.5016612e-001
 7.5020599e-001
 7.5025856e-001
 7.5032622e-001
 7.5041050e-001
 7.5051159e-001
 7.5062835e-001
 7.5075859e-001
 7.5089890e-001
 7.5104517e-001
 7.5119263e-001
 7.5133675e-001
 7.5147349e-001
 7.5160003e-001
 7.5171500e-001
 7.5181919e-001
 7.5191516e-001
 7.5200701e-001
 7.5209975e-001
 7.5219846e-001
 7.5230724e-001
 7.5242823e-001
 7.5256121e-001
 7.5270301e-001
 7.5284815e-001
 7.5298911e-001
 7.5311792e-001
 7.5322706e-001
 7.5331104e-001
 7.5336760e-001
 7.5339770e-001
 7.5340575e-001
 7.5339830e-001
 7.5338280e-001
 7.5336635e-001
 7.5335419e-001
 7.5334895e-001
 7.5335020e-001
 7.5335431e-001
 7.5335503e-001
 7.5334424e-001
 7.5331378e-001
 7.5325722e-001
 7.5317156e-001
 7.5305873e-001
 7.5292647e-001
 7.5278765e-001
 7.5265920e-001
 7.5255978e-001
 7.5250703e-001
 7.5251472e-001
 7.5259048e-001
 7.5273424e-001
 7.5293905e-001
 7.5319183e-001
 7.5347620e-001
 7.5377405e-001
 7.5406837e-001
 7.5434476e-001
 7.5459242e-001
 7.5480491e-001
 7.5497997e-001
 7.5511926e-001
 7.5522727e-001
 7.5531048e-001
 7.5537610e-001
 7.5543129e-001
 7.5548208e-001
 7.5553322e-001
 7.5558764e-001
 7.5564688e-001
 7.5571090e-001
 7.5577861e-001
 7.5584787e-001
 7.5591600e-001
 7.5597972e-001
 7.5603569e-001
 7.5608033e-001
 7.5611031e-001
 7.5612253e-001
 7.5611472e-001
 7.5608528e-001
 7.5603378e-001
 7.5596100e-001
 7.5586879e-001
 7.5576019e-001
 7.5563872e-001
 7.5550854e-001
 7.5537360e-001
 7.5523722e-001
 7.5510192e-001
 7.5496900e-001
 7.5483853e-001
 7.5470954e-001
 7.5457996e-001
 7.5444752e-001
 7.5430977e-001
 7.5416499e-001
 7.5401217e-001
 7.5385147e-001
 7.5368434e-001
 7.5351322e-001
 7.5334114e-001
 7.5317156e-001
 7.5300741e-001
 7.5285059e-001
 7.5270164e-001
 7.5255924e-001
 7.5242025e-001
 7.5227994e-001
 7.5213271e-001
 7.5197238e-001
 7.5179368e-001
 7.5159252e-001
 7.5136709e-001
 7.5111842e-001
 7.5085020e-001
 7.5056857e-001
 7.5028187e-001
 7.4999934e-001
 7.4973023e-001
 7.4948293e-001
 7.4926364e-001
 7.4907625e-001
 7.4892175e-001
 7.4879837e-001
 7.4870193e-001
 7.4862671e-001
 7.4856591e-001
 7.4851263e-001
 7.4846065e-001
 7.4840462e-001
 7.4834073e-001
 7.4826688e-001
 7.4818242e-001
 7.4808866e-001
 7.4798828e-001
 7.4788564e-001
 7.4778664e-001
 7.4769849e-001
 7.4762940e-001
 7.4758852e-001
 7.4758518e-001
 7.4762827e-001
 7.4772549e-001
 7.4788278e-001
 7.4810356e-001
 7.4838835e-001
 7.4873471e-001
 7.4913716e-001
 7.4958789e-001
 7.5007677e-001
 7.5059265e-001
 7.5112379e-001
 7.5165868e-001
 7.5218672e-001
 7.5269860e-001
 7.5318664e-001
 7.5364470e-001
 7.5406808e-001
 7.5445372e-001
 7.5479996e-001
 7.5510651e-001
 7.5537419e-001
 7.5560462e-001
 7.5580102e-001
 7.5596738e-001
 7.5610876e-001
 7.5623071e-001
 7.5633895e-001
 7.5643879e-001
 7.5653476e-001
 7.5662988e-001
 7.5672567e-001
 7.5682193e-001
 7.5692260e-001
 7.5701821e-001
 7.5710708e-001
 7.5718570e-001
 7.5725067e-001
 7.5729936e-001
 7.5732970e-001
 7.5734043e-001
 7.5733066e-001
 7.5729990e-001
 7.5724757e-001
 7.5717348e-001
 7.5707746e-001
 7.5695980e-001
 7.5682139e-001
 7.5666398e-001
 7.5648993e-001
 7.5630248e-001
 7.5610548e-001
 7.5590307e-001
 7.5569957e-001
 7.5549942e-001
 7.5530684e-001
 7.5512552e-001
 7.5495875e-001
 7.5480878e-001
 7.5467664e-001
 7.5456268e-001
 7.5446641e-001
 7.5438690e-001
 7.5432307e-001
 7.5427371e-001
 7.5423747e-001
 7.5421268e-001
 7.5419754e-001
 7.5418943e-001
 7.5418544e-001
 7.5418210e-001
 7.5417548e-001
 7.5416154e-001
 7.5413615e-001
 7.5409544e-001
 7.5403577e-001
 7.5395471e-001
 7.5385129e-001
 7.5372690e-001
 7.5358522e-001
 7.5343227e-001
 7.5327569e-001
 7.5312394e-001
 7.5298607e-001
 7.5287074e-001
 7.5278610e-001
 7.5273848e-001
 7.5273156e-001
 7.5276536e-001
 7.5283569e-001
 7.5293458e-001
 7.5305152e-001
 7.5317425e-001
 7.5328982e-001
 7.5338519e-001
 7.5344801e-001
 7.5346738e-001
 7.5343484e-001
 7.5334531e-001
 7.5319725e-001
 7.5299269e-001
 7.5273597e-001
 7.5243282e-001
 7.5208998e-001
 7.5171405e-001
 7.5131166e-001
 7.5088888e-001
 7.5045103e-001
 7.5000221e-001
 7.4954534e-001
 7.4908215e-001
 7.4861360e-001
 7.4813998e-001
 7.4766147e-001
 7.4717820e-001
 7.4668980e-001
 7.4619597e-001
 7.4569565e-001
 7.4518746e-001
 7.4466920e-001
 7.4413794e-001
 7.4359053e-001
 7.4302363e-001
 7.4243337e-001
 7.4181658e-001
 7.4117017e-001
 7.4049211e-001
 7.3978215e-001
 7.3904192e-001
 7.3827583e-001
 7.3749006e-001
 7.3669267e-001
 7.3589271e-001
 7.3509949e-001
 7.3432243e-001
 7.3357040e-001
 7.3285156e-001
 7.3217243e-001
 7.3153728e-001
 7.3094833e-001
 7.3040533e-001
 7.2990674e-001
 7.2945017e-001
 7.2903234e-001
 7.2865045e-001
 7.2830135e-001
 7.2798264e-001
 7.2769266e-001
 7.2743052e-001
 7.2719657e-001
 7.2699231e-001
 7.2681969e-001
 7.2668129e-001
 7.2657967e-001
 7.2651750e-001
 7.2649676e-001
 7.2651839e-001
 7.2658151e-001
 7.2668278e-001
 7.2681612e-001
 7.2697306e-001
 7.2714329e-001
 7.2731531e-001
 7.2747737e-001
 7.2761774e-001
 7.2772539e-001
 7.2779101e-001
 7.2780800e-001
 7.2777343e-001
 7.2768843e-001
 7.2755790e-001
 7.2738945e-001
 7.2719234e-001
 7.2697651e-001
 7.2675210e-001
 7.2652888e-001
 7.2631562e-001
 7.2611952e-001
 7.2594565e-001
 7.2579664e-001
 7.2567302e-001
 7.2557360e-001
 7.2549629e-001
 7.2543859e-001
 7.2539777e-001
 7.2537118e-001
 7.2535658e-001
 7.2535193e-001
 7.2535592e-001
 7.2536790e-001
 7.2538769e-001
 7.2541571e-001
 7.2545254e-001
 7.2549891e-001
 7.2555542e-001
 7.2562242e-001
 7.2569966e-001
 7.2578597e-001
 7.2587878e-001
 7.2597402e-001
 7.2606641e-001
 7.2614956e-001
 7.2621655e-001
 7.2626030e-001
 7.2627378e-001
 7.2625071e-001
 7.2618592e-001
 7.2607654e-001
 7.2592264e-001
 7.2572744e-001
 7.2549731e-001
 7.2524065e-001
 7.2496706e-001
 7.2468686e-001
 7.2441018e-001
 7.2414654e-001
 7.2390389e-001
 7.2368729e-001
 7.2349852e-001
 7.2333509e-001
 7.2319108e-001
 7.2305781e-001
 7.2292501e-001
 7.2278178e-001
 7.2261727e-001
 7.2242141e-001
 7.2218597e-001
 7.2190571e-001
 7.2157949e-001
 7.2121090e-001
 7.2080731e-001
 7.2037959e-001
 7.1993995e-001
 7.1950179e-001
 7.1907824e-001
 7.1868217e-001
 7.1832460e-001
 7.1801412e-001
 7.1775615e-001
 7.1755189e-001
 7.1739936e-001
 7.1729404e-001
 7.1722978e-001
 7.1719986e-001
 7.1719718e-001
 7.1721494e-001
 7.1724659e-001
 7.1728653e-001
 7.1732998e-001
 7.1737343e-001
 7.1741444e-001
 7.1745116e-001
 7.1748233e-001
 7.1750689e-001
 7.1752387e-001
 7.1753234e-001
 7.1753162e-001
 7.1752107e-001
 7.1750021e-001
 7.1746892e-001
 7.1742731e-001
 7.1737552e-001
 7.1731383e-001
 7.1724260e-001
 7.1716201e-001
 7.1707201e-001
 7.1697193e-001
 7.1686006e-001
 7.1673352e-001
 7.1658784e-001
 7.1641725e-001
 7.1621513e-001
 7.1597403e-001
 7.1568644e-001
 7.1534479e-001
 7.1494204e-001
 7.1447152e-001
 7.1392798e-001
 7.1330786e-001
 7.1260929e-001
 7.1183181e-001
 7.1097678e-001
 7.1004581e-001
 7.0904082e-001
 7.0796496e-001
 7.0682126e-001
 7.0561457e-001
 7.0435190e-001
 7.0304418e-001
 7.0170534e-001
 7.0035219e-001
 6.9900519e-001
 6.9768500e-001
 6.9641298e-001
 6.9521081e-001
 6.9409782e-001
 6.9309032e-001
 6.9219875e-001
 6.9142652e-001
 6.9076800e-001
 6.9021016e-001
 6.8973458e-001
 6.8931925e-001
 6.8894076e-001
 6.8857610e-001
 6.8820363e-001
 6.8780577e-001
 6.8737131e-001
 6.8689823e-001
 6.8639404e-001
 6.8587506e-001
 6.8536443e-001
 6.8488890e-001
 6.8447673e-001
 6.8415630e-001
 6.8395299e-001
 6.8388724e-001
 6.8397009e-001
 6.8420058e-001
 6.8456388e-001
 6.8503302e-001
 6.8557173e-001
 6.8613869e-001
 6.8669003e-001
 6.8718177e-001
 6.8757230e-001
 6.8782508e-001
 6.8791205e-001
 6.8781698e-001
 6.8753672e-001
 6.8707949e-001
 6.8646264e-001
 6.8570822e-001
 6.8484062e-001
 6.8388540e-001
 6.8286639e-001
 6.8180496e-001
 6.8071872e-001
 6.7961848e-001
 6.7850846e-001
 6.7738754e-001
 6.7624938e-001
 6.7508543e-001
 6.7388546e-001
 6.7263997e-001
 6.7133927e-001
 6.6997534e-001
 6.6854382e-001
 6.6704339e-001
 6.6547692e-001
 6.6385210e-001
 6.6217852e-001
 6.6046762e-001
 6.5873146e-001
 6.5698320e-001
 6.5523458e-001
 6.5349621e-001
 6.5177816e-001
 6.5008700e-001
 6.4842659e-001
 6.4679968e-001
 6.4520603e-001
 6.4364439e-001
 6.4211392e-001
 6.4061213e-001
 6.3913590e-001
 6.3767970e-001
 6.3623589e-001
 6.3479155e-001
 6.3332868e-001
 6.3182616e-001
 6.3025850e-001
 6.2859833e-001
 6.2681848e-001
 6.2489063e-001
 6.2278706e-001
 6.2048072e-001
 6.1794823e-001
 6.1516714e-001
 6.1211753e-001
 6.0878444e-001
 6.0515273e-001
 6.0120821e-001
 5.9694088e-001
 5.9233987e-001
 5.8739895e-001
 5.8212507e-001
 5.7653767e-001
 5.7067895e-001
 5.6461358e-001
 5.5843246e-001
 5.5223787e-001
 5.4614156e-001
 5.4026347e-001
 5.3471845e-001
 5.2961558e-001
 5.2505451e-001
 5.2110869e-001
 5.1782274e-001
 5.1520729e-001
 5.1324457e-001
 5.1189250e-001
 5.1109630e-001
 5.1079494e-001
 5.1092440e-001
 5.1142037e-001
 5.1221830e-001
 5.1325476e-001
 5.1446748e-001
 5.1579440e-001
 5.1717538e-001
 5.1855081e-001
 5.1986194e-001
 5.2104992e-001
 5.2205867e-001
 5.2283657e-001
 5.2334028e-001
 5.2354234e-001
 5.2343541e-001
 5.2303469e-001
 5.2237588e-001
 5.2150965e-001
 5.2049541e-001
 5.1939750e-001
 5.1828027e-001
 5.1720625e-001
 5.1623404e-001
 5.1541328e-001
 5.1478267e-001
 5.1436925e-001
 5.1418835e-001
 5.1424742e-001
 5.1454908e-001
 5.1509333e-001
 5.1587939e-001
 5.1690638e-001
 5.1817250e-001
 5.1967680e-001
 5.2141851e-001
 5.2339548e-001
 5.2560705e-001
 5.2805251e-001
 5.3072959e-001
 5.3363729e-001
 5.3677362e-001
 5.4013592e-001
 5.4371607e-001
 5.4750335e-001
 5.5148035e-001
 5.5561936e-001
 5.5988878e-001
 5.6425196e-001
 5.6866628e-001
 5.7309091e-001
 5.7748401e-001
 5.8180606e-001
 5.8601743e-001
 5.9008670e-001
 5.9398919e-001
 5.9770501e-001
 6.0122406e-001
 6.0454100e-001
 6.0765129e-001
 6.1055440e-001
 6.1325020e-001
 6.1573750e-001
 6.1801779e-001
 6.2009352e-001
 6.2196946e-001
 6.2365127e-001
 6.2514788e-001
 6.2646961e-001
 6.2762666e-001
 6.2863064e-001
 6.2949306e-001
 6.3022470e-001
 6.3083673e-001
 6.3133937e-001
 6.3174224e-001
 6.3205367e-001
 6.3228154e-001
 6.3243300e-001
 6.3251477e-001
 6.3253349e-001
 6.3249558e-001
 6.3240737e-001
 6.3227487e-001
 6.3210374e-001
 6.3189906e-001
 6.3166511e-001
 6.3140571e-001
 6.3112426e-001
 6.3082385e-001
 6.3050729e-001
 6.3017726e-001
 6.2983602e-001
 6.2948459e-001
 6.2912238e-001
 6.2874675e-001
 6.2835234e-001
 6.2793171e-001
 6.2747550e-001
 6.2697381e-001
 6.2641603e-001
 6.2579167e-001
 6.2509149e-001
 6.2430769e-001
 6.2343556e-001
 6.2247497e-001
 6.2143016e-001
 6.2030911e-001
 6.1912388e-001
 6.1788756e-001
 6.1661422e-001
 6.1531758e-001
 6.1401129e-001
 6.1270589e-001
 6.1140835e-001
 6.1012149e-001
 6.0884178e-001
 6.0756063e-001
 6.0626674e-001
 6.0494578e-001
 6.0358262e-001
 6.0216159e-001
 6.0066843e-001
 5.9908909e-001
 5.9741104e-001
 5.9562564e-001
 5.9372586e-001
 5.9170687e-001
 5.8956748e-001
 5.8730590e-001
 5.8492112e-001
 5.8241451e-001
 5.7978696e-001
 5.7704240e-001
 5.7418811e-001
 5.7123893e-001
 5.6821370e-001
 5.6513661e-001
 5.6203812e-001
 5.5894893e-001
 5.5590075e-001
 5.5292749e-001
 5.5005997e-001
 5.4732764e-001
 5.4475552e-001
 5.4236555e-001
 5.4017234e-001
 5.3818560e-001
 5.3641278e-001
 5.3485751e-001
 5.3352249e-001
 5.3241014e-001
 5.3152013e-001
 5.3084904e-001
 5.3038776e-001
 5.3011990e-001
 5.3002012e-001
 5.3005582e-001
 5.3018874e-001
 5.3037727e-001
 5.3057855e-001
 5.3075004e-001
 5.3085202e-001
 5.3085029e-001
 5.3072047e-001
 5.3045100e-001
 5.3004491e-001
 5.2951807e-001
 5.2889627e-001
 5.2821052e-001
 5.2749461e-001
 5.2678311e-001
 5.2610910e-001
 5.2550262e-001
 5.2498925e-001
 5.2458715e-001
 5.2430719e-001
 5.2415335e-001
 5.2412474e-001
 5.2421707e-001
 5.2442467e-001
 5.2474111e-001
 5.2515960e-001
 5.2567297e-001
 5.2627325e-001
 5.2695173e-001
 5.2769876e-001
 5.2850342e-001
 5.2935487e-001
 5.3024161e-001
 5.3115237e-001
 5.3207493e-001
 5.3299701e-001
 5.3390515e-001
 5.3478324e-001
 5.3561288e-001
 5.3637266e-001
 5.3703791e-001
 5.3758222e-001
 5.3797776e-001
 5.3819638e-001
 5.3821021e-001
 5.3799212e-001
 5.3751570e-001
 5.3675652e-001
 5.3573835e-001
 5.3466332e-001
 5.3297669e-001
 5.3108102e-001
 5.2902895e-001
 5.2687371e-001
 5.2466774e-001
 5.2246529e-001
 5.2031898e-001
 5.1828170e-001
 5.1640677e-001
 5.1474214e-001
 5.1329255e-001
 5.1203740e-001
 5.1095617e-001
 5.1002806e-001
 5.0923318e-001
 5.0855076e-001
 5.0796032e-001
 5.0744128e-001
 5.0697345e-001
 5.0653607e-001
 5.0610882e-001
 5.0567096e-001
 5.0520241e-001
 5.0468397e-001
 5.0411022e-001
 5.0348324e-001
 5.0280476e-001
 5.0207728e-001
 5.0130266e-001
 5.0048274e-001
 4.9961957e-001
 4.9871549e-001
 4.9777228e-001
 4.9679208e-001
 4.9577656e-001
 4.9472827e-001
 4.9364910e-001
 4.9254090e-001
 4.9140587e-001
 4.9024564e-001
 4.8906282e-001
 4.8785943e-001
 4.8663950e-001
 4.8540768e-001
 4.8416972e-001
 4.8293033e-001
 4.8169455e-001
 4.8046705e-001
 4.7925365e-001
 4.7805887e-001
 4.7688785e-001
 4.7574562e-001
 4.7463697e-001
 4.7356746e-001
 4.7254184e-001
 4.7156516e-001
 4.7064227e-001
 4.6977863e-001
 4.6897903e-001
 4.6824858e-001
 4.6759203e-001
 4.6701488e-001
 4.6652195e-001
 4.6611753e-001
 4.6579963e-001
 4.6556336e-001
 4.6540350e-001
 4.6531492e-001
 4.6529254e-001
 4.6533126e-001
 4.6542588e-001
 4.6557128e-001
 4.6576244e-001
 4.6599424e-001
 4.6626151e-001
 4.6655911e-001
 4.6688196e-001
 4.6722504e-001
 4.6758303e-001
 4.6795094e-001
 4.6832362e-001
 4.6869597e-001
 4.6906292e-001
 4.6941927e-001
 4.6975994e-001
 4.7007981e-001
 4.7037384e-001
 4.7063676e-001
 4.7086355e-001
 4.7104961e-001
 4.7119513e-001
 4.7130245e-001
 4.7137406e-001
 4.7141233e-001
 4.7141969e-001
 4.7139859e-001
 4.7135150e-001
 4.7128081e-001
 4.7118890e-001
 4.7107828e-001
 4.7095135e-001
 4.7081050e-001
 4.7065821e-001
 4.7049689e-001
 4.7032899e-001
 4.7015697e-001
 4.6998313e-001
 4.6980992e-001
 4.6963996e-001
 4.6947551e-001
 4.6931899e-001
 4.6917292e-001
 4.6903965e-001
 4.6892169e-001
 4.6882138e-001
 4.6874121e-001
 4.6868357e-001
 4.6865091e-001
 4.6864566e-001
 4.6866998e-001
 4.6872386e-001
 4.6880624e-001
 4.6891612e-001
