s07_ASD Record=13547: Kaolin_Smect H89-FR-2 .5Kaol  BECKb AREF
 1.1420483e-001
 1.1628752e-001
 1.1840139e-001
 1.2053452e-001
 1.2268282e-001
 1.2485145e-001
 1.2705202e-001
 1.2929603e-001
 1.3159032e-001
 1.3393453e-001
 1.3632311e-001
 1.3874751e-001
 1.4119922e-001
 1.4367075e-001
 1.4615622e-001
 1.4865223e-001
 1.5115723e-001
 1.5367165e-001
 1.5619694e-001
 1.5873559e-001
 1.6129008e-001
 1.6386126e-001
 1.6644791e-001
 1.6904633e-001
 1.7165256e-001
 1.7426397e-001
 1.7688191e-001
 1.7951098e-001
 1.8215427e-001
 1.8480949e-001
 1.8746787e-001
 1.9011812e-001
 1.9274902e-001
 1.9535072e-001
 1.9791576e-001
 2.0044105e-001
 2.0292659e-001
 2.0537257e-001
 2.0777899e-001
 2.1014456e-001
 2.1246642e-001
 2.1473910e-001
 2.1695474e-001
 2.1910609e-001
 2.2118983e-001
 2.2321048e-001
 2.2518036e-001
 2.2711667e-001
 2.2903487e-001
 2.3094279e-001
 2.3283717e-001
 2.3470540e-001
 2.3653290e-001
 2.3831175e-001
 2.4004693e-001
 2.4175483e-001
 2.4345653e-001
 2.4516629e-001
 2.4688576e-001
 2.4860400e-001
 2.5029644e-001
 2.5195611e-001
 2.5358582e-001
 2.5518814e-001
 2.5677487e-001
 2.5836584e-001
 2.5996879e-001
 2.6157668e-001
 2.6317319e-001
 2.6473695e-001
 2.6625007e-001
 2.6770598e-001
 2.6911077e-001
 2.7048039e-001
 2.7183530e-001
 2.7319533e-001
 2.7457467e-001
 2.7597770e-001
 2.7739641e-001
 2.7881089e-001
 2.8019506e-001
 2.8152516e-001
 2.8278884e-001
 2.8398934e-001
 2.8514326e-001
 2.8627253e-001
 2.8739604e-001
 2.8852510e-001
 2.8966409e-001
 2.9081547e-001
 2.9198471e-001
 2.9318190e-001
 2.9441816e-001
 2.9570007e-001
 2.9702634e-001
 2.9838967e-001
 2.9978293e-001
 3.0120161e-001
 3.0263850e-001
 3.0407336e-001
 3.0547234e-001
 3.0680147e-001
 3.0804577e-001
 3.0921900e-001
 3.1035823e-001
 3.1150413e-001
 3.1267720e-001
 3.1386772e-001
 3.1504148e-001
 3.1615803e-001
 3.1719345e-001
 3.1815532e-001
 3.1907937e-001
 3.2000771e-001
 3.2096392e-001
 3.2194245e-001
 3.2292020e-001
 3.2387957e-001
 3.2482389e-001
 3.2577458e-001
 3.2675359e-001
 3.2776874e-001
 3.2881120e-001
 3.2986245e-001
 3.3090210e-001
 3.3191377e-001
 3.3289385e-001
 3.3385637e-001
 3.3482459e-001
 3.3580941e-001
 3.3679494e-001
 3.3775023e-001
 3.3865893e-001
 3.3953840e-001
 3.4042442e-001
 3.4133339e-001
 3.4223905e-001
 3.4309193e-001
 3.4386429e-001
 3.4457487e-001
 3.4526762e-001
 3.4597069e-001
 3.4668168e-001
 3.4738830e-001
 3.4809408e-001
 3.4882206e-001
 3.4960026e-001
 3.5044372e-001
 3.5134307e-001
 3.5226986e-001
 3.5319790e-001
 3.5412005e-001
 3.5504130e-001
 3.5596323e-001
 3.5688773e-001
 3.5783470e-001
 3.5883659e-001
 3.5990268e-001
 3.6099419e-001
 3.6204720e-001
 3.6302030e-001
 3.6391357e-001
 3.6474311e-001
 3.6551729e-001
 3.6625171e-001
 3.6699012e-001
 3.6778131e-001
 3.6863443e-001
 3.6952060e-001
 3.7042516e-001
 3.7138045e-001
 3.7243906e-001
 3.7361941e-001
 3.7487438e-001
 3.7610176e-001
 3.7719980e-001
 3.7814161e-001
 3.7900510e-001
 3.7991497e-001
 3.8094541e-001
 3.8208044e-001
 3.8325483e-001
 3.8441098e-001
 3.8551956e-001
 3.8657475e-001
 3.8759285e-001
 3.8861099e-001
 3.8966769e-001
 3.9076933e-001
 3.9187360e-001
 3.9291248e-001
 3.9383763e-001
 3.9464831e-001
 3.9538145e-001
 3.9608058e-001
 3.9677146e-001
 3.9745933e-001
 3.9814442e-001
 3.9883891e-001
 3.9956620e-001
 4.0034369e-001
 4.0117472e-001
 4.0206295e-001
 4.0301928e-001
 4.0403157e-001
 4.0503290e-001
 4.0593621e-001
 4.0672487e-001
 4.0749842e-001
 4.0838909e-001
 4.0940857e-001
 4.1040766e-001
 4.1123292e-001
 4.1189250e-001
 4.1250500e-001
 4.1312245e-001
 4.1369602e-001
 4.1419920e-001
 4.1468498e-001
 4.1520536e-001
 4.1574836e-001
 4.1628754e-001
 4.1685629e-001
 4.1752240e-001
 4.1827673e-001
 4.1898933e-001
 4.1953364e-001
 4.1994619e-001
 4.2041010e-001
 4.2108023e-001
 4.2195296e-001
 4.2287615e-001
 4.2363799e-001
 4.2408159e-001
 4.2422315e-001
 4.2428070e-001
 4.2452940e-001
 4.2508298e-001
 4.2581418e-001
 4.2648727e-001
 4.2696398e-001
 4.2728564e-001
 4.2756528e-001
 4.2783904e-001
 4.2806524e-001
 4.2824018e-001
 4.2844757e-001
 4.2878327e-001
 4.2925850e-001
 4.2978445e-001
 4.3025827e-001
 4.3066967e-001
 4.3111521e-001
 4.3168285e-001
 4.3231803e-001
 4.3286043e-001
 4.3323895e-001
 4.3353602e-001
 4.3381029e-001
 4.3397290e-001
 4.3395787e-001
 4.3389726e-001
 4.3397826e-001
 4.3424451e-001
 4.3464634e-001
 4.3515095e-001
 4.3571630e-001
 4.3624991e-001
 4.3666837e-001
 4.3699044e-001
 4.3732327e-001
 4.3770844e-001
 4.3804955e-001
 4.3830040e-001
 4.3862903e-001
 4.3921515e-001
 4.3994209e-001
 4.4049573e-001
 4.4077286e-001
 4.4097143e-001
 4.4126171e-001
 4.4159803e-001
 4.4186944e-001
 4.4207743e-001
 4.4230896e-001
 4.4262731e-001
 4.4302866e-001
 4.4347322e-001
 4.4394413e-001
 4.4446543e-001
 4.4503373e-001
 4.4554421e-001
 4.4587076e-001
 4.4605950e-001
 4.4635472e-001
 4.4696775e-001
 4.4785735e-001
 4.4875488e-001
 4.4938710e-001
 4.4968861e-001
 4.4981021e-001
 4.4993722e-001
 4.5014429e-001
 4.5041785e-001
 4.5074373e-001
 4.5113865e-001
 4.5161769e-001
 4.5216346e-001
 4.5275742e-001
 4.5343032e-001
 4.5421189e-001
 4.5501268e-001
 4.5565483e-001
 4.5607084e-001
 4.5639658e-001
 4.5682809e-001
 4.5744148e-001
 4.5817360e-001
 4.5889986e-001
 4.5951456e-001
 4.5998165e-001
 4.6032786e-001
 4.6060908e-001
 4.6088627e-001
 4.6121600e-001
 4.6164387e-001
 4.6219048e-001
 4.6282521e-001
 4.6345419e-001
 4.6396118e-001
 4.6429205e-001
 4.6451014e-001
 4.6475723e-001
 4.6514809e-001
 4.6569473e-001
 4.6632507e-001
 4.6696180e-001
 4.6757996e-001
 4.6819973e-001
 4.6883911e-001
 4.6948153e-001
 4.7009176e-001
 4.7066554e-001
 4.7126013e-001
 4.7196016e-001
 4.7279322e-001
 4.7367409e-001
 4.7444680e-001
 4.7499037e-001
 4.7529042e-001
 4.7542244e-001
 4.7548437e-001
 4.7556493e-001
 4.7579661e-001
 4.7632518e-001
 4.7707087e-001
 4.7772434e-001
 4.7814035e-001
 4.7857073e-001
 4.7920907e-001
 4.7981647e-001
 4.8013273e-001
 4.8032573e-001
 4.8070952e-001
 4.8130122e-001
 4.8188838e-001
 4.8232508e-001
 4.8263362e-001
 4.8293006e-001
 4.8330405e-001
 4.8374707e-001
 4.8418063e-001
 4.8454461e-001
 4.8487604e-001
 4.8528463e-001
 4.8580095e-001
 4.8632255e-001
 4.8680267e-001
 4.8734739e-001
 4.8796773e-001
 4.8842353e-001
 4.8853275e-001
 4.8846462e-001
 4.8854199e-001
 4.8891619e-001
 4.8953915e-001
 4.9027452e-001
 4.9092665e-001
 4.9130204e-001
 4.9140564e-001
 4.9151397e-001
 4.9191469e-001
 4.9260870e-001
 4.9332237e-001
 4.9376097e-001
 4.9391371e-001
 4.9406245e-001
 4.9438846e-001
 4.9479029e-001
 4.9494308e-001
 4.9480397e-001
 4.9482974e-001
 4.9528655e-001
 4.9594986e-001
 4.9652278e-001
 4.9689162e-001
 4.9710333e-001
 4.9725702e-001
 4.9744815e-001
 4.9775675e-001
 4.9822524e-001
 4.9880284e-001
 4.9935323e-001
 4.9975088e-001
 4.9998423e-001
 5.0015515e-001
 5.0038177e-001
 5.0071883e-001
 5.0115371e-001
 5.0165284e-001
 5.0218809e-001
 5.0273967e-001
 5.0328875e-001
 5.0381255e-001
 5.0428653e-001
 5.0469059e-001
 5.0501370e-001
 5.0525308e-001
 5.0541329e-001
 5.0550812e-001
 5.0565141e-001
 5.0590843e-001
 5.0634307e-001
 5.0689703e-001
 5.0746274e-001
 5.0793248e-001
 5.0821877e-001
 5.0836712e-001
 5.0847661e-001
 5.0864673e-001
 5.0895941e-001
 5.0938350e-001
 5.0984198e-001
 5.1025790e-001
 5.1056826e-001
 5.1080459e-001
 5.1103699e-001
 5.1133519e-001
 5.1175439e-001
 5.1225013e-001
 5.1281214e-001
 5.1318276e-001
 5.1336473e-001
 5.1336968e-001
 5.1330149e-001
 5.1326817e-001
 5.1337779e-001
 5.1373345e-001
 5.1432681e-001
 5.1503855e-001
 5.1574522e-001
 5.1632273e-001
 5.1665229e-001
 5.1672333e-001
 5.1663226e-001
 5.1647991e-001
 5.1636726e-001
 5.1639205e-001
 5.1657772e-001
 5.1687562e-001
 5.1723397e-001
 5.1760083e-001
 5.1792455e-001
 5.1816499e-001
 5.1832813e-001
 5.1843107e-001
 5.1849079e-001
 5.1852459e-001
 5.1854926e-001
 5.1857966e-001
 5.1862133e-001
 5.1867729e-001
 5.1875091e-001
 5.1884550e-001
 5.1896423e-001
 5.1911050e-001
 5.1928461e-001
 5.1947641e-001
 5.1967335e-001
 5.1986259e-001
 5.2003145e-001
 5.2016735e-001
 5.2025753e-001
 5.2028924e-001
 5.2025461e-001
 5.2016318e-001
 5.2002907e-001
 5.1986599e-001
 5.1968789e-001
 5.1950884e-001
 5.1934254e-001
 5.1920295e-001
 5.1910079e-001
 5.1903474e-001
 5.1900065e-001
 5.1899457e-001
 5.1901221e-001
 5.1904953e-001
 5.1910245e-001
 5.1916695e-001
 5.1923925e-001
 5.1931787e-001
 5.1940149e-001
 5.1948893e-001
 5.1957899e-001
 5.1967037e-001
 5.1976192e-001
 5.1985240e-001
 5.1994061e-001
 5.2002537e-001
 5.2010542e-001
 5.2017939e-001
 5.2024657e-001
 5.2030665e-001
 5.2035981e-001
 5.2040601e-001
 5.2044541e-001
 5.2047801e-001
 5.2050388e-001
 5.2052313e-001
 5.2053589e-001
 5.2054203e-001
 5.2054185e-001
 5.2053529e-001
 5.2052242e-001
 5.2050352e-001
 5.2047873e-001
 5.2044821e-001
 5.2041227e-001
 5.2037090e-001
 5.2032447e-001
 5.2027315e-001
 5.2021718e-001
 5.2015650e-001
 5.2009165e-001
 5.2002305e-001
 5.1995355e-001
 5.1988608e-001
 5.1982355e-001
 5.1976901e-001
 5.1972550e-001
 5.1969600e-001
 5.1968348e-001
 5.1969105e-001
 5.1972169e-001
 5.1977634e-001
 5.1984990e-001
 5.1993549e-001
 5.2002639e-001
 5.2011567e-001
 5.2019680e-001
 5.2026278e-001
 5.2030706e-001
 5.2032280e-001
 5.2030325e-001
 5.2024424e-001
 5.2015072e-001
 5.2002954e-001
 5.1988751e-001
 5.1973152e-001
 5.1956838e-001
 5.1940501e-001
 5.1924825e-001
 5.1910484e-001
 5.1898175e-001
 5.1888424e-001
 5.1881200e-001
 5.1876390e-001
 5.1873857e-001
 5.1873469e-001
 5.1875103e-001
 5.1878625e-001
 5.1883906e-001
 5.1890808e-001
 5.1898974e-001
 5.1907218e-001
 5.1914185e-001
 5.1918542e-001
 5.1918912e-001
 5.1913983e-001
 5.1902378e-001
 5.1882768e-001
 5.1854616e-001
 5.1820076e-001
 5.1781881e-001
 5.1742738e-001
 5.1705360e-001
 5.1672471e-001
 5.1646787e-001
 5.1631021e-001
 5.1626933e-001
 5.1633143e-001
 5.1647651e-001
 5.1668435e-001
 5.1693487e-001
 5.1720798e-001
 5.1748359e-001
 5.1774156e-001
 5.1796448e-001
 5.1814342e-001
 5.1827145e-001
 5.1832902e-001
 5.1832372e-001
 5.1824790e-001
 5.1810229e-001
 5.1790285e-001
 5.1768005e-001
 5.1747435e-001
 5.1733118e-001
 5.1729512e-001
 5.1739955e-001
 5.1764834e-001
 5.1800501e-001
 5.1840454e-001
 5.1877105e-001
 5.1903242e-001
 5.1913601e-001
 5.1906669e-001
 5.1885200e-001
 5.1855171e-001
 5.1824015e-001
 5.1799023e-001
 5.1785690e-001
 5.1786190e-001
 5.1798809e-001
 5.1818836e-001
 5.1840109e-001
 5.1856518e-001
 5.1863456e-001
 5.1858932e-001
 5.1843929e-001
 5.1821804e-001
 5.1797134e-001
 5.1774532e-001
 5.1757628e-001
 5.1748258e-001
 5.1746297e-001
 5.1749951e-001
 5.1756525e-001
 5.1763129e-001
 5.1767296e-001
 5.1747000e-001
 5.1740348e-001
 5.1731944e-001
 5.1721686e-001
 5.1709676e-001
 5.1696211e-001
 5.1681721e-001
 5.1666725e-001
 5.1651824e-001
 5.1637644e-001
 5.1624811e-001
 5.1613891e-001
 5.1605386e-001
 5.1599622e-001
 5.1596767e-001
 5.1596808e-001
 5.1599538e-001
 5.1604575e-001
 5.1611423e-001
 5.1619512e-001
 5.1628274e-001
 5.1637197e-001
 5.1645839e-001
 5.1653868e-001
 5.1661032e-001
 5.1667160e-001
 5.1672131e-001
 5.1675856e-001
 5.1678246e-001
 5.1679260e-001
 5.1678860e-001
 5.1677102e-001
 5.1674122e-001
 5.1670158e-001
 5.1665539e-001
 5.1660621e-001
 5.1655716e-001
 5.1651007e-001
 5.1646483e-001
 5.1641929e-001
 5.1636964e-001
 5.1631099e-001
 5.1623875e-001
 5.1614970e-001
 5.1604301e-001
 5.1592040e-001
 5.1578635e-001
 5.1564693e-001
 5.1550919e-001
 5.1537979e-001
 5.1526403e-001
 5.1516527e-001
 5.1508445e-001
 5.1502049e-001
 5.1497072e-001
 5.1493138e-001
 5.1489854e-001
 5.1486880e-001
 5.1483977e-001
 5.1481044e-001
 5.1478136e-001
 5.1475453e-001
 5.1473284e-001
 5.1471955e-001
 5.1471740e-001
 5.1472783e-001
 5.1475042e-001
 5.1478231e-001
 5.1481873e-001
 5.1485336e-001
 5.1487935e-001
 5.1489085e-001
 5.1488400e-001
 5.1485759e-001
 5.1481336e-001
 5.1475537e-001
 5.1468915e-001
 5.1462042e-001
 5.1455414e-001
 5.1449400e-001
 5.1444274e-001
 5.1440245e-001
 5.1437569e-001
 5.1436597e-001
 5.1437771e-001
 5.1441556e-001
 5.1448303e-001
 5.1458091e-001
 5.1470572e-001
 5.1484925e-001
 5.1499909e-001
 5.1514024e-001
 5.1525748e-001
 5.1533824e-001
 5.1537502e-001
 5.1536685e-001
 5.1531982e-001
 5.1524585e-001
 5.1516116e-001
 5.1508325e-001
 5.1502842e-001
 5.1500905e-001
 5.1503229e-001
 5.1509899e-001
 5.1520401e-001
 5.1533765e-001
 5.1548713e-001
 5.1563907e-001
 5.1578128e-001
 5.1590466e-001
 5.1600420e-001
 5.1607913e-001
 5.1613265e-001
 5.1617044e-001
 5.1619947e-001
 5.1622605e-001
 5.1625478e-001
 5.1628733e-001
 5.1632243e-001
 5.1635623e-001
 5.1638329e-001
 5.1639825e-001
 5.1639700e-001
 5.1637781e-001
 5.1634216e-001
 5.1629412e-001
 5.1624006e-001
 5.1618695e-001
 5.1614171e-001
 5.1610959e-001
 5.1609397e-001
 5.1609612e-001
 5.1611561e-001
 5.1615059e-001
 5.1619852e-001
 5.1625645e-001
 5.1632082e-001
 5.1638782e-001
 5.1645309e-001
 5.1651186e-001
 5.1655972e-001
 5.1659298e-001
 5.1660961e-001
 5.1660979e-001
 5.1659626e-001
 5.1657397e-001
 5.1654923e-001
 5.1652855e-001
 5.1651770e-001
 5.1652062e-001
 5.1653874e-001
 5.1657134e-001
 5.1661575e-001
 5.1666838e-001
 5.1672524e-001
 5.1678306e-001
 5.1683933e-001
 5.1689273e-001
 5.1694286e-001
 5.1699007e-001
 5.1703542e-001
 5.1708025e-001
 5.1712650e-001
 5.1717615e-001
 5.1723188e-001
 5.1729631e-001
 5.1737213e-001
 5.1746160e-001
 5.1756638e-001
 5.1768684e-001
 5.1782238e-001
 5.1797122e-001
 5.1813084e-001
 5.1829863e-001
 5.1847249e-001
 5.1865166e-001
 5.1883709e-001
 5.1903141e-001
 5.1923859e-001
 5.1946288e-001
 5.1970762e-001
 5.1997352e-001
 5.2025771e-001
 5.2055359e-001
 5.2085042e-001
 5.2113533e-001
 5.2139485e-001
 5.2161717e-001
 5.2179402e-001
 5.2192205e-001
 5.2200288e-001
 5.2204245e-001
 5.2204978e-001
 5.2203500e-001
 5.2200824e-001
 5.2197820e-001
 5.2195227e-001
 5.2193648e-001
 5.2193618e-001
 5.2195656e-001
 5.2200270e-001
 5.2207959e-001
 5.2219123e-001
 5.2234012e-001
 5.2252656e-001
 5.2274829e-001
 5.2300060e-001
 5.2327687e-001
 5.2356905e-001
 5.2386850e-001
 5.2416635e-001
 5.2445406e-001
 5.2472347e-001
 5.2496696e-001
 5.2517772e-001
 5.2535003e-001
 5.2547985e-001
 5.2556527e-001
 5.2560717e-001
 5.2560920e-001
 5.2557784e-001
 5.2552176e-001
 5.2545118e-001
 5.2537686e-001
 5.2530921e-001
 5.2525771e-001
 5.2523035e-001
 5.2523315e-001
 5.2526969e-001
 5.2534103e-001
 5.2544510e-001
 5.2557653e-001
 5.2572685e-001
 5.2588511e-001
 5.2603894e-001
 5.2617663e-001
 5.2628875e-001
 5.2637053e-001
 5.2642286e-001
 5.2645266e-001
 5.2647233e-001
 5.2649748e-001
 5.2654481e-001
 5.2662891e-001
 5.2676040e-001
 5.2694392e-001
 5.2717823e-001
 5.2745634e-001
 5.2776706e-001
 5.2809691e-001
 5.2843177e-001
 5.2875829e-001
 5.2906537e-001
 5.2934456e-001
 5.2959067e-001
 5.2980155e-001
 5.2997816e-001
 5.3012449e-001
 5.3024668e-001
 5.3035295e-001
 5.3045237e-001
 5.3055429e-001
 5.3066730e-001
 5.3079814e-001
 5.3095096e-001
 5.3112715e-001
 5.3132492e-001
 5.3153986e-001
 5.3176540e-001
 5.3199393e-001
 5.3221744e-001
 5.3242880e-001
 5.3262216e-001
 5.3279382e-001
 5.3294212e-001
 5.3306746e-001
 5.3317189e-001
 5.3325874e-001
 5.3333157e-001
 5.3339386e-001
 5.3344846e-001
 5.3349721e-001
 5.3354084e-001
 5.3357905e-001
 5.3361076e-001
 5.3363442e-001
 5.3364837e-001
 5.3365111e-001
 5.3364164e-001
 5.3361952e-001
 5.3358501e-001
 5.3353900e-001
 5.3348291e-001
 5.3341901e-001
 5.3334987e-001
 5.3327888e-001
 5.3321010e-001
 5.3314805e-001
 5.3309751e-001
 5.3306311e-001
 5.3304881e-001
 5.3305721e-001
 5.3308904e-001
 5.3314286e-001
 5.3321528e-001
 5.3330123e-001
 5.3339505e-001
 5.3349078e-001
 5.3358382e-001
 5.3367078e-001
 5.3375012e-001
 5.3382158e-001
 5.3388572e-001
 5.3394312e-001
 5.3399372e-001
 5.3403610e-001
 5.3406775e-001
 5.3408533e-001
 5.3408551e-001
 5.3406614e-001
 5.3402722e-001
 5.3397179e-001
 5.3390628e-001
 5.3384006e-001
 5.3378451e-001
 5.3375113e-001
 5.3375012e-001
 5.3378797e-001
 5.3386647e-001
 5.3398186e-001
 5.3412533e-001
 5.3428417e-001
 5.3444350e-001
 5.3458834e-001
 5.3470552e-001
 5.3478503e-001
 5.3482062e-001
 5.3480989e-001
 5.3475344e-001
 5.3465420e-001
 5.3451657e-001
 5.3434521e-001
 5.3414494e-001
 5.3392047e-001
 5.3367603e-001
 5.3341603e-001
 5.3314489e-001
 5.3286719e-001
 5.3258777e-001
 5.3231126e-001
 5.3204215e-001
 5.3178424e-001
 5.3154045e-001
 5.3131258e-001
 5.3110111e-001
 5.3090501e-001
 5.3072196e-001
 5.3054804e-001
 5.3037781e-001
 5.3020364e-001
 5.3001595e-001
 5.2980244e-001
 5.2954841e-001
 5.2923691e-001
 5.2884889e-001
 5.2836466e-001
 5.2776474e-001
 5.2703071e-001
 5.2614665e-001
 5.2509910e-001
 5.2387798e-001
 5.2247643e-001
 5.2089030e-001
 5.1911980e-001
 5.1716894e-001
 5.1504797e-001
 5.1277423e-001
 5.1037252e-001
 5.0787729e-001
 5.0532931e-001
 5.0277567e-001
 5.0026566e-001
 4.9784535e-001
 4.9555612e-001
 4.9342850e-001
 4.9148220e-001
 4.8972428e-001
 4.8814961e-001
 4.8674381e-001
 4.8548508e-001
 4.8434654e-001
 4.8329940e-001
 4.8231372e-001
 4.8136029e-001
 4.8041078e-001
 4.7943759e-001
 4.7841457e-001
 4.7731614e-001
 4.7611886e-001
 4.7480187e-001
 4.7334832e-001
 4.7174895e-001
 4.7000399e-001
 4.6812809e-001
 4.6615338e-001
 4.6413147e-001
 4.6213621e-001
 4.6026018e-001
 4.5861199e-001
 4.5730734e-001
 4.5645851e-001
 4.5616311e-001
 4.5649207e-001
 4.5748070e-001
 4.5912313e-001
 4.6137297e-001
 4.6414712e-001
 4.6733519e-001
 4.7081304e-001
 4.7445238e-001
 4.7813573e-001
 4.8176232e-001
 4.8525459e-001
 4.8856139e-001
 4.9165341e-001
 4.9452251e-001
 4.9717376e-001
 4.9962121e-001
 5.0188363e-001
 5.0397867e-001
 5.0592303e-001
 5.0772959e-001
 5.0940853e-001
 5.1096869e-001
 5.1241738e-001
 5.1376235e-001
 5.1501107e-001
 5.1617080e-001
 5.1724881e-001
 5.1825082e-001
 5.1918131e-001
 5.2004331e-001
 5.2083868e-001
 5.2156889e-001
 5.2223539e-001
 5.2284020e-001
 5.2338678e-001
 5.2387947e-001
 5.2432376e-001
 5.2472562e-001
 5.2509105e-001
 5.2542585e-001
 5.2573502e-001
 5.2602291e-001
 5.2629304e-001
 5.2654850e-001
 5.2679241e-001
 5.2702802e-001
 5.2725929e-001
 5.2749068e-001
 5.2772713e-001
 5.2797371e-001
 5.2823508e-001
 5.2851486e-001
 5.2881521e-001
 5.2913618e-001
 5.2947623e-001
 5.2983201e-001
 5.3019935e-001
 5.3057432e-001
 5.3095388e-001
 5.3133732e-001
 5.3172648e-001
 5.3212583e-001
 5.3254193e-001
 5.3298199e-001
 5.3345251e-001
 5.3395730e-001
 5.3449613e-001
 5.3506422e-001
 5.3565210e-001
 5.3624672e-001
 5.3683311e-001
 5.3739637e-001
 5.3792405e-001
 5.3840739e-001
 5.3884256e-001
 5.3923059e-001
 5.3957701e-001
 5.3989053e-001
 5.4018146e-001
 5.4046023e-001
 5.4073614e-001
 5.4101640e-001
 5.4130614e-001
 5.4160881e-001
 5.4192662e-001
 5.4226166e-001
 5.4261643e-001
 5.4299396e-001
 5.4339767e-001
 5.4382998e-001
 5.4429203e-001
 5.4478168e-001
 5.4529327e-001
 5.4581714e-001
 5.4634035e-001
 5.4684824e-001
 5.4732579e-001
 5.4776055e-001
 5.4814386e-001
 5.4847264e-001
 5.4874992e-001
 5.4898405e-001
 5.4918742e-001
 5.4937422e-001
 5.4955798e-001
 5.4974902e-001
 5.4995292e-001
 5.5016959e-001
 5.5039477e-001
 5.5062169e-001
 5.5084354e-001
 5.5105531e-001
 5.5125493e-001
 5.5144423e-001
 5.5162895e-001
 5.5181837e-001
 5.5202347e-001
 5.5225432e-001
 5.5251801e-001
 5.5281591e-001
 5.5314350e-001
 5.5349010e-001
 5.5384088e-001
 5.5417967e-001
 5.5449158e-001
 5.5476546e-001
 5.5499512e-001
 5.5517977e-001
 5.5532384e-001
 5.5543596e-001
 5.5552799e-001
 5.5561358e-001
 5.5570644e-001
 5.5581826e-001
 5.5595773e-001
 5.5612946e-001
 5.5633384e-001
 5.5656725e-001
 5.5682337e-001
 5.5709380e-001
 5.5736959e-001
 5.5764240e-001
 5.5790502e-001
 5.5815190e-001
 5.5837888e-001
 5.5858338e-001
 5.5876368e-001
 5.5891883e-001
 5.5904859e-001
 5.5915314e-001
 5.5923319e-001
 5.5928987e-001
 5.5932480e-001
 5.5934030e-001
 5.5933934e-001
 5.5932570e-001
 5.5930394e-001
 5.5927938e-001
 5.5925810e-001
 5.5924648e-001
 5.5925071e-001
 5.5927622e-001
 5.5932742e-001
 5.5940682e-001
 5.5951494e-001
 5.5965000e-001
 5.5980819e-001
 5.5998367e-001
 5.6016928e-001
 5.6035727e-001
 5.6054008e-001
 5.6071126e-001
 5.6086624e-001
 5.6100255e-001
 5.6112003e-001
 5.6122041e-001
 5.6130636e-001
 5.6138110e-001
 5.6144726e-001
 5.6150633e-001
 5.6155831e-001
 5.6160200e-001
 5.6163514e-001
 5.6165546e-001
 5.6166154e-001
 5.6165367e-001
 5.6163430e-001
 5.6160867e-001
 5.6158429e-001
 5.6157023e-001
 5.6157589e-001
 5.6160986e-001
 5.6167841e-001
 5.6178468e-001
 5.6192797e-001
 5.6210399e-001
 5.6230521e-001
 5.6252259e-001
 5.6274629e-001
 5.6296784e-001
 5.6318057e-001
 5.6338072e-001
 5.6356770e-001
 5.6374300e-001
 5.6390983e-001
 5.6407154e-001
 5.6423062e-001
 5.6438756e-001
 5.6454039e-001
 5.6468463e-001
 5.6481415e-001
 5.6492192e-001
 5.6500167e-001
 5.6504893e-001
 5.6506234e-001
 5.6504411e-001
 5.6500006e-001
 5.6493932e-001
 5.6487286e-001
 5.6481266e-001
 5.6476980e-001
 5.6475383e-001
 5.6477129e-001
 5.6482571e-001
 5.6491733e-001
 5.6504351e-001
 5.6519938e-001
 5.6537843e-001
 5.6557345e-001
 5.6577706e-001
 5.6598210e-001
 5.6618214e-001
 5.6637150e-001
 5.6654543e-001
 5.6670022e-001
 5.6683314e-001
 5.6694239e-001
 5.6702721e-001
 5.6708813e-001
 5.6712657e-001
 5.6714535e-001
 5.6714845e-001
 5.6714076e-001
 5.6712806e-001
 5.6711608e-001
 5.6711024e-001
 5.6711465e-001
 5.6713164e-001
 5.6716120e-001
 5.6720084e-001
 5.6724560e-001
 5.6728816e-001
 5.6731927e-001
 5.6732911e-001
 5.6730813e-001
 5.6724876e-001
 5.6714696e-001
 5.6700295e-001
 5.6682223e-001
 5.6661516e-001
 5.6639576e-001
 5.6618047e-001
 5.6598568e-001
 5.6582600e-001
 5.6571215e-001
 5.6565005e-001
 5.6564069e-001
 5.6568092e-001
 5.6576467e-001
 5.6588435e-001
 5.6603199e-001
 5.6620038e-001
 5.6638366e-001
 5.6657785e-001
 5.6678045e-001
 5.6699032e-001
 5.6720692e-001
 5.6743002e-001
 5.6765831e-001
 5.6788945e-001
 5.6811929e-001
 5.6834167e-001
 5.6854898e-001
 5.6873238e-001
 5.6888276e-001
 5.6899142e-001
 5.6905133e-001
 5.6905752e-001
 5.6900781e-001
 5.6890315e-001
 5.6874734e-001
 5.6854683e-001
 5.6831020e-001
 5.6804740e-001
 5.6776893e-001
 5.6748557e-001
 5.6720769e-001
 5.6694484e-001
 5.6670535e-001
 5.6649607e-001
 5.6632221e-001
 5.6618661e-001
 5.6608975e-001
 5.6602925e-001
 5.6599998e-001
 5.6599408e-001
 5.6600153e-001
 5.6601089e-001
 5.6601053e-001
 5.6598985e-001
 5.6594026e-001
 5.6585675e-001
 5.6573802e-001
 5.6558710e-001
 5.6541091e-001
 5.6521946e-001
 5.6502479e-001
 5.6483948e-001
 5.6467557e-001
 5.6454319e-001
 5.6444967e-001
 5.6439924e-001
 5.6439286e-001
 5.6442845e-001
 5.6450152e-001
 5.6460547e-001
 5.6473261e-001
 5.6487435e-001
 5.6502187e-001
 5.6516635e-001
 5.6529915e-001
 5.6541234e-001
 5.6549865e-001
 5.6555182e-001
 5.6556690e-001
 5.6554037e-001
 5.6547034e-001
 5.6535661e-001
 5.6520075e-001
 5.6500602e-001
 5.6477737e-001
 5.6452119e-001
 5.6424528e-001
 5.6395882e-001
 5.6367218e-001
 5.6339628e-001
 5.6314248e-001
 5.6292158e-001
 5.6274295e-001
 5.6261349e-001
 5.6253654e-001
 5.6251085e-001
 5.6253052e-001
 5.6258458e-001
 5.6265843e-001
 5.6273472e-001
 5.6279576e-001
 5.6282544e-001
 5.6281167e-001
 5.6274801e-001
 5.6263494e-001
 5.6248015e-001
 5.6229782e-001
 5.6210703e-001
 5.6192929e-001
 5.6178546e-001
 5.6169248e-001
 5.6166083e-001
 5.6169212e-001
 5.6177908e-001
 5.6190670e-001
 5.6205463e-001
 5.6219965e-001
 5.6231844e-001
 5.6238985e-001
 5.6239688e-001
 5.6232733e-001
 5.6217414e-001
 5.6193644e-001
 5.6161976e-001
 5.6123525e-001
 5.6079853e-001
 5.6032789e-001
 5.5984223e-001
 5.5935907e-001
 5.5889273e-001
 5.5845308e-001
 5.5804592e-001
 5.5763292e-001
 5.5729723e-001
 5.5699211e-001
 5.5671346e-001
 5.5645764e-001
 5.5622149e-001
 5.5600297e-001
 5.5580091e-001
 5.5561483e-001
 5.5544466e-001
 5.5529040e-001
 5.5515212e-001
 5.5502987e-001
 5.5492347e-001
 5.5483264e-001
 5.5475658e-001
 5.5469447e-001
 5.5464500e-001
 5.5460674e-001
 5.5457801e-001
 5.5455709e-001
 5.5454230e-001
 5.5453205e-001
 5.5452478e-001
 5.5451924e-001
 5.5451459e-001
 5.5451030e-001
 5.5450624e-001
 5.5450255e-001
 5.5449945e-001
 5.5449730e-001
 5.5449641e-001
 5.5449694e-001
 5.5449861e-001
 5.5450076e-001
 5.5450177e-001
 5.5449927e-001
 5.5449009e-001
 5.5447060e-001
 5.5443662e-001
 5.5438405e-001
 5.5430877e-001
 5.5420691e-001
 5.5407530e-001
 5.5391157e-001
 5.5371499e-001
 5.5348617e-001
 5.5322719e-001
 5.5294114e-001
 5.5263174e-001
 5.5230278e-001
 5.5195796e-001
 5.5160040e-001
 5.5123174e-001
 5.5085123e-001
 5.5045491e-001
 5.5003542e-001
 5.4958200e-001
 5.4908180e-001
 5.4852021e-001
 5.4788244e-001
 5.4715341e-001
 5.4631907e-001
 5.4536718e-001
 5.4428816e-001
 5.4307681e-001
 5.4173237e-001
 5.4025781e-001
 5.3865957e-001
 5.3694528e-001
 5.3512371e-001
 5.3320366e-001
 5.3119206e-001
 5.2909428e-001
 5.2691060e-001
 5.2463645e-001
 5.2226102e-001
 5.1976699e-001
 5.1713419e-001
 5.1433861e-001
 5.1135635e-001
 5.0816375e-001
 5.0473773e-001
 5.0106061e-001
 4.9711937e-001
 4.9291074e-001
 4.8844129e-001
 4.8372450e-001
 4.7878176e-001
 4.7363845e-001
 4.6832022e-001
 4.6285659e-001
 4.5727634e-001
 4.5161352e-001
 4.4590759e-001
 4.4020334e-001
 4.3455634e-001
 4.2902672e-001
 4.2368206e-001
 4.1859293e-001
 4.1382912e-001
 4.0946162e-001
 4.0555501e-001
 4.0216660e-001
 3.9933866e-001
 3.9709219e-001
 3.9542708e-001
 3.9432216e-001
 3.9374191e-001
 3.9364171e-001
 3.9397269e-001
 3.9468455e-001
 3.9572772e-001
 3.9705446e-001
 3.9862043e-001
 4.0038672e-001
 4.0231940e-001
 4.0438920e-001
 4.0657136e-001
 4.0884221e-001
 4.1118026e-001
 4.1356382e-001
 4.1597176e-001
 4.1838461e-001
 4.2078328e-001
 4.2315164e-001
 4.2547482e-001
 4.2773992e-001
 4.2993614e-001
 4.3205264e-001
 4.3407997e-001
 4.3600845e-001
 4.3782914e-001
 4.3953514e-001
 4.4112110e-001
 4.4258553e-001
 4.4392982e-001
 4.4515860e-001
 4.4627926e-001
 4.4730008e-001
 4.4823012e-001
 4.4907916e-001
 4.4985661e-001
 4.5057270e-001
 4.5123780e-001
 4.5186281e-001
 4.5245957e-001
 4.5304021e-001
 4.5361754e-001
 4.5420444e-001
 4.5481369e-001
 4.5545799e-001
 4.5614862e-001
 4.5689502e-001
 4.5770273e-001
 4.5857233e-001
 4.5949915e-001
 4.6047330e-001
 4.6148160e-001
 4.6250838e-001
 4.6353701e-001
 4.6455118e-001
 4.6553519e-001
 4.6647525e-001
 4.6736139e-001
 4.6818781e-001
 4.6895432e-001
 4.6966502e-001
 4.7032747e-001
 4.7095150e-001
 4.7154763e-001
 4.7212684e-001
 4.7269964e-001
 4.7327557e-001
 4.7386286e-001
 4.7446746e-001
 4.7509316e-001
 4.7574154e-001
 4.7641259e-001
 4.7710562e-001
 4.7781914e-001
 4.7855189e-001
 4.7930229e-001
 4.8006874e-001
 4.8085016e-001
 4.8164511e-001
 4.8245272e-001
 4.8327205e-001
 4.8410222e-001
 4.8494267e-001
 4.8579261e-001
 4.8665118e-001
 4.8751771e-001
 4.8839077e-001
 4.8926896e-001
 4.9014983e-001
 4.9103025e-001
 4.9190679e-001
 4.9277511e-001
 4.9363101e-001
 4.9446970e-001
 4.9528715e-001
 4.9607885e-001
 4.9684176e-001
 4.9757406e-001
 4.9827513e-001
 4.9894685e-001
 4.9959260e-001
 5.0021732e-001
 5.0082612e-001
 5.0142497e-001
 5.0201982e-001
 5.0261575e-001
 5.0321764e-001
 5.0382876e-001
 5.0445026e-001
 5.0508165e-001
 5.0572032e-001
 5.0636250e-001
 5.0700325e-001
 5.0763750e-001
 5.0826031e-001
 5.0886631e-001
 5.0945127e-001
 5.1001155e-001
 5.1054430e-001
 5.1104832e-001
 5.1152349e-001
 5.1197004e-001
 5.1238930e-001
 5.1278251e-001
 5.1315117e-001
 5.1349664e-001
 5.1382053e-001
 5.1412475e-001
 5.1441097e-001
 5.1468158e-001
 5.1493883e-001
 5.1518518e-001
 5.1542324e-001
 5.1565558e-001
 5.1588476e-001
 5.1611292e-001
 5.1634204e-001
 5.1657319e-001
 5.1680630e-001
 5.1704031e-001
 5.1727313e-001
 5.1750171e-001
 5.1772285e-001
 5.1793289e-001
 5.1812822e-001
 5.1830524e-001
 5.1846081e-001
 5.1859194e-001
 5.1869625e-001
 5.1877195e-001
 5.1881790e-001
 5.1883316e-001
 5.1881719e-001
 5.1876950e-001
 5.1868999e-001
 5.1857877e-001
 5.1843679e-001
 5.1826620e-001
 5.1807106e-001
 5.1785713e-001
 5.1763201e-001
 5.1740462e-001
 5.1718450e-001
 5.1698148e-001
 5.1680535e-001
 5.1666504e-001
 5.1656771e-001
 5.1651800e-001
 5.1651680e-001
 5.1656073e-001
 5.1664293e-001
 5.1675355e-001
 5.1688123e-001
 5.1701403e-001
 5.1713967e-001
 5.1724648e-001
 5.1732409e-001
 5.1736403e-001
 5.1736081e-001
 5.1731187e-001
 5.1721752e-001
 5.1708019e-001
 5.1690346e-001
 5.1669151e-001
 5.1644897e-001
 5.1618040e-001
 5.1589048e-001
 5.1558417e-001
 5.1526654e-001
 5.1494282e-001
 5.1461846e-001
 5.1429927e-001
 5.1399082e-001
 5.1369870e-001
 5.1342875e-001
 5.1318592e-001
 5.1297462e-001
 5.1279813e-001
 5.1265758e-001
 5.1255244e-001
 5.1248026e-001
 5.1243746e-001
 5.1241940e-001
 5.1242137e-001
 5.1243818e-001
 5.1246476e-001
 5.1249570e-001
 5.1252544e-001
 5.1254809e-001
 5.1255727e-001
 5.1254636e-001
 5.1250857e-001
 5.1243687e-001
 5.1232415e-001
 5.1216352e-001
 5.1194811e-001
 5.1167166e-001
 5.1132876e-001
 5.1091498e-001
 5.1042694e-001
 5.0986272e-001
 5.0922096e-001
 5.0850052e-001
 5.0770110e-001
 5.0682199e-001
 5.0586247e-001
 5.0482148e-001
 5.0369823e-001
 5.0249094e-001
 5.0119704e-001
 4.9981457e-001
 4.9834019e-001
 4.9677038e-001
 4.9510267e-001
 4.9333370e-001
 4.9146092e-001
 4.8948225e-001
 4.8739874e-001
 4.8521233e-001
 4.8292735e-001
 4.8055205e-001
 4.7809464e-001
 4.7556439e-001
 4.7297284e-001
 4.7032997e-001
 4.6764588e-001
 4.6493298e-001
 4.6220210e-001
 4.5946535e-001
 4.5673487e-001
 4.5402530e-001
 4.5134979e-001
 4.4872177e-001
 4.4615653e-001
 4.4366717e-001
 4.4126597e-001
 4.3896508e-001
 4.3677184e-001
 4.3469003e-001
 4.3271837e-001
 4.3085274e-001
 4.2908466e-001
 4.2740378e-001
 4.2580026e-001
 4.2426294e-001
 4.2278138e-001
 4.2134771e-001
 4.1995564e-001
 4.1860247e-001
 4.1729033e-001
 4.1602400e-001
 4.1481110e-001
 4.1366056e-001
 4.1258246e-001
 4.1158542e-001
 4.1067567e-001
 4.0985492e-001
 4.0911558e-001
 4.0843859e-001
 4.0779230e-001
 4.0713304e-001
 4.0640867e-001
 4.0556195e-001
 4.0453470e-001
 4.0327010e-001
 4.0171820e-001
 3.9984521e-001
 3.9764148e-001
 3.9513105e-001
 3.9237756e-001
 3.8947701e-001
 3.8655093e-001
 3.8373512e-001
 3.8117361e-001
 3.7900776e-001
 3.7737152e-001
 3.7638211e-001
 3.7612548e-001
 3.7664768e-001
 3.7794921e-001
 3.7999022e-001
 3.8270149e-001
 3.8599381e-001
 3.8977122e-001
 3.9393443e-001
 3.9838582e-001
 4.0302801e-001
 4.0777287e-001
 4.1254085e-001
 4.1725823e-001
 4.2186323e-001
 4.2630002e-001
 4.3051362e-001
 4.3445459e-001
 4.3807474e-001
 4.4133094e-001
 4.4418609e-001
 4.4661921e-001
 4.4862759e-001
 4.5022768e-001
 4.5145610e-001
 4.5236278e-001
 4.5300522e-001
 4.5344537e-001
 4.5374537e-001
 4.5396495e-001
 4.5415851e-001
 4.5437083e-001
 4.5463395e-001
 4.5496541e-001
 4.5537010e-001
 4.5584345e-001
 4.5637482e-001
 4.5695123e-001
 4.5755878e-001
 4.5818344e-001
 4.5881259e-001
 4.5943555e-001
 4.6004435e-001
 4.6063361e-001
 4.6120101e-001
 4.6174622e-001
 4.6226972e-001
 4.6277285e-001
 4.6325704e-001
 4.6372312e-001
 4.6417141e-001
 4.6460095e-001
 4.6500868e-001
 4.6538991e-001
 4.6573800e-001
 4.6604517e-001
 4.6630254e-001
 4.6650130e-001
 4.6663263e-001
 4.6668860e-001
 4.6666291e-001
 4.6655211e-001
 4.6635666e-001
 4.6608132e-001
 4.6573457e-001
 4.6532777e-001
 4.6487418e-001
 4.6438754e-001
 4.6388158e-001
 4.6336970e-001
 4.6286330e-001
 4.6237114e-001
 4.6189860e-001
 4.6144670e-001
 4.6101272e-001
 4.6059161e-001
 4.6017632e-001
 4.5975915e-001
 4.5933199e-001
 4.5888698e-001
 4.5841607e-001
 4.5791143e-001
 4.5736584e-001
 4.5677203e-001
 4.5612308e-001
 4.5541263e-001
 4.5463416e-001
 4.5378137e-001
 4.5284820e-001
 4.5183027e-001
 4.5072442e-001
 4.4953072e-001
 4.4825453e-001
 4.4690523e-001
 4.4549653e-001
 4.4404647e-001
 4.4257393e-001
 4.4109869e-001
 4.3964139e-001
 4.3822074e-001
 4.3685356e-001
 4.3555266e-001
 4.3432674e-001
 4.3317789e-001
 4.3210328e-001
 4.3109715e-001
 4.3015063e-001
 4.2925403e-001
 4.2839813e-001
 4.2757368e-001
 4.2677325e-001
 4.2599192e-001
 4.2522892e-001
 4.2448705e-001
 4.2377263e-001
 4.2309526e-001
 4.2246556e-001
 4.2189482e-001
 4.2139432e-001
 4.2097354e-001
 4.2063892e-001
 4.2039156e-001
 4.2022553e-001
 4.2012674e-001
 4.2007399e-001
 4.2004082e-001
 4.1999754e-001
 4.1991329e-001
 4.1975740e-001
 4.1950122e-001
 4.1912034e-001
 4.1859820e-001
 4.1792807e-001
 4.1711450e-001
 4.1617185e-001
 4.1512269e-001
 4.1399330e-001
 4.1281182e-001
 4.1160765e-001
 4.1040817e-001
 4.0923810e-001
 4.0811834e-001
 4.0706274e-001
 4.0607849e-001
 4.0516639e-001
 4.0432319e-001
 4.0354213e-001
 4.0281513e-001
 4.0213415e-001
 4.0149066e-001
 4.0087655e-001
 4.0028498e-001
 3.9970958e-001
 3.9914533e-001
 3.9858860e-001
 3.9803606e-001
 3.9748511e-001
 3.9693317e-001
 3.9637804e-001
 3.9581704e-001
 3.9524701e-001
 3.9466465e-001
 3.9406532e-001
 3.9344350e-001
 3.9279321e-001
 3.9210734e-001
 3.9137855e-001
 3.9059925e-001
 3.8976237e-001
 3.8886058e-001
 3.8788682e-001
 3.8683519e-001
 3.8574260e-001
 3.8481033e-001
 3.8352430e-001
 3.8220558e-001
 3.8087758e-001
 3.7956405e-001
 3.7828839e-001
 3.7707496e-001
 3.7594712e-001
 3.7492865e-001
 3.7404323e-001
 3.7331191e-001
 3.7273234e-001
 3.7228858e-001
 3.7196481e-001
 3.7174523e-001
 3.7161392e-001
 3.7155509e-001
 3.7155288e-001
 3.7159151e-001
 3.7165505e-001
 3.7172768e-001
 3.7179357e-001
 3.7183681e-001
 3.7184167e-001
 3.7179342e-001
 3.7168831e-001
 3.7152836e-001
 3.7131557e-001
 3.7105224e-001
 3.7074035e-001
 3.7038198e-001
 3.6997920e-001
 3.6953428e-001
 3.6904916e-001
 3.6852598e-001
 3.6796674e-001
 3.6737373e-001
 3.6674899e-001
 3.6609456e-001
 3.6541259e-001
 3.6470491e-001
 3.6397403e-001
 3.6322191e-001
 3.6245063e-001
 3.6166218e-001
 3.6085910e-001
 3.6004329e-001
 3.5921699e-001
 3.5838208e-001
 3.5754120e-001
 3.5669622e-001
 3.5584930e-001
 3.5500264e-001
 3.5415819e-001
 3.5331845e-001
 3.5248542e-001
 3.5166126e-001
 3.5084790e-001
 3.5004789e-001
 3.4926322e-001
 3.4849596e-001
 3.4774816e-001
 3.4702232e-001
 3.4632042e-001
 3.4564427e-001
 3.4499320e-001
 3.4436569e-001
 3.4375978e-001
 3.4317359e-001
 3.4260529e-001
 3.4205300e-001
 3.4151506e-001
 3.4098956e-001
 3.4047467e-001
 3.3996838e-001
 3.3946919e-001
 3.3897510e-001
 3.3848429e-001
 3.3799481e-001
 3.3750507e-001
 3.3701316e-001
 3.3651718e-001
 3.3601534e-001
 3.3550566e-001
 3.3498663e-001
 3.3445621e-001
 3.3391264e-001
 3.3335391e-001
 3.3277848e-001
 3.3218437e-001
 3.3157003e-001
 3.3093551e-001
 3.3028242e-001
 3.2961184e-001
 3.2892498e-001
 3.2822305e-001
 3.2750714e-001
 3.2677886e-001
 3.2603920e-001
 3.2528946e-001
 3.2453069e-001
 3.2376444e-001
 3.2299179e-001
 3.2221398e-001
 3.2143205e-001
 3.2064760e-001
 3.1986168e-001
 3.1907558e-001
 3.1829026e-001
 3.1750742e-001
 3.1672800e-001
 3.1595331e-001
 3.1518453e-001
 3.1442282e-001
 3.1366965e-001
 3.1292614e-001
 3.1219351e-001
 3.1147283e-001
 3.1076568e-001
 3.1007311e-001
 3.0939621e-001
 3.0873474e-001
 3.0808845e-001
 3.0745643e-001
