s07_ASD Record=13087: Cordierite-QtzMus HS346.3B    BECKc AREF
 1.7961806e-001
 1.8107012e-001
 1.8248886e-001
 1.8383947e-001
 1.8509305e-001
 1.8623555e-001
 1.8726893e-001
 1.8820623e-001
 1.8906642e-001
 1.8987046e-001
 1.9063883e-001
 1.9139037e-001
 1.9214179e-001
 1.9290718e-001
 1.9369580e-001
 1.9450894e-001
 1.9533908e-001
 1.9617364e-001
 1.9700046e-001
 1.9781438e-001
 1.9862217e-001
 1.9944417e-001
 2.0031053e-001
 2.0125267e-001
 2.0229414e-001
 2.0344006e-001
 2.0466448e-001
 2.0590773e-001
 2.0709512e-001
 2.0816542e-001
 2.0908962e-001
 2.0987257e-001
 2.1053928e-001
 2.1112433e-001
 2.1167125e-001
 2.1222718e-001
 2.1283947e-001
 2.1355779e-001
 2.1442775e-001
 2.1547167e-001
 2.1666905e-001
 2.1795245e-001
 2.1922651e-001
 2.2040369e-001
 2.2143655e-001
 2.2233054e-001
 2.2313228e-001
 2.2390358e-001
 2.2469436e-001
 2.2552630e-001
 2.2639032e-001
 2.2725585e-001
 2.2808661e-001
 2.2885625e-001
 2.2955863e-001
 2.3020901e-001
 2.3083870e-001
 2.3147877e-001
 2.3214427e-001
 2.3282935e-001
 2.3349428e-001
 2.3411712e-001
 2.3470023e-001
 2.3524930e-001
 2.3578693e-001
 2.3633628e-001
 2.3688619e-001
 2.3740371e-001
 2.3785363e-001
 2.3821655e-001
 2.3850302e-001
 2.3875014e-001
 2.3900127e-001
 2.3928621e-001
 2.3961242e-001
 2.3996851e-001
 2.4033642e-001
 2.4070390e-001
 2.4107088e-001
 2.4144861e-001
 2.4185473e-001
 2.4230765e-001
 2.4282083e-001
 2.4339597e-001
 2.4401675e-001
 2.4464712e-001
 2.4523890e-001
 2.4574818e-001
 2.4615243e-001
 2.4645922e-001
 2.4670161e-001
 2.4692541e-001
 2.4717687e-001
 2.4749678e-001
 2.4791780e-001
 2.4845812e-001
 2.4910834e-001
 2.4982098e-001
 2.5051999e-001
 2.5113419e-001
 2.5163567e-001
 2.5205696e-001
 2.5247324e-001
 2.5296220e-001
 2.5356349e-001
 2.5425914e-001
 2.5499493e-001
 2.5572011e-001
 2.5640771e-001
 2.5704584e-001
 2.5762081e-001
 2.5811854e-001
 2.5854266e-001
 2.5892144e-001
 2.5928691e-001
 2.5964415e-001
 2.5996891e-001
 2.6024070e-001
 2.6047516e-001
 2.6071444e-001
 2.6098606e-001
 2.6128468e-001
 2.6160514e-001
 2.6198307e-001
 2.6248032e-001
 2.6311967e-001
 2.6383826e-001
 2.6450852e-001
 2.6500550e-001
 2.6526621e-001
 2.6531124e-001
 2.6522642e-001
 2.6511887e-001
 2.6507479e-001
 2.6514930e-001
 2.6538551e-001
 2.6582450e-001
 2.6647666e-001
 2.6727816e-001
 2.6809004e-001
 2.6876700e-001
 2.6924890e-001
 2.6959488e-001
 2.6992682e-001
 2.7033374e-001
 2.7082187e-001
 2.7133951e-001
 2.7183005e-001
 2.7225426e-001
 2.7258480e-001
 2.7281073e-001
 2.7295390e-001
 2.7306035e-001
 2.7316070e-001
 2.7324891e-001
 2.7331620e-001
 2.7340242e-001
 2.7359381e-001
 2.7395824e-001
 2.7449411e-001
 2.7515206e-001
 2.7588660e-001
 2.7666035e-001
 2.7741164e-001
 2.7805826e-001
 2.7854165e-001
 2.7884796e-001
 2.7899313e-001
 2.7902061e-001
 2.7901781e-001
 2.7909744e-001
 2.7933630e-001
 2.7973127e-001
 2.8020811e-001
 2.8065267e-001
 2.8093618e-001
 2.8095794e-001
 2.8072557e-001
 2.8041577e-001
 2.8031412e-001
 2.8062442e-001
 2.8130502e-001
 2.8210402e-001
 2.8276756e-001
 2.8321066e-001
 2.8350213e-001
 2.8372961e-001
 2.8392160e-001
 2.8409481e-001
 2.8431004e-001
 2.8461680e-001
 2.8496116e-001
 2.8521919e-001
 2.8533885e-001
 2.8540391e-001
 2.8553483e-001
 2.8575805e-001
 2.8601128e-001
 2.8627095e-001
 2.8661275e-001
 2.8709596e-001
 2.8762996e-001
 2.8803727e-001
 2.8824565e-001
 2.8834823e-001
 2.8847146e-001
 2.8864762e-001
 2.8883636e-001
 2.8902707e-001
 2.8927800e-001
 2.8964767e-001
 2.9010081e-001
 2.9050660e-001
 2.9075295e-001
 2.9086807e-001
 2.9100096e-001
 2.9124931e-001
 2.9153669e-001
 2.9171574e-001
 2.9176873e-001
 2.9182965e-001
 2.9201055e-001
 2.9227847e-001
 2.9253048e-001
 2.9274863e-001
 2.9302466e-001
 2.9341468e-001
 2.9383287e-001
 2.9415861e-001
 2.9439241e-001
 2.9460359e-001
 2.9478654e-001
 2.9491386e-001
 2.9508927e-001
 2.9547814e-001
 2.9608449e-001
 2.9672834e-001
 2.9724410e-001
 2.9759434e-001
 2.9779038e-001
 2.9780293e-001
 2.9759741e-001
 2.9723087e-001
 2.9687503e-001
 2.9670882e-001
 2.9675940e-001
 2.9685542e-001
 2.9678896e-001
 2.9658541e-001
 2.9656973e-001
 2.9702783e-001
 2.9784936e-001
 2.9864955e-001
 2.9920718e-001
 2.9964012e-001
 3.0007613e-001
 3.0035880e-001
 3.0030262e-001
 3.0001634e-001
 2.9974443e-001
 2.9961240e-001
 2.9968005e-001
 2.9998311e-001
 3.0038169e-001
 3.0062494e-001
 3.0069065e-001
 3.0075675e-001
 3.0078381e-001
 3.0056244e-001
 3.0014992e-001
 2.9981890e-001
 2.9971424e-001
 2.9987910e-001
 3.0039936e-001
 3.0128786e-001
 3.0234581e-001
 3.0325359e-001
 3.0377096e-001
 3.0384725e-001
 3.0359662e-001
 3.0319855e-001
 3.0281633e-001
 3.0257967e-001
 3.0259901e-001
 3.0287516e-001
 3.0319342e-001
 3.0330178e-001
 3.0325732e-001
 3.0336553e-001
 3.0369949e-001
 3.0399683e-001
 3.0412284e-001
 3.0425435e-001
 3.0446634e-001
 3.0451971e-001
 3.0424985e-001
 3.0388600e-001
 3.0381784e-001
 3.0418760e-001
 3.0478919e-001
 3.0530730e-001
 3.0562255e-001
 3.0586272e-001
 3.0617499e-001
 3.0653113e-001
 3.0676824e-001
 3.0675158e-001
 3.0648854e-001
 3.0613279e-001
 3.0588508e-001
 3.0584154e-001
 3.0591643e-001
 3.0598167e-001
 3.0610529e-001
 3.0652452e-001
 3.0730695e-001
 3.0816522e-001
 3.0868015e-001
 3.0861592e-001
 3.0812111e-001
 3.0767515e-001
 3.0772406e-001
 3.0831793e-001
 3.0914208e-001
 3.0984199e-001
 3.1025302e-001
 3.1040192e-001
 3.1038696e-001
 3.1028220e-001
 3.1012407e-001
 3.0994630e-001
 3.0980381e-001
 3.0975333e-001
 3.0980054e-001
 3.0986971e-001
 3.0985135e-001
 3.0971098e-001
 3.0955750e-001
 3.0958053e-001
 3.0988997e-001
 3.1040549e-001
 3.1090713e-001
 3.1119546e-001
 3.1121320e-001
 3.1105205e-001
 3.1089488e-001
 3.1095162e-001
 3.1137052e-001
 3.1211394e-001
 3.1289607e-001
 3.1330419e-001
 3.1307185e-001
 3.1230897e-001
 3.1155398e-001
 3.1138602e-001
 3.1186420e-001
 3.1255892e-001
 3.1309727e-001
 3.1354457e-001
 3.1400004e-001
 3.1422889e-001
 3.1410080e-001
 3.1395608e-001
 3.1407994e-001
 3.1425720e-001
 3.1430843e-001
 3.1454203e-001
 3.1513235e-001
 3.1558523e-001
 3.1540322e-001
 3.1480649e-001
 3.1432965e-001
 3.1418046e-001
 3.1434900e-001
 3.1486410e-001
 3.1553787e-001
 3.1584358e-001
 3.1551662e-001
 3.1499919e-001
 3.1491002e-001
 3.1535584e-001
 3.1599227e-001
 3.1647730e-001
 3.1673720e-001
 3.1694749e-001
 3.1731164e-001
 3.1782898e-001
 3.1824240e-001
 3.1826302e-001
 3.1797156e-001
 3.1782359e-001
 3.1798947e-001
 3.1804869e-001
 3.1775376e-001
 3.1757903e-001
 3.1797427e-001
 3.1858373e-001
 3.1884849e-001
 3.1858322e-001
 3.1808734e-001
 3.1768015e-001
 3.1730378e-001
 3.1695339e-001
 3.1688151e-001
 3.1729880e-001
 3.1811428e-001
 3.1897780e-001
 3.1953621e-001
 3.1970909e-001
 3.1969994e-001
 3.1973985e-001
 3.1987277e-001
 3.1995618e-001
 3.1983757e-001
 3.1951600e-001
 3.1914356e-001
 3.1889158e-001
 3.1883639e-001
 3.1895339e-001
 3.1917399e-001
 3.1940532e-001
 3.1953958e-001
 3.1950885e-001
 3.1937349e-001
 3.1929678e-001
 3.1940326e-001
 3.1967181e-001
 3.1991437e-001
 3.1985506e-001
 3.1944820e-001
 3.1871971e-001
 3.1797636e-001
 3.1742769e-001
 3.1712294e-001
 3.1704706e-001
 3.1718487e-001
 3.1751215e-001
 3.1794593e-001
 3.1837928e-001
 3.1870538e-001
 3.1883219e-001
 3.1876487e-001
 3.1854835e-001
 3.1822735e-001
 3.1784612e-001
 3.1744412e-001
 3.1705889e-001
 3.1672803e-001
 3.1648195e-001
 3.1630266e-001
 3.1612784e-001
 3.1596431e-001
 3.1574950e-001
 3.1546971e-001
 3.1513435e-001
 3.1475359e-001
 3.1433794e-001
 3.1389841e-001
 3.1346411e-001
 3.1308204e-001
 3.1279990e-001
 3.1266555e-001
 3.1272364e-001
 3.1295165e-001
 3.1326076e-001
 3.1355923e-001
 3.1375536e-001
 3.1376103e-001
 3.1356373e-001
 3.1322590e-001
 3.1281275e-001
 3.1238973e-001
 3.1202215e-001
 3.1175664e-001
 3.1156722e-001
 3.1141040e-001
 3.1124252e-001
 3.1102005e-001
 3.1069937e-001
 3.1025323e-001
 3.0971739e-001
 3.0914238e-001
 3.0857912e-001
 3.0807814e-001
 3.0769044e-001
 3.0746660e-001
 3.0743608e-001
 3.0754748e-001
 3.0773002e-001
 3.0791283e-001
 3.0802527e-001
 3.0799651e-001
 3.0775571e-001
 3.0723220e-001
 3.0638474e-001
 3.0528414e-001
 3.0402714e-001
 3.0271101e-001
 3.0143237e-001
 3.0028856e-001
 2.9937634e-001
 2.9879260e-001
 2.9860488e-001
 2.9876980e-001
 2.9921836e-001
 2.9988167e-001
 3.0069056e-001
 3.0157623e-001
 3.0246946e-001
 3.0330145e-001
 3.0401564e-001
 3.0460221e-001
 3.0506188e-001
 3.0539545e-001
 3.0560377e-001
 3.0568761e-001
 3.0564773e-001
 3.0548486e-001
 3.0519992e-001
 3.0479363e-001
 3.0426675e-001
 3.0362013e-001
 3.0285886e-001
 3.0200407e-001
 3.0108020e-001
 3.0011207e-001
 2.9912406e-001
 2.9814106e-001
 2.9718745e-001
 2.9628789e-001
 2.9546711e-001
 2.9474950e-001
 2.9415989e-001
 2.9372275e-001
 2.9345304e-001
 2.9333058e-001
 2.9332754e-001
 2.9341611e-001
 2.9356840e-001
 2.9375663e-001
 2.9395285e-001
 2.9412925e-001
 2.9425806e-001
 2.9431131e-001
 2.9426128e-001
 2.9409033e-001
 2.9381737e-001
 2.9346922e-001
 2.9307261e-001
 2.9265448e-001
 2.9224151e-001
 2.9186058e-001
 2.9153851e-001
 2.9130214e-001
 2.9117814e-001
 2.9118359e-001
 2.9130140e-001
 2.9150707e-001
 2.9177603e-001
 2.9208383e-001
 2.9240602e-001
 2.9271811e-001
 2.9299551e-001
 2.9321381e-001
 2.9334846e-001
 2.9338109e-001
 2.9331380e-001
 2.9315311e-001
 2.9290563e-001
 2.9257780e-001
 2.9217634e-001
 2.9170766e-001
 2.9117832e-001
 2.9059494e-001
 2.8996402e-001
 2.8929690e-001
 2.8862086e-001
 2.8796667e-001
 2.8736490e-001
 2.8684649e-001
 2.8644192e-001
 2.8618202e-001
 2.8609750e-001
 2.8621897e-001
 2.8655830e-001
 2.8706446e-001
 2.8767323e-001
 2.8832057e-001
 2.8894216e-001
 2.8947398e-001
 2.8985178e-001
 2.9001150e-001
 2.8991255e-001
 2.8959215e-001
 2.8910360e-001
 2.8850007e-001
 2.8783485e-001
 2.8716108e-001
 2.8653219e-001
 2.8600127e-001
 2.8560972e-001
 2.8536060e-001
 2.8524905e-001
 2.8527012e-001
 2.8541902e-001
 2.8569084e-001
 2.8608078e-001
 2.8658387e-001
 2.8718451e-001
 2.8783163e-001
 2.8846744e-001
 2.8898028e-001
 2.8938603e-001
 2.8960291e-001
 2.8959683e-001
 2.8937721e-001
 2.8899163e-001
 2.8851378e-001
 2.8802982e-001
 2.8762746e-001
 2.8738025e-001
 2.8732303e-001
 2.8743640e-001
 2.8766200e-001
 2.8792647e-001
 2.8815815e-001
 2.8830257e-001
 2.8833854e-001
 2.8828299e-001
 2.8818145e-001
 2.8809249e-001
 2.8807393e-001
 2.8816935e-001
 2.8839564e-001
 2.8873849e-001
 2.8915927e-001
 2.8960726e-001
 2.9003030e-001
 2.9038385e-001
 2.9063720e-001
 2.9077575e-001
 2.9079816e-001
 2.9071206e-001
 2.9053241e-001
 2.9028386e-001
 2.9000428e-001
 2.8974581e-001
 2.8957090e-001
 2.8954396e-001
 2.8971794e-001
 2.9011819e-001
 2.9131377e-001
 2.9168150e-001
 2.9205889e-001
 2.9241925e-001
 2.9273912e-001
 2.9300141e-001
 2.9319802e-001
 2.9333055e-001
 2.9340947e-001
 2.9345196e-001
 2.9347780e-001
 2.9350501e-001
 2.9354605e-001
 2.9360566e-001
 2.9368162e-001
 2.9376718e-001
 2.9385439e-001
 2.9393697e-001
 2.9401219e-001
 2.9408148e-001
 2.9414985e-001
 2.9422432e-001
 2.9431239e-001
 2.9442069e-001
 2.9455394e-001
 2.9471451e-001
 2.9490188e-001
 2.9511288e-001
 2.9534200e-001
 2.9558247e-001
 2.9582709e-001
 2.9606900e-001
 2.9630202e-001
 2.9652077e-001
 2.9672065e-001
 2.9689801e-001
 2.9705021e-001
 2.9717606e-001
 2.9727620e-001
 2.9735324e-001
 2.9741195e-001
 2.9745892e-001
 2.9750186e-001
 2.9754874e-001
 2.9760650e-001
 2.9768008e-001
 2.9777136e-001
 2.9787892e-001
 2.9799816e-001
 2.9812235e-001
 2.9824400e-001
 2.9835674e-001
 2.9845685e-001
 2.9854447e-001
 2.9862383e-001
 2.9870266e-001
 2.9879075e-001
 2.9889795e-001
 2.9903233e-001
 2.9919842e-001
 2.9939643e-001
 2.9962215e-001
 2.9986754e-001
 3.0012184e-001
 3.0037269e-001
 3.0060729e-001
 3.0081350e-001
 3.0098027e-001
 3.0109879e-001
 3.0116296e-001
 3.0117047e-001
 3.0112350e-001
 3.0102900e-001
 3.0089858e-001
 3.0074733e-001
 3.0059204e-001
 3.0044845e-001
 3.0032927e-001
 3.0024213e-001
 3.0018905e-001
 3.0016696e-001
 3.0016971e-001
 3.0019045e-001
 3.0022421e-001
 3.0026972e-001
 3.0032989e-001
 3.0041087e-001
 3.0052024e-001
 3.0066413e-001
 3.0084494e-001
 3.0105942e-001
 3.0129820e-001
 3.0154666e-001
 3.0178690e-001
 3.0200094e-001
 3.0217350e-001
 3.0229506e-001
 3.0236346e-001
 3.0238450e-001
 3.0237088e-001
 3.0234009e-001
 3.0231133e-001
 3.0230224e-001
 3.0232599e-001
 3.0238938e-001
 3.0249229e-001
 3.0262843e-001
 3.0278713e-001
 3.0295584e-001
 3.0312267e-001
 3.0327830e-001
 3.0341715e-001
 3.0353740e-001
 3.0364025e-001
 3.0372834e-001
 3.0380428e-001
 3.0386901e-001
 3.0392134e-001
 3.0395794e-001
 3.0397439e-001
 3.0396703e-001
 3.0393490e-001
 3.0388126e-001
 3.0381438e-001
 3.0374709e-001
 3.0369473e-001
 3.0367258e-001
 3.0369237e-001
 3.0375946e-001
 3.0387107e-001
 3.0401579e-001
 3.0417523e-001
 3.0432668e-001
 3.0444688e-001
 3.0451587e-001
 3.0452010e-001
 3.0445451e-001
 3.0432326e-001
 3.0413878e-001
 3.0391985e-001
 3.0368870e-001
 3.0346802e-001
 3.0327785e-001
 3.0313340e-001
 3.0304337e-001
 3.0300957e-001
 3.0302745e-001
 3.0308738e-001
 3.0317670e-001
 3.0328181e-001
 3.0339050e-001
 3.0349347e-001
 3.0358535e-001
 3.0366489e-001
 3.0373421e-001
 3.0379763e-001
 3.0385977e-001
 3.0392408e-001
 3.0399168e-001
 3.0406076e-001
 3.0412722e-001
 3.0418563e-001
 3.0423084e-001
 3.0425942e-001
 3.0427092e-001
 3.0426824e-001
 3.0425709e-001
 3.0424497e-001
 3.0423933e-001
 3.0424622e-001
 3.0426860e-001
 3.0430585e-001
 3.0435374e-001
 3.0440533e-001
 3.0445245e-001
 3.0448747e-001
 3.0450505e-001
 3.0450380e-001
 3.0448675e-001
 3.0446154e-001
 3.0443931e-001
 3.0443305e-001
 3.0445549e-001
 3.0451676e-001
 3.0462238e-001
 3.0477187e-001
 3.0495837e-001
 3.0516893e-001
 3.0538619e-001
 3.0559027e-001
 3.0576167e-001
 3.0588365e-001
 3.0594465e-001
 3.0593976e-001
 3.0587128e-001
 3.0574840e-001
 3.0558565e-001
 3.0540106e-001
 3.0521366e-001
 3.0504146e-001
 3.0489936e-001
 3.0479786e-001
 3.0474249e-001
 3.0473375e-001
 3.0476746e-001
 3.0483568e-001
 3.0492765e-001
 3.0503100e-001
 3.0513316e-001
 3.0522245e-001
 3.0528936e-001
 3.0532771e-001
 3.0533525e-001
 3.0531389e-001
 3.0526951e-001
 3.0521110e-001
 3.0514950e-001
 3.0509606e-001
 3.0506128e-001
 3.0505368e-001
 3.0507913e-001
 3.0514076e-001
 3.0523896e-001
 3.0537173e-001
 3.0553517e-001
 3.0572361e-001
 3.0592993e-001
 3.0614564e-001
 3.0636108e-001
 3.0656600e-001
 3.0675012e-001
 3.0690423e-001
 3.0702111e-001
 3.0709654e-001
 3.0713004e-001
 3.0712482e-001
 3.0708757e-001
 3.0702767e-001
 3.0695620e-001
 3.0688459e-001
 3.0682367e-001
 3.0678275e-001
 3.0676875e-001
 3.0678579e-001
 3.0683488e-001
 3.0691367e-001
 3.0701670e-001
 3.0713570e-001
 3.0726039e-001
 3.0737969e-001
 3.0748308e-001
 3.0756208e-001
 3.0761153e-001
 3.0763018e-001
 3.0762058e-001
 3.0758828e-001
 3.0754036e-001
 3.0748361e-001
 3.0742311e-001
 3.0736133e-001
 3.0729803e-001
 3.0723101e-001
 3.0715758e-001
 3.0707607e-001
 3.0698738e-001
 3.0689546e-001
 3.0680752e-001
 3.0673304e-001
 3.0668259e-001
 3.0666596e-001
 3.0669075e-001
 3.0676112e-001
 3.0687702e-001
 3.0703396e-001
 3.0722323e-001
 3.0743274e-001
 3.0764788e-001
 3.0785280e-001
 3.0803180e-001
 3.0817071e-001
 3.0825850e-001
 3.0828834e-001
 3.0825844e-001
 3.0817252e-001
 3.0803928e-001
 3.0787149e-001
 3.0768442e-001
 3.0749372e-001
 3.0731362e-001
 3.0715501e-001
 3.0702427e-001
 3.0692285e-001
 3.0684790e-001
 3.0679336e-001
 3.0675191e-001
 3.0671704e-001
 3.0668476e-001
 3.0665502e-001
 3.0663168e-001
 3.0662191e-001
 3.0663416e-001
 3.0667603e-001
 3.0675179e-001
 3.0686063e-001
 3.0699614e-001
 3.0714691e-001
 3.0729824e-001
 3.0743492e-001
 3.0754387e-001
 3.0761635e-001
 3.0764920e-001
 3.0764478e-001
 3.0761024e-001
 3.0755553e-001
 3.0749175e-001
 3.0742937e-001
 3.0737710e-001
 3.0734128e-001
 3.0732578e-001
 3.0733225e-001
 3.0736020e-001
 3.0740750e-001
 3.0747041e-001
 3.0754408e-001
 3.0762285e-001
 3.0770087e-001
 3.0777293e-001
 3.0783510e-001
 3.0788529e-001
 3.0792338e-001
 3.0795094e-001
 3.0797067e-001
 3.0798548e-001
 3.0799782e-001
 3.0800915e-001
 3.0802000e-001
 3.0803031e-001
 3.0804002e-001
 3.0804962e-001
 3.0806050e-001
 3.0807480e-001
 3.0809483e-001
 3.0812243e-001
 3.0815801e-001
 3.0820030e-001
 3.0824599e-001
 3.0829033e-001
 3.0832767e-001
 3.0835241e-001
 3.0835962e-001
 3.0834541e-001
 3.0830699e-001
 3.0824271e-001
 3.0815163e-001
 3.0803367e-001
 3.0788967e-001
 3.0772161e-001
 3.0753297e-001
 3.0732858e-001
 3.0711421e-001
 3.0689585e-001
 3.0667835e-001
 3.0646467e-001
 3.0625534e-001
 3.0604839e-001
 3.0584067e-001
 3.0562922e-001
 3.0541259e-001
 3.0519220e-001
 3.0497202e-001
 3.0475751e-001
 3.0455345e-001
 3.0436110e-001
 3.0417606e-001
 3.0398649e-001
 3.0377346e-001
 3.0351231e-001
 3.0317512e-001
 3.0273449e-001
 3.0216607e-001
 3.0145153e-001
 3.0057967e-001
 2.9954657e-001
 2.9835588e-001
 2.9701713e-001
 2.9554567e-001
 2.9396155e-001
 2.9228818e-001
 2.9055250e-001
 2.8878349e-001
 2.8700987e-001
 2.8526008e-001
 2.8355885e-001
 2.8192762e-001
 2.8038317e-001
 2.7893776e-001
 2.7760121e-001
 2.7638116e-001
 2.7528557e-001
 2.7432302e-001
 2.7350259e-001
 2.7283397e-001
 2.7232552e-001
 2.7198389e-001
 2.7181292e-001
 2.7181354e-001
 2.7198485e-001
 2.7232468e-001
 2.7283099e-001
 2.7350199e-001
 2.7433634e-001
 2.7533150e-001
 2.7648285e-001
 2.7778122e-001
 2.7921200e-001
 2.8075516e-001
 2.8238478e-001
 2.8407085e-001
 2.8578177e-001
 2.8748494e-001
 2.8915021e-001
 2.9074985e-001
 2.9226020e-001
 2.9366276e-001
 2.9494342e-001
 2.9609415e-001
 2.9711214e-001
 2.9800034e-001
 2.9876724e-001
 2.9942521e-001
 2.9998967e-001
 3.0047646e-001
 3.0090007e-001
 3.0127198e-001
 3.0159920e-001
 3.0188471e-001
 3.0212790e-001
 3.0232665e-001
 3.0247924e-001
 3.0258632e-001
 3.0265230e-001
 3.0268568e-001
 3.0269846e-001
 3.0270448e-001
 3.0271730e-001
 3.0274776e-001
 3.0280223e-001
 3.0288154e-001
 3.0298117e-001
 3.0309269e-001
 3.0320615e-001
 3.0331278e-001
 3.0340728e-001
 3.0348921e-001
 3.0356273e-001
 3.0363488e-001
 3.0371299e-001
 3.0380172e-001
 3.0390090e-001
 3.0400509e-001
 3.0410454e-001
 3.0418834e-001
 3.0424768e-001
 3.0427930e-001
 3.0428708e-001
 3.0428198e-001
 3.0427983e-001
 3.0429769e-001
 3.0434984e-001
 3.0444485e-001
 3.0458367e-001
 3.0476022e-001
 3.0496320e-001
 3.0517897e-001
 3.0539474e-001
 3.0560043e-001
 3.0579010e-001
 3.0596158e-001
 3.0611575e-001
 3.0625531e-001
 3.0638370e-001
 3.0650449e-001
 3.0662116e-001
 3.0673715e-001
 3.0685568e-001
 3.0697933e-001
 3.0710939e-001
 3.0724475e-001
 3.0738148e-001
 3.0751240e-001
 3.0762783e-001
 3.0771688e-001
 3.0776939e-001
 3.0777815e-001
 3.0774057e-001
 3.0765969e-001
 3.0754441e-001
 3.0740836e-001
 3.0726823e-001
 3.0714127e-001
 3.0704316e-001
 3.0698568e-001
 3.0697536e-001
 3.0701286e-001
 3.0709314e-001
 3.0720654e-001
 3.0734032e-001
 3.0748093e-001
 3.0761564e-001
 3.0773458e-001
 3.0783165e-001
 3.0790520e-001
 3.0795738e-001
 3.0799335e-001
 3.0801949e-001
 3.0804187e-001
 3.0806440e-001
 3.0808771e-001
 3.0810857e-001
 3.0812061e-001
 3.0811584e-001
 3.0808654e-001
 3.0802712e-001
 3.0793521e-001
 3.0781218e-001
 3.0766350e-001
 3.0749872e-001
 3.0733046e-001
 3.0717272e-001
 3.0703858e-001
 3.0693796e-001
 3.0687633e-001
 3.0685407e-001
 3.0686712e-001
 3.0690819e-001
 3.0696872e-001
 3.0704051e-001
 3.0711678e-001
 3.0719224e-001
 3.0726311e-001
 3.0732664e-001
 3.0738065e-001
 3.0742323e-001
 3.0745244e-001
 3.0746630e-001
 3.0746290e-001
 3.0744070e-001
 3.0739895e-001
 3.0733809e-001
 3.0726036e-001
 3.0717009e-001
 3.0707359e-001
 3.0697903e-001
 3.0689543e-001
 3.0683157e-001
 3.0679476e-001
 3.0678996e-001
 3.0681884e-001
 3.0687976e-001
 3.0696756e-001
 3.0707383e-001
 3.0718753e-001
 3.0729628e-001
 3.0738798e-001
 3.0745259e-001
 3.0748358e-001
 3.0747917e-001
 3.0744249e-001
 3.0738112e-001
 3.0730626e-001
 3.0723104e-001
 3.0716875e-001
 3.0713126e-001
 3.0712762e-001
 3.0716333e-001
 3.0723959e-001
 3.0735338e-001
 3.0749753e-001
 3.0766132e-001
 3.0783132e-001
 3.0799240e-001
 3.0812970e-001
 3.0822998e-001
 3.0828357e-001
 3.0828556e-001
 3.0823654e-001
 3.0814242e-001
 3.0801344e-001
 3.0786273e-001
 3.0770433e-001
 3.0755123e-001
 3.0741391e-001
 3.0729905e-001
 3.0720934e-001
 3.0714351e-001
 3.0709717e-001
 3.0706406e-001
 3.0703720e-001
 3.0701011e-001
 3.0697772e-001
 3.0693677e-001
 3.0688602e-001
 3.0682585e-001
 3.0675811e-001
 3.0668518e-001
 3.0660972e-001
 3.0653414e-001
 3.0646026e-001
 3.0638942e-001
 3.0632222e-001
 3.0625895e-001
 3.0619958e-001
 3.0614412e-001
 3.0609259e-001
 3.0604526e-001
 3.0600262e-001
 3.0596533e-001
 3.0593413e-001
 3.0590996e-001
 3.0589357e-001
 3.0588576e-001
 3.0588725e-001
 3.0589867e-001
 3.0592063e-001
 3.0595377e-001
 3.0599868e-001
 3.0605572e-001
 3.0612493e-001
 3.0620560e-001
 3.0629578e-001
 3.0639175e-001
 3.0648762e-001
 3.0657506e-001
 3.0664325e-001
 3.0667961e-001
 3.0667087e-001
 3.0660474e-001
 3.0647203e-001
 3.0626872e-001
 3.0599788e-001
 3.0567050e-001
 3.0530569e-001
 3.0492893e-001
 3.0456957e-001
 3.0425698e-001
 3.0401629e-001
 3.0386487e-001
 3.0380929e-001
 3.0384418e-001
 3.0395302e-001
 3.0411044e-001
 3.0428654e-001
 3.0445209e-001
 3.0458364e-001
 3.0466756e-001
 3.0470261e-001
 3.0469918e-001
 3.0467668e-001
 3.0465916e-001
 3.0467060e-001
 3.0473062e-001
 3.0485082e-001
 3.0503324e-001
 3.0526906e-001
 3.0553910e-001
 3.0581585e-001
 3.0606696e-001
 3.0625984e-001
 3.0636653e-001
 3.0636770e-001
 3.0625564e-001
 3.0603489e-001
 3.0572122e-001
 3.0533865e-001
 3.0491602e-001
 3.0448273e-001
 3.0406523e-001
 3.0368453e-001
 3.0335480e-001
 3.0308375e-001
 3.0287334e-001
 3.0272081e-001
 3.0261984e-001
 3.0256137e-001
 3.0253461e-001
 3.0252758e-001
 3.0252784e-001
 3.0252329e-001
 3.0250329e-001
 3.0245969e-001
 3.0238804e-001
 3.0228835e-001
 3.0216581e-001
 3.0203053e-001
 3.0189684e-001
 3.0178171e-001
 3.0170274e-001
 3.0167589e-001
 3.0171308e-001
 3.0182043e-001
 3.0199680e-001
 3.0223364e-001
 3.0251548e-001
 3.0282179e-001
 3.0312893e-001
 3.0341303e-001
 3.0365288e-001
 3.0383193e-001
 3.0394012e-001
 3.0397460e-001
 3.0393931e-001
 3.0384412e-001
 3.0370280e-001
 3.0353108e-001
 3.0334449e-001
 3.0315655e-001
 3.0297753e-001
 3.0281383e-001
 3.0266798e-001
 3.0253926e-001
 3.0242485e-001
 3.0232102e-001
 3.0222452e-001
 3.0213356e-001
 3.0204868e-001
 3.0197287e-001
 3.0191126e-001
 3.0187055e-001
 3.0185768e-001
 3.0187851e-001
 3.0193648e-001
 3.0203152e-001
 3.0215940e-001
 3.0231148e-001
 3.0247554e-001
 3.0263686e-001
 3.0278021e-001
 3.0289170e-001
 3.0296096e-001
 3.0298290e-001
 3.0295870e-001
 3.0289614e-001
 3.0280867e-001
 3.0271384e-001
 3.0263090e-001
 3.0257782e-001
 3.0256873e-001
 3.0261129e-001
 3.0270538e-001
 3.0284247e-001
 3.0300659e-001
 3.0317611e-001
 3.0332667e-001
 3.0343428e-001
 3.0347884e-001
 3.0344677e-001
 3.0333292e-001
 3.0314144e-001
 3.0288520e-001
 3.0258402e-001
 3.0226249e-001
 3.0194670e-001
 3.0166113e-001
 3.0142647e-001
 3.0125728e-001
 3.0116108e-001
 3.0113843e-001
 3.0118346e-001
 3.0128536e-001
 3.0142963e-001
 3.0159986e-001
 3.0177888e-001
 3.0195007e-001
 3.0209783e-001
 3.0220839e-001
 3.0227032e-001
 3.0227479e-001
 3.0221638e-001
 3.0209330e-001
 3.0190784e-001
 3.0166674e-001
 3.0138066e-001
 3.0106306e-001
 3.0072916e-001
 3.0039445e-001
 3.0007336e-001
 2.9977843e-001
 2.9951903e-001
 2.9930159e-001
 2.9912901e-001
 2.9900041e-001
 2.9891115e-001
 2.9885331e-001
 2.9881647e-001
 2.9878896e-001
 2.9875934e-001
 2.9871777e-001
 2.9865730e-001
 2.9857442e-001
 2.9846931e-001
 2.9835951e-001
 2.9821339e-001
 2.9806033e-001
 2.9790723e-001
 2.9775941e-001
 2.9761949e-001
 2.9748672e-001
 2.9735726e-001
 2.9722503e-001
 2.9708287e-001
 2.9692325e-001
 2.9673898e-001
 2.9652414e-001
 2.9627487e-001
 2.9599097e-001
 2.9567680e-001
 2.9534125e-001
 2.9499787e-001
 2.9466331e-001
 2.9435626e-001
 2.9409635e-001
 2.9390270e-001
 2.9379284e-001
 2.9378027e-001
 2.9387176e-001
 2.9406470e-001
 2.9434606e-001
 2.9469332e-001
 2.9507712e-001
 2.9546401e-001
 2.9581898e-001
 2.9610735e-001
 2.9629695e-001
 2.9636136e-001
 2.9628333e-001
 2.9605851e-001
 2.9569623e-001
 2.9521868e-001
 2.9465732e-001
 2.9404896e-001
 2.9343307e-001
 2.9284900e-001
 2.9233390e-001
 2.9191971e-001
 2.9162928e-001
 2.9147339e-001
 2.9144931e-001
 2.9154208e-001
 2.9172787e-001
 2.9197747e-001
 2.9225922e-001
 2.9254124e-001
 2.9279315e-001
 2.9298839e-001
 2.9310688e-001
 2.9313719e-001
 2.9307765e-001
 2.9293525e-001
 2.9272354e-001
 2.9245973e-001
 2.9216298e-001
 2.9185265e-001
 2.9154733e-001
 2.9126343e-001
 2.9101360e-001
 2.9080558e-001
 2.9064155e-001
 2.9051852e-001
 2.9042995e-001
 2.9036701e-001
 2.9031968e-001
 2.9027730e-001
 2.9022861e-001
 2.9016110e-001
 2.9006070e-001
 2.8991076e-001
 2.8969213e-001
 2.8938314e-001
 2.8896055e-001
 2.8839999e-001
 2.8767714e-001
 2.8676891e-001
 2.8565523e-001
 2.8432342e-001
 2.8277168e-001
 2.8101426e-001
 2.7908278e-001
 2.7702373e-001
 2.7489579e-001
 2.7276438e-001
 2.7069700e-001
 2.6876178e-001
 2.6702204e-001
 2.6553306e-001
 2.6433533e-001
 2.6344910e-001
 2.6287308e-001
 2.6258570e-001
 2.6255101e-001
 2.6272416e-001
 2.6305640e-001
 2.6349801e-001
 2.6400134e-001
 2.6452333e-001
 2.6502883e-001
 2.6549402e-001
 2.6590690e-001
 2.6626664e-001
 2.6658043e-001
 2.6686022e-001
 2.6712042e-001
 2.6737580e-001
 2.6764065e-001
 2.6792729e-001
 2.6824474e-001
 2.6859775e-001
 2.6898602e-001
 2.6940483e-001
 2.6984635e-001
 2.7030060e-001
 2.7075690e-001
 2.7120429e-001
 2.7163222e-001
 2.7203158e-001
 2.7239493e-001
 2.7271780e-001
 2.7299860e-001
 2.7323845e-001
 2.7344057e-001
 2.7360928e-001
 2.7374956e-001
 2.7386647e-001
 2.7396512e-001
 2.7405035e-001
 2.7412656e-001
 2.7419755e-001
 2.7426645e-001
 2.7433589e-001
 2.7440795e-001
 2.7448452e-001
 2.7456725e-001
 2.7465779e-001
 2.7475739e-001
 2.7486694e-001
 2.7498651e-001
 2.7511519e-001
 2.7525091e-001
 2.7539051e-001
 2.7553013e-001
 2.7566549e-001
 2.7579200e-001
 2.7590522e-001
 2.7600086e-001
 2.7607515e-001
 2.7612522e-001
 2.7614930e-001
 2.7614695e-001
 2.7611896e-001
 2.7606690e-001
 2.7599290e-001
 2.7589938e-001
 2.7578884e-001
 2.7566388e-001
 2.7552730e-001
 2.7538204e-001
 2.7523139e-001
 2.7507889e-001
 2.7492839e-001
 2.7478406e-001
 2.7465001e-001
 2.7453056e-001
 2.7442980e-001
 2.7435184e-001
 2.7430025e-001
 2.7427810e-001
 2.7428749e-001
 2.7432963e-001
 2.7440488e-001
 2.7451298e-001
 2.7465320e-001
 2.7482462e-001
 2.7502611e-001
 2.7525601e-001
 2.7551171e-001
 2.7578917e-001
 2.7608225e-001
 2.7638257e-001
 2.7667964e-001
 2.7696154e-001
 2.7721551e-001
 2.7742842e-001
 2.7758756e-001
 2.7768150e-001
 2.7770153e-001
 2.7764347e-001
 2.7750933e-001
 2.7730796e-001
 2.7705425e-001
 2.7676782e-001
 2.7647078e-001
 2.7618656e-001
 2.7593815e-001
 2.7574748e-001
 2.7563271e-001
 2.7560660e-001
 2.7567410e-001
 2.7583176e-001
 2.7606836e-001
 2.7636719e-001
 2.7670795e-001
 2.7706897e-001
 2.7742863e-001
 2.7776611e-001
 2.7806371e-001
 2.7830842e-001
 2.7849340e-001
 2.7861923e-001
 2.7869272e-001
 2.7872542e-001
 2.7873176e-001
 2.7872741e-001
 2.7872816e-001
 2.7874899e-001
 2.7880287e-001
 2.7889934e-001
 2.7904320e-001
 2.7923414e-001
 2.7946725e-001
 2.7973396e-001
 2.8002384e-001
 2.8032547e-001
 2.8062725e-001
 2.8091776e-001
 2.8118691e-001
 2.8142625e-001
 2.8162956e-001
 2.8179345e-001
 2.8191689e-001
 2.8200048e-001
 2.8204608e-001
 2.8205591e-001
 2.8203252e-001
 2.8197855e-001
 2.8189674e-001
 2.8179014e-001
 2.8166199e-001
 2.8151587e-001
 2.8135556e-001
 2.8118524e-001
 2.8100899e-001
 2.8083095e-001
 2.8065524e-001
 2.8048551e-001
 2.8032482e-001
 2.8017485e-001
 2.8003588e-001
 2.7990624e-001
 2.7978268e-001
 2.7966079e-001
 2.7953541e-001
 2.7940112e-001
 2.7925259e-001
 2.7908498e-001
 2.7889448e-001
 2.7867907e-001
 2.7843940e-001
 2.7817860e-001
 2.7790236e-001
 2.7761829e-001
 2.7733490e-001
 2.7706122e-001
 2.7680644e-001
 2.7657914e-001
 2.7638695e-001
 2.7623573e-001
 2.7612919e-001
 2.7606833e-001
 2.7605188e-001
 2.7607688e-001
 2.7613932e-001
 2.7623469e-001
 2.7635819e-001
 2.7650499e-001
 2.7667010e-001
 2.7684826e-001
 2.7703395e-001
 2.7722150e-001
 2.7740481e-001
 2.7757758e-001
 2.7773347e-001
 2.7786624e-001
 2.7796963e-001
 2.7803820e-001
 2.7806753e-001
 2.7805525e-001
 2.7800167e-001
 2.7791002e-001
 2.7778620e-001
 2.7763817e-001
 2.7747491e-001
 2.7730596e-001
 2.7714086e-001
 2.7698839e-001
 2.7685592e-001
 2.7674833e-001
 2.7666709e-001
 2.7660996e-001
 2.7657139e-001
 2.7654326e-001
 2.7651605e-001
 2.7647960e-001
 2.7642384e-001
 2.7633944e-001
 2.7621886e-001
 2.7605766e-001
 2.7585539e-001
 2.7561611e-001
 2.7534813e-001
 2.7506253e-001
 2.7477235e-001
 2.7449122e-001
 2.7423298e-001
 2.7401042e-001
 2.7383441e-001
 2.7371266e-001
 2.7364835e-001
 2.7363968e-001
 2.7368048e-001
 2.7376130e-001
 2.7387071e-001
 2.7399632e-001
 2.7412570e-001
 2.7424669e-001
 2.7434826e-001
 2.7442101e-001
 2.7445802e-001
 2.7445501e-001
 2.7441007e-001
 2.7432305e-001
 2.7419487e-001
 2.7402699e-001
 2.7382103e-001
 2.7357873e-001
 2.7330172e-001
 2.7299181e-001
 2.7265054e-001
 2.7227944e-001
 2.7188027e-001
 2.7145442e-001
 2.7100334e-001
 2.7052870e-001
 2.7003202e-001
 2.6951480e-001
 2.6897931e-001
 2.6842770e-001
 2.6786295e-001
 2.6728848e-001
 2.6670861e-001
 2.6612782e-001
 2.6555067e-001
 2.6498225e-001
 2.6442704e-001
 2.6388884e-001
 2.6337054e-001
 2.6287246e-001
 2.6239204e-001
 2.6192340e-001
 2.6145789e-001
 2.6098439e-001
 2.6049048e-001
 2.5996351e-001
 2.5939032e-001
 2.5875810e-001
 2.5805527e-001
 2.5727129e-001
 2.5639740e-001
 2.5542757e-001
 2.5435713e-001
 2.5318295e-001
 2.5190255e-001
 2.5051492e-001
 2.4901892e-001
 2.4741463e-001
 2.4570619e-001
 2.4390110e-001
 2.4201316e-001
 2.4006429e-001
 2.3808144e-001
 2.3609655e-001
 2.3414379e-001
 2.3225987e-001
 2.3047988e-001
 2.2883731e-001
 2.2736301e-001
 2.2608030e-001
 2.2500408e-001
 2.2414041e-001
 2.2348598e-001
 2.2303137e-001
 2.2276334e-001
 2.2266702e-001
 2.2272678e-001
 2.2292748e-001
 2.2325501e-001
 2.2369730e-001
 2.2424515e-001
 2.2489184e-001
 2.2563384e-001
 2.2646964e-001
 2.2739826e-001
 2.2841972e-001
 2.2953355e-001
 2.3073824e-001
 2.3202854e-001
 2.3339538e-001
 2.3482326e-001
 2.3628856e-001
 2.3776229e-001
 2.3921068e-001
 2.4059622e-001
 2.4188140e-001
 2.4302907e-001
 2.4400510e-001
 2.4478081e-001
 2.4533851e-001
 2.4567422e-001
 2.4579917e-001
 2.4573874e-001
 2.4552841e-001
 2.4520990e-001
 2.4482748e-001
 2.4442551e-001
 2.4404643e-001
 2.4372712e-001
 2.4349560e-001
 2.4336782e-001
 2.4334636e-001
 2.4342164e-001
 2.4357523e-001
 2.4378325e-001
 2.4401958e-001
 2.4425785e-001
 2.4447314e-001
 2.4464461e-001
 2.4475802e-001
 2.4480821e-001
 2.4479996e-001
 2.4474713e-001
 2.4467023e-001
 2.4459375e-001
 2.4454388e-001
 2.4454680e-001
 2.4462704e-001
 2.4480522e-001
 2.4509552e-001
 2.4550305e-001
 2.4602321e-001
 2.4664252e-001
 2.4734108e-001
 2.4809462e-001
 2.4887753e-001
 2.4966383e-001
 2.5042769e-001
 2.5114578e-001
 2.5179800e-001
 2.5236827e-001
 2.5284582e-001
 2.5322428e-001
 2.5350061e-001
 2.5367352e-001
 2.5374299e-001
 2.5370950e-001
 2.5357404e-001
 2.5333858e-001
 2.5300631e-001
 2.5258273e-001
 2.5207523e-001
 2.5149301e-001
 2.5084716e-001
 2.5014925e-001
 2.4941134e-001
 2.4864544e-001
 2.4786399e-001
 2.4707860e-001
 2.4630038e-001
 2.4554028e-001
 2.4480788e-001
 2.4411215e-001
 2.4346200e-001
 2.4286546e-001
 2.4233048e-001
 2.4186440e-001
 2.4147375e-001
 2.4116252e-001
 2.4093109e-001
 2.4077500e-001
 2.4068408e-001
 2.4064323e-001
 2.4063371e-001
 2.4063458e-001
 2.4062400e-001
 2.4058028e-001
 2.4048302e-001
 2.4031468e-001
 2.4006248e-001
 2.3972040e-001
 2.3928952e-001
 2.3877737e-001
 2.3819670e-001
 2.3756281e-001
 2.3689225e-001
 2.3620249e-001
 2.3551010e-001
 2.3483066e-001
 2.3417780e-001
 2.3356292e-001
 2.3299417e-001
 2.3247708e-001
 2.3201568e-001
 2.3161244e-001
 2.3126920e-001
 2.3098752e-001
 2.3076795e-001
 2.3060957e-001
 2.3050898e-001
 2.3045954e-001
 2.3045078e-001
 2.3046896e-001
 2.3049782e-001
 2.3051971e-001
 2.3051643e-001
 2.3047005e-001
 2.3036402e-001
 2.3018478e-001
 2.2992378e-001
 2.2957925e-001
 2.2915687e-001
 2.2866899e-001
 2.2813329e-001
 2.2757003e-001
 2.2700073e-001
 2.2644739e-001
 2.2593056e-001
 2.2546831e-001
 2.2507487e-001
 2.2475846e-001
 2.2452115e-001
 2.2435927e-001
 2.2426508e-001
 2.2422807e-001
 2.2423662e-001
 2.2427875e-001
 2.2434287e-001
 2.2441849e-001
 2.2449702e-001
 2.2457254e-001
 2.2464201e-001
 2.2470501e-001
 2.2476298e-001
 2.2481836e-001
 2.2487415e-001
 2.2493325e-001
 2.2499830e-001
 2.2507112e-001
 2.2515231e-001
 2.2524086e-001
 2.2533393e-001
 2.2542694e-001
 2.2551405e-001
 2.2558863e-001
 2.2564366e-001
 2.2567207e-001
 2.2566697e-001
 2.2562166e-001
 2.2552980e-001
 2.2539216e-001
 2.2523652e-001
 2.2498736e-001
 2.2470747e-001
 2.2440857e-001
 2.2410257e-001
 2.2380124e-001
 2.2351658e-001
 2.2326040e-001
 2.2304451e-001
 2.2288080e-001
 2.2277980e-001
 2.2273989e-001
 2.2275281e-001
 2.2281013e-001
 2.2290355e-001
 2.2302465e-001
 2.2316511e-001
 2.2331654e-001
 2.2347063e-001
 2.2361895e-001
 2.2375321e-001
 2.2386499e-001
 2.2394595e-001
 2.2398773e-001
 2.2398275e-001
 2.2393055e-001
 2.2383451e-001
 2.2369793e-001
 2.2352433e-001
 2.2331706e-001
 2.2307946e-001
 2.2281495e-001
 2.2252697e-001
 2.2221890e-001
 2.2189413e-001
 2.2155596e-001
 2.2120793e-001
 2.2085340e-001
 2.2049573e-001
 2.2013834e-001
 2.1978450e-001
 2.1943781e-001
 2.1910134e-001
 2.1877629e-001
 2.1846269e-001
 2.1816085e-001
 2.1787083e-001
 2.1759278e-001
 2.1732673e-001
 2.1707298e-001
 2.1683156e-001
 2.1660264e-001
 2.1638630e-001
 2.1618269e-001
 2.1599200e-001
 2.1581435e-001
 2.1564983e-001
 2.1549858e-001
 2.1536075e-001
 2.1523650e-001
 2.1512590e-001
 2.1502912e-001
 2.1494631e-001
 2.1487759e-001
 2.1482299e-001
 2.1478195e-001
 2.1475354e-001
 2.1473683e-001
 2.1473092e-001
 2.1473487e-001
 2.1474774e-001
 2.1476860e-001
 2.1479657e-001
 2.1483070e-001
 2.1487007e-001
 2.1491374e-001
 2.1496081e-001
 2.1501030e-001
 2.1506138e-001
 2.1511306e-001
 2.1516442e-001
 2.1521455e-001
 2.1526253e-001
 2.1530743e-001
 2.1534832e-001
 2.1538427e-001
 2.1541438e-001
 2.1543770e-001
 2.1545333e-001
 2.1546032e-001
 2.1545784e-001
 2.1544600e-001
 2.1542524e-001
 2.1539608e-001
 2.1535896e-001
 2.1531442e-001
 2.1526286e-001
 2.1520486e-001
 2.1514088e-001
 2.1507138e-001
 2.1499689e-001
 2.1491785e-001
 2.1483478e-001
 2.1474816e-001
 2.1465844e-001
 2.1456617e-001
 2.1447182e-001
 2.1437582e-001
 2.1427870e-001
 2.1418101e-001
 2.1408312e-001
 2.1398558e-001
 2.1388885e-001
 2.1379346e-001
 2.1369985e-001
 2.1360855e-001
 2.1352001e-001
 2.1343473e-001
 2.1335320e-001
 2.1327591e-001
 2.1320328e-001
 2.1313509e-001
 2.1307100e-001
 2.1301055e-001
