s07_ASD Record=13281: Goeth+qtz.5+Jarosite.5 AMX11  BECKb AREF
 1.3910618e-001
 1.3913110e-001
 1.3917559e-001
 1.3924287e-001
 1.3933529e-001
 1.3945350e-001
 1.3959657e-001
 1.3976243e-001
 1.3994825e-001
 1.4015040e-001
 1.4036494e-001
 1.4058794e-001
 1.4081602e-001
 1.4104682e-001
 1.4127983e-001
 1.4151706e-001
 1.4176257e-001
 1.4202116e-001
 1.4229681e-001
 1.4259160e-001
 1.4290562e-001
 1.4323771e-001
 1.4358693e-001
 1.4395398e-001
 1.4434202e-001
 1.4475712e-001
 1.4520775e-001
 1.4570291e-001
 1.4624950e-001
 1.4685161e-001
 1.4751023e-001
 1.4822495e-001
 1.4899653e-001
 1.4983018e-001
 1.5073565e-001
 1.5172474e-001
 1.5280965e-001
 1.5400100e-001
 1.5530550e-001
 1.5672509e-001
 1.5825929e-001
 1.5990825e-001
 1.6167448e-001
 1.6356342e-001
 1.6558151e-001
 1.6773491e-001
 1.7002709e-001
 1.7245796e-001
 1.7502217e-001
 1.7770904e-001
 1.8050283e-001
 1.8338376e-001
 1.8633048e-001
 1.8932140e-001
 1.9233723e-001
 1.9536057e-001
 1.9837511e-001
 2.0136411e-001
 2.0430820e-001
 2.0716788e-001
 2.0988028e-001
 2.1243045e-001
 2.1481003e-001
 2.1698511e-001
 2.1890201e-001
 2.2055098e-001
 2.2194901e-001
 2.2311316e-001
 2.2405519e-001
 2.2479160e-001
 2.2534303e-001
 2.2572932e-001
 2.2596207e-001
 2.2604239e-001
 2.2596283e-001
 2.2571321e-001
 2.2528818e-001
 2.2469501e-001
 2.2395989e-001
 2.2313206e-001
 2.2228447e-001
 2.2151081e-001
 2.2091760e-001
 2.2061248e-001
 2.2069003e-001
 2.2121814e-001
 2.2222842e-001
 2.2371355e-001
 2.2563177e-001
 2.2791825e-001
 2.3049834e-001
 2.3330061e-001
 2.3626409e-001
 2.3934127e-001
 2.4249576e-001
 2.4569897e-001
 2.4892856e-001
 2.5216731e-001
 2.5540352e-001
 2.5862801e-001
 2.6183191e-001
 2.6500422e-001
 2.6813096e-001
 2.7119568e-001
 2.7417898e-001
 2.7706045e-001
 2.7982002e-001
 2.8244165e-001
 2.8491741e-001
 2.8724906e-001
 2.8944522e-001
 2.9151520e-001
 2.9346672e-001
 2.9530826e-001
 2.9705369e-001
 2.9872230e-001
 3.0033302e-001
 3.0189812e-001
 3.0342102e-001
 3.0490151e-001
 3.0634275e-001
 3.0775440e-001
 3.0914891e-001
 3.1053606e-001
 3.1192261e-001
 3.1331584e-001
 3.1472540e-001
 3.1615740e-001
 3.1760773e-001
 3.1906280e-001
 3.2051077e-001
 3.2195196e-001
 3.2339644e-001
 3.2485324e-001
 3.2632279e-001
 3.2780179e-001
 3.2929289e-001
 3.3081055e-001
 3.3237770e-001
 3.3401388e-001
 3.3572125e-001
 3.3747882e-001
 3.3925375e-001
 3.4102330e-001
 3.4278896e-001
 3.4456909e-001
 3.4637874e-001
 3.4822017e-001
 3.5009211e-001
 3.5200530e-001
 3.5398081e-001
 3.5603216e-001
 3.5814890e-001
 3.6029848e-001
 3.6244345e-001
 3.6456370e-001
 3.6666819e-001
 3.6878991e-001
 3.7096357e-001
 3.7320307e-001
 3.7549573e-001
 3.7781918e-001
 3.8016385e-001
 3.8254103e-001
 3.8497353e-001
 3.8747829e-001
 3.9005581e-001
 3.9268991e-001
 3.9535353e-001
 3.9802057e-001
 4.0068048e-001
 4.0335038e-001
 4.0606850e-001
 4.0886560e-001
 4.1173238e-001
 4.1462168e-001
 4.1749281e-001
 4.2035127e-001
 4.2324039e-001
 4.2619491e-001
 4.2921695e-001
 4.3229154e-001
 4.3540922e-001
 4.3857086e-001
 4.4177926e-001
 4.4503358e-001
 4.4832462e-001
 4.5163563e-001
 4.5494953e-001
 4.5826131e-001
 4.6158025e-001
 4.6491826e-001
 4.6827844e-001
 4.7165039e-001
 4.7501674e-001
 4.7836640e-001
 4.8170909e-001
 4.8507059e-001
 4.8846838e-001
 4.9189305e-001
 4.9532059e-001
 4.9874234e-001
 5.0216812e-001
 5.0560063e-001
 5.0901657e-001
 5.1237655e-001
 5.1565069e-001
 5.1882309e-001
 5.2187723e-001
 5.2479708e-001
 5.2760130e-001
 5.3035706e-001
 5.3312749e-001
 5.3590536e-001
 5.3862470e-001
 5.4124159e-001
 5.4377919e-001
 5.4629302e-001
 5.4880929e-001
 5.5130315e-001
 5.5372685e-001
 5.5604160e-001
 5.5822235e-001
 5.6025475e-001
 5.6215239e-001
 5.6396294e-001
 5.6572682e-001
 5.6742948e-001
 5.6902295e-001
 5.7049876e-001
 5.7191467e-001
 5.7333881e-001
 5.7477874e-001
 5.7618535e-001
 5.7753778e-001
 5.7889861e-001
 5.8034790e-001
 5.8187455e-001
 5.8337939e-001
 5.8478260e-001
 5.8609223e-001
 5.8736527e-001
 5.8863074e-001
 5.8986729e-001
 5.9105128e-001
 5.9220606e-001
 5.9338003e-001
 5.9458572e-001
 5.9578347e-001
 5.9692979e-001
 5.9802473e-001
 5.9910429e-001
 6.0020047e-001
 6.0132176e-001
 6.0246849e-001
 6.0364556e-001
 6.0483932e-001
 6.0599685e-001
 6.0705841e-001
 6.0801858e-001
 6.0893124e-001
 6.0985118e-001
 6.1079538e-001
 6.1177069e-001
 6.1279678e-001
 6.1386901e-001
 6.1493713e-001
 6.1595494e-001
 6.1691928e-001
 6.1784494e-001
 6.1874241e-001
 6.1963296e-001
 6.2054747e-001
 6.2148654e-001
 6.2239558e-001
 6.2321490e-001
 6.2395459e-001
 6.2467921e-001
 6.2542915e-001
 6.2623674e-001
 6.2717748e-001
 6.2826848e-001
 6.2934291e-001
 6.3018513e-001
 6.3078070e-001
 6.3132334e-001
 6.3201630e-001
 6.3289911e-001
 6.3384807e-001
 6.3472515e-001
 6.3549936e-001
 6.3624275e-001
 6.3705564e-001
 6.3799763e-001
 6.3904083e-001
 6.4007086e-001
 6.4097971e-001
 6.4178932e-001
 6.4264143e-001
 6.4363837e-001
 6.4473814e-001
 6.4582199e-001
 6.4682484e-001
 6.4779019e-001
 6.4882058e-001
 6.4997911e-001
 6.5123028e-001
 6.5246779e-001
 6.5360588e-001
 6.5465814e-001
 6.5572947e-001
 6.5691292e-001
 6.5818828e-001
 6.5942430e-001
 6.6051215e-001
 6.6152239e-001
 6.6266817e-001
 6.6409481e-001
 6.6576087e-001
 6.6749692e-001
 6.6914672e-001
 6.7063558e-001
 6.7195231e-001
 6.7312157e-001
 6.7419112e-001
 6.7522669e-001
 6.7630440e-001
 6.7749542e-001
 6.7885005e-001
 6.8038160e-001
 6.8204343e-001
 6.8372130e-001
 6.8527496e-001
 6.8662405e-001
 6.8780577e-001
 6.8894213e-001
 6.9014359e-001
 6.9143867e-001
 6.9278091e-001
 6.9410175e-001
 6.9535244e-001
 6.9651276e-001
 6.9758350e-001
 6.9858241e-001
 6.9954908e-001
 7.0055819e-001
 7.0171773e-001
 7.0311695e-001
 7.0473421e-001
 7.0639318e-001
 7.0785916e-001
 7.0903677e-001
 7.1006650e-001
 7.1112108e-001
 7.1207231e-001
 7.1271956e-001
 7.1311080e-001
 7.1346593e-001
 7.1393251e-001
 7.1446759e-001
 7.1492094e-001
 7.1524060e-001
 7.1555084e-001
 7.1594197e-001
 7.1629983e-001
 7.1647388e-001
 7.1649790e-001
 7.1654487e-001
 7.1674234e-001
 7.1705580e-001
 7.1730882e-001
 7.1733367e-001
 7.1711695e-001
 7.1680629e-001
 7.1657169e-001
 7.1640593e-001
 7.1611798e-001
 7.1564144e-001
 7.1518821e-001
 7.1490175e-001
 7.1459091e-001
 7.1405631e-001
 7.1343672e-001
 7.1299183e-001
 7.1273601e-001
 7.1244180e-001
 7.1189469e-001
 7.1110415e-001
 7.1027678e-001
 7.0953208e-001
 7.0876122e-001
 7.0789438e-001
 7.0710605e-001
 7.0655042e-001
 7.0608109e-001
 7.0540214e-001
 7.0439714e-001
 7.0314336e-001
 7.0177954e-001
 7.0046556e-001
 6.9932103e-001
 6.9838130e-001
 6.9756925e-001
 6.9670981e-001
 6.9566274e-001
 6.9443607e-001
 6.9316328e-001
 6.9198483e-001
 6.9092923e-001
 6.8990803e-001
 6.8882936e-001
 6.8770027e-001
 6.8662274e-001
 6.8568099e-001
 6.8481618e-001
 6.8383342e-001
 6.8256301e-001
 6.8103683e-001
 6.7948049e-001
 6.7811430e-001
 6.7696488e-001
 6.7586279e-001
 6.7461932e-001
 6.7319822e-001
 6.7170918e-001
 6.7027283e-001
 6.6893941e-001
 6.6767967e-001
 6.6642070e-001
 6.6531771e-001
 6.6393775e-001
 6.6248953e-001
 6.6098046e-001
 6.5946770e-001
 6.5802848e-001
 6.5674019e-001
 6.5565890e-001
 6.5469635e-001
 6.5370649e-001
 6.5254313e-001
 6.5109056e-001
 6.4942986e-001
 6.4772260e-001
 6.4613032e-001
 6.4478642e-001
 6.4363706e-001
 6.4255202e-001
 6.4140117e-001
 6.4007473e-001
 6.3859618e-001
 6.3678277e-001
 6.3524127e-001
 6.3379282e-001
 6.3244873e-001
 6.3115728e-001
 6.2986338e-001
 6.2851250e-001
 6.2705255e-001
 6.2549198e-001
 6.2390047e-001
 6.2234920e-001
 6.2091047e-001
 6.1965239e-001
 6.1856997e-001
 6.1758536e-001
 6.1661768e-001
 6.1558586e-001
 6.1441249e-001
 6.1309034e-001
 6.1168212e-001
 6.1025298e-001
 6.0886848e-001
 6.0759389e-001
 6.0647500e-001
 6.0548282e-001
 6.0456979e-001
 6.0368848e-001
 6.0279143e-001
 6.0183114e-001
 6.0077256e-001
 5.9962952e-001
 5.9842682e-001
 5.9718984e-001
 5.9594345e-001
 5.9471297e-001
 5.9352344e-001
 5.9239489e-001
 5.9132850e-001
 5.9032065e-001
 5.8936799e-001
 5.8846682e-001
 5.8761388e-001
 5.8680546e-001
 5.8603829e-001
 5.8530742e-001
 5.8460474e-001
 5.8392030e-001
 5.8324480e-001
 5.8256841e-001
 5.8188182e-001
 5.8117545e-001
 5.8043951e-001
 5.7966882e-001
 5.7887250e-001
 5.7806396e-001
 5.7725585e-001
 5.7646137e-001
 5.7569331e-001
 5.7496512e-001
 5.7428920e-001
 5.7367539e-001
 5.7311934e-001
 5.7261395e-001
 5.7215196e-001
 5.7172620e-001
 5.7132953e-001
 5.7095468e-001
 5.7059443e-001
 5.7024163e-001
 5.6988919e-001
 5.6952965e-001
 5.6915611e-001
 5.6876290e-001
 5.6835103e-001
 5.6792277e-001
 5.6748044e-001
 5.6702638e-001
 5.6656301e-001
 5.6609255e-001
 5.6561738e-001
 5.6513977e-001
 5.6466210e-001
 5.6418669e-001
 5.6371588e-001
 5.6325215e-001
 5.6279850e-001
 5.6235844e-001
 5.6193501e-001
 5.6153166e-001
 5.6115144e-001
 5.6079775e-001
 5.6047374e-001
 5.6018293e-001
 5.5992824e-001
 5.5971307e-001
 5.5953908e-001
 5.5940223e-001
 5.5929708e-001
 5.5921841e-001
 5.5916083e-001
 5.5911905e-001
 5.5908763e-001
 5.5906141e-001
 5.5903494e-001
 5.5900306e-001
 5.5896133e-001
 5.5890948e-001
 5.5884790e-001
 5.5877703e-001
 5.5869722e-001
 5.5860901e-001
 5.5851269e-001
 5.5840874e-001
 5.5829763e-001
 5.5817980e-001
 5.5805629e-001
 5.5793083e-001
 5.5780780e-001
 5.5769128e-001
 5.5758554e-001
 5.5749488e-001
 5.5742347e-001
 5.5737567e-001
 5.5735558e-001
 5.5736750e-001
 5.5741358e-001
 5.5748904e-001
 5.5758744e-001
 5.5770266e-001
 5.5782819e-001
 5.5795789e-001
 5.5808526e-001
 5.5820417e-001
 5.5830824e-001
 5.5839318e-001
 5.5846143e-001
 5.5851698e-001
 5.5856377e-001
 5.5860549e-001
 5.5864632e-001
 5.5868995e-001
 5.5874050e-001
 5.5880034e-001
 5.5886757e-001
 5.5893970e-001
 5.5901372e-001
 5.5908692e-001
 5.5915654e-001
 5.5921990e-001
 5.5927408e-001
 5.5931914e-001
 5.5936331e-001
 5.5941689e-001
 5.5949014e-001
 5.5959314e-001
 5.5973625e-001
 5.5992949e-001
 5.6018311e-001
 5.6050211e-001
 5.6087404e-001
 5.6128323e-001
 5.6168437e-001
 5.6211478e-001
 5.6253362e-001
 5.6292892e-001
 5.6329840e-001
 5.6364739e-001
 5.6398600e-001
 5.6432676e-001
 5.6468248e-001
 5.6506366e-001
 5.6547451e-001
 5.6591070e-001
 5.6636173e-001
 5.6681460e-001
 5.6725633e-001
 5.6767601e-001
 5.6806654e-001
 5.6842518e-001
 5.6875253e-001
 5.6905103e-001
 5.6932425e-001
 5.6957811e-001
 5.6982177e-001
 5.7006848e-001
 5.7033437e-001
 5.7063651e-001
 5.7099009e-001
 5.7140458e-001
 5.7187992e-001
 5.7240522e-001
 5.7296133e-001
 5.7352495e-001
 5.7407367e-001
 5.7459068e-001
 5.7506859e-001
 5.7551056e-001
 5.7592845e-001
 5.7633871e-001
 5.7675797e-001
 5.7719952e-001
 5.7779109e-001
 5.7828289e-001
 5.7878464e-001
 5.7929653e-001
 5.7981867e-001
 5.8035064e-001
 5.8089232e-001
 5.8144408e-001
 5.8200622e-001
 5.8257920e-001
 5.8316326e-001
 5.8375788e-001
 5.8436227e-001
 5.8497465e-001
 5.8559299e-001
 5.8621591e-001
 5.8684212e-001
 5.8747154e-001
 5.8810467e-001
 5.8874214e-001
 5.8938503e-001
 5.9003365e-001
 5.9068799e-001
 5.9134704e-001
 5.9200925e-001
 5.9267312e-001
 5.9333658e-001
 5.9399837e-001
 5.9465778e-001
 5.9531480e-001
 5.9597021e-001
 5.9662461e-001
 5.9727830e-001
 5.9793061e-001
 5.9857976e-001
 5.9922367e-001
 5.9986013e-001
 6.0048777e-001
 6.0110658e-001
 6.0171831e-001
 6.0232663e-001
 6.0293597e-001
 6.0355109e-001
 6.0417640e-001
 6.0481465e-001
 6.0546762e-001
 6.0613573e-001
 6.0681856e-001
 6.0751593e-001
 6.0822755e-001
 6.0895389e-001
 6.0969514e-001
 6.1045110e-001
 6.1122066e-001
 6.1200106e-001
 6.1278820e-001
 6.1357689e-001
 6.1436129e-001
 6.1513674e-001
 6.1589932e-001
 6.1664778e-001
 6.1738271e-001
 6.1810678e-001
 6.1882448e-001
 6.1954057e-001
 6.2025964e-001
 6.2098557e-001
 6.2172049e-001
 6.2246484e-001
 6.2321723e-001
 6.2397444e-001
 6.2473273e-001
 6.2548727e-001
 6.2623370e-001
 6.2696797e-001
 6.2768716e-001
 6.2838984e-001
 6.2907583e-001
 6.2974662e-001
 6.3040477e-001
 6.3105369e-001
 6.3169760e-001
 6.3234043e-001
 6.3298619e-001
 6.3363808e-001
 6.3429850e-001
 6.3496923e-001
 6.3565081e-001
 6.3634306e-001
 6.3704532e-001
 6.3775599e-001
 6.3847339e-001
 6.3919502e-001
 6.3991821e-001
 6.4064008e-001
 6.4135724e-001
 6.4206648e-001
 6.4276421e-001
 6.4344716e-001
 6.4411288e-001
 6.4475965e-001
 6.4538717e-001
 6.4599651e-001
 6.4659035e-001
 6.4717281e-001
 6.4774877e-001
 6.4832354e-001
 6.4890200e-001
 6.4948779e-001
 6.5008324e-001
 6.5068847e-001
 6.5130210e-001
 6.5192121e-001
 6.5254205e-001
 6.5316111e-001
 6.5377539e-001
 6.5438336e-001
 6.5498543e-001
 6.5558350e-001
 6.5618110e-001
 6.5678233e-001
 6.5739125e-001
 6.5801120e-001
 6.5864354e-001
 6.5928799e-001
 6.5994197e-001
 6.6060126e-001
 6.6126066e-001
 6.6191465e-001
 6.6255838e-001
 6.6318798e-001
 6.6380113e-001
 6.6439754e-001
 6.6497797e-001
 6.6554487e-001
 6.6610122e-001
 6.6665030e-001
 6.6719538e-001
 6.6773921e-001
 6.6828352e-001
 6.6882956e-001
 6.6937727e-001
 6.6992623e-001
 6.7047548e-001
 6.7102414e-001
 6.7157221e-001
 6.7212015e-001
 6.7267019e-001
 6.7322493e-001
 6.7378765e-001
 6.7436141e-001
 6.7494762e-001
 6.7554587e-001
 6.7615288e-001
 6.7676294e-001
 6.7736858e-001
 6.7796135e-001
 6.7853403e-001
 6.7908132e-001
 6.7960131e-001
 6.8009609e-001
 6.8057102e-001
 6.8103445e-001
 6.8149596e-001
 6.8196511e-001
 6.8245012e-001
 6.8295652e-001
 6.8348682e-001
 6.8404055e-001
 6.8461412e-001
 6.8520230e-001
 6.8579841e-001
 6.8639576e-001
 6.8698871e-001
 6.8757284e-001
 6.8814617e-001
 6.8870896e-001
 6.8926334e-001
 6.8981349e-001
 6.9036424e-001
 6.9092065e-001
 6.9148690e-001
 6.9206530e-001
 6.9265652e-001
 6.9325846e-001
 6.9386756e-001
 6.9447869e-001
 6.9508630e-001
 6.9568545e-001
 6.9627237e-001
 6.9684505e-001
 6.9740343e-001
 6.9794899e-001
 6.9848430e-001
 6.9901204e-001
 6.9953418e-001
 7.0005202e-001
 7.0056522e-001
 7.0107263e-001
 7.0157284e-001
 7.0206499e-001
 7.0255041e-001
 7.0303237e-001
 7.0351720e-001
 7.0401299e-001
 7.0452851e-001
 7.0507181e-001
 7.0564771e-001
 7.0625687e-001
 7.0689470e-001
 7.0755178e-001
 7.0821565e-001
 7.0887202e-001
 7.0950758e-001
 7.1011239e-001
 7.1068078e-001
 7.1121246e-001
 7.1171176e-001
 7.1218663e-001
 7.1264702e-001
 7.1310276e-001
 7.1356225e-001
 7.1403098e-001
 7.1451110e-001
 7.1500152e-001
 7.1549815e-001
 7.1599555e-001
 7.1648747e-001
 7.1696854e-001
 7.1743530e-001
 7.1788651e-001
 7.1832389e-001
 7.1875131e-001
 7.1917444e-001
 7.1959972e-001
 7.2003293e-001
 7.2047865e-001
 7.2093892e-001
 7.2141308e-001
 7.2189844e-001
 7.2239041e-001
 7.2288382e-001
 7.2337443e-001
 7.2385949e-001
 7.2433907e-001
 7.2481567e-001
 7.2529417e-001
 7.2578096e-001
 7.2628224e-001
 7.2680312e-001
 7.2734630e-001
 7.2791117e-001
 7.2849405e-001
 7.2908777e-001
 7.2968352e-001
 7.3027128e-001
 7.3084152e-001
 7.3138678e-001
 7.3190218e-001
 7.3238653e-001
 7.3284185e-001
 7.3327321e-001
 7.3368824e-001
 7.3409539e-001
 7.3450345e-001
 7.3492038e-001
 7.3535269e-001
 7.3580515e-001
 7.3628062e-001
 7.3677993e-001
 7.3730236e-001
 7.3784560e-001
 7.3840630e-001
 7.3897982e-001
 7.3956066e-001
 7.4014288e-001
 7.4071997e-001
 7.4128568e-001
 7.4183428e-001
 7.4236113e-001
 7.4286371e-001
 7.4334151e-001
 7.4379712e-001
 7.4423558e-001
 7.4466443e-001
 7.4509329e-001
 7.4553227e-001
 7.4599123e-001
 7.4647826e-001
 7.4699867e-001
 7.4755418e-001
 7.4814272e-001
 7.4875820e-001
 7.4939209e-001
 7.5003362e-001
 7.5067216e-001
 7.5129795e-001
 7.5190359e-001
 7.5248474e-001
 7.5303984e-001
 7.5357014e-001
 7.5407791e-001
 7.5456595e-001
 7.5503653e-001
 7.5549030e-001
 7.5592691e-001
 7.5634527e-001
 7.5674438e-001
 7.5712490e-001
 7.5748926e-001
 7.5784254e-001
 7.5819200e-001
 7.5854611e-001
 7.5891387e-001
 7.5930285e-001
 7.5971830e-001
 7.6016265e-001
 7.6063484e-001
 7.6113099e-001
 7.6164496e-001
 7.6216972e-001
 7.6269847e-001
 7.6322573e-001
 7.6374835e-001
 7.6426560e-001
 7.6477903e-001
 7.6529223e-001
 7.6580936e-001
 7.6633435e-001
 7.6686996e-001
 7.6741660e-001
 7.6797265e-001
 7.6853371e-001
 7.6909393e-001
 7.6964641e-001
 7.7018404e-001
 7.7070147e-001
 7.7119505e-001
 7.7166390e-001
 7.7211034e-001
 7.7253908e-001
 7.7295721e-001
 7.7337283e-001
 7.7379411e-001
 7.7422845e-001
 7.7468109e-001
 7.7515507e-001
 7.7565056e-001
 7.7616501e-001
 7.7669358e-001
 7.7722973e-001
 7.7776605e-001
 7.7829486e-001
 7.7880913e-001
 7.7930349e-001
 7.7977419e-001
 7.8021997e-001
 7.8064167e-001
 7.8104222e-001
 7.8142649e-001
 7.8180003e-001
 7.8216922e-001
 7.8253990e-001
 7.8291726e-001
 7.8330547e-001
 7.8370732e-001
 7.8412426e-001
 7.8455681e-001
 7.8500444e-001
 7.8546590e-001
 7.8593922e-001
 7.8642172e-001
 7.8691030e-001
 7.8740120e-001
 7.8789067e-001
 7.8837508e-001
 7.8885126e-001
 7.8931719e-001
 7.8977180e-001
 7.9021537e-001
 7.9064858e-001
 7.9107231e-001
 7.9148710e-001
 7.9189193e-001
 7.9228461e-001
 7.9266143e-001
 7.9301775e-001
 7.9334903e-001
 7.9365122e-001
 7.9392201e-001
 7.9416150e-001
 7.9437196e-001
 7.9455805e-001
 7.9472601e-001
 7.9488301e-001
 7.9503614e-001
 7.9519147e-001
 7.9535341e-001
 7.9552394e-001
 7.9570234e-001
 7.9588521e-001
 7.9606658e-001
 7.9623848e-001
 7.9639155e-001
 7.9651618e-001
 7.9660326e-001
 7.9664546e-001
 7.9663789e-001
 7.9657924e-001
 7.9647166e-001
 7.9632115e-001
 7.9613692e-001
 7.9593062e-001
 7.9571533e-001
 7.9550427e-001
 7.9530936e-001
 7.9514045e-001
 7.9500395e-001
 7.9490280e-001
 7.9483616e-001
 7.9479986e-001
 7.9478723e-001
 7.9478973e-001
 7.9479843e-001
 7.9480469e-001
 7.9480112e-001
 7.9478204e-001
 7.9474396e-001
 7.9468530e-001
 7.9460627e-001
 7.9450828e-001
 7.9439342e-001
 7.9426372e-001
 7.9412037e-001
 7.9396290e-001
 7.9378885e-001
 7.9359317e-001
 7.9336828e-001
 7.9310417e-001
 7.9278934e-001
 7.9241180e-001
 7.9196000e-001
 7.9142439e-001
 7.9079795e-001
 7.9007727e-001
 7.8926241e-001
 7.8835595e-001
 7.8736258e-001
 7.8628689e-001
 7.8513253e-001
 7.8390050e-001
 7.8258741e-001
 7.8118575e-001
 7.7968293e-001
 7.7806330e-001
 7.7630913e-001
 7.7440268e-001
 7.7233124e-001
 7.7008927e-001
 7.6768404e-001
 7.6513946e-001
 7.6249772e-001
 7.5982285e-001
 7.5719911e-001
 7.5472689e-001
 7.5251853e-001
 7.5068831e-001
 7.4934405e-001
 7.4857581e-001
 7.4844629e-001
 7.4898338e-001
 7.5017571e-001
 7.5197142e-001
 7.5428188e-001
 7.5698984e-001
 7.5995815e-001
 7.6304442e-001
 7.6611108e-001
 7.6903731e-001
 7.7172810e-001
 7.7411652e-001
 7.7616680e-001
 7.7786964e-001
 7.7923852e-001
 7.8030360e-001
 7.8110492e-001
 7.8168786e-001
 7.8209823e-001
 7.8237957e-001
 7.8257114e-001
 7.8270602e-001
 7.8281057e-001
 7.8290343e-001
 7.8299540e-001
 7.8308958e-001
 7.8318250e-001
 7.8326541e-001
 7.8332627e-001
 7.8335208e-001
 7.8333098e-001
 7.8325409e-001
 7.8311664e-001
 7.8291875e-001
 7.8266537e-001
 7.8236538e-001
 7.8203076e-001
 7.8167558e-001
 7.8131407e-001
 7.8096020e-001
 7.8062594e-001
 7.8032106e-001
 7.8005272e-001
 7.7982557e-001
 7.7964228e-001
 7.7950430e-001
 7.7941257e-001
 7.7936828e-001
 7.7937311e-001
 7.7942914e-001
 7.7953756e-001
 7.7969807e-001
 7.7990764e-001
 7.8016043e-001
 7.8044748e-001
 7.8075749e-001
 7.8107774e-001
 7.8139532e-001
 7.8169978e-001
 7.8198624e-001
 7.8225750e-001
 7.8252620e-001
 7.8281349e-001
 7.8314728e-001
 7.8355742e-001
 7.8407031e-001
 7.8470409e-001
 7.8546536e-001
 7.8635013e-001
 7.8734410e-001
 7.8842562e-001
 7.8956908e-001
 7.9074627e-001
 7.9192883e-001
 7.9309076e-001
 7.9420912e-001
 7.9526615e-001
 7.9624909e-001
 7.9715085e-001
 7.9797024e-001
 7.9871041e-001
 7.9937923e-001
 7.9998738e-001
 8.0054784e-001
 8.0107480e-001
 8.0158180e-001
 8.0208153e-001
 8.0258447e-001
 8.0309904e-001
 8.0363107e-001
 8.0418378e-001
 8.0475813e-001
 8.0535191e-001
 8.0596066e-001
 8.0657786e-001
 8.0719525e-001
 8.0780369e-001
 8.0839449e-001
 8.0895972e-001
 8.0949372e-001
 8.0999368e-001
 8.1046057e-001
 8.1089920e-001
 8.1131738e-001
 8.1172514e-001
 8.1213272e-001
 8.1254905e-001
 8.1298095e-001
 8.1343144e-001
 8.1390011e-001
 8.1438303e-001
 8.1487310e-001
 8.1536204e-001
 8.1584102e-001
 8.1630278e-001
 8.1674248e-001
 8.1715882e-001
 8.1755388e-001
 8.1793255e-001
 8.1830144e-001
 8.1866747e-001
 8.1903625e-001
 8.1941134e-001
 8.1979305e-001
 8.2017863e-001
 8.2056272e-001
 8.2093835e-001
 8.2129818e-001
 8.2163590e-001
 8.2194710e-001
 8.2223040e-001
 8.2248735e-001
 8.2272226e-001
 8.2294124e-001
 8.2315159e-001
 8.2336038e-001
 8.2357365e-001
 8.2379586e-001
 8.2402909e-001
 8.2427371e-001
 8.2452828e-001
 8.2479018e-001
 8.2505620e-001
 8.2532322e-001
 8.2558823e-001
 8.2584900e-001
 8.2610369e-001
 8.2635093e-001
 8.2658947e-001
 8.2681787e-001
 8.2703441e-001
 8.2723695e-001
 8.2742304e-001
 8.2759011e-001
 8.2773620e-001
 8.2786006e-001
 8.2796174e-001
 8.2804292e-001
 8.2810706e-001
 8.2815892e-001
 8.2820445e-001
 8.2824987e-001
 8.2830113e-001
 8.2836300e-001
 8.2843864e-001
 8.2852906e-001
 8.2863331e-001
 8.2874882e-001
 8.2887173e-001
 8.2899785e-001
 8.2912338e-001
 8.2924521e-001
 8.2936168e-001
 8.2947248e-001
 8.2957846e-001
 8.2968122e-001
 8.2978231e-001
 8.2988304e-001
 8.2998377e-001
 8.3008361e-001
 8.3018041e-001
 8.3027112e-001
 8.3035231e-001
 8.3042037e-001
 8.3047265e-001
 8.3050752e-001
 8.3052498e-001
 8.3052653e-001
 8.3051461e-001
 8.3049256e-001
 8.3046353e-001
 8.3043051e-001
 8.3039546e-001
 8.3035946e-001
 8.3032244e-001
 8.3028334e-001
 8.3024055e-001
 8.3019209e-001
 8.3013666e-001
 8.3007377e-001
 8.3000469e-001
 8.2993215e-001
 8.2986081e-001
 8.2979649e-001
 8.2974559e-001
 8.2971418e-001
 8.2970715e-001
 8.2972747e-001
 8.2977563e-001
 8.2984978e-001
 8.2994640e-001
 8.3006054e-001
 8.3018684e-001
 8.3031982e-001
 8.3045501e-001
 8.3058864e-001
 8.3071816e-001
 8.3084202e-001
 8.3095956e-001
 8.3107066e-001
 8.3117515e-001
 8.3127266e-001
 8.3136219e-001
 8.3144164e-001
 8.3150816e-001
 8.3155805e-001
 8.3158726e-001
 8.3159178e-001
 8.3156848e-001
 8.3151543e-001
 8.3143270e-001
 8.3132237e-001
 8.3118874e-001
 8.3103788e-001
 8.3087695e-001
 8.3071351e-001
 8.3055431e-001
 8.3040416e-001
 8.3026534e-001
 8.3013666e-001
 8.3001399e-001
 8.2989007e-001
 8.2975602e-001
 8.2960218e-001
 8.2942015e-001
 8.2920384e-001
 8.2895124e-001
 8.2866490e-001
 8.2835215e-001
 8.2802480e-001
 8.2769746e-001
 8.2738620e-001
 8.2710600e-001
 8.2686925e-001
 8.2668346e-001
 8.2655036e-001
 8.2646537e-001
 8.2641828e-001
 8.2639420e-001
 8.2637578e-001
 8.2634497e-001
 8.2628560e-001
 8.2618505e-001
 8.2603550e-001
 8.2583469e-001
 8.2558566e-001
 8.2529575e-001
 8.2497531e-001
 8.2463610e-001
 8.2428962e-001
 8.2394540e-001
 8.2361037e-001
 8.2328826e-001
 8.2297921e-001
 8.2268089e-001
 8.2238877e-001
 8.2209754e-001
 8.2180184e-001
 8.2149708e-001
 8.2118058e-001
 8.2085109e-001
 8.2050961e-001
 8.2015866e-001
 8.1980193e-001
 8.1944382e-001
 8.1908888e-001
 8.1874126e-001
 8.1840444e-001
 8.1808084e-001
 8.1777197e-001
 8.1747836e-001
 8.1719953e-001
 8.1693453e-001
 8.1668168e-001
 8.1643909e-001
 8.1620449e-001
 8.1597567e-001
 8.1575048e-001
 8.1552714e-001
 8.1530440e-001
 8.1508195e-001
 8.1486046e-001
 8.1464201e-001
 8.1442988e-001
 8.1422883e-001
 8.1404448e-001
 8.1388295e-001
 8.1375003e-001
 8.1365025e-001
 8.1358606e-001
 8.1355697e-001
 8.1355888e-001
 8.1358439e-001
 8.1362337e-001
 8.1366402e-001
 8.1369394e-001
 8.1370133e-001
 8.1367588e-001
 8.1360966e-001
 8.1349707e-001
 8.1333518e-001
 8.1312412e-001
 8.1286699e-001
 8.1256950e-001
 8.1223905e-001
 8.1188405e-001
 8.1151205e-001
 8.1112903e-001
 8.1073815e-001
 8.1033897e-001
 8.0992776e-001
 8.0953503e-001
 8.0908889e-001
 8.0860490e-001
 8.0807364e-001
 8.0748874e-001
 8.0684835e-001
 8.0615687e-001
 8.0542397e-001
 8.0466288e-001
 8.0388898e-001
 8.0311805e-001
 8.0236554e-001
 8.0164570e-001
 8.0096978e-001
 8.0034530e-001
 7.9977453e-001
 7.9925424e-001
 7.9877675e-001
 7.9833019e-001
 7.9790080e-001
 7.9747337e-001
 7.9703218e-001
 7.9656112e-001
 7.9604369e-001
 7.9546267e-001
 7.9480040e-001
 7.9403806e-001
 7.9315656e-001
 7.9213601e-001
 7.9095644e-001
 7.8959841e-001
 7.8804284e-001
 7.8627443e-001
 7.8428262e-001
 7.8206724e-001
 7.7964085e-001
 7.7702951e-001
 7.7427286e-001
 7.7142018e-001
 7.6852530e-001
 7.6564586e-001
 7.6283813e-001
 7.6015663e-001
 7.5765008e-001
 7.5535595e-001
 7.5329930e-001
 7.5148869e-001
 7.4991983e-001
 7.4857801e-001
 7.4744201e-001
 7.4648863e-001
 7.4569350e-001
 7.4503422e-001
 7.4449193e-001
 7.4405402e-001
 7.4371660e-001
 7.4348509e-001
 7.4337375e-001
 7.4340302e-001
 7.4359697e-001
 7.4398130e-001
 7.4458134e-001
 7.4541980e-001
 7.4651372e-001
 7.4787086e-001
 7.4948591e-001
 7.5133926e-001
 7.5339901e-001
 7.5562292e-001
 7.5796407e-001
 7.6037222e-001
 7.6279664e-001
 7.6518875e-001
 7.6750207e-001
 7.6969701e-001
 7.7174067e-001
 7.7360862e-001
 7.7528483e-001
 7.7675807e-001
 7.7802128e-001
 7.7906853e-001
 7.7989513e-001
 7.8049767e-001
 7.8087419e-001
 7.8102577e-001
 7.8095716e-001
 7.8067768e-001
 7.8020018e-001
 7.7954042e-001
 7.7871615e-001
 7.7774537e-001
 7.7664679e-001
 7.7543825e-001
 7.7413714e-001
 7.7275926e-001
 7.7131802e-001
 7.6982510e-001
 7.6828945e-001
 7.6671916e-001
 7.6512122e-001
 7.6350182e-001
 7.6186764e-001
 7.6022458e-001
 7.5857937e-001
 7.5693905e-001
 7.5531048e-001
 7.5370151e-001
 7.5211990e-001
 7.5057417e-001
 7.4907303e-001
 7.4762446e-001
 7.4623734e-001
 7.4491912e-001
 7.4367702e-001
 7.4251658e-001
 7.4144077e-001
 7.4045080e-001
 7.3954558e-001
 7.3872226e-001
 7.3797733e-001
 7.3730665e-001
 7.3670596e-001
 7.3617107e-001
 7.3569769e-001
 7.3528171e-001
 7.3491925e-001
 7.3460656e-001
 7.3434013e-001
 7.3411649e-001
 7.3393220e-001
 7.3378408e-001
 7.3366880e-001
 7.3358327e-001
 7.3352480e-001
 7.3349100e-001
 7.3348022e-001
 7.3349148e-001
 7.3352462e-001
 7.3357970e-001
 7.3365730e-001
 7.3375797e-001
 7.3388225e-001
 7.3403049e-001
 7.3420262e-001
 7.3439771e-001
 7.3461390e-001
 7.3484814e-001
 7.3509634e-001
 7.3535359e-001
 7.3561472e-001
 7.3587412e-001
 7.3612654e-001
 7.3636687e-001
 7.3659116e-001
 7.3679656e-001
 7.3698241e-001
 7.3715025e-001
 7.3730338e-001
 7.3744673e-001
 7.3758608e-001
 7.3772746e-001
 7.3787701e-001
 7.3804069e-001
 7.3822355e-001
 7.3842978e-001
 7.3866177e-001
 7.3892039e-001
 7.3920476e-001
 7.3951304e-001
 7.3984259e-001
 7.4019045e-001
 7.4055368e-001
 7.4092919e-001
 7.4131405e-001
 7.4170583e-001
 7.4210215e-001
 7.4250120e-001
 7.4290150e-001
 7.4330175e-001
 7.4370092e-001
 7.4409795e-001
 7.4449182e-001
 7.4488157e-001
 7.4526572e-001
 7.4564302e-001
 7.4601144e-001
 7.4636877e-001
 7.4671251e-001
 7.4703968e-001
 7.4734735e-001
 7.4763250e-001
 7.4789208e-001
 7.4812382e-001
 7.4832577e-001
 7.4849761e-001
 7.4864072e-001
 7.4875838e-001
 7.4885583e-001
 7.4893945e-001
 7.4901646e-001
 7.4909449e-001
 7.4918103e-001
 7.4928331e-001
 7.4940753e-001
 7.4955869e-001
 7.4973941e-001
 7.4995053e-001
 7.5019068e-001
 7.5045711e-001
 7.5074607e-001
 7.5105345e-001
 7.5137514e-001
 7.5170666e-001
 7.5204378e-001
 7.5238240e-001
 7.5271821e-001
 7.5304741e-001
 7.5336593e-001
 7.5367004e-001
 7.5395590e-001
 7.5421971e-001
 7.5445795e-001
 7.5466704e-001
 7.5484419e-001
 7.5498718e-001
 7.5509489e-001
 7.5516725e-001
 7.5520551e-001
 7.5521147e-001
 7.5518745e-001
 7.5513607e-001
 7.5506008e-001
 7.5496227e-001
 7.5484586e-001
 7.5471449e-001
 7.5457233e-001
 7.5442427e-001
 7.5427580e-001
 7.5413281e-001
 7.5400150e-001
 7.5388801e-001
 7.5379837e-001
 7.5373799e-001
 7.5371093e-001
 7.5371915e-001
 7.5376159e-001
 7.5383407e-001
 7.5392938e-001
 7.5403810e-001
 7.5414973e-001
 7.5425309e-001
 7.5433701e-001
 7.5439101e-001
 7.5440627e-001
 7.5437635e-001
 7.5429815e-001
 7.5417262e-001
 7.5400388e-001
 7.5379878e-001
 7.5356561e-001
 7.5331324e-001
 7.5305080e-001
 7.5278693e-001
 7.5252903e-001
 7.5228286e-001
 7.5205183e-001
 7.5183636e-001
 7.5163448e-001
 7.5144261e-001
 7.5125593e-001
 7.5106901e-001
 7.5087672e-001
 7.5067431e-001
 7.5045806e-001
 7.5022608e-001
 7.4997926e-001
 7.4972099e-001
 7.4945730e-001
 7.4919623e-001
 7.4894673e-001
 7.4871814e-001
 7.4851990e-001
 7.4836034e-001
 7.4824595e-001
 7.4818039e-001
 7.4816269e-001
 7.4818742e-001
 7.4824488e-001
 7.4832219e-001
 7.4840468e-001
 7.4847686e-001
 7.4852329e-001
 7.4852967e-001
 7.4848384e-001
 7.4837732e-001
 7.4820697e-001
 7.4797517e-001
 7.4768931e-001
 7.4736089e-001
 7.4700332e-001
 7.4663103e-001
 7.4625891e-001
 7.4590063e-001
 7.4556834e-001
 7.4527103e-001
 7.4501371e-001
 7.4479657e-001
 7.4461603e-001
 7.4446511e-001
 7.4433517e-001
 7.4421680e-001
 7.4410039e-001
 7.4397659e-001
 7.4383718e-001
 7.4367559e-001
 7.4348742e-001
 7.4327087e-001
 7.4302644e-001
 7.4275619e-001
 7.4246341e-001
 7.4215150e-001
 7.4182445e-001
 7.4148589e-001
 7.4113947e-001
 7.4078840e-001
 7.4043548e-001
 7.4008292e-001
 7.3973262e-001
 7.3938608e-001
 7.3904443e-001
 7.3870903e-001
 7.3838073e-001
 7.3806024e-001
 7.3774761e-001
 7.3744226e-001
 7.3714209e-001
 7.3684353e-001
 7.3654205e-001
 7.3623198e-001
 7.3590708e-001
 7.3556113e-001
 7.3518777e-001
 7.3478103e-001
 7.3433578e-001
 7.3384863e-001
 7.3331779e-001
 7.3274368e-001
 7.3212904e-001
 7.3147762e-001
 7.3079407e-001
 7.3008394e-001
 7.2935241e-001
 7.2860473e-001
 7.2784650e-001
 7.2708267e-001
 7.2631800e-001
 7.2555691e-001
 7.2480404e-001
 7.2406340e-001
 7.2333878e-001
 7.2263420e-001
 7.2195268e-001
 7.2129601e-001
 7.2066373e-001
 7.2005045e-001
 7.1944505e-001
 7.1882963e-001
 7.1818066e-001
 7.1746993e-001
 7.1666652e-001
 7.1573925e-001
 7.1465719e-001
 7.1339226e-001
 7.1192384e-001
 7.1024126e-001
 7.0834845e-001
 7.0626724e-001
 7.0403266e-001
 7.0169115e-001
 6.9929492e-001
 6.9690090e-001
 6.9456410e-001
 6.9233704e-001
 6.9026744e-001
 6.8839079e-001
 6.8672818e-001
 6.8528593e-001
 6.8405473e-001
 6.8301493e-001
 6.8214035e-001
 6.8140239e-001
 6.8077075e-001
 6.8021584e-001
 6.7970979e-001
 6.7922741e-001
 6.7874694e-001
 6.7825156e-001
 6.7772752e-001
 6.7716426e-001
 6.7655271e-001
 6.7588526e-001
 6.7515475e-001
 6.7435575e-001
 6.7348623e-001
 6.7254901e-001
 6.7155361e-001
 6.7051786e-001
 6.6946602e-001
 6.6842723e-001
 6.6743439e-001
 6.6652095e-001
 6.6572022e-001
 6.6506302e-001
 6.6457593e-001
 6.6427684e-001
 6.6417271e-001
 6.6425836e-001
 6.6451746e-001
 6.6492569e-001
 6.6545349e-001
 6.6606945e-001
 6.6674155e-001
 6.6743904e-001
 6.6813326e-001
 6.6880059e-001
 6.6942346e-001
 6.6999078e-001
 6.7049789e-001
 6.7094475e-001
 6.7133361e-001
 6.7166835e-001
 6.7195296e-001
 6.7219067e-001
 6.7238355e-001
 6.7253101e-001
 6.7262894e-001
 6.7266953e-001
 6.7264152e-001
 6.7253107e-001
 6.7232287e-001
 6.7200100e-001
 6.7154902e-001
 6.7095107e-001
 6.7019147e-001
 6.6925544e-001
 6.6812921e-001
 6.6680092e-001
 6.6525912e-001
 6.6349310e-001
 6.6149408e-001
 6.5925270e-001
 6.5676081e-001
 6.5401542e-001
 6.5101892e-001
 6.4778471e-001
 6.4434403e-001
 6.4074320e-001
 6.3704455e-001
 6.3332123e-001
 6.2965554e-001
 6.2613022e-001
 6.2282819e-001
 6.1983156e-001
 6.1721343e-001
 6.1503583e-001
 6.1334676e-001
 6.1217529e-001
 6.1153579e-001
 6.1143088e-001
 6.1185652e-001
 6.1280453e-001
 6.1426455e-001
 6.1622167e-001
 6.1865509e-001
 6.2153387e-001
 6.2481004e-001
 6.2842155e-001
 6.3229191e-001
 6.3633108e-001
 6.4044535e-001
 6.4453763e-001
 6.4851218e-001
 6.5227449e-001
 6.5574205e-001
 6.5884715e-001
 6.6154063e-001
 6.6379839e-001
 6.6561657e-001
 6.6700518e-001
 6.6798508e-001
 6.6858131e-001
 6.6882211e-001
 6.6873932e-001
 6.6837144e-001
 6.6776735e-001
 6.6699064e-001
 6.6612059e-001
 6.6525042e-001
 6.6448462e-001
 6.6393304e-001
 6.6370761e-001
 6.6391766e-001
 6.6466278e-001
 6.6602272e-001
 6.6804421e-001
 6.7072743e-001
 6.7402351e-001
 6.7783898e-001
 6.8204403e-001
 6.8649191e-001
 6.9102722e-001
 6.9549090e-001
 6.9973451e-001
 7.0362586e-001
 7.0706284e-001
 7.0998102e-001
 7.1236241e-001
 7.1422857e-001
 7.1562904e-001
 7.1663243e-001
 7.1731520e-001
 7.1775556e-001
 7.1803004e-001
 7.1820849e-001
 7.1834970e-001
 7.1849722e-001
 7.1867794e-001
 7.1890348e-001
 7.1917439e-001
 7.1948427e-001
 7.1982372e-001
 7.2018188e-001
 7.2054803e-001
 7.2091210e-001
 7.2126478e-001
 7.2159886e-001
 7.2190875e-001
 7.2219050e-001
 7.2244120e-001
 7.2265887e-001
 7.2284192e-001
 7.2298867e-001
 7.2309762e-001
 7.2316724e-001
 7.2319585e-001
 7.2318178e-001
 7.2312319e-001
 7.2301823e-001
 7.2286487e-001
 7.2266108e-001
 7.2240484e-001
 7.2209430e-001
 7.2172761e-001
 7.2130340e-001
 7.2082132e-001
 7.2028166e-001
 7.1968597e-001
 7.1903712e-001
 7.1833831e-001
 7.1759319e-001
 7.1680540e-001
 7.1597910e-001
 7.1511734e-001
 7.1422273e-001
 7.1329743e-001
 7.1234155e-001
 7.1135366e-001
 7.1033186e-001
 7.0927227e-001
 7.0817053e-001
 7.0702195e-001
 7.0582235e-001
 7.0456707e-001
 7.0325136e-001
 7.0187181e-001
 7.0047814e-001
 6.9931901e-001
 6.9773126e-001
 6.9609350e-001
 6.9441515e-001
 6.9270599e-001
 6.9097531e-001
 6.8923372e-001
 6.8749064e-001
 6.8575561e-001
 6.8403858e-001
 6.8234849e-001
 6.8069148e-001
 6.7907029e-001
 6.7748803e-001
 6.7594761e-001
 6.7445284e-001
 6.7300653e-001
 6.7161185e-001
 6.7027158e-001
 6.6898966e-001
 6.6776884e-001
 6.6661227e-001
 6.6552275e-001
 6.6450411e-001
 6.6355902e-001
 6.6268742e-001
 6.6188812e-001
 6.6115975e-001
 6.6050130e-001
 6.5991133e-001
 6.5938848e-001
 6.5893137e-001
 6.5853906e-001
 6.5820998e-001
 6.5794283e-001
 6.5773642e-001
 6.5758950e-001
 6.5750057e-001
 6.5746850e-001
 6.5749216e-001
 6.5756989e-001
 6.5770066e-001
 6.5788263e-001
 6.5811032e-001
 6.5837598e-001
 6.5867203e-001
 6.5899080e-001
 6.5932477e-001
 6.5966630e-001
 6.6000754e-001
 6.6034096e-001
 6.6065907e-001
 6.6095412e-001
 6.6121858e-001
 6.6144449e-001
 6.6162461e-001
 6.6175115e-001
 6.6181642e-001
 6.6181278e-001
 6.6173273e-001
 6.6156846e-001
 6.6131246e-001
 6.6095704e-001
 6.6049469e-001
 6.5991867e-001
 6.5923142e-001
 6.5844035e-001
 6.5755254e-001
 6.5657502e-001
 6.5551525e-001
 6.5437979e-001
 6.5317672e-001
 6.5191263e-001
 6.5059489e-001
 6.4923030e-001
 6.4782673e-001
 6.4639097e-001
 6.4493012e-001
 6.4345121e-001
 6.4196199e-001
 6.4046931e-001
 6.3898039e-001
 6.3750237e-001
 6.3604206e-001
 6.3460737e-001
 6.3320518e-001
 6.3184255e-001
 6.3052642e-001
 6.2926459e-001
 6.2806398e-001
 6.2693083e-001
 6.2586576e-001
 6.2486672e-001
 6.2393129e-001
 6.2305677e-001
 6.2224108e-001
 6.2148136e-001
 6.2077600e-001
 6.2012219e-001
 6.1951756e-001
 6.1895967e-001
 6.1844647e-001
 6.1797535e-001
 6.1754394e-001
 6.1714983e-001
 6.1679083e-001
 6.1646450e-001
 6.1616832e-001
 6.1589998e-001
 6.1565727e-001
 6.1543769e-001
 6.1523879e-001
 6.1505842e-001
 6.1489397e-001
 6.1474317e-001
 6.1460370e-001
 6.1447310e-001
 6.1434913e-001
 6.1422914e-001
 6.1411113e-001
 6.1399269e-001
 6.1387372e-001
 6.1375499e-001
 6.1363703e-001
