s07_ASD Record=13166: Dic.4+msc.3+gyp.2+jr.1 AMX20  BECKa AREF
 4.5370516e-001
 4.5615342e-001
 4.5864269e-001
 4.6117187e-001
 4.6373978e-001
 4.6634418e-001
 4.6898180e-001
 4.7164753e-001
 4.7433519e-001
 4.7703743e-001
 4.7974733e-001
 4.8245785e-001
 4.8516276e-001
 4.8785597e-001
 4.9053216e-001
 4.9318957e-001
 4.9583134e-001
 4.9846667e-001
 5.0110775e-001
 5.0376558e-001
 5.0644380e-001
 5.0913417e-001
 5.1181954e-001
 5.1447999e-001
 5.1710212e-001
 5.1968426e-001
 5.2223933e-001
 5.2478743e-001
 5.2734202e-001
 5.2990270e-001
 5.3245711e-001
 5.3498936e-001
 5.3748643e-001
 5.3994113e-001
 5.4235631e-001
 5.4474682e-001
 5.4713345e-001
 5.4953492e-001
 5.5196446e-001
 5.5442786e-001
 5.5692482e-001
 5.5945110e-001
 5.6199944e-001
 5.6456119e-001
 5.6712705e-001
 5.6968915e-001
 5.7224095e-001
 5.7477742e-001
 5.7729304e-001
 5.7978171e-001
 5.8223695e-001
 5.8465356e-001
 5.8702970e-001
 5.8936614e-001
 5.9166551e-001
 5.9392905e-001
 5.9615582e-001
 5.9834379e-001
 6.0048908e-001
 6.0257709e-001
 6.0458094e-001
 6.0649258e-001
 6.0830468e-001
 6.0999578e-001
 6.1153966e-001
 6.1295515e-001
 6.1428618e-001
 6.1556911e-001
 6.1682659e-001
 6.1806846e-001
 6.1929464e-001
 6.2050039e-001
 6.2167728e-001
 6.2281144e-001
 6.2388200e-001
 6.2486553e-001
 6.2574458e-001
 6.2651575e-001
 6.2719029e-001
 6.2778950e-001
 6.2833875e-001
 6.2886524e-001
 6.2940031e-001
 6.2998205e-001
 6.3065344e-001
 6.3145310e-001
 6.3240111e-001
 6.3348776e-001
 6.3467240e-001
 6.3589877e-001
 6.3711977e-001
 6.3832182e-001
 6.3953173e-001
 6.4080203e-001
 6.4218330e-001
 6.4369881e-001
 6.4533359e-001
 6.4704156e-001
 6.4876765e-001
 6.5046889e-001
 6.5212572e-001
 6.5373975e-001
 6.5532309e-001
 6.5688586e-001
 6.5842581e-001
 6.5992498e-001
 6.6135377e-001
 6.6268152e-001
 6.6388935e-001
 6.6498178e-001
 6.6599095e-001
 6.6696626e-001
 6.6795236e-001
 6.6896790e-001
 6.7000008e-001
 6.7101645e-001
 6.7198408e-001
 6.7288476e-001
 6.7372143e-001
 6.7451668e-001
 6.7530066e-001
 6.7609447e-001
 6.7690223e-001
 6.7772174e-001
 6.7856395e-001
 6.7945904e-001
 6.8043715e-001
 6.8150163e-001
 6.8262410e-001
 6.8376875e-001
 6.8491852e-001
 6.8607360e-001
 6.8722302e-001
 6.8832725e-001
 6.8934035e-001
 6.9025815e-001
 6.9114256e-001
 6.9208837e-001
 6.9315398e-001
 6.9431514e-001
 6.9548076e-001
 6.9654953e-001
 6.9745594e-001
 6.9817817e-001
 6.9872564e-001
 6.9913059e-001
 6.9944501e-001
 6.9972652e-001
 7.0001161e-001
 7.0029658e-001
 7.0054865e-001
 7.0074427e-001
 7.0090157e-001
 7.0107752e-001
 7.0133269e-001
 7.0169508e-001
 7.0215273e-001
 7.0267153e-001
 7.0321834e-001
 7.0377970e-001
 7.0437086e-001
 7.0502222e-001
 7.0574433e-001
 7.0651048e-001
 7.0728809e-001
 7.0807791e-001
 7.0890063e-001
 7.0974553e-001
 7.1055800e-001
 7.1129143e-001
 7.1195608e-001
 7.1260160e-001
 7.1325463e-001
 7.1388811e-001
 7.1446115e-001
 7.1498555e-001
 7.1554214e-001
 7.1622103e-001
 7.1704292e-001
 7.1793801e-001
 7.1880448e-001
 7.1958750e-001
 7.2030693e-001
 7.2101992e-001
 7.2176337e-001
 7.2252321e-001
 7.2324508e-001
 7.2388279e-001
 7.2445083e-001
 7.2502583e-001
 7.2567970e-001
 7.2641456e-001
 7.2718000e-001
 7.2793823e-001
 7.2868425e-001
 7.2941411e-001
 7.3011398e-001
 7.3078835e-001
 7.3146999e-001
 7.3218846e-001
 7.3294115e-001
 7.3369777e-001
 7.3442620e-001
 7.3511732e-001
 7.3579377e-001
 7.3648238e-001
 7.3716468e-001
 7.3778147e-001
 7.3832309e-001
 7.3888576e-001
 7.3957735e-001
 7.4037713e-001
 7.4115372e-001
 7.4182242e-001
 7.4243307e-001
 7.4309528e-001
 7.4385786e-001
 7.4466944e-001
 7.4543297e-001
 7.4609095e-001
 7.4667072e-001
 7.4724901e-001
 7.4786341e-001
 7.4847060e-001
 7.4901319e-001
 7.4951053e-001
 7.5004518e-001
 7.5066483e-001
 7.5133538e-001
 7.5199366e-001
 7.5261587e-001
 7.5322205e-001
 7.5382954e-001
 7.5443101e-001
 7.5502759e-001
 7.5564772e-001
 7.5629592e-001
 7.5692874e-001
 7.5755107e-001
 7.5828493e-001
 7.5922769e-001
 7.6026362e-001
 7.6113778e-001
 7.6171720e-001
 7.6209283e-001
 7.6245224e-001
 7.6293993e-001
 7.6360703e-001
 7.6439112e-001
 7.6516068e-001
 7.6586658e-001
 7.6659632e-001
 7.6740956e-001
 7.6821625e-001
 7.6891363e-001
 7.6956415e-001
 7.7030444e-001
 7.7113849e-001
 7.7194619e-001
 7.7266520e-001
 7.7334177e-001
 7.7401268e-001
 7.7464539e-001
 7.7519524e-001
 7.7566916e-001
 7.7613819e-001
 7.7669400e-001
 7.7737778e-001
 7.7816099e-001
 7.7898407e-001
 7.7979529e-001
 7.8059000e-001
 7.8141040e-001
 7.8224671e-001
 7.8297877e-001
 7.8351742e-001
 7.8396869e-001
 7.8452897e-001
 7.8522789e-001
 7.8593051e-001
 7.8654808e-001
 7.8706431e-001
 7.8745806e-001
 7.8781009e-001
 7.8833199e-001
 7.8909010e-001
 7.8989577e-001
 7.9058003e-001
 7.9119331e-001
 7.9183728e-001
 7.9246485e-001
 7.9295206e-001
 7.9329723e-001
 7.9367930e-001
 7.9428750e-001
 7.9509848e-001
 7.9589707e-001
 7.9653633e-001
 7.9706782e-001
 7.9759556e-001
 7.9814565e-001
 7.9871386e-001
 7.9929775e-001
 7.9983461e-001
 8.0024976e-001
 8.0062568e-001
 8.0117166e-001
 8.0195057e-001
 8.0278027e-001
 8.0347013e-001
 8.0402946e-001
 8.0459464e-001
 8.0525434e-001
 8.0598587e-001
 8.0670607e-001
 8.0735052e-001
 8.0791056e-001
 8.0841315e-001
 8.0889398e-001
 8.0939102e-001
 8.0993950e-001
 8.1055349e-001
 8.1120610e-001
 8.1184238e-001
 8.1241655e-001
 8.1291747e-001
 8.1336933e-001
 8.1381887e-001
 8.1432122e-001
 8.1491917e-001
 8.1561178e-001
 8.1633765e-001
 8.1700116e-001
 8.1753516e-001
 8.1794500e-001
 8.1829989e-001
 8.1868869e-001
 8.1918174e-001
 8.1980592e-001
 8.2051790e-001
 8.2119691e-001
 8.2170224e-001
 8.2198650e-001
 8.2216650e-001
 8.2245690e-001
 8.2299894e-001
 8.2374251e-001
 8.2450032e-001
 8.2511097e-001
 8.2554895e-001
 8.2590002e-001
 8.2625365e-001
 8.2662565e-001
 8.2698327e-001
 8.2732743e-001
 8.2766509e-001
 8.2795918e-001
 8.2817280e-001
 8.2832938e-001
 8.2849354e-001
 8.2871056e-001
 8.2897031e-001
 8.2922149e-001
 8.2943708e-001
 8.2966709e-001
 8.3001339e-001
 8.3053017e-001
 8.3110434e-001
 8.3147651e-001
 8.3148634e-001
 8.3125710e-001
 8.3106029e-001
 8.3107179e-001
 8.3127922e-001
 8.3153248e-001
 8.3166236e-001
 8.3160299e-001
 8.3145422e-001
 8.3140856e-001
 8.3153909e-001
 8.3169913e-001
 8.3171809e-001
 8.3161741e-001
 8.3155960e-001
 8.3165187e-001
 8.3181894e-001
 8.3186394e-001
 8.3170408e-001
 8.3146960e-001
 8.3126962e-001
 8.3102077e-001
 8.3065927e-001
 8.3032012e-001
 8.3011109e-001
 8.2991529e-001
 8.2962137e-001
 8.2935864e-001
 8.2928884e-001
 8.2942486e-001
 8.2960445e-001
 8.2970512e-001
 8.2980329e-001
 8.2997000e-001
 8.3016580e-001
 8.3032316e-001
 8.3038831e-001
 8.3032000e-001
 8.3010441e-001
 8.2979971e-001
 8.2953012e-001
 8.2938766e-001
 8.2931018e-001
 8.2909340e-001
 8.2857609e-001
 8.2785732e-001
 8.2728308e-001
 8.2715821e-001
 8.2743341e-001
 8.2771879e-001
 8.2762963e-001
 8.2711172e-001
 8.2644814e-001
 8.2597542e-001
 8.2582098e-001
 8.2589865e-001
 8.2606977e-001
 8.2622379e-001
 8.2628137e-001
 8.2617819e-001
 8.2593465e-001
 8.2548988e-001
 8.2493091e-001
 8.2430494e-001
 8.2368547e-001
 8.2315618e-001
 8.2280117e-001
 8.2268274e-001
 8.2272005e-001
 8.2277471e-001
 8.2270819e-001
 8.2240999e-001
 8.2195222e-001
 8.2148153e-001
 8.2114434e-001
 8.2106000e-001
 8.2116556e-001
 8.2132435e-001
 8.2139933e-001
 8.2127428e-001
 8.2096893e-001
 8.2048529e-001
 8.2004744e-001
 8.1966627e-001
 8.1937104e-001
 8.1914669e-001
 8.1897652e-001
 8.1884348e-001
 8.1873065e-001
 8.1861949e-001
 8.1848985e-001
 8.1832135e-001
 8.1809390e-001
 8.1778818e-001
 8.1740654e-001
 8.1697226e-001
 8.1651014e-001
 8.1604421e-001
 8.1559837e-001
 8.1517601e-001
 8.1476152e-001
 8.1433809e-001
 8.1388944e-001
 8.1339878e-001
 8.1286699e-001
 8.1236398e-001
 8.1197625e-001
 8.1179017e-001
 8.1189209e-001
 8.1236839e-001
 8.1324148e-001
 8.1428683e-001
 8.1522083e-001
 8.1575960e-001
 8.1561953e-001
 8.1451684e-001
 8.1216794e-001
 8.0841953e-001
 8.0361927e-001
 7.9823136e-001
 7.9272276e-001
 7.8755772e-001
 7.8320289e-001
 7.8012282e-001
 7.7878380e-001
 7.7949077e-001
 7.8194487e-001
 7.8570539e-001
 7.9033035e-001
 7.9537958e-001
 8.0041087e-001
 8.0498362e-001
 8.0865711e-001
 8.1110334e-001
 8.1242001e-001
 8.1280333e-001
 8.1244940e-001
 8.1155473e-001
 8.1031525e-001
 8.0892771e-001
 8.0758786e-001
 8.0645335e-001
 8.0553681e-001
 8.0481845e-001
 8.0427778e-001
 8.0389476e-001
 8.0364913e-001
 8.0352086e-001
 8.0348963e-001
 8.0353540e-001
 8.0363786e-001
 8.0377692e-001
 8.0393237e-001
 8.0408710e-001
 8.0423456e-001
 8.0437124e-001
 8.0449301e-001
 8.0459607e-001
 8.0467671e-001
 8.0473077e-001
 8.0475473e-001
 8.0474448e-001
 8.0469620e-001
 8.0460614e-001
 8.0447042e-001
 8.0428737e-001
 8.0406368e-001
 8.0380797e-001
 8.0352861e-001
 8.0323428e-001
 8.0293339e-001
 8.0263436e-001
 8.0234575e-001
 8.0207616e-001
 8.0183393e-001
 8.0162770e-001
 8.0146205e-001
 8.0132884e-001
 8.0121636e-001
 8.0111349e-001
 8.0100876e-001
 8.0089086e-001
 8.0074835e-001
 8.0057007e-001
 8.0034453e-001
 8.0006033e-001
 7.9971081e-001
 7.9930508e-001
 7.9885566e-001
 7.9837531e-001
 7.9787642e-001
 7.9737186e-001
 7.9687387e-001
 7.9639542e-001
 7.9594868e-001
 7.9554671e-001
 7.9519975e-001
 7.9491156e-001
 7.9468417e-001
 7.9451984e-001
 7.9442060e-001
 7.9438859e-001
 7.9442596e-001
 7.9453498e-001
 7.9471761e-001
 7.9497606e-001
 7.9530412e-001
 7.9566771e-001
 7.9602641e-001
 7.9634053e-001
 7.9656953e-001
 7.9667360e-001
 7.9661244e-001
 7.9634613e-001
 7.9583430e-001
 7.9505748e-001
 7.9406363e-001
 7.9291552e-001
 7.9167527e-001
 7.9040539e-001
 7.8916818e-001
 7.8802621e-001
 7.8704160e-001
 7.8626084e-001
 7.8567582e-001
 7.8526807e-001
 7.8501880e-001
 7.8490913e-001
 7.8492051e-001
 7.8503406e-001
 7.8523111e-001
 7.8548968e-001
 7.8577697e-001
 7.8605825e-001
 7.8629845e-001
 7.8646290e-001
 7.8651667e-001
 7.8642505e-001
 7.8615290e-001
 7.8567523e-001
 7.8499877e-001
 7.8413606e-001
 7.8315461e-001
 7.8194898e-001
 7.8060257e-001
 7.7915257e-001
 7.7767462e-001
 7.7628726e-001
 7.7513969e-001
 7.7439553e-001
 7.7421629e-001
 7.7472621e-001
 7.7595156e-001
 7.7778310e-001
 7.8001583e-001
 7.8240818e-001
 7.8472424e-001
 7.8677207e-001
 7.8844553e-001
 7.8973567e-001
 7.9070657e-001
 7.9145700e-001
 7.9208958e-001
 7.9268712e-001
 7.9329282e-001
 7.9390335e-001
 7.9447925e-001
 7.9496402e-001
 7.9530281e-001
 7.9546028e-001
 7.9543597e-001
 7.9526836e-001
 7.9502708e-001
 7.9479665e-001
 7.9465932e-001
 7.9467797e-001
 7.9488295e-001
 7.9526782e-001
 7.9579628e-001
 7.9641497e-001
 7.9706645e-001
 7.9769999e-001
 7.9798377e-001
 7.9839706e-001
 7.9878414e-001
 7.9913872e-001
 7.9945952e-001
 7.9974926e-001
 8.0001450e-001
 8.0026454e-001
 8.0051035e-001
 8.0076396e-001
 8.0103678e-001
 8.0133849e-001
 8.0167669e-001
 8.0205506e-001
 8.0247396e-001
 8.0293053e-001
 8.0341876e-001
 8.0393058e-001
 8.0445617e-001
 8.0498469e-001
 8.0550557e-001
 8.0600846e-001
 8.0648488e-001
 8.0692774e-001
 8.0733228e-001
 8.0769622e-001
 8.0802000e-001
 8.0830741e-001
 8.0856472e-001
 8.0880070e-001
 8.0902469e-001
 8.0924553e-001
 8.0947053e-001
 8.0970424e-001
 8.0994880e-001
 8.1020379e-001
 8.1046706e-001
 8.1073558e-001
 8.1100625e-001
 8.1127644e-001
 8.1154460e-001
 8.1180966e-001
 8.1207108e-001
 8.1232822e-001
 8.1258017e-001
 8.1282592e-001
 8.1306440e-001
 8.1329489e-001
 8.1351757e-001
 8.1373298e-001
 8.1394219e-001
 8.1414586e-001
 8.1434345e-001
 8.1453323e-001
 8.1471181e-001
 8.1487501e-001
 8.1501871e-001
 8.1514019e-001
 8.1523913e-001
 8.1531835e-001
 8.1538343e-001
 8.1544226e-001
 8.1550318e-001
 8.1557393e-001
 8.1565994e-001
 8.1576371e-001
 8.1588477e-001
 8.1601989e-001
 8.1616443e-001
 8.1631315e-001
 8.1646127e-001
 8.1660527e-001
 8.1674308e-001
 8.1687391e-001
 8.1699818e-001
 8.1711680e-001
 8.1723082e-001
 8.1734133e-001
 8.1744909e-001
 8.1755435e-001
 8.1765735e-001
 8.1775784e-001
 8.1785542e-001
 8.1794935e-001
 8.1803864e-001
 8.1812191e-001
 8.1819755e-001
 8.1826359e-001
 8.1831831e-001
 8.1836033e-001
 8.1838900e-001
 8.1840491e-001
 8.1840980e-001
 8.1840652e-001
 8.1839854e-001
 8.1838936e-001
 8.1838137e-001
 8.1837547e-001
 8.1837046e-001
 8.1836319e-001
 8.1834912e-001
 8.1832355e-001
 8.1828231e-001
 8.1822336e-001
 8.1814694e-001
 8.1805605e-001
 8.1795561e-001
 8.1785178e-001
 8.1775099e-001
 8.1765872e-001
 8.1757927e-001
 8.1751531e-001
 8.1746811e-001
 8.1743783e-001
 8.1742406e-001
 8.1742573e-001
 8.1744146e-001
 8.1746918e-001
 8.1750607e-001
 8.1754875e-001
 8.1759322e-001
 8.1763566e-001
 8.1767249e-001
 8.1770116e-001
 8.1772029e-001
 8.1772953e-001
 8.1772935e-001
 8.1772035e-001
 8.1770295e-001
 8.1767708e-001
 8.1764209e-001
 8.1759733e-001
 8.1754220e-001
 8.1747711e-001
 8.1740320e-001
 8.1732243e-001
 8.1723726e-001
 8.1714940e-001
 8.1705952e-001
 8.1696630e-001
 8.1686634e-001
 8.1675422e-001
 8.1662309e-001
 8.1646538e-001
 8.1627363e-001
 8.1604129e-001
 8.1576300e-001
 8.1543481e-001
 8.1505442e-001
 8.1462049e-001
 8.1413263e-001
 8.1359142e-001
 8.1299806e-001
 8.1235480e-001
 8.1166530e-001
 8.1093431e-001
 8.1016898e-001
 8.0937761e-001
 8.0857056e-001
 8.0775928e-001
 8.0695516e-001
 8.0616927e-001
 8.0541104e-001
 8.0468768e-001
 8.0400395e-001
 8.0336154e-001
 8.0276036e-001
 8.0219859e-001
 8.0167371e-001
 8.0118334e-001
 8.0072570e-001
 8.0030036e-001
 7.9990792e-001
 7.9954970e-001
 7.9922801e-001
 7.9894501e-001
 7.9870266e-001
 7.9850227e-001
 7.9834408e-001
 7.9822707e-001
 7.9814899e-001
 7.9810607e-001
 7.9809338e-001
 7.9810488e-001
 7.9813349e-001
 7.9817182e-001
 7.9821223e-001
 7.9824746e-001
 7.9827064e-001
 7.9827589e-001
 7.9825824e-001
 7.9821378e-001
 7.9813993e-001
 7.9803538e-001
 7.9790068e-001
 7.9773825e-001
 7.9755282e-001
 7.9735190e-001
 7.9714507e-001
 7.9694426e-001
 7.9676235e-001
 7.9661220e-001
 7.9650551e-001
 7.9645097e-001
 7.9645371e-001
 7.9651415e-001
 7.9662812e-001
 7.9678696e-001
 7.9697871e-001
 7.9718876e-001
 7.9740173e-001
 7.9760242e-001
 7.9777700e-001
 7.9791403e-001
 7.9800498e-001
 7.9804450e-001
 7.9803038e-001
 7.9796302e-001
 7.9784530e-001
 7.9768169e-001
 7.9747784e-001
 7.9723996e-001
 7.9697460e-001
 7.9668826e-001
 7.9638720e-001
 7.9607755e-001
 7.9576498e-001
 7.9545504e-001
 7.9515254e-001
 7.9486144e-001
 7.9458469e-001
 7.9432356e-001
 7.9407793e-001
 7.9384613e-001
 7.9362553e-001
 7.9341334e-001
 7.9320782e-001
 7.9300952e-001
 7.9282206e-001
 7.9265326e-001
 7.9251498e-001
 7.9242241e-001
 7.9239279e-001
 7.9244310e-001
 7.9258788e-001
 7.9283661e-001
 7.9319197e-001
 7.9364878e-001
 7.9419416e-001
 7.9480928e-001
 7.9547191e-001
 7.9615957e-001
 7.9685313e-001
 7.9753858e-001
 7.9820883e-001
 7.9886276e-001
 7.9950327e-001
 8.0013502e-001
 8.0076063e-001
 8.0137920e-001
 8.0198467e-001
 8.0256593e-001
 8.0310893e-001
 8.0359828e-001
 8.0402023e-001
 8.0436474e-001
 8.0462658e-001
 8.0480570e-001
 8.0490649e-001
 8.0493635e-001
 8.0490375e-001
 8.0481690e-001
 8.0468166e-001
 8.0450106e-001
 8.0427480e-001
 8.0399942e-001
 8.0366910e-001
 8.0327672e-001
 8.0281520e-001
 8.0227900e-001
 8.0166465e-001
 8.0097222e-001
 8.0020523e-001
 7.9937100e-001
 7.9847986e-001
 7.9754364e-001
 7.9657531e-001
 7.9558635e-001
 7.9458588e-001
 7.9357886e-001
 7.9256529e-001
 7.9154027e-001
 7.9049474e-001
 7.8941673e-001
 7.8829443e-001
 7.8711838e-001
 7.8588504e-001
 7.8459883e-001
 7.8327274e-001
 7.8192925e-001
 7.8059721e-001
 7.7930999e-001
 7.7810115e-001
 7.7700007e-001
 7.7602965e-001
 7.7520323e-001
 7.7452421e-001
 7.7398646e-001
 7.7357519e-001
 7.7326959e-001
 7.7304435e-001
 7.7287221e-001
 7.7272552e-001
 7.7257830e-001
 7.7240759e-001
 7.7219540e-001
 7.7192980e-001
 7.7160603e-001
 7.7122670e-001
 7.7080125e-001
 7.7034456e-001
 7.6987422e-001
 7.6940805e-001
 7.6896101e-001
 7.6854283e-001
 7.6815659e-001
 7.6779819e-001
 7.6745749e-001
 7.6711947e-001
 7.6676720e-001
 7.6638377e-001
 7.6595443e-001
 7.6546830e-001
 7.6491809e-001
 7.6430053e-001
 7.6361454e-001
 7.6285970e-001
 7.6203525e-001
 7.6113832e-001
 7.6016366e-001
 7.5910431e-001
 7.5795162e-001
 7.5669688e-001
 7.5533181e-001
 7.5384808e-001
 7.5223839e-001
 7.5049436e-001
 7.4860799e-001
 7.4657202e-001
 7.4438089e-001
 7.4203604e-001
 7.3954725e-001
 7.3693782e-001
 7.3424554e-001
 7.3152030e-001
 7.2882247e-001
 7.2621298e-001
 7.2374654e-001
 7.2146124e-001
 7.1936929e-001
 7.1745336e-001
 7.1566248e-001
 7.1391606e-001
 7.1210939e-001
 7.1012199e-001
 7.0783061e-001
 7.0512050e-001
 7.0189637e-001
 6.9809484e-001
 6.9368970e-001
 6.8870008e-001
 6.8319160e-001
 6.7727333e-001
 6.7109865e-001
 6.6485220e-001
 6.5874565e-001
 6.5300280e-001
 6.4784366e-001
 6.4347339e-001
 6.4006138e-001
 6.3773042e-001
 6.3654232e-001
 6.3648975e-001
 6.3749480e-001
 6.3941264e-001
 6.4204162e-001
 6.4513892e-001
 6.4844161e-001
 6.5168464e-001
 6.5462136e-001
 6.5703994e-001
 6.5877217e-001
 6.5970063e-001
 6.5975690e-001
 6.5891778e-001
 6.5719593e-001
 6.5462947e-001
 6.5126771e-001
 6.4716083e-001
 6.4234829e-001
 6.3684970e-001
 6.3066751e-001
 6.2378752e-001
 6.1619741e-001
 6.0790575e-001
 5.9896356e-001
 5.8949637e-001
 5.7971478e-001
 5.6992984e-001
 5.6054169e-001
 5.5201209e-001
 5.4483265e-001
 5.3946912e-001
 5.3631806e-001
 5.3565967e-001
 5.3762817e-001
 5.4219937e-001
 5.4919434e-001
 5.5830437e-001
 5.6911844e-001
 5.8117163e-001
 5.9397781e-001
 6.0707033e-001
 6.2003696e-001
 6.3252944e-001
 6.4428639e-001
 6.5512395e-001
 6.6493464e-001
 6.7367965e-001
 6.8136692e-001
 6.8804550e-001
 6.9378597e-001
 6.9867307e-001
 7.0279902e-001
 7.0625514e-001
 7.0913255e-001
 7.1151841e-001
 7.1349674e-001
 7.1514976e-001
 7.1655571e-001
 7.1778977e-001
 7.1892291e-001
 7.2001946e-001
 7.2113603e-001
 7.2231859e-001
 7.2360086e-001
 7.2500366e-001
 7.2653300e-001
 7.2818220e-001
 7.2993183e-001
 7.3175275e-001
 7.3360950e-001
 7.3546213e-001
 7.3727125e-001
 7.3899913e-001
 7.4061304e-001
 7.4208719e-001
 7.4340278e-001
 7.4454993e-001
 7.4552703e-001
 7.4634099e-001
 7.4700743e-001
 7.4754930e-001
 7.4799627e-001
 7.4838281e-001
 7.4874562e-001
 7.4912101e-001
 7.4954152e-001
 7.5003290e-001
 7.5061178e-001
 7.5128329e-001
 7.5204128e-001
 7.5286841e-001
 7.5373811e-001
 7.5461799e-001
 7.5547278e-001
 7.5626886e-001
 7.5697744e-001
 7.5757790e-001
 7.5805998e-001
 7.5842428e-001
 7.5868231e-001
 7.5885469e-001
 7.5896895e-001
 7.5905657e-001
 7.5914979e-001
 7.5927907e-001
 7.5947016e-001
 7.5974268e-001
 7.6010877e-001
 7.6057297e-001
 7.6113266e-001
 7.6177931e-001
 7.6249963e-001
 7.6327795e-001
 7.6409745e-001
 7.6494211e-001
 7.6579785e-001
 7.6665282e-001
 7.6749772e-001
 7.6832467e-001
 7.6912689e-001
 7.6989758e-001
 7.7062905e-001
 7.7131295e-001
 7.7194065e-001
 7.7250403e-001
 7.7299720e-001
 7.7341747e-001
 7.7376646e-001
 7.7405012e-001
 7.7427846e-001
 7.7446395e-001
 7.7462006e-001
 7.7475905e-001
 7.7489060e-001
 7.7502006e-001
 7.7514768e-001
 7.7526879e-001
 7.7537435e-001
 7.7545315e-001
 7.7549362e-001
 7.7548540e-001
 7.7542108e-001
 7.7529651e-001
 7.7511191e-001
 7.7487320e-001
 7.7459192e-001
 7.7428567e-001
 7.7397662e-001
 7.7369004e-001
 7.7345228e-001
 7.7328819e-001
 7.7321905e-001
 7.7326035e-001
 7.7342045e-001
 7.7370119e-001
 7.7409935e-001
 7.7460760e-001
 7.7521634e-001
 7.7591532e-001
 7.7669370e-001
 7.7754062e-001
 7.7844554e-001
 7.7939737e-001
 7.8038538e-001
 7.8139812e-001
 7.8242427e-001
 7.8345317e-001
 7.8447449e-001
 7.8548038e-001
 7.8646475e-001
 7.8742445e-001
 7.8835952e-001
 7.8927165e-001
 7.9016429e-001
 7.9104114e-001
 7.9190528e-001
 7.9275900e-001
 7.9360282e-001
 7.9443598e-001
 7.9525578e-001
 7.9605860e-001
 7.9684055e-001
 7.9759789e-001
 7.9832780e-001
 7.9902947e-001
 7.9970348e-001
 8.0035210e-001
 8.0097842e-001
 8.0158597e-001
 8.0217832e-001
 8.0275822e-001
 8.0332816e-001
 8.0389005e-001
 8.0444562e-001
 8.0499721e-001
 8.0554730e-001
 8.0609924e-001
 8.0665672e-001
 8.0722362e-001
 8.0780357e-001
 8.0839944e-001
 8.0901283e-001
 8.0964357e-001
 8.1028938e-001
 8.1094652e-001
 8.1160957e-001
 8.1227213e-001
 8.1292796e-001
 8.1357110e-001
 8.1419700e-001
 8.1480235e-001
 8.1538552e-001
 8.1594646e-001
 8.1648600e-001
 8.1700599e-001
 8.1750810e-001
 8.1799376e-001
 8.1846428e-001
 8.1892008e-001
 8.1936175e-001
 8.1978977e-001
 8.2020533e-001
 8.2061082e-001
 8.2100964e-001
 8.2140660e-001
 8.2180721e-001
 8.2221711e-001
 8.2264113e-001
 8.2308209e-001
 8.2353997e-001
 8.2401127e-001
 8.2448882e-001
 8.2496268e-001
 8.2542074e-001
 8.2585073e-001
 8.2624203e-001
 8.2658732e-001
 8.2688397e-001
 8.2713485e-001
 8.2734823e-001
 8.2753670e-001
 8.2771575e-001
 8.2790166e-001
 8.2810968e-001
 8.2835186e-001
 8.2863605e-001
 8.2896507e-001
 8.2933682e-001
 8.2974470e-001
 8.3017874e-001
 8.3062673e-001
 8.3107543e-001
 8.3151186e-001
 8.3192414e-001
 8.3230269e-001
 8.3264089e-001
 8.3293551e-001
 8.3318716e-001
 8.3340031e-001
 8.3358276e-001
 8.3374512e-001
 8.3389902e-001
 8.3405608e-001
 8.3422607e-001
 8.3441538e-001
 8.3462614e-001
 8.3485568e-001
 8.3509672e-001
 8.3533883e-001
 8.3556950e-001
 8.3577681e-001
 8.3595085e-001
 8.3608586e-001
 8.3618075e-001
 8.3623922e-001
 8.3626837e-001
 8.3627701e-001
 8.3627391e-001
 8.3626598e-001
 8.3625710e-001
 8.3624727e-001
 8.3623260e-001
 8.3620584e-001
 8.3615720e-001
 8.3607650e-001
 8.3595526e-001
 8.3578891e-001
 8.3557838e-001
 8.3533114e-001
 8.3506048e-001
 8.3478403e-001
 8.3452076e-001
 8.3428788e-001
 8.3409691e-001
 8.3395129e-001
 8.3384490e-001
 8.3376294e-001
 8.3368391e-001
 8.3358306e-001
 8.3343577e-001
 8.3322108e-001
 8.3292413e-001
 8.3253795e-001
 8.3206362e-001
 8.3151013e-001
 8.3089310e-001
 8.3023202e-001
 8.2954806e-001
 8.2886094e-001
 8.2818627e-001
 8.2753420e-001
 8.2690811e-001
 8.2630485e-001
 8.2571578e-001
 8.2512790e-001
 8.2452625e-001
 8.2389528e-001
 8.2322085e-001
 8.2249117e-001
 8.2169741e-001
 8.2083470e-001
 8.1990075e-001
 8.1889671e-001
 8.1782615e-001
 8.1669420e-001
 8.1550783e-001
 8.1427455e-001
 8.1300294e-001
 8.1170183e-001
 8.1037956e-001
 8.0904424e-001
 8.0770296e-001
 8.0636072e-001
 8.0502135e-001
 8.0368584e-001
 8.0235362e-001
 8.0102217e-001
 7.9968721e-001
 7.9834467e-001
 7.9698998e-001
 7.9562026e-001
 7.9423445e-001
 7.9283339e-001
 7.9142100e-001
 7.9000300e-001
 7.8858739e-001
 7.8718311e-001
 7.8579909e-001
 7.8444421e-001
 7.8312534e-001
 7.8184801e-001
 7.8061569e-001
 7.7942967e-001
 7.7829021e-001
 7.7719629e-001
 7.7614719e-001
 7.7514315e-001
 7.7418518e-001
 7.7327657e-001
 7.7242237e-001
 7.7162910e-001
 7.7090430e-001
 7.7025551e-001
 7.6968920e-001
 7.6920986e-001
 7.6881874e-001
 7.6851374e-001
 7.6828849e-001
 7.6813334e-001
 7.6803559e-001
 7.6798046e-001
 7.6795238e-001
 7.6793599e-001
 7.6791728e-001
 7.6788414e-001
 7.6782691e-001
 7.6773852e-001
 7.6761436e-001
 7.6745188e-001
 7.6725042e-001
 7.6701087e-001
 7.6673502e-001
 7.6642597e-001
 7.6608717e-001
 7.6572311e-001
 7.6533854e-001
 7.6493871e-001
 7.6452959e-001
 7.6411712e-001
 7.6370800e-001
 7.6330882e-001
 7.6292628e-001
 7.6256692e-001
 7.6223618e-001
 7.6193810e-001
 7.6167423e-001
 7.6144302e-001
 7.6123899e-001
 7.6105243e-001
 7.6086998e-001
 7.6067567e-001
 7.6045251e-001
 7.6018423e-001
 7.5985694e-001
 7.5946063e-001
 7.5899005e-001
 7.5844526e-001
 7.5783199e-001
 7.5716197e-001
 7.5645322e-001
 7.5572902e-001
 7.5501591e-001
 7.5434202e-001
 7.5373405e-001
 7.5321442e-001
 7.5279921e-001
 7.5249636e-001
 7.5230622e-001
 7.5211209e-001
 7.5214159e-001
 7.5225115e-001
 7.5242317e-001
 7.5264013e-001
 7.5288510e-001
 7.5314182e-001
 7.5339526e-001
 7.5363117e-001
 7.5383580e-001
 7.5399607e-001
 7.5409955e-001
 7.5413513e-001
 7.5409448e-001
 7.5397319e-001
 7.5377196e-001
 7.5349647e-001
 7.5315750e-001
 7.5276929e-001
 7.5234854e-001
 7.5191295e-001
 7.5148004e-001
 7.5106663e-001
 7.5068688e-001
 7.5035095e-001
 7.5006330e-001
 7.4982172e-001
 7.4961829e-001
 7.4944073e-001
 7.4927437e-001
 7.4910337e-001
 7.4891198e-001
 7.4868602e-001
 7.4841410e-001
 7.4808997e-001
 7.4771422e-001
 7.4729496e-001
 7.4684703e-001
 7.4639046e-001
 7.4594796e-001
 7.4554372e-001
 7.4520159e-001
 7.4494362e-001
 7.4478793e-001
 7.4474567e-001
 7.4481881e-001
 7.4499899e-001
 7.4526864e-001
 7.4560326e-001
 7.4597442e-001
 7.4635178e-001
 7.4670488e-001
 7.4700427e-001
 7.4722362e-001
 7.4734163e-001
 7.4734360e-001
 7.4722242e-001
 7.4697781e-001
 7.4661446e-001
 7.4613988e-001
 7.4556333e-001
 7.4489421e-001
 7.4414200e-001
 7.4331546e-001
 7.4242204e-001
 7.4146783e-001
 7.4045730e-001
 7.3939288e-001
 7.3827630e-001
 7.3710811e-001
 7.3588902e-001
 7.3461944e-001
 7.3329961e-001
 7.3193020e-001
 7.3051161e-001
 7.2904497e-001
 7.2753173e-001
 7.2597295e-001
 7.2437072e-001
 7.2272640e-001
 7.2104210e-001
 7.1931982e-001
 7.1756071e-001
 7.1576649e-001
 7.1393758e-001
 7.1207416e-001
 7.1017563e-001
 7.0824003e-001
 7.0626551e-001
 7.0424986e-001
 7.0219016e-001
 7.0008457e-001
 6.9793057e-001
 6.9572759e-001
 6.9347656e-001
 6.9117981e-001
 6.8884343e-001
 6.8647432e-001
 6.8408209e-001
 6.8167722e-001
 6.7926973e-001
 6.7687088e-001
 6.7449027e-001
 6.7213756e-001
 6.6982079e-001
 6.6754508e-001
 6.6531420e-001
 6.6312891e-001
 6.6098911e-001
 6.5889376e-001
 6.5684068e-001
 6.5482867e-001
 6.5285581e-001
 6.5092182e-001
 6.4902759e-001
 6.4717513e-001
 6.4536911e-001
 6.4361608e-001
 6.4192313e-001
 6.4029896e-001
 6.3875186e-001
 6.3729048e-001
 6.3592255e-001
 6.3465387e-001
 6.3348800e-001
 6.3242424e-001
 6.3145804e-001
 6.3058132e-001
 6.2978274e-001
 6.2904978e-001
 6.2836897e-001
 6.2772697e-001
 6.2711126e-001
 6.2651104e-001
 6.2591863e-001
 6.2533033e-001
 6.2474722e-001
 6.2417436e-001
 6.2361979e-001
 6.2309355e-001
 6.2260634e-001
 6.2216896e-001
 6.2179196e-001
 6.2148440e-001
 6.2125361e-001
 6.2110418e-001
 6.2103742e-001
 6.2105232e-001
 6.2114561e-001
 6.2131286e-001
 6.2154907e-001
 6.2184882e-001
 6.2220639e-001
 6.2261558e-001
 6.2306917e-001
 6.2355876e-001
 6.2407476e-001
 6.2460607e-001
 6.2514108e-001
 6.2566745e-001
 6.2617266e-001
 6.2664467e-001
 6.2707204e-001
 6.2744528e-001
 6.2775797e-001
 6.2800765e-001
 6.2819648e-001
 6.2833077e-001
 6.2841970e-001
 6.2847441e-001
 6.2850684e-001
 6.2852913e-001
 6.2855321e-001
 6.2859029e-001
 6.2865049e-001
 6.2874228e-001
 6.2887251e-001
 6.2904632e-001
 6.2926763e-001
 6.2953985e-001
 6.2986583e-001
 6.3024825e-001
 6.3068944e-001
 6.3119096e-001
 6.3175344e-001
 6.3237602e-001
 6.3305640e-001
 6.3379073e-001
 6.3457400e-001
 6.3540095e-001
 6.3626570e-001
 6.3716227e-001
 6.3808531e-001
 6.3902926e-001
 6.3998997e-001
 6.4096367e-001
 6.4194787e-001
 6.4294124e-001
 6.4394277e-001
 6.4495236e-001
 6.4596957e-001
 6.4699453e-001
 6.4802629e-001
 6.4906400e-001
 6.5010595e-001
 6.5114838e-001
 6.5218669e-001
 6.5321481e-001
 6.5422606e-001
 6.5521228e-001
 6.5616602e-001
 6.5707946e-001
 6.5794480e-001
 6.5875518e-001
 6.5950495e-001
 6.6018915e-001
 6.6080499e-001
 6.6135079e-001
 6.6182619e-001
 6.6223091e-001
 6.6256547e-001
 6.6283053e-001
 6.6302687e-001
 6.6315591e-001
 6.6321999e-001
 6.6322243e-001
 6.6316789e-001
 6.6306227e-001
 6.6291213e-001
 6.6272467e-001
 6.6250718e-001
 6.6226673e-001
 6.6200995e-001
 6.6174203e-001
 6.6146588e-001
 6.6118169e-001
 6.6088599e-001
 6.6057259e-001
 6.6023302e-001
 6.5985745e-001
 6.5943569e-001
 6.5895736e-001
 6.5841347e-001
 6.5779662e-001
 6.5710270e-001
 6.5633273e-001
 6.5549207e-001
 6.5459067e-001
 6.5364248e-001
 6.5266263e-001
 6.5166724e-001
 6.5067303e-001
 6.4969498e-001
 6.4874595e-001
 6.4783490e-001
 6.4696610e-001
 6.4613748e-001
 6.4534169e-001
 6.4456826e-001
 6.4380366e-001
 6.4303356e-001
 6.4224416e-001
 6.4142203e-001
 6.4055634e-001
 6.3963991e-001
 6.3867152e-001
 6.3765526e-001
 6.3660038e-001
 6.3552094e-001
 6.3443244e-001
 6.3335133e-001
 6.3229471e-001
 6.3127762e-001
 6.3031214e-001
 6.2940490e-001
 6.2855613e-001
 6.2775761e-001
 6.2699413e-001
 6.2624562e-001
 6.2548858e-001
 6.2469822e-001
 6.2385035e-001
 6.2292206e-001
 6.2189460e-001
 6.2075639e-001
 6.1950445e-001
 6.1814630e-001
 6.1669803e-001
 6.1518365e-001
 6.1363006e-001
 6.1206591e-001
 6.1052078e-001
 6.0902071e-001
 6.0758728e-001
 6.0623449e-001
 6.0496438e-001
 6.0376686e-001
 6.0262030e-001
 6.0149580e-001
 6.0035872e-001
 5.9917253e-001
 5.9790188e-001
 5.9651405e-001
 5.9498358e-001
 5.9329826e-001
 5.9146184e-001
 5.8949620e-001
 5.8744156e-001
 5.8534896e-001
 5.8327723e-001
 5.8128756e-001
 5.7944232e-001
 5.7779777e-001
 5.7640052e-001
 5.7528144e-001
 5.7444769e-001
 5.7388157e-001
 5.7354325e-001
 5.7337564e-001
 5.7331192e-001
 5.7328087e-001
 5.7321072e-001
 5.7303280e-001
 5.7268572e-001
 5.7212079e-001
 5.7130635e-001
 5.7022905e-001
 5.6889373e-001
 5.6731671e-001
 5.6552190e-001
 5.6353796e-001
 5.6139368e-001
 5.5911827e-001
 5.5673957e-001
 5.5428541e-001
 5.5177981e-001
 5.4924423e-001
 5.4669982e-001
 5.4416424e-001
 5.4165417e-001
 5.3918707e-001
 5.3677756e-001
 5.3443813e-001
 5.3217554e-001
 5.2998936e-001
 5.2786565e-001
 5.2577764e-001
 5.2368796e-001
 5.2154922e-001
 5.1930881e-001
 5.1691365e-001
 5.1430976e-001
 5.1144671e-001
 5.0828427e-001
 5.0479418e-001
 5.0096744e-001
 4.9681479e-001
 4.9236876e-001
 4.8767269e-001
 4.8277804e-001
 4.7774339e-001
 4.7262466e-001
 4.6747574e-001
 4.6234950e-001
 4.5728695e-001
 4.5231929e-001
 4.4746438e-001
 4.4273248e-001
 4.3812218e-001
 4.3362746e-001
 4.2924327e-001
 4.2496148e-001
 4.2077598e-001
 4.1668841e-001
 4.1270533e-001
 4.0884438e-001
 4.0513787e-001
 4.0162611e-001
 3.9835837e-001
 3.9538774e-001
 3.9277077e-001
 3.9055967e-001
 3.8879958e-001
 3.8752112e-001
 3.8672727e-001
 3.8638583e-001
 3.8642535e-001
 3.8673842e-001
 3.8719162e-001
 3.8763621e-001
 3.8791707e-001
 3.8788149e-001
 3.8738835e-001
 3.8632300e-001
 3.8461420e-001
 3.8224936e-001
 3.7928334e-001
 3.7582871e-001
 3.7204209e-001
 3.6810517e-001
 3.6421433e-001
 3.6056483e-001
 3.5734510e-001
 3.5472867e-001
 3.5285726e-001
 3.5183355e-001
 3.5171664e-001
 3.5252497e-001
 3.5424840e-001
 3.5685769e-001
 3.6031547e-001
 3.6457941e-001
 3.6960402e-001
 3.7533316e-001
 3.8170290e-001
 3.8863510e-001
 3.9602983e-001
 4.0377712e-001
 4.1175619e-001
 4.1983414e-001
 4.2788130e-001
 4.3576753e-001
 4.4337046e-001
 4.5057550e-001
 4.5729560e-001
 4.6347332e-001
 4.6907985e-001
 4.7412089e-001
 4.7862363e-001
 4.8262537e-001
 4.8617297e-001
 4.8931447e-001
 4.9209443e-001
 4.9455538e-001
 4.9673158e-001
 4.9864760e-001
 5.0031537e-001
 5.0173801e-001
 5.0291103e-001
 5.0382459e-001
 5.0446773e-001
 5.0482941e-001
 5.0490016e-001
 5.0467527e-001
 5.0415742e-001
 5.0335926e-001
 5.0230533e-001
 5.0102967e-001
 4.9957380e-001
 4.9798462e-001
 4.9631009e-001
 4.9459815e-001
 4.9289644e-001
 4.9124780e-001
 4.8968878e-001
 4.8824871e-001
 4.8694643e-001
 4.8579273e-001
 4.8479199e-001
 4.8394546e-001
 4.8325181e-001
 4.8270881e-001
 4.8231375e-001
 4.8206210e-001
 4.8194736e-001
 4.8196006e-001
 4.8208743e-001
 4.8231384e-001
 4.8262149e-001
 4.8299107e-001
 4.8340294e-001
 4.8383734e-001
 4.8427433e-001
 4.8469499e-001
 4.8508132e-001
 4.8541641e-001
 4.8568514e-001
 4.8587373e-001
 4.8596928e-001
 4.8595959e-001
 4.8583293e-001
 4.8557782e-001
 4.8518386e-001
 4.8464200e-001
 4.8394567e-001
 4.8309234e-001
 4.8208287e-001
 4.8092163e-001
 4.7961625e-001
 4.7817534e-001
 4.7660854e-001
 4.7492599e-001
 4.7314030e-001
 4.7126547e-001
 4.6931949e-001
 4.6732748e-001
 4.6531931e-001
 4.6333048e-001
 4.6140203e-001
 4.5957595e-001
 4.5789501e-001
 4.5640215e-001
 4.5513546e-001
 4.5412570e-001
 4.5339057e-001
 4.5293084e-001
 4.5272729e-001
 4.5274347e-001
 4.5293000e-001
 4.5322984e-001
 4.5358276e-001
 4.5392799e-001
 4.5420790e-001
 4.5437160e-001
 4.5437953e-001
 4.5420760e-001
 4.5384896e-001
 4.5331207e-001
 4.5261717e-001
 4.5179096e-001
 4.5086318e-001
 4.4986489e-001
 4.4882503e-001
 4.4776934e-001
 4.4671708e-001
 4.4568008e-001
 4.4466022e-001
 4.4365114e-001
 4.4264105e-001
 4.4161385e-001
 4.4055173e-001
 4.3943751e-001
 4.3825421e-001
 4.3698743e-001
 4.3562800e-001
 4.3417183e-001
 4.3262163e-001
 4.3098569e-001
 4.2927784e-001
 4.2751336e-001
 4.2570871e-001
 4.2388237e-001
 4.2205173e-001
 4.2023468e-001
 4.1845110e-001
 4.1672039e-001
 4.1506338e-001
 4.1350159e-001
 4.1205823e-001
 4.1075581e-001
 4.0961686e-001
 4.0866354e-001
 4.0791428e-001
 4.0738145e-001
 4.0706718e-001
 4.0695873e-001
 4.0702745e-001
 4.0723073e-001
 4.0751636e-001
 4.0782684e-001
 4.0810299e-001
 4.0828627e-001
 4.0832219e-001
 4.0816361e-001
 4.0777510e-001
 4.0713659e-001
 4.0624472e-001
 4.0511295e-001
 4.0376645e-001
 4.0223855e-001
 4.0056586e-001
 3.9878723e-001
 3.9694011e-001
 3.9506105e-001
 3.9318708e-001
 3.9141643e-001
 3.9008415e-001
 3.8842008e-001
 3.8684902e-001
 3.8537610e-001
 3.8400680e-001
 3.8274643e-001
 3.8160118e-001
 3.8057625e-001
 3.7967712e-001
 3.7890947e-001
 3.7827730e-001
 3.7777311e-001
 3.7738210e-001
 3.7708971e-001
 3.7688127e-001
 3.7674227e-001
 3.7665802e-001
 3.7661394e-001
 3.7659538e-001
 3.7658781e-001
 3.7657654e-001
 3.7654704e-001
 3.7648454e-001
 3.7637460e-001
 3.7620375e-001
 3.7596911e-001
 3.7567368e-001
 3.7532032e-001
 3.7491220e-001
 3.7445220e-001
 3.7394333e-001
 3.7338838e-001
 3.7279069e-001
 3.7215307e-001
 3.7147844e-001
 3.7076974e-001
 3.7003016e-001
 3.6926258e-001
 3.6846998e-001
 3.6765531e-001
 3.6682138e-001
 3.6597154e-001
 3.6510858e-001
 3.6423451e-001
 3.6335084e-001
 3.6245978e-001
 3.6156276e-001
 3.6066157e-001
 3.5975757e-001
 3.5885307e-001
 3.5794941e-001
 3.5704839e-001
 3.5615170e-001
 3.5526088e-001
 3.5437799e-001
 3.5350457e-001
 3.5264230e-001
 3.5179278e-001
 3.5095802e-001
 3.5013956e-001
 3.4933913e-001
 3.4855828e-001
 3.4779897e-001
 3.4706292e-001
 3.4635150e-001
 3.4566474e-001
 3.4500226e-001
 3.4436339e-001
 3.4374741e-001
 3.4315372e-001
 3.4258151e-001
 3.4203044e-001
 3.4149975e-001
 3.4098876e-001
 3.4049678e-001
 3.4002343e-001
 3.3956784e-001
 3.3912948e-001
 3.3870760e-001
 3.3830175e-001
 3.3791119e-001
 3.3753532e-001
 3.3717343e-001
 3.3682489e-001
 3.3648917e-001
 3.3616561e-001
 3.3585352e-001
 3.3555225e-001
 3.3526126e-001
 3.3497989e-001
 3.3470753e-001
 3.3444372e-001
 3.3418855e-001
 3.3394176e-001
 3.3370319e-001
 3.3347267e-001
 3.3324996e-001
 3.3303508e-001
 3.3282778e-001
 3.3262789e-001
 3.3243522e-001
 3.3224970e-001
 3.3207113e-001
 3.3189934e-001
 3.3173421e-001
 3.3157551e-001
 3.3142316e-001
 3.3127695e-001
 3.3113670e-001
 3.3100235e-001
 3.3087367e-001
 3.3075050e-001
 3.3063269e-001
 3.3052009e-001
 3.3041254e-001
 3.3030987e-001
 3.3021197e-001
 3.3011854e-001
 3.3002964e-001
 3.2994494e-001
 3.2986432e-001
 3.2978743e-001
 3.2971397e-001
 3.2964352e-001
