s07_ASD Record=12957: Chlorite+Muscovite CU93-65A   BECKa AREF
 6.1758954e-002
 6.1919753e-002
 6.2084462e-002
 6.2251322e-002
 6.2417809e-002
 6.2581249e-002
 6.2739454e-002
 6.2891074e-002
 6.3035779e-002
 6.3174367e-002
 6.3308656e-002
 6.3441217e-002
 6.3575275e-002
 6.3714594e-002
 6.3863084e-002
 6.4024001e-002
 6.4198934e-002
 6.4387545e-002
 6.4587802e-002
 6.4796612e-002
 6.5010637e-002
 6.5227129e-002
 6.5444589e-002
 6.5662831e-002
 6.5882936e-002
 6.6107005e-002
 6.6337451e-002
 6.6575348e-002
 6.6818833e-002
 6.7063697e-002
 6.7305923e-002
 6.7544371e-002
 6.7781508e-002
 6.8023302e-002
 6.8278685e-002
 6.8555720e-002
 6.8858035e-002
 6.9184065e-002
 6.9528416e-002
 6.9884419e-002
 7.0246682e-002
 7.0611924e-002
 7.0978105e-002
 7.1343042e-002
 7.1703330e-002
 7.2054699e-002
 7.2392993e-002
 7.2715707e-002
 7.3022783e-002
 7.3316552e-002
 7.3600277e-002
 7.3876113e-002
 7.4143775e-002
 7.4400850e-002
 7.4644998e-002
 7.4876241e-002
 7.5098477e-002
 7.5318292e-002
 7.5541683e-002
 7.5773552e-002
 7.6013342e-002
 7.6255053e-002
 7.6496072e-002
 7.6735273e-002
 7.6975085e-002
 7.7224359e-002
 7.7491716e-002
 7.7781059e-002
 7.8092076e-002
 7.8420378e-002
 7.8760087e-002
 7.9107150e-002
 7.9460867e-002
 7.9823002e-002
 8.0195844e-002
 8.0580920e-002
 8.0978632e-002
 8.1388630e-002
 8.1810199e-002
 8.2242154e-002
 8.2682982e-002
 8.3130971e-002
 8.3584890e-002
 8.4044419e-002
 8.4510244e-002
 8.4983557e-002
 8.5465118e-002
 8.5954301e-002
 8.6447902e-002
 8.6939365e-002
 8.7418526e-002
 8.7873138e-002
 8.8292077e-002
 8.8669628e-002
 8.9008383e-002
 8.9319140e-002
 8.9617565e-002
 8.9918151e-002
 9.0228580e-002
 9.0546943e-002
 9.0862133e-002
 9.1156840e-002
 9.1413274e-002
 9.1620475e-002
 9.1781929e-002
 9.1917798e-002
 9.2054106e-002
 9.2204392e-002
 9.2357598e-002
 9.2484325e-002
 9.2560090e-002
 9.2588127e-002
 9.2602745e-002
 9.2650391e-002
 9.2763342e-002
 9.2944242e-002
 9.3168661e-002
 9.3400501e-002
 9.3609475e-002
 9.3782336e-002
 9.3924284e-002
 9.4052911e-002
 9.4189413e-002
 9.4350822e-002
 9.4544657e-002
 9.4767727e-002
 9.5010802e-002
 9.5266663e-002
 9.5534906e-002
 9.5818356e-002
 9.6116342e-002
 9.6424870e-002
 9.6743479e-002
 9.7076043e-002
 9.7419202e-002
 9.7754486e-002
 9.8062582e-002
 9.8349318e-002
 9.8649830e-002
 9.8998129e-002
 9.9392191e-002
 9.9793740e-002
 1.0016479e-001
 1.0050129e-001
 1.0083021e-001
 1.0117883e-001
 1.0155375e-001
 1.0194876e-001
 1.0236460e-001
 1.0281516e-001
 1.0331447e-001
 1.0385979e-001
 1.0442750e-001
 1.0498670e-001
 1.0551916e-001
 1.0602830e-001
 1.0652904e-001
 1.0703199e-001
 1.0753940e-001
 1.0805284e-001
 1.0857634e-001
 1.0910856e-001
 1.0963798e-001
 1.1015360e-001
 1.1066090e-001
 1.1117721e-001
 1.1170506e-001
 1.1221816e-001
 1.1268682e-001
 1.1311663e-001
 1.1354831e-001
 1.1401504e-001
 1.1450728e-001
 1.1498436e-001
 1.1541668e-001
 1.1581508e-001
 1.1622338e-001
 1.1668472e-001
 1.1721058e-001
 1.1777338e-001
 1.1832371e-001
 1.1881720e-001
 1.1923447e-001
 1.1958814e-001
 1.1991850e-001
 1.2027968e-001
 1.2071605e-001
 1.2123663e-001
 1.2180404e-001
 1.2235340e-001
 1.2283365e-001
 1.2323863e-001
 1.2359937e-001
 1.2394644e-001
 1.2428229e-001
 1.2458922e-001
 1.2485883e-001
 1.2510753e-001
 1.2536448e-001
 1.2565465e-001
 1.2599680e-001
 1.2639675e-001
 1.2681890e-001
 1.2717883e-001
 1.2740235e-001
 1.2750082e-001
 1.2756996e-001
 1.2771228e-001
 1.2796988e-001
 1.2831245e-001
 1.2866102e-001
 1.2893508e-001
 1.2911390e-001
 1.2925041e-001
 1.2939653e-001
 1.2952805e-001
 1.2958328e-001
 1.2956241e-001
 1.2953819e-001
 1.2957036e-001
 1.2965126e-001
 1.2973452e-001
 1.2977901e-001
 1.2976028e-001
 1.2967075e-001
 1.2952650e-001
 1.2936531e-001
 1.2922812e-001
 1.2913808e-001
 1.2909120e-001
 1.2906104e-001
 1.2901647e-001
 1.2894490e-001
 1.2885931e-001
 1.2877561e-001
 1.2868571e-001
 1.2856406e-001
 1.2840371e-001
 1.2823701e-001
 1.2810977e-001
 1.2802893e-001
 1.2794511e-001
 1.2780222e-001
 1.2759688e-001
 1.2737086e-001
 1.2715916e-001
 1.2697594e-001
 1.2683973e-001
 1.2677203e-001
 1.2675665e-001
 1.2672417e-001
 1.2659937e-001
 1.2636647e-001
 1.2608026e-001
 1.2580918e-001
 1.2557158e-001
 1.2534423e-001
 1.2511696e-001
 1.2490567e-001
 1.2471315e-001
 1.2451520e-001
 1.2429514e-001
 1.2406563e-001
 1.2385067e-001
 1.2366419e-001
 1.2350347e-001
 1.2334070e-001
 1.2312968e-001
 1.2285592e-001
 1.2257359e-001
 1.2235603e-001
 1.2221668e-001
 1.2210534e-001
 1.2196323e-001
 1.2175409e-001
 1.2147213e-001
 1.2116248e-001
 1.2089360e-001
 1.2067397e-001
 1.2046557e-001
 1.2027390e-001
 1.2011638e-001
 1.1992849e-001
 1.1963077e-001
 1.1926180e-001
 1.1894134e-001
 1.1873941e-001
 1.1862147e-001
 1.1850452e-001
 1.1834390e-001
 1.1814772e-001
 1.1792457e-001
 1.1767335e-001
 1.1743139e-001
 1.1725960e-001
 1.1715150e-001
 1.1702626e-001
 1.1684494e-001
 1.1666738e-001
 1.1656037e-001
 1.1650083e-001
 1.1640010e-001
 1.1620545e-001
 1.1596230e-001
 1.1576162e-001
 1.1562852e-001
 1.1550783e-001
 1.1536255e-001
 1.1521214e-001
 1.1505888e-001
 1.1486638e-001
 1.1464245e-001
 1.1445490e-001
 1.1432847e-001
 1.1420704e-001
 1.1405333e-001
 1.1390937e-001
 1.1382627e-001
 1.1379787e-001
 1.1377528e-001
 1.1372061e-001
 1.1362219e-001
 1.1347526e-001
 1.1327761e-001
 1.1304644e-001
 1.1282817e-001
 1.1267895e-001
 1.1262093e-001
 1.1261318e-001
 1.1257570e-001
 1.1245267e-001
 1.1225595e-001
 1.1204842e-001
 1.1188680e-001
 1.1177997e-001
 1.1169552e-001
 1.1159672e-001
 1.1147100e-001
 1.1133177e-001
 1.1120538e-001
 1.1111940e-001
 1.1109443e-001
 1.1113553e-001
 1.1122630e-001
 1.1133265e-001
 1.1141323e-001
 1.1142945e-001
 1.1135601e-001
 1.1119411e-001
 1.1097928e-001
 1.1077102e-001
 1.1062767e-001
 1.1058386e-001
 1.1063024e-001
 1.1070612e-001
 1.1073741e-001
 1.1067930e-001
 1.1055352e-001
 1.1043900e-001
 1.1038055e-001
 1.1034545e-001
 1.1031555e-001
 1.1034099e-001
 1.1041886e-001
 1.1043179e-001
 1.1033685e-001
 1.1028576e-001
 1.1039992e-001
 1.1056796e-001
 1.1062000e-001
 1.1055925e-001
 1.1050157e-001
 1.1051267e-001
 1.1058830e-001
 1.1069819e-001
 1.1077987e-001
 1.1075907e-001
 1.1065823e-001
 1.1061989e-001
 1.1072270e-001
 1.1085989e-001
 1.1090830e-001
 1.1091060e-001
 1.1098696e-001
 1.1115365e-001
 1.1129334e-001
 1.1128327e-001
 1.1116866e-001
 1.1115539e-001
 1.1133222e-001
 1.1152342e-001
 1.1156626e-001
 1.1155843e-001
 1.1165787e-001
 1.1182726e-001
 1.1192698e-001
 1.1193534e-001
 1.1192774e-001
 1.1197923e-001
 1.1211751e-001
 1.1228877e-001
 1.1239281e-001
 1.1239465e-001
 1.1236084e-001
 1.1237077e-001
 1.1246499e-001
 1.1264975e-001
 1.1290778e-001
 1.1318367e-001
 1.1338957e-001
 1.1346280e-001
 1.1344296e-001
 1.1346492e-001
 1.1364723e-001
 1.1396955e-001
 1.1427646e-001
 1.1441356e-001
 1.1436016e-001
 1.1422887e-001
 1.1415289e-001
 1.1419678e-001
 1.1435030e-001
 1.1457044e-001
 1.1480115e-001
 1.1498428e-001
 1.1508113e-001
 1.1509237e-001
 1.1506138e-001
 1.1505521e-001
 1.1510512e-001
 1.1521372e-001
 1.1534538e-001
 1.1547637e-001
 1.1560541e-001
 1.1574012e-001
 1.1588819e-001
 1.1605451e-001
 1.1622581e-001
 1.1638152e-001
 1.1650105e-001
 1.1656769e-001
 1.1659077e-001
 1.1659005e-001
 1.1658532e-001
 1.1659382e-001
 1.1661541e-001
 1.1664298e-001
 1.1666937e-001
 1.1668833e-001
 1.1669929e-001
 1.1670446e-001
 1.1670440e-001
 1.1670201e-001
 1.1669592e-001
 1.1668170e-001
 1.1665480e-001
 1.1661062e-001
 1.1654503e-001
 1.1646303e-001
 1.1637874e-001
 1.1630661e-001
 1.1626118e-001
 1.1625610e-001
 1.1628686e-001
 1.1633099e-001
 1.1636527e-001
 1.1636645e-001
 1.1631236e-001
 1.1620373e-001
 1.1606387e-001
 1.1591692e-001
 1.1578717e-001
 1.1569878e-001
 1.1566822e-001
 1.1568200e-001
 1.1571930e-001
 1.1575935e-001
 1.1578133e-001
 1.1576448e-001
 1.1569373e-001
 1.1557632e-001
 1.1542474e-001
 1.1525156e-001
 1.1506926e-001
 1.1489043e-001
 1.1472757e-001
 1.1459029e-001
 1.1447710e-001
 1.1438382e-001
 1.1430632e-001
 1.1424040e-001
 1.1418195e-001
 1.1412679e-001
 1.1407076e-001
 1.1401044e-001
 1.1394532e-001
 1.1387545e-001
 1.1380097e-001
 1.1372197e-001
 1.1363859e-001
 1.1355090e-001
 1.1345901e-001
 1.1336324e-001
 1.1326443e-001
 1.1316365e-001
 1.1306193e-001
 1.1296031e-001
 1.1285980e-001
 1.1276149e-001
 1.1266638e-001
 1.1257514e-001
 1.1248695e-001
 1.1240075e-001
 1.1231539e-001
 1.1222977e-001
 1.1214277e-001
 1.1205328e-001
 1.1196017e-001
 1.1186236e-001
 1.1175871e-001
 1.1164811e-001
 1.1152945e-001
 1.1140210e-001
 1.1126728e-001
 1.1112652e-001
 1.1098146e-001
 1.1083363e-001
 1.1068469e-001
 1.1053618e-001
 1.1038968e-001
 1.1024681e-001
 1.1010913e-001
 1.0997826e-001
 1.0985573e-001
 1.0974270e-001
 1.0963848e-001
 1.0954204e-001
 1.0945231e-001
 1.0936828e-001
 1.0928887e-001
 1.0921306e-001
 1.0913980e-001
 1.0906804e-001
 1.0899674e-001
 1.0892484e-001
 1.0885186e-001
 1.0877927e-001
 1.0870896e-001
 1.0864282e-001
 1.0858274e-001
 1.0853063e-001
 1.0848837e-001
 1.0845786e-001
 1.0844098e-001
 1.0843965e-001
 1.0845458e-001
 1.0848250e-001
 1.0851923e-001
 1.0856065e-001
 1.0860257e-001
 1.0864085e-001
 1.0867132e-001
 1.0868982e-001
 1.0869222e-001
 1.0867434e-001
 1.0863440e-001
 1.0857876e-001
 1.0851550e-001
 1.0845271e-001
 1.0839845e-001
 1.0836085e-001
 1.0834794e-001
 1.0836785e-001
 1.0842863e-001
 1.0853840e-001
 1.0870065e-001
 1.0890357e-001
 1.0913201e-001
 1.0937095e-001
 1.0960525e-001
 1.0981986e-001
 1.0999966e-001
 1.1012959e-001
 1.1019455e-001
 1.1018582e-001
 1.1011582e-001
 1.1000143e-001
 1.0985947e-001
 1.0970682e-001
 1.0956030e-001
 1.0943678e-001
 1.0935309e-001
 1.0932115e-001
 1.0933645e-001
 1.0939120e-001
 1.0947756e-001
 1.0958771e-001
 1.0971381e-001
 1.0984804e-001
 1.0998257e-001
 1.1011173e-001
 1.1023667e-001
 1.1036006e-001
 1.1048447e-001
 1.1061254e-001
 1.1074687e-001
 1.1089009e-001
 1.1104479e-001
 1.1121076e-001
 1.1137848e-001
 1.1153668e-001
 1.1166087e-001
 1.1175856e-001
 1.1181257e-001
 1.1181747e-001
 1.1177917e-001
 1.1171372e-001
 1.1164419e-001
 1.1159697e-001
 1.1159864e-001
 1.1167075e-001
 1.1182137e-001
 1.1203983e-001
 1.1230209e-001
 1.1257893e-001
 1.1284161e-001
 1.1306674e-001
 1.1324137e-001
 1.1336441e-001
 1.1344367e-001
 1.1349128e-001
 1.1352023e-001
 1.1354211e-001
 1.1356547e-001
 1.1359522e-001
 1.1363341e-001
 1.1368041e-001
 1.1373552e-001
 1.1379669e-001
 1.1386004e-001
 1.1391959e-001
 1.1396786e-001
 1.1399685e-001
 1.1399968e-001
 1.1397249e-001
 1.1391622e-001
 1.1383706e-001
 1.1374544e-001
 1.1365391e-001
 1.1357458e-001
 1.1351668e-001
 1.1360254e-001
 1.1358873e-001
 1.1358617e-001
 1.1359543e-001
 1.1361673e-001
 1.1365020e-001
 1.1369590e-001
 1.1375394e-001
 1.1382407e-001
 1.1390535e-001
 1.1399567e-001
 1.1409138e-001
 1.1418721e-001
 1.1427662e-001
 1.1435266e-001
 1.1440901e-001
 1.1444097e-001
 1.1444626e-001
 1.1442552e-001
 1.1438234e-001
 1.1432283e-001
 1.1425485e-001
 1.1418717e-001
 1.1412849e-001
 1.1408674e-001
 1.1406843e-001
 1.1407781e-001
 1.1411620e-001
 1.1418170e-001
 1.1426921e-001
 1.1437124e-001
 1.1447902e-001
 1.1458376e-001
 1.1467756e-001
 1.1475422e-001
 1.1480966e-001
 1.1484197e-001
 1.1485123e-001
 1.1483901e-001
 1.1480791e-001
 1.1476097e-001
 1.1470131e-001
 1.1463188e-001
 1.1455537e-001
 1.1447425e-001
 1.1439083e-001
 1.1430740e-001
 1.1422633e-001
 1.1415009e-001
 1.1408134e-001
 1.1402278e-001
 1.1397719e-001
 1.1394712e-001
 1.1393462e-001
 1.1394095e-001
 1.1396620e-001
 1.1400905e-001
 1.1406664e-001
 1.1413486e-001
 1.1420869e-001
 1.1428302e-001
 1.1435332e-001
 1.1441640e-001
 1.1447081e-001
 1.1451678e-001
 1.1455575e-001
 1.1458959e-001
 1.1461954e-001
 1.1464545e-001
 1.1466532e-001
 1.1467545e-001
 1.1467113e-001
 1.1464778e-001
 1.1460235e-001
 1.1453440e-001
 1.1444697e-001
 1.1434659e-001
 1.1424282e-001
 1.1414693e-001
 1.1407027e-001
 1.1402251e-001
 1.1400990e-001
 1.1403423e-001
 1.1409230e-001
 1.1417636e-001
 1.1427526e-001
 1.1437626e-001
 1.1446705e-001
 1.1453783e-001
 1.1458281e-001
 1.1460119e-001
 1.1459707e-001
 1.1457878e-001
 1.1455734e-001
 1.1454460e-001
 1.1455135e-001
 1.1458565e-001
 1.1465166e-001
 1.1474917e-001
 1.1487399e-001
 1.1501876e-001
 1.1517446e-001
 1.1533177e-001
 1.1548249e-001
 1.1562050e-001
 1.1574206e-001
 1.1584571e-001
 1.1593170e-001
 1.1600118e-001
 1.1605567e-001
 1.1609644e-001
 1.1612460e-001
 1.1614119e-001
 1.1614763e-001
 1.1614612e-001
 1.1613990e-001
 1.1613314e-001
 1.1613064e-001
 1.1613712e-001
 1.1615657e-001
 1.1619136e-001
 1.1624179e-001
 1.1630581e-001
 1.1637916e-001
 1.1645607e-001
 1.1653005e-001
 1.1659501e-001
 1.1664636e-001
 1.1668178e-001
 1.1670172e-001
 1.1670933e-001
 1.1670993e-001
 1.1671018e-001
 1.1671695e-001
 1.1673630e-001
 1.1677259e-001
 1.1682806e-001
 1.1690274e-001
 1.1699480e-001
 1.1710124e-001
 1.1721876e-001
 1.1734450e-001
 1.1747669e-001
 1.1761485e-001
 1.1775964e-001
 1.1791243e-001
 1.1807439e-001
 1.1824591e-001
 1.1842591e-001
 1.1861161e-001
 1.1879893e-001
 1.1898291e-001
 1.1915883e-001
 1.1932302e-001
 1.1947360e-001
 1.1961102e-001
 1.1973781e-001
 1.1985822e-001
 1.1997730e-001
 1.2010004e-001
 1.2023062e-001
 1.2037153e-001
 1.2052347e-001
 1.2068515e-001
 1.2085365e-001
 1.2102493e-001
 1.2119442e-001
 1.2135775e-001
 1.2151149e-001
 1.2165362e-001
 1.2178407e-001
 1.2190474e-001
 1.2201943e-001
 1.2213338e-001
 1.2225250e-001
 1.2238253e-001
 1.2252808e-001
 1.2269191e-001
 1.2287463e-001
 1.2307464e-001
 1.2328870e-001
 1.2351260e-001
 1.2374207e-001
 1.2397347e-001
 1.2420402e-001
 1.2443193e-001
 1.2465577e-001
 1.2487411e-001
 1.2508519e-001
 1.2528679e-001
 1.2547675e-001
 1.2565371e-001
 1.2581792e-001
 1.2597182e-001
 1.2612006e-001
 1.2626889e-001
 1.2642501e-001
 1.2659399e-001
 1.2677909e-001
 1.2698035e-001
 1.2719463e-001
 1.2741654e-001
 1.2763959e-001
 1.2785815e-001
 1.2806848e-001
 1.2826979e-001
 1.2846425e-001
 1.2865625e-001
 1.2885143e-001
 1.2905525e-001
 1.2927191e-001
 1.2950376e-001
 1.2975086e-001
 1.3001142e-001
 1.3028237e-001
 1.3055997e-001
 1.3084070e-001
 1.3112158e-001
 1.3140045e-001
 1.3167608e-001
 1.3194762e-001
 1.3221453e-001
 1.3247603e-001
 1.3273095e-001
 1.3297775e-001
 1.3321461e-001
 1.3343993e-001
 1.3365254e-001
 1.3385218e-001
 1.3403979e-001
 1.3421725e-001
 1.3438742e-001
 1.3455360e-001
 1.3471913e-001
 1.3488719e-001
 1.3506034e-001
 1.3524073e-001
 1.3543010e-001
 1.3562992e-001
 1.3584173e-001
 1.3606709e-001
 1.3630752e-001
 1.3656442e-001
 1.3683851e-001
 1.3712978e-001
 1.3743699e-001
 1.3775757e-001
 1.3808803e-001
 1.3842387e-001
 1.3876061e-001
 1.3909407e-001
 1.3942124e-001
 1.3974084e-001
 1.4005326e-001
 1.4036071e-001
 1.4066647e-001
 1.4097409e-001
 1.4128667e-001
 1.4160576e-001
 1.4193106e-001
 1.4225996e-001
 1.4258809e-001
 1.4291002e-001
 1.4322002e-001
 1.4351326e-001
 1.4378680e-001
 1.4404003e-001
 1.4427516e-001
 1.4449690e-001
 1.4471194e-001
 1.4492816e-001
 1.4515346e-001
 1.4539480e-001
 1.4565717e-001
 1.4594282e-001
 1.4625123e-001
 1.4657871e-001
 1.4691937e-001
 1.4726545e-001
 1.4760859e-001
 1.4794092e-001
 1.4825583e-001
 1.4854889e-001
 1.4881806e-001
 1.4906360e-001
 1.4928780e-001
 1.4949402e-001
 1.4968611e-001
 1.4986759e-001
 1.5004134e-001
 1.5020952e-001
 1.5037385e-001
 1.5053609e-001
 1.5069868e-001
 1.5086496e-001
 1.5103948e-001
 1.5122753e-001
 1.5143460e-001
 1.5166566e-001
 1.5192410e-001
 1.5221132e-001
 1.5252608e-001
 1.5286471e-001
 1.5322170e-001
 1.5359029e-001
 1.5396382e-001
 1.5433648e-001
 1.5470426e-001
 1.5506539e-001
 1.5542006e-001
 1.5577006e-001
 1.5611766e-001
 1.5646480e-001
 1.5681235e-001
 1.5715969e-001
 1.5750474e-001
 1.5784481e-001
 1.5817700e-001
 1.5849924e-001
 1.5881050e-001
 1.5911089e-001
 1.5940151e-001
 1.5968363e-001
 1.5995856e-001
 1.6022716e-001
 1.6049026e-001
 1.6074917e-001
 1.6100617e-001
 1.6126508e-001
 1.6153105e-001
 1.6180989e-001
 1.6210715e-001
 1.6242638e-001
 1.6276830e-001
 1.6312997e-001
 1.6350505e-001
 1.6388506e-001
 1.6426069e-001
 1.6462378e-001
 1.6496907e-001
 1.6529477e-001
 1.6560297e-001
 1.6589871e-001
 1.6618875e-001
 1.6648008e-001
 1.6677819e-001
 1.6708627e-001
 1.6740444e-001
 1.6772991e-001
 1.6805781e-001
 1.6838187e-001
 1.6869591e-001
 1.6899477e-001
 1.6927527e-001
 1.6953687e-001
 1.6978160e-001
 1.7001396e-001
 1.7024024e-001
 1.7046756e-001
 1.7070310e-001
 1.7095301e-001
 1.7122173e-001
 1.7151134e-001
 1.7182124e-001
 1.7214833e-001
 1.7248714e-001
 1.7283046e-001
 1.7317027e-001
 1.7349836e-001
 1.7380764e-001
 1.7409255e-001
 1.7434987e-001
 1.7457896e-001
 1.7478128e-001
 1.7495984e-001
 1.7511800e-001
 1.7525820e-001
 1.7538071e-001
 1.7548248e-001
 1.7555672e-001
 1.7559275e-001
 1.7557673e-001
 1.7549263e-001
 1.7532353e-001
 1.7505290e-001
 1.7466584e-001
 1.7415000e-001
 1.7349595e-001
 1.7269786e-001
 1.7175364e-001
 1.7066465e-001
 1.6943666e-001
 1.6807882e-001
 1.6660461e-001
 1.6503131e-001
 1.6337892e-001
 1.6167077e-001
 1.5993115e-001
 1.5818572e-001
 1.5645993e-001
 1.5477772e-001
 1.5316249e-001
 1.5163571e-001
 1.5021864e-001
 1.4893270e-001
 1.4780009e-001
 1.4684561e-001
 1.4609602e-001
 1.4558044e-001
 1.4532846e-001
 1.4536789e-001
 1.4572184e-001
 1.4640549e-001
 1.4742304e-001
 1.4876555e-001
 1.5041074e-001
 1.5232281e-001
 1.5445481e-001
 1.5675284e-001
 1.5915811e-001
 1.6161327e-001
 1.6406408e-001
 1.6646327e-001
 1.6877329e-001
 1.7096503e-001
 1.7301966e-001
 1.7492566e-001
 1.7667802e-001
 1.7827708e-001
 1.7972560e-001
 1.8102929e-001
 1.8219489e-001
 1.8323068e-001
 1.8414685e-001
 1.8495470e-001
 1.8566746e-001
 1.8629909e-001
 1.8686405e-001
 1.8737657e-001
 1.8784939e-001
 1.8829328e-001
 1.8871678e-001
 1.8912578e-001
 1.8952410e-001
 1.8991369e-001
 1.9029546e-001
 1.9066997e-001
 1.9103782e-001
 1.9140032e-001
 1.9175944e-001
 1.9211785e-001
 1.9247882e-001
 1.9284554e-001
 1.9322087e-001
 1.9360672e-001
 1.9400366e-001
 1.9441092e-001
 1.9482619e-001
 1.9524613e-001
 1.9566672e-001
 1.9608384e-001
 1.9649421e-001
 1.9689544e-001
 1.9728640e-001
 1.9766730e-001
 1.9803885e-001
 1.9840196e-001
 1.9875677e-001
 1.9910228e-001
 1.9943625e-001
 1.9975521e-001
 2.0005539e-001
 2.0033354e-001
 2.0058790e-001
 2.0081921e-001
 2.0103100e-001
 2.0122959e-001
 2.0142341e-001
 2.0162193e-001
 2.0183440e-001
 2.0206828e-001
 2.0232834e-001
 2.0261572e-001
 2.0292790e-001
 2.0325933e-001
 2.0360225e-001
 2.0394826e-001
 2.0428953e-001
 2.0462002e-001
 2.0493630e-001
 2.0523742e-001
 2.0552449e-001
 2.0580000e-001
 2.0606647e-001
 2.0632598e-001
 2.0657927e-001
 2.0682591e-001
 2.0706472e-001
 2.0729414e-001
 2.0751327e-001
 2.0772229e-001
 2.0792286e-001
 2.0811827e-001
 2.0831284e-001
 2.0851162e-001
 2.0871946e-001
 2.0894043e-001
 2.0917732e-001
 2.0943119e-001
 2.0970148e-001
 2.0998612e-001
 2.1028197e-001
 2.1058540e-001
 2.1089256e-001
 2.1119972e-001
 2.1150355e-001
 2.1180093e-001
 2.1208914e-001
 2.1236555e-001
 2.1262804e-001
 2.1287502e-001
 2.1310557e-001
 2.1331973e-001
 2.1351837e-001
 2.1370307e-001
 2.1387626e-001
 2.1404082e-001
 2.1419980e-001
 2.1435584e-001
 2.1451089e-001
 2.1466607e-001
 2.1482192e-001
 2.1497926e-001
 2.1514003e-001
 2.1530797e-001
 2.1548884e-001
 2.1568953e-001
 2.1591695e-001
 2.1617638e-001
 2.1647038e-001
 2.1679822e-001
 2.1715558e-001
 2.1753505e-001
 2.1792726e-001
 2.1832207e-001
 2.1871045e-001
 2.1908550e-001
 2.1944346e-001
 2.1978384e-001
 2.2010879e-001
 2.2042231e-001
 2.2072881e-001
 2.2103216e-001
 2.2133495e-001
 2.2163816e-001
 2.2194158e-001
 2.2224419e-001
 2.2254483e-001
 2.2284281e-001
 2.2313799e-001
 2.2343129e-001
 2.2372437e-001
 2.2401944e-001
 2.2431892e-001
 2.2462463e-001
 2.2493744e-001
 2.2525708e-001
 2.2558212e-001
 2.2591063e-001
 2.2624061e-001
 2.2657084e-001
 2.2690155e-001
 2.2723427e-001
 2.2757192e-001
 2.2791784e-001
 2.2827525e-001
 2.2864676e-001
 2.2903338e-001
 2.2943482e-001
 2.2984903e-001
 2.3027253e-001
 2.3070109e-001
 2.3112990e-001
 2.3155460e-001
 2.3197153e-001
 2.3237821e-001
 2.3277363e-001
 2.3315777e-001
 2.3353143e-001
 2.3389596e-001
 2.3425238e-001
 2.3460145e-001
 2.3494312e-001
 2.3527674e-001
 2.3560134e-001
 2.3591581e-001
 2.3621969e-001
 2.3651336e-001
 2.3679858e-001
 2.3707865e-001
 2.3735809e-001
 2.3764259e-001
 2.3793805e-001
 2.3825014e-001
 2.3858361e-001
 2.3894149e-001
 2.3932505e-001
 2.3973340e-001
 2.4016380e-001
 2.4061227e-001
 2.4107370e-001
 2.4154291e-001
 2.4201475e-001
 2.4248464e-001
 2.4294892e-001
 2.4340446e-001
 2.4384874e-001
 2.4427970e-001
 2.4469514e-001
 2.4509303e-001
 2.4547099e-001
 2.4582669e-001
 2.4615827e-001
 2.4646446e-001
 2.4674542e-001
 2.4700291e-001
 2.4724068e-001
 2.4746454e-001
 2.4768196e-001
 2.4790157e-001
 2.4813226e-001
 2.4838214e-001
 2.4865784e-001
 2.4896340e-001
 2.4930018e-001
 2.4966642e-001
 2.5005770e-001
 2.5046760e-001
 2.5088835e-001
 2.5131178e-001
 2.5173026e-001
 2.5213727e-001
 2.5252813e-001
 2.5290006e-001
 2.5325254e-001
 2.5358731e-001
 2.5390804e-001
 2.5422019e-001
 2.5453043e-001
 2.5484619e-001
 2.5517485e-001
 2.5552285e-001
 2.5589493e-001
 2.5629318e-001
 2.5671655e-001
 2.5716093e-001
 2.5761932e-001
 2.5808308e-001
 2.5854269e-001
 2.5898916e-001
 2.5941524e-001
 2.5981569e-001
 2.6018819e-001
 2.6053315e-001
 2.6085377e-001
 2.6115566e-001
 2.6144570e-001
 2.6173106e-001
 2.6201814e-001
 2.6231137e-001
 2.6261294e-001
 2.6292223e-001
 2.6323661e-001
 2.6355219e-001
 2.6386470e-001
 2.6417097e-001
 2.6446959e-001
 2.6476142e-001
 2.6504967e-001
 2.6533908e-001
 2.6563528e-001
 2.6594356e-001
 2.6626801e-001
 2.6661098e-001
 2.6697233e-001
 2.6734978e-001
 2.6773867e-001
 2.6813290e-001
 2.6852578e-001
 2.6891088e-001
 2.6928338e-001
 2.6964089e-001
 2.6998395e-001
 2.7031639e-001
 2.7064481e-001
 2.7097768e-001
 2.7132425e-001
 2.7169302e-001
 2.7209041e-001
 2.7251944e-001
 2.7297899e-001
 2.7346376e-001
 2.7396432e-001
 2.7446842e-001
 2.7496192e-001
 2.7543074e-001
 2.7586254e-001
 2.7624768e-001
 2.7658075e-001
 2.7686056e-001
 2.7709031e-001
 2.7727681e-001
 2.7742949e-001
 2.7755925e-001
 2.7767724e-001
 2.7779374e-001
 2.7791747e-001
 2.7805510e-001
 2.7821106e-001
 2.7838778e-001
 2.7858585e-001
 2.7880460e-001
 2.7904221e-001
 2.7929637e-001
 2.7956441e-001
 2.7984339e-001
 2.8013059e-001
 2.8042319e-001
 2.8071868e-001
 2.8101480e-001
 2.8130957e-001
 2.8160146e-001
 2.8188929e-001
 2.8217232e-001
 2.8245026e-001
 2.8272310e-001
 2.8299123e-001
 2.8325519e-001
 2.8351569e-001
 2.8377363e-001
 2.8402981e-001
 2.8428516e-001
 2.8454056e-001
 2.8479674e-001
 2.8505442e-001
 2.8531405e-001
 2.8557593e-001
 2.8584012e-001
 2.8610638e-001
 2.8637415e-001
 2.8664267e-001
 2.8691077e-001
 2.8717726e-001
 2.8744057e-001
 2.8769925e-001
 2.8795156e-001
 2.8819588e-001
 2.8843072e-001
 2.8865469e-001
 2.8886688e-001
 2.8906694e-001
 2.8925532e-001
 2.8943357e-001
 2.8960443e-001
 2.8977188e-001
 2.8994119e-001
 2.9011834e-001
 2.9030967e-001
 2.9052112e-001
 2.9075745e-001
 2.9102153e-001
 2.9131350e-001
 2.9163074e-001
 2.9196745e-001
 2.9231513e-001
 2.9266346e-001
 2.9300103e-001
 2.9331717e-001
 2.9360288e-001
 2.9385227e-001
 2.9406351e-001
 2.9423884e-001
 2.9438412e-001
 2.9450765e-001
 2.9461911e-001
 2.9472831e-001
 2.9484412e-001
 2.9497379e-001
 2.9512236e-001
 2.9529253e-001
 2.9548433e-001
 2.9569510e-001
 2.9591957e-001
 2.9615065e-001
 2.9638010e-001
 2.9659942e-001
 2.9680079e-001
 2.9697785e-001
 2.9712635e-001
 2.9724383e-001
 2.9736698e-001
 2.9741961e-001
 2.9744285e-001
 2.9743940e-001
 2.9741251e-001
 2.9736635e-001
 2.9730594e-001
 2.9723725e-001
 2.9716662e-001
 2.9710075e-001
 2.9704618e-001
 2.9700938e-001
 2.9699597e-001
 2.9701045e-001
 2.9705542e-001
 2.9713118e-001
 2.9723549e-001
 2.9736385e-001
 2.9751018e-001
 2.9766721e-001
 2.9782718e-001
 2.9798242e-001
 2.9812559e-001
 2.9825050e-001
 2.9835263e-001
 2.9843014e-001
 2.9848403e-001
 2.9851776e-001
 2.9853681e-001
 2.9854766e-001
 2.9855734e-001
 2.9857290e-001
 2.9860106e-001
 2.9864764e-001
 2.9871708e-001
 2.9881185e-001
 2.9893237e-001
 2.9907703e-001
 2.9924291e-001
 2.9942614e-001
 2.9962251e-001
 2.9982758e-001
 3.0003694e-001
 3.0024609e-001
 3.0045062e-001
 3.0064619e-001
 3.0082843e-001
 3.0099314e-001
 3.0113602e-001
 3.0125290e-001
 3.0133966e-001
 3.0139229e-001
 3.0140719e-001
 3.0138144e-001
 3.0131343e-001
 3.0120322e-001
 3.0105260e-001
 3.0086514e-001
 3.0064568e-001
 3.0039966e-001
 3.0013290e-001
 2.9985112e-001
 2.9955971e-001
 2.9926312e-001
 2.9896417e-001
 2.9866365e-001
 2.9835996e-001
 2.9804942e-001
 2.9772678e-001
 2.9738581e-001
 2.9701993e-001
 2.9662260e-001
 2.9618737e-001
 2.9570872e-001
 2.9518214e-001
 2.9460496e-001
 2.9397637e-001
 2.9329687e-001
 2.9256868e-001
 2.9179421e-001
 2.9097658e-001
 2.9011875e-001
 2.8922296e-001
 2.8829074e-001
 2.8732142e-001
 2.8631225e-001
 2.8525776e-001
 2.8414974e-001
 2.8297853e-001
 2.8173348e-001
 2.8040323e-001
 2.7897757e-001
 2.7744746e-001
 2.7580819e-001
 2.7406156e-001
 2.7221742e-001
 2.7029607e-001
 2.6832560e-001
 2.6634127e-001
 2.6438200e-001
 2.6248774e-001
 2.6069906e-001
 2.5905356e-001
 2.5758472e-001
 2.5631800e-001
 2.5526750e-001
 2.5443593e-001
 2.5381461e-001
 2.5338718e-001
 2.5313249e-001
 2.5302693e-001
 2.5304651e-001
 2.5316763e-001
 2.5336853e-001
 2.5363022e-001
 2.5393787e-001
 2.5428101e-001
 2.5465310e-001
 2.5505066e-001
 2.5547186e-001
 2.5591585e-001
 2.5638196e-001
 2.5686923e-001
 2.5737649e-001
 2.5790137e-001
 2.5844061e-001
 2.5898942e-001
 2.5954181e-001
 2.6009107e-001
 2.6062974e-001
 2.6115045e-001
 2.6164556e-001
 2.6210791e-001
 2.6253119e-001
 2.6291010e-001
 2.6324129e-001
 2.6352310e-001
 2.6375559e-001
 2.6394024e-001
 2.6407909e-001
 2.6417467e-001
 2.6422974e-001
 2.6424736e-001
 2.6423094e-001
 2.6418471e-001
 2.6411387e-001
 2.6402470e-001
 2.6392445e-001
 2.6382113e-001
 2.6372311e-001
 2.6363897e-001
 2.6357707e-001
 2.6354516e-001
 2.6354969e-001
 2.6359501e-001
 2.6368248e-001
 2.6381034e-001
 2.6397374e-001
 2.6416585e-001
 2.6437846e-001
 2.6460275e-001
 2.6482993e-001
 2.6505136e-001
 2.6525930e-001
 2.6544729e-001
 2.6561067e-001
 2.6574680e-001
 2.6585487e-001
 2.6593530e-001
 2.6598942e-001
 2.6601887e-001
 2.6602542e-001
 2.6601076e-001
 2.6597628e-001
 2.6592296e-001
 2.6585114e-001
 2.6576042e-001
 2.6564980e-001
 2.6551786e-001
 2.6536286e-001
 2.6518300e-001
 2.6497662e-001
 2.6474240e-001
 2.6447996e-001
 2.6419023e-001
 2.6387608e-001
 2.6354256e-001
 2.6319656e-001
 2.6284647e-001
 2.6250139e-001
 2.6217088e-001
 2.6186445e-001
 2.6159096e-001
 2.6135841e-001
 2.6117274e-001
 2.6103759e-001
 2.6095369e-001
 2.6091939e-001
 2.6093116e-001
 2.6098430e-001
 2.6107374e-001
 2.6119423e-001
 2.6134065e-001
 2.6150849e-001
 2.6169416e-001
 2.6189521e-001
 2.6211059e-001
 2.6234046e-001
 2.6258600e-001
 2.6284865e-001
 2.6313040e-001
 2.6343319e-001
 2.6375875e-001
 2.6410875e-001
 2.6448452e-001
 2.6488659e-001
 2.6531509e-001
 2.6576960e-001
 2.6624939e-001
 2.6675317e-001
 2.6727980e-001
 2.6782817e-001
 2.6839659e-001
 2.6898363e-001
 2.6958764e-001
 2.7020606e-001
 2.7083644e-001
 2.7147591e-001
 2.7212083e-001
 2.7276793e-001
 2.7341366e-001
 2.7405462e-001
 2.7468693e-001
 2.7530727e-001
 2.7591243e-001
 2.7649885e-001
 2.7706364e-001
 2.7760395e-001
 2.7811667e-001
 2.7859923e-001
 2.7904889e-001
 2.7946320e-001
 2.7983966e-001
 2.8017673e-001
 2.8047377e-001
 2.8073126e-001
 2.8095138e-001
 2.8113762e-001
 2.8129426e-001
 2.8142634e-001
 2.8153914e-001
 2.8163782e-001
 2.8172728e-001
 2.8181183e-001
 2.8189459e-001
 2.8197718e-001
 2.8205949e-001
 2.8213999e-001
 2.8221586e-001
 2.8228381e-001
 2.8234017e-001
 2.8238112e-001
 2.8240326e-001
 2.8240350e-001
 2.8237975e-001
 2.8233093e-001
 2.8225732e-001
 2.8216031e-001
 2.8204218e-001
 2.8190565e-001
 2.8175363e-001
 2.8158915e-001
 2.8141481e-001
 2.8123260e-001
 2.8104344e-001
 2.8084692e-001
 2.8064087e-001
 2.8042176e-001
 2.8018501e-001
 2.7992538e-001
 2.7963725e-001
 2.7931538e-001
 2.7895463e-001
 2.7855074e-001
 2.7810130e-001
 2.7760559e-001
 2.7706525e-001
 2.7648383e-001
 2.7586684e-001
 2.7522016e-001
 2.7455020e-001
 2.7386388e-001
 2.7316752e-001
 2.7246708e-001
 2.7176836e-001
 2.7107584e-001
 2.7039322e-001
 2.6972312e-001
 2.6906809e-001
 2.6842979e-001
 2.6780960e-001
 2.6720926e-001
 2.6662982e-001
 2.6607186e-001
 2.6553568e-001
 2.6502016e-001
 2.6452306e-001
 2.6404157e-001
 2.6357174e-001
 2.6310936e-001
 2.6264998e-001
 2.6218960e-001
 2.6172447e-001
 2.6125219e-001
 2.6077271e-001
 2.6028851e-001
 2.5980517e-001
 2.5933155e-001
 2.5887820e-001
 2.5845698e-001
 2.5808018e-001
 2.5776011e-001
 2.5750762e-001
 2.5733134e-001
 2.5723583e-001
 2.5722006e-001
 2.5727698e-001
 2.5739405e-001
 2.5755462e-001
 2.5773972e-001
 2.5792912e-001
 2.5810272e-001
 2.5824100e-001
 2.5832644e-001
 2.5834450e-001
 2.5828505e-001
 2.5814253e-001
 2.5791579e-001
 2.5760677e-001
 2.5721911e-001
 2.5675768e-001
 2.5622717e-001
 2.5563207e-001
 2.5497559e-001
 2.5425971e-001
 2.5348362e-001
 2.5264385e-001
 2.5173515e-001
 2.5074989e-001
 2.4967945e-001
 2.4851541e-001
 2.4724860e-001
 2.4587008e-001
 2.4437262e-001
 2.4274933e-001
 2.4099539e-001
 2.3910740e-001
 2.3708512e-001
 2.3492827e-001
 2.3263718e-001
 2.3021431e-001
 2.2766080e-001
 2.2497813e-001
 2.2217058e-001
 2.1924186e-001
 2.1619819e-001
 2.1304710e-001
 2.0980030e-001
 2.0646855e-001
 2.0306343e-001
 1.9959930e-001
 1.9608828e-001
 1.9254234e-001
 1.8897577e-001
 1.8539993e-001
 1.8182577e-001
 1.7826614e-001
 1.7473084e-001
 1.7123014e-001
 1.6777329e-001
 1.6437203e-001
 1.6103567e-001
 1.5777418e-001
 1.5460087e-001
 1.5152854e-001
 1.4857244e-001
 1.4575262e-001
 1.4308937e-001
 1.4060549e-001
 1.3832434e-001
 1.3627116e-001
 1.3446943e-001
 1.3294178e-001
 1.3170981e-001
 1.3079031e-001
 1.3019547e-001
 1.2993243e-001
 1.3000293e-001
 1.3040529e-001
 1.3113578e-001
 1.3218887e-001
 1.3355854e-001
 1.3523750e-001
 1.3721444e-001
 1.3947447e-001
 1.4199665e-001
 1.4475115e-001
 1.4770362e-001
 1.5081517e-001
 1.5404195e-001
 1.5734103e-001
 1.6066878e-001
 1.6398335e-001
 1.6724302e-001
 1.7041264e-001
 1.7346266e-001
 1.7636769e-001
 1.7911021e-001
 1.8167676e-001
 1.8405460e-001
 1.8623427e-001
 1.8820649e-001
 1.8996356e-001
 1.9149847e-001
 1.9280876e-001
 1.9389613e-001
 1.9476636e-001
 1.9543038e-001
 1.9590221e-001
 1.9619741e-001
 1.9633277e-001
 1.9632500e-001
 1.9619019e-001
 1.9594291e-001
 1.9559507e-001
 1.9515494e-001
 1.9462720e-001
 1.9401267e-001
 1.9330950e-001
 1.9251479e-001
 1.9162455e-001
 1.9063492e-001
 1.8954389e-001
 1.8835126e-001
 1.8706135e-001
 1.8568386e-001
 1.8423590e-001
 1.8273932e-001
 1.8122019e-001
 1.7970817e-001
 1.7823292e-001
 1.7682408e-001
 1.7551105e-001
 1.7431952e-001
 1.7327058e-001
 1.7237978e-001
 1.7165488e-001
 1.7109762e-001
 1.7070502e-001
 1.7047153e-001
 1.7038994e-001
 1.7045264e-001
 1.7065185e-001
 1.7097986e-001
 1.7142920e-001
 1.7199229e-001
 1.7266206e-001
 1.7343161e-001
 1.7429434e-001
 1.7524311e-001
 1.7627133e-001
 1.7737222e-001
 1.7853741e-001
 1.7975776e-001
 1.8102157e-001
 1.8231270e-001
 1.8361202e-001
 1.8489686e-001
 1.8614104e-001
 1.8731783e-001
 1.8839961e-001
 1.8935940e-001
 1.9017114e-001
 1.9081300e-001
 1.9126889e-001
 1.9153038e-001
 1.9159818e-001
 1.9148082e-001
 1.9119279e-001
 1.9075207e-001
 1.9017826e-001
 1.8949118e-001
 1.8871072e-001
 1.8785483e-001
 1.8693903e-001
 1.8597624e-001
 1.8497506e-001
 1.8394083e-001
 1.8287715e-001
 1.8178551e-001
 1.8066661e-001
 1.7952171e-001
 1.7835113e-001
 1.7715554e-001
 1.7593530e-001
 1.7469177e-001
 1.7342548e-001
 1.7213702e-001
 1.7082797e-001
 1.6949901e-001
 1.6815083e-001
 1.6678506e-001
 1.6540246e-001
 1.6400406e-001
 1.6259065e-001
 1.6116406e-001
 1.5972520e-001
 1.5827505e-001
 1.5681563e-001
 1.5534799e-001
 1.5387322e-001
 1.5239352e-001
 1.5091029e-001
 1.4942569e-001
 1.4794223e-001
 1.4646444e-001
 1.4499690e-001
 1.4354509e-001
 1.4211631e-001
 1.4071719e-001
 1.3935460e-001
 1.3803636e-001
 1.3676909e-001
 1.3555901e-001
 1.3441239e-001
 1.3333353e-001
 1.3232587e-001
 1.3139148e-001
 1.3053234e-001
 1.2974927e-001
 1.2904288e-001
 1.2841420e-001
 1.2786362e-001
 1.2739150e-001
 1.2699831e-001
 1.2668385e-001
 1.2644783e-001
 1.2628962e-001
 1.2620848e-001
 1.2620345e-001
 1.2627345e-001
 1.2641720e-001
 1.2663300e-001
 1.2691832e-001
 1.2726893e-001
 1.2767874e-001
 1.2813938e-001
 1.2864022e-001
 1.2916963e-001
 1.2971520e-001
 1.3026445e-001
 1.3080476e-001
 1.3132471e-001
 1.3181441e-001
 1.3226594e-001
 1.3267486e-001
 1.3304013e-001
 1.3336368e-001
 1.3365026e-001
 1.3390608e-001
 1.3413820e-001
 1.3435367e-001
 1.3455972e-001
 1.3476336e-001
 1.3497119e-001
 1.3518152e-001
 1.3536042e-001
 1.3560830e-001
 1.3586436e-001
 1.3612489e-001
 1.3638614e-001
 1.3664445e-001
 1.3689591e-001
 1.3713683e-001
 1.3736346e-001
 1.3757206e-001
 1.3775904e-001
 1.3792196e-001
 1.3805923e-001
 1.3816920e-001
 1.3825020e-001
 1.3830057e-001
 1.3831867e-001
 1.3830285e-001
 1.3825148e-001
 1.3816288e-001
 1.3803543e-001
 1.3786745e-001
 1.3765725e-001
 1.3740329e-001
 1.3710418e-001
 1.3676144e-001
 1.3637803e-001
 1.3595693e-001
 1.3550134e-001
 1.3501422e-001
 1.3449858e-001
 1.3395737e-001
 1.3339384e-001
 1.3281088e-001
 1.3221157e-001
 1.3159879e-001
 1.3097583e-001
 1.3034561e-001
 1.2971115e-001
 1.2907548e-001
 1.2844150e-001
 1.2781252e-001
 1.2719132e-001
 1.2657978e-001
 1.2597907e-001
 1.2539083e-001
 1.2481621e-001
 1.2425656e-001
 1.2371303e-001
 1.2318725e-001
 1.2268040e-001
 1.2219381e-001
 1.2172879e-001
 1.2128656e-001
 1.2086867e-001
 1.2047632e-001
 1.2011085e-001
 1.1977351e-001
 1.1946575e-001
 1.1918884e-001
 1.1894410e-001
 1.1873282e-001
 1.1855640e-001
 1.1841613e-001
 1.1831306e-001
 1.1824616e-001
 1.1821331e-001
 1.1821237e-001
 1.1824118e-001
 1.1829761e-001
 1.1837953e-001
 1.1848478e-001
 1.1861122e-001
 1.1875671e-001
 1.1891915e-001
 1.1909633e-001
 1.1928616e-001
 1.1948645e-001
 1.1969515e-001
 1.1991002e-001
 1.2012896e-001
 1.2034983e-001
 1.2057047e-001
 1.2078882e-001
 1.2100263e-001
 1.2120980e-001
 1.2140820e-001
 1.2159573e-001
 1.2177016e-001
 1.2192938e-001
 1.2207151e-001
 1.2219661e-001
 1.2230563e-001
 1.2239963e-001
 1.2247962e-001
 1.2254661e-001
 1.2260161e-001
 1.2264565e-001
 1.2267976e-001
 1.2270491e-001
 1.2272216e-001
 1.2273250e-001
 1.2273695e-001
 1.2273652e-001
 1.2273225e-001
 1.2272514e-001
 1.2271623e-001
 1.2270650e-001
 1.2269697e-001
 1.2268869e-001
 1.2268264e-001
 1.2267984e-001
 1.2268132e-001
 1.2268811e-001
 1.2270119e-001
 1.2272161e-001
 1.2275036e-001
 1.2278847e-001
 1.2283695e-001
 1.2289681e-001
 1.2296895e-001
 1.2305316e-001
 1.2314866e-001
 1.2325475e-001
