s07_ASD Record=13971: Phlogopite_Sand_Mix BR93-20   BECKa AREF
 3.6488954e-002
 3.6633302e-002
 3.6769178e-002
 3.6897063e-002
 3.7019696e-002
 3.7141588e-002
 3.7267372e-002
 3.7400074e-002
 3.7540205e-002
 3.7685957e-002
 3.7834376e-002
 3.7982553e-002
 3.8128514e-002
 3.8271692e-002
 3.8413323e-002
 3.8556352e-002
 3.8704555e-002
 3.8861625e-002
 3.9030511e-002
 3.9213136e-002
 3.9410289e-002
 3.9621755e-002
 3.9846841e-002
 4.0084854e-002
 4.0335502e-002
 4.0598728e-002
 4.0874127e-002
 4.1160416e-002
 4.1455578e-002
 4.1757636e-002
 4.2064704e-002
 4.2375028e-002
 4.2686854e-002
 4.2998407e-002
 4.3307848e-002
 4.3613818e-002
 4.3915842e-002
 4.4214133e-002
 4.4509396e-002
 4.4802468e-002
 4.5094151e-002
 4.5385007e-002
 4.5675099e-002
 4.5963708e-002
 4.6248969e-002
 4.6528026e-002
 4.6797764e-002
 4.7056161e-002
 4.7303412e-002
 4.7542237e-002
 4.7776900e-002
 4.8011426e-002
 4.8248157e-002
 4.8487350e-002
 4.8728324e-002
 4.8970945e-002
 4.9216557e-002
 4.9467120e-002
 4.9723804e-002
 4.9986526e-002
 5.0250422e-002
 5.0509620e-002
 5.0761662e-002
 5.1004104e-002
 5.1235817e-002
 5.1462140e-002
 5.1690761e-002
 5.1927447e-002
 5.2175634e-002
 5.2435968e-002
 5.2706838e-002
 5.2986037e-002
 5.3272646e-002
 5.3567890e-002
 5.3874690e-002
 5.4196585e-002
 5.4536536e-002
 5.4896384e-002
 5.5276979e-002
 5.5678476e-002
 5.6100443e-002
 5.6541365e-002
 5.6998488e-002
 5.7468250e-002
 5.7947587e-002
 5.8434915e-002
 5.8929794e-002
 5.9431475e-002
 5.9937228e-002
 6.0442578e-002
 6.0943201e-002
 6.1437290e-002
 6.1925553e-002
 6.2408727e-002
 6.2884398e-002
 6.3346408e-002
 6.3788712e-002
 6.4211674e-002
 6.4625539e-002
 6.5045662e-002
 6.5481842e-002
 6.5929033e-002
 6.6367358e-002
 6.6771947e-002
 6.7127287e-002
 6.7438118e-002
 6.7725614e-002
 6.8012670e-002
 6.8311386e-002
 6.8620346e-002
 6.8930112e-002
 6.9229685e-002
 6.9509961e-002
 6.9764867e-002
 6.9992103e-002
 7.0193514e-002
 7.0374787e-002
 7.0544593e-002
 7.0713311e-002
 7.0891224e-002
 7.1086176e-002
 7.1302034e-002
 7.1538530e-002
 7.1790755e-002
 7.2048232e-002
 7.2296403e-002
 7.2523504e-002
 7.2728619e-002
 7.2922982e-002
 7.3122025e-002
 7.3335931e-002
 7.3567666e-002
 7.3817812e-002
 7.4087895e-002
 7.4377306e-002
 7.4679509e-002
 7.4985459e-002
 7.5293243e-002
 7.5612657e-002
 7.5957082e-002
 7.6329581e-002
 7.6718032e-002
 7.7106901e-002
 7.7494450e-002
 7.7897653e-002
 7.8338563e-002
 7.8825876e-002
 7.9350688e-002
 7.9898700e-002
 8.0462448e-002
 8.1037700e-002
 8.1610471e-002
 8.2154997e-002
 8.2652003e-002
 8.3112866e-002
 8.3586171e-002
 8.4132992e-002
 8.4781572e-002
 8.5494585e-002
 8.6185843e-002
 8.6783871e-002
 8.7288968e-002
 8.7766886e-002
 8.8286519e-002
 8.8866457e-002
 8.9477398e-002
 9.0085655e-002
 9.0688191e-002
 9.1309138e-002
 9.1969557e-002
 9.2663474e-002
 9.3363188e-002
 9.4044223e-002
 9.4700396e-002
 9.5332995e-002
 9.5934391e-002
 9.6493214e-002
 9.7013943e-002
 9.7520754e-002
 9.8036319e-002
 9.8561898e-002
 9.9082157e-002
 9.9588789e-002
 1.0009868e-001
 1.0064669e-001
 1.0125558e-001
 1.0190812e-001
 1.0255346e-001
 1.0314994e-001
 1.0370284e-001
 1.0425391e-001
 1.0483429e-001
 1.0543524e-001
 1.0602379e-001
 1.0657821e-001
 1.0710368e-001
 1.0761918e-001
 1.0813853e-001
 1.0866773e-001
 1.0921275e-001
 1.0977825e-001
 1.1035852e-001
 1.1093686e-001
 1.1149678e-001
 1.1203118e-001
 1.1254284e-001
 1.1304300e-001
 1.1354836e-001
 1.1407169e-001
 1.1460755e-001
 1.1512719e-001
 1.1559127e-001
 1.1597547e-001
 1.1629117e-001
 1.1658393e-001
 1.1690813e-001
 1.1729460e-001
 1.1773706e-001
 1.1820632e-001
 1.1867199e-001
 1.1911134e-001
 1.1951466e-001
 1.1990007e-001
 1.2030978e-001
 1.2076331e-001
 1.2121803e-001
 1.2160383e-001
 1.2189737e-001
 1.2214001e-001
 1.2238647e-001
 1.2265865e-001
 1.2295008e-001
 1.2325518e-001
 1.2358350e-001
 1.2394954e-001
 1.2435585e-001
 1.2478904e-001
 1.2522949e-001
 1.2566200e-001
 1.2608068e-001
 1.2649043e-001
 1.2690446e-001
 1.2733375e-001
 1.2777212e-001
 1.2819035e-001
 1.2855387e-001
 1.2885681e-001
 1.2913524e-001
 1.2943283e-001
 1.2975380e-001
 1.3007121e-001
 1.3038409e-001
 1.3073362e-001
 1.3113697e-001
 1.3152677e-001
 1.3181964e-001
 1.3203454e-001
 1.3226080e-001
 1.3252836e-001
 1.3280055e-001
 1.3308027e-001
 1.3342673e-001
 1.3385667e-001
 1.3430747e-001
 1.3469265e-001
 1.3493380e-001
 1.3500524e-001
 1.3501184e-001
 1.3512966e-001
 1.3543724e-001
 1.3588582e-001
 1.3639231e-001
 1.3686143e-001
 1.3717401e-001
 1.3727942e-001
 1.3729423e-001
 1.3740635e-001
 1.3768041e-001
 1.3802963e-001
 1.3835230e-001
 1.3862011e-001
 1.3885731e-001
 1.3909578e-001
 1.3936053e-001
 1.3966811e-001
 1.4001137e-001
 1.4034933e-001
 1.4062475e-001
 1.4080520e-001
 1.4091884e-001
 1.4105152e-001
 1.4129098e-001
 1.4164554e-001
 1.4201607e-001
 1.4229718e-001
 1.4252047e-001
 1.4282101e-001
 1.4323525e-001
 1.4363573e-001
 1.4390774e-001
 1.4409094e-001
 1.4430462e-001
 1.4460424e-001
 1.4494397e-001
 1.4524585e-001
 1.4548294e-001
 1.4569026e-001
 1.4590734e-001
 1.4614230e-001
 1.4639562e-001
 1.4668185e-001
 1.4700836e-001
 1.4734955e-001
 1.4765796e-001
 1.4790665e-001
 1.4811997e-001
 1.4834355e-001
 1.4858164e-001
 1.4878774e-001
 1.4892633e-001
 1.4903645e-001
 1.4920878e-001
 1.4951316e-001
 1.4995898e-001
 1.5048954e-001
 1.5099162e-001
 1.5134148e-001
 1.5148824e-001
 1.5150867e-001
 1.5156031e-001
 1.5175992e-001
 1.5209909e-001
 1.5247160e-001
 1.5277492e-001
 1.5298468e-001
 1.5314674e-001
 1.5331793e-001
 1.5352182e-001
 1.5375057e-001
 1.5399459e-001
 1.5426379e-001
 1.5457955e-001
 1.5494694e-001
 1.5533608e-001
 1.5569445e-001
 1.5598224e-001
 1.5619738e-001
 1.5636703e-001
 1.5651831e-001
 1.5665987e-001
 1.5679032e-001
 1.5692496e-001
 1.5711704e-001
 1.5744309e-001
 1.5791404e-001
 1.5840679e-001
 1.5873213e-001
 1.5882945e-001
 1.5886997e-001
 1.5904386e-001
 1.5934537e-001
 1.5965925e-001
 1.5993591e-001
 1.6020176e-001
 1.6048005e-001
 1.6075771e-001
 1.6101214e-001
 1.6126205e-001
 1.6156644e-001
 1.6193604e-001
 1.6228925e-001
 1.6255523e-001
 1.6276948e-001
 1.6301125e-001
 1.6330016e-001
 1.6359413e-001
 1.6385759e-001
 1.6411912e-001
 1.6444612e-001
 1.6482908e-001
 1.6515253e-001
 1.6536430e-001
 1.6558389e-001
 1.6593358e-001
 1.6636261e-001
 1.6673414e-001
 1.6698955e-001
 1.6716298e-001
 1.6731800e-001
 1.6752195e-001
 1.6783094e-001
 1.6824420e-001
 1.6868950e-001
 1.6909057e-001
 1.6942546e-001
 1.6970281e-001
 1.6992413e-001
 1.7009822e-001
 1.7025895e-001
 1.7046410e-001
 1.7073718e-001
 1.7103982e-001
 1.7134340e-001
 1.7166127e-001
 1.7200719e-001
 1.7236193e-001
 1.7267756e-001
 1.7291264e-001
 1.7307693e-001
 1.7323221e-001
 1.7344506e-001
 1.7374727e-001
 1.7413418e-001
 1.7458253e-001
 1.7505121e-001
 1.7548482e-001
 1.7583749e-001
 1.7610431e-001
 1.7632040e-001
 1.7653120e-001
 1.7677221e-001
 1.7706646e-001
 1.7742217e-001
 1.7781891e-001
 1.7821364e-001
 1.7856920e-001
 1.7887343e-001
 1.7914142e-001
 1.7940310e-001
 1.7963511e-001
 1.7992480e-001
 1.8022217e-001
 1.8052213e-001
 1.8082514e-001
 1.8113385e-001
 1.8145099e-001
 1.8177824e-001
 1.8211110e-001
 1.8244267e-001
 1.8276595e-001
 1.8307479e-001
 1.8336856e-001
 1.8364885e-001
 1.8391733e-001
 1.8417563e-001
 1.8442628e-001
 1.8467210e-001
 1.8491590e-001
 1.8516019e-001
 1.8540567e-001
 1.8569353e-001
 1.8594156e-001
 1.8619046e-001
 1.8643871e-001
 1.8668312e-001
 1.8692057e-001
 1.8714786e-001
 1.8736200e-001
 1.8756390e-001
 1.8775828e-001
 1.8795006e-001
 1.8814407e-001
 1.8834507e-001
 1.8855229e-001
 1.8875986e-001
 1.8896155e-001
 1.8915120e-001
 1.8932290e-001
 1.8947583e-001
 1.8961430e-001
 1.8974276e-001
 1.8986566e-001
 1.8998757e-001
 1.9011165e-001
 1.9023605e-001
 1.9035773e-001
 1.9047362e-001
 1.9058071e-001
 1.9067588e-001
 1.9075720e-001
 1.9082667e-001
 1.9088726e-001
 1.9094203e-001
 1.9099392e-001
 1.9104595e-001
 1.9110110e-001
 1.9116278e-001
 1.9123550e-001
 1.9132420e-001
 1.9143376e-001
 1.9156913e-001
 1.9173515e-001
 1.9193679e-001
 1.9217888e-001
 1.9246191e-001
 1.9276935e-001
 1.9308084e-001
 1.9337584e-001
 1.9363399e-001
 1.9383480e-001
 1.9395785e-001
 1.9398269e-001
 1.9389772e-001
 1.9372419e-001
 1.9349106e-001
 1.9322719e-001
 1.9296160e-001
 1.9272318e-001
 1.9254088e-001
 1.9244362e-001
 1.9245166e-001
 1.9255298e-001
 1.9272825e-001
 1.9295813e-001
 1.9322327e-001
 1.9350427e-001
 1.9378182e-001
 1.9403653e-001
 1.9424909e-001
 1.9440006e-001
 1.9447017e-001
 1.9443999e-001
 1.9429721e-001
 1.9405486e-001
 1.9373164e-001
 1.9334640e-001
 1.9291782e-001
 1.9246480e-001
 1.9200602e-001
 1.9156024e-001
 1.9114630e-001
 1.9078287e-001
 1.9048886e-001
 1.9028290e-001
 1.9017766e-001
 1.9016369e-001
 1.9022660e-001
 1.9035202e-001
 1.9052565e-001
 1.9073308e-001
 1.9095992e-001
 1.9119185e-001
 1.9141449e-001
 1.9161350e-001
 1.9177447e-001
 1.9188738e-001
 1.9195734e-001
 1.9199267e-001
 1.9200185e-001
 1.9199322e-001
 1.9197522e-001
 1.9195621e-001
 1.9194464e-001
 1.9194891e-001
 1.9197738e-001
 1.9203597e-001
 1.9212194e-001
 1.9223063e-001
 1.9235739e-001
 1.9249761e-001
 1.9264665e-001
 1.9279985e-001
 1.9295259e-001
 1.9310024e-001
 1.9323812e-001
 1.9336297e-001
 1.9347602e-001
 1.9357944e-001
 1.9367546e-001
 1.9376628e-001
 1.9385411e-001
 1.9394113e-001
 1.9402958e-001
 1.9412163e-001
 1.9421953e-001
 1.9432457e-001
 1.9443521e-001
 1.9454923e-001
 1.9466445e-001
 1.9477868e-001
 1.9488972e-001
 1.9499540e-001
 1.9509351e-001
 1.9518185e-001
 1.9525832e-001
 1.9532116e-001
 1.9536859e-001
 1.9539890e-001
 1.9541034e-001
 1.9540122e-001
 1.9536978e-001
 1.9531426e-001
 1.9523522e-001
 1.9514060e-001
 1.9503985e-001
 1.9494247e-001
 1.9485791e-001
 1.9479568e-001
 1.9476521e-001
 1.9477600e-001
 1.9483615e-001
 1.9494921e-001
 1.9511794e-001
 1.9534495e-001
 1.9563298e-001
 1.9598465e-001
 1.9640276e-001
 1.9688980e-001
 1.9743972e-001
 1.9801699e-001
 1.9858070e-001
 1.9904351e-001
 1.9943182e-001
 1.9968113e-001
 1.9976555e-001
 1.9968808e-001
 1.9947612e-001
 1.9917388e-001
 1.9883370e-001
 1.9850975e-001
 1.9825086e-001
 1.9808996e-001
 1.9803698e-001
 1.9808510e-001
 1.9822046e-001
 1.9842717e-001
 1.9868805e-001
 1.9898397e-001
 1.9929351e-001
 1.9959348e-001
 1.9986041e-001
 2.0007324e-001
 2.0021856e-001
 2.0029627e-001
 2.0032178e-001
 2.0032240e-001
 2.0033100e-001
 2.0037933e-001
 2.0049129e-001
 2.0067725e-001
 2.0093209e-001
 2.0123853e-001
 2.0157275e-001
 2.0191017e-001
 2.0223017e-001
 2.0251936e-001
 2.0277269e-001
 2.0299184e-001
 2.0318227e-001
 2.0334977e-001
 2.0349790e-001
 2.0340130e-001
 2.0348258e-001
 2.0353545e-001
 2.0356171e-001
 2.0356490e-001
 2.0355043e-001
 2.0352547e-001
 2.0349853e-001
 2.0347883e-001
 2.0347524e-001
 2.0349491e-001
 2.0354220e-001
 2.0361802e-001
 2.0371975e-001
 2.0384245e-001
 2.0398034e-001
 2.0412821e-001
 2.0428237e-001
 2.0444103e-001
 2.0460393e-001
 2.0477179e-001
 2.0494512e-001
 2.0512368e-001
 2.0530573e-001
 2.0548797e-001
 2.0566568e-001
 2.0583291e-001
 2.0598359e-001
 2.0611234e-001
 2.0621577e-001
 2.0629324e-001
 2.0634690e-001
 2.0638123e-001
 2.0640232e-001
 2.0641677e-001
 2.0643079e-001
 2.0644930e-001
 2.0647529e-001
 2.0650962e-001
 2.0655113e-001
 2.0659710e-001
 2.0664400e-001
 2.0668833e-001
 2.0672758e-001
 2.0676085e-001
 2.0678942e-001
 2.0681673e-001
 2.0684810e-001
 2.0688993e-001
 2.0694861e-001
 2.0702927e-001
 2.0713460e-001
 2.0726407e-001
 2.0741364e-001
 2.0757622e-001
 2.0774274e-001
 2.0790370e-001
 2.0805083e-001
 2.0817862e-001
 2.0828514e-001
 2.0837227e-001
 2.0844501e-001
 2.0851031e-001
 2.0857549e-001
 2.0864673e-001
 2.0872802e-001
 2.0882052e-001
 2.0892265e-001
 2.0903067e-001
 2.0913954e-001
 2.0924406e-001
 2.0933980e-001
 2.0942387e-001
 2.0949537e-001
 2.0955545e-001
 2.0960711e-001
 2.0965473e-001
 2.0970346e-001
 2.0975849e-001
 2.0982435e-001
 2.0990434e-001
 2.1000013e-001
 2.1011156e-001
 2.1023686e-001
 2.1037294e-001
 2.1051599e-001
 2.1066234e-001
 2.1080884e-001
 2.1095364e-001
 2.1109623e-001
 2.1123740e-001
 2.1137889e-001
 2.1152265e-001
 2.1167028e-001
 2.1182248e-001
 2.1197854e-001
 2.1213649e-001
 2.1229319e-001
 2.1244498e-001
 2.1258835e-001
 2.1272063e-001
 2.1284063e-001
 2.1294890e-001
 2.1304783e-001
 2.1314131e-001
 2.1323405e-001
 2.1333094e-001
 2.1343607e-001
 2.1355209e-001
 2.1367985e-001
 2.1381818e-001
 2.1396419e-001
 2.1411374e-001
 2.1426202e-001
 2.1440431e-001
 2.1453649e-001
 2.1465544e-001
 2.1475942e-001
 2.1484801e-001
 2.1492229e-001
 2.1498457e-001
 2.1503833e-001
 2.1508791e-001
 2.1513800e-001
 2.1519326e-001
 2.1525756e-001
 2.1533346e-001
 2.1542183e-001
 2.1552166e-001
 2.1563040e-001
 2.1574445e-001
 2.1586016e-001
 2.1597479e-001
 2.1608716e-001
 2.1619824e-001
 2.1631078e-001
 2.1642895e-001
 2.1655719e-001
 2.1669908e-001
 2.1685633e-001
 2.1702820e-001
 2.1721113e-001
 2.1739934e-001
 2.1758549e-001
 2.1776186e-001
 2.1792164e-001
 2.1805981e-001
 2.1817398e-001
 2.1826459e-001
 2.1833469e-001
 2.1838932e-001
 2.1843466e-001
 2.1847709e-001
 2.1852237e-001
 2.1857519e-001
 2.1863903e-001
 2.1871622e-001
 2.1880826e-001
 2.1891606e-001
 2.1904001e-001
 2.1917988e-001
 2.1933445e-001
 2.1950130e-001
 2.1967654e-001
 2.1985506e-001
 2.2003131e-001
 2.2020003e-001
 2.2035757e-001
 2.2050284e-001
 2.2063781e-001
 2.2076756e-001
 2.2089949e-001
 2.2104217e-001
 2.2120376e-001
 2.2139041e-001
 2.2160526e-001
 2.2184765e-001
 2.2211324e-001
 2.2239476e-001
 2.2268304e-001
 2.2296865e-001
 2.2324303e-001
 2.2349976e-001
 2.2373518e-001
 2.2394828e-001
 2.2414045e-001
 2.2431438e-001
 2.2447325e-001
 2.2462003e-001
 2.2475687e-001
 2.2488520e-001
 2.2500621e-001
 2.2512126e-001
 2.2523262e-001
 2.2534345e-001
 2.2545776e-001
 2.2557981e-001
 2.2571321e-001
 2.2586016e-001
 2.2602099e-001
 2.2619411e-001
 2.2637662e-001
 2.2656500e-001
 2.2675638e-001
 2.2694919e-001
 2.2714376e-001
 2.2734238e-001
 2.2754855e-001
 2.2776635e-001
 2.2799927e-001
 2.2824927e-001
 2.2851641e-001
 2.2879834e-001
 2.2909079e-001
 2.2938821e-001
 2.2968444e-001
 2.2997393e-001
 2.3025224e-001
 2.3051660e-001
 2.3076618e-001
 2.3100154e-001
 2.3122434e-001
 2.3143655e-001
 2.3163989e-001
 2.3183565e-001
 2.3202443e-001
 2.3220666e-001
 2.3238288e-001
 2.3255433e-001
 2.3272334e-001
 2.3289324e-001
 2.3306823e-001
 2.3325269e-001
 2.3345041e-001
 2.3366401e-001
 2.3389402e-001
 2.3413895e-001
 2.3439516e-001
 2.3465742e-001
 2.3491983e-001
 2.3517662e-001
 2.3542321e-001
 2.3565710e-001
 2.3587805e-001
 2.3608847e-001
 2.3629260e-001
 2.3649600e-001
 2.3670447e-001
 2.3692296e-001
 2.3715487e-001
 2.3740137e-001
 2.3766144e-001
 2.3793219e-001
 2.3820938e-001
 2.3848850e-001
 2.3876533e-001
 2.3903690e-001
 2.3930186e-001
 2.3956043e-001
 2.3981434e-001
 2.4006605e-001
 2.4031818e-001
 2.4057294e-001
 2.4083145e-001
 2.4109368e-001
 2.4135870e-001
 2.4162479e-001
 2.4189022e-001
 2.4215344e-001
 2.4241328e-001
 2.4266912e-001
 2.4292023e-001
 2.4316588e-001
 2.4340476e-001
 2.4363524e-001
 2.4385582e-001
 2.4406566e-001
 2.4426541e-001
 2.4445760e-001
 2.4464680e-001
 2.4483915e-001
 2.4504131e-001
 2.4525930e-001
 2.4549705e-001
 2.4575552e-001
 2.4603242e-001
 2.4632229e-001
 2.4661769e-001
 2.4691036e-001
 2.4719283e-001
 2.4745983e-001
 2.4770898e-001
 2.4794115e-001
 2.4816023e-001
 2.4837199e-001
 2.4858302e-001
 2.4879931e-001
 2.4902505e-001
 2.4926208e-001
 2.4950948e-001
 2.4976422e-001
 2.5002176e-001
 2.5027737e-001
 2.5052714e-001
 2.5076887e-001
 2.5100234e-001
 2.5122932e-001
 2.5145289e-001
 2.5167674e-001
 2.5190425e-001
 2.5213784e-001
 2.5237840e-001
 2.5262535e-001
 2.5287688e-001
 2.5313029e-001
 2.5338265e-001
 2.5363141e-001
 2.5387448e-001
 2.5411096e-001
 2.5434071e-001
 2.5456440e-001
 2.5478342e-001
 2.5499949e-001
 2.5521448e-001
 2.5543043e-001
 2.5564939e-001
 2.5587356e-001
 2.5610521e-001
 2.5634658e-001
 2.5659952e-001
 2.5686523e-001
 2.5714383e-001
 2.5743383e-001
 2.5773227e-001
 2.5803480e-001
 2.5833610e-001
 2.5863093e-001
 2.5891483e-001
 2.5918490e-001
 2.5944042e-001
 2.5968260e-001
 2.5991446e-001
 2.6013970e-001
 2.6036203e-001
 2.6058435e-001
 2.6080793e-001
 2.6103258e-001
 2.6125690e-001
 2.6147890e-001
 2.6169720e-001
 2.6191172e-001
 2.6212457e-001
 2.6234010e-001
 2.6256463e-001
 2.6280561e-001
 2.6306996e-001
 2.6336291e-001
 2.6368636e-001
 2.6403806e-001
 2.6441166e-001
 2.6479703e-001
 2.6518187e-001
 2.6555312e-001
 2.6589885e-001
 2.6620951e-001
 2.6647857e-001
 2.6670277e-001
 2.6688159e-001
 2.6701656e-001
 2.6711056e-001
 2.6716736e-001
 2.6719141e-001
 2.6718774e-001
 2.6716211e-001
 2.6712075e-001
 2.6707000e-001
 2.6701564e-001
 2.6696205e-001
 2.6691157e-001
 2.6686415e-001
 2.6681748e-001
 2.6676765e-001
 2.6671013e-001
 2.6664090e-001
 2.6655740e-001
 2.6645896e-001
 2.6634702e-001
 2.6622441e-001
 2.6609486e-001
 2.6596183e-001
 2.6582786e-001
 2.6569405e-001
 2.6555988e-001
 2.6542366e-001
 2.6528293e-001
 2.6513529e-001
 2.6497921e-001
 2.6481450e-001
 2.6464257e-001
 2.6446655e-001
 2.6429081e-001
 2.6412052e-001
 2.6396093e-001
 2.6381707e-001
 2.6369330e-001
 2.6359329e-001
 2.6352036e-001
 2.6347774e-001
 2.6346898e-001
 2.6349798e-001
 2.6356918e-001
 2.6368693e-001
 2.6385507e-001
 2.6407605e-001
 2.6435027e-001
 2.6467574e-001
 2.6504752e-001
 2.6545817e-001
 2.6589823e-001
 2.6635680e-001
 2.6682290e-001
 2.6728618e-001
 2.6773810e-001
 2.6817289e-001
 2.6858771e-001
 2.6898319e-001
 2.6936278e-001
 2.6973233e-001
 2.7009910e-001
 2.7047038e-001
 2.7085251e-001
 2.7124944e-001
 2.7166232e-001
 2.7208915e-001
 2.7252510e-001
 2.7296349e-001
 2.7339694e-001
 2.7381864e-001
 2.7422389e-001
 2.7461046e-001
 2.7497891e-001
 2.7533236e-001
 2.7567533e-001
 2.7601296e-001
 2.7634966e-001
 2.7668846e-001
 2.7703080e-001
 2.7737626e-001
 2.7772364e-001
 2.7807128e-001
 2.7841818e-001
 2.7876481e-001
 2.7911341e-001
 2.7946827e-001
 2.7983522e-001
 2.8022090e-001
 2.8063199e-001
 2.8107360e-001
 2.8154853e-001
 2.8205588e-001
 2.8259084e-001
 2.8314462e-001
 2.8370491e-001
 2.8425714e-001
 2.8478646e-001
 2.8527918e-001
 2.8572527e-001
 2.8611955e-001
 2.8646263e-001
 2.8676125e-001
 2.8702697e-001
 2.8727463e-001
 2.8751999e-001
 2.8777736e-001
 2.8805748e-001
 2.8836575e-001
 2.8870210e-001
 2.8906092e-001
 2.8943253e-001
 2.8980508e-001
 2.9016665e-001
 2.9050744e-001
 2.9082125e-001
 2.9110655e-001
 2.9136667e-001
 2.9160866e-001
 2.9184246e-001
 2.9207879e-001
 2.9232755e-001
 2.9259673e-001
 2.9289123e-001
 2.9321280e-001
 2.9356050e-001
 2.9393095e-001
 2.9431939e-001
 2.9472008e-001
 2.9512680e-001
 2.9553330e-001
 2.9593331e-001
 2.9632109e-001
 2.9669157e-001
 2.9704085e-001
 2.9736680e-001
 2.9766908e-001
 2.9794955e-001
 2.9821160e-001
 2.9845983e-001
 2.9869935e-001
 2.9893500e-001
 2.9917112e-001
 2.9941127e-001
 2.9965839e-001
 2.9991543e-001
 3.0018544e-001
 3.0047187e-001
 3.0077857e-001
 3.0110908e-001
 3.0146605e-001
 3.0185035e-001
 3.0226013e-001
 3.0269113e-001
 3.0313668e-001
 3.0358878e-001
 3.0403864e-001
 3.0447736e-001
 3.0489659e-001
 3.0528906e-001
 3.0564937e-001
 3.0597442e-001
 3.0626366e-001
 3.0651894e-001
 3.0674398e-001
 3.0694395e-001
 3.0712453e-001
 3.0729148e-001
 3.0745012e-001
 3.0760482e-001
 3.0775890e-001
 3.0791491e-001
 3.0807453e-001
 3.0823913e-001
 3.0840978e-001
 3.0858752e-001
 3.0877367e-001
 3.0896974e-001
 3.0917773e-001
 3.0939990e-001
 3.0963880e-001
 3.0989701e-001
 3.1017673e-001
 3.1047964e-001
 3.1080630e-001
 3.1115600e-001
 3.1152651e-001
 3.1191400e-001
 3.1231347e-001
 3.1271875e-001
 3.1312290e-001
 3.1351888e-001
 3.1389934e-001
 3.1425756e-001
 3.1458774e-001
 3.1488574e-001
 3.1514981e-001
 3.1538078e-001
 3.1558239e-001
 3.1576097e-001
 3.1592458e-001
 3.1608224e-001
 3.1624240e-001
 3.1641185e-001
 3.1659481e-001
 3.1679243e-001
 3.1700340e-001
 3.1722453e-001
 3.1745186e-001
 3.1768176e-001
 3.1791148e-001
 3.1813976e-001
 3.1836691e-001
 3.1859460e-001
 3.1882548e-001
 3.1906247e-001
 3.1930834e-001
 3.1956482e-001
 3.1983241e-001
 3.2011035e-001
 3.2039672e-001
 3.2068893e-001
 3.2098436e-001
 3.2128084e-001
 3.2157725e-001
 3.2187366e-001
 3.2217139e-001
 3.2247272e-001
 3.2278046e-001
 3.2309741e-001
 3.2342550e-001
 3.2376552e-001
 3.2411686e-001
 3.2447702e-001
 3.2484230e-001
 3.2520774e-001
 3.2556769e-001
 3.2591674e-001
 3.2624960e-001
 3.2656217e-001
 3.2685137e-001
 3.2711560e-001
 3.2735479e-001
 3.2757017e-001
 3.2776445e-001
 3.2794133e-001
 3.2810548e-001
 3.2826206e-001
 3.2841629e-001
 3.2857314e-001
 3.2873672e-001
 3.2890996e-001
 3.2909438e-001
 3.2928991e-001
 3.2949510e-001
 3.2970753e-001
 3.2992423e-001
 3.3014232e-001
 3.3035967e-001
 3.3057529e-001
 3.3078983e-001
 3.3100539e-001
 3.3122563e-001
 3.3145523e-001
 3.3169937e-001
 3.3196327e-001
 3.3225146e-001
 3.3256739e-001
 3.3291277e-001
 3.3328721e-001
 3.3368820e-001
 3.3411050e-001
 3.3454642e-001
 3.3498606e-001
 3.3541769e-001
 3.3582878e-001
 3.3620688e-001
 3.3654124e-001
 3.3682409e-001
 3.3705178e-001
 3.3722568e-001
 3.3735237e-001
 3.3744314e-001
 3.3751300e-001
 3.3757883e-001
 3.3765730e-001
 3.3776271e-001
 3.3790526e-001
 3.3808973e-001
 3.3831534e-001
 3.3857661e-001
 3.3886445e-001
 3.3916777e-001
 3.3947504e-001
 3.3977541e-001
 3.4005991e-001
 3.4032166e-001
 3.4055662e-001
 3.4076360e-001
 3.4094402e-001
 3.4110159e-001
 3.4124172e-001
 3.4137076e-001
 3.4149554e-001
 3.4162262e-001
 3.4175768e-001
 3.4190512e-001
 3.4206718e-001
 3.4224379e-001
 3.4243211e-001
 3.4262666e-001
 3.4282014e-001
 3.4300426e-001
 3.4317133e-001
 3.4331536e-001
 3.4343371e-001
 3.4352785e-001
 3.4360388e-001
 3.4367242e-001
 3.4374800e-001
 3.4384754e-001
 3.4398854e-001
 3.4418646e-001
 3.4445262e-001
 3.4479204e-001
 3.4520188e-001
 3.4567147e-001
 3.4618276e-001
 3.4671232e-001
 3.4723404e-001
 3.4772190e-001
 3.4815341e-001
 3.4851173e-001
 3.4878767e-001
 3.4898046e-001
 3.4909707e-001
 3.4915116e-001
 3.4916052e-001
 3.4914479e-001
 3.4912264e-001
 3.4910983e-001
 3.4911728e-001
 3.4915060e-001
 3.4920999e-001
 3.4929132e-001
 3.4938723e-001
 3.4948909e-001
 3.4958866e-001
 3.4967944e-001
 3.4975791e-001
 3.4982395e-001
 3.4988084e-001
 3.4993479e-001
 3.4999406e-001
 3.5006794e-001
 3.5016569e-001
 3.5029563e-001
 3.5046440e-001
 3.5067654e-001
 3.5093439e-001
 3.5123801e-001
 3.5158551e-001
 3.5197330e-001
 3.5239619e-001
 3.5284793e-001
 3.5332111e-001
 3.5380751e-001
 3.5429853e-001
 3.5478511e-001
 3.5525846e-001
 3.5571009e-001
 3.5613233e-001
 3.5651878e-001
 3.5686433e-001
 3.5716552e-001
 3.5742059e-001
 3.5762942e-001
 3.5779378e-001
 3.5791701e-001
 3.5800424e-001
 3.5806233e-001
 3.5809970e-001
 3.5812604e-001
 3.5815206e-001
 3.5818854e-001
 3.5824567e-001
 3.5833204e-001
 3.5845369e-001
 3.5861328e-001
 3.5880962e-001
 3.5903770e-001
 3.5928890e-001
 3.5955220e-001
 3.5981509e-001
 3.6006522e-001
 3.6029196e-001
 3.6048740e-001
 3.6064741e-001
 3.6077204e-001
 3.6086518e-001
 3.6093402e-001
 3.6098805e-001
 3.6103788e-001
 3.6109412e-001
 3.6116630e-001
 3.6126223e-001
 3.6138758e-001
 3.6154562e-001
 3.6173740e-001
 3.6196187e-001
 3.6221650e-001
 3.6249730e-001
 3.6279944e-001
 3.6311746e-001
 3.6344534e-001
 3.6377716e-001
 3.6410683e-001
 3.6442849e-001
 3.6473644e-001
 3.6502525e-001
 3.6528993e-001
 3.6552554e-001
 3.6572745e-001
 3.6589134e-001
 3.6601338e-001
 3.6609042e-001
 3.6612040e-001
 3.6610255e-001
 3.6603799e-001
 3.6593035e-001
 3.6578608e-001
 3.6561468e-001
 3.6542857e-001
 3.6521536e-001
 3.6502591e-001
 3.6487091e-001
 3.6476666e-001
 3.6472616e-001
 3.6475667e-001
 3.6485848e-001
 3.6502540e-001
 3.6524695e-001
 3.6551008e-001
 3.6580110e-001
 3.6610627e-001
 3.6641279e-001
 3.6670962e-001
 3.6698836e-001
 3.6724380e-001
 3.6747429e-001
 3.6768115e-001
 3.6786813e-001
 3.6804023e-001
 3.6820325e-001
 3.6836308e-001
 3.6852524e-001
 3.6869434e-001
 3.6887330e-001
 3.6906287e-001
 3.6926123e-001
 3.6946425e-001
 3.6966619e-001
 3.6986023e-001
 3.7003922e-001
 3.7019610e-001
 3.7032443e-001
 3.7041906e-001
 3.7047723e-001
 3.7049916e-001
 3.7048849e-001
 3.7045199e-001
 3.7039855e-001
 3.7033850e-001
 3.7028271e-001
 3.7024191e-001
 3.7022597e-001
 3.7024283e-001
 3.7029725e-001
 3.7038955e-001
 3.7051517e-001
 3.7066516e-001
 3.7082738e-001
 3.7098774e-001
 3.7113136e-001
 3.7124354e-001
 3.7131065e-001
 3.7132156e-001
 3.7126949e-001
 3.7115341e-001
 3.7097856e-001
 3.7075606e-001
 3.7050131e-001
 3.7023205e-001
 3.6996719e-001
 3.6972538e-001
 3.6952367e-001
 3.6937559e-001
 3.6928862e-001
 3.6926222e-001
 3.6928681e-001
 3.6934474e-001
 3.6941239e-001
 3.6946261e-001
 3.6946666e-001
 3.6939585e-001
 3.6922303e-001
 3.6892456e-001
 3.6848274e-001
 3.6788797e-001
 3.6713976e-001
 3.6624536e-001
 3.6521846e-001
 3.6407575e-001
 3.6283597e-001
 3.6151800e-001
 3.6013919e-001
 3.5871497e-001
 3.5725555e-001
 3.5576576e-001
 3.5424364e-001
 3.5268077e-001
 3.5106477e-001
 3.4938067e-001
 3.4761196e-001
 3.4574318e-001
 3.4376007e-001
 3.4165341e-001
 3.3942130e-001
 3.3707109e-001
 3.3462217e-001
 3.3210275e-001
 3.2954925e-001
 3.2700244e-001
 3.2450411e-001
 3.2209727e-001
 3.1982192e-001
 3.1771484e-001
 3.1580567e-001
 3.1411394e-001
 3.1264937e-001
 3.1141150e-001
 3.1039330e-001
 3.0958343e-001
 3.0896825e-001
 3.0853352e-001
 3.0826461e-001
 3.0814695e-001
 3.0816585e-001
 3.0830678e-001
 3.0855516e-001
 3.0889642e-001
 3.0931622e-001
 3.0979997e-001
 3.1033349e-001
 3.1090263e-001
 3.1149381e-001
 3.1209505e-001
 3.1269613e-001
 3.1329006e-001
 3.1387278e-001
 3.1444323e-001
 3.1500253e-001
 3.1555295e-001
 3.1609750e-001
 3.1663927e-001
 3.1718117e-001
 3.1772584e-001
 3.1827497e-001
 3.1882954e-001
 3.1938916e-001
 3.1995246e-001
 3.2051757e-001
 3.2108197e-001
 3.2164285e-001
 3.2219771e-001
 3.2274380e-001
 3.2327890e-001
 3.2380107e-001
 3.2430896e-001
 3.2480216e-001
 3.2528052e-001
 3.2574469e-001
 3.2619530e-001
 3.2663330e-001
 3.2705989e-001
 3.2747641e-001
 3.2788500e-001
 3.2828870e-001
 3.2869193e-001
 3.2910076e-001
 3.2952252e-001
 3.2996571e-001
 3.3043927e-001
 3.3095226e-001
 3.3151364e-001
 3.3213118e-001
 3.3281043e-001
 3.3355352e-001
 3.3435735e-001
 3.3521378e-001
 3.3610937e-001
 3.3702713e-001
 3.3794817e-001
 3.3885238e-001
 3.3972010e-001
 3.4053263e-001
 3.4127408e-001
 3.4193340e-001
 3.4250554e-001
 3.4299275e-001
 3.4340334e-001
 3.4375030e-001
 3.4404951e-001
 3.4431791e-001
 3.4457275e-001
 3.4483030e-001
 3.4510487e-001
 3.4540734e-001
 3.4574372e-001
 3.4611505e-001
 3.4651753e-001
 3.4694383e-001
 3.4738475e-001
 3.4783006e-001
 3.4826940e-001
 3.4869343e-001
 3.4909427e-001
 3.4946737e-001
 3.4981200e-001
 3.5013208e-001
 3.5043567e-001
 3.5073373e-001
 3.5103911e-001
 3.5136530e-001
 3.5172579e-001
 3.5213274e-001
 3.5259610e-001
 3.5312188e-001
 3.5371011e-001
 3.5435516e-001
 3.5504568e-001
 3.5576648e-001
 3.5649946e-001
 3.5722598e-001
 3.5792744e-001
 3.5858586e-001
 3.5918638e-001
 3.5971847e-001
 3.6017719e-001
 3.6056447e-001
 3.6088815e-001
 3.6116049e-001
 3.6139610e-001
 3.6161104e-001
 3.6182144e-001
 3.6204246e-001
 3.6228740e-001
 3.6256626e-001
 3.6288434e-001
 3.6324206e-001
 3.6363536e-001
 3.6405647e-001
 3.6449596e-001
 3.6494344e-001
 3.6538845e-001
 3.6582083e-001
 3.6623195e-001
 3.6661562e-001
 3.6696842e-001
 3.6729071e-001
 3.6758590e-001
 3.6785951e-001
 3.6811870e-001
 3.6837101e-001
 3.6862415e-001
 3.6888486e-001
 3.6915866e-001
 3.6944845e-001
 3.6975351e-001
 3.7006947e-001
 3.7038857e-001
 3.7070015e-001
 3.7099242e-001
 3.7125292e-001
 3.7146923e-001
 3.7163019e-001
 3.7172723e-001
 3.7175587e-001
 3.7171742e-001
 3.7161949e-001
 3.7147546e-001
 3.7130287e-001
 3.7112185e-001
 3.7095341e-001
 3.7081879e-001
 3.7073785e-001
 3.7072781e-001
 3.7080142e-001
 3.7096524e-001
 3.7121904e-001
 3.7155655e-001
 3.7196666e-001
 3.7243590e-001
 3.7294945e-001
 3.7349182e-001
 3.7404808e-001
 3.7460402e-001
 3.7514693e-001
 3.7566563e-001
 3.7615141e-001
 3.7659749e-001
 3.7699810e-001
 3.7734875e-001
 3.7764534e-001
 3.7788394e-001
 3.7806150e-001
 3.7817600e-001
 3.7822723e-001
 3.7821764e-001
 3.7815237e-001
 3.7803918e-001
 3.7788767e-001
 3.7770852e-001
 3.7751287e-001
 3.7731200e-001
 3.7711656e-001
 3.7693620e-001
 3.7677887e-001
 3.7664989e-001
 3.7655196e-001
 3.7648532e-001
 3.7644845e-001
 3.7643871e-001
 3.7645289e-001
 3.7648767e-001
 3.7653977e-001
 3.7660611e-001
 3.7668395e-001
 3.7677112e-001
 3.7686601e-001
 3.7696740e-001
 3.7707466e-001
 3.7718719e-001
 3.7730461e-001
 3.7742645e-001
 3.7755215e-001
 3.7768093e-001
 3.7781152e-001
 3.7794209e-001
 3.7807012e-001
 3.7819248e-001
 3.7830564e-001
 3.7840584e-001
 3.7848917e-001
 3.7855187e-001
 3.7859067e-001
 3.7860319e-001
 3.7858853e-001
 3.7854788e-001
 3.7848464e-001
 3.7840441e-001
 3.7831417e-001
 3.7822181e-001
 3.7813574e-001
 3.7806413e-001
 3.7801480e-001
 3.7799448e-001
 3.7800804e-001
 3.7805796e-001
 3.7814394e-001
 3.7826321e-001
 3.7841123e-001
 3.7858242e-001
 3.7877050e-001
 3.7896913e-001
 3.7917191e-001
 3.7937248e-001
 3.7956449e-001
 3.7974191e-001
 3.7989879e-001
 3.8002923e-001
 3.8012761e-001
 3.8018835e-001
 3.8020587e-001
 3.8017496e-001
 3.8009098e-001
 3.7995046e-001
 3.7975192e-001
 3.7949654e-001
 3.7918842e-001
 3.7883455e-001
 3.7844369e-001
 3.7802574e-001
 3.7759146e-001
 3.7715131e-001
 3.7671551e-001
 3.7629375e-001
 3.7589401e-001
 3.7552261e-001
 3.7518364e-001
 3.7487972e-001
 3.7461171e-001
 3.7437975e-001
 3.7418368e-001
 3.7402281e-001
 3.7389600e-001
 3.7380132e-001
 3.7373528e-001
 3.7369239e-001
 3.7366506e-001
 3.7364364e-001
 3.7361708e-001
 3.7357339e-001
 3.7350038e-001
 3.7338582e-001
 3.7321824e-001
 3.7298769e-001
 3.7268659e-001
 3.7231070e-001
 3.7185967e-001
 3.7133634e-001
 3.7074602e-001
 3.7009537e-001
 3.6939237e-001
 3.6864480e-001
 3.6786079e-001
 3.6704960e-001
 3.6622059e-001
 3.6538434e-001
 3.6455312e-001
 3.6373973e-001
 3.6295795e-001
 3.6222184e-001
 3.6154601e-001
 3.6094412e-001
 3.6042872e-001
 3.6001006e-001
 3.5969371e-001
 3.5947943e-001
 3.5936072e-001
 3.5932502e-001
 3.5935545e-001
 3.5943267e-001
 3.5953608e-001
 3.5964513e-001
 3.5974017e-001
 3.5980365e-001
 3.5982189e-001
 3.5978609e-001
 3.5969320e-001
 3.5954511e-001
 3.5934737e-001
 3.5910794e-001
 3.5883564e-001
 3.5853940e-001
 3.5822758e-001
 3.5790724e-001
 3.5758275e-001
 3.5725507e-001
 3.5692161e-001
 3.5657620e-001
 3.5621011e-001
 3.5581344e-001
 3.5537547e-001
 3.5488549e-001
 3.5433426e-001
 3.5371444e-001
 3.5302246e-001
 3.5225976e-001
 3.5143396e-001
 3.5055733e-001
 3.4964570e-001
 3.4871790e-001
 3.4779304e-001
 3.4689012e-001
 3.4602773e-001
 3.4522122e-001
 3.4448192e-001
 3.4381512e-001
 3.4322026e-001
 3.4269041e-001
 3.4221444e-001
 3.4177899e-001
 3.4136924e-001
 3.4097022e-001
 3.4056807e-001
 3.4015045e-001
 3.3970824e-001
 3.3923683e-001
 3.3873615e-001
 3.3821046e-001
 3.3766711e-001
 3.3711565e-001
 3.3656609e-001
 3.3602837e-001
 3.3551189e-001
 3.3502364e-001
 3.3456701e-001
 3.3414099e-001
 3.3373892e-001
 3.3334953e-001
 3.3295783e-001
 3.3254716e-001
 3.3209959e-001
 3.3159733e-001
 3.3102417e-001
 3.3036613e-001
 3.2961369e-001
 3.2876381e-001
 3.2781982e-001
 3.2679087e-001
 3.2569134e-001
 3.2453763e-001
 3.2334754e-001
 3.2213894e-001
 3.2093003e-001
 3.1973711e-001
 3.1857437e-001
 3.1745407e-001
 3.1638464e-001
 3.1537178e-001
 3.1441981e-001
 3.1353119e-001
 3.1270781e-001
 3.1195101e-001
 3.1126183e-001
 3.1063953e-001
 3.1008121e-001
 3.0958140e-001
 3.0913097e-001
 3.0871788e-001
 3.0832824e-001
 3.0794659e-001
 3.0755702e-001
 3.0714417e-001
 3.0669373e-001
 3.0619425e-001
 3.0563888e-001
 3.0502748e-001
 3.0436659e-001
 3.0366898e-001
 3.0295265e-001
 3.0223790e-001
 3.0154619e-001
 3.0089954e-001
 3.0031818e-001
 2.9981989e-001
 2.9941764e-001
 2.9911846e-001
 2.9892212e-001
 2.9882216e-001
 2.9880762e-001
 2.9886460e-001
 2.9897806e-001
 2.9913250e-001
 2.9931277e-001
 2.9950491e-001
 2.9969656e-001
 2.9987785e-001
 3.0004159e-001
 3.0018306e-001
 3.0029917e-001
 3.0038810e-001
 3.0044851e-001
 3.0047920e-001
 3.0047923e-001
 3.0044773e-001
 3.0038416e-001
 3.0028817e-001
 3.0015984e-001
 2.9999948e-001
 2.9980776e-001
 2.9958534e-001
 2.9933313e-001
 2.9905233e-001
 2.9874459e-001
 2.9841280e-001
 2.9806185e-001
 2.9769912e-001
 2.9733494e-001
 2.9698217e-001
 2.9665589e-001
 2.9637221e-001
 2.9614756e-001
 2.9599833e-001
 2.9593945e-001
 2.9598302e-001
 2.9613611e-001
 2.9639918e-001
 2.9676515e-001
 2.9722017e-001
 2.9774609e-001
 2.9832202e-001
 2.9892632e-001
 2.9953679e-001
 3.0013245e-001
 3.0069399e-001
 3.0120414e-001
 3.0164942e-001
 3.0201998e-001
 3.0230913e-001
 3.0251318e-001
 3.0263013e-001
 3.0265895e-001
 3.0259895e-001
 3.0244964e-001
 3.0221063e-001
 3.0188194e-001
 3.0148113e-001
 3.0109134e-001
 3.0050901e-001
 2.9987717e-001
 2.9921299e-001
 2.9853374e-001
 2.9785654e-001
 2.9719892e-001
 2.9657805e-001
 2.9601115e-001
 2.9551551e-001
 2.9510668e-001
 2.9478529e-001
 2.9454336e-001
 2.9437304e-001
 2.9426634e-001
 2.9421538e-001
 2.9421225e-001
 2.9424891e-001
 2.9431760e-001
 2.9441023e-001
 2.9451898e-001
 2.9463589e-001
 2.9475304e-001
 2.9486254e-001
 2.9495695e-001
 2.9503423e-001
 2.9509509e-001
 2.9514033e-001
 2.9517063e-001
 2.9518688e-001
 2.9518968e-001
 2.9517993e-001
 2.9515836e-001
 2.9512560e-001
 2.9508254e-001
 2.9502991e-001
 2.9496846e-001
 2.9489893e-001
 2.9482210e-001
 2.9473877e-001
 2.9464960e-001
 2.9455540e-001
 2.9445690e-001
 2.9435399e-001
 2.9424632e-001
 2.9413360e-001
 2.9401535e-001
 2.9389125e-001
 2.9376084e-001
 2.9362383e-001
 2.9347980e-001
 2.9332837e-001
 2.9316917e-001
 2.9300177e-001
 2.9282588e-001
 2.9264107e-001
 2.9244700e-001
 2.9224318e-001
 2.9202938e-001
 2.9180512e-001
 2.9157004e-001
 2.9132375e-001
 2.9106590e-001
 2.9079613e-001
 2.9051411e-001
 2.9022029e-001
 2.8991571e-001
 2.8960121e-001
 2.8927773e-001
 2.8894618e-001
 2.8860733e-001
 2.8826234e-001
 2.8791198e-001
 2.8755718e-001
 2.8719875e-001
 2.8683785e-001
 2.8647521e-001
 2.8611177e-001
 2.8574842e-001
 2.8538617e-001
 2.8502584e-001
 2.8466839e-001
 2.8431472e-001
 2.8396565e-001
 2.8362226e-001
 2.8328541e-001
 2.8295594e-001
 2.8263474e-001
 2.8232291e-001
 2.8202116e-001
 2.8173047e-001
 2.8145072e-001
 2.8118193e-001
 2.8092360e-001
 2.8067559e-001
 2.8043753e-001
 2.8020915e-001
 2.7999029e-001
 2.7978060e-001
 2.7957979e-001
 2.7938756e-001
 2.7920380e-001
 2.7902809e-001
 2.7886015e-001
 2.7869979e-001
 2.7854669e-001
 2.7840066e-001
 2.7826130e-001
 2.7812836e-001
 2.7800167e-001
 2.7788091e-001
 2.7776578e-001
 2.7765599e-001
 2.7755129e-001
 2.7745143e-001
 2.7735615e-001
 2.7726513e-001
 2.7717811e-001
 2.7709484e-001
 2.7701506e-001
 2.7693847e-001
 2.7686492e-001
 2.7679434e-001
 2.7672657e-001
