s07_ASD Record=12863: Calcite.80wt+Kaol_CM9 GDS213 ASDNGa AREF
-1.2300000e+034
 7.0400155e-001
 7.0502752e-001
 7.0612949e-001
 7.0701903e-001
 7.0843434e-001
 7.0976341e-001
 7.1116185e-001
 7.1287966e-001
 7.1498740e-001
 7.1744061e-001
 7.2007424e-001
 7.2265178e-001
 7.2484082e-001
 7.2672355e-001
 7.2849393e-001
 7.3039412e-001
 7.3263580e-001
 7.3508006e-001
 7.3768902e-001
 7.4112117e-001
 7.4374795e-001
 7.4578130e-001
 7.4820065e-001
 7.4999225e-001
 7.5151670e-001
 7.5333935e-001
 7.5611955e-001
 7.5847852e-001
 7.6044542e-001
 7.6235801e-001
 7.6436937e-001
 7.6618773e-001
 7.6793295e-001
 7.6988703e-001
 7.7175808e-001
 7.7353907e-001
 7.7524358e-001
 7.7686566e-001
 7.7854592e-001
 7.8003061e-001
 7.8118867e-001
 7.8257412e-001
 7.8398961e-001
 7.8541136e-001
 7.8687811e-001
 7.8797376e-001
 7.8908288e-001
 7.9037571e-001
 7.9159856e-001
 7.9255593e-001
 7.9361761e-001
 7.9501802e-001
 7.9595017e-001
 7.9694885e-001
 7.9805028e-001
 7.9897106e-001
 7.9984611e-001
 8.0074120e-001
 8.0168128e-001
 8.0263495e-001
 8.0366856e-001
 8.0465192e-001
 8.0546761e-001
 8.0628824e-001
 8.0720598e-001
 8.0815434e-001
 8.0895782e-001
 8.0967826e-001
 8.1047451e-001
 8.1137621e-001
 8.1210583e-001
 8.1290895e-001
 8.1371754e-001
 8.1441522e-001
 8.1522471e-001
 8.1599593e-001
 8.1670070e-001
 8.1744474e-001
 8.1818128e-001
 8.1891638e-001
 8.1966084e-001
 8.2041186e-001
 8.2117724e-001
 8.2191241e-001
 8.2257766e-001
 8.2333249e-001
 8.2415771e-001
 8.2500178e-001
 8.2579410e-001
 8.2662028e-001
 8.2743990e-001
 8.2819819e-001
 8.2889986e-001
 8.2965910e-001
 8.3042365e-001
 8.3105904e-001
 8.3178174e-001
 8.3245778e-001
 8.3305013e-001
 8.3378333e-001
 8.3441758e-001
 8.3496976e-001
 8.3553076e-001
 8.3612430e-001
 8.3667940e-001
 8.3717525e-001
 8.3764619e-001
 8.3818883e-001
 8.3873075e-001
 8.3921421e-001
 8.3969766e-001
 8.4014452e-001
 8.4058535e-001
 8.4107238e-001
 8.4155846e-001
 8.4202063e-001
 8.4243631e-001
 8.4278423e-001
 8.4322876e-001
 8.4370428e-001
 8.4411854e-001
 8.4450960e-001
 8.4493148e-001
 8.4536958e-001
 8.4576297e-001
 8.4609568e-001
 8.4647322e-001
 8.4692663e-001
 8.4733188e-001
 8.4774494e-001
 8.4816283e-001
 8.4856647e-001
 8.4895873e-001
 8.4938580e-001
 8.4982973e-001
 8.5021186e-001
 8.5062647e-001
 8.5105997e-001
 8.5148776e-001
 8.5189497e-001
 8.5233003e-001
 8.5278279e-001
 8.5321665e-001
 8.5363406e-001
 8.5407072e-001
 8.5454720e-001
 8.5505742e-001
 8.5560578e-001
 8.5613954e-001
 8.5661674e-001
 8.5708922e-001
 8.5757709e-001
 8.5808539e-001
 8.5860074e-001
 8.5910463e-001
 8.5962373e-001
 8.6015993e-001
 8.6065125e-001
 8.6111534e-001
 8.6158109e-001
 8.6207449e-001
 8.6255425e-001
 8.6302698e-001
 8.6349064e-001
 8.6392528e-001
 8.6438227e-001
 8.6480343e-001
 8.6516243e-001
 8.6559486e-001
 8.6603749e-001
 8.6644721e-001
 8.6680627e-001
 8.6719000e-001
 8.6758822e-001
 8.6796880e-001
 8.6828065e-001
 8.6863691e-001
 8.6901140e-001
 8.6935478e-001
 8.6972439e-001
 8.7010235e-001
 8.7047523e-001
 8.7083715e-001
 8.7120456e-001
 8.7156194e-001
 8.7189382e-001
 8.7219816e-001
 8.7250763e-001
 8.7281805e-001
 8.7311590e-001
 8.7344217e-001
 8.7376952e-001
 8.7408090e-001
 8.7438112e-001
 8.7467897e-001
 8.7496263e-001
 8.7522531e-001
 8.7549162e-001
 8.7575650e-001
 8.7601215e-001
 8.7624985e-001
 8.7647611e-001
 8.7671447e-001
 8.7696820e-001
 8.7719512e-001
 8.7740707e-001
 8.7761128e-001
 8.7781465e-001
 8.7802082e-001
 8.7823868e-001
 8.7845159e-001
 8.7861693e-001
 8.7875456e-001
 8.7890953e-001
 8.7911016e-001
 8.7932372e-001
 8.7951320e-001
 8.7966853e-001
 8.7979746e-001
 8.7991619e-001
 8.8004440e-001
 8.8018709e-001
 8.8032317e-001
 8.8043642e-001
 8.8055086e-001
 8.8069326e-001
 8.8083625e-001
 8.8096458e-001
 8.8107395e-001
 8.8117069e-001
 8.8127279e-001
 8.8140887e-001
 8.8158077e-001
 8.8173032e-001
 8.8184661e-001
 8.8192564e-001
 8.8198596e-001
 8.8214535e-001
 8.8230377e-001
 8.8240016e-001
 8.8245267e-001
 8.8250405e-001
 8.8258713e-001
 8.8271350e-001
 8.8284087e-001
 8.8295794e-001
 8.8306606e-001
 8.8317561e-001
 8.8328785e-001
 8.8339621e-001
 8.8349080e-001
 8.8355505e-001
 8.8362741e-001
 8.8369709e-001
 8.8374430e-001
 8.8380247e-001
 8.8388389e-001
 8.8397652e-001
 8.8404471e-001
 8.8414389e-001
 8.8424808e-001
 8.8432568e-001
 8.8437468e-001
 8.8442630e-001
 8.8449132e-001
 8.8456625e-001
 8.8463932e-001
 8.8471514e-001
 8.8478428e-001
 8.8481909e-001
 8.8484448e-001
 8.8487160e-001
 8.8491297e-001
 8.8499743e-001
 8.8507432e-001
 8.8514328e-001
 8.8523465e-001
 8.8527173e-001
 8.8527304e-001
 8.8528383e-001
 8.8537872e-001
 8.8548571e-001
 8.8556814e-001
 8.8561600e-001
 8.8566649e-001
 8.8572234e-001
 8.8576162e-001
 8.8575536e-001
 8.8576472e-001
 8.8580978e-001
 8.8588965e-001
 8.8599712e-001
 8.8610399e-001
 8.8619065e-001
 8.8625103e-001
 8.8630116e-001
 8.8637584e-001
 8.8646758e-001
 8.8652521e-001
 8.8656032e-001
 8.8659990e-001
 8.8666338e-001
 8.8671523e-001
 8.8676900e-001
 8.8684189e-001
 8.8694346e-001
 8.8702703e-001
 8.8707912e-001
 8.8709754e-001
 8.8708359e-001
 8.8710046e-001
 8.8717026e-001
 8.8727468e-001
 8.8730240e-001
 8.8733274e-001
 8.8740021e-001
 8.8749409e-001
 8.8754016e-001
 8.8755757e-001
 8.8757873e-001
 8.8763219e-001
 8.8769495e-001
 8.8775980e-001
 8.8782275e-001
 8.8787889e-001
 8.8791406e-001
 8.8793457e-001
 8.8796598e-001
 8.8804960e-001
 8.8815320e-001
 8.8824594e-001
 8.8833034e-001
 8.8839895e-001
 8.8846177e-001
 8.8852704e-001
 8.8853097e-001
 8.8853598e-001
 8.8857120e-001
 8.8862747e-001
 8.8871974e-001
 8.8882351e-001
 8.8891602e-001
 8.8901019e-001
 8.8907981e-001
 8.8912648e-001
 8.8916445e-001
 8.8919806e-001
 8.8926923e-001
 8.8936764e-001
 8.8942611e-001
 8.8943952e-001
 8.8944578e-001
 8.8948053e-001
 8.8954479e-001
 8.8967180e-001
 8.8982809e-001
 8.8995236e-001
 8.9000642e-001
 8.9006758e-001
 8.9016050e-001
 8.9024538e-001
 8.9025778e-001
 8.9029282e-001
 8.9041775e-001
 8.9055943e-001
 8.9066428e-001
 8.9074957e-001
 8.9085221e-001
 8.9092213e-001
 8.9099145e-001
 8.9108175e-001
 8.9119512e-001
 8.9125443e-001
 8.9126927e-001
 8.9127648e-001
 8.9133608e-001
 8.9141601e-001
 8.9149332e-001
 8.9155829e-001
 8.9165157e-001
 8.9173907e-001
 8.9182842e-001
 8.9196289e-001
 8.9205992e-001
 8.9211249e-001
 8.9213628e-001
 8.9215988e-001
 8.9222580e-001
 8.9231789e-001
 8.9240438e-001
 8.9250660e-001
 8.9257133e-001
 8.9260745e-001
 8.9267546e-001
 8.9282376e-001
 8.9303428e-001
 8.9325404e-001
 8.9339072e-001
 8.9347523e-001
 8.9353776e-001
 8.9360297e-001
 8.9366257e-001
 8.9375144e-001
 8.9385700e-001
 8.9394623e-001
 8.9402258e-001
 8.9413959e-001
 8.9430928e-001
 8.9448500e-001
 8.9463919e-001
 8.9473152e-001
 8.9476031e-001
 8.9482254e-001
 8.9490086e-001
 8.9501077e-001
 8.9516330e-001
 8.9528382e-001
 8.9539170e-001
 8.9549863e-001
 8.9560026e-001
 8.9565533e-001
 8.9572763e-001
 8.9585316e-001
 8.9598912e-001
 8.9608669e-001
 8.9615136e-001
 8.9620119e-001
 8.9621186e-001
 8.9626646e-001
 8.9635861e-001
 8.9643073e-001
 8.9652091e-001
 8.9661539e-001
 8.9670247e-001
 8.9678025e-001
 8.9685011e-001
 8.9691108e-001
 8.9696127e-001
 8.9699036e-001
 8.9704603e-001
 8.9713919e-001
 8.9725357e-001
 8.9732659e-001
 8.9736754e-001
 8.9740312e-001
 8.9746737e-001
 8.9751059e-001
 8.9756548e-001
 8.9764524e-001
 8.9772105e-001
 8.9776921e-001
 8.9780337e-001
 8.9784962e-001
 8.9793992e-001
 8.9803082e-001
 8.9810312e-001
 8.9815187e-001
 8.9818680e-001
 8.9820743e-001
 8.9823192e-001
 8.9828908e-001
 8.9836091e-001
 8.9843851e-001
 8.9851868e-001
 8.9860243e-001
 8.9869744e-001
 8.9877254e-001
 8.9880538e-001
 8.9881295e-001
 8.9884961e-001
 8.9890200e-001
 8.9893723e-001
 8.9896554e-001
 8.9899468e-001
 8.9902991e-001
 8.9907736e-001
 8.9917314e-001
 8.9927083e-001
 8.9934039e-001
 8.9937955e-001
 8.9937782e-001
 8.9933854e-001
 8.9928722e-001
 8.9928216e-001
 8.9931118e-001
 8.9934695e-001
 8.9937490e-001
 8.9944857e-001
 8.9954150e-001
 8.9961886e-001
 8.9965045e-001
 8.9966100e-001
 8.9961809e-001
 8.9954191e-001
 8.9949715e-001
 8.9952928e-001
 8.9962196e-001
 8.9972627e-001
 8.9977032e-001
 8.9978987e-001
 8.9979708e-001
 8.9979219e-001
 8.9975983e-001
 8.9976037e-001
 8.9979291e-001
 8.9982611e-001
 8.9980876e-001
 8.9978564e-001
 8.9978099e-001
 8.9979780e-001
 8.9980376e-001
 8.9981645e-001
 8.9983577e-001
 8.9984643e-001
 8.9983892e-001
 8.9985496e-001
 8.9990634e-001
 8.9996356e-001
 8.9996767e-001
 8.9998168e-001
 9.0003014e-001
 9.0004492e-001
 9.0005404e-001
 9.0006971e-001
 9.0008456e-001
 9.0005386e-001
 9.0004474e-001
 9.0006894e-001
 9.0011227e-001
 9.0014297e-001
 9.0018326e-001
 9.0022779e-001
 9.0026522e-001
 9.0030873e-001
 9.0037566e-001
 9.0045416e-001
 9.0051627e-001
 9.0057039e-001
 9.0060836e-001
 9.0063906e-001
 9.0068245e-001
 9.0070474e-001
 9.0071172e-001
 9.0070415e-001
 9.0067363e-001
 9.0066397e-001
 9.0068954e-001
 9.0074158e-001
 9.0078408e-001
 9.0078360e-001
 9.0074790e-001
 9.0070063e-001
 9.0066141e-001
 9.0064615e-001
 9.0063673e-001
 9.0061688e-001
 9.0060365e-001
 9.0060800e-001
 9.0061736e-001
 9.0061247e-001
 9.0058792e-001
 9.0058118e-001
 9.0059841e-001
 9.0063113e-001
 9.0068460e-001
 9.0074241e-001
 9.0079004e-001
 9.0081787e-001
 9.0082335e-001
 9.0085936e-001
 9.0092486e-001
 9.0098333e-001
 9.0105903e-001
 9.0111417e-001
 9.0115976e-001
 9.0123910e-001
 9.0129817e-001
 9.0132976e-001
 9.0134555e-001
 9.0136600e-001
 9.0134847e-001
 9.0136975e-001
 9.0142149e-001
 9.0139765e-001
 9.0137661e-001
 9.0133160e-001
 9.0125984e-001
 9.0120149e-001
 9.0108782e-001
 9.0095484e-001
 9.0082943e-001
 9.0069854e-001
 9.0051484e-001
 9.0032822e-001
 9.0016603e-001
 8.9999217e-001
 8.9979738e-001
 8.9959234e-001
 8.9937770e-001
 8.9913261e-001
 8.9897215e-001
 8.9889652e-001
 8.9884990e-001
 8.9873594e-001
 8.9869285e-001
 8.9873123e-001
 8.9879209e-001
 8.9876086e-001
 8.9874500e-001
 8.9872593e-001
 8.9864171e-001
 8.9841658e-001
 8.9820403e-001
 8.9807826e-001
 8.9802909e-001
 8.9795226e-001
 8.9809227e-001
 8.9847070e-001
 8.9904886e-001
 8.9979005e-001
 9.0074390e-001
 9.0185457e-001
 9.0295655e-001
 9.0377027e-001
 9.0439385e-001
 9.0492052e-001
 9.0535569e-001
 9.0556622e-001
 9.0584373e-001
 9.0605348e-001
 9.0614033e-001
 9.0630060e-001
 9.0646124e-001
 9.0659648e-001
 9.0670556e-001
 9.0680760e-001
 9.0690064e-001
 9.0700215e-001
 9.0713435e-001
 9.0730751e-001
 9.0736818e-001
 9.0751773e-001
 9.0775198e-001
 9.0781647e-001
 9.0794957e-001
 9.0801126e-001
 9.0805101e-001
 9.0827674e-001
 9.0834814e-001
 9.0848726e-001
 9.0833211e-001
 9.0837812e-001
 9.0841883e-001
 9.0845698e-001
 9.0849513e-001
 9.0853524e-001
 9.0857852e-001
 9.0862519e-001
 9.0867454e-001
 9.0872538e-001
 9.0877634e-001
 9.0882611e-001
 9.0887386e-001
 9.0891904e-001
 9.0896171e-001
 9.0900218e-001
 9.0904081e-001
 9.0907806e-001
 9.0911424e-001
 9.0914953e-001
 9.0918392e-001
 9.0921742e-001
 9.0924972e-001
 9.0928066e-001
 9.0931034e-001
 9.0933883e-001
 9.0936667e-001
 9.0939450e-001
 9.0942311e-001
 9.0945321e-001
 9.0948540e-001
 9.0951973e-001
 9.0955609e-001
 9.0959388e-001
 9.0963233e-001
 9.0967065e-001
 9.0970808e-001
 9.0974426e-001
 9.0977889e-001
 9.0981197e-001
 9.0984356e-001
 9.0987396e-001
 9.0990329e-001
 9.0993160e-001
 9.0995890e-001
 9.0998536e-001
 9.1001111e-001
 9.1003656e-001
 9.1006237e-001
 9.1008949e-001
 9.1011894e-001
 9.1015172e-001
 9.1018850e-001
 9.1022944e-001
 9.1027397e-001
 9.1032088e-001
 9.1036838e-001
 9.1041446e-001
 9.1045690e-001
 9.1049415e-001
 9.1052496e-001
 9.1054910e-001
 9.1056693e-001
 9.1057956e-001
 9.1058856e-001
 9.1059577e-001
 9.1060299e-001
 9.1061175e-001
 9.1062313e-001
 9.1063786e-001
 9.1065603e-001
 9.1067737e-001
 9.1070110e-001
 9.1072643e-001
 9.1075236e-001
 9.1077793e-001
 9.1080254e-001
 9.1082567e-001
 9.1084707e-001
 9.1086692e-001
 9.1088533e-001
 9.1090268e-001
 9.1091943e-001
 9.1093582e-001
 9.1095215e-001
 9.1096866e-001
 9.1098553e-001
 9.1100276e-001
 9.1102046e-001
 9.1103870e-001
 9.1105747e-001
 9.1107678e-001
 9.1109687e-001
 9.1111761e-001
 9.1113919e-001
 9.1116166e-001
 9.1118479e-001
 9.1120857e-001
 9.1123265e-001
 9.1125685e-001
 9.1128093e-001
 9.1130501e-001
 9.1132921e-001
 9.1135401e-001
 9.1137981e-001
 9.1140735e-001
 9.1143715e-001
 9.1146946e-001
 9.1150463e-001
 9.1154253e-001
 9.1158301e-001
 9.1162568e-001
 9.1167009e-001
 9.1171557e-001
 9.1176146e-001
 9.1180712e-001
 9.1185188e-001
 9.1189533e-001
 9.1193712e-001
 9.1197705e-001
 9.1201526e-001
 9.1205180e-001
 9.1208690e-001
 9.1212088e-001
 9.1215390e-001
 9.1218621e-001
 9.1221809e-001
 9.1224974e-001
 9.1228163e-001
 9.1231400e-001
 9.1234720e-001
 9.1238141e-001
 9.1241652e-001
 9.1245240e-001
 9.1248852e-001
 9.1252422e-001
 9.1255891e-001
 9.1259193e-001
 9.1262269e-001
 9.1265088e-001
 9.1267633e-001
 9.1269916e-001
 9.1271925e-001
 9.1273677e-001
 9.1275173e-001
 9.1276401e-001
 9.1277367e-001
 9.1278070e-001
 9.1278541e-001
 9.1278809e-001
 9.1278940e-001
 9.1279000e-001
 9.1279066e-001
 9.1279209e-001
 9.1279495e-001
 9.1279960e-001
 9.1280651e-001
 9.1281575e-001
 9.1282737e-001
 9.1284144e-001
 9.1285759e-001
 9.1287571e-001
 9.1289532e-001
 9.1291583e-001
 9.1293669e-001
 9.1295725e-001
 9.1297704e-001
 9.1299564e-001
 9.1301304e-001
 9.1302919e-001
 9.1304457e-001
 9.1305953e-001
 9.1307461e-001
 9.1309035e-001
 9.1310692e-001
 9.1312456e-001
 9.1314310e-001
 9.1316211e-001
 9.1318107e-001
 9.1319925e-001
 9.1321599e-001
 9.1323084e-001
 9.1324341e-001
 9.1325361e-001
 9.1326159e-001
 9.1326779e-001
 9.1327250e-001
 9.1327620e-001
 9.1327924e-001
 9.1328156e-001
 9.1328317e-001
 9.1328371e-001
 9.1328269e-001
 9.1327953e-001
 9.1327387e-001
 9.1326523e-001
 9.1325355e-001
 9.1323894e-001
 9.1322166e-001
 9.1320235e-001
 9.1318160e-001
 9.1316003e-001
 9.1313797e-001
 9.1311568e-001
 9.1309279e-001
 9.1306847e-001
 9.1304147e-001
 9.1301036e-001
 9.1297340e-001
 9.1292888e-001
 9.1287535e-001
 9.1281164e-001
 9.1273689e-001
 9.1265047e-001
 9.1255176e-001
 9.1244018e-001
 9.1231465e-001
 9.1217387e-001
 9.1201597e-001
 9.1183883e-001
 9.1164029e-001
 9.1141838e-001
 9.1117185e-001
 9.1090059e-001
 9.1060585e-001
 9.1029042e-001
 9.0995878e-001
 9.0961677e-001
 9.0927142e-001
 9.0893024e-001
 9.0860128e-001
 9.0829206e-001
 9.0801001e-001
 9.0776157e-001
 9.0755248e-001
 9.0738761e-001
 9.0727091e-001
 9.0720499e-001
 9.0719134e-001
 9.0722960e-001
 9.0731758e-001
 9.0745115e-001
 9.0762419e-001
 9.0782899e-001
 9.0805668e-001
 9.0829808e-001
 9.0854424e-001
 9.0878737e-001
 9.0902138e-001
 9.0924245e-001
 9.0944904e-001
 9.0964150e-001
 9.0982223e-001
 9.0999424e-001
 9.1016084e-001
 9.1032445e-001
 9.1048628e-001
 9.1064566e-001
 9.1080004e-001
 9.1094553e-001
 9.1107738e-001
 9.1119075e-001
 9.1128159e-001
 9.1134715e-001
 9.1138619e-001
 9.1139895e-001
 9.1138685e-001
 9.1135186e-001
 9.1129613e-001
 9.1122133e-001
 9.1112822e-001
 9.1101652e-001
 9.1088474e-001
 9.1073012e-001
 9.1054934e-001
 9.1033792e-001
 9.1009152e-001
 9.0980548e-001
 9.0947574e-001
 9.0909916e-001
 9.0867364e-001
 9.0819883e-001
 9.0767616e-001
 9.0710938e-001
 9.0650457e-001
 9.0586954e-001
 9.0521407e-001
 9.0454865e-001
 9.0388393e-001
 9.0322948e-001
 9.0259284e-001
 9.0197909e-001
 9.0139037e-001
 9.0082604e-001
 9.0028310e-001
 8.9975691e-001
 8.9924228e-001
 8.9873427e-001
 8.9822888e-001
 8.9772391e-001
 8.9721918e-001
 8.9671701e-001
 8.9622194e-001
 8.9573979e-001
 8.9527756e-001
 8.9484149e-001
 8.9443684e-001
 8.9406621e-001
 8.9372915e-001
 8.9342195e-001
 8.9313799e-001
 8.9286858e-001
 8.9260399e-001
 8.9233458e-001
 8.9205217e-001
 8.9175069e-001
 8.9142662e-001
 8.9107943e-001
 8.9071071e-001
 8.9032429e-001
 8.8992536e-001
 8.8951957e-001
 8.8911325e-001
 8.8871229e-001
 8.8832247e-001
 8.8794899e-001
 8.8759643e-001
 8.8726890e-001
 8.8696939e-001
 8.8669997e-001
 8.8646150e-001
 8.8625300e-001
 8.8607210e-001
 8.8591403e-001
 8.8577211e-001
 8.8563716e-001
 8.8549745e-001
 8.8533843e-001
 8.8514274e-001
 8.8488996e-001
 8.8455743e-001
 8.8412058e-001
 8.8355482e-001
 8.8283747e-001
 8.8195026e-001
 8.8088298e-001
 8.7963539e-001
 8.7822038e-001
 8.7666446e-001
 8.7500638e-001
 8.7329614e-001
 8.7158930e-001
 8.6994368e-001
 8.6841369e-001
 8.6704510e-001
 8.6587334e-001
 8.6492008e-001
 8.6419380e-001
 8.6368966e-001
 8.6339092e-001
 8.6327070e-001
 8.6329383e-001
 8.6341888e-001
 8.6360049e-001
 8.6379158e-001
 8.6394578e-001
 8.6401927e-001
 8.6397290e-001
 8.6377293e-001
 8.6339158e-001
 8.6280733e-001
 8.6200410e-001
 8.6097050e-001
 8.5969967e-001
 8.5818732e-001
 8.5643196e-001
 8.5443372e-001
 8.5219204e-001
 8.4970701e-001
 8.4697598e-001
 8.4399599e-001
 8.4076381e-001
 8.3727688e-001
 8.3353990e-001
 8.2956594e-001
 8.2538456e-001
 8.2104516e-001
 8.1661779e-001
 8.1219631e-001
 8.0789310e-001
 8.0383044e-001
 8.0013317e-001
 7.9691321e-001
 7.9426032e-001
 7.9223102e-001
 7.9084253e-001
 7.9007339e-001
 7.8986651e-001
 7.9013729e-001
 7.9078299e-001
 7.9169208e-001
 7.9275042e-001
 7.9384726e-001
 7.9487777e-001
 7.9574794e-001
 7.9638207e-001
 7.9673386e-001
 7.9680175e-001
 7.9664427e-001
 7.9639059e-001
 7.9624069e-001
 7.9645085e-001
 7.9730409e-001
 7.9906821e-001
 8.0194992e-001
 8.0605674e-001
 8.1137055e-001
 8.1774569e-001
 8.2493132e-001
 8.3260375e-001
 8.4041941e-001
 8.4805471e-001
 8.5524458e-001
 8.6180639e-001
 8.6763865e-001
 8.7271839e-001
 8.7707883e-001
 8.8079077e-001
 8.8394397e-001
 8.8662922e-001
 8.8893098e-001
 8.9092010e-001
 8.9265370e-001
 8.9417666e-001
 8.9552277e-001
 8.9671826e-001
 8.9778322e-001
 8.9873397e-001
 8.9958441e-001
 9.0034652e-001
 9.0103120e-001
 9.0164888e-001
 9.0220952e-001
 9.0272284e-001
 9.0319824e-001
 9.0364474e-001
 9.0407079e-001
 9.0448368e-001
 9.0488946e-001
 9.0529233e-001
 9.0569466e-001
 9.0609711e-001
 9.0649843e-001
 9.0689635e-001
 9.0728766e-001
 9.0766865e-001
 9.0803623e-001
 9.0838748e-001
 9.0872067e-001
 9.0903485e-001
 9.0933007e-001
 9.0960765e-001
 9.0986943e-001
 9.1011822e-001
 9.1035706e-001
 9.1058934e-001
 9.1081834e-001
 9.1104692e-001
 9.1127735e-001
 9.1151124e-001
 9.1174912e-001
 9.1199070e-001
 9.1223478e-001
 9.1247934e-001
 9.1272193e-001
 9.1295981e-001
 9.1319025e-001
 9.1341102e-001
 9.1362053e-001
 9.1381806e-001
 9.1400403e-001
 9.1417968e-001
 9.1434717e-001
 9.1450900e-001
 9.1466767e-001
 9.1482532e-001
 9.1498351e-001
 9.1514277e-001
 9.1530263e-001
 9.1546184e-001
 9.1561836e-001
 9.1576999e-001
 9.1591448e-001
 9.1604990e-001
 9.1617525e-001
 9.1629004e-001
 9.1639495e-001
 9.1649133e-001
 9.1658127e-001
 9.1666734e-001
 9.1675210e-001
 9.1683799e-001
 9.1692674e-001
 9.1701949e-001
 9.1711622e-001
 9.1721630e-001
 9.1731817e-001
 9.1742021e-001
 9.1752064e-001
 9.1761822e-001
 9.1771221e-001
 9.1780263e-001
 9.1789001e-001
 9.1797537e-001
 9.1805959e-001
 9.1814363e-001
 9.1822821e-001
 9.1831368e-001
 9.1840035e-001
 9.1848832e-001
 9.1857761e-001
 9.1866821e-001
 9.1876018e-001
 9.1885316e-001
 9.1894680e-001
 9.1904038e-001
 9.1913289e-001
 9.1922307e-001
 9.1930979e-001
 9.1939181e-001
 9.1946793e-001
 9.1953743e-001
 9.1959965e-001
 9.1965449e-001
 9.1970199e-001
 9.1974288e-001
 9.1977805e-001
 9.1980880e-001
 9.1983676e-001
 9.1986370e-001
 9.1989148e-001
 9.1992170e-001
 9.1995579e-001
 9.1999471e-001
 9.2003900e-001
 9.2008835e-001
 9.2014205e-001
 9.2019862e-001
 9.2025608e-001
 9.2031199e-001
 9.2036414e-001
 9.2041022e-001
 9.2044860e-001
 9.2047834e-001
 9.2049921e-001
 9.2051178e-001
 9.2051744e-001
 9.2051792e-001
 9.2051536e-001
 9.2051190e-001
 9.2050976e-001
 9.2051077e-001
 9.2051661e-001
 9.2052835e-001
 9.2054707e-001
 9.2057312e-001
 9.2060667e-001
 9.2064756e-001
 9.2069530e-001
 9.2074919e-001
 9.2080855e-001
 9.2087263e-001
 9.2094100e-001
 9.2101336e-001
 9.2108983e-001
 9.2117053e-001
 9.2125583e-001
 9.2134589e-001
 9.2144090e-001
 9.2154068e-001
 9.2164481e-001
 9.2175275e-001
 9.2186368e-001
 9.2197663e-001
 9.2209041e-001
 9.2220366e-001
 9.2231488e-001
 9.2242259e-001
 9.2252511e-001
 9.2262095e-001
 9.2270881e-001
 9.2278767e-001
 9.2285681e-001
 9.2291600e-001
 9.2296547e-001
 9.2300600e-001
 9.2303878e-001
 9.2306519e-001
 9.2308694e-001
 9.2310578e-001
 9.2312342e-001
 9.2314136e-001
 9.2316085e-001
 9.2318285e-001
 9.2320812e-001
 9.2323714e-001
 9.2327034e-001
 9.2330778e-001
 9.2334932e-001
 9.2339474e-001
 9.2344314e-001
 9.2349339e-001
 9.2354381e-001
 9.2359239e-001
 9.2363679e-001
 9.2367464e-001
 9.2370361e-001
 9.2372191e-001
 9.2372841e-001
 9.2372262e-001
 9.2370486e-001
 9.2367631e-001
 9.2363858e-001
 9.2359376e-001
 9.2354405e-001
 9.2349160e-001
 9.2343825e-001
 9.2338550e-001
 9.2333418e-001
 9.2328483e-001
 9.2323738e-001
 9.2319161e-001
 9.2314696e-001
 9.2310297e-001
 9.2305917e-001
 9.2301536e-001
 9.2297143e-001
 9.2292786e-001
 9.2288524e-001
 9.2284459e-001
 9.2280704e-001
 9.2277372e-001
 9.2274565e-001
 9.2272347e-001
 9.2270738e-001
 9.2269701e-001
 9.2269152e-001
 9.2268980e-001
 9.2269045e-001
 9.2269236e-001
 9.2269433e-001
 9.2269576e-001
 9.2269635e-001
 9.2269629e-001
 9.2269617e-001
 9.2269665e-001
 9.2269862e-001
 9.2270267e-001
 9.2270923e-001
 9.2271829e-001
 9.2272925e-001
 9.2274123e-001
 9.2275280e-001
 9.2276222e-001
 9.2276788e-001
 9.2276800e-001
 9.2276120e-001
 9.2274660e-001
 9.2272383e-001
 9.2269307e-001
 9.2265528e-001
 9.2261195e-001
 9.2256469e-001
 9.2251545e-001
 9.2246586e-001
 9.2241716e-001
 9.2237020e-001
 9.2232519e-001
 9.2228210e-001
 9.2224050e-001
 9.2220002e-001
 9.2216027e-001
 9.2212111e-001
 9.2208219e-001
 9.2204332e-001
 9.2200422e-001
 9.2196417e-001
 9.2192245e-001
 9.2187804e-001
 9.2182994e-001
 9.2177731e-001
 9.2171973e-001
 9.2165715e-001
 9.2158991e-001
 9.2151886e-001
 9.2144489e-001
 9.2136884e-001
 9.2129123e-001
 9.2121220e-001
 9.2113107e-001
 9.2104703e-001
 9.2095876e-001
 9.2086512e-001
 9.2076522e-001
 9.2065865e-001
 9.2054570e-001
 9.2042696e-001
 9.2030340e-001
 9.2017567e-001
 9.2004406e-001
 9.1990846e-001
 9.1976780e-001
 9.1962069e-001
 9.1946548e-001
 9.1930085e-001
 9.1912580e-001
 9.1894037e-001
 9.1874546e-001
 9.1854292e-001
 9.1833544e-001
 9.1812605e-001
 9.1791809e-001
 9.1771472e-001
 9.1751868e-001
 9.1733199e-001
 9.1715574e-001
 9.1699016e-001
 9.1683471e-001
 9.1668802e-001
 9.1654861e-001
 9.1641474e-001
 9.1628498e-001
 9.1615808e-001
 9.1603315e-001
 9.1590935e-001
 9.1578579e-001
 9.1566139e-001
 9.1553479e-001
 9.1540450e-001
 9.1526896e-001
 9.1512656e-001
 9.1497612e-001
 9.1481644e-001
 9.1464669e-001
 9.1446638e-001
 9.1427517e-001
 9.1407347e-001
 9.1386193e-001
 9.1364229e-001
 9.1341668e-001
 9.1318834e-001
 9.1296065e-001
 9.1273719e-001
 9.1252148e-001
 9.1231662e-001
 9.1212493e-001
 9.1194838e-001
 9.1178811e-001
 9.1164500e-001
 9.1151935e-001
 9.1141117e-001
 9.1131973e-001
 9.1124344e-001
 9.1117954e-001
 9.1112405e-001
 9.1107148e-001
 9.1101563e-001
 9.1094971e-001
 9.1086715e-001
 9.1076225e-001
 9.1063064e-001
 9.1046959e-001
 9.1027808e-001
 9.1005683e-001
 9.0980780e-001
 9.0953374e-001
 9.0923798e-001
 9.0892386e-001
 9.0859449e-001
 9.0825236e-001
 9.0789944e-001
 9.0753734e-001
 9.0716738e-001
 9.0679139e-001
 9.0641147e-001
 9.0603071e-001
 9.0565306e-001
 9.0528303e-001
 9.0492564e-001
 9.0458566e-001
 9.0426725e-001
 9.0397358e-001
 9.0370679e-001
 9.0346766e-001
 9.0325606e-001
 9.0307099e-001
 9.0291083e-001
 9.0277314e-001
 9.0265465e-001
 9.0255105e-001
 9.0245533e-001
 9.0236706e-001
 9.0227336e-001
 9.0216577e-001
 9.0203631e-001
 9.0187836e-001
 9.0168774e-001
 9.0146273e-001
 9.0120429e-001
 9.0091622e-001
 9.0060478e-001
 9.0027833e-001
 8.9994723e-001
 8.9962286e-001
 8.9931732e-001
 8.9904249e-001
 8.9880908e-001
 8.9862597e-001
 8.9849943e-001
 8.9843273e-001
 8.9842600e-001
 8.9847618e-001
 8.9857733e-001
 8.9872098e-001
 8.9889663e-001
 8.9909214e-001
 8.9929467e-001
 8.9949095e-001
 8.9966774e-001
 8.9981276e-001
 8.9991456e-001
 8.9996356e-001
 8.9995235e-001
 8.9987659e-001
 8.9973581e-001
 8.9953446e-001
 8.9928234e-001
 8.9899528e-001
 8.9869452e-001
 8.9840519e-001
 8.9815450e-001
 8.9796847e-001
 8.9786929e-001
 8.9787215e-001
 8.9798355e-001
 8.9820015e-001
 8.9850968e-001
 8.9889234e-001
 8.9932311e-001
 8.9977479e-001
 9.0022016e-001
 9.0063429e-001
 9.0099525e-001
 9.0128517e-001
 9.0149009e-001
 9.0159947e-001
 9.0160596e-001
 9.0150511e-001
 9.0129477e-001
 9.0097511e-001
 9.0054834e-001
 9.0001833e-001
 8.9939076e-001
 8.9867288e-001
 8.9787322e-001
 8.9700228e-001
 8.9607286e-001
 8.9509988e-001
 8.9410174e-001
 8.9309931e-001
 8.9211631e-001
 8.9117819e-001
 8.9030999e-001
 8.8953561e-001
 8.8887483e-001
 8.8834262e-001
 8.8794690e-001
 8.8768834e-001
 8.8756007e-001
 8.8754803e-001
 8.8763225e-001
 8.8778794e-001
 8.8798743e-001
 8.8820183e-001
 8.8840294e-001
 8.8856477e-001
 8.8866484e-001
 8.8868517e-001
 8.8861251e-001
 8.8843817e-001
 8.8815773e-001
 8.8777059e-001
 8.8727933e-001
 8.8668942e-001
 8.8600874e-001
 8.8524723e-001
 8.8441712e-001
 8.8353193e-001
 8.8260669e-001
 8.8165724e-001
 8.8069928e-001
 8.7974823e-001
 8.7881792e-001
 8.7792099e-001
 8.7706786e-001
 8.7626708e-001
 8.7552559e-001
 8.7484860e-001
 8.7424040e-001
 8.7370420e-001
 8.7324208e-001
 8.7285531e-001
 8.7254381e-001
 8.7230605e-001
 8.7213898e-001
 8.7203777e-001
 8.7199581e-001
 8.7200475e-001
 8.7205493e-001
 8.7213570e-001
 8.7223595e-001
 8.7234521e-001
 8.7245399e-001
 8.7255472e-001
 8.7264210e-001
 8.7271315e-001
 8.7276679e-001
 8.7280375e-001
 8.7282604e-001
 8.7283605e-001
 8.7283683e-001
 8.7283117e-001
 8.7282211e-001
 8.7281239e-001
 8.7280476e-001
 8.7280160e-001
 8.7280506e-001
 8.7281668e-001
 8.7283742e-001
 8.7286747e-001
 8.7290621e-001
 8.7295222e-001
 8.7300354e-001
 8.7305760e-001
 8.7311184e-001
 8.7316364e-001
 8.7321043e-001
 8.7324983e-001
 8.7327981e-001
 8.7329853e-001
 8.7330449e-001
 8.7329650e-001
 8.7327403e-001
 8.7323713e-001
 8.7318629e-001
 8.7312263e-001
 8.7304783e-001
 8.7296373e-001
 8.7287253e-001
 8.7277687e-001
 8.7267935e-001
 8.7258279e-001
 8.7248975e-001
 8.7240231e-001
 8.7232161e-001
 8.7224787e-001
 8.7217993e-001
 8.7211585e-001
 8.7205285e-001
 8.7198824e-001
 8.7191969e-001
 8.7184572e-001
 8.7176567e-001
 8.7167948e-001
 8.7158716e-001
 8.7148827e-001
 8.7138146e-001
 8.7126416e-001
 8.7113285e-001
 8.7098312e-001
 8.7081063e-001
 8.7061125e-001
 8.7038195e-001
 8.7012082e-001
 8.6982727e-001
 8.6950213e-001
 8.6914784e-001
 8.6876887e-001
 8.6837196e-001
 8.6796647e-001
 8.6756498e-001
 8.6718315e-001
 8.6683899e-001
 8.6655211e-001
 8.6634183e-001
 8.6622560e-001
 8.6621702e-001
 8.6632431e-001
 8.6654931e-001
 8.6688733e-001
 8.6732727e-001
 8.6785328e-001
 8.6844558e-001
 8.6908275e-001
 8.6974335e-001
 8.7040675e-001
 8.7105501e-001
 8.7167293e-001
 8.7224871e-001
 8.7277329e-001
 8.7324119e-001
 8.7364972e-001
 8.7399876e-001
 8.7429088e-001
 8.7453091e-001
 8.7472540e-001
 8.7488264e-001
 8.7501150e-001
 8.7512124e-001
 8.7522006e-001
 8.7531501e-001
 8.7541109e-001
 8.7551093e-001
 8.7561494e-001
 8.7572157e-001
 8.7582773e-001
 8.7592971e-001
 8.7602365e-001
 8.7610626e-001
 8.7617534e-001
 8.7622976e-001
 8.7626952e-001
 8.7629545e-001
 8.7630880e-001
 8.7631083e-001
 8.7630254e-001
 8.7628484e-001
 8.7625843e-001
 8.7622416e-001
 8.7618321e-001
 8.7613744e-001
 8.7608898e-001
 8.7604046e-001
 8.7599432e-001
 8.7595248e-001
 8.7591588e-001
 8.7588394e-001
 8.7585461e-001
 8.7582392e-001
 8.7578642e-001
 8.7573528e-001
 8.7566322e-001
 8.7556320e-001
 8.7542897e-001
 8.7525624e-001
 8.7504262e-001
 8.7478787e-001
 8.7449318e-001
 8.7416059e-001
 8.7379223e-001
 8.7338936e-001
 8.7295270e-001
 8.7248200e-001
 8.7197703e-001
 8.7143809e-001
 8.7086749e-001
 8.7026912e-001
 8.6964947e-001
 8.6901724e-001
 8.6838180e-001
 8.6775213e-001
 8.6713582e-001
 8.6653674e-001
 8.6595446e-001
 8.6538392e-001
 8.6481631e-001
 8.6423993e-001
 8.6364245e-001
 8.6301363e-001
 8.6234677e-001
 8.6164081e-001
 8.6090159e-001
 8.6014074e-001
 8.5937476e-001
 8.5862362e-001
 8.5790712e-001
 8.5724294e-001
 8.5664397e-001
 8.5611767e-001
 8.5566419e-001
 8.5527766e-001
 8.5494709e-001
 8.5465783e-001
 8.5439324e-001
 8.5413659e-001
 8.5387135e-001
 8.5358179e-001
 8.5325259e-001
 8.5286868e-001
 8.5241431e-001
 8.5187376e-001
 8.5123217e-001
 8.5047716e-001
 8.4960121e-001
 8.4860486e-001
 8.4749752e-001
 8.4629881e-001
 8.4503895e-001
 8.4375435e-001
 8.4248483e-001
 8.4126830e-001
 8.4013700e-001
 8.3911192e-001
 8.3820146e-001
 8.3740193e-001
 8.3669794e-001
 8.3606678e-001
 8.3548248e-001
 8.3491921e-001
 8.3435506e-001
 8.3377326e-001
 8.3316302e-001
 8.3251780e-001
 8.3183306e-001
 8.3110470e-001
 8.3032596e-001
 8.2948631e-001
 8.2857186e-001
 8.2756466e-001
 8.2644433e-001
 8.2519025e-001
 8.2378143e-001
 8.2219815e-001
 8.2042199e-001
 8.1843770e-001
 8.1623083e-001
 8.1378919e-001
 8.1110519e-001
 8.0817330e-001
 8.0499268e-001
 8.0157107e-001
 7.9792172e-001
 7.9406756e-001
 7.9004031e-001
 7.8588420e-001
 7.8164876e-001
 7.7738935e-001
 7.7316654e-001
 7.6903665e-001
 7.6505107e-001
 7.6125640e-001
 7.5768775e-001
 7.5437176e-001
 7.5133014e-001
 7.4857670e-001
 7.4612242e-001
 7.4397564e-001
 7.4214441e-001
 7.4063277e-001
 7.3944175e-001
 7.3856843e-001
 7.3800308e-001
 7.3772985e-001
 7.3772669e-001
 7.3796612e-001
 7.3841709e-001
 7.3904639e-001
 7.3981971e-001
 7.4070370e-001
 7.4166638e-001
 7.4267638e-001
 7.4370474e-001
 7.4472332e-001
 7.4570411e-001
 7.4661982e-001
 7.4744278e-001
 7.4814451e-001
 7.4869722e-001
 7.4907398e-001
 7.4925035e-001
 7.4920630e-001
 7.4892867e-001
 7.4841249e-001
 7.4766332e-001
 7.4669707e-001
 7.4553943e-001
 7.4422514e-001
 7.4279302e-001
 7.4128240e-001
 7.3972696e-001
 7.3815054e-001
 7.3655939e-001
 7.3493910e-001
 7.3325413e-001
 7.3144680e-001
 7.2944391e-001
 7.2716820e-001
 7.2454935e-001
 7.2154289e-001
 7.1814674e-001
 7.1442008e-001
 7.1048951e-001
 7.0655262e-001
 7.0287210e-001
 6.9974869e-001
 6.9749355e-001
 6.9639218e-001
 6.9666362e-001
 6.9843286e-001
 7.0170945e-001
 7.0638740e-001
 7.1225697e-001
 7.1903372e-001
 7.2638613e-001
 7.3398256e-001
 7.4151874e-001
 7.4873596e-001
 7.5544500e-001
 7.6152295e-001
 7.6690364e-001
 7.7157515e-001
 7.7556044e-001
 7.7890640e-001
 7.8166962e-001
 7.8391290e-001
 7.8569680e-001
 7.8707623e-001
 7.8810179e-001
 7.8881860e-001
 7.8926665e-001
 7.8948295e-001
 7.8950143e-001
 7.8935409e-001
 7.8907090e-001
 7.8868049e-001
 7.8820974e-001
 7.8768420e-001
 7.8712720e-001
 7.8655964e-001
 7.8599948e-001
 7.8546047e-001
 7.8495204e-001
 7.8447902e-001
 7.8404135e-001
 7.8363472e-001
 7.8325140e-001
 7.8288126e-001
 7.8251255e-001
 7.8213274e-001
 7.8172982e-001
 7.8129226e-001
 7.8080994e-001
 7.8027517e-001
 7.7968222e-001
 7.7902794e-001
 7.7831233e-001
 7.7753693e-001
 7.7670515e-001
 7.7582085e-001
 7.7488875e-001
 7.7391207e-001
 7.7289307e-001
 7.7183312e-001
 7.7073151e-001
 7.6958585e-001
 7.6839352e-001
 7.6715058e-001
 7.6585335e-001
 7.6449901e-001
 7.6308745e-001
 7.6161999e-001
 7.6010031e-001
 7.5853503e-001
 7.5693119e-001
 7.5529635e-001
 7.5363910e-001
 7.5196695e-001
 7.5028718e-001
 7.4860847e-001
 7.4693918e-001
 7.4528867e-001
 7.4366689e-001
 7.4208528e-001
 7.4055386e-001
 7.3908174e-001
 7.3767710e-001
 7.3634464e-001
 7.3508620e-001
 7.3390138e-001
 7.3278600e-001
 7.3173350e-001
 7.3073524e-001
 7.2978163e-001
 7.2886145e-001
 7.2796285e-001
 7.2707462e-001
 7.2618502e-001
 7.2528285e-001
 7.2435892e-001
 7.2340506e-001
 7.2241563e-001
 7.2138870e-001
 7.2032505e-001
 7.1922958e-001
 7.1811032e-001
 7.1697915e-001
 7.1584880e-001
 7.1473229e-001
 7.1364170e-001
 7.1258545e-001
 7.1156722e-001
 7.1058679e-001
 7.0963824e-001
 7.0871228e-001
 7.0779723e-001
 7.0688128e-001
 7.0595306e-001
 7.0500296e-001
 7.0402497e-001
 7.0301533e-001
 7.0197362e-001
 7.0090312e-001
 6.9980937e-001
 6.9870079e-001
 6.9758743e-001
 6.9648165e-001
 6.9539553e-001
 6.9434071e-001
 6.9332862e-001
 6.9236821e-001
 6.9146657e-001
 6.9062942e-001
 6.8985987e-001
 6.8915993e-001
 6.8853116e-001
 6.8797493e-001
 6.8749380e-001
 6.8709224e-001
 6.8677753e-001
 6.8655920e-001
 6.8644953e-001
 6.8646210e-001
 6.8661112e-001
 6.8690991e-001
 6.8736953e-001
 6.8799800e-001
 6.8879956e-001
 6.8977457e-001
 6.9091856e-001
 6.9222438e-001
 6.9368196e-001
 6.9527781e-001
 6.9699782e-001
 6.9882661e-001
 7.0074636e-001
 7.0273912e-001
 7.0478553e-001
 7.0686299e-001
 7.0894802e-001
 7.1101463e-001
 7.1303535e-001
 7.1497965e-001
 7.1681768e-001
 7.1851969e-001
 7.2005564e-001
 7.2139907e-001
 7.2252637e-001
 7.2341770e-001
 7.2405970e-001
 7.2444606e-001
 7.2457904e-001
 7.2447085e-001
 7.2414422e-001
 7.2363192e-001
 7.2297609e-001
 7.2222495e-001
 7.2143042e-001
 7.2064489e-001
 7.1991718e-001
 7.1929038e-001
 7.1880001e-001
 7.1847183e-001
 7.1832180e-001
 7.1835566e-001
 7.1856940e-001
 7.1895057e-001
 7.1948010e-001
 7.2013432e-001
 7.2088784e-001
 7.2171581e-001
 7.2259450e-001
 7.2350323e-001
 7.2442347e-001
 7.2533894e-001
 7.2623420e-001
 7.2709554e-001
 7.2791058e-001
 7.2866774e-001
 7.2935766e-001
 7.2997260e-001
 7.3050594e-001
 7.3095244e-001
 7.3130751e-001
 7.3156691e-001
 7.3172694e-001
 7.3178476e-001
 7.3173910e-001
 7.3159075e-001
 7.3134321e-001
 7.3100275e-001
 7.3057824e-001
 7.3007995e-001
 7.2951818e-001
 7.2890234e-001
 7.2823870e-001
 7.2753012e-001
 7.2677541e-001
 7.2597086e-001
 7.2511035e-001
 7.2418749e-001
 7.2319764e-001
 7.2213775e-001
 7.2100723e-001
 7.1980882e-001
 7.1854657e-001
 7.1722627e-001
 7.1585590e-001
 7.1444333e-001
 7.1299720e-001
 7.1152526e-001
 7.1003520e-001
 7.0853174e-001
 7.0701760e-001
 7.0549488e-001
 7.0396382e-001
 7.0242482e-001
 7.0088077e-001
 6.9933516e-001
 6.9779408e-001
 6.9626504e-001
 6.9475776e-001
 6.9328153e-001
 6.9184536e-001
 6.9045806e-001
 6.8912524e-001
 6.8784934e-001
 6.8662930e-001
 6.8545836e-001
 6.8432552e-001
 6.8321604e-001
 6.8211484e-001
 6.8100703e-001
 6.7988133e-001
 6.7873198e-001
 6.7755735e-001
 6.7635971e-001
 6.7514461e-001
 6.7391688e-001
 6.7268050e-001
 6.7143780e-001
 6.7018789e-001
 6.6892731e-001
 6.6765052e-001
 6.6635120e-001
 6.6502166e-001
 6.6365480e-001
 6.6224581e-001
 6.6079122e-001
 6.5929008e-001
 6.5774512e-001
 6.5616000e-001
 6.5453994e-001
 6.5289009e-001
 6.5121645e-001
 6.4952320e-001
 6.4781421e-001
 6.4609486e-001
 6.4437008e-001
 6.4264625e-001
 6.4093280e-001
 6.3923985e-001
 6.3757926e-001
 6.3596606e-001
 6.3441503e-001
 6.3294202e-001
 6.3156229e-001
 6.3029033e-001
 6.2913698e-001
 6.2810951e-001
 6.2721199e-001
 6.2644315e-001
 6.2579799e-001
 6.2526828e-001
 6.2484264e-001
 6.2450808e-001
 6.2425065e-001
 6.2405676e-001
 6.2391359e-001
 6.2380993e-001
-1.2300000e+034
