s07_ASD Record=13526: Kaolin/Smect KLF511 .12Kaol   BECKb AREF
 1.2742543e-001
 1.2879872e-001
 1.3015275e-001
 1.3147694e-001
 1.3275683e-001
 1.3397913e-001
 1.3513711e-001
 1.3623253e-001
 1.3727480e-001
 1.3827695e-001
 1.3925119e-001
 1.4020602e-001
 1.4114618e-001
 1.4207375e-001
 1.4299105e-001
 1.4390431e-001
 1.4482524e-001
 1.4576963e-001
 1.4675404e-001
 1.4779277e-001
 1.4889604e-001
 1.5006974e-001
 1.5131709e-001
 1.5263976e-001
 1.5403935e-001
 1.5551692e-001
 1.5707189e-001
 1.5870173e-001
 1.6040270e-001
 1.6217114e-001
 1.6400112e-001
 1.6588435e-001
 1.6781117e-001
 1.6977251e-001
 1.7175920e-001
 1.7376356e-001
 1.7578180e-001
 1.7781304e-001
 1.7985806e-001
 1.8191715e-001
 1.8398920e-001
 1.8607038e-001
 1.8815392e-001
 1.9023150e-001
 1.9229482e-001
 1.9433844e-001
 1.9636077e-001
 1.9836423e-001
 2.0035259e-001
 2.0232795e-001
 2.0428783e-001
 2.0622508e-001
 2.0813152e-001
 2.1000259e-001
 2.1184163e-001
 2.1366028e-001
 2.1547654e-001
 2.1730684e-001
 2.1915895e-001
 2.2103040e-001
 2.2289556e-001
 2.2473197e-001
 2.2653289e-001
 2.2829132e-001
 2.3000592e-001
 2.3169325e-001
 2.3337242e-001
 2.3505786e-001
 2.3676166e-001
 2.3849210e-001
 2.4025023e-001
 2.4202913e-001
 2.4382009e-001
 2.4562152e-001
 2.4744178e-001
 2.4929482e-001
 2.5119105e-001
 2.5313374e-001
 2.5512400e-001
 2.5717011e-001
 2.5929093e-001
 2.6150647e-001
 2.6382160e-001
 2.6621267e-001
 2.6862970e-001
 2.7101281e-001
 2.7331445e-001
 2.7551594e-001
 2.7762863e-001
 2.7968130e-001
 2.8170016e-001
 2.8369507e-001
 2.8565878e-001
 2.8758073e-001
 2.8946379e-001
 2.9133144e-001
 2.9322019e-001
 2.9515886e-001
 2.9715076e-001
 2.9917127e-001
 3.0118099e-001
 3.0314326e-001
 3.0503577e-001
 3.0685353e-001
 3.0860582e-001
 3.1031060e-001
 3.1198427e-001
 3.1363133e-001
 3.1523517e-001
 3.1675658e-001
 3.1814751e-001
 3.1937695e-001
 3.2045376e-001
 3.2142642e-001
 3.2235613e-001
 3.2328400e-001
 3.2421738e-001
 3.2514298e-001
 3.2605034e-001
 3.2694718e-001
 3.2785755e-001
 3.2880673e-001
 3.2980314e-001
 3.3083192e-001
 3.3186755e-001
 3.3289415e-001
 3.3391631e-001
 3.3495253e-001
 3.3602259e-001
 3.3713832e-001
 3.3830145e-001
 3.3950758e-001
 3.4075534e-001
 3.4205317e-001
 3.4341115e-001
 3.4482384e-001
 3.4626597e-001
 3.4771642e-001
 3.4918734e-001
 3.5071900e-001
 3.5233688e-001
 3.5401934e-001
 3.5572004e-001
 3.5741836e-001
 3.5913733e-001
 3.6091453e-001
 3.6277196e-001
 3.6471799e-001
 3.6675864e-001
 3.6889151e-001
 3.7108970e-001
 3.7330627e-001
 3.7549973e-001
 3.7765452e-001
 3.7977627e-001
 3.8187677e-001
 3.8396943e-001
 3.8607821e-001
 3.8823900e-001
 3.9048755e-001
 3.9284277e-001
 3.9529860e-001
 3.9782590e-001
 4.0038320e-001
 4.0293518e-001
 4.0546134e-001
 4.0794796e-001
 4.1037995e-001
 4.1275290e-001
 4.1509491e-001
 4.1746292e-001
 4.1990972e-001
 4.2244938e-001
 4.2504856e-001
 4.2764488e-001
 4.3019199e-001
 4.3270794e-001
 4.3527535e-001
 4.3797314e-001
 4.4079766e-001
 4.4366044e-001
 4.4645932e-001
 4.4913977e-001
 4.5170429e-001
 4.5419702e-001
 4.5669553e-001
 4.5928904e-001
 4.6202606e-001
 4.6486345e-001
 4.6768329e-001
 4.7037721e-001
 4.7290811e-001
 4.7529054e-001
 4.7755709e-001
 4.7978869e-001
 4.8211968e-001
 4.8461369e-001
 4.8713624e-001
 4.8944426e-001
 4.9143034e-001
 4.9323016e-001
 4.9508074e-001
 4.9711081e-001
 4.9927145e-001
 5.0142699e-001
 5.0348902e-001
 5.0547874e-001
 5.0747848e-001
 5.0953048e-001
 5.1158607e-001
 5.1355743e-001
 5.1540446e-001
 5.1715171e-001
 5.1882988e-001
 5.2042770e-001
 5.2191091e-001
 5.2327698e-001
 5.2458721e-001
 5.2594107e-001
 5.2740061e-001
 5.2892166e-001
 5.3036326e-001
 5.3159261e-001
 5.3258908e-001
 5.3343993e-001
 5.3425139e-001
 5.3508770e-001
 5.3596950e-001
 5.3688371e-001
 5.3780133e-001
 5.3872466e-001
 5.3971291e-001
 5.4081637e-001
 5.4198366e-001
 5.4307425e-001
 5.4396856e-001
 5.4465061e-001
 5.4519480e-001
 5.4570210e-001
 5.4624456e-001
 5.4684627e-001
 5.4750729e-001
 5.4824358e-001
 5.4907101e-001
 5.4991603e-001
 5.5058783e-001
 5.5093235e-001
 5.5101901e-001
 5.5110961e-001
 5.5141401e-001
 5.5191684e-001
 5.5246693e-001
 5.5298793e-001
 5.5355549e-001
 5.5425858e-001
 5.5502677e-001
 5.5566478e-001
 5.5604619e-001
 5.5622119e-001
 5.5634767e-001
 5.5657756e-001
 5.5698925e-001
 5.5755472e-001
 5.5816901e-001
 5.5874050e-001
 5.5923259e-001
 5.5961591e-001
 5.5983752e-001
 5.5988872e-001
 5.5989307e-001
 5.6006068e-001
 5.6050926e-001
 5.6117535e-001
 5.6192303e-001
 5.6262714e-001
 5.6315809e-001
 5.6348568e-001
 5.6376398e-001
 5.6412488e-001
 5.6451339e-001
 5.6486595e-001
 5.6526864e-001
 5.6582344e-001
 5.6645840e-001
 5.6699967e-001
 5.6740010e-001
 5.6779110e-001
 5.6830353e-001
 5.6891227e-001
 5.6949067e-001
 5.6997049e-001
 5.7041430e-001
 5.7092017e-001
 5.7147312e-001
 5.7197040e-001
 5.7241160e-001
 5.7295650e-001
 5.7373697e-001
 5.7467955e-001
 5.7555062e-001
 5.7614660e-001
 5.7644796e-001
 5.7661337e-001
 5.7684326e-001
 5.7726228e-001
 5.7789302e-001
 5.7866067e-001
 5.7941163e-001
 5.8002150e-001
 5.8053726e-001
 5.8114296e-001
 5.8194441e-001
 5.8286548e-001
 5.8377314e-001
 5.8460033e-001
 5.8532608e-001
 5.8594394e-001
 5.8649594e-001
 5.8707553e-001
 5.8774728e-001
 5.8847004e-001
 5.8914804e-001
 5.8974034e-001
 5.9028387e-001
 5.9083855e-001
 5.9144223e-001
 5.9210199e-001
 5.9280264e-001
 5.9351617e-001
 5.9421402e-001
 5.9488308e-001
 5.9553707e-001
 5.9620923e-001
 5.9693384e-001
 5.9773129e-001
 5.9860545e-001
 5.9954542e-001
 6.0052568e-001
 6.0150224e-001
 6.0240436e-001
 6.0313934e-001
 6.0363716e-001
 6.0393512e-001
 6.0422301e-001
 6.0475487e-001
 6.0565001e-001
 6.0676104e-001
 6.0776722e-001
 6.0841560e-001
 6.0869092e-001
 6.0880399e-001
 6.0906029e-001
 6.0970855e-001
 6.1073571e-001
 6.1177868e-001
 6.1253881e-001
 6.1306667e-001
 6.1361796e-001
 6.1435235e-001
 6.1518329e-001
 6.1589235e-001
 6.1643350e-001
 6.1703998e-001
 6.1787289e-001
 6.1873287e-001
 6.1931735e-001
 6.1960739e-001
 6.1988145e-001
 6.2043101e-001
 6.2124157e-001
 6.2198800e-001
 6.2248558e-001
 6.2296373e-001
 6.2366444e-001
 6.2444872e-001
 6.2506437e-001
 6.2553585e-001
 6.2606144e-001
 6.2670934e-001
 6.2734431e-001
 6.2779677e-001
 6.2810493e-001
 6.2852496e-001
 6.2917721e-001
 6.2983555e-001
 6.3026303e-001
 6.3057142e-001
 6.3106918e-001
 6.3189274e-001
 6.3286209e-001
 6.3364273e-001
 6.3409239e-001
 6.3440818e-001
 6.3483852e-001
 6.3539445e-001
 6.3593549e-001
 6.3639635e-001
 6.3678992e-001
 6.3712281e-001
 6.3737500e-001
 6.3755304e-001
 6.3772404e-001
 6.3795757e-001
 6.3829070e-001
 6.3872278e-001
 6.3918203e-001
 6.3953942e-001
 6.3970751e-001
 6.3979292e-001
 6.4008701e-001
 6.4082748e-001
 6.4192313e-001
 6.4296967e-001
 6.4357346e-001
 6.4367616e-001
 6.4355493e-001
 6.4353478e-001
 6.4375073e-001
 6.4413798e-001
 6.4457190e-001
 6.4495331e-001
 6.4522064e-001
 6.4535838e-001
 6.4544010e-001
 6.4560443e-001
 6.4594764e-001
 6.4643657e-001
 6.4689016e-001
 6.4705265e-001
 6.4687753e-001
 6.4656526e-001
 6.4647126e-001
 6.4685929e-001
 6.4760208e-001
 6.4841491e-001
 6.4901292e-001
 6.4916164e-001
 6.4895767e-001
 6.4863175e-001
 6.4841461e-001
 6.4849836e-001
 6.4882046e-001
 6.4921498e-001
 6.4951587e-001
 6.4958686e-001
 6.4948952e-001
 6.4936525e-001
 6.4935613e-001
 6.4958006e-001
 6.4999670e-001
 6.5058702e-001
 6.5106249e-001
 6.5140176e-001
 6.5157372e-001
 6.5161800e-001
 6.5157741e-001
 6.5149474e-001
 6.5141189e-001
 6.5135598e-001
 6.5133947e-001
 6.5137374e-001
 6.5147054e-001
 6.5164030e-001
 6.5186650e-001
 6.5210658e-001
 6.5231663e-001
 6.5245277e-001
 6.5247303e-001
 6.5237540e-001
 6.5219766e-001
 6.5197867e-001
 6.5175784e-001
 6.5157425e-001
 6.5145886e-001
 6.5141141e-001
 6.5142369e-001
 6.5148747e-001
 6.5159482e-001
 6.5173745e-001
 6.5190572e-001
 6.5208381e-001
 6.5225434e-001
 6.5239996e-001
 6.5250331e-001
 6.5254712e-001
 6.5251398e-001
 6.5239340e-001
 6.5220034e-001
 6.5195608e-001
 6.5168184e-001
 6.5139866e-001
 6.5112787e-001
 6.5089047e-001
 6.5070802e-001
 6.5059364e-001
 6.5053248e-001
 6.5050274e-001
 6.5048242e-001
 6.5044951e-001
 6.5038246e-001
 6.5025920e-001
 6.5005791e-001
 6.4976466e-001
 6.4939529e-001
 6.4897245e-001
 6.4851892e-001
 6.4805746e-001
 6.4761055e-001
 6.4720124e-001
 6.4685208e-001
 6.4657998e-001
 6.4638007e-001
 6.4624238e-001
 6.4615709e-001
 6.4611453e-001
 6.4610463e-001
 6.4611763e-001
 6.4614367e-001
 6.4617300e-001
 6.4619559e-001
 6.4620161e-001
 6.4618129e-001
 6.4612758e-001
 6.4604354e-001
 6.4593464e-001
 6.4580637e-001
 6.4566404e-001
 6.4551324e-001
 6.4535922e-001
 6.4520758e-001
 6.4506370e-001
 6.4493293e-001
 6.4482081e-001
 6.4473265e-001
 6.4467239e-001
 6.4463747e-001
 6.4462388e-001
 6.4462805e-001
 6.4464617e-001
 6.4467424e-001
 6.4470863e-001
 6.4474547e-001
 6.4478093e-001
 6.4481121e-001
 6.4483243e-001
 6.4484143e-001
 6.4483708e-001
 6.4481843e-001
 6.4478475e-001
 6.4473534e-001
 6.4466935e-001
 6.4458597e-001
 6.4448458e-001
 6.4436424e-001
 6.4422429e-001
 6.4406443e-001
 6.4388686e-001
 6.4369357e-001
 6.4348733e-001
 6.4327025e-001
 6.4304501e-001
 6.4281380e-001
 6.4257902e-001
 6.4234316e-001
 6.4210856e-001
 6.4187801e-001
 6.4165616e-001
 6.4144784e-001
 6.4125776e-001
 6.4109093e-001
 6.4095211e-001
 6.4084613e-001
 6.4077783e-001
 6.4075226e-001
 6.4077401e-001
 6.4084506e-001
 6.4095724e-001
 6.4110035e-001
 6.4126408e-001
 6.4143813e-001
 6.4161235e-001
 6.4177632e-001
 6.4191991e-001
 6.4203274e-001
 6.4210725e-001
 6.4214426e-001
 6.4214647e-001
 6.4211673e-001
 6.4205748e-001
 6.4197177e-001
 6.4186203e-001
 6.4173102e-001
 6.4158136e-001
 6.4141417e-001
 6.4123100e-001
 6.4103299e-001
 6.4082152e-001
 6.4059782e-001
 6.4036322e-001
 6.4011902e-001
 6.3986945e-001
 6.3962871e-001
 6.3941318e-001
 6.3923919e-001
 6.3912272e-001
 6.3908017e-001
 6.3912785e-001
 6.3928193e-001
 6.3954812e-001
 6.3989788e-001
 6.4029592e-001
 6.4067560e-001
 6.4104933e-001
 6.4136094e-001
 6.4158684e-001
 6.4172524e-001
 6.4179289e-001
 6.4181900e-001
 6.4183897e-001
 6.4188921e-001
 6.4200181e-001
 6.4219636e-001
 6.4247471e-001
 6.4282584e-001
 6.4323318e-001
 6.4367902e-001
 6.4414483e-001
 6.4461148e-001
 6.4505869e-001
 6.4546555e-001
 6.4581114e-001
 6.4607686e-001
 6.4625067e-001
 6.4633214e-001
 6.4633399e-001
 6.4627957e-001
 6.4619732e-001
 6.4611596e-001
 6.4606094e-001
 6.4605117e-001
 6.4609814e-001
 6.4620721e-001
 6.4637977e-001
 6.4661372e-001
 6.4690280e-001
 6.4723486e-001
 6.4759135e-001
 6.4794898e-001
 6.4828265e-001
 6.4856982e-001
 6.4879519e-001
 6.4870071e-001
 6.4887035e-001
 6.4902520e-001
 6.4917010e-001
 6.4931089e-001
 6.4945281e-001
 6.4959991e-001
 6.4975464e-001
 6.4991724e-001
 6.5008599e-001
 6.5025765e-001
 6.5042812e-001
 6.5059400e-001
 6.5075326e-001
 6.5090656e-001
 6.5105748e-001
 6.5121174e-001
 6.5137684e-001
 6.5156001e-001
 6.5176684e-001
 6.5199983e-001
 6.5225750e-001
 6.5253472e-001
 6.5282321e-001
 6.5311319e-001
 6.5339476e-001
 6.5365988e-001
 6.5390456e-001
 6.5413034e-001
 6.5434414e-001
 6.5455693e-001
 6.5478015e-001
 6.5502274e-001
 6.5528840e-001
 6.5557408e-001
 6.5587080e-001
 6.5616518e-001
 6.5644324e-001
 6.5669304e-001
 6.5690815e-001
 6.5708899e-001
 6.5724218e-001
 6.5737915e-001
 6.5751332e-001
 6.5765721e-001
 6.5782017e-001
 6.5800679e-001
 6.5821707e-001
 6.5844679e-001
 6.5868908e-001
 6.5893620e-001
 6.5918064e-001
 6.5941638e-001
 6.5963978e-001
 6.5984917e-001
 6.6004544e-001
 6.6023123e-001
 6.6041040e-001
 6.6058809e-001
 6.6076934e-001
 6.6095930e-001
 6.6116196e-001
 6.6137993e-001
 6.6161424e-001
 6.6186398e-001
 6.6212642e-001
 6.6239762e-001
 6.6267288e-001
 6.6294730e-001
 6.6321677e-001
 6.6347820e-001
 6.6373020e-001
 6.6397297e-001
 6.6420841e-001
 6.6443956e-001
 6.6467023e-001
 6.6490453e-001
 6.6514605e-001
 6.6539735e-001
 6.6565949e-001
 6.6593170e-001
 6.6621155e-001
 6.6649461e-001
 6.6677547e-001
 6.6704810e-001
 6.6730648e-001
 6.6754591e-001
 6.6776329e-001
 6.6795784e-001
 6.6813117e-001
 6.6828716e-001
 6.6843140e-001
 6.6857052e-001
 6.6871136e-001
 6.6886026e-001
 6.6902244e-001
 6.6920173e-001
 6.6939998e-001
 6.6961730e-001
 6.6985190e-001
 6.7009979e-001
 6.7035562e-001
 6.7061222e-001
 6.7086160e-001
 6.7109585e-001
 6.7130804e-001
 6.7149371e-001
 6.7165154e-001
 6.7178452e-001
 6.7189991e-001
 6.7200851e-001
 6.7212361e-001
 6.7225927e-001
 6.7242825e-001
 6.7264038e-001
 6.7290115e-001
 6.7321074e-001
 6.7356443e-001
 6.7395258e-001
 6.7436236e-001
 6.7477876e-001
 6.7518646e-001
 6.7557150e-001
 6.7592263e-001
 6.7623246e-001
 6.7649806e-001
 6.7672133e-001
 6.7690849e-001
 6.7706895e-001
 6.7721415e-001
 6.7735547e-001
 6.7750227e-001
 6.7766064e-001
 6.7783213e-001
 6.7801344e-001
 6.7819685e-001
 6.7837179e-001
 6.7852658e-001
 6.7865044e-001
 6.7873520e-001
 6.7877668e-001
 6.7877543e-001
 6.7873633e-001
 6.7866808e-001
 6.7858166e-001
 6.7848921e-001
 6.7840248e-001
 6.7833155e-001
 6.7828429e-001
 6.7826569e-001
 6.7827791e-001
 6.7832065e-001
 6.7839175e-001
 6.7848772e-001
 6.7860436e-001
 6.7873758e-001
 6.7888373e-001
 6.7903978e-001
 6.7920345e-001
 6.7937326e-001
 6.7954820e-001
 6.7972767e-001
 6.7991149e-001
 6.8009949e-001
 6.8029171e-001
 6.8048877e-001
 6.8069160e-001
 6.8090165e-001
 6.8112111e-001
 6.8135244e-001
 6.8159837e-001
 6.8186116e-001
 6.8214244e-001
 6.8244284e-001
 6.8276173e-001
 6.8309742e-001
 6.8344712e-001
 6.8380755e-001
 6.8417513e-001
 6.8454593e-001
 6.8491620e-001
 6.8528181e-001
 6.8563831e-001
 6.8598074e-001
 6.8630356e-001
 6.8660074e-001
 6.8686652e-001
 6.8709534e-001
 6.8728316e-001
 6.8742746e-001
 6.8752801e-001
 6.8758696e-001
 6.8760890e-001
 6.8760085e-001
 6.8757176e-001
 6.8753254e-001
 6.8749523e-001
 6.8747240e-001
 6.8747610e-001
 6.8751693e-001
 6.8760264e-001
 6.8773711e-001
 6.8791956e-001
 6.8814462e-001
 6.8840283e-001
 6.8868214e-001
 6.8896967e-001
 6.8925387e-001
 6.8952590e-001
 6.8978095e-001
 6.9001776e-001
 6.9023824e-001
 6.9044602e-001
 6.9064474e-001
 6.9083691e-001
 6.9102335e-001
 6.9120318e-001
 6.9137430e-001
 6.9153440e-001
 6.9168168e-001
 6.9181520e-001
 6.9193518e-001
 6.9204253e-001
 6.9213855e-001
 6.9222474e-001
 6.9230258e-001
 6.9237417e-001
 6.9244248e-001
 6.9251186e-001
 6.9258833e-001
 6.9267905e-001
 6.9279158e-001
 6.9293261e-001
 6.9310671e-001
 6.9331539e-001
 6.9355619e-001
 6.9382298e-001
 6.9410658e-001
 6.9439566e-001
 6.9467896e-001
 6.9494599e-001
 6.9518870e-001
 6.9540250e-001
 6.9558620e-001
 6.9574195e-001
 6.9587463e-001
 6.9599062e-001
 6.9609702e-001
 6.9620013e-001
 6.9630510e-001
 6.9641525e-001
 6.9653201e-001
 6.9665498e-001
 6.9678271e-001
 6.9691300e-001
 6.9704348e-001
 6.9717211e-001
 6.9729745e-001
 6.9741869e-001
 6.9753587e-001
 6.9764936e-001
 6.9775993e-001
 6.9786835e-001
 6.9797528e-001
 6.9808102e-001
 6.9818544e-001
 6.9828790e-001
 6.9838744e-001
 6.9848293e-001
 6.9857353e-001
 6.9865865e-001
 6.9873863e-001
 6.9881463e-001
 6.9888848e-001
 6.9896227e-001
 6.9903803e-001
 6.9911683e-001
 6.9919819e-001
 6.9927984e-001
 6.9935781e-001
 6.9942677e-001
 6.9948083e-001
 6.9951493e-001
 6.9952554e-001
 6.9951165e-001
 6.9947511e-001
 6.9942063e-001
 6.9935465e-001
 6.9928485e-001
 6.9921827e-001
 6.9916046e-001
 6.9911397e-001
 6.9907838e-001
 6.9904965e-001
 6.9902122e-001
 6.9898462e-001
 6.9893134e-001
 6.9885385e-001
 6.9874728e-001
 6.9861019e-001
 6.9844478e-001
 6.9825715e-001
 6.9805574e-001
 6.9785053e-001
 6.9765139e-001
 6.9746655e-001
 6.9730157e-001
 6.9715869e-001
 6.9703704e-001
 6.9693291e-001
 6.9684148e-001
 6.9675761e-001
 6.9667733e-001
 6.9659835e-001
 6.9652057e-001
 6.9644499e-001
 6.9637311e-001
 6.9630557e-001
 6.9624138e-001
 6.9617766e-001
 6.9610989e-001
 6.9603306e-001
 6.9594306e-001
 6.9583756e-001
 6.9571704e-001
 6.9558412e-001
 6.9544321e-001
 6.9529861e-001
 6.9515353e-001
 6.9500905e-001
 6.9486368e-001
 6.9471401e-001
 6.9455588e-001
 6.9438547e-001
 6.9420052e-001
 6.9400096e-001
 6.9378847e-001
 6.9356585e-001
 6.9333589e-001
 6.9310015e-001
 6.9285828e-001
 6.9260770e-001
 6.9234371e-001
 6.9206077e-001
 6.9175279e-001
 6.9141489e-001
 6.9104362e-001
 6.9063789e-001
 6.9019884e-001
 6.8972957e-001
 6.8923497e-001
 6.8872058e-001
 6.8819267e-001
 6.8765718e-001
 6.8711931e-001
 6.8658346e-001
 6.8605262e-001
 6.8552899e-001
 6.8501329e-001
 6.8450493e-001
 6.8400228e-001
 6.8350184e-001
 6.8299842e-001
 6.8248439e-001
 6.8194902e-001
 6.8137854e-001
 6.8075550e-001
 6.8005860e-001
 6.7926437e-001
 6.7834723e-001
 6.7728221e-001
 6.7604655e-001
 6.7462128e-001
 6.7299378e-001
 6.7115790e-001
 6.6911513e-001
 6.6687363e-001
 6.6444647e-001
 6.6185176e-001
 6.5910852e-001
 6.5623736e-001
 6.5325832e-001
 6.5018833e-001
 6.4704317e-001
 6.4383382e-001
 6.4056879e-001
 6.3725293e-001
 6.3388681e-001
 6.3046962e-001
 6.2699997e-001
 6.2347591e-001
 6.1990011e-001
 6.1627752e-001
 6.1261922e-001
 6.0894078e-001
 6.0525894e-001
 6.0159272e-001
 5.9795737e-001
 5.9436524e-001
 5.9082407e-001
 5.8733636e-001
 5.8390468e-001
 5.8053195e-001
 5.7722795e-001
 5.7401198e-001
 5.7091355e-001
 5.6797582e-001
 5.6525129e-001
 5.6280118e-001
 5.6068993e-001
 5.5897951e-001
 5.5772561e-001
 5.5697125e-001
 5.5674410e-001
 5.5705285e-001
 5.5788654e-001
 5.5921471e-001
 5.6098944e-001
 5.6314957e-001
 5.6562400e-001
 5.6833887e-001
 5.7122099e-001
 5.7420355e-001
 5.7723057e-001
 5.8025676e-001
 5.8325016e-001
 5.8618844e-001
 5.8905751e-001
 5.9184957e-001
 5.9455800e-001
 5.9717774e-001
 5.9970212e-001
 6.0212386e-001
 6.0443628e-001
 6.0663289e-001
 6.0871029e-001
 6.1066729e-001
 6.1250585e-001
 6.1423135e-001
 6.1585021e-001
 6.1736971e-001
 6.1879694e-001
 6.2013710e-001
 6.2139428e-001
 6.2257063e-001
 6.2366772e-001
 6.2468767e-001
 6.2563318e-001
 6.2650937e-001
 6.2732255e-001
 6.2808049e-001
 6.2879109e-001
 6.2946087e-001
 6.3009429e-001
 6.3069290e-001
 6.3125592e-001
 6.3178158e-001
 6.3226825e-001
 6.3271713e-001
 6.3313323e-001
 6.3352686e-001
 6.3391334e-001
 6.3431197e-001
 6.3474381e-001
 6.3522923e-001
 6.3578486e-001
 6.3642168e-001
 6.3714302e-001
 6.3794446e-001
 6.3881534e-001
 6.3974005e-001
 6.4070195e-001
 6.4168555e-001
 6.4267910e-001
 6.4367628e-001
 6.4467561e-001
 6.4567995e-001
 6.4669383e-001
 6.4772153e-001
 6.4876544e-001
 6.4982474e-001
 6.5089566e-001
 6.5197223e-001
 6.5304744e-001
 6.5411526e-001
 6.5517056e-001
 6.5621036e-001
 6.5723282e-001
 6.5823638e-001
 6.5921974e-001
 6.6017985e-001
 6.6111237e-001
 6.6201228e-001
 6.6287380e-001
 6.6369265e-001
 6.6446620e-001
 6.6519511e-001
 6.6588366e-001
 6.6653931e-001
 6.6717219e-001
 6.6779327e-001
 6.6841286e-001
 6.6903901e-001
 6.6967559e-001
 6.7032248e-001
 6.7097491e-001
 6.7162460e-001
 6.7226171e-001
 6.7287594e-001
 6.7345917e-001
 6.7400622e-001
 6.7451608e-001
 6.7499202e-001
 6.7544097e-001
 6.7587239e-001
 6.7629731e-001
 6.7672658e-001
 6.7716968e-001
 6.7763376e-001
 6.7812258e-001
 6.7863703e-001
 6.7917526e-001
 6.7973351e-001
 6.8030661e-001
 6.8088835e-001
 6.8147200e-001
 6.8204945e-001
 6.8261248e-001
 6.8315178e-001
 6.8365824e-001
 6.8412352e-001
 6.8454111e-001
 6.8490803e-001
 6.8522620e-001
 6.8550372e-001
 6.8575454e-001
 6.8599635e-001
 6.8624818e-001
 6.8652731e-001
 6.8684709e-001
 6.8721527e-001
 6.8763375e-001
 6.8809819e-001
 6.8859959e-001
 6.8912554e-001
 6.8966258e-001
 6.9019794e-001
 6.9072104e-001
 6.9122458e-001
 6.9170392e-001
 6.9215715e-001
 6.9258356e-001
 6.9298309e-001
 6.9335556e-001
 6.9370013e-001
 6.9401592e-001
 6.9430149e-001
 6.9455606e-001
 6.9477952e-001
 6.9497240e-001
 6.9513661e-001
 6.9527513e-001
 6.9539177e-001
 6.9549102e-001
 6.9557738e-001
 6.9565481e-001
 6.9572699e-001
 6.9579673e-001
 6.9586700e-001
 6.9594085e-001
 6.9602221e-001
 6.9611621e-001
 6.9622868e-001
 6.9636595e-001
 6.9653398e-001
 6.9673735e-001
 6.9697887e-001
 6.9725841e-001
 6.9757348e-001
 6.9791877e-001
 6.9828653e-001
 6.9866759e-001
 6.9905192e-001
 6.9942987e-001
 6.9979280e-001
 7.0013380e-001
 7.0044810e-001
 7.0073295e-001
 7.0098740e-001
 7.0121169e-001
 7.0140690e-001
 7.0157468e-001
 7.0171672e-001
 7.0183486e-001
 7.0193136e-001
 7.0200914e-001
 7.0207226e-001
 7.0212615e-001
 7.0217788e-001
 7.0223582e-001
 7.0230925e-001
 7.0240748e-001
 7.0253861e-001
 7.0270818e-001
 7.0291841e-001
 7.0316708e-001
 7.0344758e-001
 7.0374930e-001
 7.0405906e-001
 7.0436245e-001
 7.0464617e-001
 7.0489985e-001
 7.0511740e-001
 7.0529789e-001
 7.0544559e-001
 7.0556891e-001
 7.0567876e-001
 7.0578688e-001
 7.0590329e-001
 7.0603514e-001
 7.0618534e-001
 7.0635229e-001
 7.0653075e-001
 7.0671260e-001
 7.0688891e-001
 7.0705116e-001
 7.0719302e-001
 7.0731145e-001
 7.0740682e-001
 7.0748311e-001
 7.0754701e-001
 7.0760691e-001
 7.0767200e-001
 7.0775080e-001
 7.0785069e-001
 7.0797670e-001
 7.0813167e-001
 7.0831579e-001
 7.0852667e-001
 7.0875973e-001
 7.0900834e-001
 7.0926452e-001
 7.0951927e-001
 7.0976329e-001
 7.0998776e-001
 7.1018499e-001
 7.1034896e-001
 7.1047586e-001
 7.1056449e-001
 7.1061617e-001
 7.1063465e-001
 7.1062583e-001
 7.1059716e-001
 7.1055698e-001
 7.1051395e-001
 7.1047646e-001
 7.1045178e-001
 7.1044588e-001
 7.1046299e-001
 7.1050525e-001
 7.1057284e-001
 7.1066386e-001
 7.1077454e-001
 7.1089917e-001
 7.1103066e-001
 7.1116078e-001
 7.1128076e-001
 7.1138221e-001
 7.1145785e-001
 7.1150202e-001
 7.1151125e-001
 7.1148455e-001
 7.1142334e-001
 7.1133131e-001
 7.1121407e-001
 7.1107870e-001
 7.1093380e-001
 7.1078849e-001
 7.1065235e-001
 7.1053493e-001
 7.1044523e-001
 7.1039128e-001
 7.1038002e-001
 7.1041644e-001
 7.1050394e-001
 7.1064407e-001
 7.1083629e-001
 7.1107811e-001
 7.1136498e-001
 7.1169066e-001
 7.1204692e-001
 7.1242380e-001
 7.1280980e-001
 7.1319216e-001
 7.1355724e-001
 7.1389097e-001
 7.1418005e-001
 7.1441227e-001
 7.1457797e-001
 7.1467012e-001
 7.1468532e-001
 7.1462381e-001
 7.1448922e-001
 7.1428835e-001
 7.1403027e-001
 7.1372581e-001
 7.1338630e-001
 7.1302348e-001
 7.1264839e-001
 7.1227139e-001
 7.1190166e-001
 7.1154690e-001
 7.1121365e-001
 7.1090651e-001
 7.1062845e-001
 7.1038067e-001
 7.1016240e-001
 7.0997113e-001
 7.0980293e-001
 7.0965278e-001
 7.0951527e-001
 7.0938516e-001
 7.0925814e-001
 7.0913136e-001
 7.0900363e-001
 7.0887572e-001
 7.0875007e-001
 7.0863038e-001
 7.0852119e-001
 7.0842677e-001
 7.0835066e-001
 7.0829499e-001
 7.0826006e-001
 7.0824409e-001
 7.0824325e-001
 7.0825213e-001
 7.0826411e-001
 7.0827198e-001
 7.0826840e-001
 7.0824671e-001
 7.0820099e-001
 7.0812660e-001
 7.0802015e-001
 7.0787972e-001
 7.0770448e-001
 7.0749521e-001
 7.0725387e-001
 7.0698357e-001
 7.0668858e-001
 7.0637417e-001
 7.0604640e-001
 7.0571160e-001
 7.0537585e-001
 7.0504469e-001
 7.0472229e-001
 7.0441127e-001
 7.0411235e-001
 7.0382416e-001
 7.0354390e-001
 7.0326734e-001
 7.0299000e-001
 7.0270777e-001
 7.0241773e-001
 7.0211905e-001
 7.0181346e-001
 7.0150512e-001
 7.0120108e-001
 7.0091015e-001
 7.0064259e-001
 7.0040947e-001
 7.0022124e-001
 7.0008761e-001
 7.0001674e-001
 7.0001447e-001
 7.0008427e-001
 7.0022631e-001
 7.0043713e-001
 7.0070887e-001
 7.0102870e-001
 7.0137858e-001
 7.0173490e-001
 7.0207006e-001
 7.0235425e-001
 7.0255750e-001
 7.0265228e-001
 7.0261616e-001
 7.0243371e-001
 7.0209795e-001
 7.0161086e-001
 7.0098329e-001
 7.0023656e-001
 6.9940197e-001
 6.9851899e-001
 6.9763196e-001
 6.9678688e-001
 6.9602549e-001
 6.9538099e-001
 6.9487339e-001
 6.9450718e-001
 6.9427162e-001
 6.9406760e-001
 6.9405949e-001
 6.9408536e-001
 6.9410449e-001
 6.9408220e-001
 6.9399428e-001
 6.9382989e-001
 6.9359046e-001
 6.9328600e-001
 6.9293147e-001
 6.9254333e-001
 6.9213855e-001
 6.9173294e-001
 6.9134063e-001
 6.9097257e-001
 6.9063640e-001
 6.9033587e-001
 6.9007134e-001
 6.8984073e-001
 6.8964046e-001
 6.8946612e-001
 6.8931293e-001
 6.8917632e-001
 6.8905169e-001
 6.8893528e-001
 6.8882364e-001
 6.8871444e-001
 6.8860573e-001
 6.8849635e-001
 6.8838525e-001
 6.8827170e-001
 6.8815482e-001
 6.8803388e-001
 6.8790781e-001
 6.8777561e-001
 6.8763584e-001
 6.8748671e-001
 6.8732637e-001
 6.8715262e-001
 6.8696320e-001
 6.8675572e-001
 6.8652779e-001
 6.8627703e-001
 6.8600118e-001
 6.8569767e-001
 6.8536431e-001
 6.8499851e-001
 6.8459803e-001
 6.8416053e-001
 6.8368340e-001
 6.8316436e-001
 6.8260056e-001
 6.8198884e-001
 6.8132490e-001
 6.8060243e-001
 6.7981297e-001
 6.7894483e-001
 6.7798424e-001
 6.7691565e-001
 6.7572188e-001
 6.7438608e-001
 6.7289090e-001
 6.7122030e-001
 6.6936034e-001
 6.6729957e-001
 6.6503185e-001
 6.6255587e-001
 6.5987396e-001
 6.5699285e-001
 6.5391999e-001
 6.5066463e-001
 6.4723587e-001
 6.4364040e-001
 6.3988382e-001
 6.3596547e-001
 6.3187987e-001
 6.2761468e-001
 6.2314975e-001
 6.1846268e-001
 6.1352605e-001
 6.0831308e-001
 6.0279769e-001
 5.9695405e-001
 5.9076428e-001
 5.8421594e-001
 5.7731056e-001
 5.7006252e-001
 5.6249529e-001
 5.5464339e-001
 5.4654658e-001
 5.3824455e-001
 5.2978247e-001
 5.2120352e-001
 5.1255685e-001
 5.0389695e-001
 4.9528226e-001
 4.8678306e-001
 4.7847244e-001
 4.7043183e-001
 4.6274540e-001
 4.5549554e-001
 4.4876683e-001
 4.4263580e-001
 4.3717179e-001
 4.3242744e-001
 4.2843157e-001
 4.2519066e-001
 4.2268717e-001
 4.2088851e-001
 4.1975194e-001
 4.1922948e-001
 4.1927168e-001
 4.1982847e-001
 4.2084977e-001
 4.2228565e-001
 4.2408711e-001
 4.2620513e-001
 4.2859110e-001
 4.3119752e-001
 4.3397605e-001
 4.3687993e-001
 4.3986219e-001
 4.4287759e-001
 4.4588575e-001
 4.4885090e-001
 4.5174706e-001
 4.5455635e-001
 4.5726919e-001
 4.5988318e-001
 4.6239829e-001
 4.6481743e-001
 4.6714348e-001
 4.6937951e-001
 4.7152939e-001
 4.7359595e-001
 4.7558296e-001
 4.7749335e-001
 4.7933003e-001
 4.8109651e-001
 4.8279560e-001
 4.8443013e-001
 4.8600355e-001
 4.8751843e-001
 4.8897806e-001
 4.9038512e-001
 4.9174225e-001
 4.9305239e-001
 4.9431780e-001
 4.9554124e-001
 4.9672499e-001
 4.9787140e-001
 4.9898323e-001
 5.0006294e-001
 5.0111401e-001
 5.0214016e-001
 5.0314629e-001
 5.0413853e-001
 5.0512373e-001
 5.0610977e-001
 5.0710475e-001
 5.0811684e-001
 5.0915432e-001
 5.1022446e-001
 5.1133311e-001
 5.1248407e-001
 5.1367736e-001
 5.1491004e-001
 5.1617527e-001
 5.1746404e-001
 5.1876616e-001
 5.2007043e-001
 5.2136606e-001
 5.2264249e-001
 5.2389026e-001
 5.2510279e-001
 5.2627575e-001
 5.2740866e-001
 5.2850366e-001
 5.2956510e-001
 5.3059894e-001
 5.3161144e-001
 5.3260958e-001
 5.3360021e-001
 5.3459042e-001
 5.3558826e-001
 5.3660178e-001
 5.3764009e-001
 5.3871280e-001
 5.3982967e-001
 5.4100132e-001
 5.4223770e-001
 5.4354841e-001
 5.4494220e-001
 5.4642463e-001
 5.4799742e-001
 5.4965591e-001
 5.5138886e-001
 5.5317962e-001
 5.5500644e-001
 5.5684578e-001
 5.5867213e-001
 5.6046134e-001
 5.6218922e-001
 5.6383628e-001
 5.6538874e-001
 5.6683946e-001
 5.6819105e-001
 5.6945366e-001
 5.7064331e-001
 5.7177866e-001
 5.7288080e-001
 5.7397097e-001
 5.7506841e-001
 5.7619077e-001
 5.7735127e-001
 5.7855666e-001
 5.7980770e-001
 5.8109927e-001
 5.8242208e-001
 5.8376348e-001
 5.8511037e-001
 5.8644968e-001
 5.8776778e-001
 5.8905363e-001
 5.9029877e-001
 5.9149712e-001
 5.9264767e-001
 5.9375274e-001
 5.9481633e-001
 5.9584498e-001
 5.9684545e-001
 5.9782499e-001
 5.9878951e-001
 5.9974444e-001
 6.0069311e-001
 6.0163546e-001
 6.0256898e-001
 6.0348839e-001
 6.0438567e-001
 6.0525233e-001
 6.0607898e-001
 6.0685682e-001
 6.0757703e-001
 6.0823345e-001
 6.0882276e-001
 6.0934550e-001
 6.0980731e-001
 6.1021787e-001
 6.1058968e-001
 6.1093736e-001
 6.1127639e-001
 6.1162162e-001
 6.1198747e-001
 6.1238569e-001
 6.1282444e-001
 6.1330622e-001
 6.1382794e-001
 6.1438143e-001
 6.1495417e-001
 6.1553168e-001
 6.1609858e-001
 6.1663902e-001
 6.1713856e-001
 6.1758500e-001
 6.1797005e-001
 6.1829054e-001
 6.1854941e-001
 6.1875468e-001
 6.1891842e-001
 6.1905485e-001
 6.1917949e-001
 6.1930764e-001
 6.1945397e-001
 6.1963105e-001
 6.1984843e-001
 6.2011087e-001
 6.2041837e-001
 6.2076658e-001
 6.2114745e-001
 6.2155145e-001
 6.2196791e-001
 6.2238586e-001
 6.2279493e-001
 6.2318581e-001
 6.2355071e-001
 6.2388444e-001
 6.2418449e-001
 6.2445068e-001
 6.2468451e-001
 6.2488872e-001
 6.2506652e-001
 6.2522125e-001
 6.2535632e-001
 6.2547523e-001
 6.2558115e-001
 6.2567729e-001
 6.2576681e-001
 6.2585258e-001
 6.2593746e-001
 6.2602419e-001
 6.2611562e-001
 6.2621433e-001
 6.2632310e-001
 6.2644440e-001
 6.2658042e-001
 6.2673318e-001
 6.2690437e-001
 6.2709516e-001
 6.2730670e-001
 6.2753987e-001
 6.2779552e-001
 6.2807411e-001
 6.2837577e-001
 6.2869966e-001
 6.2904322e-001
 6.2940180e-001
 6.2976849e-001
 6.3013375e-001
 6.3048697e-001
 6.3081622e-001
 6.3110954e-001
 6.3135463e-001
 6.3154036e-001
 6.3165700e-001
 6.3169736e-001
 6.3165796e-001
 6.3153917e-001
 6.3134503e-001
 6.3108224e-001
 6.3075888e-001
 6.3038403e-001
 6.2996632e-001
 6.2951404e-001
 6.2903351e-001
 6.2852871e-001
 6.2799948e-001
 6.2744153e-001
 6.2684721e-001
 6.2620556e-001
 6.2550426e-001
 6.2473035e-001
 6.2387079e-001
 6.2291300e-001
 6.2184596e-001
 6.2066180e-001
 6.1935550e-001
 6.1792582e-001
 6.1637622e-001
 6.1471146e-001
 6.1293811e-001
 6.1106449e-001
 6.0909808e-001
 6.0704648e-001
 6.0491872e-001
 6.0272253e-001
 6.0046601e-001
 5.9815693e-001
 5.9580487e-001
 5.9341764e-001
 5.9100312e-001
 5.8857095e-001
 5.8612889e-001
 5.8368462e-001
 5.8124715e-001
 5.7882321e-001
 5.7641912e-001
 5.7404000e-001
 5.7169175e-001
 5.6937796e-001
 5.6710190e-001
 5.6486827e-001
 5.6268018e-001
 5.6054080e-001
 5.5845505e-001
 5.5642658e-001
 5.5445957e-001
 5.5256009e-001
 5.5073303e-001
 5.4898435e-001
 5.4731953e-001
 5.4574525e-001
 5.4426658e-001
 5.4288715e-001
 5.4160905e-001
 5.4042870e-001
 5.3933674e-001
 5.3831756e-001
 5.3734881e-001
 5.3640389e-001
 5.3545338e-001
 5.3446770e-001
 5.3341705e-001
 5.3227496e-001
 5.3102183e-001
 5.2964813e-001
 5.2815861e-001
 5.2657521e-001
 5.2493334e-001
 5.2327925e-001
 5.2166533e-001
 5.2014786e-001
 5.1878214e-001
 5.1762152e-001
 5.1671481e-001
 5.1610106e-001
 5.1580763e-001
 5.1584876e-001
 5.1622617e-001
 5.1693332e-001
 5.1795739e-001
 5.1928335e-001
 5.2089459e-001
 5.2277279e-001
 5.2489561e-001
 5.2723676e-001
 5.2976364e-001
 5.3243440e-001
 5.3520244e-001
 5.3801608e-001
 5.4081899e-001
 5.4355580e-001
 5.4617137e-001
 5.4861414e-001
 5.5083823e-001
 5.5281103e-001
 5.5451578e-001
 5.5595213e-001
 5.5713701e-001
 5.5809891e-001
 5.5887258e-001
 5.5949694e-001
 5.6001151e-001
 5.6045437e-001
 5.6086147e-001
 5.6126356e-001
 5.6168509e-001
 5.6214303e-001
 5.6264800e-001
 5.6320590e-001
 5.6381935e-001
 5.6448966e-001
 5.6521767e-001
 5.6600255e-001
 5.6684285e-001
 5.6773460e-001
 5.6867117e-001
 5.6964183e-001
 5.7063365e-001
 5.7163161e-001
 5.7261848e-001
 5.7357734e-001
 5.7449126e-001
 5.7534337e-001
 5.7611907e-001
 5.7680631e-001
 5.7739627e-001
 5.7788473e-001
 5.7827073e-001
 5.7855630e-001
 5.7874471e-001
 5.7884037e-001
 5.7884789e-001
 5.7877225e-001
 5.7861859e-001
 5.7839257e-001
 5.7810050e-001
 5.7774949e-001
 5.7734692e-001
 5.7690090e-001
 5.7641989e-001
 5.7591212e-001
 5.7538557e-001
 5.7484794e-001
 5.7430506e-001
 5.7376045e-001
 5.7321471e-001
 5.7266456e-001
 5.7210338e-001
 5.7152259e-001
 5.7091194e-001
 5.7026052e-001
 5.6955755e-001
 5.6879365e-001
 5.6796092e-001
 5.6705499e-001
 5.6607670e-001
 5.6503165e-001
 5.6392992e-001
 5.6278586e-001
 5.6161517e-001
 5.6043464e-001
 5.5926096e-001
 5.5811077e-001
 5.5699837e-001
 5.5593503e-001
 5.5492896e-001
 5.5398327e-001
 5.5309713e-001
 5.5226761e-001
 5.5148917e-001
 5.5075568e-001
 5.5006099e-001
 5.4939836e-001
 5.4876095e-001
 5.4814160e-001
 5.4753321e-001
 5.4692787e-001
 5.4631728e-001
 5.4569352e-001
 5.4504782e-001
 5.4437160e-001
 5.4365683e-001
 5.4289532e-001
 5.4207993e-001
 5.4120463e-001
 5.4026592e-001
 5.3926164e-001
 5.3819138e-001
 5.3705698e-001
 5.3586030e-001
 5.3460354e-001
 5.3329039e-001
 5.3192413e-001
 5.3050983e-001
 5.2905411e-001
 5.2756763e-001
 5.2606320e-001
 5.2455640e-001
 5.2306604e-001
 5.2161103e-001
 5.2021080e-001
 5.1888537e-001
 5.1765209e-001
 5.1652515e-001
 5.1551402e-001
 5.1461983e-001
 5.1383555e-001
 5.1314658e-001
 5.1253325e-001
 5.1197213e-001
 5.1143855e-001
 5.1090795e-001
 5.1035702e-001
 5.0976545e-001
 5.0911862e-001
 5.0840861e-001
 5.0763559e-001
 5.0680655e-001
 5.0593472e-001
 5.0503558e-001
 5.0412649e-001
 5.0322539e-001
 5.0234896e-001
 5.0151181e-001
 5.0072557e-001
 4.9999633e-001
 4.9932483e-001
 4.9870738e-001
 4.9813649e-001
 4.9760285e-001
 4.9709621e-001
 4.9660638e-001
 4.9612305e-001
 4.9563619e-001
 4.9513692e-001
 4.9461678e-001
 4.9406829e-001
 4.9348524e-001
 4.9286184e-001
 4.9219278e-001
 4.9147296e-001
 4.9069807e-001
 4.8986331e-001
 4.8896417e-001
 4.8799708e-001
 4.8699731e-001
 4.8614764e-001
 4.8497254e-001
 4.8375854e-001
 4.8252085e-001
 4.8127520e-001
 4.8003680e-001
 4.7882181e-001
 4.7764555e-001
 4.7652349e-001
 4.7547138e-001
 4.7450292e-001
 4.7361764e-001
 4.7280639e-001
 4.7206017e-001
 4.7136971e-001
 4.7072631e-001
 4.7012079e-001
 4.6954399e-001
 4.6898690e-001
 4.6844062e-001
 4.6789601e-001
 4.6734402e-001
 4.6677548e-001
 4.6618155e-001
 4.6555385e-001
 4.6489012e-001
 4.6419170e-001
 4.6345952e-001
 4.6269533e-001
 4.6190009e-001
 4.6107504e-001
 4.6022132e-001
 4.5934051e-001
 4.5843363e-001
 4.5750201e-001
 4.5654657e-001
 4.5556909e-001
 4.5457059e-001
 4.5355225e-001
 4.5251536e-001
 4.5146090e-001
 4.5039064e-001
 4.4930559e-001
 4.4820777e-001
 4.4709903e-001
 4.4598225e-001
 4.4485936e-001
 4.4373259e-001
 4.4260386e-001
 4.4147602e-001
 4.4035107e-001
 4.3923116e-001
 4.3811861e-001
 4.3701535e-001
 4.3592414e-001
 4.3484703e-001
 4.3378609e-001
 4.3274352e-001
 4.3172196e-001
 4.3072340e-001
 4.2975006e-001
 4.2880401e-001
 4.2788789e-001
 4.2700371e-001
 4.2615348e-001
 4.2533609e-001
 4.2454979e-001
 4.2379221e-001
 4.2306113e-001
 4.2235434e-001
 4.2166945e-001
 4.2100465e-001
 4.2035756e-001
 4.1972592e-001
 4.1910744e-001
 4.1850019e-001
 4.1790187e-001
 4.1731018e-001
 4.1672289e-001
 4.1613799e-001
 4.1555324e-001
 4.1496632e-001
 4.1437510e-001
 4.1377726e-001
 4.1317081e-001
 4.1255346e-001
 4.1192299e-001
 4.1127709e-001
 4.1061381e-001
 4.0993077e-001
 4.0922606e-001
 4.0849969e-001
 4.0775314e-001
 4.0698746e-001
 4.0620381e-001
 4.0540341e-001
 4.0458709e-001
 4.0375665e-001
 4.0291294e-001
 4.0205720e-001
 4.0119043e-001
 4.0031418e-001
 3.9942944e-001
 3.9853737e-001
 3.9763904e-001
 3.9673591e-001
 3.9582911e-001
 3.9491966e-001
 3.9400870e-001
 3.9309773e-001
 3.9218777e-001
 3.9127997e-001
 3.9037552e-001
 3.8947546e-001
 3.8858131e-001
 3.8769412e-001
 3.8681501e-001
 3.8594502e-001
 3.8508570e-001
 3.8423800e-001
 3.8340315e-001
 3.8258117e-001
 3.8177255e-001
 3.8097712e-001
