s07_ASD Record=13902: Muscovite-medhi-Al CU91-252D ASDNGc AREF
-1.2300000e+034
 1.5102182e-001
 1.5135643e-001
 1.5169802e-001
 1.5201204e-001
 1.5241876e-001
 1.5275536e-001
 1.5313634e-001
 1.5365301e-001
 1.5411098e-001
 1.5465324e-001
 1.5524836e-001
 1.5579791e-001
 1.5650080e-001
 1.5724592e-001
 1.5795352e-001
 1.5862629e-001
 1.5939452e-001
 1.6025689e-001
 1.6117802e-001
 1.6213810e-001
 1.6318116e-001
 1.6431706e-001
 1.6553324e-001
 1.6681977e-001
 1.6815168e-001
 1.6952245e-001
 1.7095405e-001
 1.7240173e-001
 1.7389742e-001
 1.7546155e-001
 1.7700581e-001
 1.7862330e-001
 1.8030000e-001
 1.8196264e-001
 1.8365075e-001
 1.8531212e-001
 1.8695322e-001
 1.8867783e-001
 1.9038738e-001
 1.9208182e-001
 1.9377089e-001
 1.9541565e-001
 1.9695549e-001
 1.9845118e-001
 2.0002522e-001
 2.0164967e-001
 2.0324539e-001
 2.0479377e-001
 2.0637496e-001
 2.0792678e-001
 2.0944212e-001
 2.1092919e-001
 2.1240102e-001
 2.1382858e-001
 2.1523404e-001
 2.1667020e-001
 2.1813059e-001
 2.1960531e-001
 2.2108729e-001
 2.2257742e-001
 2.2401938e-001
 2.2547105e-001
 2.2700201e-001
 2.2858064e-001
 2.3017257e-001
 2.3178509e-001
 2.3345554e-001
 2.3517537e-001
 2.3692508e-001
 2.3870860e-001
 2.4057177e-001
 2.4249323e-001
 2.4446705e-001
 2.4649827e-001
 2.4862063e-001
 2.5081792e-001
 2.5307983e-001
 2.5540522e-001
 2.5780082e-001
 2.6026699e-001
 2.6279944e-001
 2.6538804e-001
 2.6801094e-001
 2.7066332e-001
 2.7334476e-001
 2.7601272e-001
 2.7868846e-001
 2.8135478e-001
 2.8393540e-001
 2.8648585e-001
 2.8897768e-001
 2.9137105e-001
 2.9367453e-001
 2.9588136e-001
 2.9797202e-001
 2.9992598e-001
 3.0175781e-001
 3.0346125e-001
 3.0502856e-001
 3.0645370e-001
 3.0775017e-001
 3.0892870e-001
 3.0999571e-001
 3.1094632e-001
 3.1179714e-001
 3.1256211e-001
 3.1325206e-001
 3.1388772e-001
 3.1447312e-001
 3.1501579e-001
 3.1554118e-001
 3.1604111e-001
 3.1652838e-001
 3.1702408e-001
 3.1751972e-001
 3.1803352e-001
 3.1857657e-001
 3.1914824e-001
 3.1975251e-001
 3.2039630e-001
 3.2108435e-001
 3.2181841e-001
 3.2259819e-001
 3.2343176e-001
 3.2433221e-001
 3.2529604e-001
 3.2632583e-001
 3.2742324e-001
 3.2858962e-001
 3.2982665e-001
 3.3113703e-001
 3.3252487e-001
 3.3400118e-001
 3.3556041e-001
 3.3719781e-001
 3.3890831e-001
 3.4070212e-001
 3.4257230e-001
 3.4451431e-001
 3.4653321e-001
 3.4862077e-001
 3.5077289e-001
 3.5298765e-001
 3.5526451e-001
 3.5759974e-001
 3.5999411e-001
 3.6245799e-001
 3.6497524e-001
 3.6754259e-001
 3.7015867e-001
 3.7280640e-001
 3.7549064e-001
 3.7820700e-001
 3.8093799e-001
 3.8368860e-001
 3.8646138e-001
 3.8925374e-001
 3.9205885e-001
 3.9487958e-001
 3.9771768e-001
 4.0057841e-001
 4.0345958e-001
 4.0635684e-001
 4.0927234e-001
 4.1220883e-001
 4.1516694e-001
 4.1814351e-001
 4.2113796e-001
 4.2415792e-001
 4.2720124e-001
 4.3026555e-001
 4.3334863e-001
 4.3646240e-001
 4.3959606e-001
 4.4274259e-001
 4.4591013e-001
 4.4909647e-001
 4.5230302e-001
 4.5553607e-001
 4.5879513e-001
 4.6207485e-001
 4.6538335e-001
 4.6873271e-001
 4.7210407e-001
 4.7550422e-001
 4.7893608e-001
 4.8238701e-001
 4.8585108e-001
 4.8931968e-001
 4.9278092e-001
 4.9622688e-001
 4.9965489e-001
 5.0305891e-001
 5.0643510e-001
 5.0978076e-001
 5.1308352e-001
 5.1633805e-001
 5.1954716e-001
 5.2270931e-001
 5.2582234e-001
 5.2888030e-001
 5.3188324e-001
 5.3484237e-001
 5.3776145e-001
 5.4063690e-001
 5.4346371e-001
 5.4623532e-001
 5.4894632e-001
 5.5158818e-001
 5.5415481e-001
 5.5664110e-001
 5.5904078e-001
 5.6136072e-001
 5.6360567e-001
 5.6577879e-001
 5.6787902e-001
 5.6990075e-001
 5.7185215e-001
 5.7374126e-001
 5.7556885e-001
 5.7732803e-001
 5.7901192e-001
 5.8061802e-001
 5.8215398e-001
 5.8362556e-001
 5.8503783e-001
 5.8638406e-001
 5.8768302e-001
 5.8894867e-001
 5.9018892e-001
 5.9139681e-001
 5.9256291e-001
 5.9368193e-001
 5.9475517e-001
 5.9577614e-001
 5.9674293e-001
 5.9765285e-001
 5.9849596e-001
 5.9926772e-001
 5.9997505e-001
 6.0063726e-001
 6.0126412e-001
 6.0185981e-001
 6.0242611e-001
 6.0296530e-001
 6.0347515e-001
 6.0395783e-001
 6.0441613e-001
 6.0483998e-001
 6.0523748e-001
 6.0561365e-001
 6.0596037e-001
 6.0628152e-001
 6.0657549e-001
 6.0683960e-001
 6.0708058e-001
 6.0729933e-001
 6.0749799e-001
 6.0767931e-001
 6.0783893e-001
 6.0797858e-001
 6.0810125e-001
 6.0820645e-001
 6.0829967e-001
 6.0838234e-001
 6.0845447e-001
 6.0852003e-001
 6.0857570e-001
 6.0861927e-001
 6.0865134e-001
 6.0867572e-001
 6.0869658e-001
 6.0871404e-001
 6.0871857e-001
 6.0871989e-001
 6.0872042e-001
 6.0871553e-001
 6.0870945e-001
 6.0869968e-001
 6.0868609e-001
 6.0867763e-001
 6.0866475e-001
 6.0864389e-001
 6.0861832e-001
 6.0859263e-001
 6.0856622e-001
 6.0854000e-001
 6.0851967e-001
 6.0849768e-001
 6.0847735e-001
 6.0845876e-001
 6.0844141e-001
 6.0842443e-001
 6.0840821e-001
 6.0839516e-001
 6.0838294e-001
 6.0837370e-001
 6.0836691e-001
 6.0836232e-001
 6.0836244e-001
 6.0836947e-001
 6.0838580e-001
 6.0840940e-001
 6.0843408e-001
 6.0845935e-001
 6.0848457e-001
 6.0851002e-001
 6.0854143e-001
 6.0858339e-001
 6.0863388e-001
 6.0869563e-001
 6.0876203e-001
 6.0882717e-001
 6.0889649e-001
 6.0897243e-001
 6.0905647e-001
 6.0914874e-001
 6.0923833e-001
 6.0933733e-001
 6.0945004e-001
 6.0956132e-001
 6.0968095e-001
 6.0980839e-001
 6.0994089e-001
 6.1008030e-001
 6.1022121e-001
 6.1036211e-001
 6.1050588e-001
 6.1065936e-001
 6.1082196e-001
 6.1099118e-001
 6.1116433e-001
 6.1134946e-001
 6.1154062e-001
 6.1173248e-001
 6.1193633e-001
 6.1214775e-001
 6.1236542e-001
 6.1259133e-001
 6.1282021e-001
 6.1305642e-001
 6.1330408e-001
 6.1356997e-001
 6.1383730e-001
 6.1410540e-001
 6.1437911e-001
 6.1465585e-001
 6.1493725e-001
 6.1522657e-001
 6.1552507e-001
 6.1583328e-001
 6.1614722e-001
 6.1646676e-001
 6.1679745e-001
 6.1713201e-001
 6.1747140e-001
 6.1781824e-001
 6.1817163e-001
 6.1852902e-001
 6.1888808e-001
 6.1924762e-001
 6.1961180e-001
 6.1998224e-001
 6.2035966e-001
 6.2074286e-001
 6.2113023e-001
 6.2151766e-001
 6.2190235e-001
 6.2229413e-001
 6.2269622e-001
 6.2310630e-001
 6.2351638e-001
 6.2392825e-001
 6.2433875e-001
 6.2474757e-001
 6.2516105e-001
 6.2557244e-001
 6.2598091e-001
 6.2638855e-001
 6.2680262e-001
 6.2722009e-001
 6.2763631e-001
 6.2804675e-001
 6.2845898e-001
 6.2887174e-001
 6.2928396e-001
 6.2969601e-001
 6.3011152e-001
 6.3052773e-001
 6.3094014e-001
 6.3134885e-001
 6.3175184e-001
 6.3215178e-001
 6.3255429e-001
 6.3296151e-001
 6.3337004e-001
 6.3377810e-001
 6.3418609e-001
 6.3459074e-001
 6.3499010e-001
 6.3538212e-001
 6.3576657e-001
 6.3615119e-001
 6.3653398e-001
 6.3691109e-001
 6.3728267e-001
 6.3764983e-001
 6.3801277e-001
 6.3837194e-001
 6.3872999e-001
 6.3908345e-001
 6.3942981e-001
 6.3977277e-001
 6.4010251e-001
 6.4042175e-001
 6.4073676e-001
 6.4103842e-001
 6.4133704e-001
 6.4163256e-001
 6.4191669e-001
 6.4219469e-001
 6.4246780e-001
 6.4273554e-001
 6.4299399e-001
 6.4323723e-001
 6.4346993e-001
 6.4369786e-001
 6.4392042e-001
 6.4413840e-001
 6.4434671e-001
 6.4453822e-001
 6.4471751e-001
 6.4488566e-001
 6.4504296e-001
 6.4519006e-001
 6.4532560e-001
 6.4544684e-001
 6.4555287e-001
 6.4564717e-001
 6.4573103e-001
 6.4580590e-001
 6.4587271e-001
 6.4592910e-001
 6.4597034e-001
 6.4599782e-001
 6.4601898e-001
 6.4602143e-001
 6.4601499e-001
 6.4600205e-001
 6.4596921e-001
 6.4593118e-001
 6.4588451e-001
 6.4582568e-001
 6.4576036e-001
 6.4568776e-001
 6.4560431e-001
 6.4550579e-001
 6.4538962e-001
 6.4526659e-001
 6.4513820e-001
 6.4499784e-001
 6.4484602e-001
 6.4468700e-001
 6.4452094e-001
 6.4434338e-001
 6.4416105e-001
 6.4396977e-001
 6.4376646e-001
 6.4355510e-001
 6.4333266e-001
 6.4309806e-001
 6.4285415e-001
 6.4261043e-001
 6.4235842e-001
 6.4209908e-001
 6.4183861e-001
 6.4157271e-001
 6.4130139e-001
 6.4102405e-001
 6.4074010e-001
 6.4045709e-001
 6.4017385e-001
 6.3988709e-001
 6.3959444e-001
 6.3930106e-001
 6.3900566e-001
 6.3870591e-001
 6.3840437e-001
 6.3809651e-001
 6.3778573e-001
 6.3747710e-001
 6.3716185e-001
 6.3685018e-001
 6.3654363e-001
 6.3623548e-001
 6.3593066e-001
 6.3562220e-001
 6.3530815e-001
 6.3499522e-001
 6.3468856e-001
 6.3438326e-001
 6.3407636e-001
 6.3377446e-001
 6.3347471e-001
 6.3317496e-001
 6.3287413e-001
 6.3257116e-001
 6.3227838e-001
 6.3199234e-001
 6.3170236e-001
 6.3141596e-001
 6.3113397e-001
 6.3085705e-001
 6.3058716e-001
 6.3032520e-001
 6.3005924e-001
 6.2979203e-001
 6.2954044e-001
 6.2930048e-001
 6.2907052e-001
 6.2884510e-001
 6.2861443e-001
 6.2838429e-001
 6.2816066e-001
 6.2794709e-001
 6.2774158e-001
 6.2754470e-001
 6.2735355e-001
 6.2716568e-001
 6.2698615e-001
 6.2681746e-001
 6.2665218e-001
 6.2648338e-001
 6.2632734e-001
 6.2618083e-001
 6.2604028e-001
 6.2590313e-001
 6.2577039e-001
 6.2564576e-001
 6.2553084e-001
 6.2542522e-001
 6.2532991e-001
 6.2523919e-001
 6.2515354e-001
 6.2508124e-001
 6.2501514e-001
 6.2495780e-001
 6.2490970e-001
 6.2486714e-001
 6.2483281e-001
 6.2480390e-001
 6.2478036e-001
 6.2476480e-001
 6.2475854e-001
 6.2475544e-001
 6.2475276e-001
 6.2476051e-001
 6.2476790e-001
 6.2478280e-001
 6.2481350e-001
 6.2484246e-001
 6.2488544e-001
 6.2494504e-001
 6.2501460e-001
 6.2508178e-001
 6.2515444e-001
 6.2523711e-001
 6.2533027e-001
 6.2542307e-001
 6.2552077e-001
 6.2562466e-001
 6.2573272e-001
 6.2584293e-001
 6.2595826e-001
 6.2608111e-001
 6.2621224e-001
 6.2634021e-001
 6.2647229e-001
 6.2661153e-001
 6.2675619e-001
 6.2692124e-001
 6.2708664e-001
 6.2725055e-001
 6.2743264e-001
 6.2760216e-001
 6.2776959e-001
 6.2794614e-001
 6.2813383e-001
 6.2830347e-001
 6.2847179e-001
 6.2865317e-001
 6.2884510e-001
 6.2903082e-001
 6.2922049e-001
 6.2941879e-001
 6.2961286e-001
 6.2981534e-001
 6.3001847e-001
 6.3021612e-001
 6.3041204e-001
 6.3060325e-001
 6.3079101e-001
 6.3097906e-001
 6.3116556e-001
 6.3135225e-001
 6.3154674e-001
 6.3174719e-001
 6.3193411e-001
 6.3213873e-001
 6.3234651e-001
 6.3255280e-001
 6.3278997e-001
 6.3302892e-001
 6.3327581e-001
 6.3353121e-001
 6.3377339e-001
 6.3404202e-001
 6.3432270e-001
 6.3460124e-001
 6.3488740e-001
 6.3516074e-001
 6.3543886e-001
 6.3572431e-001
 6.3598126e-001
 6.3625097e-001
 6.3651204e-001
 6.3675523e-001
 6.3700813e-001
 6.3726211e-001
 6.3750768e-001
 6.3774323e-001
 6.3797969e-001
 6.3821995e-001
 6.3845658e-001
 6.3868332e-001
 6.3890141e-001
 6.3915974e-001
 6.3939631e-001
 6.3960499e-001
 6.3986433e-001
 6.4010584e-001
 6.4032263e-001
 6.4052570e-001
 6.4073479e-001
 6.4094907e-001
 6.4117467e-001
 6.4139968e-001
 6.4159882e-001
 6.4180928e-001
 6.4204586e-001
 6.4230007e-001
 6.4252704e-001
 6.4275444e-001
 6.4298177e-001
 6.4320874e-001
 6.4343518e-001
 6.4366078e-001
 6.4388561e-001
 6.4410955e-001
 6.4433259e-001
 6.4455467e-001
 6.4477581e-001
 6.4499599e-001
 6.4521533e-001
 6.4543408e-001
 6.4565253e-001
 6.4587110e-001
 6.4609027e-001
 6.4631027e-001
 6.4653128e-001
 6.4675337e-001
 6.4697629e-001
 6.4719981e-001
 6.4742357e-001
 6.4764738e-001
 6.4787132e-001
 6.4809549e-001
 6.4832026e-001
 6.4854604e-001
 6.4877307e-001
 6.4900178e-001
 6.4923209e-001
 6.4946383e-001
 6.4969671e-001
 6.4993036e-001
 6.5016443e-001
 6.5039867e-001
 6.5063310e-001
 6.5086782e-001
 6.5110296e-001
 6.5133893e-001
 6.5157604e-001
 6.5181440e-001
 6.5205431e-001
 6.5229589e-001
 6.5253919e-001
 6.5278417e-001
 6.5303075e-001
 6.5327907e-001
 6.5352881e-001
 6.5378016e-001
 6.5403301e-001
 6.5428734e-001
 6.5454322e-001
 6.5480071e-001
 6.5505975e-001
 6.5532041e-001
 6.5558243e-001
 6.5584582e-001
 6.5611041e-001
 6.5637612e-001
 6.5664297e-001
 6.5691102e-001
 6.5718037e-001
 6.5745127e-001
 6.5772384e-001
 6.5799832e-001
 6.5827465e-001
 6.5855277e-001
 6.5883255e-001
 6.5911371e-001
 6.5939623e-001
 6.5967995e-001
 6.5996486e-001
 6.6025102e-001
 6.6053855e-001
 6.6082764e-001
 6.6111827e-001
 6.6141075e-001
 6.6170502e-001
 6.6200119e-001
 6.6229939e-001
 6.6259962e-001
 6.6290206e-001
 6.6320676e-001
 6.6351360e-001
 6.6382283e-001
 6.6413432e-001
 6.6444784e-001
 6.6476345e-001
 6.6508067e-001
 6.6539949e-001
 6.6571951e-001
 6.6604060e-001
 6.6636288e-001
 6.6668624e-001
 6.6701096e-001
 6.6733736e-001
 6.6766554e-001
 6.6799581e-001
 6.6832834e-001
 6.6866314e-001
 6.6900021e-001
 6.6933936e-001
 6.6968048e-001
 6.7002326e-001
 6.7036772e-001
 6.7071348e-001
 6.7106038e-001
 6.7140841e-001
 6.7175740e-001
 6.7210746e-001
 6.7245859e-001
 6.7281109e-001
 6.7316520e-001
 6.7352146e-001
 6.7387998e-001
 6.7424130e-001
 6.7460543e-001
 6.7497253e-001
 6.7534238e-001
 6.7571461e-001
 6.7608911e-001
 6.7646533e-001
 6.7684317e-001
 6.7722249e-001
 6.7760324e-001
 6.7798555e-001
 6.7836952e-001
 6.7875540e-001
 6.7914313e-001
 6.7953259e-001
 6.7992365e-001
 6.8031585e-001
 6.8070894e-001
 6.8110240e-001
 6.8149596e-001
 6.8188941e-001
 6.8228257e-001
 6.8267542e-001
 6.8306816e-001
 6.8346089e-001
 6.8385392e-001
 6.8424749e-001
 6.8464172e-001
 6.8503696e-001
 6.8543321e-001
 6.8583053e-001
 6.8622887e-001
 6.8662816e-001
 6.8702829e-001
 6.8742901e-001
 6.8783027e-001
 6.8823177e-001
 6.8863344e-001
 6.8903506e-001
 6.8943661e-001
 6.8983805e-001
 6.9023937e-001
 6.9064063e-001
 6.9104201e-001
 6.9144350e-001
 6.9184530e-001
 6.9224745e-001
 6.9264978e-001
 6.9305259e-001
 6.9345570e-001
 6.9385916e-001
 6.9426310e-001
 6.9466752e-001
 6.9507265e-001
 6.9547862e-001
 6.9588536e-001
 6.9629318e-001
 6.9670188e-001
 6.9711149e-001
 6.9752192e-001
 6.9793302e-001
 6.9834471e-001
 6.9875675e-001
 6.9916928e-001
 6.9958222e-001
 6.9999558e-001
 7.0040947e-001
 7.0082390e-001
 7.0123893e-001
 7.0165449e-001
 7.0207042e-001
 7.0248669e-001
 7.0290315e-001
 7.0331967e-001
 7.0373613e-001
 7.0415252e-001
 7.0456886e-001
 7.0498508e-001
 7.0540124e-001
 7.0581740e-001
 7.0623362e-001
 7.0665008e-001
 7.0706677e-001
 7.0748389e-001
 7.0790160e-001
 7.0831990e-001
 7.0873904e-001
 7.0915890e-001
 7.0957947e-001
 7.1000051e-001
 7.1042174e-001
 7.1084285e-001
 7.1126336e-001
 7.1168292e-001
 7.1210134e-001
 7.1251857e-001
 7.1293467e-001
 7.1334988e-001
 7.1376443e-001
 7.1417880e-001
 7.1459305e-001
 7.1500742e-001
 7.1542203e-001
 7.1583676e-001
 7.1625149e-001
 7.1666616e-001
 7.1708035e-001
 7.1749401e-001
 7.1790665e-001
 7.1831810e-001
 7.1872807e-001
 7.1913630e-001
 7.1954280e-001
 7.1994734e-001
 7.2035003e-001
 7.2075075e-001
 7.2114938e-001
 7.2154599e-001
 7.2194022e-001
 7.2233218e-001
 7.2272170e-001
 7.2310895e-001
 7.2349411e-001
 7.2387761e-001
 7.2425991e-001
 7.2464162e-001
 7.2502339e-001
 7.2540587e-001
 7.2578955e-001
 7.2617483e-001
 7.2656196e-001
 7.2695088e-001
 7.2734147e-001
 7.2773331e-001
 7.2812563e-001
 7.2851789e-001
 7.2890925e-001
 7.2929913e-001
 7.2968692e-001
 7.3007232e-001
 7.3045528e-001
 7.3083580e-001
 7.3121411e-001
 7.3159045e-001
 7.3196495e-001
 7.3233789e-001
 7.3270917e-001
 7.3307872e-001
 7.3344642e-001
 7.3381197e-001
 7.3417538e-001
 7.3453641e-001
 7.3489493e-001
 7.3525101e-001
 7.3560464e-001
 7.3595589e-001
 7.3630470e-001
 7.3665094e-001
 7.3699468e-001
 7.3733580e-001
 7.3767418e-001
 7.3800975e-001
 7.3834240e-001
 7.3867226e-001
 7.3899907e-001
 7.3932308e-001
 7.3964417e-001
 7.3996240e-001
 7.4027795e-001
 7.4059087e-001
 7.4090141e-001
 7.4120986e-001
 7.4151647e-001
 7.4182159e-001
 7.4212545e-001
 7.4242824e-001
 7.4273032e-001
 7.4303174e-001
 7.4333268e-001
 7.4363327e-001
 7.4393368e-001
 7.4423414e-001
 7.4453479e-001
 7.4483585e-001
 7.4513739e-001
 7.4543959e-001
 7.4574256e-001
 7.4604607e-001
 7.4635011e-001
 7.4665451e-001
 7.4695897e-001
 7.4726325e-001
 7.4756706e-001
 7.4787027e-001
 7.4817264e-001
 7.4847424e-001
 7.4877512e-001
 7.4907541e-001
 7.4937528e-001
 7.4967492e-001
 7.4997449e-001
 7.5027430e-001
 7.5057429e-001
 7.5087458e-001
 7.5117517e-001
 7.5147581e-001
 7.5177658e-001
 7.5207728e-001
 7.5237781e-001
 7.5267816e-001
 7.5297832e-001
 7.5327843e-001
 7.5357866e-001
 7.5387901e-001
 7.5417972e-001
 7.5448078e-001
 7.5478232e-001
 7.5508422e-001
 7.5538629e-001
 7.5568837e-001
 7.5599021e-001
 7.5629133e-001
 7.5659144e-001
 7.5689012e-001
 7.5718683e-001
 7.5748122e-001
 7.5777274e-001
 7.5806141e-001
 7.5834686e-001
 7.5862932e-001
 7.5890881e-001
 7.5918555e-001
 7.5945973e-001
 7.5973123e-001
 7.5999999e-001
 7.6026553e-001
 7.6052707e-001
 7.6078391e-001
 7.6103479e-001
 7.6127857e-001
 7.6151395e-001
 7.6173967e-001
 7.6195455e-001
 7.6215750e-001
 7.6234758e-001
 7.6252395e-001
 7.6268584e-001
 7.6283264e-001
 7.6296359e-001
 7.6307809e-001
 7.6317525e-001
 7.6325423e-001
 7.6331389e-001
 7.6335311e-001
 7.6337051e-001
 7.6336473e-001
 7.6333386e-001
 7.6327580e-001
 7.6318812e-001
 7.6306754e-001
 7.6291031e-001
 7.6271176e-001
 7.6246619e-001
 7.6216692e-001
 7.6180583e-001
 7.6137364e-001
 7.6085955e-001
 7.6025146e-001
 7.5953627e-001
 7.5870055e-001
 7.5773084e-001
 7.5661516e-001
 7.5534433e-001
 7.5391245e-001
 7.5231928e-001
 7.5056970e-001
 7.4867535e-001
 7.4665409e-001
 7.4452829e-001
 7.4232572e-001
 7.4007571e-001
 7.3781008e-001
 7.3556089e-001
 7.3335910e-001
 7.3123640e-001
 7.2922355e-001
 7.2735292e-001
 7.2565907e-001
 7.2417861e-001
 7.2295213e-001
 7.2202146e-001
 7.2142929e-001
 7.2121525e-001
 7.2141194e-001
 7.2204113e-001
 7.2310972e-001
 7.2460705e-001
 7.2650361e-001
 7.2875303e-001
 7.3129380e-001
 7.3405415e-001
 7.3695868e-001
 7.3993140e-001
 7.4290359e-001
 7.4581498e-001
 7.4861705e-001
 7.5127482e-001
 7.5376403e-001
 7.5607240e-001
 7.5819522e-001
 7.6013482e-001
 7.6189870e-001
 7.6349676e-001
 7.6494133e-001
 7.6624513e-001
 7.6742113e-001
 7.6848245e-001
 7.6944101e-001
 7.7030873e-001
 7.7109629e-001
 7.7181357e-001
 7.7247000e-001
 7.7307373e-001
 7.7363229e-001
 7.7415252e-001
 7.7464020e-001
 7.7510053e-001
 7.7553779e-001
 7.7595556e-001
 7.7635682e-001
 7.7674407e-001
 7.7711922e-001
 7.7748382e-001
 7.7783906e-001
 7.7818602e-001
 7.7852541e-001
 7.7885789e-001
 7.7918392e-001
 7.7950394e-001
 7.7981836e-001
 7.8012753e-001
 7.8043187e-001
 7.8073174e-001
 7.8102756e-001
 7.8131968e-001
 7.8160846e-001
 7.8189415e-001
 7.8217691e-001
 7.8245670e-001
 7.8273356e-001
 7.8300738e-001
 7.8327805e-001
 7.8354561e-001
 7.8381002e-001
 7.8407162e-001
 7.8433055e-001
 7.8458709e-001
 7.8484160e-001
 7.8509426e-001
 7.8534532e-001
 7.8559488e-001
 7.8584301e-001
 7.8608966e-001
 7.8633475e-001
 7.8657800e-001
 7.8681922e-001
 7.8705794e-001
 7.8729403e-001
 7.8752702e-001
 7.8775674e-001
 7.8798300e-001
 7.8820568e-001
 7.8842467e-001
 7.8864008e-001
 7.8885186e-001
 7.8906024e-001
 7.8926522e-001
 7.8946710e-001
 7.8966606e-001
 7.8986228e-001
 7.9005617e-001
 7.9024798e-001
 7.9043794e-001
 7.9062629e-001
 7.9081303e-001
 7.9099852e-001
 7.9118264e-001
 7.9136568e-001
 7.9154772e-001
 7.9172897e-001
 7.9190975e-001
 7.9209018e-001
 7.9227054e-001
 7.9245085e-001
 7.9263103e-001
 7.9281104e-001
 7.9299051e-001
 7.9316920e-001
 7.9334688e-001
 7.9352325e-001
 7.9369819e-001
 7.9387146e-001
 7.9404300e-001
 7.9421300e-001
 7.9438144e-001
 7.9454857e-001
 7.9471463e-001
 7.9487967e-001
 7.9504406e-001
 7.9520780e-001
 7.9537106e-001
 7.9553384e-001
 7.9569620e-001
 7.9585826e-001
 7.9601997e-001
 7.9618150e-001
 7.9634303e-001
 7.9650456e-001
 7.9666632e-001
 7.9682839e-001
 7.9699081e-001
 7.9715365e-001
 7.9731697e-001
 7.9748064e-001
 7.9764479e-001
 7.9780918e-001
 7.9797399e-001
 7.9813904e-001
 7.9830432e-001
 7.9846996e-001
 7.9863596e-001
 7.9880238e-001
 7.9896933e-001
 7.9913700e-001
 7.9930532e-001
 7.9947442e-001
 7.9964423e-001
 7.9981476e-001
 7.9998589e-001
 8.0015743e-001
 8.0032921e-001
 8.0050123e-001
 8.0067325e-001
 8.0084544e-001
 8.0101782e-001
 8.0119056e-001
 8.0136400e-001
 8.0153823e-001
 8.0171335e-001
 8.0188936e-001
 8.0206615e-001
 8.0224347e-001
 8.0242097e-001
 8.0259812e-001
 8.0277473e-001
 8.0295026e-001
 8.0312449e-001
 8.0329728e-001
 8.0346847e-001
 8.0363816e-001
 8.0380654e-001
 8.0397385e-001
 8.0414039e-001
 8.0430639e-001
 8.0447209e-001
 8.0463761e-001
 8.0480307e-001
 8.0496836e-001
 8.0513334e-001
 8.0529785e-001
 8.0546170e-001
 8.0562460e-001
 8.0578643e-001
 8.0594695e-001
 8.0610609e-001
 8.0626380e-001
 8.0642015e-001
 8.0657518e-001
 8.0672896e-001
 8.0688155e-001
 8.0703300e-001
 8.0718327e-001
 8.0733240e-001
 8.0748028e-001
 8.0762678e-001
 8.0777186e-001
 8.0791539e-001
 8.0805725e-001
 8.0819744e-001
 8.0833596e-001
 8.0847293e-001
 8.0860847e-001
 8.0874264e-001
 8.0887574e-001
 8.0900782e-001
 8.0913907e-001
 8.0926955e-001
 8.0939943e-001
 8.0952889e-001
 8.0965793e-001
 8.0978668e-001
 8.0991530e-001
 8.1004381e-001
 8.1017226e-001
 8.1030059e-001
 8.1042886e-001
 8.1055689e-001
 8.1068480e-001
 8.1081253e-001
 8.1094003e-001
 8.1106734e-001
 8.1119442e-001
 8.1132132e-001
 8.1144804e-001
 8.1157452e-001
 8.1170076e-001
 8.1182683e-001
 8.1195253e-001
 8.1207794e-001
 8.1220305e-001
 8.1232798e-001
 8.1245279e-001
 8.1257755e-001
 8.1270242e-001
 8.1282747e-001
 8.1295282e-001
 8.1307846e-001
 8.1320441e-001
 8.1333071e-001
 8.1345719e-001
 8.1358391e-001
 8.1371075e-001
 8.1383759e-001
 8.1396443e-001
 8.1409109e-001
 8.1421751e-001
 8.1434375e-001
 8.1446964e-001
 8.1459528e-001
 8.1472075e-001
 8.1484592e-001
 8.1497079e-001
 8.1509542e-001
 8.1521964e-001
 8.1534338e-001
 8.1546658e-001
 8.1558913e-001
 8.1571102e-001
 8.1583232e-001
 8.1595290e-001
 8.1607294e-001
 8.1619245e-001
 8.1631148e-001
 8.1643003e-001
 8.1654811e-001
 8.1666577e-001
 8.1678307e-001
 8.1690007e-001
 8.1701684e-001
 8.1713355e-001
 8.1725031e-001
 8.1736726e-001
 8.1748438e-001
 8.1760180e-001
 8.1771946e-001
 8.1783718e-001
 8.1795490e-001
 8.1807238e-001
 8.1818950e-001
 8.1830609e-001
 8.1842202e-001
 8.1853741e-001
 8.1865221e-001
 8.1876665e-001
 8.1888098e-001
 8.1899542e-001
 8.1911033e-001
 8.1922591e-001
 8.1934249e-001
 8.1946009e-001
 8.1957877e-001
 8.1969845e-001
 8.1981897e-001
 8.1994003e-001
 8.2006150e-001
 8.2018298e-001
 8.2030416e-001
 8.2042474e-001
 8.2054424e-001
 8.2066244e-001
 8.2077879e-001
 8.2089287e-001
 8.2100415e-001
 8.2111222e-001
 8.2121658e-001
 8.2131684e-001
 8.2141274e-001
 8.2150418e-001
 8.2159114e-001
 8.2167357e-001
 8.2175183e-001
 8.2182592e-001
 8.2189608e-001
 8.2196242e-001
 8.2202488e-001
 8.2208341e-001
 8.2213789e-001
 8.2218808e-001
 8.2223386e-001
 8.2227516e-001
 8.2231206e-001
 8.2234466e-001
 8.2237333e-001
 8.2239842e-001
 8.2242036e-001
 8.2243955e-001
 8.2245624e-001
 8.2247055e-001
 8.2248259e-001
 8.2249224e-001
 8.2249951e-001
 8.2250458e-001
 8.2250768e-001
 8.2250935e-001
 8.2251036e-001
 8.2251149e-001
 8.2251364e-001
 8.2251763e-001
 8.2252395e-001
 8.2253301e-001
 8.2254481e-001
 8.2255924e-001
 8.2257605e-001
 8.2259506e-001
 8.2261598e-001
 8.2263875e-001
 8.2266319e-001
 8.2268918e-001
 8.2271665e-001
 8.2274544e-001
 8.2277548e-001
 8.2280684e-001
 8.2283956e-001
 8.2287383e-001
 8.2291007e-001
 8.2294858e-001
 8.2298958e-001
 8.2303321e-001
 8.2307959e-001
 8.2312852e-001
 8.2317990e-001
 8.2323349e-001
 8.2328910e-001
 8.2334661e-001
 8.2340580e-001
 8.2346654e-001
 8.2352871e-001
 8.2359201e-001
 8.2365626e-001
 8.2372111e-001
 8.2378614e-001
 8.2385099e-001
 8.2391530e-001
 8.2397878e-001
 8.2404113e-001
 8.2410210e-001
 8.2416153e-001
 8.2421935e-001
 8.2427537e-001
 8.2432956e-001
 8.2438183e-001
 8.2443213e-001
 8.2448053e-001
 8.2452697e-001
 8.2457143e-001
 8.2461405e-001
 8.2465476e-001
 8.2469380e-001
 8.2473129e-001
 8.2476753e-001
 8.2480288e-001
 8.2483774e-001
 8.2487255e-001
 8.2490736e-001
 8.2494289e-001
 8.2497877e-001
 8.2501459e-001
 8.2504970e-001
 8.2508314e-001
 8.2511401e-001
 8.2514149e-001
 8.2516497e-001
 8.2518417e-001
 8.2519913e-001
 8.2521021e-001
 8.2521766e-001
 8.2522207e-001
 8.2522357e-001
 8.2522231e-001
 8.2521838e-001
 8.2521164e-001
 8.2520211e-001
 8.2518983e-001
 8.2517499e-001
 8.2515782e-001
 8.2513869e-001
 8.2511789e-001
 8.2509571e-001
 8.2507253e-001
 8.2504874e-001
 8.2502490e-001
 8.2500148e-001
 8.2497913e-001
 8.2495809e-001
 8.2493877e-001
 8.2492119e-001
 8.2490510e-001
 8.2489032e-001
 8.2487661e-001
 8.2486397e-001
 8.2485265e-001
 8.2484317e-001
 8.2483631e-001
 8.2483304e-001
 8.2483393e-001
 8.2483953e-001
 8.2484978e-001
 8.2486427e-001
 8.2488203e-001
 8.2490200e-001
 8.2492292e-001
 8.2494354e-001
 8.2496256e-001
 8.2497889e-001
 8.2499141e-001
 8.2499892e-001
 8.2500035e-001
 8.2499433e-001
 8.2497966e-001
 8.2495505e-001
 8.2491916e-001
 8.2487100e-001
 8.2480967e-001
 8.2473445e-001
 8.2464474e-001
 8.2453990e-001
 8.2441878e-001
 8.2427984e-001
 8.2412112e-001
 8.2393992e-001
 8.2373339e-001
 8.2349896e-001
 8.2323438e-001
 8.2293832e-001
 8.2261056e-001
 8.2225204e-001
 8.2186472e-001
 8.2145137e-001
 8.2101500e-001
 8.2055867e-001
 8.2008475e-001
 8.1959486e-001
 8.1908935e-001
 8.1856728e-001
 8.1802648e-001
 8.1746346e-001
 8.1687415e-001
 8.1625378e-001
 8.1559771e-001
 8.1490177e-001
 8.1416214e-001
 8.1337631e-001
 8.1254297e-001
 8.1166196e-001
 8.1073481e-001
 8.0976427e-001
 8.0875498e-001
 8.0771309e-001
 8.0664587e-001
 8.0556244e-001
 8.0447239e-001
 8.0338675e-001
 8.0231690e-001
 8.0127388e-001
 8.0026919e-001
 7.9931295e-001
 7.9841512e-001
 7.9758430e-001
 7.9682767e-001
 7.9615122e-001
 7.9555875e-001
 7.9505259e-001
 7.9463291e-001
 7.9429764e-001
 7.9404294e-001
 7.9386342e-001
 7.9375207e-001
 7.9370117e-001
 7.9370219e-001
 7.9374671e-001
 7.9382646e-001
 7.9393393e-001
 7.9406244e-001
 7.9420674e-001
 7.9436266e-001
 7.9452723e-001
 7.9469824e-001
 7.9487413e-001
 7.9505378e-001
 7.9523599e-001
 7.9541939e-001
 7.9560286e-001
 7.9578483e-001
 7.9596388e-001
 7.9613858e-001
 7.9630762e-001
 7.9646993e-001
 7.9662436e-001
 7.9677027e-001
 7.9690701e-001
 7.9703420e-001
 7.9715174e-001
 7.9725993e-001
 7.9735893e-001
 7.9744941e-001
 7.9753184e-001
 7.9760695e-001
 7.9767537e-001
 7.9773748e-001
 7.9779369e-001
 7.9784405e-001
 7.9788858e-001
 7.9792702e-001
 7.9795891e-001
 7.9798394e-001
 7.9800195e-001
 7.9801291e-001
 7.9801702e-001
 7.9801482e-001
 7.9800677e-001
 7.9799354e-001
 7.9797560e-001
 7.9795343e-001
 7.9792732e-001
 7.9789758e-001
 7.9786444e-001
 7.9782814e-001
 7.9778880e-001
 7.9774648e-001
 7.9770100e-001
 7.9765242e-001
 7.9760069e-001
 7.9754573e-001
 7.9748780e-001
 7.9742718e-001
 7.9736418e-001
 7.9729927e-001
 7.9723293e-001
 7.9716569e-001
 7.9709810e-001
 7.9703069e-001
 7.9696393e-001
 7.9689842e-001
 7.9683453e-001
 7.9677266e-001
 7.9671311e-001
 7.9665619e-001
 7.9660219e-001
 7.9655123e-001
 7.9650337e-001
 7.9645860e-001
 7.9641682e-001
 7.9637796e-001
 7.9634207e-001
 7.9630947e-001
 7.9628086e-001
 7.9625738e-001
 7.9624033e-001
 7.9623139e-001
 7.9623216e-001
 7.9624432e-001
 7.9626912e-001
 7.9630774e-001
 7.9636085e-001
 7.9642880e-001
 7.9651141e-001
 7.9660803e-001
 7.9671788e-001
 7.9683983e-001
 7.9697287e-001
 7.9711598e-001
 7.9726833e-001
 7.9742897e-001
 7.9759723e-001
 7.9777247e-001
 7.9795378e-001
 7.9814070e-001
 7.9833287e-001
 7.9852998e-001
 7.9873222e-001
 7.9893976e-001
 7.9915285e-001
 7.9937130e-001
 7.9959464e-001
 7.9982197e-001
 8.0005163e-001
 8.0028194e-001
 8.0051070e-001
 8.0073565e-001
 8.0095494e-001
 8.0116707e-001
 8.0137080e-001
 8.0156577e-001
 8.0175221e-001
 8.0193073e-001
 8.0210221e-001
 8.0226773e-001
 8.0242825e-001
 8.0258423e-001
 8.0273616e-001
 8.0288428e-001
 8.0302876e-001
 8.0317003e-001
 8.0330837e-001
 8.0344427e-001
 8.0357790e-001
 8.0370915e-001
 8.0383724e-001
 8.0396092e-001
 8.0407864e-001
 8.0418867e-001
 8.0428946e-001
 8.0437970e-001
 8.0445880e-001
 8.0452627e-001
 8.0458242e-001
 8.0462754e-001
 8.0466235e-001
 8.0468750e-001
 8.0470377e-001
 8.0471164e-001
 8.0471122e-001
 8.0470234e-001
 8.0468458e-001
 8.0465728e-001
 8.0462009e-001
 8.0457288e-001
 8.0451608e-001
 8.0445087e-001
 8.0437869e-001
 8.0430120e-001
 8.0421990e-001
 8.0413568e-001
 8.0404854e-001
 8.0395740e-001
 8.0386037e-001
 8.0375451e-001
 8.0363655e-001
 8.0350327e-001
 8.0335176e-001
 8.0317992e-001
 8.0298656e-001
 8.0277133e-001
 8.0253458e-001
 8.0227727e-001
 8.0200046e-001
 8.0170524e-001
 8.0139291e-001
 8.0106461e-001
 8.0072170e-001
 8.0036557e-001
 7.9999822e-001
 7.9962146e-001
 7.9923701e-001
 7.9884672e-001
 7.9845190e-001
 7.9805350e-001
 7.9765266e-001
 7.9725003e-001
 7.9684651e-001
 7.9644287e-001
 7.9604030e-001
 7.9563975e-001
 7.9524201e-001
 7.9484802e-001
 7.9445845e-001
 7.9407424e-001
 7.9369670e-001
 7.9332727e-001
 7.9296786e-001
 7.9262084e-001
 7.9228836e-001
 7.9197252e-001
 7.9167485e-001
 7.9139662e-001
 7.9113823e-001
 7.9089987e-001
 7.9068154e-001
 7.9048306e-001
 7.9030430e-001
 7.9014534e-001
 7.9000580e-001
 7.8988498e-001
 7.8978157e-001
 7.8969371e-001
 7.8961873e-001
 7.8955352e-001
 7.8949487e-001
 7.8943926e-001
 7.8938335e-001
 7.8932422e-001
 7.8925884e-001
 7.8918457e-001
 7.8909862e-001
 7.8899795e-001
 7.8887922e-001
 7.8873861e-001
 7.8857231e-001
 7.8837621e-001
 7.8814673e-001
 7.8788072e-001
 7.8757572e-001
 7.8722972e-001
 7.8684145e-001
 7.8640974e-001
 7.8593367e-001
 7.8541231e-001
 7.8484517e-001
 7.8423178e-001
 7.8357178e-001
 7.8286552e-001
 7.8211337e-001
 7.8131557e-001
 7.8047305e-001
 7.7958614e-001
 7.7865463e-001
 7.7767897e-001
 7.7665842e-001
 7.7559221e-001
 7.7447897e-001
 7.7331769e-001
 7.7210593e-001
 7.7084053e-001
 7.6951844e-001
 7.6813459e-001
 7.6668274e-001
 7.6515657e-001
 7.6354790e-001
 7.6184785e-001
 7.6004660e-001
 7.5813538e-001
 7.5610435e-001
 7.5394422e-001
 7.5164872e-001
 7.4921161e-001
 7.4662894e-001
 7.4390072e-001
 7.4102741e-001
 7.3801172e-001
 7.3486054e-001
 7.3158079e-001
 7.2818261e-001
 7.2467798e-001
 7.2108471e-001
 7.1742165e-001
 7.1371126e-001
 7.0998228e-001
 7.0626414e-001
 7.0258909e-001
 6.9899386e-001
 6.9551373e-001
 6.9218498e-001
 6.8904197e-001
 6.8611938e-001
 6.8344647e-001
 6.8104887e-001
 6.7894959e-001
 6.7716527e-001
 6.7570853e-001
 6.7458898e-001
 6.7381209e-001
 6.7338115e-001
 6.7329800e-001
 6.7356336e-001
 6.7417693e-001
 6.7513716e-001
 6.7643946e-001
 6.7807597e-001
 6.8003380e-001
 6.8229169e-001
 6.8482220e-001
 6.8759030e-001
 6.9055212e-001
 6.9366062e-001
 6.9686502e-001
 7.0011526e-001
 7.0336109e-001
 7.0655876e-001
 7.0967048e-001
 7.1266299e-001
 7.1551239e-001
 7.1820140e-001
 7.2071731e-001
 7.2305489e-001
 7.2521293e-001
 7.2719455e-001
 7.2900414e-001
 7.3064995e-001
 7.3214144e-001
 7.3348778e-001
 7.3469990e-001
 7.3578864e-001
 7.3676389e-001
 7.3763567e-001
 7.3841345e-001
 7.3910511e-001
 7.3971832e-001
 7.4025965e-001
 7.4073482e-001
 7.4114859e-001
 7.4150503e-001
 7.4180770e-001
 7.4205935e-001
 7.4226266e-001
 7.4242026e-001
 7.4253488e-001
 7.4260980e-001
 7.4264890e-001
 7.4265665e-001
 7.4263847e-001
 7.4260038e-001
 7.4254900e-001
 7.4249160e-001
 7.4243587e-001
 7.4238932e-001
 7.4235934e-001
 7.4235272e-001
 7.4237508e-001
 7.4243093e-001
 7.4252331e-001
 7.4265361e-001
 7.4282151e-001
 7.4302506e-001
 7.4326068e-001
 7.4352354e-001
 7.4380773e-001
 7.4410677e-001
 7.4441427e-001
 7.4472374e-001
 7.4502975e-001
 7.4532753e-001
 7.4561328e-001
 7.4588364e-001
 7.4613607e-001
 7.4636781e-001
 7.4657589e-001
 7.4675691e-001
 7.4690682e-001
 7.4702114e-001
 7.4709523e-001
 7.4712509e-001
 7.4710739e-001
 7.4704021e-001
 7.4692279e-001
 7.4675578e-001
 7.4654067e-001
 7.4627936e-001
 7.4597389e-001
 7.4562615e-001
 7.4523771e-001
 7.4480963e-001
 7.4434322e-001
 7.4383944e-001
 7.4329925e-001
 7.4272346e-001
 7.4211305e-001
 7.4146807e-001
 7.4078786e-001
 7.4007183e-001
 7.3931837e-001
 7.3852599e-001
 7.3769426e-001
 7.3682338e-001
 7.3591459e-001
 7.3497128e-001
 7.3399723e-001
 7.3299676e-001
 7.3197383e-001
 7.3093265e-001
 7.2987533e-001
 7.2880292e-001
 7.2771609e-001
 7.2661388e-001
 7.2549492e-001
 7.2435874e-001
 7.2320414e-001
 7.2203064e-001
 7.2083783e-001
 7.1962631e-001
 7.1839601e-001
 7.1714664e-001
 7.1587884e-001
 7.1459210e-001
 7.1328598e-001
 7.1196085e-001
 7.1061629e-001
 7.0925230e-001
 7.0786875e-001
 7.0646721e-001
 7.0504862e-001
 7.0361513e-001
 7.0217073e-001
 7.0071971e-001
 6.9926715e-001
 6.9782013e-001
 6.9638503e-001
 6.9496852e-001
 6.9357842e-001
 6.9222164e-001
 6.9090551e-001
 6.8963748e-001
 6.8842596e-001
 6.8727869e-001
 6.8620360e-001
 6.8520939e-001
 6.8430358e-001
 6.8349344e-001
 6.8278605e-001
 6.8218678e-001
 6.8169969e-001
 6.8132693e-001
 6.8106842e-001
 6.8092155e-001
 6.8088156e-001
 6.8094152e-001
 6.8109322e-001
 6.8132716e-001
 6.8163276e-001
 6.8199855e-001
 6.8241203e-001
 6.8285894e-001
 6.8332440e-001
 6.8379265e-001
 6.8424857e-001
 6.8467802e-001
 6.8507010e-001
 6.8541712e-001
 6.8571514e-001
 6.8596369e-001
 6.8616503e-001
 6.8632281e-001
 6.8644130e-001
 6.8652463e-001
 6.8657607e-001
 6.8659842e-001
 6.8659401e-001
 6.8656564e-001
 6.8651652e-001
 6.8645108e-001
 6.8637484e-001
 6.8629438e-001
 6.8621659e-001
 6.8614841e-001
 6.8609577e-001
 6.8606341e-001
 6.8605387e-001
 6.8606788e-001
 6.8610400e-001
 6.8615907e-001
 6.8622857e-001
 6.8630672e-001
 6.8638706e-001
 6.8646240e-001
 6.8652534e-001
 6.8656802e-001
 6.8658280e-001
 6.8656176e-001
 6.8649739e-001
 6.8638247e-001
 6.8621039e-001
 6.8597573e-001
 6.8567437e-001
 6.8530399e-001
 6.8486446e-001
 6.8435717e-001
 6.8378484e-001
 6.8315154e-001
 6.8246132e-001
 6.8171841e-001
 6.8092674e-001
 6.8009049e-001
 6.7921317e-001
 6.7829812e-001
 6.7734915e-001
 6.7636967e-001
 6.7536330e-001
 6.7433500e-001
 6.7328984e-001
 6.7223376e-001
 6.7117286e-001
 6.7011356e-001
 6.6906041e-001
 6.6801608e-001
 6.6698194e-001
 6.6595727e-001
 6.6494048e-001
 6.6393131e-001
 6.6293019e-001
 6.6193956e-001
 6.6096467e-001
 6.6001177e-001
 6.5908837e-001
 6.5820193e-001
 6.5736055e-001
 6.5657121e-001
 6.5584064e-001
 6.5517545e-001
 6.5458095e-001
 6.5406126e-001
 6.5361905e-001
 6.5325439e-001
 6.5296519e-001
 6.5274698e-001
 6.5259403e-001
 6.5249920e-001
 6.5245503e-001
 6.5245414e-001
 6.5248930e-001
 6.5255392e-001
 6.5264219e-001
 6.5274930e-001
 6.5287167e-001
 6.5300727e-001
 6.5315527e-001
 6.5331602e-001
 6.5349030e-001
 6.5367836e-001
 6.5387934e-001
 6.5409070e-001
 6.5430790e-001
 6.5452546e-001
 6.5473765e-001
 6.5493941e-001
 6.5512764e-001
 6.5530127e-001
 6.5546161e-001
 6.5561134e-001
 6.5575421e-001
 6.5589404e-001
 6.5603375e-001
 6.5617532e-001
 6.5631908e-001
 6.5646392e-001
 6.5660727e-001
 6.5674555e-001
 6.5687466e-001
 6.5699077e-001
 6.5709114e-001
 6.5717465e-001
 6.5724206e-001
 6.5729618e-001
 6.5734076e-001
 6.5737975e-001
 6.5741640e-001
 6.5745246e-001
 6.5748793e-001
 6.5752167e-001
 6.5755200e-001
 6.5757787e-001
 6.5759951e-001
 6.5761924e-001
 6.5764171e-001
 6.5767318e-001
 6.5772063e-001
 6.5779066e-001
 6.5788752e-001
 6.5801245e-001
 6.5816319e-001
 6.5833437e-001
 6.5851885e-001
 6.5870887e-001
 6.5889734e-001
-1.2300000e+034
