s07_ASD Record=13339: Gyp.5+Kjar.3+hAlmsc.2 AMX24   BECKa AREF
 5.2090997e-001
 5.2182966e-001
 5.2273172e-001
 5.2362490e-001
 5.2452809e-001
 5.2546161e-001
 5.2643722e-001
 5.2745211e-001
 5.2849025e-001
 5.2952766e-001
 5.3054035e-001
 5.3150952e-001
 5.3242332e-001
 5.3327745e-001
 5.3407633e-001
 5.3483284e-001
 5.3556675e-001
 5.3630233e-001
 5.3706568e-001
 5.3788042e-001
 5.3876126e-001
 5.3970766e-001
 5.4070354e-001
 5.4172343e-001
 5.4274279e-001
 5.4374707e-001
 5.4473901e-001
 5.4573679e-001
 5.4676145e-001
 5.4782408e-001
 5.4892236e-001
 5.5004603e-001
 5.5118436e-001
 5.5233192e-001
 5.5349237e-001
 5.5467981e-001
 5.5591339e-001
 5.5720991e-001
 5.5857962e-001
 5.6002522e-001
 5.6154466e-001
 5.6313437e-001
 5.6478983e-001
 5.6650597e-001
 5.6827736e-001
 5.7010001e-001
 5.7197177e-001
 5.7389182e-001
 5.7585847e-001
 5.7786947e-001
 5.7992345e-001
 5.8202279e-001
 5.8417344e-001
 5.8638024e-001
 5.8864093e-001
 5.9094119e-001
 5.9325463e-001
 5.9555000e-001
 5.9779948e-001
 5.9996510e-001
 6.0199422e-001
 6.0386974e-001
 6.0557681e-001
 6.0707474e-001
 6.0830611e-001
 6.0928589e-001
 6.1007982e-001
 6.1075294e-001
 6.1135530e-001
 6.1192179e-001
 6.1246824e-001
 6.1299109e-001
 6.1346900e-001
 6.1386389e-001
 6.1412489e-001
 6.1420047e-001
 6.1405748e-001
 6.1369824e-001
 6.1316788e-001
 6.1254609e-001
 6.1192691e-001
 6.1139649e-001
 6.1101764e-001
 6.1082947e-001
 6.1085677e-001
 6.1112040e-001
 6.1163515e-001
 6.1239672e-001
 6.1336774e-001
 6.1448091e-001
 6.1566365e-001
 6.1687416e-001
 6.1812568e-001
 6.1948329e-001
 6.2103343e-001
 6.2284273e-001
 6.2492192e-001
 6.2721014e-001
 6.2959290e-001
 6.3194466e-001
 6.3417494e-001
 6.3625401e-001
 6.3820708e-001
 6.4008439e-001
 6.4192384e-001
 6.4372271e-001
 6.4543539e-001
 6.4699954e-001
 6.4837271e-001
 6.4956468e-001
 6.5064830e-001
 6.5173137e-001
 6.5289938e-001
 6.5416229e-001
 6.5545213e-001
 6.5667158e-001
 6.5775377e-001
 6.5868819e-001
 6.5950781e-001
 6.6026086e-001
 6.6098738e-001
 6.6170794e-001
 6.6242701e-001
 6.6315073e-001
 6.6390741e-001
 6.6474533e-001
 6.6569990e-001
 6.6675657e-001
 6.6785520e-001
 6.6894001e-001
 6.7000622e-001
 6.7108428e-001
 6.7217058e-001
 6.7318529e-001
 6.7402309e-001
 6.7466617e-001
 6.7524403e-001
 6.7596662e-001
 6.7697620e-001
 6.7824948e-001
 6.7962670e-001
 6.8092632e-001
 6.8203914e-001
 6.8294525e-001
 6.8367952e-001
 6.8429160e-001
 6.8482310e-001
 6.8530053e-001
 6.8573797e-001
 6.8614012e-001
 6.8650198e-001
 6.8682009e-001
 6.8712234e-001
 6.8748486e-001
 6.8799901e-001
 6.8870789e-001
 6.8957287e-001
 6.9049895e-001
 6.9138867e-001
 6.9218892e-001
 6.9290966e-001
 6.9360566e-001
 6.9433415e-001
 6.9513440e-001
 6.9604784e-001
 6.9712001e-001
 6.9833803e-001
 6.9958007e-001
 7.0068765e-001
 7.0161480e-001
 7.0247293e-001
 7.0340383e-001
 7.0441848e-001
 7.0538276e-001
 7.0616233e-001
 7.0676851e-001
 7.0736182e-001
 7.0812732e-001
 7.0915276e-001
 7.1039081e-001
 7.1169966e-001
 7.1292931e-001
 7.1402216e-001
 7.1505666e-001
 7.1616834e-001
 7.1740019e-001
 7.1863335e-001
 7.1969253e-001
 7.2053504e-001
 7.2131866e-001
 7.2225815e-001
 7.2342199e-001
 7.2469342e-001
 7.2590518e-001
 7.2697246e-001
 7.2791851e-001
 7.2883588e-001
 7.2983491e-001
 7.3098052e-001
 7.3224527e-001
 7.3352826e-001
 7.3472142e-001
 7.3575985e-001
 7.3664904e-001
 7.3748142e-001
 7.3839152e-001
 7.3942995e-001
 7.4049497e-001
 7.4145007e-001
 7.4228358e-001
 7.4307573e-001
 7.4383831e-001
 7.4450004e-001
 7.4505877e-001
 7.4565703e-001
 7.4646002e-001
 7.4748576e-001
 7.4858117e-001
 7.4956924e-001
 7.5042021e-001
 7.5127429e-001
 7.5228041e-001
 7.5340110e-001
 7.5439739e-001
 7.5504816e-001
 7.5537616e-001
 7.5561291e-001
 7.5595182e-001
 7.5638831e-001
 7.5680071e-001
 7.5713778e-001
 7.5748432e-001
 7.5794137e-001
 7.5850141e-001
 7.5909466e-001
 7.5969881e-001
 7.6031381e-001
 7.6090276e-001
 7.6149952e-001
 7.6230699e-001
 7.6348740e-001
 7.6485503e-001
 7.6594496e-001
 7.6642346e-001
 7.6635611e-001
 7.6612246e-001
 7.6615906e-001
 7.6671982e-001
 7.6772887e-001
 7.6885539e-001
 7.6983893e-001
 7.7067941e-001
 7.7146292e-001
 7.7217472e-001
 7.7280319e-001
 7.7347213e-001
 7.7431101e-001
 7.7529329e-001
 7.7629006e-001
 7.7722710e-001
 7.7813721e-001
 7.7905434e-001
 7.7988988e-001
 7.8050160e-001
 7.8088355e-001
 7.8119487e-001
 7.8161758e-001
 7.8226924e-001
 7.8319180e-001
 7.8429723e-001
 7.8535652e-001
 7.8620523e-001
 7.8696048e-001
 7.8785032e-001
 7.8880304e-001
 7.8946161e-001
 7.8972888e-001
 7.8999221e-001
 7.9060042e-001
 7.9145718e-001
 7.9227215e-001
 7.9283917e-001
 7.9311579e-001
 7.9335749e-001
 7.9397297e-001
 7.9498130e-001
 7.9594105e-001
 7.9657090e-001
 7.9707181e-001
 7.9767680e-001
 7.9827839e-001
 7.9868472e-001
 7.9895741e-001
 7.9934156e-001
 8.0002534e-001
 8.0103314e-001
 8.0221248e-001
 8.0326819e-001
 8.0394918e-001
 8.0430698e-001
 8.0468702e-001
 8.0537963e-001
 8.0632395e-001
 8.0718571e-001
 8.0771911e-001
 8.0805361e-001
 8.0855453e-001
 8.0937958e-001
 8.1032044e-001
 8.1111872e-001
 8.1175840e-001
 8.1239790e-001
 8.1316513e-001
 8.1407154e-001
 8.1503093e-001
 8.1591672e-001
 8.1666476e-001
 8.1735373e-001
 8.1815964e-001
 8.1918603e-001
 8.2033181e-001
 8.2139415e-001
 8.2226747e-001
 8.2298309e-001
 8.2360500e-001
 8.2415134e-001
 8.2460779e-001
 8.2499677e-001
 8.2542396e-001
 8.2603723e-001
 8.2691950e-001
 8.2801414e-001
 8.2915747e-001
 8.3018273e-001
 8.3100271e-001
 8.3162814e-001
 8.3215356e-001
 8.3273113e-001
 8.3349657e-001
 8.3444363e-001
 8.3535588e-001
 8.3592880e-001
 8.3604151e-001
 8.3593315e-001
 8.3607298e-001
 8.3680409e-001
 8.3808559e-001
 8.3956361e-001
 8.4084177e-001
 8.4168959e-001
 8.4211004e-001
 8.4233057e-001
 8.4271228e-001
 8.4342682e-001
 8.4414274e-001
 8.4451807e-001
 8.4461975e-001
 8.4467030e-001
 8.4469837e-001
 8.4464312e-001
 8.4456599e-001
 8.4453702e-001
 8.4447634e-001
 8.4428531e-001
 8.4405744e-001
 8.4407711e-001
 8.4459364e-001
 8.4550506e-001
 8.4630841e-001
 8.4653497e-001
 8.4615171e-001
 8.4544396e-001
 8.4469569e-001
 8.4406167e-001
 8.4357131e-001
 8.4313339e-001
 8.4260988e-001
 8.4200025e-001
 8.4149933e-001
 8.4125459e-001
 8.4115404e-001
 8.4095913e-001
 8.4056097e-001
 8.4005690e-001
 8.3960527e-001
 8.3917743e-001
 8.3854866e-001
 8.3767992e-001
 8.3688819e-001
 8.3638573e-001
 8.3596075e-001
 8.3543313e-001
 8.3502930e-001
 8.3491367e-001
 8.3473450e-001
 8.3402604e-001
 8.3283198e-001
 8.3153844e-001
 8.3053392e-001
 8.3003753e-001
 8.2986414e-001
 8.2952130e-001
 8.2877833e-001
 8.2787013e-001
 8.2708329e-001
 8.2649112e-001
 8.2598341e-001
 8.2543188e-001
 8.2484174e-001
 8.2435089e-001
 8.2404894e-001
 8.2376027e-001
 8.2306510e-001
 8.2162619e-001
 8.1957835e-001
 8.1751341e-001
 8.1602353e-001
 8.1525952e-001
 8.1492734e-001
 8.1463343e-001
 8.1413120e-001
 8.1334561e-001
 8.1231725e-001
 8.1123066e-001
 8.1036514e-001
 8.0991727e-001
 8.0985796e-001
 8.0990428e-001
 8.0963516e-001
 8.0894846e-001
 8.0773777e-001
 8.0635363e-001
 8.0500376e-001
 8.0376822e-001
 8.0267543e-001
 8.0175394e-001
 8.0102259e-001
 8.0043238e-001
 7.9990792e-001
 7.9937315e-001
 7.9876739e-001
 7.9812431e-001
 7.9751658e-001
 7.9701692e-001
 7.9667985e-001
 7.9643780e-001
 7.9617441e-001
 7.9577279e-001
 7.9513836e-001
 7.9432297e-001
 7.9329115e-001
 7.9246491e-001
 7.9180682e-001
 7.9132777e-001
 7.9094267e-001
 7.9056197e-001
 7.9009634e-001
 7.8945988e-001
 7.8864729e-001
 7.8773367e-001
 7.8679699e-001
 7.8591585e-001
 7.8516489e-001
 7.8454214e-001
 7.8396970e-001
 7.8336656e-001
 7.8265154e-001
 7.8174776e-001
 7.8066689e-001
 7.7950841e-001
 7.7837485e-001
 7.7736944e-001
 7.7659488e-001
 7.7612174e-001
 7.7589619e-001
 7.7583396e-001
 7.7585095e-001
 7.7586275e-001
 7.7578521e-001
 7.7555454e-001
 7.7518576e-001
 7.7471262e-001
 7.7416915e-001
 7.7358902e-001
 7.7300632e-001
 7.7245474e-001
 7.7196032e-001
 7.7151883e-001
 7.7111888e-001
 7.7074909e-001
 7.7039796e-001
 7.7005416e-001
-1.2300000e+034
-1.2300000e+034
 7.6895249e-001
 7.6852387e-001
 7.6804554e-001
 7.6750594e-001
 7.6689392e-001
 7.6619786e-001
 7.6540661e-001
 7.6450843e-001
 7.6350051e-001
 7.6241070e-001
 7.6127440e-001
 7.6012671e-001
 7.5900298e-001
 7.5793821e-001
 7.5696802e-001
 7.5612748e-001
 7.5544256e-001
 7.5490475e-001
 7.5449800e-001
 7.5420594e-001
 7.5401241e-001
 7.5390089e-001
 7.5385553e-001
 7.5385964e-001
 7.5389731e-001
 7.5395209e-001
 7.5400782e-001
 7.5404811e-001
 7.5405955e-001
 7.5403845e-001
 7.5398356e-001
 7.5389314e-001
 7.5376606e-001
 7.5360090e-001
 7.5339615e-001
 7.5315058e-001
 7.5286263e-001
 7.5253099e-001
 7.5215429e-001
 7.5173092e-001
 7.5126237e-001
 7.5075817e-001
 7.5023043e-001
 7.4969095e-001
 7.4915177e-001
 7.4862462e-001
 7.4812168e-001
 7.4765456e-001
 7.4723536e-001
 7.4687582e-001
 7.4658793e-001
 7.4637878e-001
 7.4623847e-001
 7.4615330e-001
 7.4610966e-001
 7.4609393e-001
 7.4609244e-001
 7.4609160e-001
 7.4607772e-001
 7.4603713e-001
 7.4595636e-001
 7.4582541e-001
 7.4564815e-001
 7.4543095e-001
 7.4518061e-001
 7.4490368e-001
 7.4460667e-001
 7.4429607e-001
 7.4397886e-001
 7.4366111e-001
 7.4334985e-001
 7.4305129e-001
 7.4277174e-001
 7.4251747e-001
 7.4229449e-001
 7.4210894e-001
 7.4196708e-001
 7.4187499e-001
 7.4183893e-001
 7.4186498e-001
 7.4195933e-001
 7.4212253e-001
 7.4233717e-001
 7.4258137e-001
 7.4283367e-001
 7.4307251e-001
 7.4327624e-001
 7.4342328e-001
 7.4349207e-001
 7.4346107e-001
 7.4331671e-001
 7.4307239e-001
 7.4274713e-001
 7.4235994e-001
 7.4192971e-001
 7.4147564e-001
 7.4101663e-001
 7.4057162e-001
 7.4015325e-001
 7.3975259e-001
 7.3935646e-001
 7.3895156e-001
 7.3852468e-001
 7.3806262e-001
 7.3755223e-001
 7.3698002e-001
 7.3634070e-001
 7.3565376e-001
 7.3494375e-001
 7.3423564e-001
 7.3355383e-001
 7.3292333e-001
 7.3236853e-001
 7.3191434e-001
 7.3157442e-001
 7.3132735e-001
 7.3114473e-001
 7.3100901e-001
 7.3086315e-001
 7.3068964e-001
 7.3047030e-001
 7.3019964e-001
 7.2988486e-001
 7.2954124e-001
 7.2918791e-001
 7.2884393e-001
 7.2852260e-001
 7.2822243e-001
 7.2792196e-001
 7.2758532e-001
 7.2717172e-001
 7.2664416e-001
 7.2598195e-001
 7.2519481e-001
 7.2432798e-001
 7.2345316e-001
 7.2265333e-001
 7.2200704e-001
 7.2156864e-001
 7.2134924e-001
 7.2130901e-001
 7.2136933e-001
 7.2143358e-001
 7.2140980e-001
 7.2123396e-001
 7.2088999e-001
 7.2041619e-001
 7.1989375e-001
 7.1942532e-001
 7.1911132e-001
 7.1902812e-001
 7.1921104e-001
 7.1964908e-001
 7.2029352e-001
 7.2107452e-001
 7.2191858e-001
 7.2276372e-001
 7.2352833e-001
 7.2421873e-001
 7.2492534e-001
 7.2564280e-001
 7.2637063e-001
 7.2711158e-001
 7.2787035e-001
 7.2865307e-001
 7.2946519e-001
 7.3031127e-001
 7.3119348e-001
 7.3211151e-001
 7.3306280e-001
 7.3404199e-001
 7.3504245e-001
 7.3605704e-001
 7.3707813e-001
 7.3809862e-001
 7.3911166e-001
 7.4011058e-001
 7.4108928e-001
 7.4204159e-001
 7.4296188e-001
 7.4384505e-001
 7.4468642e-001
 7.4548310e-001
 7.4623382e-001
 7.4694049e-001
 7.4760777e-001
 7.4824369e-001
 7.4885845e-001
 7.4946272e-001
 7.5006670e-001
 7.5067830e-001
 7.5130236e-001
 7.5194097e-001
 7.5259274e-001
 7.5325435e-001
 7.5392061e-001
 7.5458580e-001
 7.5524437e-001
 7.5589085e-001
 7.5652021e-001
 7.5712818e-001
 7.5771075e-001
 7.5826502e-001
 7.5878894e-001
 7.5928211e-001
 7.5974596e-001
 7.6018322e-001
 7.6059812e-001
 7.6099521e-001
 7.6137865e-001
 7.6175177e-001
 7.6211643e-001
 7.6247352e-001
 7.6282316e-001
 7.6316577e-001
 7.6350266e-001
 7.6383603e-001
 7.6416922e-001
 7.6450545e-001
 7.6484740e-001
 7.6519591e-001
 7.6554966e-001
 7.6590472e-001
 7.6625568e-001
 7.6659632e-001
 7.6692098e-001
 7.6722538e-001
 7.6750761e-001
 7.6776803e-001
 7.6800859e-001
 7.6823235e-001
 7.6844209e-001
 7.6863962e-001
 7.6882529e-001
 7.6899785e-001
 7.6915503e-001
 7.6929420e-001
 7.6941359e-001
 7.6951301e-001
 7.6959443e-001
 7.6966196e-001
 7.6972139e-001
 7.6977921e-001
 7.6984113e-001
 7.6991099e-001
 7.6998967e-001
 7.7007484e-001
 7.7016127e-001
 7.7024168e-001
 7.7030838e-001
 7.7035403e-001
 7.7037328e-001
 7.7036303e-001
 7.7032238e-001
 7.7025253e-001
 7.7015591e-001
 7.7003598e-001
 7.6989675e-001
 7.6974314e-001
 7.6958090e-001
 7.6941711e-001
 7.6925999e-001
 7.6911849e-001
 7.6900131e-001
 7.6891589e-001
 7.6886684e-001
 7.6885527e-001
 7.6887786e-001
 7.6892734e-001
 7.6899308e-001
 7.6906252e-001
 7.6912296e-001
 7.6916331e-001
 7.6917535e-001
 7.6915485e-001
 7.6910162e-001
 7.6901937e-001
 7.6891416e-001
 7.6879317e-001
 7.6866311e-001
 7.6852882e-001
 7.6839262e-001
 7.6825380e-001
 7.6810944e-001
 7.6795506e-001
 7.6778585e-001
 7.6759768e-001
 7.6738799e-001
 7.6715577e-001
 7.6690155e-001
 7.6662672e-001
 7.6633251e-001
 7.6601928e-001
 7.6568562e-001
 7.6532787e-001
 7.6494008e-001
 7.6451445e-001
 7.6404148e-001
 7.6351148e-001
 7.6291484e-001
 7.6224345e-001
 7.6149124e-001
 7.6065421e-001
 7.5973129e-001
 7.5872308e-001
 7.5763190e-001
 7.5646067e-001
 7.5521183e-001
 7.5388730e-001
 7.5248736e-001
 7.5101197e-001
 7.4946129e-001
 7.4783611e-001
 7.4614090e-001
 7.4438328e-001
 7.4257606e-001
 7.4073631e-001
 7.3888355e-001
 7.3703969e-001
 7.3522472e-001
 7.3345697e-001
 7.3175091e-001
 7.3011631e-001
 7.2856027e-001
 7.2708762e-001
 7.2570187e-001
 7.2440737e-001
 7.2320873e-001
 7.2211117e-001
 7.2111958e-001
 7.2023690e-001
 7.1946430e-001
 7.1879947e-001
 7.1823794e-001
 7.1777308e-001
 7.1739697e-001
 7.1710175e-001
 7.1687943e-001
 7.1672255e-001
 7.1662366e-001
 7.1657503e-001
 7.1656823e-001
 7.1659404e-001
 7.1664298e-001
 7.1670544e-001
 7.1677279e-001
 7.1683753e-001
 7.1689409e-001
 7.1693885e-001
 7.1697003e-001
 7.1698743e-001
 7.1699286e-001
 7.1698976e-001
 7.1698374e-001
 7.1698314e-001
 7.1699911e-001
 7.1704566e-001
 7.1713936e-001
 7.1729827e-001
 7.1754032e-001
 7.1788162e-001
 7.1833438e-001
 7.1890491e-001
 7.1959275e-001
 7.2038954e-001
 7.2127974e-001
 7.2224134e-001
 7.2324783e-001
 7.2427118e-001
 7.2528392e-001
 7.2626162e-001
 7.2718549e-001
 7.2804266e-001
 7.2882724e-001
 7.2953939e-001
 7.3018414e-001
 7.3077017e-001
 7.3130763e-001
 7.3180711e-001
 7.3227805e-001
 7.3272860e-001
 7.3316550e-001
 7.3359430e-001
 7.3402047e-001
 7.3445004e-001
 7.3489040e-001
 7.3535079e-001
 7.3584199e-001
 7.3637611e-001
 7.3696506e-001
 7.3761928e-001
 7.3834664e-001
 7.3915058e-001
 7.4002987e-001
 7.4097782e-001
 7.4198300e-001
 7.4303097e-001
 7.4410498e-001
 7.4518847e-001
 7.4626702e-001
 7.4732846e-001
 7.4836433e-001
 7.4936831e-001
 7.5033599e-001
 7.5126356e-001
 7.5214636e-001
 7.5297916e-001
 7.5375623e-001
 7.5447232e-001
 7.5512469e-001
 7.5571382e-001
 7.5624454e-001
 7.5672567e-001
 7.5716883e-001
 7.5758713e-001
 7.5799292e-001
 7.5839651e-001
 7.5880498e-001
 7.5922227e-001
 7.5964993e-001
 7.6008761e-001
 7.6053435e-001
 7.6098931e-001
 7.6145154e-001
 7.6192021e-001
 7.6239365e-001
 7.6286912e-001
 7.6334256e-001
 7.6380855e-001
 7.6426107e-001
 7.6469362e-001
 7.6510042e-001
 7.6547676e-001
 7.6581907e-001
 7.6612550e-001
 7.6639533e-001
 7.6662922e-001
 7.6682907e-001
 7.6699805e-001
 7.6714081e-001
 7.6726323e-001
 7.6737249e-001
 7.6747632e-001
 7.6758242e-001
 7.6769745e-001
 7.6782584e-001
 7.6796889e-001
 7.6812440e-001
 7.6828653e-001
 7.6844639e-001
 7.6859343e-001
 7.6871711e-001
 7.6880860e-001
 7.6886231e-001
 7.6887703e-001
 7.6885581e-001
 7.6880509e-001
 7.6873273e-001
 7.6864594e-001
 7.6854873e-001
 7.6844066e-001
 7.6831615e-001
 7.6816547e-001
 7.6797694e-001
 7.6773930e-001
 7.6744455e-001
 7.6709002e-001
 7.6667905e-001
 7.6622051e-001
 7.6572752e-001
 7.6521498e-001
 7.6469737e-001
 7.6418692e-001
 7.6369232e-001
 7.6321876e-001
 7.6276749e-001
 7.6233715e-001
 7.6192409e-001
 7.6152295e-001
 7.6112735e-001
 7.6072985e-001
 7.6032269e-001
 7.5989795e-001
 7.5944799e-001
 7.5896651e-001
 7.5844890e-001
 7.5789273e-001
 7.5729817e-001
 7.5666708e-001
 7.5600332e-001
 7.5531101e-001
 7.5459450e-001
 7.5385708e-001
 7.5310022e-001
 7.5232410e-001
 7.5152737e-001
 7.5070715e-001
 7.4986100e-001
 7.4898642e-001
 7.4808252e-001
 7.4715042e-001
 7.4619287e-001
 7.4521518e-001
 7.4422377e-001
 7.4322605e-001
 7.4222964e-001
 7.4124050e-001
 7.4026346e-001
 7.3930079e-001
 7.3835254e-001
 7.3741698e-001
 7.3649079e-001
 7.3557043e-001
 7.3465258e-001
 7.3373526e-001
 7.3281813e-001
 7.3190212e-001
 7.3098963e-001
 7.3008323e-001
 7.2918564e-001
 7.2829896e-001
 7.2742456e-001
 7.2656363e-001
 7.2571820e-001
 7.2489095e-001
 7.2408688e-001
 7.2331226e-001
 7.2257453e-001
 7.2188091e-001
 7.2123647e-001
 7.2064334e-001
 7.2009915e-001
 7.1959692e-001
 7.1912545e-001
 7.1866971e-001
 7.1821231e-001
 7.1773362e-001
 7.1721244e-001
 7.1662581e-001
 7.1594810e-001
 7.1515125e-001
 7.1420389e-001
 7.1307284e-001
 7.1172434e-001
 7.1012580e-001
 7.0824975e-001
 7.0607650e-001
 7.0359552e-001
 7.0080954e-001
 6.9773227e-001
 6.9439030e-001
 6.9081956e-001
 6.8706113e-001
 6.8316036e-001
 6.7915952e-001
 6.7509758e-001
 6.7100722e-001
 6.6691226e-001
 6.6283208e-001
 6.5877968e-001
 6.5476811e-001
 6.5081215e-001
 6.4692920e-001
 6.4314479e-001
 6.3948882e-001
 6.3599771e-001
 6.3271040e-001
 6.2966365e-001
 6.2689072e-001
 6.2441492e-001
 6.2224966e-001
 6.2039572e-001
 6.1884165e-001
 6.1756647e-001
 6.1654145e-001
 6.1573249e-001
 6.1510271e-001
 6.1461258e-001
 6.1422056e-001
 6.1388195e-001
 6.1354810e-001
 6.1316663e-001
 6.1268193e-001
 6.1203754e-001
 6.1117959e-001
 6.1006039e-001
 6.0864335e-001
 6.0690564e-001
 6.0484189e-001
 6.0246599e-001
 5.9981006e-001
 5.9692609e-001
 5.9388179e-001
 5.9075975e-001
 5.8765334e-001
 5.8466023e-001
 5.8187956e-001
 5.7940447e-001
 5.7731545e-001
 5.7567632e-001
 5.7452786e-001
 5.7388657e-001
 5.7374299e-001
 5.7406324e-001
 5.7479250e-001
 5.7585961e-001
 5.7718259e-001
 5.7867402e-001
 5.8024722e-001
 5.8181924e-001
 5.8331567e-001
 5.8467180e-001
 5.8583474e-001
 5.8676469e-001
 5.8743489e-001
 5.8783340e-001
 5.8796299e-001
 5.8784264e-001
 5.8750778e-001
 5.8700997e-001
 5.8641529e-001
 5.8580112e-001
 5.8525133e-001
 5.8484954e-001
 5.8467233e-001
 5.8478099e-001
 5.8521539e-001
 5.8598894e-001
 5.8708626e-001
 5.8846366e-001
 5.9005302e-001
 5.9176880e-001
 5.9351546e-001
 5.9519863e-001
 5.9673339e-001
 5.9805292e-001
 5.9911519e-001
 5.9990484e-001
 6.0043412e-001
 6.0073936e-001
 6.0087621e-001
 6.0091299e-001
 6.0092354e-001
 6.0098052e-001
 6.0114956e-001
 6.0148436e-001
 6.0202390e-001
 6.0279065e-001
 6.0379016e-001
 6.0501301e-001
 6.0643566e-001
 6.0802495e-001
 6.0973996e-001
 6.1153632e-001
 6.1337018e-001
 6.1519974e-001
 6.1698937e-001
 6.1870915e-001
 6.2033659e-001
 6.2185663e-001
 6.2325937e-001
 6.2454033e-001
 6.2569761e-001
 6.2673140e-001
 6.2764305e-001
 6.2843388e-001
 6.2910622e-001
 6.2966329e-001
 6.3010967e-001
 6.3045228e-001
 6.3070005e-001
 6.3086325e-001
 6.3095307e-001
 6.3097978e-001
 6.3095158e-001
 6.3087314e-001
 6.3074601e-001
 6.3056868e-001
 6.3033861e-001
 6.3005364e-001
 6.2971413e-001
 6.2932390e-001
 6.2889141e-001
 6.2843162e-001
 6.2796569e-001
 6.2752080e-001
 6.2712872e-001
 6.2682360e-001
 6.2664014e-001
 6.2661153e-001
 6.2676793e-001
 6.2713444e-001
 6.2772912e-001
 6.2856328e-001
 6.2964147e-001
 6.3096100e-001
 6.3251221e-001
 6.3428020e-001
 6.3624454e-001
 6.3837981e-001
 6.4065802e-001
 6.4304823e-001
 6.4552051e-001
 6.4804566e-001
 6.5059710e-001
 6.5315259e-001
 6.5569270e-001
 6.5820283e-001
 6.6067088e-001
 6.6308814e-001
 6.6544938e-001
 6.6775084e-001
 6.6999197e-001
 6.7217326e-001
 6.7429686e-001
 6.7636693e-001
 6.7838734e-001
 6.8036366e-001
 6.8230069e-001
 6.8420261e-001
 6.8607259e-001
 6.8791103e-001
 6.8971556e-001
 6.9148207e-001
 6.9320357e-001
 6.9487309e-001
 6.9648391e-001
 6.9803154e-001
 6.9951576e-001
 7.0093966e-001
 7.0231062e-001
 7.0363808e-001
 7.0493311e-001
 7.0620751e-001
 7.0747197e-001
 7.0873612e-001
 7.1000749e-001
 7.1129143e-001
 7.1259171e-001
 7.1390951e-001
 7.1524465e-001
 7.1659511e-001
 7.1795768e-001
 7.1932864e-001
 7.2070324e-001
 7.2207642e-001
 7.2344357e-001
 7.2479951e-001
 7.2614032e-001
 7.2746187e-001
 7.2876120e-001
 7.3003644e-001
 7.3128653e-001
 7.3251206e-001
 7.3371464e-001
 7.3489714e-001
 7.3606396e-001
 7.3721993e-001
 7.3837084e-001
 7.3952204e-001
 7.4067831e-001
 7.4184370e-001
 7.4302012e-001
 7.4420840e-001
 7.4540699e-001
 7.4661273e-001
 7.4782157e-001
 7.4902803e-001
 7.5022668e-001
 7.5141180e-001
 7.5257808e-001
 7.5372130e-001
 7.5483751e-001
 7.5592375e-001
 7.5697827e-001
 7.5799960e-001
 7.5898761e-001
 7.5994271e-001
 7.6086628e-001
 7.6176125e-001
 7.6263136e-001
 7.6348239e-001
 7.6432127e-001
 7.6515633e-001
 7.6599729e-001
 7.6685369e-001
 7.6773489e-001
 7.6864785e-001
 7.6959658e-001
 7.7058113e-001
 7.7159625e-001
 7.7263236e-001
 7.7367532e-001
 7.7470827e-001
 7.7571392e-001
 7.7667612e-001
 7.7758247e-001
 7.7842599e-001
 7.7920538e-001
 7.7992558e-001
 7.8059590e-001
 7.8122824e-001
 7.8183520e-001
 7.8242683e-001
 7.8300971e-001
 7.8358525e-001
 7.8415000e-001
 7.8469646e-001
 7.8521502e-001
 7.8569633e-001
 7.8613329e-001
 7.8652340e-001
 7.8686947e-001
 7.8717887e-001
 7.8746241e-001
 7.8773141e-001
 7.8799593e-001
 7.8826207e-001
 7.8853053e-001
 7.8879619e-001
 7.8904754e-001
 7.8926778e-001
 7.8943712e-001
 7.8953534e-001
 7.8954554e-001
 7.8945738e-001
 7.8927028e-001
 7.8899413e-001
 7.8864926e-001
 7.8826338e-001
 7.8786743e-001
 7.8749043e-001
 7.8715420e-001
 7.8686869e-001
 7.8663009e-001
 7.8642118e-001
 7.8621453e-001
 7.8597593e-001
 7.8566992e-001
 7.8526372e-001
 7.8473091e-001
 7.8405356e-001
 7.8322303e-001
 7.8224033e-001
 7.8111488e-001
 7.7986228e-001
 7.7850258e-001
 7.7705741e-001
 7.7554733e-001
 7.7399093e-001
 7.7240270e-001
 7.7079326e-001
 7.6916873e-001
 7.6753020e-001
 7.6587534e-001
 7.6419711e-001
 7.6248515e-001
 7.6072598e-001
 7.5890267e-001
 7.5699735e-001
 7.5499111e-001
 7.5286692e-001
 7.5061136e-001
 7.4821544e-001
 7.4567813e-001
 7.4300534e-001
 7.4021190e-001
 7.3731983e-001
 7.3435575e-001
 7.3135006e-001
 7.2833318e-001
 7.2533149e-001
 7.2236753e-001
 7.1945506e-001
 7.1660119e-001
 7.1380550e-001
 7.1106035e-001
 7.0835501e-001
 7.0567584e-001
 7.0301068e-001
 7.0034981e-001
 6.9768673e-001
 6.9502097e-001
 6.9235569e-001
 6.8969899e-001
 6.8706191e-001
 6.8445629e-001
 6.8189526e-001
 6.7938977e-001
 6.7694974e-001
 6.7458314e-001
 6.7229474e-001
 6.7008930e-001
 6.6796988e-001
 6.6594088e-001
 6.6400856e-001
 6.6218096e-001
 6.6047019e-001
 6.5889126e-001
 6.5746117e-001
 6.5619886e-001
 6.5512198e-001
 6.5424603e-001
 6.5358174e-001
 6.5313303e-001
 6.5289646e-001
 6.5286034e-001
 6.5300566e-001
 6.5330750e-001
 6.5373683e-001
 6.5426332e-001
 6.5485758e-001
 6.5549308e-001
 6.5614790e-001
 6.5680546e-001
 6.5745425e-001
 6.5808755e-001
 6.5870214e-001
 6.5929669e-001
 6.5987104e-001
 6.6042447e-001
 6.6095525e-001
 6.6146070e-001
 6.6193700e-001
 6.6238070e-001
 6.6278946e-001
 6.6316396e-001
 6.6350931e-001
 6.6383618e-001
 6.6416156e-001
 6.6450852e-001
 6.6490543e-001
 6.6538358e-001
 6.6597420e-001
 6.6670495e-001
 6.6759592e-001
 6.6865623e-001
 6.6988194e-001
 6.7125499e-001
 6.7274714e-001
 6.7432195e-001
 6.7593926e-001
 6.7755955e-001
 6.7914629e-001
 6.8066978e-001
 6.8210721e-001
 6.8344355e-001
 6.8467325e-001
 6.8579918e-001
 6.8683243e-001
 6.8779022e-001
 6.8869239e-001
 6.8955892e-001
 6.9040585e-001
 6.9124258e-001
 6.9207084e-001
 6.9288355e-001
 6.9373387e-001
 6.9449496e-001
 6.9518554e-001
 6.9578421e-001
 6.9627446e-001
 6.9664878e-001
 6.9691032e-001
 6.9707227e-001
 6.9715446e-001
 6.9718045e-001
 6.9717485e-001
 6.9716185e-001
 6.9716358e-001
 6.9719797e-001
 6.9727665e-001
 6.9740319e-001
 6.9757313e-001
 6.9777399e-001
 6.9798791e-001
 6.9819349e-001
 6.9836736e-001
 6.9848591e-001
 6.9852573e-001
 6.9846499e-001
 6.9828421e-001
 6.9796777e-001
 6.9750381e-001
 6.9688451e-001
 6.9610441e-001
 6.9515991e-001
 6.9404840e-001
 6.9276762e-001
 6.9131696e-001
 6.8969721e-001
 6.8791306e-001
 6.8597376e-001
 6.8389308e-001
 6.8168980e-001
 6.7938626e-001
 6.7700583e-001
 6.7457402e-001
 6.7211503e-001
 6.6965294e-001
 6.6720945e-001
 6.6480166e-001
 6.6244227e-001
 6.6013712e-001
 6.5788752e-001
 6.5569079e-001
 6.5354127e-001
 6.5143293e-001
 6.4935857e-001
 6.4731151e-001
 6.4528543e-001
 6.4327353e-001
 6.4127070e-001
 6.3927126e-001
 6.3727093e-001
 6.3526589e-001
 6.3325173e-001
 6.3122517e-001
 6.2918216e-001
 6.2711930e-001
 6.2503362e-001
 6.2292171e-001
 6.2078142e-001
 6.1861134e-001
 6.1640966e-001
 6.1417603e-001
 6.1190933e-001
 6.0960931e-001
 6.0727555e-001
 6.0490656e-001
 6.0250139e-001
 6.0005677e-001
 5.9756887e-001
 5.9503227e-001
 5.9243923e-001
 5.8978200e-001
 5.8705115e-001
 5.8423787e-001
 5.8133352e-001
 5.7832909e-001
 5.7521826e-001
 5.7199579e-001
 5.6866044e-001
 5.6521451e-001
 5.6166226e-001
 5.5801153e-001
 5.5427146e-001
 5.5045056e-001
 5.4655957e-001
 5.4260749e-001
 5.3860492e-001
 5.3456283e-001
 5.3049111e-001
 5.2640229e-001
 5.2230716e-001
 5.1821840e-001
 5.1414877e-001
 5.1010972e-001
 5.0611430e-001
 5.0217289e-001
 4.9829602e-001
 4.9449164e-001
 4.9076319e-001
 4.8711228e-001
 4.8353550e-001
 4.8002839e-001
 4.7658506e-001
 4.7319773e-001
 4.6986032e-001
 4.6656591e-001
 4.6331054e-001
 4.6009290e-001
 4.5691451e-001
 4.5378226e-001
 4.5070684e-001
 4.4770080e-001
 4.4477966e-001
 4.4195834e-001
 4.3925270e-001
 4.3667772e-001
 4.3424544e-001
 4.3196580e-001
 4.2984310e-001
 4.2787752e-001
 4.2606458e-001
 4.2439589e-001
 4.2286187e-001
 4.2145136e-001
 4.2015362e-001
 4.1895857e-001
 4.1785720e-001
 4.1684380e-001
 4.1591570e-001
 4.1507468e-001
 4.1432598e-001
 4.1367730e-001
 4.1313824e-001
 4.1271895e-001
 4.1242936e-001
 4.1227886e-001
 4.1227487e-001
 4.1242182e-001
 4.1271994e-001
 4.1316494e-001
 4.1374829e-001
 4.1445857e-001
 4.1528240e-001
 4.1620532e-001
 4.1721302e-001
 4.1829050e-001
 4.1942334e-001
 4.2059687e-001
 4.2179647e-001
 4.2300808e-001
 4.2421728e-001
 4.2541033e-001
 4.2657304e-001
 4.2769155e-001
 4.2875278e-001
 4.2974433e-001
 4.3065614e-001
 4.3148217e-001
 4.3222108e-001
 4.3287745e-001
 4.3346068e-001
 4.3398395e-001
 4.3446288e-001
 4.3491384e-001
 4.3535388e-001
 4.3579975e-001
 4.3626776e-001
 4.3677366e-001
 4.3733180e-001
 4.3795571e-001
 4.3865767e-001
 4.3944904e-001
 4.4034103e-001
 4.4134420e-001
 4.4246924e-001
 4.4372588e-001
 4.4512287e-001
 4.4666773e-001
 4.4836500e-001
 4.5021743e-001
 4.5222491e-001
 4.5438558e-001
 4.5669731e-001
 4.5915657e-001
 4.6175942e-001
 4.6450207e-001
 4.6737820e-001
 4.7038078e-001
 4.7349879e-001
 4.7671813e-001
 4.8002288e-001
 4.8339352e-001
 4.8681086e-001
 4.9025360e-001
 4.9370244e-001
 4.9713573e-001
 5.0053555e-001
 5.0388598e-001
 5.0717169e-001
 5.1038265e-001
 5.1351112e-001
 5.1655191e-001
 5.1949912e-001
 5.2234960e-001
 5.2510035e-001
 5.2774662e-001
 5.3028595e-001
 5.3271610e-001
 5.3503352e-001
 5.3723705e-001
 5.3932524e-001
 5.4129773e-001
 5.4315269e-001
 5.4489017e-001
 5.4650998e-001
 5.4801136e-001
 5.4939532e-001
 5.5066407e-001
 5.5182040e-001
 5.5286980e-001
 5.5381930e-001
 5.5467641e-001
 5.5545002e-001
 5.5614918e-001
 5.5678314e-001
 5.5736059e-001
 5.5789071e-001
 5.5838209e-001
 5.5884272e-001
 5.5928046e-001
 5.5970275e-001
 5.6011629e-001
 5.6052810e-001
 5.6094468e-001
 5.6137228e-001
 5.6181598e-001
 5.6227916e-001
 5.6276226e-001
 5.6326085e-001
 5.6376636e-001
 5.6426591e-001
 5.6474310e-001
 5.6518006e-001
 5.6555814e-001
 5.6585866e-001
 5.6606448e-001
 5.6616104e-001
 5.6613857e-001
 5.6599367e-001
 5.6572992e-001
 5.6535715e-001
 5.6489033e-001
 5.6434667e-001
 5.6374496e-001
 5.6310451e-001
 5.6244379e-001
 5.6178033e-001
 5.6112933e-001
 5.6050366e-001
 5.5991274e-001
 5.5936313e-001
 5.5885971e-001
 5.5840576e-001
 5.5800366e-001
 5.5765581e-001
 5.5736303e-001
 5.5712456e-001
 5.5693662e-001
 5.5679137e-001
 5.5667627e-001
 5.5657482e-001
 5.5646759e-001
 5.5633324e-001
 5.5614972e-001
 5.5589551e-001
 5.5555022e-001
 5.5509663e-001
 5.5452317e-001
 5.5382514e-001
 5.5300575e-001
 5.5207533e-001
 5.5104995e-001
 5.4994833e-001
 5.4879063e-001
 5.4759783e-001
 5.4638946e-001
 5.4518324e-001
 5.4399419e-001
 5.4283220e-001
 5.4170233e-001
 5.4060519e-001
 5.3953850e-001
 5.3849757e-001
 5.3747654e-001
 5.3647012e-001
 5.3547245e-001
 5.3447819e-001
 5.3348374e-001
 5.3248596e-001
 5.3148329e-001
 5.3047621e-001
 5.2946538e-001
 5.2845222e-001
 5.2743834e-001
 5.2642626e-001
 5.2541757e-001
 5.2441424e-001
 5.2341902e-001
 5.2243418e-001
 5.2146214e-001
 5.2050632e-001
 5.1956952e-001
 5.1865488e-001
 5.1776534e-001
 5.1690435e-001
 5.1607448e-001
 5.1527745e-001
 5.1451463e-001
 5.1378524e-001
 5.1308674e-001
 5.1241577e-001
 5.1176709e-001
 5.1113510e-001
 5.1051402e-001
 5.0989777e-001
 5.0928020e-001
 5.0865519e-001
 5.0801718e-001
 5.0736010e-001
 5.0667834e-001
 5.0596666e-001
 5.0521952e-001
 5.0443149e-001
 5.0359768e-001
 5.0271279e-001
 5.0177211e-001
 5.0077116e-001
 4.9970734e-001
 4.9857870e-001
 4.9738476e-001
 4.9612731e-001
 4.9480835e-001
 4.9343044e-001
 4.9199745e-001
 4.9051234e-001
 4.8897827e-001
 4.8739949e-001
 4.8577946e-001
 4.8412222e-001
 4.8243168e-001
 4.8071334e-001
 4.7897157e-001
 4.7721085e-001
 4.7543693e-001
 4.7365382e-001
 4.7186485e-001
 4.7007275e-001
 4.6827605e-001
 4.6646979e-001
 4.6464410e-001
 4.6278647e-001
 4.6088013e-001
 4.5890665e-001
 4.5684826e-001
 4.5468614e-001
 4.5240289e-001
 4.4998592e-001
 4.4742662e-001
 4.4472355e-001
 4.4188547e-001
 4.3892667e-001
 4.3586743e-001
 4.3273062e-001
 4.2954290e-001
 4.2632920e-001
 4.2311424e-001
 4.1992423e-001
 4.1678190e-001
 4.1370803e-001
 4.1072366e-001
 4.0784580e-001
 4.0509087e-001
 4.0247378e-001
 4.0001076e-001
 3.9771545e-001
 3.9560029e-001
 3.9367652e-001
 3.9194936e-001
 3.9041817e-001
 3.8907671e-001
 3.8791159e-001
 3.8690531e-001
 3.8603762e-001
 3.8528779e-001
 3.8463485e-001
 3.8405982e-001
 3.8354847e-001
 3.8309339e-001
 3.8269699e-001
 3.8237283e-001
 3.8214403e-001
 3.8204095e-001
 3.8209826e-001
 3.8235220e-001
 3.8283867e-001
 3.8359040e-001
 3.8463274e-001
 3.8597992e-001
 3.8763052e-001
 3.8956454e-001
 3.9174724e-001
 3.9413249e-001
 3.9666545e-001
 3.9929000e-001
 4.0194908e-001
 4.0458870e-001
 4.0715846e-001
 4.0961921e-001
 4.1194457e-001
 4.1412050e-001
 4.1614750e-001
 4.1803524e-001
 4.1979778e-001
 4.2145306e-001
 4.2301938e-001
 4.2451271e-001
 4.2594719e-001
 4.2733115e-001
 4.2866609e-001
 4.2994463e-001
 4.3115315e-001
 4.3227264e-001
 4.3328017e-001
 4.3415219e-001
 4.3486473e-001
 4.3539414e-001
 4.3571925e-001
 4.3582192e-001
 4.3568847e-001
 4.3531021e-001
 4.3468291e-001
 4.3380538e-001
 4.3267918e-001
 4.3130651e-001
 4.2969075e-001
 4.2783895e-001
 4.2576200e-001
 4.2347875e-001
 4.2102072e-001
 4.1843006e-001
 4.1576052e-001
 4.1307333e-001
 4.1043642e-001
 4.0791783e-001
 4.0558550e-001
 4.0350637e-001
 4.0173981e-001
 4.0033549e-001
 3.9933050e-001
 3.9874592e-001
 3.9858973e-001
 3.9886001e-001
 3.9954844e-001
 4.0064371e-001
 4.0213272e-001
 4.0399861e-001
 4.0622085e-001
 4.0877143e-001
 4.1160995e-001
 4.1468629e-001
 4.1794008e-001
 4.2130086e-001
 4.2469597e-001
 4.2805019e-001
 4.3128961e-001
 4.3434131e-001
 4.3714204e-001
 4.3964058e-001
 4.4180065e-001
 4.4360620e-001
 4.4505748e-001
 4.4616610e-001
 4.4695213e-001
 4.4743910e-001
 4.4765258e-001
 4.4761980e-001
 4.4737118e-001
 4.4694155e-001
 4.4637239e-001
 4.4571188e-001
 4.4501436e-001
 4.4433931e-001
 4.4374833e-001
 4.4330370e-001
 4.4306651e-001
 4.4309214e-001
 4.4342524e-001
 4.4409236e-001
 4.4509476e-001
 4.4640672e-001
 4.4797799e-001
 4.4973892e-001
 4.5161018e-001
 4.5350769e-001
 4.5534584e-001
 4.5704430e-001
 4.5853183e-001
 4.5975342e-001
 4.6067503e-001
 4.6128756e-001
 4.6160343e-001
 4.6165088e-001
 4.6146795e-001
 4.6109706e-001
 4.6058196e-001
 4.5996481e-001
 4.5928416e-001
 4.5857179e-001
 4.5785114e-001
 4.5713535e-001
 4.5642862e-001
 4.5572916e-001
 4.5503071e-001
 4.5432520e-001
 4.5360455e-001
 4.5286062e-001
 4.5208663e-001
 4.5127872e-001
 4.5043573e-001
 4.4956028e-001
 4.4865799e-001
 4.4773751e-001
 4.4680825e-001
 4.4588017e-001
 4.4496393e-001
 4.4406885e-001
 4.4320279e-001
 4.4237182e-001
 4.4157797e-001
 4.4081983e-001
 4.4009250e-001
 4.3938902e-001
 4.3870047e-001
 4.3801707e-001
 4.3732938e-001
 4.3662745e-001
 4.3590164e-001
 4.3514332e-001
 4.3434408e-001
 4.3349639e-001
 4.3259412e-001
 4.3163112e-001
 4.3060187e-001
 4.2950079e-001
 4.2832345e-001
 4.2706525e-001
 4.2572248e-001
 4.2429402e-001
 4.2277986e-001
 4.2118219e-001
 4.1950658e-001
 4.1775915e-001
 4.1594744e-001
 4.1407898e-001
 4.1216278e-001
 4.1020644e-001
 4.0821728e-001
 4.0620404e-001
 4.0424648e-001
 4.0269276e-001
 4.0063614e-001
 3.9856815e-001
 3.9648777e-001
 3.9439455e-001
 3.9228743e-001
 3.9016697e-001
 3.8803220e-001
 3.8588253e-001
 3.8371751e-001
 3.8153648e-001
 3.7934348e-001
 3.7714273e-001
 3.7493899e-001
 3.7273645e-001
 3.7054098e-001
 3.6835670e-001
 3.6618841e-001
 3.6404046e-001
 3.6191845e-001
 3.5982671e-001
 3.5777003e-001
 3.5575256e-001
 3.5378012e-001
 3.5185674e-001
 3.4998485e-001
 3.4816587e-001
 3.4640068e-001
 3.4469154e-001
 3.4303933e-001
 3.4144545e-001
 3.3991086e-001
 3.3843771e-001
 3.3702692e-001
 3.3567992e-001
 3.3439770e-001
 3.3318228e-001
 3.3203465e-001
 3.3095619e-001
 3.2994837e-001
 3.2901216e-001
 3.2814941e-001
 3.2736084e-001
 3.2664275e-001
 3.2598919e-001
 3.2539445e-001
 3.2485241e-001
 3.2435721e-001
 3.2390273e-001
 3.2348335e-001
 3.2309294e-001
 3.2272562e-001
 3.2237533e-001
 3.2203627e-001
 3.2170245e-001
 3.2136798e-001
 3.2102686e-001
 3.2067311e-001
 3.2030091e-001
 3.1990430e-001
 3.1947729e-001
 3.1901392e-001
 3.1850833e-001
 3.1795460e-001
 3.1734747e-001
 3.1668755e-001
 3.1597921e-001
 3.1522626e-001
 3.1443259e-001
 3.1360224e-001
 3.1273904e-001
 3.1184721e-001
 3.1093067e-001
 3.0999336e-001
 3.0903894e-001
 3.0807200e-001
 3.0709615e-001
 3.0611536e-001
 3.0513349e-001
 3.0415493e-001
 3.0318338e-001
 3.0222285e-001
 3.0127731e-001
 3.0035049e-001
 2.9944688e-001
 2.9857016e-001
 2.9772431e-001
 2.9691318e-001
 2.9614106e-001
 2.9541177e-001
 2.9472885e-001
 2.9409263e-001
 2.9350224e-001
 2.9295641e-001
 2.9245391e-001
 2.9199365e-001
 2.9157433e-001
 2.9119501e-001
 2.9085445e-001
 2.9055142e-001
 2.9028487e-001
 2.9005358e-001
 2.8985643e-001
 2.8969222e-001
 2.8955984e-001
 2.8945813e-001
 2.8938589e-001
 2.8934199e-001
 2.8932527e-001
 2.8933460e-001
 2.8936878e-001
 2.8942665e-001
 2.8950712e-001
 2.8960901e-001
 2.8973112e-001
 2.8987229e-001
 2.9003140e-001
 2.9020733e-001
 2.9039887e-001
 2.9060483e-001
 2.9082417e-001
 2.9105598e-001
 2.9129940e-001
 2.9155377e-001
