s07_ASD Record=13245: Erionite+Offretite GDS72      BECKb AREF
 4.3440914e-001
 4.3527496e-001
 4.3614367e-001
 4.3701106e-001
 4.3787363e-001
 4.3873173e-001
 4.3958977e-001
 4.4045407e-001
 4.4133109e-001
 4.4222632e-001
 4.4314522e-001
 4.4409418e-001
 4.4508183e-001
 4.4611993e-001
 4.4722217e-001
 4.4840172e-001
 4.4966742e-001
 4.5102358e-001
 4.5247090e-001
 4.5400935e-001
 4.5564067e-001
 4.5736957e-001
 4.5920384e-001
 4.6115243e-001
 4.6322528e-001
 4.6543297e-001
 4.6778518e-001
 4.7028765e-001
 4.7293884e-001
 4.7573066e-001
 4.7864756e-001
 4.8166978e-001
 4.8477685e-001
 4.8794904e-001
 4.9116346e-001
 4.9439463e-001
 4.9762085e-001
 5.0082684e-001
 5.0400627e-001
 5.0716102e-001
 5.1029873e-001
 5.1342756e-001
 5.1655143e-001
 5.1966709e-001
 5.2276343e-001
 5.2582425e-001
 5.2883184e-001
 5.3177220e-001
 5.3463846e-001
 5.3743351e-001
 5.4016852e-001
 5.4285848e-001
 5.4551566e-001
 5.4814434e-001
 5.5074120e-001
 5.5330193e-001
 5.5583203e-001
 5.5835122e-001
 5.6088454e-001
 5.6345969e-001
 5.6608182e-001
 5.6871712e-001
 5.7134306e-001
 5.7393813e-001
 5.7647723e-001
 5.7896364e-001
 5.8142436e-001
 5.8388680e-001
 5.8637381e-001
 5.8890265e-001
 5.9148592e-001
 5.9413284e-001
 5.9684938e-001
 5.9963632e-001
 6.0248744e-001
 6.0539186e-001
 6.0833919e-001
 6.1132467e-001
 6.1435014e-001
 6.1741984e-001
 6.2053543e-001
 6.2369144e-001
 6.2687564e-001
 6.3007140e-001
 6.3326222e-001
 6.3643408e-001
 6.3957548e-001
 6.4267665e-001
 6.4572728e-001
 6.4871716e-001
 6.5163881e-001
 6.5449148e-001
 6.5728384e-001
 6.6003251e-001
 6.6275591e-001
 6.6546392e-001
 6.6814858e-001
 6.7077780e-001
 6.7330098e-001
 6.7566341e-001
 6.7782390e-001
 6.7976588e-001
 6.8149781e-001
 6.8304718e-001
 6.8445271e-001
 6.8575758e-001
 6.8699825e-001
 6.8819726e-001
 6.8936062e-001
 6.9048339e-001
 6.9156218e-001
 6.9260436e-001
 6.9362682e-001
 6.9464487e-001
 6.9566250e-001
 6.9666809e-001
 6.9763714e-001
 6.9854057e-001
 6.9936031e-001
 7.0010734e-001
 7.0082754e-001
 7.0158494e-001
 7.0242900e-001
 7.0336765e-001
 7.0436716e-001
 7.0537919e-001
 7.0637947e-001
 7.0738965e-001
 7.0846736e-001
 7.0966935e-001
 7.1101075e-001
 7.1244824e-001
 7.1389771e-001
 7.1527857e-001
 7.1655422e-001
 7.1774530e-001
 7.1891099e-001
 7.2011876e-001
 7.2142160e-001
 7.2284281e-001
 7.2436637e-001
 7.2594285e-001
 7.2752482e-001
 7.2910821e-001
 7.3073906e-001
 7.3247194e-001
 7.3432457e-001
 7.3627353e-001
 7.3828661e-001
 7.4034554e-001
 7.4243420e-001
 7.4452585e-001
 7.4660152e-001
 7.4867702e-001
 7.5079042e-001
 7.5296050e-001
 7.5517011e-001
 7.5739032e-001
 7.5960368e-001
 7.6180184e-001
 7.6397884e-001
 7.6614004e-001
 7.6830804e-001
 7.7049869e-001
 7.7269137e-001
 7.7483702e-001
 7.7691317e-001
 7.7896672e-001
 7.8108472e-001
 7.8331381e-001
 7.8560948e-001
 7.8787100e-001
 7.9002351e-001
 7.9207009e-001
 7.9407454e-001
 7.9611087e-001
 7.9823369e-001
 8.0047262e-001
 8.0282575e-001
 8.0524760e-001
 8.0766284e-001
 8.1001061e-001
 8.1227762e-001
 8.1448060e-001
 8.1661302e-001
 8.1862134e-001
 8.2045192e-001
 8.2213128e-001
 8.2378834e-001
 8.2557601e-001
 8.2754707e-001
 8.2959461e-001
 8.3152628e-001
 8.3322537e-001
 8.3476281e-001
 8.3634812e-001
 8.3814669e-001
 8.4012932e-001
 8.4210062e-001
 8.4386963e-001
 8.4539247e-001
 8.4677881e-001
 8.4818918e-001
 8.4971392e-001
 8.5131037e-001
 8.5284394e-001
 8.5421187e-001
 8.5543090e-001
 8.5659677e-001
 8.5777175e-001
 8.5893637e-001
 8.6003101e-001
 8.6101013e-001
 8.6187947e-001
 8.6272711e-001
 8.6369741e-001
 8.6486542e-001
 8.6613423e-001
 8.6730838e-001
 8.6827141e-001
 8.6905515e-001
 8.6975771e-001
 8.7046224e-001
 8.7124026e-001
 8.7216693e-001
 8.7326723e-001
 8.7443668e-001
 8.7547046e-001
 8.7623537e-001
 8.7679595e-001
 8.7730771e-001
 8.7781352e-001
 8.7823641e-001
 8.7856740e-001
 8.7896520e-001
 8.7960678e-001
 8.8045180e-001
 8.8122487e-001
 8.8170171e-001
 8.8196611e-001
 8.8228625e-001
 8.8279861e-001
 8.8344020e-001
 8.8410556e-001
 8.8469076e-001
 8.8505620e-001
 8.8516629e-001
 8.8523990e-001
 8.8555652e-001
 8.8610744e-001
 8.8663191e-001
 8.8696462e-001
 8.8717204e-001
 8.8739735e-001
 8.8768613e-001
 8.8796109e-001
 8.8813055e-001
 8.8819134e-001
 8.8819885e-001
 8.8821030e-001
 8.8834757e-001
 8.8875043e-001
 8.8933796e-001
 8.8985538e-001
 8.9019293e-001
 8.9036310e-001
 8.9031774e-001
 8.9013010e-001
 8.9013141e-001
 8.9056653e-001
 8.9127326e-001
 8.9187723e-001
 8.9218867e-001
 8.9226782e-001
 8.9221132e-001
 8.9210695e-001
 8.9218056e-001
 8.9265734e-001
 8.9335549e-001
 8.9378697e-001
 8.9377987e-001
 8.9367545e-001
 8.9383030e-001
 8.9416414e-001
 8.9437741e-001
 8.9443094e-001
 8.9456439e-001
 8.9488441e-001
 8.9519691e-001
 8.9533192e-001
 8.9538819e-001
 8.9555031e-001
 8.9584619e-001
 8.9618373e-001
 8.9652586e-001
 8.9694905e-001
 8.9752710e-001
 8.9818388e-001
 8.9872092e-001
 8.9901066e-001
 8.9909846e-001
 8.9910501e-001
 8.9911258e-001
 8.9916366e-001
 8.9928037e-001
 8.9944088e-001
 8.9959133e-001
 8.9972085e-001
 8.9989126e-001
 9.0015578e-001
 9.0044898e-001
 9.0059400e-001
 9.0050334e-001
 9.0038872e-001
 9.0062451e-001
 9.0130413e-001
 9.0208352e-001
 9.0253711e-001
 9.0252435e-001
 9.0230107e-001
 9.0233719e-001
 9.0293717e-001
 9.0395695e-001
 9.0493709e-001
 9.0553033e-001
 9.0577310e-001
 9.0598923e-001
 9.0645754e-001
 9.0716559e-001
 9.0786159e-001
 9.0830427e-001
 9.0844625e-001
 9.0841234e-001
 9.0835023e-001
 9.0832204e-001
 9.0832275e-001
 9.0837914e-001
 9.0861088e-001
 9.0916222e-001
 9.1003466e-001
 9.1098404e-001
 9.1163784e-001
 9.1177881e-001
 9.1153705e-001
 9.1129279e-001
 9.1137505e-001
 9.1183823e-001
 9.1249168e-001
 9.1307884e-001
 9.1342914e-001
 9.1355270e-001
 9.1370058e-001
 9.1427177e-001
 9.1530031e-001
 9.1610008e-001
 9.1632730e-001
 9.1655761e-001
 9.1730875e-001
 9.1810870e-001
 9.1821551e-001
 9.1768765e-001
 9.1725206e-001
 9.1753060e-001
 9.1854101e-001
 9.1972488e-001
 9.2044526e-001
 9.2048961e-001
 9.2014933e-001
 9.1993260e-001
 9.2012596e-001
 9.2059296e-001
 9.2105025e-001
 9.2140311e-001
 9.2172354e-001
 9.2206275e-001
 9.2237782e-001
 9.2258674e-001
 9.2267597e-001
 9.2275536e-001
 9.2298371e-001
 9.2342281e-001
 9.2392874e-001
 9.2423028e-001
 9.2422628e-001
 9.2413473e-001
 9.2422026e-001
 9.2450577e-001
 9.2486119e-001
 9.2520702e-001
 9.2551607e-001
 9.2573220e-001
 9.2578727e-001
 9.2565984e-001
 9.2538911e-001
 9.2510396e-001
 9.2509103e-001
 9.2563647e-001
 9.2671806e-001
 9.2795140e-001
 9.2868042e-001
 9.2864490e-001
 9.2830765e-001
 9.2814529e-001
 9.2828524e-001
 9.2871338e-001
 9.2934793e-001
 9.3005335e-001
 9.3067557e-001
 9.3106991e-001
 9.3111509e-001
 9.3077457e-001
 9.3023264e-001
 9.2987317e-001
 9.3001938e-001
 9.3062663e-001
 9.3129325e-001
 9.3161064e-001
 9.3149567e-001
 9.3119198e-001
 9.3100178e-001
 9.3107980e-001
 9.3141675e-001
 9.3191803e-001
 9.3242377e-001
 9.3274468e-001
 9.3276310e-001
 9.3252432e-001
 9.3225712e-001
 9.3228787e-001
 9.3269122e-001
 9.3341970e-001
 9.3413877e-001
 9.3461984e-001
 9.3485630e-001
 9.3493038e-001
 9.3492472e-001
 9.3491197e-001
 9.3490022e-001
 9.3487132e-001
 9.3480724e-001
 9.3469149e-001
 9.3452013e-001
 9.3429363e-001
 9.3401283e-001
 9.3368596e-001
 9.3336976e-001
 9.3314087e-001
 9.3307585e-001
 9.3323404e-001
 9.3355781e-001
 9.3400502e-001
 9.3432784e-001
 9.3448764e-001
 9.3447536e-001
 9.3437433e-001
 9.3427140e-001
 9.3425393e-001
 9.3440551e-001
 9.3473744e-001
 9.3518823e-001
 9.3569356e-001
 9.3618876e-001
 9.3661076e-001
 9.3692231e-001
 9.3711179e-001
 9.3716878e-001
 9.3708277e-001
 9.3684471e-001
 9.3647254e-001
 9.3601114e-001
 9.3550634e-001
 9.3500417e-001
 9.3455058e-001
 9.3418276e-001
 9.3390387e-001
 9.3370903e-001
 9.3359351e-001
 9.3355209e-001
 9.3358004e-001
 9.3366998e-001
 9.3380630e-001
 9.3397075e-001
 9.3414539e-001
 9.3431228e-001
 9.3445349e-001
 9.3455082e-001
 9.3459195e-001
 9.3458450e-001
 9.3454140e-001
 9.3447518e-001
 9.3439877e-001
 9.3432492e-001
 9.3426627e-001
 9.3423569e-001
 9.3424177e-001
 9.3427819e-001
 9.3433475e-001
 9.3440133e-001
 9.3446785e-001
 9.3452442e-001
 9.3456066e-001
 9.3456674e-001
 9.3453717e-001
 9.3448460e-001
 9.3442577e-001
 9.3437719e-001
 9.3435580e-001
 9.3437809e-001
 9.3446094e-001
 9.3462098e-001
 9.3486840e-001
 9.3519008e-001
 9.3556726e-001
 9.3598115e-001
 9.3641323e-001
 9.3684471e-001
 9.3725687e-001
 9.3763083e-001
 9.3794841e-001
 9.3819028e-001
 9.3833810e-001
 9.3837309e-001
 9.3828374e-001
 9.3808383e-001
 9.3779325e-001
 9.3743199e-001
 9.3701959e-001
 9.3657643e-001
 9.3612170e-001
 9.3567562e-001
 9.3525797e-001
 9.3488842e-001
 9.3458694e-001
 9.3437344e-001
 9.3426132e-001
 9.3424159e-001
 9.3430030e-001
 9.3442357e-001
 9.3459731e-001
 9.3480760e-001
 9.3504030e-001
 9.3528152e-001
 9.3551737e-001
 9.3573374e-001
 9.3591672e-001
 9.3605566e-001
 9.3615216e-001
 9.3621010e-001
 9.3623376e-001
 9.3622696e-001
 9.3619406e-001
 9.3613899e-001
 9.3606579e-001
 9.3597871e-001
 9.3588179e-001
 9.3577772e-001
 9.3566561e-001
 9.3554312e-001
 9.3540835e-001
 9.3525916e-001
 9.3509364e-001
 9.3490934e-001
 9.3470460e-001
 9.3447715e-001
 9.3422502e-001
 9.3394822e-001
 9.3365461e-001
 9.3335378e-001
 9.3305504e-001
 9.3276775e-001
 9.3250155e-001
 9.3226582e-001
 9.3206984e-001
 9.3192327e-001
 9.3183547e-001
 9.3181020e-001
 9.3183267e-001
 9.3188387e-001
 9.3194503e-001
 9.3199718e-001
 9.3202132e-001
 9.3199861e-001
 9.3191022e-001
 9.3173724e-001
 9.3146694e-001
 9.3110758e-001
 9.3067181e-001
 9.3017220e-001
 9.2962128e-001
 9.2903167e-001
 9.2841601e-001
 9.2778677e-001
 9.2715490e-001
 9.2652458e-001
 9.2589968e-001
 9.2528301e-001
 9.2467803e-001
 9.2408812e-001
 9.2351669e-001
 9.2296690e-001
 9.2243814e-001
 9.2191744e-001
 9.2138880e-001
 9.2083675e-001
 9.2024511e-001
 9.1959870e-001
 9.1888142e-001
 9.1807747e-001
 9.1718197e-001
 9.1622466e-001
 9.1524166e-001
 9.1434306e-001
 9.1343933e-001
 9.1262203e-001
 9.1192722e-001
 9.1138488e-001
 9.1102511e-001
 9.1087848e-001
 9.1097534e-001
 9.1134232e-001
 9.1198808e-001
 9.1287750e-001
 9.1391701e-001
 9.1497201e-001
 9.1589397e-001
 9.1654474e-001
 9.1683090e-001
 9.1674334e-001
 9.1637015e-001
 9.1587204e-001
 9.1544223e-001
 9.1526747e-001
 9.1548657e-001
 9.1614920e-001
 9.1720110e-001
 9.1850775e-001
 9.1989571e-001
 9.2119277e-001
 9.2226505e-001
 9.2304647e-001
 9.2354828e-001
 9.2384309e-001
 9.2403561e-001
 9.2423308e-001
 9.2451996e-001
 9.2493945e-001
 9.2548805e-001
 9.2612439e-001
 9.2678672e-001
 9.2741156e-001
 9.2795134e-001
 9.2805165e-001
 9.2846704e-001
 9.2886060e-001
 9.2923146e-001
 9.2957866e-001
 9.2989939e-001
 9.3018889e-001
 9.3044102e-001
 9.3064916e-001
 9.3080950e-001
 9.3092334e-001
 9.3099993e-001
 9.3105704e-001
 9.3111920e-001
 9.3121326e-001
 9.3136299e-001
 9.3158436e-001
 9.3188256e-001
 9.3225116e-001
 9.3267369e-001
 9.3312776e-001
 9.3358850e-001
 9.3403327e-001
 9.3444371e-001
 9.3480736e-001
 9.3511802e-001
 9.3537575e-001
 9.3558568e-001
 9.3575609e-001
 9.3589616e-001
 9.3601477e-001
 9.3611920e-001
 9.3621570e-001
 9.3631053e-001
 9.3641055e-001
 9.3652350e-001
 9.3665802e-001
 9.3682265e-001
 9.3702430e-001
 9.3726742e-001
 9.3755305e-001
 9.3787813e-001
 9.3823612e-001
 9.3861759e-001
 9.3901098e-001
 9.3940383e-001
 9.3978339e-001
 9.4013739e-001
 9.4045508e-001
 9.4072747e-001
 9.4094855e-001
 9.4111544e-001
 9.4122905e-001
 9.4129455e-001
 9.4132066e-001
 9.4131893e-001
 9.4130242e-001
 9.4128430e-001
 9.4127595e-001
 9.4128627e-001
 9.4132048e-001
 9.4138050e-001
 9.4146508e-001
 9.4157088e-001
 9.4169337e-001
 9.4182795e-001
 9.4197053e-001
 9.4211793e-001
 9.4226807e-001
 9.4241977e-001
 9.4257253e-001
 9.4272602e-001
 9.4288009e-001
 9.4303429e-001
 9.4318783e-001
 9.4333959e-001
 9.4348794e-001
 9.4363117e-001
 9.4376719e-001
 9.4389397e-001
 9.4400942e-001
 9.4411212e-001
 9.4420105e-001
 9.4427592e-001
 9.4433749e-001
 9.4438732e-001
 9.4442791e-001
 9.4446212e-001
 9.4449276e-001
 9.4452190e-001
 9.4455034e-001
 9.4457686e-001
 9.4459796e-001
 9.4460815e-001
 9.4460040e-001
 9.4456720e-001
 9.4450200e-001
 9.4440025e-001
 9.4426072e-001
 9.4408602e-001
 9.4388241e-001
 9.4365919e-001
 9.4342726e-001
 9.4319791e-001
 9.4298083e-001
 9.4278342e-001
 9.4260985e-001
 9.4246125e-001
 9.4233626e-001
 9.4223171e-001
 9.4214422e-001
 9.4207084e-001
 9.4200981e-001
 9.4196057e-001
 9.4192338e-001
 9.4189799e-001
 9.4188261e-001
 9.4187254e-001
 9.4185972e-001
 9.4183242e-001
 9.4177598e-001
 9.4167453e-001
 9.4151223e-001
 9.4127518e-001
 9.4095242e-001
 9.4053662e-001
 9.4002354e-001
 9.3941146e-001
 9.3870008e-001
 9.3788940e-001
 9.3697959e-001
 9.3597060e-001
 9.3486208e-001
 9.3365479e-001
 9.3234974e-001
 9.3094945e-001
 9.2945749e-001
 9.2787725e-001
 9.2621315e-001
 9.2446995e-001
 9.2265236e-001
 9.2076761e-001
 9.1882479e-001
 9.1683769e-001
 9.1482526e-001
 9.1281110e-001
 9.1082501e-001
 9.0889925e-001
 9.0706855e-001
 9.0536606e-001
 9.0382016e-001
 9.0245295e-001
 9.0127742e-001
 9.0029782e-001
 8.9950991e-001
 8.9890331e-001
 8.9846456e-001
 8.9817983e-001
 8.9803791e-001
 8.9803118e-001
 8.9815575e-001
 8.9841002e-001
 8.9879251e-001
 8.9929909e-001
 8.9992106e-001
 9.0064430e-001
 9.0144926e-001
 9.0231258e-001
 9.0320939e-001
 9.0411538e-001
 9.0500981e-001
 9.0587586e-001
 9.0670186e-001
 9.0748113e-001
 9.0821004e-001
 9.0888792e-001
 9.0951490e-001
 9.1009170e-001
 9.1061938e-001
 9.1109949e-001
 9.1153514e-001
 9.1193140e-001
 9.1229582e-001
 9.1263849e-001
 9.1297013e-001
 9.1330117e-001
 9.1363901e-001
 9.1398621e-001
 9.1434002e-001
 9.1469222e-001
 9.1503102e-001
 9.1534424e-001
 9.1562194e-001
 9.1585994e-001
 9.1606086e-001
 9.1623431e-001
 9.1639537e-001
 9.1656113e-001
 9.1674799e-001
 9.1696835e-001
 9.1722900e-001
 9.1753072e-001
 9.1786891e-001
 9.1823572e-001
 9.1862184e-001
 9.1901803e-001
 9.1941673e-001
 9.1981190e-001
 9.2019898e-001
 9.2057443e-001
 9.2093498e-001
 9.2127782e-001
 9.2160016e-001
 9.2189968e-001
 9.2217523e-001
 9.2242664e-001
 9.2265540e-001
 9.2286420e-001
 9.2305672e-001
 9.2323756e-001
 9.2341125e-001
 9.2358243e-001
 9.2375511e-001
 9.2393243e-001
 9.2411637e-001
 9.2430717e-001
 9.2450339e-001
 9.2470157e-001
 9.2489648e-001
 9.2508143e-001
 9.2524922e-001
 9.2539328e-001
 9.2550850e-001
 9.2559236e-001
 9.2564565e-001
 9.2567265e-001
 9.2568058e-001
 9.2567903e-001
 9.2567843e-001
 9.2568910e-001
 9.2571974e-001
 9.2577654e-001
 9.2586267e-001
 9.2597795e-001
 9.2611921e-001
 9.2628080e-001
 9.2645526e-001
 9.2663407e-001
 9.2680848e-001
 9.2696965e-001
 9.2710948e-001
 9.2722064e-001
 9.2729700e-001
 9.2733401e-001
 9.2732960e-001
 9.2728442e-001
 9.2720276e-001
 9.2709267e-001
 9.2696565e-001
 9.2683578e-001
 9.2671800e-001
 9.2662597e-001
 9.2657006e-001
 9.2655551e-001
 9.2658132e-001
 9.2664039e-001
 9.2672050e-001
 9.2680603e-001
 9.2688048e-001
 9.2692852e-001
 9.2693788e-001
 9.2690033e-001
 9.2681211e-001
 9.2667371e-001
 9.2648870e-001
 9.2626292e-001
 9.2600334e-001
 9.2571706e-001
 9.2541099e-001
 9.2509139e-001
 9.2476344e-001
 9.2443180e-001
 9.2409980e-001
 9.2376995e-001
 9.2344332e-001
 9.2311925e-001
 9.2279500e-001
 9.2246562e-001
 9.2212397e-001
 9.2176098e-001
 9.2136657e-001
 9.2093080e-001
 9.2044532e-001
 9.1990477e-001
 9.1930813e-001
 9.1865933e-001
 9.1796768e-001
 9.1724694e-001
 9.1651338e-001
 9.1578448e-001
 9.1507512e-001
 9.1439599e-001
 9.1375113e-001
 9.1313702e-001
 9.1254306e-001
 9.1195285e-001
 9.1134751e-001
 9.1070831e-001
 9.1001964e-001
 9.0927196e-001
 9.0846187e-001
 9.0759265e-001
 9.0667254e-001
 9.0571171e-001
 9.0472060e-001
 9.0370727e-001
 9.0267557e-001
 9.0162551e-001
 9.0055275e-001
 8.9945114e-001
 8.9831382e-001
 8.9713514e-001
 8.9591265e-001
 8.9464688e-001
 8.9334232e-001
 8.9200568e-001
 8.9064407e-001
 8.8926446e-001
 8.8787115e-001
 8.8646591e-001
 8.8504827e-001
 8.8361543e-001
 8.8216507e-001
 8.8069504e-001
 8.7920523e-001
 8.7769741e-001
 8.7617391e-001
 8.7463796e-001
 8.7309211e-001
 8.7153751e-001
 8.6997515e-001
 8.6840564e-001
 8.6683112e-001
 8.6525589e-001
 8.6368614e-001
 8.6213046e-001
 8.6059731e-001
 8.5909414e-001
 8.5762560e-001
 8.5619175e-001
 8.5478908e-001
 8.5341048e-001
 8.5204786e-001
 8.5069370e-001
 8.4934217e-001
 8.4799111e-001
 8.4664077e-001
 8.4529388e-001
 8.4395343e-001
 8.4262097e-001
 8.4129608e-001
 8.3997452e-001
 8.3864897e-001
 8.3730954e-001
 8.3594370e-001
 8.3453840e-001
 8.3308035e-001
 8.3155620e-001
 8.2995397e-001
 8.2826173e-001
 8.2646829e-001
 8.2456279e-001
 8.2253259e-001
 8.2036483e-001
 8.1804317e-001
 8.1554914e-001
 8.1286097e-001
 8.0995303e-001
 8.0679899e-001
 8.0337083e-001
 7.9964399e-001
 7.9559922e-001
 7.9122376e-001
 7.8651708e-001
 7.8148758e-001
 7.7615595e-001
 7.7055204e-001
 7.6470965e-001
 7.5866681e-001
 7.5246012e-001
 7.4611950e-001
 7.3967123e-001
 7.3313177e-001
 7.2651368e-001
 7.1982616e-001
 7.1307576e-001
 7.0627570e-001
 6.9944263e-001
 6.9260466e-001
 6.8579954e-001
 6.7907178e-001
 6.7247564e-001
 6.6606569e-001
 6.5989858e-001
 6.5402681e-001
 6.4849401e-001
 6.4333785e-001
 6.3858443e-001
 6.3425261e-001
 6.3035327e-001
 6.2688947e-001
 6.2386096e-001
 6.2126195e-001
 6.1908484e-001
 6.1731923e-001
 6.1595172e-001
 6.1496758e-001
 6.1434948e-001
 6.1407828e-001
 6.1413330e-001
 6.1449313e-001
 6.1513585e-001
 6.1603975e-001
 6.1718416e-001
 6.1854887e-001
 6.2011510e-001
 6.2186396e-001
 6.2377632e-001
 6.2583327e-001
 6.2801379e-001
 6.3029689e-001
 6.3266021e-001
 6.3508123e-001
 6.3753963e-001
 6.4001584e-001
 6.4249486e-001
 6.4496458e-001
 6.4741653e-001
 6.4984655e-001
 6.5225148e-001
 6.5462840e-001
 6.5697348e-001
 6.5927821e-001
 6.6153055e-001
 6.6371262e-001
 6.6580230e-001
 6.6777569e-001
 6.6960758e-001
 6.7127627e-001
 6.7276424e-001
 6.7406130e-001
 6.7516571e-001
 6.7608422e-001
 6.7683214e-001
 6.7743194e-001
 6.7791200e-001
 6.7830539e-001
 6.7864746e-001
 6.7897516e-001
 6.7932487e-001
 6.7973149e-001
 6.8022734e-001
 6.8084097e-001
 6.8159658e-001
 6.8251354e-001
 6.8360525e-001
 6.8488008e-001
 6.8633974e-001
 6.8798006e-001
 6.8979144e-001
 6.9175780e-001
 6.9385892e-001
 6.9606966e-001
 6.9836199e-001
 7.0070767e-001
 7.0307821e-001
 7.0544910e-001
 7.0780003e-001
 7.1011651e-001
 7.1239161e-001
 7.1462357e-001
 7.1681660e-001
 7.1897745e-001
 7.2111380e-001
 7.2323340e-001
 7.2534049e-001
 7.2743708e-001
 7.2952121e-001
 7.3158813e-001
 7.3363221e-001
 7.3564667e-001
 7.3762560e-001
 7.3956567e-001
 7.4146450e-001
 7.4332279e-001
 7.4514174e-001
 7.4692309e-001
 7.4866843e-001
 7.5037712e-001
 7.5204766e-001
 7.5367588e-001
 7.5525635e-001
 7.5678355e-001
 7.5825149e-001
 7.5965554e-001
 7.6099223e-001
 7.6225960e-001
 7.6345813e-001
 7.6459008e-001
 7.6566064e-001
 7.6667768e-001
 7.6765221e-001
 7.6859844e-001
 7.6953202e-001
 7.7046907e-001
 7.7142346e-001
 7.7240407e-001
 7.7341288e-001
 7.7444321e-001
 7.7548099e-001
 7.7650809e-001
 7.7750564e-001
 7.7845860e-001
 7.7935743e-001
 7.8019959e-001
 7.8099000e-001
 7.8174037e-001
 7.8246707e-001
 7.8318697e-001
 7.8391320e-001
 7.8465194e-001
 7.8540051e-001
 7.8614944e-001
 7.8688598e-001
 7.8759933e-001
 7.8828537e-001
 7.8894752e-001
 7.8959620e-001
 7.9024488e-001
 7.9090685e-001
 7.9159224e-001
 7.9230547e-001
 7.9304463e-001
 7.9380202e-001
 7.9456544e-001
 7.9532051e-001
 7.9605299e-001
 7.9675066e-001
 7.9740494e-001
 7.9801053e-001
 7.9856563e-001
 7.9907054e-001
 7.9952693e-001
 7.9993719e-001
 8.0030346e-001
 8.0062795e-001
 8.0091292e-001
 8.0116141e-001
 8.0137718e-001
 8.0156553e-001
 8.0173337e-001
 8.0188948e-001
 8.0204445e-001
 8.0221009e-001
 8.0239868e-001
 8.0262190e-001
 8.0289006e-001
 8.0321068e-001
 8.0358750e-001
 8.0401945e-001
 8.0450034e-001
 8.0501878e-001
 8.0555928e-001
 8.0610436e-001
 8.0663627e-001
 8.0713934e-001
 8.0760187e-001
 8.0801713e-001
 8.0838388e-001
 8.0870628e-001
 8.0899310e-001
 8.0925661e-001
 8.0951053e-001
 8.0976826e-001
 8.1004095e-001
 8.1033647e-001
 8.1065863e-001
 8.1100690e-001
 8.1137729e-001
 8.1176317e-001
 8.1215602e-001
 8.1254697e-001
 8.1292719e-001
 8.1328911e-001
 8.1362671e-001
 8.1393570e-001
 8.1421429e-001
 8.1446254e-001
 8.1468266e-001
 8.1487870e-001
 8.1505591e-001
 8.1522042e-001
 8.1537825e-001
 8.1553477e-001
 8.1569409e-001
 8.1585848e-001
 8.1602836e-001
 8.1620204e-001
 8.1637681e-001
 8.1654900e-001
 8.1671524e-001
 8.1687313e-001
 8.1702173e-001
 8.1716186e-001
 8.1729627e-001
 8.1742883e-001
 8.1756383e-001
 8.1770521e-001
 8.1785548e-001
 8.1801510e-001
 8.1818211e-001
 8.1835234e-001
 8.1851983e-001
 8.1867808e-001
 8.1882083e-001
 8.1894344e-001
 8.1904364e-001
 8.1912231e-001
 8.1918341e-001
 8.1923354e-001
 8.1928116e-001
 8.1933582e-001
 8.1940657e-001
 8.1950128e-001
 8.1962562e-001
 8.1978261e-001
 8.1997252e-001
 8.2019258e-001
 8.2043761e-001
 8.2070023e-001
 8.2097179e-001
 8.2124251e-001
 8.2150298e-001
 8.2174468e-001
 8.2196105e-001
 8.2214850e-001
 8.2230681e-001
 8.2243979e-001
 8.2255471e-001
 8.2266200e-001
 8.2277364e-001
 8.2290137e-001
 8.2305497e-001
 8.2323986e-001
 8.2345629e-001
 8.2369828e-001
 8.2395446e-001
 8.2420981e-001
 8.2444757e-001
 8.2465166e-001
 8.2480878e-001
 8.2490999e-001
 8.2495135e-001
 8.2493442e-001
 8.2486641e-001
 8.2475889e-001
 8.2462621e-001
 8.2448357e-001
 8.2434464e-001
 8.2421941e-001
 8.2411343e-001
 8.2402676e-001
 8.2395512e-001
 8.2389057e-001
 8.2382375e-001
 8.2374549e-001
 8.2364839e-001
 8.2352823e-001
 8.2338357e-001
 8.2321626e-001
 8.2302994e-001
 8.2282978e-001
 8.2262135e-001
 8.2240987e-001
 8.2220012e-001
 8.2199574e-001
 8.2179940e-001
 8.2161295e-001
 8.2143712e-001
 8.2127202e-001
 8.2111740e-001
 8.2097256e-001
 8.2083654e-001
 8.2070833e-001
 8.2058686e-001
 8.2047069e-001
 8.2035846e-001
 8.2024837e-001
 8.2013828e-001
 8.2002574e-001
 8.1990767e-001
 8.1978059e-001
 8.1964076e-001
 8.1948406e-001
 8.1930637e-001
 8.1910366e-001
 8.1887227e-001
 8.1860930e-001
 8.1831223e-001
 8.1797981e-001
 8.1761163e-001
 8.1720835e-001
 8.1677198e-001
 8.1630594e-001
 8.1581485e-001
 8.1530517e-001
 8.1478471e-001
 8.1426263e-001
 8.1374902e-001
 8.1325388e-001
 8.1278694e-001
 8.1235582e-001
 8.1196570e-001
 8.1161833e-001
 8.1131119e-001
 8.1103796e-001
 8.1078839e-001
 8.1054991e-001
 8.1030840e-001
 8.1004995e-001
 8.0976254e-001
 8.0943692e-001
 8.0906796e-001
 8.0865484e-001
 8.0820060e-001
 8.0771178e-001
 8.0719686e-001
 8.0666530e-001
 8.0612600e-001
 8.0558598e-001
 8.0504984e-001
 8.0451930e-001
 8.0399311e-001
 8.0346769e-001
 8.0293792e-001
 8.0239797e-001
 8.0184233e-001
 8.0126661e-001
 8.0066812e-001
 8.0004609e-001
 7.9940170e-001
 7.9873812e-001
 7.9805928e-001
 7.9737020e-001
 7.9667568e-001
 7.9598027e-001
 7.9528791e-001
 7.9460126e-001
 7.9392242e-001
 7.9325247e-001
 7.9259223e-001
 7.9194254e-001
 7.9130405e-001
 7.9067844e-001
 7.9006791e-001
 7.8947544e-001
 7.8890467e-001
 7.8835934e-001
 7.8784341e-001
 7.8736013e-001
 7.8691137e-001
 7.8649783e-001
 7.8611815e-001
 7.8576940e-001
 7.8544676e-001
 7.8514409e-001
 7.8485447e-001
 7.8457087e-001
 7.8428704e-001
 7.8399777e-001
 7.8369987e-001
 7.8339177e-001
 7.8307372e-001
 7.8274727e-001
 7.8241456e-001
 7.8207791e-001
 7.8173935e-001
 7.8140032e-001
 7.8106123e-001
 7.8072166e-001
 7.8037989e-001
 7.8003341e-001
 7.7967876e-001
 7.7931213e-001
 7.7893013e-001
 7.7853006e-001
 7.7811116e-001
 7.7767509e-001
 7.7722597e-001
 7.7677065e-001
 7.7629727e-001
 7.7584493e-001
 7.7541769e-001
 7.7502644e-001
 7.7467978e-001
 7.7438200e-001
 7.7413267e-001
 7.7392679e-001
 7.7375603e-001
 7.7361053e-001
 7.7347988e-001
 7.7335376e-001
 7.7322268e-001
 7.7307868e-001
 7.7291632e-001
 7.7273315e-001
 7.7252996e-001
 7.7231038e-001
 7.7208018e-001
 7.7184647e-001
 7.7161705e-001
 7.7139950e-001
 7.7120072e-001
 7.7102584e-001
 7.7087706e-001
 7.7075255e-001
 7.7064556e-001
 7.7054548e-001
 7.7043855e-001
 7.7030909e-001
 7.7014089e-001
 7.6991779e-001
 7.6962453e-001
 7.6924819e-001
 7.6877958e-001
 7.6821440e-001
 7.6755399e-001
 7.6680458e-001
 7.6597631e-001
 7.6508123e-001
 7.6413256e-001
 7.6314318e-001
 7.6212507e-001
 7.6108778e-001
 7.6003611e-001
 7.5896955e-001
 7.5788063e-001
 7.5675642e-001
 7.5557971e-001
 7.5433022e-001
 7.5298715e-001
 7.5152874e-001
 7.4993420e-001
 7.4818385e-001
 7.4625951e-001
 7.4414653e-001
 7.4183220e-001
 7.3930740e-001
 7.3656505e-001
 7.3359817e-001
 7.3040187e-001
 7.2696978e-001
 7.2329652e-001
 7.1937627e-001
 7.1520090e-001
 7.1076226e-001
 7.0605105e-001
 7.0105493e-001
 6.9576293e-001
 6.9016111e-001
 6.8423724e-001
 6.7797911e-001
 6.7137271e-001
 6.6440779e-001
 6.5707225e-001
 6.4935815e-001
 6.4125967e-001
 6.3276976e-001
 6.2388670e-001
 6.1460561e-001
 6.0492533e-001
 5.9484679e-001
 5.8437061e-001
 5.7350981e-001
 5.6228411e-001
 5.5073345e-001
 5.3891593e-001
 5.2690190e-001
 5.1477766e-001
 5.0263661e-001
 4.9057117e-001
 4.7867984e-001
 4.6705312e-001
 4.5578006e-001
 4.4494036e-001
 4.3459702e-001
 4.2480403e-001
 4.1559783e-001
 4.0700895e-001
 3.9906186e-001
 3.9177534e-001
 3.8516963e-001
 3.7925914e-001
 3.7405616e-001
 3.6956531e-001
 3.6577952e-001
 3.6268276e-001
 3.6024716e-001
 3.5843876e-001
 3.5721883e-001
 3.5654613e-001
 3.5637924e-001
 3.5667685e-001
 3.5739878e-001
 3.5850662e-001
 3.5996506e-001
 3.6174124e-001
 3.6380488e-001
 3.6612839e-001
 3.6868432e-001
 3.7144700e-001
 3.7439013e-001
 3.7748763e-001
 3.8071504e-001
 3.8404712e-001
 3.8746116e-001
 3.9093438e-001
 3.9444494e-001
 3.9797309e-001
 4.0149781e-001
 4.0500006e-001
 4.0846011e-001
 4.1185921e-001
 4.1518176e-001
 4.1841388e-001
 4.2154765e-001
 4.2457888e-001
 4.2750791e-001
 4.3033931e-001
 4.3307862e-001
 4.3573231e-001
 4.3830791e-001
 4.4081140e-001
 4.4324881e-001
 4.4562364e-001
 4.4793698e-001
 4.5018810e-001
 4.5237273e-001
 4.5448595e-001
 4.5652106e-001
 4.5847103e-001
 4.6032971e-001
 4.6209142e-001
 4.6375379e-001
 4.6531811e-001
 4.6679154e-001
 4.6818823e-001
 4.6952742e-001
 4.7083327e-001
 4.7213203e-001
 4.7345090e-001
 4.7481737e-001
 4.7625676e-001
 4.7779056e-001
 4.7943458e-001
 4.8119527e-001
 4.8307049e-001
 4.8504886e-001
 4.8711273e-001
 4.8924139e-001
 4.9141151e-001
 4.9360052e-001
 4.9578625e-001
 4.9794936e-001
 5.0007588e-001
 5.0215739e-001
 5.0419331e-001
 5.0618887e-001
 5.0815398e-001
 5.1010203e-001
 5.1204681e-001
 5.1400322e-001
 5.1598471e-001
 5.1800287e-001
 5.2006698e-001
 5.2218127e-001
 5.2434617e-001
 5.2655727e-001
 5.2880710e-001
 5.3108704e-001
 5.3338701e-001
 5.3569669e-001
 5.3800726e-001
 5.4031026e-001
 5.4260081e-001
 5.4487634e-001
 5.4713809e-001
 5.4939139e-001
 5.5164289e-001
 5.5390179e-001
 5.5617666e-001
 5.5847746e-001
 5.6081086e-001
 5.6318271e-001
 5.6559485e-001
 5.6804150e-001
 5.7051253e-001
 5.7299137e-001
 5.7545799e-001
 5.7788807e-001
 5.8025813e-001
 5.8254480e-001
 5.8472490e-001
 5.8678085e-001
 5.8870119e-001
 5.9048212e-001
 5.9213084e-001
 5.9366286e-001
 5.9510046e-001
 5.9646881e-001
 5.9779572e-001
 5.9910899e-001
 6.0043383e-001
 6.0179257e-001
 6.0320103e-001
 6.0466546e-001
 6.0618329e-001
 6.0774332e-001
 6.0932672e-001
 6.1091202e-001
 6.1247557e-001
 6.1399400e-001
 6.1544418e-001
 6.1680716e-001
 6.1806911e-001
 6.1922240e-001
 6.2026823e-001
 6.2121469e-001
 6.2207466e-001
 6.2286466e-001
 6.2360239e-001
 6.2430608e-001
 6.2499261e-001
 6.2567753e-001
 6.2637317e-001
 6.2708712e-001
 6.2782258e-001
 6.2857848e-001
 6.2935001e-001
 6.3013095e-001
 6.3091415e-001
 6.3169175e-001
 6.3245660e-001
 6.3320196e-001
 6.3392222e-001
 6.3461292e-001
 6.3527149e-001
 6.3589686e-001
 6.3648856e-001
 6.3704723e-001
 6.3757384e-001
 6.3806915e-001
 6.3853461e-001
 6.3897216e-001
 6.3938445e-001
 6.3977522e-001
 6.4014953e-001
 6.4051378e-001
 6.4087480e-001
 6.4124012e-001
 6.4161754e-001
 6.4201432e-001
 6.4243722e-001
 6.4289135e-001
 6.4337927e-001
 6.4389974e-001
 6.4444768e-001
 6.4501464e-001
 6.4558905e-001
 6.4615816e-001
 6.4670873e-001
 6.4722723e-001
 6.4770168e-001
 6.4812273e-001
 6.4848518e-001
 6.4878982e-001
 6.4904404e-001
 6.4926112e-001
 6.4945853e-001
 6.4965653e-001
 6.4987648e-001
 6.5013927e-001
 6.5046471e-001
 6.5086937e-001
 6.5136415e-001
 6.5195292e-001
 6.5263134e-001
 6.5338790e-001
 6.5420514e-001
 6.5506297e-001
 6.5593988e-001
 6.5681350e-001
 6.5766311e-001
 6.5847015e-001
 6.5921932e-001
 6.5990114e-001
 6.6051191e-001
 6.6105258e-001
 6.6152853e-001
 6.6194725e-001
 6.6231740e-001
 6.6264796e-001
 6.6294819e-001
 6.6322750e-001
 6.6349506e-001
 6.6376036e-001
 6.6403288e-001
 6.6432190e-001
 6.6463697e-001
 6.6498756e-001
 6.6538316e-001
 6.6583252e-001
 6.6634387e-001
 6.6692376e-001
 6.6757530e-001
 6.6829813e-001
 6.6908735e-001
 6.6993374e-001
 6.7082548e-001
 6.7174917e-001
 6.7268986e-001
 6.7363340e-001
 6.7456579e-001
 6.7547476e-001
 6.7634976e-001
 6.7718410e-001
 6.7797476e-001
 6.7872113e-001
 6.7942584e-001
 6.8009269e-001
 6.8072575e-001
 6.8132973e-001
 6.8190849e-001
 6.8246526e-001
 6.8300092e-001
 6.8351448e-001
 6.8400228e-001
 6.8445784e-001
 6.8487334e-001
 6.8523991e-001
 6.8554807e-001
 6.8578869e-001
 6.8595380e-001
 6.8603742e-001
 6.8603730e-001
 6.8595624e-001
 6.8580258e-001
 6.8558949e-001
 6.8533409e-001
 6.8505526e-001
 6.8477333e-001
 6.8450814e-001
 6.8427873e-001
 6.8410176e-001
 6.8398976e-001
 6.8394995e-001
 6.8398350e-001
 6.8408614e-001
 6.8424970e-001
 6.8446350e-001
 6.8471569e-001
 6.8499422e-001
 6.8528736e-001
 6.8558395e-001
 6.8587446e-001
 6.8615127e-001
 6.8640852e-001
 6.8664271e-001
 6.8685150e-001
 6.8703353e-001
 6.8718767e-001
 6.8731314e-001
 6.8740934e-001
 6.8747568e-001
 6.8751204e-001
 6.8751848e-001
 6.8749559e-001
 6.8744433e-001
 6.8736595e-001
 6.8726170e-001
 6.8713313e-001
 6.8698168e-001
 6.8680882e-001
 6.8661588e-001
 6.8640423e-001
 6.8617481e-001
 6.8592876e-001
 6.8566674e-001
 6.8538946e-001
 6.8509746e-001
 6.8479151e-001
 6.8447232e-001
 6.8414104e-001
 6.8379986e-001
 6.8345207e-001
 6.8310291e-001
 6.8275982e-001
 6.8243206e-001
 6.8213004e-001
 6.8186539e-001
 6.8164963e-001
 6.8149388e-001
 6.8140805e-001
 6.8139917e-001
 6.8146950e-001
 6.8161482e-001
 6.8182367e-001
 6.8207824e-001
 6.8235612e-001
 6.8263179e-001
 6.8287873e-001
 6.8307072e-001
 6.8318331e-001
 6.8319619e-001
 6.8309581e-001
 6.8287790e-001
 6.8254858e-001
 6.8212312e-001
 6.8162364e-001
 6.8107653e-001
 6.8050963e-001
 6.7995083e-001
 6.7942655e-001
 6.7895889e-001
 6.7856312e-001
 6.7824525e-001
 6.7800128e-001
 6.7781770e-001
 6.7767406e-001
 6.7754614e-001
 6.7740774e-001
 6.7723280e-001
 6.7699677e-001
 6.7667919e-001
 6.7626607e-001
 6.7575234e-001
 6.7514318e-001
 6.7445236e-001
 6.7370027e-001
 6.7291164e-001
 6.7211246e-001
 6.7132872e-001
 6.7058527e-001
 6.6990280e-001
 6.6929555e-001
 6.6876954e-001
 6.6832095e-001
 6.6793734e-001
 6.6759986e-001
 6.6728616e-001
 6.6697192e-001
 6.6663277e-001
 6.6624600e-001
 6.6579187e-001
 6.6525620e-001
 6.6463262e-001
 6.6392291e-001
 6.6313630e-001
 6.6228747e-001
 6.6139507e-001
 6.6047841e-001
 6.5955722e-001
 6.5865058e-001
 6.5777457e-001
 6.5694106e-001
 6.5615660e-001
 6.5542090e-001
 6.5472794e-001
 6.5406775e-001
 6.5342760e-001
 6.5279347e-001
 6.5215099e-001
 6.5148616e-001
 6.5078539e-001
 6.5003598e-001
 6.4922720e-001
 6.4834940e-001
 6.4739436e-001
 6.4635557e-001
 6.4522654e-001
 6.4400142e-001
 6.4267498e-001
 6.4124405e-001
 6.3970768e-001
 6.3806933e-001
 6.3634014e-001
 6.3453716e-001
 6.3268375e-001
 6.3080937e-001
 6.2894481e-001
 6.2712210e-001
 6.2537384e-001
 6.2372899e-001
 6.2221169e-001
 6.2083679e-001
 6.1960799e-001
 6.1851478e-001
 6.1753452e-001
 6.1663646e-001
 6.1578393e-001
 6.1493784e-001
 6.1405963e-001
 6.1311227e-001
 6.1206371e-001
 6.1088967e-001
 6.0957760e-001
 6.0812646e-001
 6.0654604e-001
 6.0485536e-001
 6.0307717e-001
 6.0123634e-001
 5.9935963e-001
 5.9747177e-001
 5.9559590e-001
 5.9375107e-001
 5.9195286e-001
 5.9021020e-001
 5.8852726e-001
 5.8690566e-001
 5.8534390e-001
 5.8383924e-001
 5.8238947e-001
 5.8099055e-001
 5.7963759e-001
 5.7832491e-001
 5.7704347e-001
 5.7578218e-001
 5.7452738e-001
 5.7326448e-001
 5.7197732e-001
 5.7064909e-001
 5.6926453e-001
 5.6780863e-001
 5.6626916e-001
 5.6463933e-001
 5.6291765e-001
 5.6110966e-001
 5.5922663e-001
 5.5728590e-001
 5.5530614e-001
 5.5330735e-001
 5.5131108e-001
 5.4933649e-001
 5.4740036e-001
 5.4551685e-001
 5.4369313e-001
 5.4193026e-001
 5.4022503e-001
 5.3856915e-001
 5.3695250e-001
 5.3536367e-001
 5.3379226e-001
 5.3222728e-001
 5.3065854e-001
 5.2907884e-001
 5.2748197e-001
 5.2586412e-001
 5.2422488e-001
 5.2256447e-001
 5.2088475e-001
 5.1918757e-001
 5.1747626e-001
 5.1575297e-001
 5.1401985e-001
 5.1228040e-001
 5.1059908e-001
 5.0927472e-001
 5.0754327e-001
 5.0583214e-001
 5.0414902e-001
 5.0250238e-001
 5.0090003e-001
 4.9935094e-001
 4.9786308e-001
 4.9644461e-001
 4.9510390e-001
 4.9384761e-001
 4.9267194e-001
 4.9156585e-001
 4.9051851e-001
 4.8951888e-001
 4.8855665e-001
 4.8762077e-001
 4.8670039e-001
 4.8578462e-001
 4.8486298e-001
 4.8392448e-001
 4.8295832e-001
 4.8195344e-001
 4.8089957e-001
 4.7978675e-001
 4.7861537e-001
 4.7739127e-001
 4.7611997e-001
 4.7480801e-001
 4.7346094e-001
 4.7208455e-001
 4.7068453e-001
 4.6926731e-001
 4.6783841e-001
 4.6640378e-001
 4.6496895e-001
 4.6354035e-001
 4.6212363e-001
 4.6072465e-001
 4.5934927e-001
 4.5800304e-001
 4.5669240e-001
 4.5542240e-001
 4.5419279e-001
 4.5300007e-001
 4.5184183e-001
 4.5071450e-001
 4.4961509e-001
 4.4854009e-001
 4.4748697e-001
 4.4645229e-001
 4.4543299e-001
 4.4442585e-001
 4.4342756e-001
 4.4243538e-001
 4.4144607e-001
 4.4045642e-001
 4.3946314e-001
 4.3846339e-001
 4.3745399e-001
 4.3643171e-001
 4.3539321e-001
 4.3433583e-001
 4.3325624e-001
 4.3215156e-001
 4.3102169e-001
 4.2986873e-001
 4.2869395e-001
 4.2749897e-001
 4.2628542e-001
 4.2505443e-001
 4.2380834e-001
 4.2254829e-001
 4.2127606e-001
 4.1999272e-001
 4.1870058e-001
 4.1740093e-001
 4.1609523e-001
 4.1478488e-001
 4.1347206e-001
 4.1215798e-001
 4.1084427e-001
 4.0953255e-001
 4.0822399e-001
 4.0692085e-001
 4.0562442e-001
 4.0433627e-001
 4.0305766e-001
 4.0179083e-001
 4.0053701e-001
 3.9929762e-001
 3.9807272e-001
 3.9686254e-001
 3.9566657e-001
 3.9448449e-001
 3.9331603e-001
 3.9216053e-001
 3.9101836e-001
 3.8988897e-001
 3.8877195e-001
 3.8766688e-001
 3.8657397e-001
 3.8549259e-001
 3.8442248e-001
 3.8336319e-001
 3.8231483e-001
 3.8127691e-001
 3.8024908e-001
 3.7923092e-001
 3.7822253e-001
 3.7722340e-001
 3.7623328e-001
 3.7525183e-001
 3.7427858e-001
 3.7331364e-001
 3.7235653e-001
 3.7140700e-001
 3.7046450e-001
 3.6952916e-001
 3.6860049e-001
 3.6767823e-001
 3.6676210e-001
 3.6585250e-001
 3.6494920e-001
