s07_ASD Record=12857: Calcite.80wt+Kaol_CM9 GDS213  BECKa AREF
-1.2300000e+034
-1.2300000e+034
-1.2300000e+034
-1.2300000e+034
-1.2300000e+034
-1.2300000e+034
-1.2300000e+034
-1.2300000e+034
-1.2300000e+034
-1.2300000e+034
-1.2300000e+034
-1.2300000e+034
-1.2300000e+034
-1.2300000e+034
-1.2300000e+034
-1.2300000e+034
-1.2300000e+034
-1.2300000e+034
-1.2300000e+034
-1.2300000e+034
-1.2300000e+034
-1.2300000e+034
-1.2300000e+034
-1.2300000e+034
-1.2300000e+034
-1.2300000e+034
-1.2300000e+034
-1.2300000e+034
-1.2300000e+034
-1.2300000e+034
-1.2300000e+034
-1.2300000e+034
-1.2300000e+034
-1.2300000e+034
-1.2300000e+034
-1.2300000e+034
-1.2300000e+034
-1.2300000e+034
-1.2300000e+034
-1.2300000e+034
-1.2300000e+034
-1.2300000e+034
-1.2300000e+034
-1.2300000e+034
-1.2300000e+034
-1.2300000e+034
-1.2300000e+034
-1.2300000e+034
-1.2300000e+034
-1.2300000e+034
-1.2300000e+034
-1.2300000e+034
-1.2300000e+034
-1.2300000e+034
-1.2300000e+034
-1.2300000e+034
-1.2300000e+034
-1.2300000e+034
-1.2300000e+034
-1.2300000e+034
-1.2300000e+034
-1.2300000e+034
-1.2300000e+034
-1.2300000e+034
-1.2300000e+034
-1.2300000e+034
-1.2300000e+034
-1.2300000e+034
-1.2300000e+034
-1.2300000e+034
-1.2300000e+034
-1.2300000e+034
-1.2300000e+034
-1.2300000e+034
-1.2300000e+034
-1.2300000e+034
-1.2300000e+034
-1.2300000e+034
-1.2300000e+034
-1.2300000e+034
-1.2300000e+034
-1.2300000e+034
-1.2300000e+034
-1.2300000e+034
-1.2300000e+034
-1.2300000e+034
-1.2300000e+034
-1.2300000e+034
-1.2300000e+034
-1.2300000e+034
-1.2300000e+034
-1.2300000e+034
-1.2300000e+034
-1.2300000e+034
-1.2300000e+034
-1.2300000e+034
-1.2300000e+034
-1.2300000e+034
-1.2300000e+034
-1.2300000e+034
-1.2300000e+034
-1.2300000e+034
-1.2300000e+034
-1.2300000e+034
-1.2300000e+034
-1.2300000e+034
-1.2300000e+034
-1.2300000e+034
-1.2300000e+034
-1.2300000e+034
-1.2300000e+034
-1.2300000e+034
-1.2300000e+034
-1.2300000e+034
-1.2300000e+034
-1.2300000e+034
-1.2300000e+034
-1.2300000e+034
-1.2300000e+034
-1.2300000e+034
-1.2300000e+034
-1.2300000e+034
-1.2300000e+034
-1.2300000e+034
-1.2300000e+034
-1.2300000e+034
-1.2300000e+034
-1.2300000e+034
-1.2300000e+034
-1.2300000e+034
-1.2300000e+034
-1.2300000e+034
-1.2300000e+034
-1.2300000e+034
-1.2300000e+034
-1.2300000e+034
-1.2300000e+034
-1.2300000e+034
-1.2300000e+034
-1.2300000e+034
-1.2300000e+034
-1.2300000e+034
-1.2300000e+034
-1.2300000e+034
-1.2300000e+034
-1.2300000e+034
-1.2300000e+034
-1.2300000e+034
-1.2300000e+034
-1.2300000e+034
-1.2300000e+034
-1.2300000e+034
-1.2300000e+034
-1.2300000e+034
-1.2300000e+034
-1.2300000e+034
-1.2300000e+034
-1.2300000e+034
-1.2300000e+034
-1.2300000e+034
-1.2300000e+034
-1.2300000e+034
-1.2300000e+034
-1.2300000e+034
 8.5438085e-001
 8.5486460e-001
 8.5530108e-001
 8.5564476e-001
 8.5593241e-001
 8.5625076e-001
 8.5667533e-001
 8.5722876e-001
 8.5787231e-001
 8.5852510e-001
 8.5910314e-001
 8.5956818e-001
 8.5995674e-001
 8.6035901e-001
 8.6084867e-001
 8.6141819e-001
 8.6198056e-001
 8.6244208e-001
 8.6278123e-001
 8.6306435e-001
 8.6338550e-001
 8.6379141e-001
 8.6425990e-001
 8.6474240e-001
 8.6521548e-001
 8.6568439e-001
 8.6614245e-001
 8.6654353e-001
 8.6683810e-001
 8.6704648e-001
 8.6728281e-001
 8.6767465e-001
 8.6823231e-001
 8.6880320e-001
 8.6918849e-001
 8.6932606e-001
 8.6935389e-001
 8.6948550e-001
 8.6982077e-001
 8.7027615e-001
 8.7069315e-001
 8.7098873e-001
 8.7118077e-001
 8.7128621e-001
 8.7124878e-001
 8.7100172e-001
 8.7059402e-001
 8.7021732e-001
 8.7006974e-001
 8.7019682e-001
 8.7048578e-001
 8.7079138e-001
 8.7103271e-001
 8.7120759e-001
 8.7138218e-001
 8.7165391e-001
 8.7205267e-001
 8.7247968e-001
 8.7280011e-001
 8.7298429e-001
 8.7310320e-001
 8.7321717e-001
 8.7335223e-001
 8.7355494e-001
 8.7386918e-001
 8.7425572e-001
 8.7461495e-001
 8.7489671e-001
 8.7512881e-001
 8.7534267e-001
 8.7552893e-001
 8.7567312e-001
 8.7578911e-001
 8.7589389e-001
 8.7596792e-001
 8.7597185e-001
 8.7591845e-001
 8.7590468e-001
 8.7602782e-001
 8.7626749e-001
 8.7648308e-001
 8.7653089e-001
 8.7637174e-001
 8.7608624e-001
 8.7582272e-001
 8.7571669e-001
 8.7581605e-001
 8.7605554e-001
 8.7630630e-001
 8.7646675e-001
 8.7651873e-001
 8.7650084e-001
 8.7646884e-001
 8.7651265e-001
 8.7672633e-001
 8.7708455e-001
 8.7741774e-001
 8.7757820e-001
 8.7759203e-001
 8.7760770e-001
 8.7772477e-001
 8.7791640e-001
 8.7811106e-001
 8.7828356e-001
 8.7842852e-001
 8.7851697e-001
 8.7854362e-001
 8.7854558e-001
 8.7854218e-001
 8.7854773e-001
 8.7864131e-001
 8.7890661e-001
 8.7927943e-001
 8.7955958e-001
 8.7962747e-001
 8.7957609e-001
 8.7957984e-001
 8.7970442e-001
 8.7988514e-001
 8.8006800e-001
 8.8028359e-001
 8.8055807e-001
 8.8083887e-001
 8.8104129e-001
 8.8112617e-001
 8.8111705e-001
 8.8107926e-001
 8.8109219e-001
 8.8119793e-001
 8.8135624e-001
 8.8149345e-001
 8.8161057e-001
 8.8177967e-001
 8.8201416e-001
 8.8222879e-001
 8.8236153e-001
 8.8245088e-001
 8.8255918e-001
 8.8268727e-001
 8.8279593e-001
 8.8286144e-001
 8.8288915e-001
 8.8290340e-001
 8.8294154e-001
 8.8304055e-001
 8.8321030e-001
 8.8342345e-001
 8.8364160e-001
 8.8385886e-001
 8.8410968e-001
 8.8440299e-001
 8.8464493e-001
 8.8470274e-001
 8.8456744e-001
 8.8439757e-001
 8.8438773e-001
 8.8459772e-001
 8.8494605e-001
 8.8531590e-001
 8.8561869e-001
 8.8579923e-001
 8.8583076e-001
 8.8572270e-001
 8.8553941e-001
 8.8540602e-001
 8.8545710e-001
 8.8573670e-001
 8.8613594e-001
 8.8645047e-001
 8.8652819e-001
 8.8637424e-001
 8.8612515e-001
 8.8593811e-001
 8.8590682e-001
 8.8605165e-001
 8.8635057e-001
 8.8676131e-001
 8.8722146e-001
 8.8763499e-001
 8.8787472e-001
 8.8784677e-001
 8.8761377e-001
 8.8745856e-001
 8.8774133e-001
 8.8860774e-001
 8.8981456e-001
 8.9087671e-001
 8.9144367e-001
 8.9155829e-001
 8.9154929e-001
 8.9160764e-001
 8.9170098e-001
 8.9177710e-001
 8.9182967e-001
 8.9188260e-001
 8.9197707e-001
 8.9215803e-001
 8.9243704e-001
 8.9276588e-001
 8.9305776e-001
 8.9323121e-001
 8.9324617e-001
 8.9313185e-001
 8.9299715e-001
 8.9297265e-001
 8.9307731e-001
 8.9319241e-001
 8.9325708e-001
 8.9338744e-001
 8.9367503e-001
 8.9399004e-001
 8.9411497e-001
 8.9398408e-001
 8.9373612e-001
 8.9359862e-001
 8.9371538e-001
 8.9405495e-001
 8.9447981e-001
 8.9486802e-001
 8.9516467e-001
 8.9535999e-001
 8.9543575e-001
 8.9535648e-001
 8.9514101e-001
 8.9491659e-001
 8.9485669e-001
 8.9505172e-001
 8.9540887e-001
 8.9569092e-001
 8.9572453e-001
 8.9557964e-001
 8.9554322e-001
 8.9585960e-001
 8.9650780e-001
 8.9721644e-001
 8.9755851e-001
 8.9742094e-001
 8.9718968e-001
 8.9715523e-001
 8.9724427e-001
 8.9732432e-001
 8.9740038e-001
 8.9759845e-001
 8.9803046e-001
 8.9863795e-001
 8.9919239e-001
 8.9947379e-001
 8.9944649e-001
 8.9925671e-001
 8.9908081e-001
 8.9900517e-001
 8.9902109e-001
 8.9909595e-001
 8.9922225e-001
 8.9941865e-001
 8.9969653e-001
 9.0002233e-001
 9.0031838e-001
 9.0051162e-001
 9.0059012e-001
 9.0060043e-001
 9.0060198e-001
 9.0064597e-001
 9.0077680e-001
 9.0103376e-001
 9.0135318e-001
 9.0178317e-001
 9.0217882e-001
 9.0246379e-001
 9.0261972e-001
 9.0265143e-001
 9.0256381e-001
 9.0237200e-001
 9.0215993e-001
 9.0203875e-001
 9.0212023e-001
 9.0248829e-001
 9.0304667e-001
 9.0362614e-001
 9.0405732e-001
 9.0420169e-001
 9.0412527e-001
 9.0397722e-001
 9.0390688e-001
 9.0404010e-001
 9.0434629e-001
 9.0479702e-001
 9.0515560e-001
 9.0539157e-001
 9.0547669e-001
 9.0544647e-001
 9.0533876e-001
 9.0519154e-001
 9.0504241e-001
 9.0491694e-001
 9.0482903e-001
 9.0479183e-001
 9.0481883e-001
 9.0492243e-001
 9.0509552e-001
 9.0531147e-001
 9.0554315e-001
 9.0576309e-001
 9.0594518e-001
 9.0608513e-001
 9.0620071e-001
 9.0631068e-001
 9.0643346e-001
 9.0658784e-001
 9.0678698e-001
 9.0702337e-001
 9.0728450e-001
 9.0755767e-001
 9.0783054e-001
 9.0809023e-001
 9.0832549e-001
 9.0852869e-001
 9.0869355e-001
 9.0881354e-001
 9.0888214e-001
 9.0889299e-001
 9.0883946e-001
 9.0872049e-001
 9.0855497e-001
 9.0836638e-001
 9.0817845e-001
 9.0801471e-001
 9.0789878e-001
 9.0785438e-001
 9.0790516e-001
 9.0806419e-001
 9.0830553e-001
 9.0859401e-001
 9.0889418e-001
 9.0917099e-001
 9.0938914e-001
 9.0951329e-001
 9.0950829e-001
 9.0935045e-001
 9.0905958e-001
 9.0866542e-001
 9.0819776e-001
 9.0768653e-001
 9.0716124e-001
 9.0665215e-001
 9.0618867e-001
 9.0579480e-001
 9.0547174e-001
 9.0521580e-001
 9.0502328e-001
 9.0489036e-001
 9.0481311e-001
 9.0478796e-001
 9.0481102e-001
 9.0487862e-001
 9.0498686e-001
 9.0513206e-001
 9.0531033e-001
 9.0551734e-001
 9.0574545e-001
 9.0598661e-001
 9.0623271e-001
 9.0647566e-001
 9.0670753e-001
 9.0691990e-001
 9.0710491e-001
 9.0725458e-001
 9.0736061e-001
 9.0741491e-001
 9.0740943e-001
 9.0733963e-001
 9.0721303e-001
 9.0704024e-001
 9.0683156e-001
 9.0659744e-001
 9.0634841e-001
 9.0609473e-001
 9.0584707e-001
 9.0561575e-001
 9.0541118e-001
 9.0524381e-001
 9.0512067e-001
 9.0503716e-001
 9.0498602e-001
 9.0495974e-001
 9.0495110e-001
 9.0495288e-001
 9.0495765e-001
 9.0495825e-001
 9.0494716e-001
 9.0491736e-001
 9.0486276e-001
 9.0478271e-001
 9.0467721e-001
 9.0454686e-001
 9.0439165e-001
 9.0421200e-001
 9.0400803e-001
 9.0378010e-001
 9.0352839e-001
 9.0325332e-001
 9.0295649e-001
 9.0264517e-001
 9.0232736e-001
 9.0201151e-001
 9.0170562e-001
 9.0141815e-001
 9.0115696e-001
 9.0093052e-001
 9.0074700e-001
 9.0061462e-001
 9.0053993e-001
 9.0052378e-001
 9.0056598e-001
 9.0066618e-001
 9.0082431e-001
 9.0103996e-001
 9.0131295e-001
 9.0164298e-001
 9.0202981e-001
 9.0246606e-001
 9.0292042e-001
 9.0335679e-001
 9.0373898e-001
 9.0403056e-001
 9.0419567e-001
 9.0419799e-001
 9.0400118e-001
 9.0358531e-001
 9.0298277e-001
 9.0223712e-001
 9.0139169e-001
 9.0048999e-001
 8.9957547e-001
 8.9869153e-001
 8.9788163e-001
 8.9717901e-001
 8.9658386e-001
 8.9608991e-001
 8.9569068e-001
 8.9537942e-001
 8.9515001e-001
 8.9499581e-001
 8.9491028e-001
 8.9488554e-001
 8.9490789e-001
 8.9496297e-001
 8.9503145e-001
 8.9510411e-001
 8.9516395e-001
 8.9520895e-001
 8.9525998e-001
 8.9536041e-001
 8.9556909e-001
 8.9595193e-001
 8.9657354e-001
 8.9748073e-001
 8.9867377e-001
 9.0008968e-001
 9.0162021e-001
 9.0314060e-001
 9.0452963e-001
 9.0569037e-001
 9.0657258e-001
 9.0717912e-001
 9.0755278e-001
 9.0775561e-001
 9.0785259e-001
 9.0790021e-001
 9.0793711e-001
 9.0798122e-001
 9.0803409e-001
 9.0808851e-001
 9.0813529e-001
 9.0816659e-001
 9.0817887e-001
 9.0817332e-001
 9.0815490e-001
 9.0813041e-001
 9.0810686e-001
 9.0808946e-001
 9.0808058e-001
 9.0807909e-001
 9.0808129e-001
 9.0808183e-001
 9.0807509e-001
 9.0805602e-001
 9.0791225e-001
 9.0785187e-001
 9.0778005e-001
 9.0769738e-001
 9.0760523e-001
 9.0750617e-001
 9.0740371e-001
 9.0730244e-001
 9.0720779e-001
 9.0712613e-001
 9.0706432e-001
 9.0702927e-001
 9.0702742e-001
 9.0706378e-001
 9.0714133e-001
 9.0726048e-001
 9.0741879e-001
 9.0761131e-001
 9.0783030e-001
 9.0806627e-001
 9.0830880e-001
 9.0854704e-001
 9.0877080e-001
 9.0897077e-001
 9.0913886e-001
 9.0926820e-001
 9.0935373e-001
 9.0939236e-001
 9.0938318e-001
 9.0932792e-001
 9.0923101e-001
 9.0909916e-001
 9.0894097e-001
 9.0876663e-001
 9.0858644e-001
 9.0841025e-001
 9.0824604e-001
 9.0809882e-001
 9.0797037e-001
 9.0785921e-001
 9.0776157e-001
 9.0767324e-001
 9.0759075e-001
 9.0751332e-001
 9.0744376e-001
 9.0738839e-001
 9.0735638e-001
 9.0735799e-001
 9.0740246e-001
 9.0749615e-001
 9.0764087e-001
 9.0783298e-001
 9.0806347e-001
 9.0831923e-001
 9.0858412e-001
 9.0884149e-001
 9.0907598e-001
 9.0927517e-001
 9.0943074e-001
 9.0953898e-001
 9.0960032e-001
 9.0961850e-001
 9.0959954e-001
 9.0955085e-001
 9.0948009e-001
 9.0939510e-001
 9.0930367e-001
 9.0921360e-001
 9.0913284e-001
 9.0906924e-001
 9.0902990e-001
 9.0902030e-001
 9.0904337e-001
 9.0909857e-001
 9.0918171e-001
 9.0928531e-001
 9.0939951e-001
 9.0951353e-001
 9.0961725e-001
 9.0970254e-001
 9.0976417e-001
 9.0980011e-001
 9.0981144e-001
 9.0980172e-001
 9.0977627e-001
 9.0974182e-001
 9.0970558e-001
 9.0967512e-001
 9.0965784e-001
 9.0966058e-001
 9.0968865e-001
 9.0974534e-001
 9.0983117e-001
 9.0994322e-001
 9.1007525e-001
 9.1021836e-001
 9.1036201e-001
 9.1049564e-001
 9.1061032e-001
 9.1070044e-001
 9.1076458e-001
 9.1080564e-001
 9.1083068e-001
 9.1084927e-001
 9.1087157e-001
 9.1090649e-001
 9.1095966e-001
 9.1103178e-001
 9.1111839e-001
 9.1121024e-001
 9.1129470e-001
 9.1135824e-001
 9.1138840e-001
 9.1137683e-001
 9.1132075e-001
 9.1122365e-001
 9.1109520e-001
 9.1094971e-001
 9.1080409e-001
 9.1067511e-001
 9.1057718e-001
 9.1052002e-001
 9.1050786e-001
 9.1053897e-001
 9.1060662e-001
 9.1070044e-001
 9.1080862e-001
 9.1091961e-001
 9.1102386e-001
 9.1111487e-001
 9.1118932e-001
 9.1124642e-001
 9.1128749e-001
 9.1131467e-001
 9.1133052e-001
 9.1133767e-001
 9.1133893e-001
 9.1133767e-001
 9.1133803e-001
 9.1134465e-001
 9.1136223e-001
 9.1139442e-001
 9.1144270e-001
 9.1150528e-001
 9.1157705e-001
 9.1165000e-001
 9.1171414e-001
 9.1175967e-001
 9.1177833e-001
 9.1176504e-001
 9.1171873e-001
 9.1164213e-001
 9.1154110e-001
 9.1142368e-001
 9.1129881e-001
 9.1117549e-001
 9.1106188e-001
 9.1096509e-001
 9.1089100e-001
 9.1084379e-001
 9.1082591e-001
 9.1083717e-001
 9.1087466e-001
 9.1093278e-001
 9.1100305e-001
 9.1107595e-001
 9.1114146e-001
 9.1119134e-001
 9.1122049e-001
 9.1122758e-001
 9.1121560e-001
 9.1119111e-001
 9.1116279e-001
 9.1114002e-001
 9.1113091e-001
 9.1114140e-001
 9.1117424e-001
 9.1122919e-001
 9.1130334e-001
 9.1139203e-001
 9.1149002e-001
 9.1159189e-001
 9.1169304e-001
 9.1179007e-001
 9.1188031e-001
 9.1196221e-001
 9.1203457e-001
 9.1209668e-001
 9.1214782e-001
 9.1218776e-001
 9.1221631e-001
 9.1223413e-001
 9.1224235e-001
 9.1224265e-001
 9.1223717e-001
 9.1222769e-001
 9.1221517e-001
 9.1219932e-001
 9.1217834e-001
 9.1214925e-001
 9.1210830e-001
 9.1205227e-001
 9.1197926e-001
 9.1188967e-001
 9.1178668e-001
 9.1167593e-001
 9.1156471e-001
 9.1146070e-001
 9.1137046e-001
 9.1129827e-001
 9.1124529e-001
 9.1120905e-001
 9.1118366e-001
 9.1116059e-001
 9.1112930e-001
 9.1107851e-001
 9.1099685e-001
 9.1087371e-001
 9.1070026e-001
 9.1046977e-001
 9.1017848e-001
 9.0982586e-001
 9.0941519e-001
 9.0895319e-001
 9.0844965e-001
 9.0791702e-001
 9.0736854e-001
 9.0681779e-001
 9.0627718e-001
 9.0575689e-001
 9.0526515e-001
 9.0480781e-001
 9.0438908e-001
 9.0401256e-001
 9.0368152e-001
 9.0339977e-001
 9.0317190e-001
 9.0300310e-001
 9.0289843e-001
 9.0286201e-001
 9.0289634e-001
 9.0300119e-001
 9.0317351e-001
 9.0340710e-001
 9.0369326e-001
 9.0402144e-001
 9.0438026e-001
 9.0475875e-001
 9.0514702e-001
 9.0553665e-001
 9.0592080e-001
 9.0629381e-001
 9.0665096e-001
 9.0698779e-001
 9.0730023e-001
 9.0758467e-001
 9.0783852e-001
 9.0806085e-001
 9.0825248e-001
 9.0841627e-001
 9.0855628e-001
 9.0867710e-001
 9.0878230e-001
 9.0887362e-001
 9.0895021e-001
 9.0900856e-001
 9.0904325e-001
 9.0904778e-001
 9.0901583e-001
 9.0894222e-001
 9.0882325e-001
 9.0865695e-001
 9.0844238e-001
 9.0817893e-001
 9.0786582e-001
 9.0750170e-001
 9.0708441e-001
 9.0661168e-001
 9.0608174e-001
 9.0549409e-001
 9.0484971e-001
 9.0415198e-001
 9.0340596e-001
 9.0261859e-001
 9.0179753e-001
 9.0095037e-001
 9.0008450e-001
 8.9920563e-001
 8.9831841e-001
 8.9742607e-001
 8.9653003e-001
 8.9563125e-001
 8.9473027e-001
 8.9382714e-001
 8.9292252e-001
 8.9201719e-001
 8.9111280e-001
 8.9021176e-001
 8.8931686e-001
 8.8843256e-001
 8.8756406e-001
 8.8671839e-001
 8.8590395e-001
 8.8512987e-001
 8.8440597e-001
 8.8374066e-001
 8.8314003e-001
 8.8260663e-001
 8.8213778e-001
 8.8172585e-001
 8.8135809e-001
 8.8101834e-001
 8.8068843e-001
 8.8035035e-001
 8.7998849e-001
 8.7959105e-001
 8.7915117e-001
 8.7866741e-001
 8.7814283e-001
 8.7758464e-001
 8.7700236e-001
 8.7640667e-001
 8.7580824e-001
 8.7521642e-001
 8.7463927e-001
 8.7408310e-001
 8.7355244e-001
 8.7305111e-001
 8.7258178e-001
 8.7214690e-001
 8.7174815e-001
 8.7138623e-001
 8.7106067e-001
 8.7076849e-001
 8.7050396e-001
 8.7025762e-001
 8.7001520e-001
 8.6975735e-001
 8.6945909e-001
 8.6908895e-001
 8.6861008e-001
 8.6798072e-001
 8.6715698e-001
 8.6609656e-001
 8.6476296e-001
 8.6313248e-001
 8.6119854e-001
 8.5897726e-001
 8.5650975e-001
 8.5386008e-001
 8.5111374e-001
 8.4836781e-001
 8.4572482e-001
 8.4328145e-001
 8.4111947e-001
 8.3930063e-001
 8.3786058e-001
 8.3680946e-001
 8.3613229e-001
 8.3579260e-001
 8.3573723e-001
 8.3590078e-001
 8.3621073e-001
 8.3659142e-001
 8.3696806e-001
 8.3726960e-001
 8.3743143e-001
 8.3739710e-001
 8.3711964e-001
 8.3656192e-001
 8.3569670e-001
 8.3450580e-001
 8.3297789e-001
 8.3110809e-001
 8.2889384e-001
 8.2633466e-001
 8.2342935e-001
 8.2017338e-001
 8.1656015e-001
 8.1257802e-001
 8.0821395e-001
 8.0345529e-001
 7.9829198e-001
 7.9272634e-001
 7.8677493e-001
 7.8047997e-001
 7.7391303e-001
 7.6717544e-001
 7.6040173e-001
 7.5375164e-001
 7.4739778e-001
 7.4151766e-001
 7.3627341e-001
 7.3180354e-001
 7.2820985e-001
 7.2554988e-001
 7.2383660e-001
 7.2303635e-001
 7.2307187e-001
 7.2382414e-001
 7.2513640e-001
 7.2681916e-001
 7.2866082e-001
 7.3044229e-001
 7.3195970e-001
 7.3305297e-001
 7.3363352e-001
 7.3371106e-001
 7.3340809e-001
 7.3296016e-001
 7.3269707e-001
 7.3300767e-001
 7.3429161e-001
 7.3690569e-001
 7.4111289e-001
 7.4704617e-001
 7.5468433e-001
 7.6385212e-001
 7.7424425e-001
 7.8545380e-001
 7.9702926e-001
 8.0851603e-001
 8.1950712e-001
 8.2968366e-001
 8.3882779e-001
 8.4683728e-001
 8.5370809e-001
 8.5951674e-001
 8.6439437e-001
 8.6849356e-001
 8.7196887e-001
 8.7495571e-001
 8.7756282e-001
 8.7987089e-001
 8.8193381e-001
 8.8378692e-001
 8.8545197e-001
 8.8694388e-001
 8.8827550e-001
 8.8945901e-001
 8.9050764e-001
 8.9143646e-001
 8.9226097e-001
 8.9299804e-001
 8.9366412e-001
 8.9427555e-001
 8.9484751e-001
 8.9539325e-001
 8.9592355e-001
 8.9644605e-001
 8.9696509e-001
 8.9748198e-001
 8.9799505e-001
 8.9850092e-001
 8.9899492e-001
 8.9947224e-001
 8.9992887e-001
 9.0036184e-001
 9.0077001e-001
 9.0115380e-001
 9.0151531e-001
 9.0185815e-001
 9.0218693e-001
 9.0250719e-001
 9.0282512e-001
 9.0314734e-001
 9.0348065e-001
 9.0383184e-001
 9.0420669e-001
 9.0460980e-001
 9.0504295e-001
 9.0550476e-001
 9.0598953e-001
 9.0648699e-001
 9.0698284e-001
 9.0745962e-001
 9.0789872e-001
 9.0828264e-001
 9.0859753e-001
 9.0883559e-001
 9.0899640e-001
 9.0908813e-001
 9.0912640e-001
 9.0913278e-001
 9.0913218e-001
 9.0914911e-001
 9.0920430e-001
 9.0931207e-001
 9.0947819e-001
 9.0970004e-001
 9.0996766e-001
 9.1026622e-001
 9.1057950e-001
 9.1089261e-001
 9.1119486e-001
 9.1148078e-001
 9.1174978e-001
 9.1200542e-001
 9.1225296e-001
 9.1249764e-001
 9.1274297e-001
 9.1298985e-001
 9.1323668e-001
 9.1348004e-001
 9.1371590e-001
 9.1394079e-001
 9.1415292e-001
 9.1435236e-001
 9.1454118e-001
 9.1472250e-001
 9.1489977e-001
 9.1507542e-001
 9.1525084e-001
 9.1542554e-001
 9.1559809e-001
 9.1576695e-001
 9.1593128e-001
 9.1609257e-001
 9.1625446e-001
 9.1642261e-001
 9.1660303e-001
 9.1680032e-001
 9.1701609e-001
 9.1724801e-001
 9.1748953e-001
 9.1773009e-001
 9.1795582e-001
 9.1815174e-001
 9.1830426e-001
 9.1840476e-001
 9.1845143e-001
 9.1845030e-001
 9.1841418e-001
 9.1835958e-001
 9.1830349e-001
 9.1825950e-001
 9.1823584e-001
 9.1823524e-001
 9.1825628e-001
 9.1829479e-001
 9.1834611e-001
 9.1840595e-001
 9.1847104e-001
 9.1853940e-001
 9.1861004e-001
 9.1868222e-001
 9.1875517e-001
 9.1882753e-001
 9.1889763e-001
 9.1896391e-001
 9.1902554e-001
 9.1908300e-001
 9.1913861e-001
 9.1919583e-001
 9.1925907e-001
 9.1933209e-001
 9.1941738e-001
 9.1951495e-001
 9.1962218e-001
 9.1973358e-001
 9.1984087e-001
 9.1993403e-001
 9.2000264e-001
 9.2003763e-001
 9.2003298e-001
 9.1998762e-001
 9.1990590e-001
 9.1979742e-001
 9.1967607e-001
 9.1955793e-001
 9.1945928e-001
 9.1939402e-001
 9.1937220e-001
 9.1939926e-001
 9.1947615e-001
 9.1959953e-001
 9.1976267e-001
 9.1995627e-001
 9.2016959e-001
 9.2039090e-001
 9.2060882e-001
 9.2081326e-001
 9.2099655e-001
 9.2115414e-001
 9.2128563e-001
 9.2139435e-001
 9.2148739e-001
 9.2157441e-001
 9.2166609e-001
 9.2177272e-001
 9.2190266e-001
 9.2206085e-001
 9.2224807e-001
 9.2246085e-001
 9.2269170e-001
 9.2292994e-001
 9.2316288e-001
 9.2337728e-001
 9.2356050e-001
 9.2370170e-001
 9.2379272e-001
 9.2382860e-001
 9.2380792e-001
 9.2373306e-001
 9.2360991e-001
 9.2344755e-001
 9.2325777e-001
 9.2305422e-001
 9.2285132e-001
 9.2266291e-001
 9.2250109e-001
 9.2237478e-001
 9.2228907e-001
 9.2224473e-001
 9.2223787e-001
 9.2226082e-001
 9.2230308e-001
 9.2235243e-001
 9.2239624e-001
 9.2242306e-001
 9.2242324e-001
 9.2239016e-001
 9.2232066e-001
 9.2221522e-001
 9.2207801e-001
 9.2191666e-001
 9.2174190e-001
 9.2156637e-001
 9.2140383e-001
 9.2126739e-001
 9.2116815e-001
 9.2111325e-001
 9.2110467e-001
 9.2113853e-001
 9.2120475e-001
 9.2128843e-001
 9.2137146e-001
 9.2143536e-001
 9.2146403e-001
 9.2144674e-001
 9.2137980e-001
 9.2126781e-001
 9.2112285e-001
 9.2096269e-001
 9.2080754e-001
 9.2067677e-001
 9.2058527e-001
 9.2054069e-001
 9.2054218e-001
 9.2058021e-001
 9.2063820e-001
 9.2069536e-001
 9.2073029e-001
 9.2072487e-001
 9.2066735e-001
 9.2055434e-001
 9.2039108e-001
 9.2018926e-001
 9.1996497e-001
 9.1973549e-001
 9.1951615e-001
 9.1931856e-001
 9.1914898e-001
 9.1900796e-001
 9.1889012e-001
 9.1878581e-001
 9.1868275e-001
 9.1856903e-001
 9.1843563e-001
 9.1827893e-001
 9.1810179e-001
 9.1791379e-001
 9.1772956e-001
 9.1756636e-001
 9.1744077e-001
 9.1736507e-001
 9.1734505e-001
 9.1737789e-001
 9.1745317e-001
 9.1755450e-001
 9.1766250e-001
 9.1775751e-001
 9.1782290e-001
 9.1784722e-001
 9.1782558e-001
 9.1776001e-001
 9.1765928e-001
 9.1753757e-001
 9.1741216e-001
 9.1730130e-001
 9.1722167e-001
 9.1718596e-001
 9.1720134e-001
 9.1726846e-001
 9.1738188e-001
 9.1753048e-001
 9.1769892e-001
 9.1786945e-001
 9.1802329e-001
 9.1814208e-001
 9.1820914e-001
 9.1821039e-001
 9.1813469e-001
 9.1797453e-001
 9.1772598e-001
 9.1738963e-001
 9.1697013e-001
 9.1647720e-001
 9.1592479e-001
 9.1533113e-001
 9.1471756e-001
 9.1410673e-001
 9.1352093e-001
 9.1297972e-001
 9.1249728e-001
 9.1208100e-001
 9.1173005e-001
 9.1143548e-001
 9.1118139e-001
 9.1094679e-001
 9.1070932e-001
 9.1044831e-001
 9.1014880e-001
 9.0980452e-001
 9.0941942e-001
 9.0900856e-001
 9.0859640e-001
 9.0821421e-001
 9.0789586e-001
 9.0767276e-001
 9.0756941e-001
 9.0759897e-001
 9.0776080e-001
 9.0803933e-001
 9.0840548e-001
 9.0881944e-001
 9.0923524e-001
 9.0960568e-001
 9.0988809e-001
 9.1004825e-001
 9.1006404e-001
 9.0992683e-001
 9.0964121e-001
 9.0922374e-001
 9.0869957e-001
 9.0809959e-001
 9.0745717e-001
 9.0680450e-001
 9.0617114e-001
 9.0558177e-001
 9.0505588e-001
 9.0460706e-001
 9.0424299e-001
 9.0396565e-001
 9.0377134e-001
 9.0365088e-001
 9.0359008e-001
 9.0357029e-001
 9.0356958e-001
 9.0356439e-001
 9.0353185e-001
 9.0345162e-001
 9.0330875e-001
 9.0309536e-001
 9.0281206e-001
 9.0246767e-001
 9.0207875e-001
 9.0166712e-001
 9.0125722e-001
 9.0087271e-001
 9.0053302e-001
 9.0025109e-001
 9.0003091e-001
 8.9986748e-001
 8.9974678e-001
 8.9964777e-001
 8.9954525e-001
 8.9941299e-001
 8.9922774e-001
 8.9897215e-001
 8.9863718e-001
 8.9822310e-001
 8.9773816e-001
 8.9719671e-001
 8.9661676e-001
 8.9601743e-001
 8.9541686e-001
 8.9483023e-001
 8.9426941e-001
 8.9374185e-001
 8.9325017e-001
 8.9279211e-001
 8.9236116e-001
 8.9194697e-001
 8.9153731e-001
 8.9111942e-001
 8.9068180e-001
 8.9021575e-001
 8.8971579e-001
 8.8918018e-001
 8.8864595e-001
 8.8803846e-001
 8.8740522e-001
 8.8675261e-001
 8.8608718e-001
 8.8541532e-001
 8.8474333e-001
 8.8407731e-001
 8.8342291e-001
 8.8278580e-001
 8.8217139e-001
 8.8158524e-001
 8.8103265e-001
 8.8051879e-001
 8.8004887e-001
 8.7962830e-001
 8.7926233e-001
 8.7895662e-001
 8.7871653e-001
 8.7854767e-001
 8.7845540e-001
 8.7844455e-001
 8.7851846e-001
 8.7867773e-001
 8.7891799e-001
 8.7922817e-001
 8.7958986e-001
 8.7997770e-001
 8.8036162e-001
 8.8070863e-001
 8.8098484e-001
 8.8115716e-001
 8.8119549e-001
 8.8107651e-001
 8.8078815e-001
 8.8033330e-001
 8.7973118e-001
 8.7901634e-001
 8.7823427e-001
 8.7743676e-001
 8.7667876e-001
 8.7601453e-001
 8.7549508e-001
 8.7516320e-001
 8.7504786e-001
 8.7515980e-001
 8.7548906e-001
 8.7600702e-001
 8.7667149e-001
 8.7743223e-001
 8.7823492e-001
 8.7902504e-001
 8.7974930e-001
 8.8035917e-001
 8.8081378e-001
 8.8108248e-001
 8.8114637e-001
 8.8099664e-001
 8.8063246e-001
 8.8005733e-001
 8.7927765e-001
 8.7830067e-001
 8.7713557e-001
 8.7579423e-001
 8.7429225e-001
 8.7265158e-001
 8.7090051e-001
 8.6907244e-001
 8.6720580e-001
 8.6534077e-001
 8.6351895e-001
 8.6178160e-001
 8.6016691e-001
 8.5870892e-001
 8.5743272e-001
 8.5635257e-001
 8.5547006e-001
 8.5477519e-001
 8.5425013e-001
 8.5387158e-001
 8.5361421e-001
 8.5345167e-001
 8.5335767e-001
 8.5330671e-001
 8.5327470e-001
 8.5323936e-001
 8.5318053e-001
 8.5307992e-001
 8.5292053e-001
 8.5268652e-001
 8.5236233e-001
 8.5193354e-001
 8.5138714e-001
 8.5071355e-001
 8.4990895e-001
 8.4897661e-001
 8.4792858e-001
 8.4678382e-001
 8.4556729e-001
 8.4430724e-001
 8.4303290e-001
 8.4177428e-001
 8.4055948e-001
 8.3941454e-001
 8.3836061e-001
 8.3741254e-001
 8.3657843e-001
 8.3585984e-001
 8.3525401e-001
 8.3475536e-001
 8.3435667e-001
 8.3405036e-001
 8.3382827e-001
 8.3368206e-001
 8.3360255e-001
 8.3357966e-001
 8.3360249e-001
 8.3365911e-001
 8.3373702e-001
 8.3382338e-001
 8.3390534e-001
 8.3397025e-001
 8.3400655e-001
 8.3400470e-001
 8.3395875e-001
 8.3386731e-001
 8.3373421e-001
 8.3356810e-001
 8.3338082e-001
 8.3318663e-001
 8.3300036e-001
 8.3283699e-001
 8.3271044e-001
 8.3263260e-001
 8.3261174e-001
 8.3265108e-001
 8.3274865e-001
 8.3289731e-001
 8.3308655e-001
 8.3330351e-001
 8.3353454e-001
 8.3376575e-001
 8.3398402e-001
 8.3417779e-001
 8.3433843e-001
 8.3446091e-001
 8.3454460e-001
 8.3459240e-001
 8.3461028e-001
 8.3460563e-001
 8.3458668e-001
 8.3456188e-001
 8.3453912e-001
 8.3452529e-001
 8.3452535e-001
 8.3454198e-001
 8.3457506e-001
 8.3462197e-001
 8.3467829e-001
 8.3473855e-001
 8.3479673e-001
 8.3484691e-001
 8.3488327e-001
 8.3490092e-001
 8.3489615e-001
 8.3486718e-001
 8.3481395e-001
 8.3473843e-001
 8.3464366e-001
 8.3453357e-001
 8.3441252e-001
 8.3428460e-001
 8.3415389e-001
 8.3402359e-001
 8.3389574e-001
 8.3377075e-001
 8.3364713e-001
 8.3352184e-001
 8.3339065e-001
 8.3324850e-001
 8.3309019e-001
 8.3291066e-001
 8.3270556e-001
 8.3247209e-001
 8.3221000e-001
 8.3192259e-001
 8.3161706e-001
 8.3130413e-001
 8.3099705e-001
 8.3071059e-001
 8.3046025e-001
 8.3026129e-001
 8.3012813e-001
 8.3007300e-001
 8.3010459e-001
 8.3022672e-001
 8.3043796e-001
 8.3073205e-001
 8.3109897e-001
 8.3152688e-001
 8.3200276e-001
 8.3251345e-001
 8.3304614e-001
 8.3358908e-001
 8.3413249e-001
 8.3466887e-001
 8.3519351e-001
 8.3570433e-001
 8.3620107e-001
 8.3668423e-001
 8.3715510e-001
 8.3761525e-001
 8.3806574e-001
 8.3850753e-001
 8.3894092e-001
 8.3936512e-001
 8.3977854e-001
 8.4017861e-001
 8.4056222e-001
 8.4092557e-001
 8.4126514e-001
 8.4157723e-001
 8.4185839e-001
 8.4210604e-001
 8.4231871e-001
 8.4249657e-001
 8.4264159e-001
 8.4275734e-001
 8.4284854e-001
 8.4292066e-001
 8.4297931e-001
 8.4303015e-001
 8.4307802e-001
 8.4312624e-001
 8.4317595e-001
 8.4322470e-001
 8.4326649e-001
 8.4329200e-001
 8.4328949e-001
 8.4324586e-001
 8.4314728e-001
 8.4298038e-001
 8.4273303e-001
 8.4239590e-001
 8.4196430e-001
 8.4144038e-001
 8.4083295e-001
 8.4015733e-001
 8.3943391e-001
 8.3868545e-001
 8.3793586e-001
 8.3720934e-001
 8.3652765e-001
 8.3590883e-001
 8.3536386e-001
 8.3489501e-001
 8.3449399e-001
 8.3414334e-001
 8.3381897e-001
 8.3349270e-001
 8.3313447e-001
 8.3271474e-001
 8.3220541e-001
 8.3158308e-001
 8.3083141e-001
 8.2994473e-001
 8.2892781e-001
 8.2779557e-001
 8.2657093e-001
 8.2528061e-001
 8.2395303e-001
 8.2261801e-001
 8.2130307e-001
 8.2003289e-001
 8.1882662e-001
 8.1769693e-001
 8.1664783e-001
 8.1567597e-001
 8.1477362e-001
 8.1392896e-001
 8.1312883e-001
 8.1236047e-001
 8.1161094e-001
 8.1086934e-001
 8.1012803e-001
 8.0938280e-001
 8.0863410e-001
 8.0788606e-001
 8.0714637e-001
 8.0642384e-001
 8.0572796e-001
 8.0506837e-001
 8.0445272e-001
 8.0388540e-001
 8.0336577e-001
 8.0288529e-001
 8.0242717e-001
 8.0196726e-001
 8.0147606e-001
 8.0092067e-001
 8.0026686e-001
 7.9948151e-001
 7.9853404e-001
 7.9740018e-001
 7.9606706e-001
 7.9453593e-001
 7.9282373e-001
 7.9096347e-001
 7.8899759e-001
 7.8697532e-001
 7.8494805e-001
 7.8296882e-001
 7.8108627e-001
 7.7934253e-001
 7.7777016e-001
 7.7638555e-001
 7.7518880e-001
 7.7416587e-001
 7.7329099e-001
 7.7253205e-001
 7.7185351e-001
 7.7121931e-001
 7.7059257e-001
 7.6993716e-001
 7.6921833e-001
 7.6840240e-001
 7.6745713e-001
 7.6635247e-001
 7.6505882e-001
 7.6354700e-001
 7.6178968e-001
 7.5975919e-001
 7.5743026e-001
 7.5478077e-001
 7.5179690e-001
 7.4847168e-001
 7.4480742e-001
 7.4081790e-001
 7.3652059e-001
 7.3193663e-001
 7.2709256e-001
 7.2201324e-001
 7.1672624e-001
 7.1126145e-001
 7.0565814e-001
 6.9995952e-001
 6.9421685e-001
 6.8849331e-001
 6.8285334e-001
 6.7736483e-001
 6.7210078e-001
 6.6712922e-001
 6.6251498e-001
 6.5831846e-001
 6.5458375e-001
 6.5133876e-001
 6.4859140e-001
 6.4633411e-001
 6.4454430e-001
 6.4319229e-001
 6.4224523e-001
 6.4166802e-001
 6.4142519e-001
 6.4148134e-001
 6.4180088e-001
 6.4234823e-001
 6.4308792e-001
 6.4398408e-001
 6.4500111e-001
 6.4610386e-001
 6.4725626e-001
 6.4842361e-001
 6.4957237e-001
 6.5067053e-001
 6.5169102e-001
 6.5261173e-001
 6.5341610e-001
 6.5409350e-001
 6.5463698e-001
 6.5504199e-001
 6.5530479e-001
 6.5542179e-001
 6.5538818e-001
 6.5519655e-001
 6.5483510e-001
 6.5428597e-001
 6.5352505e-001
 6.5252197e-001
 6.5124214e-001
 6.4964801e-001
 6.4770299e-001
 6.4537156e-001
 6.4262480e-001
 6.3944983e-001
 6.3585562e-001
 6.3188279e-001
 6.2761033e-001
 6.2314665e-001
 6.1862439e-001
 6.1418945e-001
 6.0999674e-001
 6.0619849e-001
 6.0294139e-001
 6.0036141e-001
 5.9856993e-001
 5.9764892e-001
 5.9764773e-001
 5.9858483e-001
 6.0045719e-001
 6.0324699e-001
 6.0693002e-001
 6.1147660e-001
 6.1685139e-001
 6.2300152e-001
 6.2985647e-001
 6.3731694e-001
 6.4524591e-001
 6.5348232e-001
 6.6184372e-001
 6.7012924e-001
 6.7813921e-001
 6.8567449e-001
 6.9254905e-001
 6.9859731e-001
 7.0370096e-001
 7.0779830e-001
 7.1088827e-001
 7.1303016e-001
 7.1432483e-001
 7.1489745e-001
 7.1488607e-001
 7.1443093e-001
 7.1366853e-001
 7.1272421e-001
 7.1170431e-001
 7.1068907e-001
 7.0973080e-001
 7.0885533e-001
 7.0806932e-001
 7.0736873e-001
 7.0674300e-001
 7.0617962e-001
 7.0566553e-001
 7.0518690e-001
 7.0472986e-001
 7.0428008e-001
 7.0382315e-001
 7.0334393e-001
 7.0282727e-001
 7.0225817e-001
 7.0162129e-001
 7.0090204e-001
 7.0008773e-001
 6.9916838e-001
 6.9813907e-001
 6.9700289e-001
 6.9576979e-001
 6.9445735e-001
 6.9308770e-001
 6.9168729e-001
 6.9028264e-001
 6.8889982e-001
 6.8756336e-001
 6.8629146e-001
 6.8509305e-001
 6.8396568e-001
 6.8289208e-001
 6.8184298e-001
 6.8077981e-001
 6.7965919e-001
 6.7843503e-001
 6.7706144e-001
 6.7549753e-001
 6.7370963e-001
 6.7167759e-001
 6.6940176e-001
 6.6690177e-001
 6.6421580e-001
 6.6139805e-001
 6.5850890e-001
 6.5561283e-001
 6.5277392e-001
 6.5005505e-001
 6.4750952e-001
 6.4517784e-001
 6.4308500e-001
 6.4123482e-001
 6.3961422e-001
 6.3819838e-001
 6.3695353e-001
 6.3584280e-001
 6.3482785e-001
 6.3387185e-001
 6.3293904e-001
 6.3199759e-001
 6.3102102e-001
 6.2998790e-001
 6.2888163e-001
 6.2768996e-001
 6.2640220e-001
 6.2500894e-001
 6.2350255e-001
 6.2187624e-001
 6.2012619e-001
 6.1825323e-001
 6.1626583e-001
 6.1417854e-001
 6.1201221e-001
 6.0979408e-001
 6.0755283e-001
 6.0531807e-001
 6.0312110e-001
 6.0098994e-001
 5.9894979e-001
 5.9701961e-001
 5.9521192e-001
 5.9352905e-001
 5.9196568e-001
 5.9051174e-001
 5.8915257e-001
 5.8787215e-001
 5.8665490e-001
 5.8548498e-001
 5.8434886e-001
 5.8323568e-001
 5.8213967e-001
 5.8105892e-001
 5.7999581e-001
 5.7895643e-001
 5.7794821e-001
 5.7697928e-001
 5.7605904e-001
 5.7519603e-001
 5.7439888e-001
 5.7367635e-001
 5.7303631e-001
 5.7248658e-001
 5.7203424e-001
 5.7168651e-001
 5.7145023e-001
 5.7133204e-001
 5.7133877e-001
 5.7147706e-001
 5.7175368e-001
 5.7217503e-001
 5.7274789e-001
 5.7347870e-001
 5.7437438e-001
 5.7544100e-001
 5.7668525e-001
 5.7811379e-001
 5.7973152e-001
 5.8154255e-001
 5.8354747e-001
 5.8573931e-001
 5.8810389e-001
 5.9061778e-001
 5.9324747e-001
 5.9595597e-001
 5.9870225e-001
 6.0144520e-001
 6.0414189e-001
 6.0675317e-001
 6.0924309e-001
 6.1157924e-001
 6.1373752e-001
 6.1570138e-001
 6.1745989e-001
 6.1900914e-001
 6.2034810e-001
 6.2147814e-001
 6.2240052e-001
 6.2311763e-001
 6.2363189e-001
 6.2394583e-001
 6.2406409e-001
 6.2399638e-001
 6.2375391e-001
 6.2339938e-001
 6.2296808e-001
 6.2249589e-001
 6.2201816e-001
 6.2157083e-001
 6.2118942e-001
 6.2090945e-001
 6.2076658e-001
 6.2079298e-001
 6.2098718e-001
 6.2132961e-001
 6.2180036e-001
 6.2237978e-001
 6.2304771e-001
 6.2378448e-001
 6.2457025e-001
 6.2538552e-001
 6.2620991e-001
 6.2702388e-001
 6.2780756e-001
 6.2854129e-001
 6.2920493e-001
 6.2978023e-001
 6.3026124e-001
 6.3064879e-001
 6.3094378e-001
 6.3114709e-001
 6.3125974e-001
 6.3128245e-001
 6.3121617e-001
 6.3106191e-001
 6.3082045e-001
 6.3049275e-001
 6.3007957e-001
 6.2958193e-001
 6.2900084e-001
 6.2833703e-001
 6.2759155e-001
 6.2676489e-001
 6.2585843e-001
 6.2487316e-001
 6.2381160e-001
 6.2267655e-001
 6.2147230e-001
 6.2020171e-001
 6.1886829e-001
 6.1747485e-001
 6.1602569e-001
 6.1452353e-001
 6.1297202e-001
 6.1137426e-001
 6.0973346e-001
 6.0805345e-001
 6.0633755e-001
 6.0458887e-001
 6.0281050e-001
 6.0100645e-001
 5.9917992e-001
 5.9733403e-001
 5.9547180e-001
 5.9359741e-001
 5.9171391e-001
 5.8982432e-001
 5.8793026e-001
 5.8603394e-001
 5.8413601e-001
 5.8223790e-001
 5.8034086e-001
 5.7844567e-001
 5.7655448e-001
 5.7466817e-001
 5.7278800e-001
 5.7091475e-001
 5.6905061e-001
 5.6719649e-001
 5.6535357e-001
 5.6352264e-001
 5.6170601e-001
 5.5990434e-001
 5.5811906e-001
 5.5635136e-001
 5.5460209e-001
 5.5287331e-001
 5.5116606e-001
 5.4948139e-001
 5.4782027e-001
 5.4618484e-001
 5.4457587e-001
 5.4299438e-001
 5.4143929e-001
 5.3990942e-001
 5.3840250e-001
 5.3691685e-001
 5.3545052e-001
 5.3400147e-001
 5.3256851e-001
 5.3114939e-001
 5.2974236e-001
 5.2834529e-001
 5.2695704e-001
 5.2557534e-001
 5.2419847e-001
 5.2282429e-001
 5.2145159e-001
 5.2007812e-001
 5.1870227e-001
 5.1732171e-001
 5.1593536e-001
 5.1454103e-001
 5.1313692e-001
 5.1172125e-001
 5.1029176e-001
 5.0884736e-001
 5.0738585e-001
 5.0590551e-001
 5.0440407e-001
 5.0288039e-001
 5.0133234e-001
 4.9975872e-001
 4.9816176e-001
 4.9654710e-001
 4.9491906e-001
