s07_ASD Record=12787: Calcite.33+Na-Mont.67 AMX44  ASDNGb AREF
-1.2300000e+034
 5.0448143e-001
 5.0473738e-001
 5.0527549e-001
 5.0592548e-001
 5.0634146e-001
 5.0701755e-001
 5.0789917e-001
 5.0882435e-001
 5.0960958e-001
 5.1094782e-001
 5.1248622e-001
 5.1349270e-001
 5.1415020e-001
 5.1517260e-001
 5.1675647e-001
 5.1845205e-001
 5.2034092e-001
 5.2237731e-001
 5.2455765e-001
 5.2705806e-001
 5.2943838e-001
 5.3159916e-001
 5.3367835e-001
 5.3614020e-001
 5.3887296e-001
 5.4173058e-001
 5.4460406e-001
 5.4760867e-001
 5.5055678e-001
 5.5331445e-001
 5.5616379e-001
 5.5895668e-001
 5.6175971e-001
 5.6472832e-001
 5.6772810e-001
 5.7061660e-001
 5.7332289e-001
 5.7586151e-001
 5.7818025e-001
 5.8043790e-001
 5.8275133e-001
 5.8495474e-001
 5.8706522e-001
 5.8912730e-001
 5.9119320e-001
 5.9319282e-001
 5.9505415e-001
 5.9682626e-001
 5.9873182e-001
 6.0065353e-001
 6.0259569e-001
 6.0454869e-001
 6.0631460e-001
 6.0824698e-001
 6.1028683e-001
 6.1213648e-001
 6.1411315e-001
 6.1609489e-001
 6.1803007e-001
 6.2007314e-001
 6.2207580e-001
 6.2406552e-001
 6.2610579e-001
 6.2821382e-001
 6.3023567e-001
 6.3220984e-001
 6.3430959e-001
 6.3636941e-001
 6.3838995e-001
 6.4040363e-001
 6.4244801e-001
 6.4440835e-001
 6.4631999e-001
 6.4824784e-001
 6.5010077e-001
 6.5191251e-001
 6.5368128e-001
 6.5536666e-001
 6.5704459e-001
 6.5869075e-001
 6.6028100e-001
 6.6184044e-001
 6.6338128e-001
 6.6493160e-001
 6.6652393e-001
 6.6815782e-001
 6.6986483e-001
 6.7165607e-001
 6.7351323e-001
 6.7541975e-001
 6.7733765e-001
 6.7923951e-001
 6.8116808e-001
 6.8302858e-001
 6.8480885e-001
 6.8655306e-001
 6.8821239e-001
 6.8980533e-001
 6.9133466e-001
 6.9275898e-001
 6.9414741e-001
 6.9547850e-001
 6.9671404e-001
 6.9790155e-001
 6.9904786e-001
 7.0014983e-001
 7.0119923e-001
 7.0220041e-001
 7.0318341e-001
 7.0416355e-001
 7.0510519e-001
 7.0603681e-001
 7.0696265e-001
 7.0788181e-001
 7.0880389e-001
 7.0973015e-001
 7.1064889e-001
 7.1153593e-001
 7.1239436e-001
 7.1324533e-001
 7.1409160e-001
 7.1486777e-001
 7.1562475e-001
 7.1636850e-001
 7.1707475e-001
 7.1773612e-001
 7.1835411e-001
 7.1894228e-001
 7.1953720e-001
 7.2009552e-001
 7.2063291e-001
 7.2117460e-001
 7.2169864e-001
 7.2223186e-001
 7.2277886e-001
 7.2331715e-001
 7.2387868e-001
 7.2446167e-001
 7.2506648e-001
 7.2570980e-001
 7.2635770e-001
 7.2701353e-001
 7.2769541e-001
 7.2839552e-001
 7.2910738e-001
 7.2982728e-001
 7.3055321e-001
 7.3127943e-001
 7.3200291e-001
 7.3272330e-001
 7.3345733e-001
 7.3416740e-001
 7.3485458e-001
 7.3554224e-001
 7.3622328e-001
 7.3690802e-001
 7.3760587e-001
 7.3831588e-001
 7.3903704e-001
 7.3978406e-001
 7.4057788e-001
 7.4141777e-001
 7.4230498e-001
 7.4323905e-001
 7.4421138e-001
 7.4521428e-001
 7.4624002e-001
 7.4728084e-001
 7.4832767e-001
 7.4938524e-001
 7.5043398e-001
 7.5144440e-001
 7.5243419e-001
 7.5338882e-001
 7.5429910e-001
 7.5516897e-001
 7.5600034e-001
 7.5679171e-001
 7.5754118e-001
 7.5824457e-001
 7.5892633e-001
 7.5959522e-001
 7.6024431e-001
 7.6086807e-001
 7.6147175e-001
 7.6206779e-001
 7.6267898e-001
 7.6328927e-001
 7.6389831e-001
 7.6451117e-001
 7.6512319e-001
 7.6574278e-001
 7.6636648e-001
 7.6697421e-001
 7.6757848e-001
 7.6817435e-001
 7.6875573e-001
 7.6932126e-001
 7.6987600e-001
 7.7041435e-001
 7.7092254e-001
 7.7140349e-001
 7.7185971e-001
 7.7229458e-001
 7.7271402e-001
 7.7312768e-001
 7.7352387e-001
 7.7388787e-001
 7.7423865e-001
 7.7457517e-001
 7.7489358e-001
 7.7518994e-001
 7.7546060e-001
 7.7571499e-001
 7.7596194e-001
 7.7619791e-001
 7.7642286e-001
 7.7663654e-001
 7.7683675e-001
 7.7701706e-001
 7.7717286e-001
 7.7730983e-001
 7.7744979e-001
 7.7757275e-001
 7.7768439e-001
 7.7779484e-001
 7.7788717e-001
 7.7798039e-001
 7.7808285e-001
 7.7819175e-001
 7.7831292e-001
 7.7843499e-001
 7.7854717e-001
 7.7865100e-001
 7.7874893e-001
 7.7884793e-001
 7.7895415e-001
 7.7906442e-001
 7.7915204e-001
 7.7921045e-001
 7.7926111e-001
 7.7931827e-001
 7.7937609e-001
 7.7942622e-001
 7.7946818e-001
 7.7951813e-001
 7.7958053e-001
 7.7965069e-001
 7.7971435e-001
 7.7976656e-001
 7.7981174e-001
 7.7986687e-001
 7.7992016e-001
 7.7996290e-001
 7.7999389e-001
 7.8003508e-001
 7.8009874e-001
 7.8017354e-001
 7.8022611e-001
 7.8026402e-001
 7.8029996e-001
 7.8034663e-001
 7.8041232e-001
 7.8047848e-001
 7.8053635e-001
 7.8058565e-001
 7.8063881e-001
 7.8070724e-001
 7.8078848e-001
 7.8086442e-001
 7.8093767e-001
 7.8101450e-001
 7.8109843e-001
 7.8117466e-001
 7.8125203e-001
 7.8133655e-001
 7.8143030e-001
 7.8152156e-001
 7.8162062e-001
 7.8173083e-001
 7.8183812e-001
 7.8193319e-001
 7.8203005e-001
 7.8214878e-001
 7.8227901e-001
 7.8241974e-001
 7.8256196e-001
 7.8269875e-001
 7.8285462e-001
 7.8301424e-001
 7.8315890e-001
 7.8329033e-001
 7.8342623e-001
 7.8357697e-001
 7.8374892e-001
 7.8392661e-001
 7.8411204e-001
 7.8430426e-001
 7.8450477e-001
 7.8468627e-001
 7.8486824e-001
 7.8507286e-001
 7.8528172e-001
 7.8548771e-001
 7.8569663e-001
 7.8591669e-001
 7.8612596e-001
 7.8633821e-001
 7.8656954e-001
 7.8682542e-001
 7.8707600e-001
 7.8731495e-001
 7.8754437e-001
 7.8776550e-001
 7.8798968e-001
 7.8821468e-001
 7.8843206e-001
 7.8867245e-001
 7.8893948e-001
 7.8921932e-001
 7.8947306e-001
 7.8972322e-001
 7.8998125e-001
 7.9025024e-001
 7.9051316e-001
 7.9077065e-001
 7.9102325e-001
 7.9127300e-001
 7.9152411e-001
 7.9178125e-001
 7.9204506e-001
 7.9231042e-001
 7.9257786e-001
 7.9284036e-001
 7.9309487e-001
 7.9335481e-001
 7.9362077e-001
 7.9388911e-001
 7.9415166e-001
 7.9439944e-001
 7.9464924e-001
 7.9491001e-001
 7.9517281e-001
 7.9541218e-001
 7.9563427e-001
 7.9585761e-001
 7.9609066e-001
 7.9633164e-001
 7.9657811e-001
 7.9682398e-001
 7.9704797e-001
 7.9725564e-001
 7.9746002e-001
 7.9767519e-001
 7.9788089e-001
 7.9807895e-001
 7.9827964e-001
 7.9848599e-001
 7.9869056e-001
 7.9889065e-001
 7.9908985e-001
 7.9926860e-001
 7.9944402e-001
 7.9962558e-001
 7.9978865e-001
 7.9995340e-001
 8.0012101e-001
 8.0028331e-001
 8.0043602e-001
 8.0057830e-001
 8.0072063e-001
 8.0087966e-001
 8.0102670e-001
 8.0116886e-001
 8.0131412e-001
 8.0145383e-001
 8.0157745e-001
 8.0168927e-001
 8.0180091e-001
 8.0192113e-001
 8.0203396e-001
 8.0212915e-001
 8.0220634e-001
 8.0229092e-001
 8.0238497e-001
 8.0248475e-001
 8.0258650e-001
 8.0269587e-001
 8.0280530e-001
 8.0290353e-001
 8.0299032e-001
 8.0307055e-001
 8.0315536e-001
 8.0325776e-001
 8.0336332e-001
 8.0346954e-001
 8.0357468e-001
 8.0367547e-001
 8.0376685e-001
 8.0385166e-001
 8.0393523e-001
 8.0401874e-001
 8.0410415e-001
 8.0419070e-001
 8.0427873e-001
 8.0436301e-001
 8.0444473e-001
 8.0452657e-001
 8.0460995e-001
 8.0468994e-001
 8.0475789e-001
 8.0481142e-001
 8.0486155e-001
 8.0491686e-001
 8.0498177e-001
 8.0505455e-001
 8.0511224e-001
 8.0516398e-001
 8.0521393e-001
 8.0526054e-001
 8.0531079e-001
 8.0534881e-001
 8.0536598e-001
 8.0537546e-001
 8.0539316e-001
 8.0542439e-001
 8.0546439e-001
 8.0549771e-001
 8.0553061e-001
 8.0556625e-001
 8.0560470e-001
 8.0564243e-001
 8.0567515e-001
 8.0569726e-001
 8.0570215e-001
 8.0570203e-001
 8.0570787e-001
 8.0572015e-001
 8.0571777e-001
 8.0570489e-001
 8.0568498e-001
 8.0566192e-001
 8.0563647e-001
 8.0561590e-001
 8.0560142e-001
 8.0559158e-001
 8.0559319e-001
 8.0559230e-001
 8.0557990e-001
 8.0555922e-001
 8.0554885e-001
 8.0553734e-001
 8.0551594e-001
 8.0550486e-001
 8.0550230e-001
 8.0550605e-001
 8.0551386e-001
 8.0552101e-001
 8.0552179e-001
 8.0551755e-001
 8.0551541e-001
 8.0550891e-001
 8.0548912e-001
 8.0545384e-001
 8.0540973e-001
 8.0536544e-001
 8.0532545e-001
 8.0529064e-001
 8.0525893e-001
 8.0522943e-001
 8.0520374e-001
 8.0518126e-001
 8.0514514e-001
 8.0510551e-001
 8.0507028e-001
 8.0504388e-001
 8.0502194e-001
 8.0499333e-001
 8.0495280e-001
 8.0490279e-001
 8.0483490e-001
 8.0477399e-001
 8.0473274e-001
 8.0468732e-001
 8.0463576e-001
 8.0458343e-001
 8.0453390e-001
 8.0447501e-001
 8.0441314e-001
 8.0435312e-001
 8.0429983e-001
 8.0426794e-001
 8.0424517e-001
 8.0422002e-001
 8.0418432e-001
 8.0414647e-001
 8.0411136e-001
 8.0407625e-001
 8.0403012e-001
 8.0398899e-001
 8.0395460e-001
 8.0391830e-001
 8.0385673e-001
 8.0380476e-001
 8.0375421e-001
 8.0369318e-001
 8.0364192e-001
 8.0359018e-001
 8.0354834e-001
 8.0352771e-001
 8.0351949e-001
 8.0350316e-001
 8.0347294e-001
 8.0343515e-001
 8.0339056e-001
 8.0335051e-001
 8.0331892e-001
 8.0328965e-001
 8.0326241e-001
 8.0323625e-001
 8.0321193e-001
 8.0319035e-001
 8.0317062e-001
 8.0315477e-001
 8.0314422e-001
 8.0313617e-001
 8.0313301e-001
 8.0312544e-001
 8.0310684e-001
 8.0308920e-001
 8.0307460e-001
 8.0305499e-001
 8.0302590e-001
 8.0302042e-001
 8.0302447e-001
 8.0302304e-001
 8.0300528e-001
 8.0298358e-001
 8.0296701e-001
 8.0295807e-001
 8.0295485e-001
 8.0296427e-001
 8.0297309e-001
 8.0297667e-001
 8.0298305e-001
 8.0298823e-001
 8.0299473e-001
 8.0300546e-001
 8.0302322e-001
 8.0304360e-001
 8.0306810e-001
 8.0309629e-001
 8.0311626e-001
 8.0312628e-001
 8.0313748e-001
 8.0315870e-001
 8.0318028e-001
 8.0321020e-001
 8.0324340e-001
 8.0327189e-001
 8.0329901e-001
 8.0332416e-001
 8.0334771e-001
 8.0337346e-001
 8.0341333e-001
 8.0345166e-001
 8.0348891e-001
 8.0353272e-001
 8.0356753e-001
 8.0360430e-001
 8.0364323e-001
 8.0367941e-001
 8.0374038e-001
 8.0377787e-001
 8.0378878e-001
 8.0381131e-001
 8.0383784e-001
 8.0387717e-001
 8.0392283e-001
 8.0395657e-001
 8.0400342e-001
 8.0404913e-001
 8.0408102e-001
 8.0409533e-001
 8.0410844e-001
 8.0411607e-001
 8.0412358e-001
 8.0415022e-001
 8.0416071e-001
 8.0417603e-001
 8.0420297e-001
 8.0421740e-001
 8.0423832e-001
 8.0424935e-001
 8.0424178e-001
 8.0422968e-001
 8.0421382e-001
 8.0419177e-001
 8.0415976e-001
 8.0411583e-001
 8.0406225e-001
 8.0401713e-001
 8.0398661e-001
 8.0394465e-001
 8.0390167e-001
 8.0387467e-001
 8.0386662e-001
 8.0385154e-001
 8.0384320e-001
 8.0384052e-001
 8.0384648e-001
 8.0387872e-001
 8.0393577e-001
 8.0401522e-001
 8.0411762e-001
 8.0425787e-001
 8.0440611e-001
 8.0457693e-001
 8.0476779e-001
 8.0492884e-001
 8.0512875e-001
 8.0534047e-001
 8.0553883e-001
 8.0574226e-001
 8.0594504e-001
 8.0614322e-001
 8.0634260e-001
 8.0655366e-001
 8.0676013e-001
 8.0694050e-001
 8.0709797e-001
 8.0727088e-001
 8.0745393e-001
 8.0760801e-001
 8.0773902e-001
 8.0791277e-001
 8.0802900e-001
 8.0818510e-001
 8.0838251e-001
 8.0847907e-001
 8.0859715e-001
 8.0874026e-001
 8.0888009e-001
 8.0898231e-001
 8.0910528e-001
 8.0922407e-001
 8.0933529e-001
 8.0945796e-001
 8.0955720e-001
 8.0966759e-001
 8.0975509e-001
 8.0986053e-001
 8.0996472e-001
 8.1006801e-001
 8.1017071e-001
 8.1027305e-001
 8.1037527e-001
 8.1047761e-001
 8.1058007e-001
 8.1068265e-001
 8.1078523e-001
 8.1088740e-001
 8.1098884e-001
 8.1108910e-001
 8.1118780e-001
 8.1128478e-001
 8.1137997e-001
 8.1147361e-001
 8.1156594e-001
 8.1165731e-001
 8.1174803e-001
 8.1183815e-001
 8.1192756e-001
 8.1201595e-001
 8.1210303e-001
 8.1218845e-001
 8.1227195e-001
 8.1235331e-001
 8.1243259e-001
 8.1250983e-001
 8.1258529e-001
 8.1265914e-001
 8.1273156e-001
 8.1280273e-001
 8.1287265e-001
 8.1294161e-001
 8.1300956e-001
 8.1307691e-001
 8.1314379e-001
 8.1321055e-001
 8.1327766e-001
 8.1334525e-001
 8.1341362e-001
 8.1348282e-001
 8.1355262e-001
 8.1362289e-001
 8.1369334e-001
 8.1376368e-001
 8.1383377e-001
 8.1390351e-001
 8.1397301e-001
 8.1404239e-001
 8.1411171e-001
 8.1418103e-001
 8.1425029e-001
 8.1431931e-001
 8.1438798e-001
 8.1445593e-001
 8.1452316e-001
 8.1458962e-001
 8.1465524e-001
 8.1472015e-001
 8.1478429e-001
 8.1484771e-001
 8.1491035e-001
 8.1497216e-001
 8.1503320e-001
 8.1509334e-001
 8.1515276e-001
 8.1521142e-001
 8.1526947e-001
 8.1532699e-001
 8.1538385e-001
 8.1544006e-001
 8.1549549e-001
 8.1555003e-001
 8.1560379e-001
 8.1565678e-001
 8.1570935e-001
 8.1576192e-001
 8.1581485e-001
 8.1586862e-001
 8.1592345e-001
 8.1597960e-001
 8.1603688e-001
 8.1609499e-001
 8.1615341e-001
 8.1621170e-001
 8.1626922e-001
 8.1632560e-001
 8.1638056e-001
 8.1643397e-001
 8.1648582e-001
 8.1653619e-001
 8.1658530e-001
 8.1663322e-001
 8.1668013e-001
 8.1672615e-001
 8.1677133e-001
 8.1681591e-001
 8.1685990e-001
 8.1690353e-001
 8.1694698e-001
 8.1699038e-001
 8.1703383e-001
 8.1707746e-001
 8.1712133e-001
 8.1716537e-001
 8.1720960e-001
 8.1725395e-001
 8.1729823e-001
 8.1734240e-001
 8.1738639e-001
 8.1743002e-001
 8.1747323e-001
 8.1751585e-001
 8.1755763e-001
 8.1759834e-001
 8.1763750e-001
 8.1767482e-001
 8.1770980e-001
 8.1774193e-001
 8.1777072e-001
 8.1779593e-001
 8.1781727e-001
 8.1783450e-001
 8.1784761e-001
 8.1785643e-001
 8.1786084e-001
 8.1786036e-001
 8.1785452e-001
 8.1784248e-001
 8.1782335e-001
 8.1779617e-001
 8.1775981e-001
 8.1771344e-001
 8.1765628e-001
 8.1758779e-001
 8.1750780e-001
 8.1741661e-001
 8.1731474e-001
 8.1720358e-001
 8.1708485e-001
 8.1696093e-001
 8.1683487e-001
 8.1671000e-001
 8.1659007e-001
 8.1647909e-001
 8.1638080e-001
 8.1629896e-001
 8.1623650e-001
 8.1619591e-001
 8.1617856e-001
 8.1618512e-001
 8.1621522e-001
 8.1626761e-001
 8.1634027e-001
 8.1643051e-001
 8.1653529e-001
 8.1665140e-001
 8.1677562e-001
 8.1690484e-001
 8.1703627e-001
 8.1716764e-001
 8.1729698e-001
 8.1742287e-001
 8.1754416e-001
 8.1766021e-001
 8.1777066e-001
 8.1787533e-001
 8.1797427e-001
 8.1806779e-001
 8.1815612e-001
 8.1823975e-001
 8.1831908e-001
 8.1839454e-001
 8.1846654e-001
 8.1853539e-001
 8.1860155e-001
 8.1866539e-001
 8.1872708e-001
 8.1878704e-001
 8.1884527e-001
 8.1890196e-001
 8.1895715e-001
 8.1901091e-001
 8.1906331e-001
 8.1911451e-001
 8.1916475e-001
 8.1921428e-001
 8.1926340e-001
 8.1931245e-001
 8.1936175e-001
 8.1941146e-001
 8.1946206e-001
 8.1951386e-001
 8.1956708e-001
 8.1962216e-001
 8.1967932e-001
 8.1973857e-001
 8.1979984e-001
 8.1986284e-001
 8.1992728e-001
 8.1999260e-001
 8.2005852e-001
 8.2012457e-001
 8.2019055e-001
 8.2025635e-001
 8.2032174e-001
 8.2038677e-001
 8.2045132e-001
 8.2051533e-001
 8.2057875e-001
 8.2064152e-001
 8.2070374e-001
 8.2076544e-001
 8.2082695e-001
 8.2088834e-001
 8.2094991e-001
 8.2101172e-001
 8.2107377e-001
 8.2113600e-001
 8.2119817e-001
 8.2125998e-001
 8.2132119e-001
 8.2138145e-001
 8.2144046e-001
 8.2149786e-001
 8.2155347e-001
 8.2160699e-001
 8.2165837e-001
 8.2170755e-001
 8.2175463e-001
 8.2179987e-001
 8.2184362e-001
 8.2188630e-001
 8.2192844e-001
 8.2197028e-001
 8.2201225e-001
 8.2205427e-001
 8.2209635e-001
 8.2213831e-001
 8.2218003e-001
 8.2222140e-001
 8.2226247e-001
 8.2230335e-001
 8.2234466e-001
 8.2238686e-001
 8.2243067e-001
 8.2247669e-001
 8.2252538e-001
 8.2257694e-001
 8.2263142e-001
 8.2268846e-001
 8.2274759e-001
 8.2280827e-001
 8.2286984e-001
 8.2293165e-001
 8.2299310e-001
 8.2305378e-001
 8.2311302e-001
 8.2317042e-001
 8.2322568e-001
 8.2327831e-001
 8.2332814e-001
 8.2337481e-001
 8.2341826e-001
 8.2345819e-001
 8.2349449e-001
 8.2352710e-001
 8.2355577e-001
 8.2358044e-001
 8.2360107e-001
 8.2361746e-001
 8.2362956e-001
 8.2363731e-001
 8.2364058e-001
 8.2363939e-001
 8.2363361e-001
 8.2362336e-001
 8.2360864e-001
 8.2358962e-001
 8.2356662e-001
 8.2353979e-001
 8.2350951e-001
 8.2347608e-001
 8.2343990e-001
 8.2340127e-001
 8.2336050e-001
 8.2331789e-001
 8.2327360e-001
 8.2322788e-001
 8.2318085e-001
 8.2313257e-001
 8.2308334e-001
 8.2303321e-001
 8.2298243e-001
 8.2293129e-001
 8.2287997e-001
 8.2282859e-001
 8.2277721e-001
 8.2272577e-001
 8.2267410e-001
 8.2262188e-001
 8.2256883e-001
 8.2251465e-001
 8.2245922e-001
 8.2240242e-001
 8.2234412e-001
 8.2228434e-001
 8.2222313e-001
 8.2216042e-001
 8.2209623e-001
 8.2203048e-001
 8.2196301e-001
 8.2189369e-001
 8.2182229e-001
 8.2174855e-001
 8.2167232e-001
 8.2159334e-001
 8.2151151e-001
 8.2142675e-001
 8.2133913e-001
 8.2124883e-001
 8.2115591e-001
 8.2106078e-001
 8.2096362e-001
 8.2086462e-001
 8.2076389e-001
 8.2066160e-001
 8.2055759e-001
 8.2045186e-001
 8.2034427e-001
 8.2023472e-001
 8.2012314e-001
 8.2000959e-001
 8.1989396e-001
 8.1977648e-001
 8.1965721e-001
 8.1953633e-001
 8.1941402e-001
 8.1929052e-001
 8.1916589e-001
 8.1904018e-001
 8.1891322e-001
 8.1878483e-001
 8.1865436e-001
 8.1852120e-001
 8.1838441e-001
 8.1824285e-001
 8.1809521e-001
 8.1794000e-001
 8.1777555e-001
 8.1760007e-001
 8.1741160e-001
 8.1720787e-001
 8.1698638e-001
 8.1674427e-001
 8.1647831e-001
 8.1618464e-001
 8.1585908e-001
 8.1549668e-001
 8.1509227e-001
 8.1464022e-001
 8.1413448e-001
 8.1356901e-001
 8.1293803e-001
 8.1223577e-001
 8.1145757e-001
 8.1059939e-001
 8.0965859e-001
 8.0863440e-001
 8.0752718e-001
 8.0633938e-001
 8.0507416e-001
 8.0373567e-001
 8.0232799e-001
 8.0085361e-001
 7.9931378e-001
 7.9770654e-001
 7.9602754e-001
 7.9426956e-001
 7.9242247e-001
 7.9047519e-001
 7.8841555e-001
 7.8623265e-001
 7.8391802e-001
 7.8146547e-001
 7.7887386e-001
 7.7614683e-001
 7.7329201e-001
 7.7032310e-001
 7.6725662e-001
 7.6411361e-001
 7.6091766e-001
 7.5769299e-001
 7.5446606e-001
 7.5126237e-001
 7.4810833e-001
 7.4503052e-001
 7.4205416e-001
 7.3920643e-001
 7.3651350e-001
 7.3400313e-001
 7.3170358e-001
 7.2964245e-001
 7.2784805e-001
 7.2634667e-001
 7.2516304e-001
 7.2431874e-001
 7.2383046e-001
 7.2371006e-001
 7.2396296e-001
 7.2458774e-001
 7.2557569e-001
 7.2691107e-001
 7.2857118e-001
 7.3052686e-001
 7.3274451e-001
 7.3518556e-001
 7.3781019e-001
 7.4057645e-001
 7.4344283e-001
 7.4637073e-001
 7.4932301e-001
 7.5226778e-001
 7.5517637e-001
 7.5802457e-001
 7.6079375e-001
 7.6346785e-001
 7.6603591e-001
 7.6848894e-001
 7.7082080e-001
 7.7302796e-001
 7.7510768e-001
 7.7705938e-001
 7.7888292e-001
 7.8057915e-001
 7.8215027e-001
 7.8359860e-001
 7.8492713e-001
 7.8613991e-001
 7.8724074e-001
 7.8823429e-001
 7.8912514e-001
 7.8991812e-001
 7.9061866e-001
 7.9123205e-001
 7.9176426e-001
 7.9222149e-001
 7.9261070e-001
 7.9293966e-001
 7.9321688e-001
 7.9345173e-001
 7.9365468e-001
 7.9383671e-001
 7.9400945e-001
 7.9418468e-001
 7.9437393e-001
 7.9458785e-001
 7.9483593e-001
 7.9512602e-001
 7.9546380e-001
 7.9585260e-001
 7.9629350e-001
 7.9678518e-001
 7.9732430e-001
 7.9790574e-001
 7.9852307e-001
 7.9916918e-001
 7.9983658e-001
 8.0051804e-001
 8.0120653e-001
 8.0189574e-001
 8.0258048e-001
 8.0325609e-001
 8.0391914e-001
 8.0456680e-001
 8.0519706e-001
 8.0580878e-001
 8.0640119e-001
 8.0697429e-001
 8.0752814e-001
 8.0806321e-001
 8.0858040e-001
 8.0908036e-001
 8.0956399e-001
 8.1003225e-001
 8.1048590e-001
 8.1092578e-001
 8.1135267e-001
 8.1176722e-001
 8.1217027e-001
 8.1256223e-001
 8.1294382e-001
 8.1331545e-001
 8.1367749e-001
 8.1403053e-001
 8.1437480e-001
 8.1471086e-001
 8.1503892e-001
 8.1535941e-001
 8.1567281e-001
 8.1597942e-001
 8.1627983e-001
 8.1657434e-001
 8.1686348e-001
 8.1714761e-001
 8.1742716e-001
 8.1770235e-001
 8.1797332e-001
 8.1824005e-001
 8.1850255e-001
 8.1876057e-001
 8.1901389e-001
 8.1926221e-001
 8.1950533e-001
 8.1974316e-001
 8.1997550e-001
 8.2020229e-001
 8.2042348e-001
 8.2063907e-001
 8.2084906e-001
 8.2105362e-001
 8.2125282e-001
 8.2144701e-001
 8.2163656e-001
 8.2182181e-001
 8.2200325e-001
 8.2218128e-001
 8.2235634e-001
 8.2252854e-001
 8.2269812e-001
 8.2286513e-001
 8.2302970e-001
 8.2319200e-001
 8.2335228e-001
 8.2351094e-001
 8.2366848e-001
 8.2382524e-001
 8.2398176e-001
 8.2413810e-001
 8.2429421e-001
 8.2444978e-001
 8.2460397e-001
 8.2475585e-001
 8.2490426e-001
 8.2504791e-001
 8.2518566e-001
 8.2531649e-001
 8.2543981e-001
 8.2555521e-001
 8.2566279e-001
 8.2576317e-001
 8.2585710e-001
 8.2594585e-001
 8.2603079e-001
 8.2611352e-001
 8.2619572e-001
 8.2627916e-001
 8.2636571e-001
 8.2645702e-001
 8.2655472e-001
 8.2665998e-001
 8.2677382e-001
 8.2689649e-001
 8.2702792e-001
 8.2716727e-001
 8.2731354e-001
 8.2746518e-001
 8.2762057e-001
 8.2777810e-001
 8.2793629e-001
 8.2809401e-001
 8.2825029e-001
 8.2840455e-001
 8.2855636e-001
 8.2870537e-001
 8.2885146e-001
 8.2899445e-001
 8.2913417e-001
 8.2927060e-001
 8.2940364e-001
 8.2953334e-001
 8.2965964e-001
 8.2978261e-001
 8.2990217e-001
 8.3001846e-001
 8.3013129e-001
 8.3024073e-001
 8.3034670e-001
 8.3044922e-001
 8.3054823e-001
 8.3064371e-001
 8.3073586e-001
 8.3082473e-001
 8.3091038e-001
 8.3099312e-001
 8.3107305e-001
 8.3115029e-001
 8.3122504e-001
 8.3129740e-001
 8.3136761e-001
 8.3143574e-001
 8.3150178e-001
 8.3156592e-001
 8.3162820e-001
 8.3168888e-001
 8.3174807e-001
 8.3180606e-001
 8.3186334e-001
 8.3192015e-001
 8.3197683e-001
 8.3203351e-001
 8.3209026e-001
 8.3214682e-001
 8.3220297e-001
 8.3225834e-001
 8.3231252e-001
 8.3236510e-001
 8.3241600e-001
 8.3246517e-001
 8.3251274e-001
 8.3255899e-001
 8.3260435e-001
 8.3264941e-001
 8.3269441e-001
 8.3273983e-001
 8.3278573e-001
 8.3283210e-001
 8.3287871e-001
 8.3292490e-001
 8.3297014e-001
 8.3301359e-001
 8.3305436e-001
 8.3309156e-001
 8.3312446e-001
 8.3315253e-001
 8.3317542e-001
 8.3319324e-001
 8.3320642e-001
 8.3321589e-001
 8.3322299e-001
 8.3322924e-001
 8.3323652e-001
 8.3324689e-001
 8.3326215e-001
 8.3328402e-001
 8.3331376e-001
 8.3335215e-001
 8.3339930e-001
 8.3345467e-001
 8.3351725e-001
 8.3358544e-001
 8.3365738e-001
 8.3373117e-001
 8.3380508e-001
 8.3387756e-001
 8.3394748e-001
 8.3401412e-001
 8.3407712e-001
 8.3413649e-001
 8.3419240e-001
 8.3424509e-001
 8.3429492e-001
 8.3434206e-001
 8.3438683e-001
 8.3442932e-001
 8.3446968e-001
 8.3450794e-001
 8.3454436e-001
 8.3457899e-001
 8.3461201e-001
 8.3464360e-001
 8.3467376e-001
 8.3470237e-001
 8.3472919e-001
 8.3475363e-001
 8.3477521e-001
 8.3479321e-001
 8.3480680e-001
 8.3481538e-001
 8.3481854e-001
 8.3481580e-001
 8.3480728e-001
 8.3479309e-001
 8.3477372e-001
 8.3474958e-001
 8.3472133e-001
 8.3468938e-001
 8.3465403e-001
 8.3461541e-001
 8.3457339e-001
 8.3452761e-001
 8.3447778e-001
 8.3442366e-001
 8.3436507e-001
 8.3430219e-001
 8.3423531e-001
 8.3416480e-001
 8.3409119e-001
 8.3401501e-001
 8.3393651e-001
 8.3385605e-001
 8.3377367e-001
 8.3368957e-001
 8.3360374e-001
 8.3351654e-001
 8.3342814e-001
 8.3333886e-001
 8.3324879e-001
 8.3315790e-001
 8.3306599e-001
 8.3297241e-001
 8.3287632e-001
 8.3277696e-001
 8.3267331e-001
 8.3256477e-001
 8.3245081e-001
 8.3233124e-001
 8.3220613e-001
 8.3207589e-001
 8.3194095e-001
 8.3180189e-001
 8.3165914e-001
 8.3151317e-001
 8.3136427e-001
 8.3121276e-001
 8.3105880e-001
 8.3090258e-001
 8.3074445e-001
 8.3058470e-001
 8.3042377e-001
 8.3026206e-001
 8.3009988e-001
 8.2993758e-001
 8.2977527e-001
 8.2961297e-001
 8.2945055e-001
 8.2928771e-001
 8.2912415e-001
 8.2895964e-001
 8.2879394e-001
 8.2862705e-001
 8.2845908e-001
 8.2829052e-001
 8.2812190e-001
 8.2795393e-001
 8.2778758e-001
 8.2762402e-001
 8.2746446e-001
 8.2731056e-001
 8.2716393e-001
 8.2702655e-001
 8.2690030e-001
 8.2678723e-001
 8.2668918e-001
 8.2660764e-001
 8.2654375e-001
 8.2649821e-001
 8.2647097e-001
 8.2646155e-001
 8.2646865e-001
 8.2649052e-001
 8.2652462e-001
 8.2656801e-001
 8.2661718e-001
 8.2666868e-001
 8.2671887e-001
 8.2676446e-001
 8.2680267e-001
 8.2683134e-001
 8.2684898e-001
 8.2685465e-001
 8.2684797e-001
 8.2682890e-001
 8.2679766e-001
 8.2675463e-001
 8.2670027e-001
 8.2663536e-001
 8.2656074e-001
 8.2647729e-001
 8.2638639e-001
 8.2628930e-001
 8.2618737e-001
 8.2608187e-001
 8.2597375e-001
 8.2586378e-001
 8.2575214e-001
 8.2563889e-001
 8.2552356e-001
 8.2540584e-001
 8.2528526e-001
 8.2516170e-001
 8.2503539e-001
 8.2490671e-001
 8.2477659e-001
 8.2464606e-001
 8.2451618e-001
 8.2438767e-001
 8.2426012e-001
 8.2413548e-001
 8.2401204e-001
 8.2388836e-001
 8.2376283e-001
 8.2363373e-001
 8.2349956e-001
 8.2335925e-001
 8.2321233e-001
 8.2305861e-001
 8.2289839e-001
 8.2273203e-001
 8.2255977e-001
 8.2238150e-001
 8.2219684e-001
 8.2200497e-001
 8.2180470e-001
 8.2159477e-001
 8.2137376e-001
 8.2114059e-001
 8.2089466e-001
 8.2063562e-001
 8.2036352e-001
 8.2007885e-001
 8.1978214e-001
 8.1947404e-001
 8.1915492e-001
 8.1882519e-001
 8.1848478e-001
 8.1813401e-001
 8.1777287e-001
 8.1740165e-001
 8.1702083e-001
 8.1663120e-001
 8.1623381e-001
 8.1583017e-001
 8.1542170e-001
 8.1501007e-001
 8.1459677e-001
 8.1418258e-001
 8.1376785e-001
 8.1335193e-001
 8.1293339e-001
 8.1251007e-001
 8.1207901e-001
 8.1163692e-001
 8.1118006e-001
 8.1070459e-001
 8.1020641e-001
 8.0968094e-001
 8.0912316e-001
 8.0852723e-001
 8.0788660e-001
 8.0719393e-001
 8.0644107e-001
 8.0561972e-001
 8.0472088e-001
 8.0373603e-001
 8.0265677e-001
 8.0147439e-001
 8.0018133e-001
 7.9876965e-001
 7.9723227e-001
 7.9556280e-001
 7.9375488e-001
 7.9180396e-001
 7.8970683e-001
 7.8746128e-001
 7.8506827e-001
 7.8252935e-001
 7.7984875e-001
 7.7703172e-001
 7.7408236e-001
 7.7100521e-001
 7.6780045e-001
 7.6446599e-001
 7.6099503e-001
 7.5737470e-001
 7.5358945e-001
 7.4961841e-001
 7.4543995e-001
 7.4103290e-001
 7.3637688e-001
 7.3145837e-001
 7.2626901e-001
 7.2081125e-001
 7.1509862e-001
 7.0915443e-001
 7.0301640e-001
 6.9673401e-001
 6.9036525e-001
 6.8397987e-001
 6.7765135e-001
 6.7145932e-001
 6.6548520e-001
 6.5980738e-001
 6.5450394e-001
 6.4964509e-001
 6.4529586e-001
 6.4151168e-001
 6.3833588e-001
 6.3580072e-001
 6.3392365e-001
 6.3270891e-001
 6.3214666e-001
 6.3221377e-001
 6.3287568e-001
 6.3408834e-001
 6.3579983e-001
 6.3795263e-001
 6.4048690e-001
 6.4334059e-001
 6.4645332e-001
 6.4976603e-001
 6.5322274e-001
 6.5677297e-001
 6.6036987e-001
 6.6397166e-001
 6.6754323e-001
 6.7105287e-001
 6.7447573e-001
 6.7779046e-001
 6.8098021e-001
 6.8403357e-001
 6.8694121e-001
 6.8969858e-001
 6.9230264e-001
 6.9475281e-001
 6.9705093e-001
 6.9919908e-001
 7.0120132e-001
 7.0306194e-001
 7.0478588e-001
 7.0637941e-001
 7.0784873e-001
 7.0920140e-001
 7.1044487e-001
 7.1158719e-001
 7.1263689e-001
 7.1360201e-001
 7.1449035e-001
 7.1530950e-001
 7.1606606e-001
 7.1676624e-001
 7.1741545e-001
 7.1801847e-001
 7.1857995e-001
 7.1910387e-001
 7.1959412e-001
 7.2005415e-001
 7.2048753e-001
 7.2089779e-001
 7.2128856e-001
 7.2166383e-001
 7.2202790e-001
 7.2238511e-001
 7.2274029e-001
 7.2309774e-001
 7.2346157e-001
 7.2383517e-001
 7.2422129e-001
 7.2462213e-001
 7.2503906e-001
 7.2547305e-001
 7.2592473e-001
 7.2639441e-001
 7.2688240e-001
 7.2738862e-001
 7.2791284e-001
 7.2845465e-001
 7.2901309e-001
 7.2958714e-001
 7.3017508e-001
 7.3077500e-001
 7.3138475e-001
 7.3200178e-001
 7.3262316e-001
 7.3324555e-001
 7.3386502e-001
 7.3447752e-001
 7.3507833e-001
 7.3566318e-001
 7.3622793e-001
 7.3676956e-001
 7.3728687e-001
 7.3778039e-001
 7.3825336e-001
 7.3871148e-001
 7.3916304e-001
 7.3961890e-001
 7.4009156e-001
 7.4059474e-001
 7.4114281e-001
 7.4174935e-001
 7.4242699e-001
 7.4318630e-001
 7.4403465e-001
 7.4497670e-001
 7.4601275e-001
 7.4713957e-001
 7.4834955e-001
 7.4963218e-001
 7.5097299e-001
 7.5235671e-001
 7.5376707e-001
 7.5518733e-001
 7.5660294e-001
 7.5800121e-001
 7.5937188e-001
 7.6070631e-001
 7.6199919e-001
 7.6324743e-001
 7.6444894e-001
 7.6560444e-001
 7.6671606e-001
 7.6778632e-001
 7.6881933e-001
 7.6981920e-001
 7.7078992e-001
 7.7173430e-001
 7.7265459e-001
 7.7355230e-001
 7.7442706e-001
 7.7527875e-001
 7.7610689e-001
 7.7691036e-001
 7.7768904e-001
 7.7844316e-001
 7.7917284e-001
 7.7987891e-001
 7.8056222e-001
 7.8122348e-001
 7.8186268e-001
 7.8247976e-001
 7.8307456e-001
 7.8364635e-001
 7.8419524e-001
 7.8472191e-001
 7.8522754e-001
 7.8571445e-001
 7.8618526e-001
 7.8664291e-001
 7.8708941e-001
 7.8752619e-001
 7.8795350e-001
 7.8836995e-001
 7.8877354e-001
 7.8916168e-001
 7.8953105e-001
 7.8987885e-001
 7.9020280e-001
 7.9050070e-001
 7.9077148e-001
 7.9101449e-001
 7.9123008e-001
 7.9141891e-001
 7.9158276e-001
 7.9172367e-001
 7.9184377e-001
 7.9194546e-001
 7.9203045e-001
 7.9210013e-001
 7.9215527e-001
 7.9219639e-001
 7.9222381e-001
 7.9223812e-001
 7.9224026e-001
 7.9223150e-001
 7.9221332e-001
 7.9218715e-001
 7.9215395e-001
 7.9211432e-001
 7.9206818e-001
 7.9201502e-001
 7.9195392e-001
 7.9188424e-001
 7.9180545e-001
 7.9171753e-001
 7.9162097e-001
 7.9151702e-001
 7.9140711e-001
 7.9129326e-001
 7.9117751e-001
 7.9106170e-001
 7.9094785e-001
 7.9083753e-001
 7.9073191e-001
 7.9063171e-001
 7.9053742e-001
 7.9044878e-001
 7.9036522e-001
 7.9028594e-001
 7.9020989e-001
 7.9013604e-001
 7.9006350e-001
 7.8999180e-001
 7.8992057e-001
 7.8984976e-001
 7.8977931e-001
 7.8970945e-001
 7.8964025e-001
 7.8957206e-001
 7.8950518e-001
 7.8944045e-001
 7.8937888e-001
 7.8932184e-001
 7.8927094e-001
 7.8922772e-001
 7.8919321e-001
 7.8916788e-001
 7.8915119e-001
 7.8914142e-001
 7.8913605e-001
 7.8913182e-001
 7.8912514e-001
 7.8911233e-001
 7.8909010e-001
 7.8905547e-001
 7.8900570e-001
 7.8893840e-001
 7.8885120e-001
 7.8874171e-001
 7.8860736e-001
 7.8844547e-001
 7.8825355e-001
 7.8802884e-001
 7.8776896e-001
 7.8747201e-001
 7.8713620e-001
 7.8676027e-001
 7.8634369e-001
 7.8588575e-001
 7.8538620e-001
 7.8484458e-001
 7.8426105e-001
 7.8363568e-001
 7.8296906e-001
 7.8226286e-001
 7.8151923e-001
 7.8074116e-001
 7.7993280e-001
 7.7909851e-001
 7.7824318e-001
 7.7737147e-001
 7.7648854e-001
 7.7559793e-001
 7.7470201e-001
 7.7380180e-001
 7.7289534e-001
 7.7197808e-001
 7.7104372e-001
 7.7008307e-001
 7.6908559e-001
 7.6804078e-001
 7.6693749e-001
 7.6576585e-001
 7.6451701e-001
 7.6318508e-001
 7.6176530e-001
 7.6025540e-001
 7.5865650e-001
 7.5697088e-001
 7.5520301e-001
 7.5336027e-001
 7.5145006e-001
 7.4948102e-001
 7.4746126e-001
 7.4539995e-001
 7.4330378e-001
 7.4117851e-001
 7.3903018e-001
 7.3686224e-001
 7.3467749e-001
 7.3247993e-001
 7.3027164e-001
 7.2805458e-001
 7.2583210e-001
 7.2360587e-001
 7.2137761e-001
 7.1914810e-001
 7.1691918e-001
 7.1469045e-001
 7.1246088e-001
 7.1023029e-001
 7.0799643e-001
 7.0575655e-001
 7.0350939e-001
 7.0125240e-001
 6.9898438e-001
 6.9670492e-001
 6.9441700e-001
 6.9212455e-001
 6.8983418e-001
 6.8755722e-001
 6.8530673e-001
 6.8309897e-001
 6.8095458e-001
 6.7889547e-001
 6.7694569e-001
 6.7513049e-001
 6.7347652e-001
 6.7200887e-001
 6.7075121e-001
 6.6972584e-001
 6.6895044e-001
 6.6843879e-001
 6.6819978e-001
 6.6823590e-001
 6.6854376e-001
 6.6911328e-001
 6.6992837e-001
 6.7096698e-001
 6.7220259e-001
 6.7360359e-001
 6.7513657e-001
 6.7676675e-001
 6.7845827e-001
 6.8017775e-001
 6.8189442e-001
 6.8357998e-001
 6.8521178e-001
 6.8677169e-001
 6.8824691e-001
 6.8962866e-001
 6.9091368e-001
 6.9210297e-001
 6.9320017e-001
 6.9421327e-001
 6.9515276e-001
 6.9603080e-001
 6.9686180e-001
 6.9766146e-001
 6.9844538e-001
 6.9922948e-001
 7.0002872e-001
 7.0085675e-001
 7.0172453e-001
 7.0264107e-001
 7.0361239e-001
 7.0464092e-001
 7.0572650e-001
 7.0686597e-001
 7.0805246e-001
 7.0927703e-001
 7.1052819e-001
 7.1179259e-001
 7.1305454e-001
 7.1429831e-001
 7.1550798e-001
 7.1666723e-001
 7.1776181e-001
 7.1877921e-001
 7.1970832e-001
 7.2054124e-001
 7.2127265e-001
 7.2189909e-001
 7.2241992e-001
 7.2283614e-001
 7.2315025e-001
 7.2336531e-001
 7.2348505e-001
 7.2351307e-001
 7.2345245e-001
 7.2330594e-001
 7.2307533e-001
 7.2276217e-001
 7.2236729e-001
 7.2189140e-001
 7.2133541e-001
 7.2070080e-001
 7.1998918e-001
 7.1920276e-001
 7.1834439e-001
 7.1741682e-001
 7.1642303e-001
 7.1536690e-001
 7.1425217e-001
 7.1308321e-001
 7.1186578e-001
 7.1060568e-001
 7.0930922e-001
 7.0798278e-001
 7.0663369e-001
 7.0526814e-001
 7.0389199e-001
 7.0251197e-001
 7.0113349e-001
 6.9976163e-001
 6.9840199e-001
 6.9705844e-001
 6.9573420e-001
 6.9443095e-001
 6.9315016e-001
 6.9189137e-001
 6.9065326e-001
 6.8943524e-001
 6.8823576e-001
 6.8705392e-001
 6.8588996e-001
 6.8474412e-001
 6.8361688e-001
 6.8250972e-001
 6.8142301e-001
 6.8035698e-001
 6.7931038e-001
 6.7828190e-001
 6.7726821e-001
 6.7626506e-001
 6.7526817e-001
 6.7427200e-001
 6.7327082e-001
 6.7225939e-001
 6.7123163e-001
 6.7018187e-001
 6.6910422e-001
 6.6799396e-001
 6.6684598e-001
 6.6565603e-001
 6.6442144e-001
 6.6313982e-001
 6.6180980e-001
 6.6043228e-001
 6.5900815e-001
 6.5753967e-001
 6.5602964e-001
 6.5448290e-001
 6.5290409e-001
 6.5129924e-001
 6.4967722e-001
 6.4804769e-001
 6.4642256e-001
 6.4481676e-001
 6.4324546e-001
 6.4172429e-001
 6.4026952e-001
 6.3889492e-001
 6.3761288e-001
 6.3643330e-001
 6.3536537e-001
 6.3441592e-001
 6.3359118e-001
 6.3289732e-001
 6.3233936e-001
 6.3192153e-001
 6.3164741e-001
 6.3151836e-001
 6.3153428e-001
 6.3169307e-001
 6.3199091e-001
 6.3242275e-001
 6.3298279e-001
 6.3366419e-001
 6.3446039e-001
 6.3536459e-001
 6.3636893e-001
 6.3746518e-001
 6.3864380e-001
 6.3989228e-001
 6.4119667e-001
 6.4254051e-001
 6.4390594e-001
 6.4527279e-001
 6.4662206e-001
 6.4793539e-001
 6.4919502e-001
 6.5038639e-001
 6.5149707e-001
 6.5251637e-001
 6.5343660e-001
 6.5425193e-001
 6.5495878e-001
 6.5555519e-001
 6.5604168e-001
 6.5642083e-001
 6.5669703e-001
 6.5687633e-001
 6.5696621e-001
 6.5697449e-001
 6.5690941e-001
 6.5677857e-001
 6.5658915e-001
 6.5634739e-001
 6.5605855e-001
 6.5572709e-001
 6.5535653e-001
 6.5494913e-001
 6.5450585e-001
 6.5402681e-001
 6.5351093e-001
 6.5295708e-001
 6.5236485e-001
 6.5173483e-001
 6.5106976e-001
 6.5037447e-001
 6.4965653e-001
 6.4892507e-001
 6.4819032e-001
 6.4746326e-001
 6.4675361e-001
 6.4606941e-001
 6.4541632e-001
 6.4479619e-001
 6.4420706e-001
 6.4364392e-001
 6.4309835e-001
 6.4256030e-001
 6.4201903e-001
 6.4146513e-001
 6.4089024e-001
 6.4028805e-001
 6.3965452e-001
 6.3898659e-001
 6.3828194e-001
 6.3753921e-001
 6.3675642e-001
 6.3593221e-001
 6.3506532e-001
 6.3415599e-001
 6.3320512e-001
 6.3221449e-001
 6.3118756e-001
 6.3012731e-001
 6.2903637e-001
 6.2791747e-001
 6.2677205e-001
 6.2560081e-001
 6.2440574e-001
 6.2318891e-001
 6.2195385e-001
 6.2070525e-001
 6.1944973e-001
 6.1819309e-001
 6.1694008e-001
 6.1569464e-001
 6.1445737e-001
 6.1322612e-001
 6.1199749e-001
 6.1076611e-001
 6.0952652e-001
 6.0827416e-001
 6.0700703e-001
 6.0572475e-001
 6.0442936e-001
 6.0312575e-001
 6.0181928e-001
 6.0051596e-001
 5.9922212e-001
 5.9794217e-001
 5.9667891e-001
 5.9543306e-001
 5.9420449e-001
 5.9299064e-001
 5.9178787e-001
 5.9059274e-001
 5.8940023e-001
 5.8820510e-001
 5.8700299e-001
 5.8578902e-001
 5.8455914e-001
 5.8331180e-001
 5.8204639e-001
 5.8076447e-001
 5.7946903e-001
 5.7816499e-001
 5.7685637e-001
 5.7554668e-001
 5.7423860e-001
 5.7293242e-001
 5.7162696e-001
 5.7032144e-001
 5.6901473e-001
 5.6770760e-001
 5.6640303e-001
 5.6510723e-001
 5.6382775e-001
 5.6257308e-001
 5.6135231e-001
 5.6017226e-001
 5.5903727e-001
 5.5794972e-001
 5.5690837e-001
 5.5590963e-001
 5.5494958e-001
 5.5402321e-001
 5.5312604e-001
 5.5225474e-001
 5.5140764e-001
 5.5058408e-001
 5.4978460e-001
 5.4901171e-001
 5.4826891e-001
 5.4756069e-001
 5.4689318e-001
 5.4627228e-001
 5.4570323e-001
 5.4518986e-001
 5.4473412e-001
 5.4433525e-001
 5.4399061e-001
-1.2300000e+034
