s07_ASD Record=13789: Montmorillonite-Na CU93-52A   BECKc AREF
 1.1503772e-001
 1.1577362e-001
 1.1651593e-001
 1.1726084e-001
 1.1800238e-001
 1.1873395e-001
 1.1944986e-001
 1.2014586e-001
 1.2081955e-001
 1.2147017e-001
 1.2209852e-001
 1.2270679e-001
 1.2329864e-001
 1.2387964e-001
 1.2445812e-001
 1.2504506e-001
 1.2565243e-001
 1.2629142e-001
 1.2697092e-001
 1.2769678e-001
 1.2847146e-001
 1.2929414e-001
 1.3016191e-001
 1.3107099e-001
 1.3201846e-001
 1.3300350e-001
 1.3402815e-001
 1.3509628e-001
 1.3621013e-001
 1.3736756e-001
 1.3856027e-001
 1.3977627e-001
 1.4100328e-001
 1.4223066e-001
 1.4345105e-001
 1.4466313e-001
 1.4587116e-001
 1.4708112e-001
 1.4829715e-001
 1.4951827e-001
 1.5073803e-001
 1.5194663e-001
 1.5313491e-001
 1.5429866e-001
 1.5544046e-001
 1.5656854e-001
 1.5769242e-001
 1.5881833e-001
 1.5994576e-001
 1.6106775e-001
 1.6217415e-001
 1.6325614e-001
 1.6431019e-001
 1.6533904e-001
 1.6635042e-001
 1.6735452e-001
 1.6836245e-001
 1.6938365e-001
 1.7042416e-001
 1.7148897e-001
 1.7257141e-001
 1.7365360e-001
 1.7472558e-001
 1.7577766e-001
 1.7679971e-001
 1.7779732e-001
 1.7878656e-001
 1.7978163e-001
 1.8079169e-001
 1.8181948e-001
 1.8286239e-001
 1.8391609e-001
 1.8497890e-001
 1.8605350e-001
 1.8714619e-001
 1.8826535e-001
 1.8941958e-001
 1.9061676e-001
 1.9186325e-001
 1.9316263e-001
 1.9451441e-001
 1.9591238e-001
 1.9734553e-001
 1.9880088e-001
 2.0026845e-001
 2.0174420e-001
 2.0322862e-001
 2.0472153e-001
 2.0621586e-001
 2.0769688e-001
 2.0914692e-001
 2.1055418e-001
 2.1191841e-001
 2.1325074e-001
 2.1456844e-001
 2.1588899e-001
 2.1722671e-001
 2.1858953e-001
 2.1997534e-001
 2.2136812e-001
 2.2273916e-001
 2.2405542e-001
 2.2529142e-001
 2.2643752e-001
 2.2750157e-001
 2.2850335e-001
 2.2946295e-001
 2.3039366e-001
 2.3130195e-001
 2.3219146e-001
 2.3306648e-001
 2.3393135e-001
 2.3478845e-001
 2.3563607e-001
 2.3646764e-001
 2.3727092e-001
 2.3802777e-001
 2.3871852e-001
 2.3933226e-001
 2.3987931e-001
 2.4039543e-001
 2.4093150e-001
 2.4153291e-001
 2.4222101e-001
 2.4298821e-001
 2.4380705e-001
 2.4464495e-001
 2.4547459e-001
 2.4627833e-001
 2.4705127e-001
 2.4780390e-001
 2.4855818e-001
 2.4933261e-001
 2.5012785e-001
 2.5092930e-001
 2.5172901e-001
 2.5254643e-001
 2.5342599e-001
 2.5440937e-001
 2.5550425e-001
 2.5667572e-001
 2.5786716e-001
 2.5903529e-001
 2.6017120e-001
 2.6129654e-001
 2.6244405e-001
 2.6364091e-001
 2.6490054e-001
 2.6621616e-001
 2.6755890e-001
 2.6888740e-001
 2.7016890e-001
 2.7139476e-001
 2.7257755e-001
 2.7373567e-001
 2.7488551e-001
 2.7604669e-001
 2.7724871e-001
 2.7852345e-001
 2.7988747e-001
 2.8132954e-001
 2.8281334e-001
 2.8429079e-001
 2.8572050e-001
 2.8708768e-001
 2.8841126e-001
 2.8972900e-001
 2.9106912e-001
 2.9243484e-001
 2.9381719e-001
 2.9521891e-001
 2.9666209e-001
 2.9816785e-001
 2.9972750e-001
 3.0129534e-001
 3.0281794e-001
 3.0427629e-001
 3.0570230e-001
 3.0715370e-001
 3.0867195e-001
 3.1026340e-001
 3.1191069e-001
 3.1359035e-001
 3.1528044e-001
 3.1696248e-001
 3.1862929e-001
 3.2029292e-001
 3.2198271e-001
 3.2372740e-001
 3.2553390e-001
 3.2738030e-001
 3.2923195e-001
 3.3106989e-001
 3.3290333e-001
 3.3475462e-001
 3.3663335e-001
 3.3852991e-001
 3.4042612e-001
 3.4230718e-001
 3.4417024e-001
 3.4603295e-001
 3.4792826e-001
 3.4987023e-001
 3.5182366e-001
 3.5372612e-001
 3.5555243e-001
 3.5735372e-001
 3.5921624e-001
 3.6117727e-001
 3.6319149e-001
 3.6519432e-001
 3.6718029e-001
 3.6919507e-001
 3.7126812e-001
 3.7338695e-001
 3.7551928e-001
 3.7761387e-001
 3.7959564e-001
 3.8141653e-001
 3.8311353e-001
 3.8477552e-001
 3.8645500e-001
 3.8815099e-001
 3.8986436e-001
 3.9161801e-001
 3.9341706e-001
 3.9522845e-001
 3.9700711e-001
 3.9871946e-001
 4.0034580e-001
 4.0188563e-001
 4.0336838e-001
 4.0484026e-001
 4.0632623e-001
 4.0780836e-001
 4.0924746e-001
 4.1063076e-001
 4.1199055e-001
 4.1336381e-001
 4.1473675e-001
 4.1604790e-001
 4.1725135e-001
 4.1836748e-001
 4.1946208e-001
 4.2057088e-001
 4.2165920e-001
 4.2267796e-001
 4.2364520e-001
 4.2463791e-001
 4.2570227e-001
 4.2679814e-001
 4.2783201e-001
 4.2873186e-001
 4.2950374e-001
 4.3021864e-001
 4.3091759e-001
 4.3157101e-001
 4.3217856e-001
 4.3282101e-001
 4.3354604e-001
 4.3430749e-001
 4.3507403e-001
 4.3587580e-001
 4.3667981e-001
 4.3734565e-001
 4.3780699e-001
 4.3819568e-001
 4.3869233e-001
 4.3934688e-001
 4.4008407e-001
 4.4078311e-001
 4.4134110e-001
 4.4174415e-001
 4.4208857e-001
 4.4248211e-001
 4.4293395e-001
 4.4340229e-001
 4.4393209e-001
 4.4461924e-001
 4.4538406e-001
 4.4593877e-001
 4.4611490e-001
 4.4612917e-001
 4.4633067e-001
 4.4681782e-001
 4.4747582e-001
 4.4817993e-001
 4.4883516e-001
 4.4936499e-001
 4.4976544e-001
 4.5010245e-001
 4.5041084e-001
 4.5066932e-001
 4.5090449e-001
 4.5122695e-001
 4.5171404e-001
 4.5231679e-001
 4.5291656e-001
 4.5343783e-001
 4.5389232e-001
 4.5433798e-001
 4.5481378e-001
 4.5532241e-001
 4.5586023e-001
 4.5641866e-001
 4.5694923e-001
 4.5738024e-001
 4.5769790e-001
 4.5797542e-001
 4.5830166e-001
 4.5871165e-001
 4.5919222e-001
 4.5972115e-001
 4.6028146e-001
 4.6084633e-001
 4.6137074e-001
 4.6182844e-001
 4.6225944e-001
 4.6275347e-001
 4.6336174e-001
 4.6402618e-001
 4.6463785e-001
 4.6514788e-001
 4.6558928e-001
 4.6601874e-001
 4.6647033e-001
 4.6695048e-001
 4.6745348e-001
 4.6797490e-001
 4.6851468e-001
 4.6907428e-001
 4.6965393e-001
 4.7025055e-001
 4.7085553e-001
 4.7145352e-001
 4.7202539e-001
 4.7255456e-001
 4.7303313e-001
 4.7346798e-001
 4.7388861e-001
 4.7434852e-001
 4.7490141e-001
 4.7555542e-001
 4.7624516e-001
 4.7686255e-001
 4.7733369e-001
 4.7767326e-001
 4.7796345e-001
 4.7828716e-001
 4.7868091e-001
 4.7913486e-001
 4.7962031e-001
 4.8011205e-001
 4.8059234e-001
 4.8104316e-001
 4.8144263e-001
 4.8178816e-001
 4.8214692e-001
 4.8263982e-001
 4.8329964e-001
 4.8399174e-001
 4.8454946e-001
 4.8493224e-001
 4.8520818e-001
 4.8546487e-001
 4.8578092e-001
 4.8620915e-001
 4.8671716e-001
 4.8719093e-001
 4.8757491e-001
 4.8795626e-001
 4.8843169e-001
 4.8896724e-001
 4.8945999e-001
 4.8985854e-001
 4.9017063e-001
 4.9042118e-001
 4.9065456e-001
 4.9094412e-001
 4.9135464e-001
 4.9188048e-001
 4.9241656e-001
 4.9282998e-001
 4.9312451e-001
 4.9346307e-001
 4.9391630e-001
 4.9432904e-001
 4.9459511e-001
 4.9486226e-001
 4.9525988e-001
 4.9565792e-001
 4.9592283e-001
 4.9617288e-001
 4.9654642e-001
 4.9693316e-001
 4.9713251e-001
 4.9714917e-001
 4.9713990e-001
 4.9726778e-001
 4.9762303e-001
 4.9811426e-001
 4.9851134e-001
 4.9870738e-001
 4.9881345e-001
 4.9896803e-001
 4.9921998e-001
 4.9954024e-001
 4.9987975e-001
 5.0020772e-001
 5.0051564e-001
 5.0080240e-001
 5.0106668e-001
 5.0130659e-001
 5.0152284e-001
 5.0172395e-001
 5.0192553e-001
 5.0214070e-001
 5.0236756e-001
 5.0258976e-001
 5.0278580e-001
 5.0293380e-001
 5.0301433e-001
 5.0302589e-001
 5.0301385e-001
 5.0305891e-001
 5.0322092e-001
 5.0349605e-001
 5.0380874e-001
 5.0404489e-001
 5.0413042e-001
 5.0415766e-001
 5.0418866e-001
 5.0429159e-001
 5.0445670e-001
 5.0464267e-001
 5.0480843e-001
 5.0491804e-001
 5.0497019e-001
 5.0497741e-001
 5.0495231e-001
 5.0490880e-001
 5.0486946e-001
 5.0485998e-001
 5.0490630e-001
 5.0502706e-001
 5.0519365e-001
 5.0535768e-001
 5.0547141e-001
 5.0549507e-001
 5.0544596e-001
 5.0535071e-001
 5.0528270e-001
 5.0526887e-001
 5.0531387e-001
 5.0538826e-001
 5.0546104e-001
 5.0550133e-001
 5.0547934e-001
 5.0539243e-001
 5.0526476e-001
 5.0512195e-001
 5.0498921e-001
 5.0489104e-001
 5.0483280e-001
 5.0480074e-001
 5.0478023e-001
 5.0475663e-001
 5.0471604e-001
 5.0465429e-001
 5.0457746e-001
 5.0449181e-001
 5.0440389e-001
 5.0432009e-001
 5.0424629e-001
 5.0418645e-001
 5.0414437e-001
 5.0412357e-001
 5.0412768e-001
 5.0416040e-001
 5.0422281e-001
 5.0430709e-001
 5.0440305e-001
 5.0450063e-001
 5.0458956e-001
 5.0465977e-001
 5.0470108e-001
 5.0470632e-001
 5.0467944e-001
 5.0462699e-001
 5.0455558e-001
 5.0447184e-001
 5.0438237e-001
 5.0429374e-001
 5.0421256e-001
 5.0414389e-001
 5.0408691e-001
 5.0403947e-001
 5.0399947e-001
 5.0396448e-001
 5.0393265e-001
 5.0390160e-001
 5.0386918e-001
 5.0383341e-001
 5.0379229e-001
 5.0374407e-001
 5.0368714e-001
 5.0361961e-001
 5.0353968e-001
 5.0344568e-001
 5.0333583e-001
 5.0320941e-001
 5.0307006e-001
 5.0292230e-001
 5.0277066e-001
 5.0261968e-001
 5.0247389e-001
 5.0233769e-001
 5.0221574e-001
 5.0211251e-001
 5.0203258e-001
 5.0198042e-001
 5.0196058e-001
 5.0197583e-001
 5.0202245e-001
 5.0209510e-001
 5.0218868e-001
 5.0229800e-001
 5.0241780e-001
 5.0254297e-001
 5.0266820e-001
 5.0278842e-001
 5.0289828e-001
 5.0299263e-001
 5.0306630e-001
 5.0311565e-001
 5.0314283e-001
 5.0315112e-001
 5.0314409e-001
 5.0312501e-001
 5.0309724e-001
 5.0306416e-001
 5.0302917e-001
 5.0299585e-001
 5.0296724e-001
 5.0294691e-001
 5.0293654e-001
 5.0293148e-001
 5.0292617e-001
 5.0291461e-001
 5.0289094e-001
 5.0284952e-001
 5.0278437e-001
 5.0268972e-001
 5.0255984e-001
 5.0238878e-001
 5.0217402e-001
 5.0192386e-001
 5.0164896e-001
 5.0136018e-001
 5.0106812e-001
 5.0078380e-001
 5.0051755e-001
 5.0028044e-001
 5.0008303e-001
 4.9993619e-001
 4.9984771e-001
 4.9981588e-001
 4.9983686e-001
 4.9990675e-001
 5.0002164e-001
 5.0017786e-001
 5.0037146e-001
 5.0059855e-001
 5.0085539e-001
 5.0113809e-001
 5.0144219e-001
 5.0176162e-001
 5.0208962e-001
 5.0241965e-001
 5.0274509e-001
 5.0305933e-001
 5.0335574e-001
 5.0362790e-001
 5.0386894e-001
 5.0407356e-001
 5.0424027e-001
 5.0436842e-001
 5.0445759e-001
 5.0450671e-001
 5.0451559e-001
 5.0448334e-001
 5.0440931e-001
 5.0429600e-001
 5.0415492e-001
 5.0399995e-001
 5.0384486e-001
 5.0370342e-001
 5.0358933e-001
 5.0351644e-001
 5.0349832e-001
 5.0354493e-001
 5.0365263e-001
 5.0381559e-001
 5.0402761e-001
 5.0428265e-001
 5.0457472e-001
 5.0489765e-001
 5.0524539e-001
 5.0561184e-001
 5.0598961e-001
 5.0637168e-001
 5.0672317e-001
 5.0708705e-001
 5.0743395e-001
 5.0775683e-001
 5.0805235e-001
 5.0831878e-001
 5.0855553e-001
 5.0876260e-001
 5.0894040e-001
 5.0909024e-001
 5.0921565e-001
 5.0932300e-001
 5.0942075e-001
 5.0951809e-001
 5.0962335e-001
 5.0974280e-001
 5.0987792e-001
 5.1002526e-001
 5.1017725e-001
 5.1032484e-001
 5.1045907e-001
 5.1057321e-001
 5.1066494e-001
 5.1073688e-001
 5.1079541e-001
 5.1084906e-001
 5.1090628e-001
 5.1097417e-001
 5.1105732e-001
 5.1115727e-001
 5.1127344e-001
 5.1140362e-001
 5.1154530e-001
 5.1169580e-001
 5.1185292e-001
 5.1201451e-001
 5.1217878e-001
 5.1234382e-001
 5.1250726e-001
 5.1266521e-001
 5.1266247e-001
 5.1274663e-001
 5.1280695e-001
 5.1284021e-001
 5.1284468e-001
 5.1282036e-001
 5.1276940e-001
 5.1269644e-001
 5.1260930e-001
 5.1251864e-001
 5.1243806e-001
 5.1238322e-001
 5.1237029e-001
 5.1241344e-001
 5.1252306e-001
 5.1270360e-001
 5.1295257e-001
 5.1326084e-001
 5.1361305e-001
 5.1399022e-001
 5.1437217e-001
 5.1473993e-001
 5.1507813e-001
 5.1537597e-001
 5.1562774e-001
 5.1583302e-001
 5.1599610e-001
 5.1612520e-001
 5.1623064e-001
 5.1632303e-001
 5.1641119e-001
 5.1650101e-001
 5.1659548e-001
 5.1669466e-001
 5.1679695e-001
 5.1689970e-001
 5.1700068e-001
 5.1709825e-001
 5.1719230e-001
 5.1728380e-001
 5.1737505e-001
 5.1746863e-001
 5.1756704e-001
 5.1767224e-001
 5.1778477e-001
 5.1790422e-001
 5.1802862e-001
 5.1815528e-001
 5.1828110e-001
 5.1840305e-001
 5.1851898e-001
 5.1862764e-001
 5.1872897e-001
 5.1882416e-001
 5.1891506e-001
 5.1900399e-001
 5.1909286e-001
 5.1918298e-001
 5.1927477e-001
 5.1936758e-001
 5.1946002e-001
 5.1955056e-001
 5.1963782e-001
 5.1972115e-001
 5.1980096e-001
 5.1987839e-001
 5.1995546e-001
 5.2003419e-001
 5.2011633e-001
 5.2020293e-001
 5.2029395e-001
 5.2038854e-001
 5.2048492e-001
 5.2058113e-001
 5.2067518e-001
 5.2076542e-001
 5.2085102e-001
 5.2093148e-001
 5.2100736e-001
 5.2107948e-001
 5.2114922e-001
 5.2121836e-001
 5.2128869e-001
 5.2136213e-001
 5.2144009e-001
 5.2152359e-001
 5.2161270e-001
 5.2170640e-001
 5.2180278e-001
 5.2189887e-001
 5.2199131e-001
 5.2207708e-001
 5.2215362e-001
 5.2221972e-001
 5.2227545e-001
 5.2232236e-001
 5.2236289e-001
 5.2239996e-001
 5.2243620e-001
 5.2247369e-001
 5.2251381e-001
 5.2255690e-001
 5.2260303e-001
 5.2265209e-001
 5.2270442e-001
 5.2276069e-001
 5.2282238e-001
 5.2289134e-001
 5.2296948e-001
 5.2305830e-001
 5.2315867e-001
 5.2327031e-001
 5.2339172e-001
 5.2352053e-001
 5.2365357e-001
 5.2378726e-001
 5.2391821e-001
 5.2404356e-001
 5.2416134e-001
 5.2427065e-001
 5.2437174e-001
 5.2446550e-001
 5.2455366e-001
 5.2463800e-001
 5.2472031e-001
 5.2480185e-001
 5.2488345e-001
 5.2496523e-001
 5.2504659e-001
 5.2512658e-001
 5.2520365e-001
 5.2527612e-001
 5.2534246e-001
 5.2540112e-001
 5.2545124e-001
 5.2549237e-001
 5.2552503e-001
 5.2555043e-001
 5.2557039e-001
 5.2558750e-001
 5.2560419e-001
 5.2562279e-001
 5.2564484e-001
 5.2567101e-001
 5.2570087e-001
 5.2573293e-001
 5.2576476e-001
 5.2579379e-001
 5.2581722e-001
 5.2583277e-001
 5.2583897e-001
 5.2583498e-001
 5.2582091e-001
 5.2579755e-001
 5.2576602e-001
 5.2572793e-001
 5.2568501e-001
 5.2563888e-001
 5.2559137e-001
 5.2554446e-001
 5.2549988e-001
 5.2545983e-001
 5.2542621e-001
 5.2540100e-001
 5.2538598e-001
 5.2538246e-001
 5.2539128e-001
 5.2541280e-001
 5.2544689e-001
 5.2549309e-001
 5.2555114e-001
 5.2562094e-001
 5.2570331e-001
 5.2579969e-001
 5.2591234e-001
 5.2604425e-001
 5.2619809e-001
 5.2637613e-001
 5.2657926e-001
 5.2680629e-001
 5.2705371e-001
 5.2731556e-001
 5.2758366e-001
 5.2784830e-001
 5.2809900e-001
 5.2832592e-001
 5.2852058e-001
 5.2867699e-001
 5.2879232e-001
 5.2886683e-001
 5.2890372e-001
 5.2890837e-001
 5.2888769e-001
 5.2884883e-001
 5.2879864e-001
 5.2874309e-001
 5.2868700e-001
 5.2863413e-001
 5.2858734e-001
 5.2854913e-001
 5.2852160e-001
 5.2850664e-001
 5.2850592e-001
 5.2852058e-001
 5.2855110e-001
 5.2859688e-001
 5.2865618e-001
 5.2872634e-001
 5.2880365e-001
 5.2888399e-001
 5.2896327e-001
 5.2903801e-001
 5.2910560e-001
 5.2916479e-001
 5.2921605e-001
 5.2926111e-001
 5.2930284e-001
 5.2934486e-001
 5.2939063e-001
 5.2944314e-001
 5.2950412e-001
 5.2957362e-001
 5.2965003e-001
 5.2973026e-001
 5.2981001e-001
 5.2988470e-001
 5.2994996e-001
 5.3000277e-001
 5.3004158e-001
 5.3006703e-001
 5.3008151e-001
 5.3008902e-001
 5.3009450e-001
 5.3010291e-001
 5.3011876e-001
 5.3014565e-001
 5.3018570e-001
 5.3023964e-001
 5.3030717e-001
 5.3038681e-001
 5.3047651e-001
 5.3057379e-001
 5.3067601e-001
 5.3078043e-001
 5.3088444e-001
 5.3098541e-001
 5.3108102e-001
 5.3116930e-001
 5.3124869e-001
 5.3131825e-001
 5.3137767e-001
 5.3142756e-001
 5.3146923e-001
 5.3150457e-001
 5.3153610e-001
 5.3156644e-001
 5.3159809e-001
 5.3163320e-001
 5.3167313e-001
 5.3171849e-001
 5.3176886e-001
 5.3182310e-001
 5.3187943e-001
 5.3193575e-001
 5.3199011e-001
 5.3204095e-001
 5.3208745e-001
 5.3212941e-001
 5.3216761e-001
 5.3220356e-001
 5.3223890e-001
 5.3227532e-001
 5.3231418e-001
 5.3235614e-001
 5.3240108e-001
 5.3244829e-001
 5.3249633e-001
 5.3254366e-001
 5.3258884e-001
 5.3263056e-001
 5.3266793e-001
 5.3270048e-001
 5.3272784e-001
 5.3274989e-001
 5.3276640e-001
 5.3277719e-001
 5.3278202e-001
 5.3278071e-001
 5.3277344e-001
 5.3276050e-001
 5.3274232e-001
 5.3271955e-001
 5.3269291e-001
 5.3266269e-001
 5.3262931e-001
 5.3259289e-001
 5.3255373e-001
 5.3251237e-001
 5.3246981e-001
 5.3242773e-001
 5.3238809e-001
 5.3235328e-001
 5.3232557e-001
 5.3230679e-001
 5.3229791e-001
 5.3229868e-001
 5.3230792e-001
 5.3232318e-001
 5.3234106e-001
 5.3235781e-001
 5.3236943e-001
 5.3237224e-001
 5.3236312e-001
 5.3233987e-001
 5.3230125e-001
 5.3224713e-001
 5.3217840e-001
 5.3209686e-001
 5.3200489e-001
 5.3190541e-001
 5.3180134e-001
 5.3169560e-001
 5.3159064e-001
 5.3148854e-001
 5.3139067e-001
 5.3129798e-001
 5.3121084e-001
 5.3112912e-001
 5.3105235e-001
 5.3097981e-001
 5.3091031e-001
 5.3084236e-001
 5.3077412e-001
 5.3070366e-001
 5.3062886e-001
 5.3054780e-001
 5.3045905e-001
 5.3036207e-001
 5.3025699e-001
 5.3014511e-001
 5.3002828e-001
 5.2990901e-001
 5.2978975e-001
 5.2967292e-001
 5.2956021e-001
 5.2945298e-001
 5.2935213e-001
 5.2925843e-001
 5.2917290e-001
 5.2909690e-001
 5.2903247e-001
 5.2898198e-001
 5.2894813e-001
 5.2893335e-001
 5.2893919e-001
 5.2896601e-001
 5.2901226e-001
 5.2907467e-001
 5.2914792e-001
 5.2922499e-001
 5.2929765e-001
 5.2935719e-001
 5.2939498e-001
 5.2940309e-001
 5.2937508e-001
 5.2930629e-001
 5.2919394e-001
 5.2903742e-001
 5.2883774e-001
 5.2859753e-001
 5.2832073e-001
 5.2801174e-001
 5.2767521e-001
 5.2731544e-001
 5.2693540e-001
 5.2653664e-001
 5.2611840e-001
 5.2567744e-001
 5.2520823e-001
 5.2470279e-001
 5.2415210e-001
 5.2354676e-001
 5.2287805e-001
 5.2213973e-001
 5.2132833e-001
 5.2044451e-001
 5.1949269e-001
 5.1848048e-001
 5.1741844e-001
 5.1631796e-001
 5.1518977e-001
 5.1404303e-001
 5.1288337e-001
 5.1171321e-001
 5.1053160e-001
 5.0933468e-001
 5.0811774e-001
 5.0687611e-001
 5.0560701e-001
 5.0431079e-001
 5.0299042e-001
 5.0165266e-001
 5.0030637e-001
 4.9896270e-001
 4.9763405e-001
 4.9633327e-001
 4.9507463e-001
 4.9387279e-001
 4.9274406e-001
 4.9170601e-001
 4.9077678e-001
 4.8997486e-001
 4.8931721e-001
 4.8881802e-001
 4.8848683e-001
 4.8832703e-001
 4.8833513e-001
 4.8850045e-001
 4.8880580e-001
 4.8922884e-001
 4.8974437e-001
 4.9032626e-001
 4.9094987e-001
 4.9159420e-001
 4.9224243e-001
 4.9288291e-001
 4.9350825e-001
 4.9411449e-001
 4.9470004e-001
 4.9526417e-001
 4.9580643e-001
 4.9632591e-001
 4.9682134e-001
 4.9729151e-001
 4.9773529e-001
 4.9815255e-001
 4.9854374e-001
 4.9891037e-001
 4.9925485e-001
 4.9958014e-001
 4.9988961e-001
 5.0018698e-001
 5.0047588e-001
 5.0075990e-001
 5.0104219e-001
 5.0132495e-001
 5.0160974e-001
 5.0189650e-001
 5.0218421e-001
 5.0247061e-001
 5.0275314e-001
 5.0302947e-001
 5.0329822e-001
 5.0355971e-001
 5.0381565e-001
 5.0406951e-001
 5.0432545e-001
 5.0458753e-001
 5.0485867e-001
 5.0513995e-001
 5.0542992e-001
 5.0572509e-001
 5.0602007e-001
 5.0630856e-001
 5.0658458e-001
 5.0684351e-001
 5.0708276e-001
 5.0730222e-001
 5.0750452e-001
 5.0769454e-001
 5.0787848e-001
 5.0806320e-001
 5.0825512e-001
 5.0845957e-001
 5.0867999e-001
 5.0891793e-001
 5.0917304e-001
 5.0944340e-001
 5.0972611e-001
 5.1001793e-001
 5.1031530e-001
 5.1061535e-001
 5.1091558e-001
 5.1121408e-001
 5.1150984e-001
 5.1180232e-001
 5.1209170e-001
 5.1237869e-001
 5.1266420e-001
 5.1294941e-001
 5.1323497e-001
 5.1352108e-001
 5.1380718e-001
 5.1409161e-001
 5.1437217e-001
 5.1464635e-001
 5.1491177e-001
 5.1516688e-001
 5.1541144e-001
 5.1564640e-001
 5.1587385e-001
 5.1609665e-001
 5.1631749e-001
 5.1653868e-001
 5.1676148e-001
 5.1698643e-001
 5.1721311e-001
 5.1744121e-001
 5.1767063e-001
 5.1790196e-001
 5.1813668e-001
 5.1837683e-001
 5.1862442e-001
 5.1888096e-001
 5.1914686e-001
 5.1942098e-001
 5.1970035e-001
 5.1998073e-001
 5.2025664e-001
 5.2052212e-001
 5.2077162e-001
 5.2100015e-001
 5.2120388e-001
 5.2138013e-001
 5.2152705e-001
 5.2164435e-001
 5.2173299e-001
 5.2179557e-001
 5.2183634e-001
 5.2186137e-001
 5.2187771e-001
 5.2189326e-001
 5.2191603e-001
 5.2195305e-001
 5.2200985e-001
 5.2208966e-001
 5.2219367e-001
 5.2232111e-001
 5.2247012e-001
 5.2263814e-001
 5.2282244e-001
 5.2302057e-001
 5.2322996e-001
 5.2344853e-001
 5.2367401e-001
 5.2390420e-001
 5.2413654e-001
 5.2436852e-001
 5.2459770e-001
 5.2482194e-001
 5.2504003e-001
 5.2525169e-001
 5.2545738e-001
 5.2565861e-001
 5.2585667e-001
 5.2605230e-001
 5.2624488e-001
 5.2643222e-001
 5.2661014e-001
 5.2677256e-001
 5.2691191e-001
 5.2701998e-001
 5.2708876e-001
 5.2711213e-001
 5.2708703e-001
 5.2701455e-001
 5.2690029e-001
 5.2675396e-001
 5.2658826e-001
 5.2641732e-001
 5.2625465e-001
 5.2611172e-001
 5.2599651e-001
 5.2591342e-001
 5.2586377e-001
 5.2584648e-001
 5.2585882e-001
 5.2589750e-001
 5.2595884e-001
 5.2603948e-001
 5.2613628e-001
 5.2624649e-001
 5.2636749e-001
 5.2649683e-001
 5.2663195e-001
 5.2676994e-001
 5.2690804e-001
 5.2704322e-001
 5.2717268e-001
 5.2729386e-001
 5.2740484e-001
 5.2750456e-001
 5.2759266e-001
 5.2766967e-001
 5.2773684e-001
 5.2779591e-001
 5.2784908e-001
 5.2789837e-001
 5.2794576e-001
 5.2799278e-001
 5.2804071e-001
 5.2809030e-001
 5.2814198e-001
 5.2819598e-001
 5.2825254e-001
 5.2831191e-001
 5.2837431e-001
 5.2844024e-001
 5.2851003e-001
 5.2858400e-001
 5.2866203e-001
 5.2874386e-001
 5.2882850e-001
 5.2891445e-001
 5.2899992e-001
 5.2908272e-001
 5.2916050e-001
 5.2923131e-001
 5.2929354e-001
 5.2934635e-001
 5.2938944e-001
 5.2942342e-001
 5.2944946e-001
 5.2946895e-001
 5.2948350e-001
 5.2949435e-001
 5.2950251e-001
 5.2950841e-001
 5.2951199e-001
 5.2951288e-001
 5.2951092e-001
 5.2950615e-001
 5.2949923e-001
 5.2949184e-001
 5.2948654e-001
 5.2948654e-001
 5.2949572e-001
 5.2951771e-001
 5.2955568e-001
 5.2961153e-001
 5.2968574e-001
 5.2977699e-001
 5.2988237e-001
 5.2999753e-001
 5.3011763e-001
 5.3023756e-001
 5.3035277e-001
 5.3045994e-001
 5.3055686e-001
 5.3064293e-001
 5.3071856e-001
 5.3078490e-001
 5.3084302e-001
 5.3089350e-001
 5.3093594e-001
 5.3096873e-001
 5.3098911e-001
 5.3099382e-001
 5.3097963e-001
 5.3094399e-001
 5.3088558e-001
 5.3080481e-001
 5.3070390e-001
 5.3058690e-001
 5.3045946e-001
 5.3032809e-001
 5.3019947e-001
 5.3007919e-001
 5.2997077e-001
 5.2987504e-001
 5.2978963e-001
 5.2970958e-001
 5.2962798e-001
 5.2953768e-001
 5.2943331e-001
 5.2931273e-001
 5.2917886e-001
 5.2903986e-001
 5.2890855e-001
 5.2880085e-001
 5.2873385e-001
 5.2872306e-001
 5.2878034e-001
 5.2891231e-001
 5.2911896e-001
 5.2939403e-001
 5.2972490e-001
 5.3009403e-001
 5.3048092e-001
 5.3086448e-001
 5.3122509e-001
 5.3154713e-001
 5.3181988e-001
 5.3203881e-001
 5.3220487e-001
 5.3232354e-001
 5.3240329e-001
 5.3245378e-001
 5.3248370e-001
 5.3249937e-001
 5.3250355e-001
 5.3249514e-001
 5.3246927e-001
 5.3241831e-001
 5.3233325e-001
 5.3220540e-001
 5.3202784e-001
 5.3179717e-001
 5.3151411e-001
 5.3118426e-001
 5.3081727e-001
 5.3042638e-001
 5.3002673e-001
 5.2963382e-001
 5.2926159e-001
 5.2892148e-001
 5.2862102e-001
 5.2836347e-001
 5.2814811e-001
 5.2797079e-001
 5.2782482e-001
 5.2770245e-001
 5.2759606e-001
 5.2749926e-001
 5.2740735e-001
 5.2731812e-001
 5.2723157e-001
 5.2714956e-001
 5.2707523e-001
 5.2701223e-001
 5.2696389e-001
 5.2693242e-001
 5.2691889e-001
 5.2692252e-001
 5.2694106e-001
 5.2697116e-001
 5.2700871e-001
 5.2704972e-001
 5.2709085e-001
 5.2712995e-001
 5.2716643e-001
 5.2720135e-001
 5.2723712e-001
 5.2727699e-001
 5.2732444e-001
 5.2738208e-001
 5.2745116e-001
 5.2753037e-001
 5.2761579e-001
 5.2770078e-001
 5.2777630e-001
 5.2783155e-001
 5.2785569e-001
 5.2783841e-001
 5.2777195e-001
 5.2765185e-001
 5.2747780e-001
 5.2725405e-001
 5.2698880e-001
 5.2669388e-001
 5.2638298e-001
 5.2607089e-001
 5.2577150e-001
 5.2549708e-001
 5.2525711e-001
 5.2505791e-001
 5.2490258e-001
 5.2479154e-001
 5.2472293e-001
 5.2469361e-001
 5.2469957e-001
 5.2473688e-001
 5.2480203e-001
 5.2489203e-001
 5.2500468e-001
 5.2513808e-001
 5.2529061e-001
 5.2546012e-001
 5.2564389e-001
 5.2583778e-001
 5.2603656e-001
 5.2623338e-001
 5.2642077e-001
 5.2659070e-001
 5.2673531e-001
 5.2684760e-001
 5.2692187e-001
 5.2695400e-001
 5.2694160e-001
 5.2688414e-001
 5.2678305e-001
 5.2664185e-001
 5.2646607e-001
 5.2626258e-001
 5.2603900e-001
 5.2580309e-001
 5.2556199e-001
 5.2532160e-001
 5.2508622e-001
 5.2485847e-001
 5.2462852e-001
 5.2441937e-001
 5.2421880e-001
 5.2402580e-001
 5.2383989e-001
 5.2366084e-001
 5.2348918e-001
 5.2332592e-001
 5.2317256e-001
 5.2303070e-001
 5.2290207e-001
 5.2278835e-001
 5.2269107e-001
 5.2261156e-001
 5.2255064e-001
 5.2250862e-001
 5.2248538e-001
 5.2248031e-001
 5.2249235e-001
 5.2252030e-001
 5.2256268e-001
 5.2261823e-001
 5.2268535e-001
 5.2276254e-001
 5.2284831e-001
 5.2294093e-001
 5.2303880e-001
 5.2314001e-001
 5.2324289e-001
 5.2334553e-001
 5.2344608e-001
 5.2354276e-001
 5.2363384e-001
 5.2371758e-001
 5.2379280e-001
 5.2385831e-001
 5.2391344e-001
 5.2395791e-001
 5.2399147e-001
 5.2401412e-001
 5.2402592e-001
 5.2402687e-001
 5.2401686e-001
 5.2399552e-001
 5.2396208e-001
 5.2391505e-001
 5.2385241e-001
 5.2377135e-001
 5.2366877e-001
 5.2354127e-001
 5.2338535e-001
 5.2319747e-001
 5.2297443e-001
 5.2271330e-001
 5.2241188e-001
 5.2206910e-001
 5.2168465e-001
 5.2125949e-001
 5.2079517e-001
 5.2029347e-001
 5.1975667e-001
 5.1918662e-001
 5.1858485e-001
 5.1795214e-001
 5.1728731e-001
 5.1658726e-001
 5.1584655e-001
 5.1505727e-001
 5.1421046e-001
 5.1329559e-001
 5.1230210e-001
 5.1121950e-001
 5.1003695e-001
 5.0874478e-001
 5.0733370e-001
 5.0579625e-001
 5.0412631e-001
 5.0231856e-001
 5.0036949e-001
 4.9827522e-001
 4.9603295e-001
 4.9364004e-001
 4.9109325e-001
 4.8839095e-001
 4.8553091e-001
 4.8251265e-001
 4.7933683e-001
 4.7600386e-001
 4.7251585e-001
 4.6887547e-001
 4.6508452e-001
 4.6114746e-001
 4.5706877e-001
 4.5285809e-001
 4.4853160e-001
 4.4411245e-001
 4.3963552e-001
 4.3514204e-001
 4.3068132e-001
 4.2630628e-001
 4.2206991e-001
 4.1802675e-001
 4.1422680e-001
 4.1071591e-001
 4.0753028e-001
 4.0469196e-001
 4.0221021e-001
 4.0008000e-001
 3.9828771e-001
 3.9681384e-001
 3.9563549e-001
 3.9472923e-001
 3.9407060e-001
 3.9363503e-001
 3.9339739e-001
 3.9333165e-001
 3.9341119e-001
 3.9360851e-001
 3.9389580e-001
 3.9424482e-001
 3.9462751e-001
 3.9501640e-001
 3.9538562e-001
 3.9571300e-001
 3.9598197e-001
 3.9618397e-001
 3.9631912e-001
 3.9639542e-001
 3.9642662e-001
 3.9643002e-001
 3.9642447e-001
 3.9642915e-001
 3.9646259e-001
 3.9654148e-001
 3.9667949e-001
 3.9688617e-001
 3.9716649e-001
 3.9752114e-001
 3.9794794e-001
 3.9844278e-001
 3.9900059e-001
 3.9961630e-001
 4.0028477e-001
 4.0100181e-001
 4.0176401e-001
 4.0256944e-001
 4.0341809e-001
 4.0431100e-001
 4.0525073e-001
 4.0624008e-001
 4.0728214e-001
 4.0838012e-001
 4.0953603e-001
 4.1075081e-001
 4.1202238e-001
 4.1334501e-001
 4.1470957e-001
 4.1610265e-001
 4.1750890e-001
 4.1891095e-001
 4.2029080e-001
 4.2163113e-001
 4.2291534e-001
 4.2412937e-001
 4.2526400e-001
 4.2631525e-001
 4.2728624e-001
 4.2818549e-001
 4.2902595e-001
 4.2982343e-001
 4.3059444e-001
 4.3135610e-001
 4.3212438e-001
 4.3291333e-001
 4.3373418e-001
 4.3459329e-001
 4.3549255e-001
 4.3642917e-001
 4.3739718e-001
 4.3838897e-001
 4.3939555e-001
 4.4040838e-001
 4.4141895e-001
 4.4242007e-001
 4.4340697e-001
 4.4437733e-001
 4.4533244e-001
 4.4627607e-001
 4.4721419e-001
 4.4815433e-001
 4.4910416e-001
 4.5007145e-001
 4.5106369e-001
 4.5208654e-001
 4.5314407e-001
 4.5423695e-001
 4.5536250e-001
 4.5651555e-001
 4.5768815e-001
 4.5887157e-001
 4.6005601e-001
 4.6123219e-001
 4.6239024e-001
 4.6352196e-001
 4.6462059e-001
 4.6568048e-001
 4.6669891e-001
 4.6767494e-001
 4.6860921e-001
 4.6950251e-001
 4.7035682e-001
 4.7117415e-001
 4.7195590e-001
 4.7270378e-001
 4.7341919e-001
 4.7410247e-001
 4.7475392e-001
 4.7537315e-001
 4.7595960e-001
 4.7651199e-001
 4.7702941e-001
 4.7751105e-001
 4.7795591e-001
 4.7836393e-001
 4.7873583e-001
 4.7907335e-001
 4.7937971e-001
 4.7965941e-001
 4.7991750e-001
 4.8015988e-001
 4.8039246e-001
 4.8062128e-001
 4.8085174e-001
 4.8108873e-001
 4.8133567e-001
 4.8159415e-001
 4.8186383e-001
 4.8214263e-001
 4.8242688e-001
 4.8271242e-001
 4.8299456e-001
 4.8326871e-001
 4.8353034e-001
 4.8377573e-001
 4.8400223e-001
 4.8420846e-001
 4.8439482e-001
 4.8456311e-001
 4.8471612e-001
 4.8485735e-001
 4.8499066e-001
 4.8511979e-001
 4.8524854e-001
 4.8538041e-001
 4.8551840e-001
 4.8566481e-001
 4.8582134e-001
 4.8598897e-001
 4.8616815e-001
 4.8635912e-001
 4.8656198e-001
 4.8677647e-001
 4.8700216e-001
 4.8723802e-001
 4.8748198e-001
 4.8773056e-001
 4.8797882e-001
 4.8822051e-001
 4.8844826e-001
 4.8865420e-001
 4.8883033e-001
 4.8896861e-001
 4.8906192e-001
 4.8910454e-001
 4.8909318e-001
 4.8902804e-001
 4.8891300e-001
 4.8875523e-001
 4.8856458e-001
 4.8835221e-001
 4.8812991e-001
 4.8790970e-001
 4.8770279e-001
 4.8751906e-001
 4.8736620e-001
 4.8724863e-001
 4.8716736e-001
 4.8712018e-001
 4.8710272e-001
 4.8710904e-001
 4.8713270e-001
 4.8716706e-001
 4.8720592e-001
 4.8724377e-001
 4.8727655e-001
 4.8730204e-001
 4.8732010e-001
 4.8733252e-001
 4.8734242e-001
 4.8735374e-001
 4.8737085e-001
 4.8739794e-001
 4.8743898e-001
 4.8749691e-001
 4.8757312e-001
 4.8766699e-001
 4.8777553e-001
 4.8789364e-001
 4.8801470e-001
 4.8813120e-001
 4.8823524e-001
 4.8831904e-001
 4.8837551e-001
 4.8839897e-001
 4.8838624e-001
 4.8833746e-001
 4.8825639e-001
 4.8815024e-001
 4.8802859e-001
 4.8790246e-001
 4.8778349e-001
 4.8768330e-001
 4.8761255e-001
 4.8758021e-001
 4.8759201e-001
 4.8764953e-001
 4.8774970e-001
 4.8788509e-001
 4.8804531e-001
 4.8821810e-001
 4.8839024e-001
 4.8854852e-001
 4.8868027e-001
 4.8877418e-001
 4.8882100e-001
 4.8881471e-001
 4.8875257e-001
 4.8863491e-001
 4.8846430e-001
 4.8824456e-001
 4.8798040e-001
 4.8767656e-001
 4.8733780e-001
 4.8696864e-001
 4.8657358e-001
 4.8615637e-001
 4.8572031e-001
 4.8526853e-001
 4.8480356e-001
 4.8432770e-001
 4.8384351e-001
 4.8335308e-001
 4.8285827e-001
 4.8236108e-001
 4.8186249e-001
 4.8136291e-001
 4.8086178e-001
 4.8035818e-001
 4.7985023e-001
 4.7933581e-001
 4.7881296e-001
 4.7827944e-001
 4.7773328e-001
 4.7717351e-001
 4.7659969e-001
 4.7601297e-001
 4.7541583e-001
 4.7481245e-001
 4.7420764e-001
 4.7360682e-001
 4.7301596e-001
 4.7244054e-001
 4.7188535e-001
 4.7135434e-001
 4.7084868e-001
 4.7036669e-001
 4.6990359e-001
 4.6945119e-001
 4.6899924e-001
 4.6853605e-001
 4.6804968e-001
 4.6752787e-001
 4.6695906e-001
 4.6633345e-001
 4.6564338e-001
 4.6488446e-001
 4.6405658e-001
 4.6316245e-001
 4.6220738e-001
 4.6119800e-001
 4.6014234e-001
 4.5904812e-001
 4.5792320e-001
 4.5677659e-001
 4.5561686e-001
 4.5445323e-001
 4.5329630e-001
 4.5215654e-001
 4.5104507e-001
 4.4997299e-001
 4.4895223e-001
 4.4799384e-001
 4.4710851e-001
 4.4630668e-001
 4.4559658e-001
 4.4498456e-001
 4.4447517e-001
 4.4407046e-001
 4.4377103e-001
 4.4357690e-001
 4.4348723e-001
 4.4350091e-001
 4.4361639e-001
 4.4383091e-001
 4.4414008e-001
 4.4453737e-001
 4.4501340e-001
 4.4555670e-001
 4.4615424e-001
 4.4679153e-001
 4.4745404e-001
 4.4812721e-001
 4.4879702e-001
 4.4945002e-001
 4.5007503e-001
 4.5066327e-001
 4.5120820e-001
 4.5170611e-001
 4.5215499e-001
 4.5255366e-001
 4.5290178e-001
 4.5319930e-001
 4.5344639e-001
 4.5364392e-001
 4.5379385e-001
 4.5389938e-001
 4.5396519e-001
 4.5399740e-001
 4.5400313e-001
 4.5398995e-001
 4.5396584e-001
 4.5393866e-001
 4.5391592e-001
 4.5390436e-001
 4.5390940e-001
 4.5393467e-001
 4.5398182e-001
 4.5405069e-001
 4.5413983e-001
 4.5424694e-001
 4.5436943e-001
 4.5450452e-001
 4.5464948e-001
 4.5480171e-001
 4.5495895e-001
 4.5511916e-001
 4.5528087e-001
 4.5544288e-001
 4.5560429e-001
 4.5576429e-001
 4.5592228e-001
 4.5607767e-001
 4.5622984e-001
 4.5637837e-001
 4.5652303e-001
 4.5666361e-001
 4.5680034e-001
 4.5693359e-001
 4.5706388e-001
 4.5719177e-001
 4.5731789e-001
 4.5744267e-001
 4.5756617e-001
 4.5768756e-001
 4.5780471e-001
 4.5791349e-001
 4.5800778e-001
 4.5807949e-001
 4.5811921e-001
 4.5811668e-001
 4.5806143e-001
 4.5794314e-001
 4.5775276e-001
 4.5748332e-001
 4.5713151e-001
 4.5669931e-001
 4.5619419e-001
 4.5562848e-001
 4.5501876e-001
 4.5438334e-001
 4.5374164e-001
 4.5311287e-001
 4.5251572e-001
 4.5196599e-001
 4.5147553e-001
 4.5105109e-001
 4.5069304e-001
 4.5039636e-001
 4.5015228e-001
 4.4994932e-001
 4.4977507e-001
 4.4961697e-001
 4.4946298e-001
 4.4930258e-001
 4.4912782e-001
 4.4893426e-001
 4.4872117e-001
 4.4849133e-001
 4.4825020e-001
 4.4800457e-001
 4.4776198e-001
 4.4753006e-001
 4.4731587e-001
 4.4712508e-001
 4.4696131e-001
 4.4682527e-001
 4.4671425e-001
 4.4662267e-001
 4.4654286e-001
 4.4646570e-001
 4.4638151e-001
 4.4628051e-001
 4.4615296e-001
 4.4598964e-001
 4.4578201e-001
 4.4552267e-001
 4.4520530e-001
 4.4482452e-001
 4.4437602e-001
 4.4385570e-001
 4.4325978e-001
 4.4258535e-001
 4.4183016e-001
 4.4099388e-001
 4.4008023e-001
 4.3909681e-001
 4.3805656e-001
 4.3697673e-001
 4.3587860e-001
 4.3478471e-001
 4.3371835e-001
 4.3270338e-001
 4.3176153e-001
 4.3091157e-001
 4.3016800e-001
 4.2953789e-001
 4.2902121e-001
 4.2861101e-001
 4.2829567e-001
 4.2806011e-001
 4.2788801e-001
 4.2776263e-001
 4.2766762e-001
 4.2758790e-001
 4.2751056e-001
 4.2742580e-001
 4.2732704e-001
 4.2721093e-001
 4.2707607e-001
 4.2692247e-001
 4.2675057e-001
 4.2656112e-001
 4.2635465e-001
 4.2613122e-001
 4.2589039e-001
 4.2563072e-001
 4.2534971e-001
 4.2504415e-001
 4.2470992e-001
 4.2434251e-001
 4.2393720e-001
 4.2348951e-001
 4.2299479e-001
 4.2244855e-001
 4.2184693e-001
 4.2121133e-001
 4.2065778e-001
 4.1987687e-001
 4.1905558e-001
 4.1820371e-001
 4.1733143e-001
 4.1644847e-001
 4.1556543e-001
 4.1469204e-001
 4.1383836e-001
 4.1301447e-001
 4.1222924e-001
 4.1148281e-001
 4.1076958e-001
 4.1008413e-001
 4.0942103e-001
 4.0877509e-001
 4.0814075e-001
 4.0751261e-001
 4.0688518e-001
 4.0625334e-001
 4.0561149e-001
 4.0495428e-001
 4.0427610e-001
 4.0357193e-001
 4.0283674e-001
 4.0207070e-001
 4.0127674e-001
 4.0045753e-001
 3.9961642e-001
 3.9875612e-001
 3.9787954e-001
 3.9698941e-001
 3.9608911e-001
 3.9518130e-001
 3.9426887e-001
 3.9335456e-001
 3.9244175e-001
 3.9153311e-001
 3.9063156e-001
 3.8974005e-001
 3.8886121e-001
 3.8799846e-001
 3.8715425e-001
 3.8632882e-001
 3.8552096e-001
 3.8473016e-001
 3.8395521e-001
 3.8319510e-001
 3.8244870e-001
 3.8171539e-001
 3.8099396e-001
 3.8028350e-001
 3.7958300e-001
 3.7889129e-001
 3.7820768e-001
 3.7753114e-001
 3.7686056e-001
 3.7619492e-001
 3.7553346e-001
 3.7487510e-001
 3.7421879e-001
 3.7356347e-001
 3.7290841e-001
 3.7225252e-001
 3.7159482e-001
 3.7093526e-001
 3.7027454e-001
 3.6961296e-001
 3.6895090e-001
 3.6828893e-001
 3.6762720e-001
 3.6696655e-001
 3.6630717e-001
 3.6564955e-001
 3.6499399e-001
 3.6434126e-001
 3.6369163e-001
 3.6304545e-001
 3.6240315e-001
 3.6176535e-001
 3.6113241e-001
 3.6050478e-001
 3.5988286e-001
 3.5926694e-001
 3.5865775e-001
 3.5805562e-001
 3.5746098e-001
 3.5687411e-001
 3.5629573e-001
 3.5572615e-001
 3.5516575e-001
 3.5461447e-001
 3.5407251e-001
 3.5353953e-001
 3.5301548e-001
 3.5250023e-001
 3.5199356e-001
 3.5149556e-001
 3.5100606e-001
 3.5052484e-001
 3.5005179e-001
 3.4958699e-001
 3.4913018e-001
 3.4868124e-001
 3.4824002e-001
 3.4780654e-001
 3.4738061e-001
 3.4696215e-001
 3.4655088e-001
 3.4614703e-001
 3.4575018e-001
 3.4536034e-001
 3.4497738e-001
 3.4460109e-001
 3.4423155e-001
 3.4386855e-001
 3.4351197e-001
 3.4316158e-001
 3.4281754e-001
 3.4247953e-001
 3.4214756e-001
 3.4182149e-001
 3.4150156e-001
 3.4118778e-001
