s07_ASD Record=12963: Chlorite+Muscovite CU93-65A  ASDNGa AREF
-1.2300000e+034
 9.5823117e-002
 9.6792579e-002
 9.8164394e-002
 9.9586628e-002
 1.0018101e-001
 1.0059834e-001
 1.0114802e-001
 1.0191768e-001
 1.0273986e-001
 1.0305423e-001
 1.0336232e-001
 1.0437740e-001
 1.0475232e-001
 1.0513913e-001
 1.0575315e-001
 1.0612822e-001
 1.0637348e-001
 1.0669868e-001
 1.0714246e-001
 1.0720470e-001
 1.0721681e-001
 1.0733248e-001
 1.0761305e-001
 1.0821945e-001
 1.0881777e-001
 1.0922661e-001
 1.0949823e-001
 1.0999930e-001
 1.1052687e-001
 1.1088131e-001
 1.1128057e-001
 1.1181228e-001
 1.1238670e-001
 1.1284424e-001
 1.1330454e-001
 1.1379324e-001
 1.1430060e-001
 1.1478721e-001
 1.1520484e-001
 1.1562548e-001
 1.1611012e-001
 1.1657537e-001
 1.1713884e-001
 1.1767675e-001
 1.1798732e-001
 1.1848763e-001
 1.1902072e-001
 1.1945616e-001
 1.1979435e-001
 1.2018718e-001
 1.2060478e-001
 1.2097999e-001
 1.2131050e-001
 1.2164266e-001
 1.2196501e-001
 1.2223613e-001
 1.2250321e-001
 1.2284497e-001
 1.2326322e-001
 1.2363303e-001
 1.2400773e-001
 1.2438023e-001
 1.2474348e-001
 1.2515865e-001
 1.2557147e-001
 1.2596643e-001
 1.2635969e-001
 1.2672502e-001
 1.2707129e-001
 1.2742005e-001
 1.2780005e-001
 1.2823676e-001
 1.2870306e-001
 1.2916446e-001
 1.2966162e-001
 1.3016637e-001
 1.3066858e-001
 1.3117902e-001
 1.3167265e-001
 1.3217185e-001
 1.3269430e-001
 1.3322034e-001
 1.3377450e-001
 1.3434573e-001
 1.3490796e-001
 1.3545673e-001
 1.3599262e-001
 1.3651827e-001
 1.3703668e-001
 1.3753371e-001
 1.3802284e-001
 1.3851312e-001
 1.3897738e-001
 1.3941970e-001
 1.3984138e-001
 1.4024216e-001
 1.4061597e-001
 1.4095174e-001
 1.4124851e-001
 1.4152202e-001
 1.4178847e-001
 1.4203589e-001
 1.4225091e-001
 1.4246643e-001
 1.4266606e-001
 1.4284940e-001
 1.4303158e-001
 1.4318265e-001
 1.4331824e-001
 1.4345489e-001
 1.4358829e-001
 1.4373022e-001
 1.4387050e-001
 1.4399707e-001
 1.4415164e-001
 1.4431532e-001
 1.4447977e-001
 1.4465693e-001
 1.4484338e-001
 1.4504008e-001
 1.4524744e-001
 1.4546467e-001
 1.4567751e-001
 1.4590402e-001
 1.4617576e-001
 1.4642875e-001
 1.4668927e-001
 1.4697529e-001
 1.4726940e-001
 1.4757021e-001
 1.4788447e-001
 1.4821772e-001
 1.4855349e-001
 1.4890289e-001
 1.4926526e-001
 1.4962725e-001
 1.4999843e-001
 1.5036586e-001
 1.5072240e-001
 1.5108578e-001
 1.5142949e-001
 1.5175848e-001
 1.5209380e-001
 1.5244983e-001
 1.5282643e-001
 1.5322784e-001
 1.5366657e-001
 1.5413845e-001
 1.5463488e-001
 1.5514761e-001
 1.5567671e-001
 1.5620197e-001
 1.5672314e-001
 1.5725203e-001
 1.5778142e-001
 1.5830100e-001
 1.5880626e-001
 1.5930493e-001
 1.5979601e-001
 1.6028537e-001
 1.6077866e-001
 1.6126235e-001
 1.6174936e-001
 1.6224115e-001
 1.6272406e-001
 1.6320619e-001
 1.6369222e-001
 1.6417724e-001
 1.6463141e-001
 1.6507496e-001
 1.6551165e-001
 1.6593628e-001
 1.6634960e-001
 1.6675428e-001
 1.6715395e-001
 1.6755460e-001
 1.6793968e-001
 1.6832276e-001
 1.6872148e-001
 1.6912758e-001
 1.6952142e-001
 1.6990043e-001
 1.7027684e-001
 1.7065094e-001
 1.7102788e-001
 1.7140676e-001
 1.7177224e-001
 1.7213044e-001
 1.7249009e-001
 1.7285459e-001
 1.7318192e-001
 1.7350632e-001
 1.7383692e-001
 1.7414214e-001
 1.7444177e-001
 1.7472850e-001
 1.7499316e-001
 1.7524211e-001
 1.7547612e-001
 1.7569508e-001
 1.7589849e-001
 1.7609024e-001
 1.7627007e-001
 1.7643440e-001
 1.7657360e-001
 1.7671123e-001
 1.7683929e-001
 1.7694061e-001
 1.7702244e-001
 1.7708434e-001
 1.7714109e-001
 1.7722310e-001
 1.7730848e-001
 1.7738453e-001
 1.7744245e-001
 1.7748079e-001
 1.7749378e-001
 1.7747718e-001
 1.7743245e-001
 1.7739798e-001
 1.7736524e-001
 1.7732246e-001
 1.7726301e-001
 1.7720369e-001
 1.7713270e-001
 1.7703448e-001
 1.7692226e-001
 1.7680067e-001
 1.7667142e-001
 1.7653406e-001
 1.7639203e-001
 1.7625502e-001
 1.7612571e-001
 1.7599238e-001
 1.7583510e-001
 1.7565835e-001
 1.7547841e-001
 1.7529717e-001
 1.7512186e-001
 1.7495091e-001
 1.7476985e-001
 1.7458668e-001
 1.7438841e-001
 1.7416559e-001
 1.7393592e-001
 1.7370592e-001
 1.7347325e-001
 1.7322950e-001
 1.7297536e-001
 1.7270872e-001
 1.7243837e-001
 1.7219527e-001
 1.7195098e-001
 1.7169531e-001
 1.7142999e-001
 1.7117940e-001
 1.7093629e-001
 1.7068769e-001
 1.7041722e-001
 1.7014338e-001
 1.6986570e-001
 1.6958702e-001
 1.6933125e-001
 1.6907072e-001
 1.6880789e-001
 1.6855861e-001
 1.6831249e-001
 1.6806215e-001
 1.6780491e-001
 1.6754468e-001
 1.6728117e-001
 1.6702683e-001
 1.6678706e-001
 1.6653018e-001
 1.6626897e-001
 1.6601150e-001
 1.6576044e-001
 1.6550894e-001
 1.6526304e-001
 1.6502461e-001
 1.6478585e-001
 1.6454226e-001
 1.6429494e-001
 1.6404936e-001
 1.6381286e-001
 1.6357486e-001
 1.6332947e-001
 1.6307811e-001
 1.6282290e-001
 1.6257405e-001
 1.6233684e-001
 1.6210528e-001
 1.6187404e-001
 1.6164488e-001
 1.6142000e-001
 1.6117612e-001
 1.6092780e-001
 1.6068628e-001
 1.6045584e-001
 1.6023323e-001
 1.6001020e-001
 1.5978196e-001
 1.5955330e-001
 1.5933059e-001
 1.5911666e-001
 1.5890945e-001
 1.5869641e-001
 1.5848619e-001
 1.5828604e-001
 1.5809622e-001
 1.5789191e-001
 1.5767969e-001
 1.5747465e-001
 1.5728518e-001
 1.5708888e-001
 1.5688103e-001
 1.5667194e-001
 1.5647852e-001
 1.5630028e-001
 1.5612927e-001
 1.5595058e-001
 1.5575975e-001
 1.5556772e-001
 1.5538742e-001
 1.5521225e-001
 1.5504247e-001
 1.5487379e-001
 1.5469919e-001
 1.5452358e-001
 1.5435728e-001
 1.5420300e-001
 1.5404594e-001
 1.5389036e-001
 1.5374444e-001
 1.5361527e-001
 1.5349349e-001
 1.5336736e-001
 1.5323724e-001
 1.5311418e-001
 1.5297726e-001
 1.5284038e-001
 1.5271638e-001
 1.5260254e-001
 1.5248540e-001
 1.5236740e-001
 1.5225743e-001
 1.5215838e-001
 1.5206444e-001
 1.5197349e-001
 1.5188655e-001
 1.5179515e-001
 1.5169950e-001
 1.5160188e-001
 1.5150119e-001
 1.5141733e-001
 1.5134962e-001
 1.5128943e-001
 1.5124206e-001
 1.5118618e-001
 1.5111998e-001
 1.5106231e-001
 1.5100178e-001
 1.5094273e-001
 1.5088995e-001
 1.5084259e-001
 1.5079582e-001
 1.5074371e-001
 1.5068445e-001
 1.5063663e-001
 1.5060353e-001
 1.5058018e-001
 1.5055522e-001
 1.5053615e-001
 1.5052153e-001
 1.5050852e-001
 1.5049423e-001
 1.5048997e-001
 1.5048462e-001
 1.5046367e-001
 1.5044163e-001
 1.5043016e-001
 1.5043584e-001
 1.5045884e-001
 1.5047632e-001
 1.5048994e-001
 1.5050364e-001
 1.5051609e-001
 1.5053123e-001
 1.5055089e-001
 1.5057407e-001
 1.5059106e-001
 1.5061343e-001
 1.5064077e-001
 1.5066387e-001
 1.5069011e-001
 1.5072973e-001
 1.5078379e-001
 1.5083848e-001
 1.5089758e-001
 1.5096414e-001
 1.5103775e-001
 1.5110730e-001
 1.5116321e-001
 1.5121280e-001
 1.5127200e-001
 1.5132818e-001
 1.5138091e-001
 1.5143278e-001
 1.5148838e-001
 1.5154405e-001
 1.5159510e-001
 1.5163988e-001
 1.5168394e-001
 1.5172952e-001
 1.5177809e-001
 1.5183136e-001
 1.5189627e-001
 1.5195814e-001
 1.5200877e-001
 1.5205017e-001
 1.5211497e-001
 1.5219164e-001
 1.5226665e-001
 1.5233922e-001
 1.5239967e-001
 1.5245321e-001
 1.5250692e-001
 1.5255468e-001
 1.5259665e-001
 1.5263569e-001
 1.5267548e-001
 1.5271376e-001
 1.5275326e-001
 1.5279472e-001
 1.5283613e-001
 1.5287365e-001
 1.5290290e-001
 1.5292127e-001
 1.5292922e-001
 1.5293932e-001
 1.5295726e-001
 1.5298228e-001
 1.5300384e-001
 1.5300837e-001
 1.5299733e-001
 1.5298542e-001
 1.5298799e-001
 1.5298645e-001
 1.5297583e-001
 1.5297671e-001
 1.5295954e-001
 1.5292178e-001
 1.5287112e-001
 1.5282270e-001
 1.5277088e-001
 1.5271589e-001
 1.5266056e-001
 1.5260935e-001
 1.5255423e-001
 1.5248992e-001
 1.5241566e-001
 1.5234573e-001
 1.5226743e-001
 1.5218288e-001
 1.5211810e-001
 1.5204361e-001
 1.5196066e-001
 1.5187043e-001
 1.5175392e-001
 1.5162592e-001
 1.5150839e-001
 1.5141474e-001
 1.5131339e-001
 1.5119547e-001
 1.5106089e-001
 1.5091833e-001
 1.5078992e-001
 1.5066850e-001
 1.5054640e-001
 1.5041997e-001
 1.5028878e-001
 1.5014374e-001
 1.4998853e-001
 1.4985263e-001
 1.4972383e-001
 1.4959012e-001
 1.4944275e-001
 1.4928478e-001
 1.4912596e-001
 1.4896360e-001
 1.4879330e-001
 1.4863461e-001
 1.4847858e-001
 1.4832075e-001
 1.4816234e-001
 1.4800704e-001
 1.4785142e-001
 1.4769618e-001
 1.4754760e-001
 1.4739783e-001
 1.4723893e-001
 1.4707024e-001
 1.4690536e-001
 1.4674006e-001
 1.4658028e-001
 1.4643116e-001
 1.4628802e-001
 1.4613889e-001
 1.4598571e-001
 1.4583728e-001
 1.4570379e-001
 1.4555953e-001
 1.4540477e-001
 1.4525737e-001
 1.4510462e-001
 1.4495008e-001
 1.4480478e-001
 1.4468318e-001
 1.4457414e-001
 1.4446586e-001
 1.4435178e-001
 1.4423402e-001
 1.4411326e-001
 1.4399725e-001
 1.4389177e-001
 1.4379528e-001
 1.4370281e-001
 1.4360757e-001
 1.4350705e-001
 1.4341271e-001
 1.4331621e-001
 1.4322348e-001
 1.4314212e-001
 1.4305755e-001
 1.4296459e-001
 1.4286762e-001
 1.4277607e-001
 1.4268591e-001
 1.4261408e-001
 1.4255896e-001
 1.4250255e-001
 1.4244938e-001
 1.4240117e-001
 1.4235207e-001
 1.4228888e-001
 1.4221753e-001
 1.4216149e-001
 1.4213063e-001
 1.4210841e-001
 1.4207722e-001
 1.4203714e-001
 1.4199792e-001
 1.4197679e-001
 1.4194943e-001
 1.4192776e-001
 1.4192407e-001
 1.4192161e-001
 1.4192046e-001
 1.4192110e-001
 1.4192393e-001
 1.4192684e-001
 1.4192382e-001
 1.4191988e-001
 1.4192404e-001
 1.4193863e-001
 1.4195758e-001
 1.4197674e-001
 1.4199340e-001
 1.4200215e-001
 1.4201431e-001
 1.4203636e-001
 1.4206965e-001
 1.4211617e-001
 1.4215489e-001
 1.4218961e-001
 1.4224145e-001
 1.4228415e-001
 1.4233315e-001
 1.4239661e-001
 1.4246826e-001
 1.4251722e-001
 1.4257005e-001
 1.4263520e-001
 1.4269386e-001
 1.4275478e-001
 1.4281376e-001
 1.4286871e-001
 1.4292358e-001
 1.4299901e-001
 1.4307410e-001
 1.4314280e-001
 1.4322798e-001
 1.4330281e-001
 1.4336699e-001
 1.4342420e-001
 1.4347622e-001
 1.4353627e-001
 1.4360274e-001
 1.4366534e-001
 1.4370807e-001
 1.4377640e-001
 1.4384158e-001
 1.4389125e-001
 1.4396723e-001
 1.4405154e-001
 1.4413749e-001
 1.4421503e-001
 1.4426675e-001
 1.4431444e-001
 1.4437003e-001
 1.4443846e-001
 1.4451651e-001
 1.4457582e-001
 1.4464594e-001
 1.4474481e-001
 1.4484456e-001
 1.4494015e-001
 1.4504381e-001
 1.4515214e-001
 1.4522803e-001
 1.4531738e-001
 1.4540485e-001
 1.4548074e-001
 1.4556958e-001
 1.4564542e-001
 1.4571932e-001
 1.4579950e-001
 1.4587539e-001
 1.4595407e-001
 1.4604351e-001
 1.4614107e-001
 1.4622794e-001
 1.4628443e-001
 1.4632949e-001
 1.4638115e-001
 1.4643987e-001
 1.4647281e-001
 1.4651151e-001
 1.4656876e-001
 1.4661755e-001
 1.4662960e-001
 1.4665484e-001
 1.4671083e-001
 1.4676400e-001
 1.4680637e-001
 1.4685720e-001
 1.4691854e-001
 1.4696997e-001
 1.4698780e-001
 1.4700301e-001
 1.4706002e-001
 1.4709789e-001
 1.4713404e-001
 1.4716820e-001
 1.4720023e-001
 1.4723006e-001
 1.4725778e-001
 1.4728360e-001
 1.4730783e-001
 1.4733085e-001
 1.4735302e-001
 1.4737463e-001
 1.4739583e-001
 1.4741665e-001
 1.4743695e-001
 1.4745648e-001
 1.4747496e-001
 1.4749210e-001
 1.4750767e-001
 1.4752156e-001
 1.4753377e-001
 1.4754446e-001
 1.4755379e-001
 1.4756191e-001
 1.4756894e-001
 1.4757496e-001
 1.4757992e-001
 1.4758378e-001
 1.4758646e-001
 1.4758800e-001
 1.4758846e-001
 1.4758801e-001
 1.4758693e-001
 1.4758548e-001
 1.4758389e-001
 1.4758232e-001
 1.4758077e-001
 1.4757915e-001
 1.4757727e-001
 1.4757493e-001
 1.4757198e-001
 1.4756837e-001
 1.4756414e-001
 1.4755937e-001
 1.4755414e-001
 1.4754853e-001
 1.4754245e-001
 1.4753583e-001
 1.4752848e-001
 1.4752027e-001
 1.4751104e-001
 1.4750069e-001
 1.4748923e-001
 1.4747661e-001
 1.4746289e-001
 1.4744809e-001
 1.4743228e-001
 1.4741558e-001
 1.4739810e-001
 1.4738007e-001
 1.4736170e-001
 1.4734326e-001
 1.4732508e-001
 1.4730747e-001
 1.4729074e-001
 1.4727518e-001
 1.4726107e-001
 1.4724864e-001
 1.4723811e-001
 1.4722964e-001
 1.4722332e-001
 1.4721926e-001
 1.4721745e-001
 1.4721791e-001
 1.4722061e-001
 1.4722542e-001
 1.4723222e-001
 1.4724077e-001
 1.4725083e-001
 1.4726210e-001
 1.4727430e-001
 1.4728719e-001
 1.4730053e-001
 1.4731413e-001
 1.4732789e-001
 1.4734165e-001
 1.4735535e-001
 1.4736888e-001
 1.4738229e-001
 1.4739564e-001
 1.4740919e-001
 1.4742325e-001
 1.4743832e-001
 1.4745492e-001
 1.4747356e-001
 1.4749464e-001
 1.4751841e-001
 1.4754489e-001
 1.4757389e-001
 1.4760508e-001
 1.4763802e-001
 1.4767233e-001
 1.4770763e-001
 1.4774369e-001
 1.4778045e-001
 1.4781792e-001
 1.4785625e-001
 1.4789562e-001
 1.4793622e-001
 1.4797823e-001
 1.4802176e-001
 1.4806682e-001
 1.4811337e-001
 1.4816129e-001
 1.4821047e-001
 1.4826073e-001
 1.4831194e-001
 1.4836405e-001
 1.4841701e-001
 1.4847079e-001
 1.4852540e-001
 1.4858086e-001
 1.4863718e-001
 1.4869432e-001
 1.4875233e-001
 1.4881125e-001
 1.4887118e-001
 1.4893222e-001
 1.4899452e-001
 1.4905821e-001
 1.4912334e-001
 1.4918998e-001
 1.4925815e-001
 1.4932793e-001
 1.4939946e-001
 1.4947295e-001
 1.4954875e-001
 1.4962727e-001
 1.4970890e-001
 1.4979394e-001
 1.4988254e-001
 1.4997469e-001
 1.5007019e-001
 1.5016872e-001
 1.5026985e-001
 1.5037327e-001
 1.5047860e-001
 1.5058565e-001
 1.5069427e-001
 1.5080434e-001
 1.5091592e-001
 1.5102898e-001
 1.5114354e-001
 1.5125960e-001
 1.5137710e-001
 1.5149604e-001
 1.5161631e-001
 1.5173784e-001
 1.5186052e-001
 1.5198429e-001
 1.5210910e-001
 1.5223488e-001
 1.5236168e-001
 1.5248948e-001
 1.5261836e-001
 1.5274847e-001
 1.5287994e-001
 1.5301295e-001
 1.5314782e-001
 1.5328480e-001
 1.5342423e-001
 1.5356638e-001
 1.5371138e-001
 1.5385935e-001
 1.5401016e-001
 1.5416361e-001
 1.5431932e-001
 1.5447685e-001
 1.5463583e-001
 1.5479584e-001
 1.5495668e-001
 1.5511820e-001
 1.5528040e-001
 1.5544346e-001
 1.5560757e-001
 1.5577306e-001
 1.5594019e-001
 1.5610921e-001
 1.5628037e-001
 1.5645373e-001
 1.5662926e-001
 1.5680686e-001
 1.5698619e-001
 1.5716697e-001
 1.5734877e-001
 1.5753114e-001
 1.5771382e-001
 1.5789652e-001
 1.5807927e-001
 1.5826210e-001
 1.5844530e-001
 1.5862928e-001
 1.5881449e-001
 1.5900140e-001
 1.5919037e-001
 1.5938169e-001
 1.5957551e-001
 1.5977180e-001
 1.5997054e-001
 1.6017155e-001
 1.6037466e-001
 1.6057977e-001
 1.6078678e-001
 1.6099556e-001
 1.6120605e-001
 1.6141813e-001
 1.6163169e-001
 1.6184661e-001
 1.6206275e-001
 1.6228011e-001
 1.6249867e-001
 1.6271859e-001
 1.6294003e-001
 1.6316314e-001
 1.6338819e-001
 1.6361524e-001
 1.6384438e-001
 1.6407549e-001
 1.6430838e-001
 1.6454290e-001
 1.6477869e-001
 1.6501561e-001
 1.6525340e-001
 1.6549188e-001
 1.6573100e-001
 1.6597061e-001
 1.6621070e-001
 1.6645111e-001
 1.6669177e-001
 1.6693264e-001
 1.6717370e-001
 1.6741499e-001
 1.6765673e-001
 1.6789918e-001
 1.6814275e-001
 1.6838786e-001
 1.6863488e-001
 1.6888419e-001
 1.6913591e-001
 1.6939010e-001
 1.6964650e-001
 1.6990475e-001
 1.7016441e-001
 1.7042491e-001
 1.7068580e-001
 1.7094664e-001
 1.7120712e-001
 1.7146713e-001
 1.7172666e-001
 1.7198594e-001
 1.7224520e-001
 1.7250478e-001
 1.7276514e-001
 1.7302656e-001
 1.7328928e-001
 1.7355348e-001
 1.7381907e-001
 1.7408590e-001
 1.7435366e-001
 1.7462192e-001
 1.7489044e-001
 1.7515884e-001
 1.7542703e-001
 1.7569493e-001
 1.7596257e-001
 1.7623013e-001
 1.7649768e-001
 1.7676543e-001
 1.7703341e-001
 1.7730162e-001
 1.7757012e-001
 1.7783883e-001
 1.7810780e-001
 1.7837697e-001
 1.7864633e-001
 1.7891598e-001
 1.7918588e-001
 1.7945616e-001
 1.7972676e-001
 1.7999764e-001
 1.8026873e-001
 1.8053989e-001
 1.8081090e-001
 1.8108168e-001
 1.8135209e-001
 1.8162222e-001
 1.8189220e-001
 1.8216228e-001
 1.8243293e-001
 1.8270454e-001
 1.8297762e-001
 1.8325253e-001
 1.8352954e-001
 1.8380888e-001
 1.8409051e-001
 1.8437439e-001
 1.8466021e-001
 1.8494761e-001
 1.8523623e-001
 1.8552557e-001
 1.8581533e-001
 1.8610524e-001
 1.8639514e-001
 1.8668519e-001
 1.8697560e-001
 1.8726669e-001
 1.8755893e-001
 1.8785268e-001
 1.8814835e-001
 1.8844610e-001
 1.8874598e-001
 1.8904795e-001
 1.8935171e-001
 1.8965697e-001
 1.8996328e-001
 1.9027020e-001
 1.9057743e-001
 1.9088469e-001
 1.9119196e-001
 1.9149919e-001
 1.9180645e-001
 1.9211391e-001
 1.9242148e-001
 1.9272913e-001
 1.9303653e-001
 1.9334324e-001
 1.9364883e-001
 1.9395277e-001
 1.9425455e-001
 1.9455394e-001
 1.9485070e-001
 1.9514492e-001
 1.9543672e-001
 1.9572634e-001
 1.9601424e-001
 1.9630080e-001
 1.9658655e-001
 1.9687197e-001
 1.9715747e-001
 1.9744352e-001
 1.9773038e-001
 1.9801830e-001
 1.9830729e-001
 1.9859719e-001
 1.9888781e-001
 1.9917862e-001
 1.9946916e-001
 1.9975871e-001
 2.0004651e-001
 2.0033196e-001
 2.0061433e-001
 2.0089324e-001
 2.0116828e-001
 2.0143928e-001
 2.0170622e-001
 2.0196898e-001
 2.0222741e-001
 2.0248121e-001
 2.0272969e-001
 2.0297199e-001
 2.0320685e-001
 2.0343278e-001
 2.0364812e-001
 2.0385095e-001
 2.0403923e-001
 2.0421058e-001
 2.0436212e-001
 2.0449035e-001
 2.0459062e-001
 2.0465700e-001
 2.0468192e-001
 2.0465599e-001
 2.0456810e-001
 2.0440570e-001
 2.0415515e-001
 2.0380273e-001
 2.0333540e-001
 2.0274176e-001
 2.0201333e-001
 2.0114550e-001
 2.0013785e-001
 1.9899544e-001
 1.9772783e-001
 1.9634981e-001
 1.9488025e-001
 1.9334051e-001
 1.9175453e-001
 1.9014613e-001
 1.8853936e-001
 1.8695718e-001
 1.8542074e-001
 1.8395077e-001
 1.8256673e-001
 1.8128887e-001
 1.8013844e-001
 1.7913803e-001
 1.7831279e-001
 1.7768922e-001
 1.7729509e-001
 1.7715739e-001
 1.7730035e-001
 1.7774293e-001
 1.7849644e-001
 1.7956194e-001
 1.8092868e-001
 1.8257417e-001
 1.8446381e-001
 1.8655311e-001
 1.8879129e-001
 1.9112299e-001
 1.9349401e-001
 1.9585276e-001
 1.9815379e-001
 2.0036060e-001
 2.0244449e-001
 2.0438686e-001
 2.0617662e-001
 2.0780994e-001
 2.0928933e-001
 2.1062084e-001
 2.1181419e-001
 2.1288049e-001
 2.1383180e-001
 2.1468081e-001
 2.1543966e-001
 2.1612047e-001
 2.1673438e-001
 2.1729195e-001
 2.1780302e-001
 2.1827634e-001
 2.1871968e-001
 2.1913986e-001
 2.1954241e-001
 2.1993198e-001
 2.2031201e-001
 2.2068515e-001
 2.2105338e-001
 2.2141793e-001
 2.2177982e-001
 2.2213963e-001
 2.2249778e-001
 2.2285469e-001
 2.2321054e-001
 2.2356561e-001
 2.2391994e-001
 2.2427347e-001
 2.2462615e-001
 2.2497772e-001
 2.2532801e-001
 2.2567680e-001
 2.2602397e-001
 2.2636965e-001
 2.2671403e-001
 2.2705747e-001
 2.2740050e-001
 2.2774355e-001
 2.2808714e-001
 2.2843154e-001
 2.2877677e-001
 2.2912282e-001
 2.2946925e-001
 2.2981562e-001
 2.3016120e-001
 2.3050520e-001
 2.3084682e-001
 2.3118521e-001
 2.3151964e-001
 2.3184943e-001
 2.3217399e-001
 2.3249304e-001
 2.3280631e-001
 2.3311388e-001
 2.3341587e-001
 2.3371254e-001
 2.3400429e-001
 2.3429142e-001
 2.3457433e-001
 2.3485321e-001
 2.3512810e-001
 2.3539904e-001
 2.3566586e-001
 2.3592839e-001
 2.3618658e-001
 2.3644039e-001
 2.3669003e-001
 2.3693582e-001
 2.3717816e-001
 2.3741770e-001
 2.3765498e-001
 2.3789069e-001
 2.3812543e-001
 2.3835978e-001
 2.3859429e-001
 2.3882940e-001
 2.3906551e-001
 2.3930286e-001
 2.3954152e-001
 2.3978153e-001
 2.4002267e-001
 2.4026471e-001
 2.4050723e-001
 2.4074969e-001
 2.4099158e-001
 2.4123234e-001
 2.4147138e-001
 2.4170832e-001
 2.4194287e-001
 2.4217504e-001
 2.4240507e-001
 2.4263348e-001
 2.4286112e-001
 2.4308892e-001
 2.4331796e-001
 2.4354915e-001
 2.4378319e-001
 2.4402052e-001
 2.4426118e-001
 2.4450497e-001
 2.4475141e-001
 2.4499989e-001
 2.4524988e-001
 2.4550091e-001
 2.4575283e-001
 2.4600562e-001
 2.4625953e-001
 2.4651501e-001
 2.4677253e-001
 2.4703266e-001
 2.4729584e-001
 2.4756238e-001
 2.4783257e-001
 2.4810646e-001
 2.4838400e-001
 2.4866511e-001
 2.4894944e-001
 2.4923673e-001
 2.4952652e-001
 2.4981834e-001
 2.5011188e-001
 2.5040668e-001
 2.5070262e-001
 2.5099957e-001
 2.5129753e-001
 2.5159669e-001
 2.5189713e-001
 2.5219908e-001
 2.5250274e-001
 2.5280827e-001
 2.5311598e-001
 2.5342613e-001
 2.5373924e-001
 2.5405580e-001
 2.5437626e-001
 2.5470120e-001
 2.5503093e-001
 2.5536549e-001
 2.5570482e-001
 2.5604841e-001
 2.5639579e-001
 2.5674623e-001
 2.5709906e-001
 2.5745380e-001
 2.5781006e-001
 2.5816771e-001
 2.5852674e-001
 2.5888729e-001
 2.5924957e-001
 2.5961372e-001
 2.5997993e-001
 2.6034814e-001
 2.6071820e-001
 2.6108995e-001
 2.6146296e-001
 2.6183689e-001
 2.6221126e-001
 2.6258558e-001
 2.6295948e-001
 2.6333261e-001
 2.6370466e-001
 2.6407561e-001
 2.6444530e-001
 2.6481387e-001
 2.6518127e-001
 2.6554751e-001
 2.6591265e-001
 2.6627666e-001
 2.6663950e-001
 2.6700115e-001
 2.6736158e-001
 2.6772088e-001
 2.6807919e-001
 2.6843685e-001
 2.6879409e-001
 2.6915130e-001
 2.6950896e-001
 2.6986727e-001
 2.7022657e-001
 2.7058694e-001
 2.7094829e-001
 2.7131060e-001
 2.7167353e-001
 2.7203697e-001
 2.7240056e-001
 2.7276406e-001
 2.7312732e-001
 2.7349016e-001
 2.7385238e-001
 2.7421400e-001
 2.7457482e-001
 2.7493480e-001
 2.7529377e-001
 2.7565154e-001
 2.7600801e-001
 2.7636304e-001
 2.7671662e-001
 2.7706876e-001
 2.7741963e-001
 2.7776968e-001
 2.7811939e-001
 2.7846947e-001
 2.7882066e-001
 2.7917370e-001
 2.7952933e-001
 2.7988786e-001
 2.8024954e-001
 2.8061411e-001
 2.8098112e-001
 2.8134993e-001
 2.8171977e-001
 2.8208977e-001
 2.8245932e-001
 2.8282762e-001
 2.8319418e-001
 2.8355840e-001
 2.8391966e-001
 2.8427765e-001
 2.8463179e-001
 2.8498197e-001
 2.8532806e-001
 2.8567019e-001
 2.8600883e-001
 2.8634447e-001
 2.8667793e-001
 2.8700995e-001
 2.8734121e-001
 2.8767252e-001
 2.8800428e-001
 2.8833705e-001
 2.8867111e-001
 2.8900650e-001
 2.8934351e-001
 2.8968197e-001
 2.9002202e-001
 2.9036349e-001
 2.9070631e-001
 2.9105049e-001
 2.9139590e-001
 2.9174247e-001
 2.9209030e-001
 2.9243928e-001
 2.9278964e-001
 2.9314137e-001
 2.9349449e-001
 2.9384896e-001
 2.9420450e-001
 2.9456067e-001
 2.9491675e-001
 2.9527181e-001
 2.9562503e-001
 2.9597536e-001
 2.9632223e-001
 2.9666516e-001
 2.9700404e-001
 2.9733932e-001
 2.9767153e-001
 2.9800150e-001
 2.9833007e-001
 2.9865798e-001
 2.9898581e-001
 2.9931372e-001
 2.9964161e-001
 2.9996920e-001
 3.0029607e-001
 3.0062181e-001
 3.0094624e-001
 3.0126923e-001
 3.0159110e-001
 3.0191210e-001
 3.0223265e-001
 3.0255297e-001
 3.0287313e-001
 3.0319303e-001
 3.0351233e-001
 3.0383059e-001
 3.0414736e-001
 3.0446211e-001
 3.0477461e-001
 3.0508453e-001
 3.0539191e-001
 3.0569673e-001
 3.0599904e-001
 3.0629915e-001
 3.0659720e-001
 3.0689326e-001
 3.0718750e-001
 3.0747986e-001
 3.0777022e-001
 3.0805844e-001
 3.0834427e-001
 3.0862761e-001
 3.0890828e-001
 3.0918640e-001
 3.0946198e-001
 3.0973509e-001
 3.1000578e-001
 3.1027400e-001
 3.1053954e-001
 3.1080210e-001
 3.1106123e-001
 3.1131667e-001
 3.1156811e-001
 3.1181568e-001
 3.1205958e-001
 3.1230026e-001
 3.1253842e-001
 3.1277457e-001
 3.1300932e-001
 3.1324288e-001
 3.1347534e-001
 3.1370661e-001
 3.1393656e-001
 3.1416497e-001
 3.1439194e-001
 3.1461751e-001
 3.1484205e-001
 3.1506580e-001
 3.1528911e-001
 3.1551239e-001
 3.1573585e-001
 3.1595990e-001
 3.1618479e-001
 3.1641090e-001
 3.1663874e-001
 3.1686872e-001
 3.1710130e-001
 3.1733671e-001
 3.1757507e-001
 3.1781632e-001
 3.1806025e-001
 3.1830660e-001
 3.1855497e-001
 3.1880492e-001
 3.1905624e-001
 3.1930852e-001
 3.1956139e-001
 3.1981450e-001
 3.2006738e-001
 3.2031956e-001
 3.2057050e-001
 3.2081968e-001
 3.2106677e-001
 3.2131147e-001
 3.2155392e-001
 3.2179439e-001
 3.2203344e-001
 3.2227188e-001
 3.2251045e-001
 3.2274994e-001
 3.2299089e-001
 3.2323352e-001
 3.2347772e-001
 3.2372287e-001
 3.2396814e-001
 3.2421225e-001
 3.2445377e-001
 3.2469121e-001
 3.2492307e-001
 3.2514802e-001
 3.2536507e-001
 3.2557350e-001
 3.2577327e-001
 3.2596469e-001
 3.2614854e-001
 3.2632607e-001
 3.2649860e-001
 3.2666758e-001
 3.2683429e-001
 3.2699963e-001
 3.2716435e-001
 3.2732859e-001
 3.2749274e-001
 3.2765582e-001
 3.2781756e-001
 3.2797742e-001
 3.2813501e-001
 3.2829013e-001
 3.2844266e-001
 3.2859251e-001
 3.2873964e-001
 3.2888365e-001
 3.2902402e-001
 3.2915995e-001
 3.2929063e-001
 3.2941529e-001
 3.2953349e-001
 3.2964501e-001
 3.2974997e-001
 3.2984865e-001
 3.2994157e-001
 3.3002907e-001
 3.3011165e-001
 3.3018970e-001
 3.3026373e-001
 3.3033437e-001
 3.3040223e-001
 3.3046812e-001
 3.3053276e-001
 3.3059675e-001
 3.3066061e-001
 3.3072475e-001
 3.3078954e-001
 3.3085537e-001
 3.3092284e-001
 3.3099276e-001
 3.3106619e-001
 3.3114430e-001
 3.3122838e-001
 3.3131951e-001
 3.3141857e-001
 3.3152595e-001
 3.3164144e-001
 3.3176428e-001
 3.3189312e-001
 3.3202606e-001
 3.3216092e-001
 3.3229536e-001
 3.3242708e-001
 3.3255380e-001
 3.3267361e-001
 3.3278468e-001
 3.3288550e-001
 3.3297473e-001
 3.3305112e-001
 3.3311355e-001
 3.3316115e-001
 3.3319300e-001
 3.3320847e-001
 3.3320695e-001
 3.3318791e-001
 3.3315086e-001
 3.3309525e-001
 3.3302033e-001
 3.3292526e-001
 3.3280906e-001
 3.3267045e-001
 3.3250806e-001
 3.3232048e-001
 3.3210635e-001
 3.3186448e-001
 3.3159396e-001
 3.3129430e-001
 3.3096540e-001
 3.3060735e-001
 3.3022049e-001
 3.2980478e-001
 3.2935986e-001
 3.2888481e-001
 3.2837769e-001
 3.2783607e-001
 3.2725641e-001
 3.2663479e-001
 3.2596675e-001
 3.2524723e-001
 3.2447147e-001
 3.2363442e-001
 3.2273176e-001
 3.2176003e-001
 3.2071641e-001
 3.1959999e-001
 3.1841165e-001
 3.1715399e-001
 3.1583250e-001
 3.1445464e-001
 3.1303102e-001
 3.1157497e-001
 3.1010178e-001
 3.0862978e-001
 3.0717838e-001
 3.0576861e-001
 3.0442172e-001
 3.0315778e-001
 3.0199575e-001
 3.0095148e-001
 3.0003783e-001
 2.9926392e-001
 2.9863462e-001
 2.9815128e-001
 2.9781157e-001
 2.9761019e-001
 2.9753956e-001
 2.9759017e-001
 2.9775134e-001
 2.9801172e-001
 2.9835945e-001
 2.9878262e-001
 2.9926944e-001
 2.9980835e-001
 3.0038813e-001
 3.0099824e-001
 3.0162865e-001
 3.0227029e-001
 3.0291474e-001
 3.0355442e-001
 3.0418289e-001
 3.0479434e-001
 3.0538407e-001
 3.0594793e-001
 3.0648264e-001
 3.0698577e-001
 3.0745545e-001
 3.0789053e-001
 3.0829036e-001
 3.0865464e-001
 3.0898356e-001
 3.0927739e-001
 3.0953667e-001
 3.0976194e-001
 3.0995405e-001
 3.1011409e-001
 3.1024337e-001
 3.1034362e-001
 3.1041700e-001
 3.1046599e-001
 3.1049341e-001
 3.1050232e-001
 3.1049591e-001
 3.1047729e-001
 3.1044954e-001
 3.1041548e-001
 3.1037766e-001
 3.1033826e-001
 3.1029904e-001
 3.1026131e-001
 3.1022587e-001
 3.1019309e-001
 3.1016275e-001
 3.1013438e-001
 3.1010708e-001
 3.1007987e-001
 3.1005165e-001
 3.1002137e-001
 3.0998796e-001
 3.0995032e-001
 3.0990729e-001
 3.0985749e-001
 3.0979940e-001
 3.0973142e-001
 3.0965194e-001
 3.0955952e-001
 3.0945298e-001
 3.0933157e-001
 3.0919471e-001
 3.0904216e-001
 3.0887377e-001
 3.0868948e-001
 3.0848926e-001
 3.0827329e-001
 3.0804190e-001
 3.0779594e-001
 3.0753651e-001
 3.0726531e-001
 3.0698436e-001
 3.0669609e-001
 3.0640322e-001
 3.0610847e-001
 3.0581477e-001
 3.0552486e-001
 3.0524150e-001
 3.0496743e-001
 3.0470526e-001
 3.0445763e-001
 3.0422726e-001
 3.0401647e-001
 3.0382758e-001
 3.0366236e-001
 3.0352202e-001
 3.0340737e-001
 3.0331856e-001
 3.0325550e-001
 3.0321789e-001
 3.0320555e-001
 3.0321854e-001
 3.0325732e-001
 3.0332282e-001
 3.0341643e-001
 3.0353972e-001
 3.0369464e-001
 3.0388302e-001
 3.0410650e-001
 3.0436623e-001
 3.0466273e-001
 3.0499592e-001
 3.0536458e-001
 3.0576712e-001
 3.0620128e-001
 3.0666414e-001
 3.0715281e-001
 3.0766425e-001
 3.0819547e-001
 3.0874327e-001
 3.0930498e-001
 3.0987814e-001
 3.1046015e-001
 3.1104907e-001
 3.1164309e-001
 3.1224009e-001
 3.1283832e-001
 3.1343576e-001
 3.1402975e-001
 3.1461769e-001
 3.1519687e-001
 3.1576470e-001
 3.1631863e-001
 3.1685707e-001
 3.1737918e-001
 3.1788439e-001
 3.1837302e-001
 3.1884563e-001
 3.1930247e-001
 3.1974387e-001
 3.2016975e-001
 3.2057980e-001
 3.2097319e-001
 3.2134929e-001
 3.2170767e-001
 3.2204768e-001
 3.2236925e-001
 3.2267234e-001
 3.2295677e-001
 3.2322243e-001
 3.2346910e-001
 3.2369617e-001
 3.2390326e-001
 3.2408997e-001
 3.2425621e-001
 3.2440209e-001
 3.2452810e-001
 3.2463497e-001
 3.2472360e-001
 3.2479498e-001
 3.2485017e-001
 3.2489008e-001
 3.2491559e-001
 3.2492739e-001
 3.2492581e-001
 3.2491079e-001
 3.2488185e-001
 3.2483804e-001
 3.2477811e-001
 3.2470044e-001
 3.2460335e-001
 3.2448515e-001
 3.2434425e-001
 3.2417920e-001
 3.2398874e-001
 3.2377174e-001
 3.2352710e-001
 3.2325366e-001
 3.2295048e-001
 3.2261646e-001
 3.2225055e-001
 3.2185224e-001
 3.2142103e-001
 3.2095701e-001
 3.2046109e-001
 3.1993473e-001
 3.1938013e-001
 3.1880012e-001
 3.1819829e-001
 3.1757796e-001
 3.1694221e-001
 3.1629413e-001
 3.1563571e-001
 3.1496844e-001
 3.1429401e-001
 3.1361362e-001
 3.1292892e-001
 3.1224164e-001
 3.1155452e-001
 3.1086993e-001
 3.1019035e-001
 3.0951858e-001
 3.0885670e-001
 3.0820665e-001
 3.0757061e-001
 3.0695024e-001
 3.0634722e-001
 3.0576363e-001
 3.0520126e-001
 3.0466196e-001
 3.0414757e-001
 3.0366027e-001
 3.0320185e-001
 3.0277422e-001
 3.0237955e-001
 3.0201948e-001
 3.0169547e-001
 3.0140862e-001
 3.0115911e-001
 3.0094630e-001
 3.0076867e-001
 3.0062383e-001
 3.0050844e-001
 3.0041829e-001
 3.0034855e-001
 3.0029377e-001
 3.0024791e-001
 3.0020472e-001
 3.0015779e-001
 3.0010071e-001
 3.0002731e-001
 2.9993168e-001
 2.9980814e-001
 2.9965135e-001
 2.9945633e-001
 2.9921830e-001
 2.9893288e-001
 2.9859632e-001
 2.9820532e-001
 2.9775706e-001
 2.9724964e-001
 2.9668126e-001
 2.9605037e-001
 2.9535499e-001
 2.9459324e-001
 2.9376185e-001
 2.9285660e-001
 2.9187301e-001
 2.9080513e-001
 2.8964648e-001
 2.8839138e-001
 2.8703356e-001
 2.8556740e-001
 2.8398919e-001
 2.8229532e-001
 2.8048351e-001
 2.7855203e-001
 2.7650121e-001
 2.7433062e-001
 2.7203989e-001
 2.6963025e-001
 2.6710117e-001
 2.6445171e-001
 2.6168248e-001
 2.5879219e-001
 2.5578016e-001
 2.5264549e-001
 2.4939032e-001
 2.4601595e-001
 2.4252531e-001
 2.3892590e-001
 2.3522516e-001
 2.3143278e-001
 2.2756352e-001
 2.2363153e-001
 2.1965274e-001
 2.1564741e-001
 2.1163426e-001
 2.0763403e-001
 2.0366746e-001
 1.9975904e-001
 1.9593123e-001
 1.9220741e-001
 1.8861432e-001
 1.8517663e-001
 1.8191937e-001
 1.7886983e-001
 1.7605229e-001
 1.7349054e-001
 1.7120588e-001
 1.6921860e-001
 1.6754408e-001
 1.6619428e-001
 1.6517818e-001
 1.6449983e-001
 1.6416000e-001
 1.6415650e-001
 1.6448458e-001
 1.6513808e-001
 1.6611035e-001
 1.6739380e-001
 1.6898136e-001
 1.7086576e-001
 1.7303701e-001
 1.7548378e-001
 1.7819086e-001
 1.8113551e-001
 1.8429017e-001
 1.8762034e-001
 1.9108216e-001
 1.9462843e-001
 1.9820730e-001
 2.0176636e-001
 2.0525184e-001
 2.0861618e-001
 2.1181737e-001
 2.1481831e-001
 2.1759221e-001
 2.2012031e-001
 2.2239019e-001
 2.2439882e-001
 2.2614932e-001
 2.2765099e-001
 2.2891679e-001
 2.2996439e-001
 2.3081353e-001
 2.3148435e-001
 2.3199734e-001
 2.3237129e-001
 2.3262221e-001
 2.3276310e-001
 2.3280299e-001
 2.3274688e-001
 2.3259608e-001
 2.3234849e-001
 2.3199941e-001
 2.3154278e-001
 2.3097169e-001
 2.3027946e-001
 2.2946109e-001
 2.2851308e-001
 2.2743434e-001
 2.2622763e-001
 2.2489837e-001
 2.2345608e-001
 2.2191389e-001
 2.2029017e-001
 2.1860622e-001
 2.1688697e-001
 2.1516165e-001
 2.1346048e-001
 2.1181478e-001
 2.1025710e-001
 2.0881748e-001
 2.0752382e-001
 2.0640154e-001
 2.0547110e-001
 2.0474868e-001
 2.0424539e-001
 2.0396759e-001
 2.0391609e-001
 2.0408690e-001
 2.0447111e-001
 2.0505548e-001
 2.0582293e-001
 2.0675239e-001
 2.0782046e-001
 2.0900147e-001
 2.1026872e-001
 2.1159407e-001
 2.1295057e-001
 2.1431234e-001
 2.1565428e-001
 2.1695445e-001
 2.1819350e-001
 2.1935399e-001
 2.2042216e-001
 2.2138697e-001
 2.2223921e-001
 2.2297272e-001
 2.2358310e-001
 2.2406791e-001
 2.2442593e-001
 2.2465770e-001
 2.2476488e-001
 2.2475019e-001
 2.2461744e-001
 2.2437115e-001
 2.2401686e-001
 2.2356057e-001
 2.2300878e-001
 2.2236815e-001
 2.2164592e-001
 2.2084871e-001
 2.1998270e-001
 2.1905422e-001
 2.1806839e-001
 2.1702966e-001
 2.1594274e-001
 2.1481124e-001
 2.1363862e-001
 2.1242930e-001
 2.1118702e-001
 2.0991607e-001
 2.0862053e-001
 2.0730528e-001
 2.0597392e-001
 2.0462941e-001
 2.0327494e-001
 2.0191211e-001
 2.0054188e-001
 1.9916600e-001
 1.9778499e-001
 1.9639981e-001
 1.9501105e-001
 1.9362037e-001
 1.9222839e-001
 1.9083562e-001
 1.8944350e-001
 1.8805230e-001
 1.8666223e-001
 1.8527439e-001
 1.8388890e-001
 1.8250622e-001
 1.8112676e-001
 1.7975232e-001
 1.7838430e-001
 1.7702481e-001
 1.7567763e-001
 1.7434607e-001
 1.7303389e-001
 1.7174588e-001
 1.7048597e-001
 1.6925821e-001
 1.6806774e-001
 1.6691922e-001
 1.6581814e-001
 1.6477022e-001
 1.6378233e-001
 1.6286062e-001
 1.6201110e-001
 1.6123974e-001
 1.6055107e-001
 1.5994854e-001
 1.5943484e-001
 1.5901086e-001
 1.5867628e-001
 1.5842950e-001
 1.5826793e-001
 1.5818782e-001
 1.5818474e-001
 1.5825367e-001
 1.5838918e-001
 1.5858561e-001
 1.5883693e-001
 1.5913716e-001
 1.5948033e-001
 1.5986013e-001
 1.6027050e-001
 1.6070513e-001
 1.6115792e-001
 1.6162243e-001
 1.6209288e-001
 1.6256410e-001
 1.6303152e-001
 1.6349210e-001
 1.6394402e-001
 1.6438636e-001
 1.6481943e-001
 1.6524410e-001
 1.6566174e-001
 1.6607364e-001
 1.6648166e-001
 1.6688789e-001
 1.6729443e-001
 1.6770384e-001
 1.6811869e-001
 1.6854094e-001
 1.6897209e-001
 1.6941248e-001
 1.6986069e-001
 1.7031406e-001
 1.7076835e-001
 1.7121831e-001
 1.7165762e-001
 1.7208011e-001
 1.7247981e-001
 1.7285095e-001
 1.7318875e-001
 1.7348905e-001
 1.7374809e-001
 1.7396280e-001
 1.7413032e-001
 1.7424817e-001
 1.7431398e-001
 1.7432572e-001
 1.7428157e-001
 1.7417991e-001
 1.7401938e-001
 1.7379877e-001
 1.7351736e-001
 1.7317468e-001
 1.7277071e-001
 1.7230639e-001
 1.7178315e-001
 1.7120336e-001
 1.7057015e-001
 1.6988802e-001
 1.6916187e-001
 1.6839726e-001
 1.6760078e-001
 1.6677861e-001
 1.6593684e-001
 1.6508180e-001
 1.6421877e-001
 1.6335283e-001
 1.6248856e-001
 1.6163102e-001
 1.6078450e-001
 1.5995307e-001
 1.5914086e-001
 1.5835039e-001
 1.5758304e-001
 1.5683946e-001
 1.5611880e-001
 1.5541995e-001
 1.5474287e-001
 1.5408838e-001
 1.5345934e-001
 1.5286040e-001
 1.5229817e-001
 1.5177940e-001
 1.5131053e-001
 1.5089703e-001
 1.5054207e-001
 1.5024684e-001
 1.5001096e-001
 1.4983249e-001
 1.4970873e-001
 1.4963657e-001
 1.4961249e-001
 1.4963257e-001
 1.4969236e-001
 1.4978689e-001
 1.4991091e-001
 1.5005919e-001
 1.5022682e-001
 1.5040968e-001
 1.5060459e-001
 1.5080948e-001
 1.5102312e-001
 1.5124533e-001
 1.5147655e-001
 1.5171741e-001
 1.5196857e-001
 1.5223008e-001
 1.5250070e-001
 1.5277797e-001
 1.5305787e-001
 1.5333499e-001
 1.5360326e-001
 1.5385658e-001
 1.5408956e-001
 1.5429795e-001
 1.5447927e-001
 1.5463267e-001
 1.5475868e-001
 1.5485905e-001
 1.5493642e-001
 1.5499404e-001
 1.5503566e-001
 1.5506522e-001
 1.5508676e-001
 1.5510385e-001
 1.5511942e-001
 1.5513520e-001
 1.5515164e-001
 1.5516785e-001
 1.5518202e-001
 1.5519196e-001
 1.5519586e-001
 1.5519294e-001
 1.5518376e-001
 1.5517025e-001
 1.5515529e-001
 1.5514210e-001
 1.5513362e-001
 1.5513201e-001
 1.5513852e-001
 1.5515368e-001
 1.5517750e-001
 1.5520976e-001
 1.5524998e-001
 1.5529744e-001
 1.5535106e-001
 1.5540934e-001
 1.5547055e-001
 1.5553293e-001
 1.5559480e-001
-1.2300000e+034
