s07_ASD Record=12368: Alun.33+Kaol.33+Musc.33 AMX2 ASDNGa AREF
-1.2300000e+034
 3.6445320e-001
 3.6773854e-001
 3.7107643e-001
 3.7443224e-001
 3.7781170e-001
 3.8125443e-001
 3.8477737e-001
 3.8835454e-001
 3.9188781e-001
 3.9549434e-001
 3.9911500e-001
 4.0263051e-001
 4.0625811e-001
 4.0988800e-001
 4.1344127e-001
 4.1692227e-001
 4.2042807e-001
 4.2397591e-001
 4.2753470e-001
 4.3102172e-001
 4.3435478e-001
 4.3761337e-001
 4.4094005e-001
 4.4413099e-001
 4.4733152e-001
 4.5059371e-001
 4.5379475e-001
 4.5690706e-001
 4.5994502e-001
 4.6295044e-001
 4.6600714e-001
 4.6894494e-001
 4.7178203e-001
 4.7463584e-001
 4.7741979e-001
 4.8021802e-001
 4.8301771e-001
 4.8565492e-001
 4.8820528e-001
 4.9070278e-001
 4.9318522e-001
 4.9573010e-001
 4.9825689e-001
 5.0073296e-001
 5.0316238e-001
 5.0554669e-001
 5.0785804e-001
 5.1007998e-001
 5.1221687e-001
 5.1425326e-001
 5.1626766e-001
 5.1830959e-001
 5.2023399e-001
 5.2209640e-001
 5.2391332e-001
 5.2567762e-001
 5.2742469e-001
 5.2910209e-001
 5.3069651e-001
 5.3227580e-001
 5.3381300e-001
 5.3531742e-001
 5.3680509e-001
 5.3828770e-001
 5.3969491e-001
 5.4106683e-001
 5.4251653e-001
 5.4391307e-001
 5.4526609e-001
 5.4660600e-001
 5.4794538e-001
 5.4928452e-001
 5.5062717e-001
 5.5197036e-001
 5.5327022e-001
 5.5457664e-001
 5.5589211e-001
 5.5716920e-001
 5.5844426e-001
 5.5973482e-001
 5.6103778e-001
 5.6230992e-001
 5.6360161e-001
 5.6488895e-001
 5.6613159e-001
 5.6744164e-001
 5.6870306e-001
 5.6989461e-001
 5.7113963e-001
 5.7234305e-001
 5.7352537e-001
 5.7471412e-001
 5.7586896e-001
 5.7701141e-001
 5.7815063e-001
 5.7928920e-001
 5.8041692e-001
 5.8151883e-001
 5.8258897e-001
 5.8363920e-001
 5.8465457e-001
 5.8563858e-001
 5.8659875e-001
 5.8753699e-001
 5.8844686e-001
 5.8932674e-001
 5.9018219e-001
 5.9103864e-001
 5.9188485e-001
 5.9271061e-001
 5.9352493e-001
 5.9433573e-001
 5.9514534e-001
 5.9595722e-001
 5.9678131e-001
 5.9758639e-001
 5.9836894e-001
 5.9916604e-001
 5.9996116e-001
 6.0075384e-001
 6.0154992e-001
 6.0237443e-001
 6.0318506e-001
 6.0398185e-001
 6.0479283e-001
 6.0560846e-001
 6.0643357e-001
 6.0726547e-001
 6.0808855e-001
 6.0891122e-001
 6.0975361e-001
 6.1062896e-001
 6.1150610e-001
 6.1238831e-001
 6.1328751e-001
 6.1421514e-001
 6.1511880e-001
 6.1603576e-001
 6.1699796e-001
 6.1797446e-001
 6.1893511e-001
 6.1989856e-001
 6.2089652e-001
 6.2186503e-001
 6.2284905e-001
 6.2385756e-001
 6.2483877e-001
 6.2585670e-001
 6.2690139e-001
 6.2794769e-001
 6.2899739e-001
 6.3006407e-001
 6.3114452e-001
 6.3221830e-001
 6.3328481e-001
 6.3435417e-001
 6.3543284e-001
 6.3651717e-001
 6.3761574e-001
 6.3871527e-001
 6.3980383e-001
 6.4091289e-001
 6.4202696e-001
 6.4314067e-001
 6.4425641e-001
 6.4536399e-001
 6.4647621e-001
 6.4759952e-001
 6.4870864e-001
 6.4980584e-001
 6.5089536e-001
 6.5198511e-001
 6.5309656e-001
 6.5422934e-001
 6.5537471e-001
 6.5651989e-001
 6.5764731e-001
 6.5877336e-001
 6.5991861e-001
 6.6105568e-001
 6.6219598e-001
 6.6334206e-001
 6.6448712e-001
 6.6563201e-001
 6.6677582e-001
 6.6792208e-001
 6.6908675e-001
 6.7025667e-001
 6.7142820e-001
 6.7260069e-001
 6.7376822e-001
 6.7492336e-001
 6.7607343e-001
 6.7724520e-001
 6.7839301e-001
 6.7951870e-001
 6.8063796e-001
 6.8175638e-001
 6.8287367e-001
 6.8398660e-001
 6.8509102e-001
 6.8619418e-001
 6.8729800e-001
 6.8840212e-001
 6.8950653e-001
 6.9061393e-001
 6.9172162e-001
 6.9282347e-001
 6.9390619e-001
 6.9498569e-001
 6.9606310e-001
 6.9711936e-001
 6.9817024e-001
 6.9921368e-001
 7.0024282e-001
 7.0124984e-001
 7.0224541e-001
 7.0322710e-001
 7.0418257e-001
 7.0512974e-001
 7.0607489e-001
 7.0701855e-001
 7.0795828e-001
 7.0886749e-001
 7.0975989e-001
 7.1065950e-001
 7.1156347e-001
 7.1246576e-001
 7.1337891e-001
 7.1433115e-001
 7.1529514e-001
 7.1626842e-001
 7.1724689e-001
 7.1820760e-001
 7.1915472e-001
 7.2009647e-001
 7.2103781e-001
 7.2195840e-001
 7.2286361e-001
 7.2375572e-001
 7.2462857e-001
 7.2548509e-001
 7.2633874e-001
 7.2720188e-001
 7.2806495e-001
 7.2890615e-001
 7.2973096e-001
 7.3056304e-001
 7.3140466e-001
 7.3224735e-001
 7.3307294e-001
 7.3384547e-001
 7.3461246e-001
 7.3538667e-001
 7.3616201e-001
 7.3691213e-001
 7.3764300e-001
 7.3836237e-001
 7.3907745e-001
 7.3979795e-001
 7.4051040e-001
 7.4120325e-001
 7.4188721e-001
 7.4255794e-001
 7.4321616e-001
 7.4386531e-001
 7.4450082e-001
 7.4512601e-001
 7.4574965e-001
 7.4638939e-001
 7.4701196e-001
 7.4761504e-001
 7.4820989e-001
 7.4882585e-001
 7.4944371e-001
 7.5004625e-001
 7.5062126e-001
 7.5118601e-001
 7.5175375e-001
 7.5232583e-001
 7.5288343e-001
 7.5343198e-001
 7.5397736e-001
 7.5452399e-001
 7.5504875e-001
 7.5557077e-001
 7.5609744e-001
 7.5662863e-001
 7.5714487e-001
 7.5765252e-001
 7.5815308e-001
 7.5863206e-001
 7.5911415e-001
 7.5960553e-001
 7.6010495e-001
 7.6060069e-001
 7.6109642e-001
 7.6159531e-001
 7.6210409e-001
 7.6260728e-001
 7.6309085e-001
 7.6355517e-001
 7.6403350e-001
 7.6450580e-001
 7.6497436e-001
 7.6545084e-001
 7.6592958e-001
 7.6640648e-001
 7.6688838e-001
 7.6739377e-001
 7.6790082e-001
 7.6839745e-001
 7.6887965e-001
 7.6935953e-001
 7.6984870e-001
 7.7034646e-001
 7.7084482e-001
 7.7134860e-001
 7.7186382e-001
 7.7238494e-001
 7.7288091e-001
 7.7337861e-001
 7.7387762e-001
 7.7436531e-001
 7.7481800e-001
 7.7525496e-001
 7.7568203e-001
 7.7609545e-001
 7.7654123e-001
 7.7699685e-001
 7.7743703e-001
 7.7785599e-001
 7.7827823e-001
 7.7869517e-001
 7.7909595e-001
 7.7950948e-001
 7.7993274e-001
 7.8036314e-001
 7.8079772e-001
 7.8122407e-001
 7.8163522e-001
 7.8203541e-001
 7.8246152e-001
 7.8287303e-001
 7.8327590e-001
 7.8368801e-001
 7.8408211e-001
 7.8447866e-001
 7.8488690e-001
 7.8529751e-001
 7.8569156e-001
 7.8608072e-001
 7.8647321e-001
 7.8685033e-001
 7.8722060e-001
 7.8759241e-001
 7.8797227e-001
 7.8835511e-001
 7.8874743e-001
 7.8914452e-001
 7.8953147e-001
 7.8988224e-001
 7.9022777e-001
 7.9058796e-001
 7.9092479e-001
 7.9126441e-001
 7.9161417e-001
 7.9197073e-001
 7.9232335e-001
 7.9266429e-001
 7.9298663e-001
 7.9328471e-001
 7.9356533e-001
 7.9383951e-001
 7.9411715e-001
 7.9440641e-001
 7.9469550e-001
 7.9497343e-001
 7.9523182e-001
 7.9546809e-001
 7.9567498e-001
 7.9585350e-001
 7.9601711e-001
 7.9623228e-001
 7.9647803e-001
 7.9671723e-001
 7.9691488e-001
 7.9709935e-001
 7.9727471e-001
 7.9743540e-001
 7.9757828e-001
 7.9770517e-001
 7.9783255e-001
 7.9798961e-001
 7.9822546e-001
 7.9850584e-001
 7.9878527e-001
 7.9902232e-001
 7.9925400e-001
 7.9949093e-001
 7.9973072e-001
 7.9995412e-001
 8.0015469e-001
 8.0032533e-001
 8.0046678e-001
 8.0060500e-001
 8.0072731e-001
 8.0083227e-001
 8.0093575e-001
 8.0105406e-001
 8.0115765e-001
 8.0122727e-001
 8.0129933e-001
 8.0137682e-001
 8.0145252e-001
 8.0151522e-001
 8.0157185e-001
 8.0162650e-001
 8.0167812e-001
 8.0172122e-001
 8.0175668e-001
 8.0179679e-001
 8.0184972e-001
 8.0191183e-001
 8.0198497e-001
 8.0207080e-001
 8.0216420e-001
 8.0224389e-001
 8.0233395e-001
 8.0243421e-001
 8.0252951e-001
 8.0262059e-001
 8.0271083e-001
 8.0280572e-001
 8.0291313e-001
 8.0302048e-001
 8.0313516e-001
 8.0326051e-001
 8.0338275e-001
 8.0349761e-001
 8.0359030e-001
 8.0365258e-001
 8.0371594e-001
 8.0374503e-001
 8.0373943e-001
 8.0373400e-001
 8.0377537e-001
 8.0386770e-001
 8.0400312e-001
 8.0416870e-001
 8.0434030e-001
 8.0449456e-001
 8.0462253e-001
 8.0474144e-001
 8.0486470e-001
 8.0497748e-001
 8.0506384e-001
 8.0515826e-001
 8.0527008e-001
 8.0538619e-001
 8.0547941e-001
 8.0555463e-001
 8.0561912e-001
 8.0567425e-001
 8.0571175e-001
 8.0573219e-001
 8.0574554e-001
 8.0576044e-001
 8.0577427e-001
 8.0577755e-001
 8.0578005e-001
 8.0579197e-001
 8.0579227e-001
 8.0580229e-001
 8.0581963e-001
 8.0582643e-001
 8.0583209e-001
 8.0584306e-001
 8.0585909e-001
 8.0587238e-001
 8.0589122e-001
 8.0592197e-001
 8.0597025e-001
 8.0603999e-001
 8.0609185e-001
 8.0613554e-001
 8.0618942e-001
 8.0624354e-001
 8.0630177e-001
 8.0636632e-001
 8.0643320e-001
 8.0647922e-001
 8.0651379e-001
 8.0654383e-001
 8.0657136e-001
 8.0659550e-001
 8.0662525e-001
 8.0665725e-001
 8.0667132e-001
 8.0667114e-001
 8.0668122e-001
 8.0671149e-001
 8.0673623e-001
 8.0675125e-001
 8.0677062e-001
 8.0680579e-001
 8.0683857e-001
 8.0685759e-001
 8.0687863e-001
 8.0691314e-001
 8.0690503e-001
 8.0688453e-001
 8.0686969e-001
 8.0686325e-001
 8.0684549e-001
 8.0682713e-001
 8.0681676e-001
 8.0681473e-001
 8.0681616e-001
 8.0681729e-001
 8.0682093e-001
 8.0683899e-001
 8.0686575e-001
 8.0689245e-001
 8.0690747e-001
 8.0689675e-001
 8.0688798e-001
 8.0689090e-001
 8.0690175e-001
 8.0689394e-001
 8.0689973e-001
 8.0691057e-001
 8.0690527e-001
 8.0690068e-001
 8.0690044e-001
 8.0690491e-001
 8.0691087e-001
 8.0691618e-001
 8.0691022e-001
 8.0690491e-001
 8.0692345e-001
 8.0693167e-001
 8.0693913e-001
 8.0695289e-001
 8.0697042e-001
 8.0698127e-001
 8.0700314e-001
 8.0703348e-001
 8.0703360e-001
 8.0703032e-001
 8.0701518e-001
 8.0698156e-001
 8.0693185e-001
 8.0691642e-001
 8.0690300e-001
 8.0686486e-001
 8.0685681e-001
 8.0684584e-001
 8.0685145e-001
 8.0689847e-001
 8.0696279e-001
 8.0705774e-001
 8.0716515e-001
 8.0726838e-001
 8.0742085e-001
 8.0757999e-001
 8.0775410e-001
 8.0796200e-001
 8.0810261e-001
 8.0826348e-001
 8.0844641e-001
 8.0859703e-001
 8.0875897e-001
 8.0889755e-001
 8.0900997e-001
 8.0912185e-001
 8.0920881e-001
 8.0927229e-001
 8.0932063e-001
 8.0936503e-001
 8.0940574e-001
 8.0942082e-001
 8.0941063e-001
 8.0939984e-001
 8.0936134e-001
 8.0931407e-001
 8.0926353e-001
 8.0919009e-001
 8.0910414e-001
 8.0900604e-001
 8.0890024e-001
 8.0880105e-001
 8.0871063e-001
 8.0858964e-001
 8.0843848e-001
 8.0831999e-001
 8.0812937e-001
 8.0793244e-001
 8.0777097e-001
 8.0758905e-001
 8.0741268e-001
 8.0725324e-001
 8.0711389e-001
 8.0698204e-001
 8.0688119e-001
 8.0681729e-001
 8.0675781e-001
 8.0661857e-001
 8.0646157e-001
 8.0624872e-001
 8.0597246e-001
 8.0571711e-001
 8.0546993e-001
 8.0520874e-001
 8.0495661e-001
 8.0482137e-001
 8.0477184e-001
 8.0477905e-001
 8.0487984e-001
 8.0521780e-001
 8.0564278e-001
 8.0608475e-001
 8.0650002e-001
 8.0686331e-001
 8.0704117e-001
 8.0708361e-001
 8.0705470e-001
 8.0695426e-001
 8.0677086e-001
 8.0654353e-001
 8.0629230e-001
 8.0599433e-001
 8.0565894e-001
 8.0533904e-001
 8.0503738e-001
 8.0468142e-001
 8.0435210e-001
 8.0403972e-001
 8.0371112e-001
 8.0333942e-001
 8.0306953e-001
 8.0279011e-001
 8.0247653e-001
 8.0223745e-001
 8.0205929e-001
 8.0190849e-001
 8.0176222e-001
 8.0162317e-001
 8.0157393e-001
 8.0160254e-001
 8.0193216e-001
 8.0199349e-001
 8.0209625e-001
 8.0224228e-001
 8.0243385e-001
 8.0267274e-001
 8.0296052e-001
 8.0329788e-001
 8.0368459e-001
 8.0411947e-001
 8.0460000e-001
 8.0512273e-001
 8.0568373e-001
 8.0627865e-001
 8.0690289e-001
 8.0755240e-001
 8.0822289e-001
 8.0891043e-001
 8.0961037e-001
 8.1031775e-001
 8.1102693e-001
 8.1173116e-001
 8.1242323e-001
 8.1309563e-001
 8.1374085e-001
 8.1435239e-001
 8.1492460e-001
 8.1545377e-001
 8.1593770e-001
 8.1637597e-001
 8.1676996e-001
 8.1712186e-001
 8.1743509e-001
 8.1771326e-001
 8.1796014e-001
 8.1817943e-001
 8.1837445e-001
 8.1854844e-001
 8.1870413e-001
 8.1884402e-001
 8.1897050e-001
 8.1908566e-001
 8.1919140e-001
 8.1928927e-001
 8.1938088e-001
 8.1946725e-001
 8.1954944e-001
 8.1962806e-001
 8.1970382e-001
 8.1977695e-001
 8.1984788e-001
 8.1991678e-001
 8.1998390e-001
 8.2004941e-001
 8.2011372e-001
 8.2017708e-001
 8.2023984e-001
 8.2030237e-001
 8.2036477e-001
 8.2042700e-001
 8.2048893e-001
 8.2055032e-001
 8.2061082e-001
 8.2067007e-001
 8.2072788e-001
 8.2078391e-001
 8.2083815e-001
 8.2089043e-001
 8.2094049e-001
 8.2098836e-001
 8.2103366e-001
 8.2107639e-001
 8.2111645e-001
 8.2115382e-001
 8.2118869e-001
 8.2122117e-001
 8.2125169e-001
 8.2128036e-001
 8.2130730e-001
 8.2133269e-001
 8.2135642e-001
 8.2137841e-001
 8.2139844e-001
 8.2141656e-001
 8.2143289e-001
 8.2144773e-001
 8.2146144e-001
 8.2147461e-001
 8.2148790e-001
 8.2150179e-001
 8.2151675e-001
 8.2153308e-001
 8.2155085e-001
 8.2157004e-001
 8.2159042e-001
 8.2161176e-001
 8.2163376e-001
 8.2165611e-001
 8.2167852e-001
 8.2170075e-001
 8.2172257e-001
 8.2174397e-001
 8.2176507e-001
 8.2178605e-001
 8.2180750e-001
 8.2183015e-001
 8.2185501e-001
 8.2188320e-001
 8.2191616e-001
 8.2195538e-001
 8.2200259e-001
 8.2205921e-001
 8.2212687e-001
 8.2220680e-001
 8.2230002e-001
 8.2240725e-001
 8.2252854e-001
 8.2266366e-001
 8.2281172e-001
 8.2297128e-001
 8.2314050e-001
 8.2331711e-001
 8.2349873e-001
 8.2368261e-001
 8.2386625e-001
 8.2404709e-001
 8.2422280e-001
 8.2439137e-001
 8.2455099e-001
 8.2470024e-001
 8.2483816e-001
 8.2496411e-001
 8.2507777e-001
 8.2517934e-001
 8.2526904e-001
 8.2534742e-001
 8.2541507e-001
 8.2547253e-001
 8.2552046e-001
 8.2555932e-001
 8.2558972e-001
 8.2561201e-001
 8.2562697e-001
 8.2563508e-001
 8.2563716e-001
 8.2563376e-001
 8.2562578e-001
 8.2561386e-001
 8.2559860e-001
 8.2558060e-001
 8.2556033e-001
 8.2553834e-001
 8.2551509e-001
 8.2549107e-001
 8.2546675e-001
 8.2544243e-001
 8.2541853e-001
 8.2539523e-001
 8.2537252e-001
 8.2535040e-001
 8.2532859e-001
 8.2530689e-001
 8.2528508e-001
 8.2526302e-001
 8.2524073e-001
 8.2521868e-001
 8.2519728e-001
 8.2517731e-001
 8.2515961e-001
 8.2514501e-001
 8.2513422e-001
 8.2512766e-001
 8.2512552e-001
 8.2512760e-001
 8.2513338e-001
 8.2514203e-001
 8.2515240e-001
 8.2516313e-001
 8.2517266e-001
 8.2517958e-001
 8.2518214e-001
 8.2517886e-001
 8.2516843e-001
 8.2514989e-001
 8.2512248e-001
 8.2508588e-001
 8.2504040e-001
 8.2498652e-001
 8.2492489e-001
 8.2485646e-001
 8.2478201e-001
 8.2470196e-001
 8.2461643e-001
 8.2452494e-001
 8.2442659e-001
 8.2432008e-001
 8.2420373e-001
 8.2407606e-001
 8.2393575e-001
 8.2378203e-001
 8.2361466e-001
 8.2343417e-001
 8.2324171e-001
 8.2303888e-001
 8.2282746e-001
 8.2260907e-001
 8.2238472e-001
 8.2215458e-001
 8.2191777e-001
 8.2167232e-001
 8.2141513e-001
 8.2114214e-001
 8.2084888e-001
 8.2053065e-001
 8.2018286e-001
 8.1980181e-001
 8.1938422e-001
 8.1892824e-001
 8.1843311e-001
 8.1789905e-001
 8.1732774e-001
 8.1672186e-001
 8.1608534e-001
 8.1542331e-001
 8.1474161e-001
 8.1404722e-001
 8.1334740e-001
 8.1264973e-001
 8.1196141e-001
 8.1128883e-001
 8.1063771e-001
 8.1001216e-001
 8.0941552e-001
 8.0885041e-001
 8.0831838e-001
 8.0782104e-001
 8.0735958e-001
 8.0693495e-001
 8.0654770e-001
 8.0619729e-001
 8.0588192e-001
 8.0559772e-001
 8.0533862e-001
 8.0509615e-001
 8.0485928e-001
 8.0461508e-001
 8.0434901e-001
 8.0404562e-001
 8.0368936e-001
 8.0326533e-001
 8.0276042e-001
 8.0216396e-001
 8.0146861e-001
 8.0067170e-001
 7.9977542e-001
 7.9878825e-001
 7.9772514e-001
 7.9660714e-001
 7.9546177e-001
 7.9432052e-001
 7.9321849e-001
 7.9219121e-001
 7.9127252e-001
 7.9049307e-001
 7.8987855e-001
 7.8944886e-001
 7.8921813e-001
 7.8919452e-001
 7.8938025e-001
 7.8977156e-001
 7.9035854e-001
 7.9112470e-001
 7.9204762e-001
 7.9309952e-001
 7.9424912e-001
 7.9546463e-001
 7.9671526e-001
 7.9797441e-001
 7.9922003e-001
 8.0043519e-001
 8.0160749e-001
 8.0272675e-001
 8.0378431e-001
 8.0477107e-001
 8.0567747e-001
 8.0649447e-001
 8.0721354e-001
 8.0782872e-001
 8.0833691e-001
 8.0873877e-001
 8.0903828e-001
 8.0924219e-001
 8.0935895e-001
 8.0939811e-001
 8.0936897e-001
 8.0928046e-001
 8.0914044e-001
 8.0895615e-001
 8.0873364e-001
 8.0847836e-001
 8.0819488e-001
 8.0788732e-001
 8.0755877e-001
 8.0721122e-001
 8.0684525e-001
 8.0645955e-001
 8.0605108e-001
 8.0561471e-001
 8.0514383e-001
 8.0463111e-001
 8.0406964e-001
 8.0345458e-001
 8.0278426e-001
 8.0206120e-001
 8.0129278e-001
 8.0049074e-001
 7.9966980e-001
 7.9884630e-001
 7.9803497e-001
 7.9724741e-001
 7.9648983e-001
 7.9576117e-001
 7.9505396e-001
 7.9435444e-001
 7.9364491e-001
 7.9290640e-001
 7.9212177e-001
 7.9127908e-001
 7.9037374e-001
 7.8941077e-001
 7.8840494e-001
 7.8737909e-001
 7.8636307e-001
 7.8538865e-001
 7.8448701e-001
 7.8368366e-001
 7.8299510e-001
 7.8242689e-001
 7.8197247e-001
 7.8161359e-001
 7.8132290e-001
 7.8106636e-001
 7.8080755e-001
 7.8051138e-001
 7.8014761e-001
 7.7969426e-001
 7.7913916e-001
 7.7848172e-001
 7.7773237e-001
 7.7691144e-001
 7.7604747e-001
 7.7517390e-001
 7.7432680e-001
 7.7354139e-001
 7.7284938e-001
 7.7227712e-001
 7.7184343e-001
 7.7155864e-001
 7.7142411e-001
 7.7143127e-001
 7.7156252e-001
 7.7179116e-001
 7.7208322e-001
 7.7239865e-001
 7.7269387e-001
 7.7292448e-001
 7.7304745e-001
 7.7302408e-001
 7.7282202e-001
 7.7241635e-001
 7.7179098e-001
 7.7093834e-001
 7.6985896e-001
 7.6856047e-001
 7.6705509e-001
 7.6535821e-001
 7.6348519e-001
 7.6144832e-001
 7.5925553e-001
 7.5690722e-001
 7.5439721e-001
 7.5171310e-001
 7.4883717e-001
 7.4575227e-001
 7.4244338e-001
 7.3890430e-001
 7.3514068e-001
 7.3117107e-001
 7.2703046e-001
 7.2276729e-001
 7.1843874e-001
 7.1410865e-001
 7.0983738e-001
 7.0567936e-001
 7.0167607e-001
 6.9785166e-001
 6.9421506e-001
 6.9075769e-001
 6.8745923e-001
 6.8429017e-001
 6.8121409e-001
 6.7819303e-001
 6.7518681e-001
 6.7215717e-001
 6.6906917e-001
 6.6589427e-001
 6.6261888e-001
 6.5924889e-001
 6.5581888e-001
 6.5239465e-001
 6.4907014e-001
 6.4596063e-001
 6.4318377e-001
 6.4084244e-001
 6.3900441e-001
 6.3768911e-001
 6.3686645e-001
 6.3646519e-001
 6.3639271e-001
 6.3655978e-001
 6.3690388e-001
 6.3740569e-001
 6.3809401e-001
 6.3903946e-001
 6.4033729e-001
 6.4208704e-001
 6.4437091e-001
 6.4723718e-001
 6.5069228e-001
 6.5469652e-001
 6.5917122e-001
 6.6400379e-001
 6.6905898e-001
 6.7419100e-001
 6.7924947e-001
 6.8409318e-001
 6.8859380e-001
 6.9264495e-001
 6.9616801e-001
 6.9911218e-001
 7.0145619e-001
 7.0320630e-001
 7.0439041e-001
 7.0505434e-001
 7.0525491e-001
 7.0505571e-001
 7.0452297e-001
 7.0372277e-001
 7.0271885e-001
 7.0157194e-001
 7.0033836e-001
 6.9906843e-001
 6.9780642e-001
 6.9658804e-001
 6.9543958e-001
 6.9437623e-001
 6.9340032e-001
 6.9250113e-001
 6.9165349e-001
 6.9081897e-001
 6.8994719e-001
 6.8897790e-001
 6.8784559e-001
 6.8648428e-001
 6.8483359e-001
 6.8284690e-001
 6.8049759e-001
 6.7778826e-001
 6.7475694e-001
 6.7148036e-001
 6.6807812e-001
 6.6470695e-001
 6.6155559e-001
 6.5883064e-001
 6.5673822e-001
 6.5546626e-001
 6.5516251e-001
 6.5591878e-001
 6.5775812e-001
 6.6063249e-001
 6.6442537e-001
 6.6896683e-001
 6.7404866e-001
 6.7944652e-001
 6.8494272e-001
 6.9033986e-001
 6.9547856e-001
 7.0024055e-001
 7.0455259e-001
 7.0838499e-001
 7.1174264e-001
 7.1465892e-001
 7.1718830e-001
 7.1939558e-001
 7.2135168e-001
 7.2312587e-001
 7.2478205e-001
 7.2637647e-001
 7.2795433e-001
 7.2955012e-001
 7.3118663e-001
 7.3287529e-001
 7.3461813e-001
 7.3640752e-001
 7.3822927e-001
 7.4006349e-001
 7.4188697e-001
 7.4367636e-001
 7.4540854e-001
 7.4706429e-001
 7.4862838e-001
 7.5009066e-001
 7.5144684e-001
 7.5269705e-001
 7.5384498e-001
 7.5489712e-001
 7.5586051e-001
 7.5674236e-001
 7.5754857e-001
 7.5828356e-001
 7.5895089e-001
 7.5955296e-001
 7.6009232e-001
 7.6057178e-001
 7.6099539e-001
 7.6136869e-001
 7.6169866e-001
 7.6199359e-001
 7.6226264e-001
 7.6251495e-001
 7.6275921e-001
 7.6300281e-001
 7.6325107e-001
 7.6350701e-001
 7.6377141e-001
 7.6404274e-001
 7.6431781e-001
 7.6459259e-001
 7.6486254e-001
 7.6512337e-001
 7.6537180e-001
 7.6560515e-001
 7.6582205e-001
 7.6602191e-001
 7.6620483e-001
 7.6637155e-001
 7.6652318e-001
 7.6666093e-001
 7.6678622e-001
 7.6690054e-001
 7.6700532e-001
 7.6710212e-001
 7.6719207e-001
 7.6727629e-001
 7.6735562e-001
 7.6743054e-001
 7.6750124e-001
 7.6756740e-001
 7.6762867e-001
 7.6768434e-001
 7.6773357e-001
 7.6777548e-001
 7.6780933e-001
 7.6783437e-001
 7.6785028e-001
 7.6785672e-001
 7.6785386e-001
 7.6784205e-001
 7.6782197e-001
 7.6779455e-001
 7.6776081e-001
 7.6772195e-001
 7.6767910e-001
 7.6763338e-001
 7.6758587e-001
 7.6753742e-001
 7.6748884e-001
 7.6744074e-001
 7.6739377e-001
 7.6734841e-001
 7.6730520e-001
 7.6726443e-001
 7.6722658e-001
 7.6719207e-001
 7.6716119e-001
 7.6713431e-001
 7.6711166e-001
 7.6709360e-001
 7.6708031e-001
 7.6707196e-001
 7.6706851e-001
 7.6706970e-001
 7.6707506e-001
 7.6708364e-001
 7.6709443e-001
 7.6710606e-001
 7.6711690e-001
 7.6712555e-001
 7.6713061e-001
 7.6713097e-001
 7.6712584e-001
 7.6711512e-001
 7.6709896e-001
 7.6707810e-001
 7.6705378e-001
 7.6702738e-001
 7.6700050e-001
 7.6697469e-001
 7.6695102e-001
 7.6693046e-001
 7.6691318e-001
 7.6689893e-001
 7.6688695e-001
 7.6687604e-001
 7.6686466e-001
 7.6685131e-001
 7.6683426e-001
 7.6681215e-001
 7.6678383e-001
 7.6674843e-001
 7.6670557e-001
 7.6665503e-001
 7.6659703e-001
 7.6653183e-001
 7.6645988e-001
 7.6638162e-001
 7.6629740e-001
 7.6620752e-001
 7.6611221e-001
 7.6601160e-001
 7.6590604e-001
 7.6579583e-001
 7.6568121e-001
 7.6556277e-001
 7.6544088e-001
 7.6531595e-001
 7.6518840e-001
 7.6505828e-001
 7.6492560e-001
 7.6479018e-001
 7.6465160e-001
 7.6450932e-001
 7.6436263e-001
 7.6421094e-001
 7.6405364e-001
 7.6389021e-001
 7.6372015e-001
 7.6354319e-001
 7.6335913e-001
 7.6316786e-001
 7.6296920e-001
 7.6276308e-001
 7.6254928e-001
 7.6232755e-001
 7.6209760e-001
 7.6185918e-001
 7.6161212e-001
 7.6135635e-001
 7.6109213e-001
 7.6081979e-001
 7.6053989e-001
 7.6025307e-001
 7.5996011e-001
 7.5966185e-001
 7.5935900e-001
 7.5905216e-001
 7.5874162e-001
 7.5842756e-001
 7.5810987e-001
 7.5778830e-001
 7.5746256e-001
 7.5713241e-001
 7.5679791e-001
 7.5645930e-001
 7.5611728e-001
 7.5577265e-001
 7.5542653e-001
 7.5507987e-001
 7.5473362e-001
 7.5438845e-001
 7.5404477e-001
 7.5370264e-001
 7.5336200e-001
 7.5302249e-001
 7.5268400e-001
 7.5234622e-001
 7.5200927e-001
 7.5167322e-001
 7.5133824e-001
 7.5100452e-001
 7.5067228e-001
 7.5034124e-001
 7.5001115e-001
 7.4968117e-001
 7.4935061e-001
 7.4901831e-001
 7.4868315e-001
 7.4834412e-001
 7.4800003e-001
 7.4764967e-001
 7.4729204e-001
 7.4692565e-001
 7.4654907e-001
 7.4616039e-001
 7.4575746e-001
 7.4533796e-001
 7.4489892e-001
 7.4443746e-001
 7.4395007e-001
 7.4343318e-001
 7.4288315e-001
 7.4229610e-001
 7.4166840e-001
 7.4099654e-001
 7.4027723e-001
 7.3950785e-001
 7.3868585e-001
 7.3780960e-001
 7.3687822e-001
 7.3589128e-001
 7.3484963e-001
 7.3375469e-001
 7.3260897e-001
 7.3141623e-001
 7.3018032e-001
 7.2890663e-001
 7.2760016e-001
 7.2626656e-001
 7.2491139e-001
 7.2353894e-001
 7.2215319e-001
 7.2075653e-001
 7.1935040e-001
 7.1793526e-001
 7.1651030e-001
 7.1507496e-001
 7.1362841e-001
 7.1217108e-001
 7.1070468e-001
 7.0923221e-001
 7.0775867e-001
 7.0629060e-001
 7.0483512e-001
 7.0340073e-001
 7.0199519e-001
 7.0062619e-001
 6.9930053e-001
 6.9802296e-001
 6.9679737e-001
 6.9562519e-001
 6.9450653e-001
 6.9344002e-001
 6.9242263e-001
 6.9145125e-001
 6.9052243e-001
 6.8963373e-001
 6.8878448e-001
 6.8797594e-001
 6.8721235e-001
 6.8650043e-001
 6.8585002e-001
 6.8527311e-001
 6.8478310e-001
 6.8439430e-001
 6.8412048e-001
 6.8397367e-001
 6.8396294e-001
 6.8409353e-001
 6.8436581e-001
 6.8477535e-001
 6.8531376e-001
 6.8596911e-001
 6.8672824e-001
 6.8757826e-001
 6.8850821e-001
 6.8951088e-001
 6.9058269e-001
 6.9172394e-001
 6.9293743e-001
 6.9422710e-001
 6.9559675e-001
 6.9704771e-001
 6.9857895e-001
 7.0018506e-001
 7.0185667e-001
 7.0358127e-001
 7.0534217e-001
 7.0712042e-001
 7.0889449e-001
 7.1064144e-001
 7.1233892e-001
 7.1396494e-001
 7.1550012e-001
 7.1692932e-001
 7.1824116e-001
 7.1943009e-001
 7.2049475e-001
 7.2143781e-001
 7.2226542e-001
 7.2298503e-001
 7.2365016e-001
 7.2417486e-001
 7.2461569e-001
 7.2497910e-001
 7.2527051e-001
 7.2549504e-001
 7.2565752e-001
 7.2576284e-001
 7.2581643e-001
 7.2582388e-001
 7.2579157e-001
 7.2572613e-001
 7.2563481e-001
 7.2552484e-001
 7.2540349e-001
 7.2527760e-001
 7.2515327e-001
 7.2503531e-001
 7.2492725e-001
 7.2483093e-001
 7.2474664e-001
 7.2467309e-001
 7.2460777e-001
 7.2454691e-001
 7.2448617e-001
 7.2442043e-001
 7.2434425e-001
 7.2425193e-001
 7.2413784e-001
 7.2399658e-001
 7.2382325e-001
 7.2361392e-001
 7.2336650e-001
 7.2308093e-001
 7.2276014e-001
 7.2241026e-001
 7.2204107e-001
 7.2166556e-001
 7.2129929e-001
 7.2095883e-001
 7.2066057e-001
 7.2041827e-001
 7.2024173e-001
 7.2013521e-001
 7.2009695e-001
 7.2011930e-001
 7.2018975e-001
 7.2029245e-001
 7.2041011e-001
 7.2052556e-001
 7.2062349e-001
 7.2069097e-001
 7.2071809e-001
 7.2069770e-001
 7.2062516e-001
 7.2049755e-001
 7.2031337e-001
 7.2007179e-001
 7.1977258e-001
 7.1941572e-001
 7.1900123e-001
 7.1852899e-001
 7.1799880e-001
 7.1741003e-001
 7.1676159e-001
 7.1605211e-001
 7.1528000e-001
 7.1444309e-001
 7.1353990e-001
 7.1256882e-001
 7.1152902e-001
 7.1042067e-001
 7.0924395e-001
 7.0800072e-001
 7.0669246e-001
 7.0532167e-001
 7.0389104e-001
 7.0240283e-001
 7.0085979e-001
 6.9926375e-001
 6.9761693e-001
 6.9592112e-001
 6.9417679e-001
 6.9238478e-001
 6.9054413e-001
 6.8865365e-001
 6.8671179e-001
 6.8471581e-001
 6.8266416e-001
 6.8055618e-001
 6.7839217e-001
 6.7617548e-001
 6.7391092e-001
 6.7160696e-001
 6.6927463e-001
 6.6692662e-001
 6.6457891e-001
 6.6224813e-001
 6.5995258e-001
 6.5771115e-001
 6.5554136e-001
 6.5346056e-001
 6.5148306e-001
 6.4962149e-001
 6.4788538e-001
 6.4628041e-001
 6.4481014e-001
 6.4347428e-001
 6.4227051e-001
 6.4119440e-001
 6.4023936e-001
 6.3939798e-001
 6.3866168e-001
 6.3802159e-001
 6.3746864e-001
 6.3699359e-001
 6.3658780e-001
 6.3624287e-001
 6.3595098e-001
 6.3570505e-001
 6.3549834e-001
 6.3532513e-001
 6.3518023e-001
 6.3505906e-001
 6.3495767e-001
 6.3487256e-001
 6.3480079e-001
 6.3473964e-001
 6.3468665e-001
 6.3463962e-001
 6.3459659e-001
 6.3455594e-001
 6.3451636e-001
 6.3447684e-001
 6.3443661e-001
 6.3439506e-001
 6.3435161e-001
 6.3430554e-001
 6.3425636e-001
 6.3420326e-001
 6.3414568e-001
 6.3408297e-001
 6.3401461e-001
 6.3393986e-001
 6.3385779e-001
 6.3376725e-001
 6.3366705e-001
 6.3355589e-001
 6.3343269e-001
 6.3329720e-001
 6.3314992e-001
 6.3299251e-001
 6.3282776e-001
 6.3265944e-001
 6.3249218e-001
 6.3233107e-001
 6.3218123e-001
 6.3204789e-001
 6.3193554e-001
 6.3184839e-001
 6.3178974e-001
 6.3176197e-001
 6.3176644e-001
 6.3180327e-001
 6.3187146e-001
 6.3196856e-001
 6.3209116e-001
 6.3223457e-001
 6.3239348e-001
 6.3256198e-001
 6.3273382e-001
 6.3290268e-001
 6.3306218e-001
 6.3320637e-001
 6.3332933e-001
 6.3342583e-001
 6.3349086e-001
 6.3352007e-001
 6.3350993e-001
 6.3345730e-001
 6.3336009e-001
 6.3321686e-001
 6.3302684e-001
 6.3279021e-001
 6.3250756e-001
 6.3218033e-001
 6.3181025e-001
 6.3139987e-001
 6.3095236e-001
 6.3047123e-001
 6.2996089e-001
 6.2942606e-001
 6.2887174e-001
 6.2830329e-001
 6.2772596e-001
 6.2714511e-001
 6.2656629e-001
 6.2599492e-001
 6.2543690e-001
 6.2489820e-001
 6.2438488e-001
 6.2390268e-001
 6.2345707e-001
 6.2305254e-001
 6.2269247e-001
 6.2237942e-001
 6.2211448e-001
 6.2189764e-001
 6.2172771e-001
 6.2160271e-001
 6.2151945e-001
 6.2147409e-001
 6.2146193e-001
 6.2147754e-001
 6.2151515e-001
 6.2156820e-001
 6.2162995e-001
 6.2169331e-001
 6.2175119e-001
 6.2179655e-001
 6.2182289e-001
 6.2182462e-001
 6.2179697e-001
 6.2173682e-001
 6.2164235e-001
 6.2151349e-001
 6.2135154e-001
 6.2115937e-001
 6.2094074e-001
 6.2070018e-001
 6.2044221e-001
 6.2017101e-001
 6.1989021e-001
 6.1960214e-001
 6.1930794e-001
 6.1900789e-001
 6.1870134e-001
 6.1838734e-001
 6.1806500e-001
 6.1773366e-001
 6.1739296e-001
 6.1704272e-001
 6.1668324e-001
 6.1631453e-001
 6.1593652e-001
 6.1554962e-001
 6.1515403e-001
 6.1475015e-001
 6.1433905e-001
 6.1392182e-001
 6.1349958e-001
 6.1307418e-001
 6.1264694e-001
 6.1221939e-001
 6.1179280e-001
 6.1136866e-001
 6.1094767e-001
 6.1053008e-001
 6.1011589e-001
 6.0970408e-001
 6.0929340e-001
 6.0888255e-001
 6.0847014e-001
 6.0805565e-001
 6.0763901e-001
 6.0722166e-001
 6.0680550e-001
 6.0639280e-001
 6.0598612e-001
 6.0558689e-001
 6.0519516e-001
 6.0480952e-001
 6.0442591e-001
 6.0403842e-001
 6.0363907e-001
 6.0321903e-001
 6.0276878e-001
 6.0227919e-001
 6.0174298e-001
 6.0115474e-001
 6.0051173e-001
 5.9981489e-001
 5.9906745e-001
 5.9827501e-001
 5.9744513e-001
 5.9658521e-001
 5.9570217e-001
 5.9480107e-001
 5.9388572e-001
 5.9295696e-001
 5.9201342e-001
 5.9105277e-001
 5.9007061e-001
 5.8906156e-001
 5.8802032e-001
 5.8694011e-001
 5.8581346e-001
 5.8463144e-001
 5.8338499e-001
 5.8206314e-001
 5.8065462e-001
 5.7915050e-001
 5.7754332e-001
 5.7582986e-001
 5.7401413e-001
 5.7210553e-001
 5.7011986e-001
 5.6808001e-001
 5.6601077e-001
 5.6393808e-001
 5.6188512e-001
 5.5987173e-001
 5.5790973e-001
 5.5600399e-001
 5.5415410e-001
 5.5235374e-001
 5.5059397e-001
 5.4886699e-001
 5.4716533e-001
 5.4548472e-001
 5.4382330e-001
 5.4218280e-001
 5.4056460e-001
 5.3896970e-001
 5.3739852e-001
 5.3584749e-001
 5.3430974e-001
 5.3277647e-001
 5.3123498e-001
 5.2967072e-001
 5.2806902e-001
 5.2641392e-001
 5.2469039e-001
 5.2288377e-001
 5.2098215e-001
 5.1897413e-001
 5.1684970e-001
 5.1460218e-001
 5.1222521e-001
 5.0971377e-001
 5.0706649e-001
 5.0428253e-001
 5.0136471e-001
 4.9831891e-001
 4.9515834e-001
 4.9189982e-001
 4.8856625e-001
 4.8518878e-001
 4.8180115e-001
 4.7844031e-001
 4.7514692e-001
 4.7195819e-001
 4.6890837e-001
 4.6602884e-001
 4.6334252e-001
 4.6086571e-001
 4.5860672e-001
 4.5656800e-001
 4.5474368e-001
 4.5312235e-001
 4.5168921e-001
 4.5042518e-001
 4.4930938e-001
 4.4832084e-001
 4.4743738e-001
 4.4663706e-001
 4.4589740e-001
 4.4519591e-001
 4.4450876e-001
 4.4381177e-001
 4.4308144e-001
 4.4229540e-001
 4.4143462e-001
 4.4048551e-001
 4.3944019e-001
 4.3829739e-001
 4.3706295e-001
 4.3574700e-001
 4.3436301e-001
 4.3292519e-001
 4.3144813e-001
 4.2994383e-001
 4.2842296e-001
 4.2689708e-001
 4.2537823e-001
 4.2388186e-001
 4.2242852e-001
 4.2104104e-001
 4.1974264e-001
 4.1855153e-001
 4.1747537e-001
 4.1650322e-001
 4.1560161e-001
 4.1471323e-001
 4.1375870e-001
 4.1264459e-001
 4.1127703e-001
 4.0957585e-001
 4.0749294e-001
 4.0502745e-001
 4.0224034e-001
 3.9925668e-001
 3.9626446e-001
 3.9350548e-001
 3.9125073e-001
 3.8977680e-001
 3.8933712e-001
 3.9013189e-001
 3.9228806e-001
 3.9584336e-001
 4.0074709e-001
 4.0686730e-001
 4.1401058e-001
 4.2193830e-001
 4.3040165e-001
 4.3915930e-001
 4.4798765e-001
 4.5670381e-001
 4.6516338e-001
 4.7325331e-001
 4.8089972e-001
 4.8805392e-001
 4.9469045e-001
 5.0079602e-001
 5.0637543e-001
 5.1144332e-001
 5.1601899e-001
 5.2013171e-001
 5.2381456e-001
 5.2710044e-001
 5.3002602e-001
 5.3262705e-001
 5.3493637e-001
 5.3698695e-001
 5.3880912e-001
 5.4043150e-001
 5.4187953e-001
 5.4317796e-001
 5.4434919e-001
 5.4541248e-001
 5.4638553e-001
 5.4728305e-001
 5.4811621e-001
 5.4889351e-001
 5.4962009e-001
 5.5029833e-001
 5.5092782e-001
 5.5150694e-001
 5.5203313e-001
 5.5250347e-001
 5.5291629e-001
 5.5327094e-001
 5.5356818e-001
 5.5381066e-001
 5.5400246e-001
 5.5414838e-001
 5.5425388e-001
 5.5432391e-001
 5.5436230e-001
 5.5437118e-001
 5.5435055e-001
 5.5429852e-001
 5.5421168e-001
 5.5408537e-001
 5.5391484e-001
 5.5369568e-001
 5.5342406e-001
 5.5309755e-001
 5.5271465e-001
 5.5227560e-001
 5.5178142e-001
 5.5123430e-001
 5.5063748e-001
 5.4999447e-001
 5.4930878e-001
 5.4858434e-001
 5.4782403e-001
 5.4702985e-001
 5.4620349e-001
 5.4534501e-001
 5.4445350e-001
 5.4352695e-001
 5.4256320e-001
 5.4155904e-001
 5.4051095e-001
 5.3941625e-001
 5.3827167e-001
 5.3707397e-001
 5.3582060e-001
 5.3450757e-001
 5.3313011e-001
 5.3168166e-001
 5.3015453e-001
 5.2853811e-001
 5.2681965e-001
 5.2498609e-001
 5.2302253e-001
 5.2091396e-001
 5.1864862e-001
 5.1621598e-001
 5.1360929e-001
 5.1082921e-001
 5.0788081e-001
 5.0477672e-001
 5.0153643e-001
 4.9818891e-001
 4.9476734e-001
 4.9131027e-001
 4.8786226e-001
 4.8446700e-001
 4.8116747e-001
 4.7800598e-001
 4.7501767e-001
 4.7223228e-001
 4.6967182e-001
 4.6735311e-001
 4.6528444e-001
 4.6346882e-001
 4.6190611e-001
 4.6059158e-001
 4.5951879e-001
 4.5868045e-001
 4.5806748e-001
 4.5766988e-001
 4.5747608e-001
 4.5747247e-001
 4.5764270e-001
 4.5796749e-001
 4.5842454e-001
 4.5898905e-001
 4.5963451e-001
 4.6033278e-001
 4.6105587e-001
 4.6177655e-001
 4.6246830e-001
 4.6310741e-001
 4.6367300e-001
 4.6414810e-001
 4.6452007e-001
 4.6478164e-001
 4.6493092e-001
 4.6497110e-001
 4.6491009e-001
 4.6475947e-001
 4.6453348e-001
 4.6424761e-001
 4.6391776e-001
 4.6355921e-001
 4.6318644e-001
 4.6281254e-001
 4.6244919e-001
 4.6210697e-001
 4.6179461e-001
 4.6151888e-001
 4.6128389e-001
 4.6109009e-001
 4.6093336e-001
 4.6080455e-001
 4.6068907e-001
 4.6056697e-001
 4.6041390e-001
 4.6020246e-001
 4.5990351e-001
 4.5948818e-001
 4.5893008e-001
 4.5820627e-001
 4.5729905e-001
 4.5619765e-001
 4.5489764e-001
 4.5340189e-001
 4.5171961e-001
 4.4986740e-001
 4.4786578e-001
 4.4573939e-001
 4.4351757e-001
 4.4123062e-001
 4.3891045e-001
 4.3659174e-001
 4.3430755e-001
 4.3209016e-001
 4.2997149e-001
 4.2797831e-001
 4.2613360e-001
 4.2445439e-001
 4.2295289e-001
 4.2163390e-001
 4.2049673e-001
 4.1953629e-001
 4.1874275e-001
 4.1810346e-001
 4.1760427e-001
 4.1722929e-001
 4.1696212e-001
 4.1678539e-001
 4.1668084e-001
 4.1662890e-001
 4.1660860e-001
 4.1659790e-001
 4.1657418e-001
 4.1651514e-001
 4.1640025e-001
 4.1621166e-001
 4.1593531e-001
 4.1556153e-001
 4.1508472e-001
 4.1450301e-001
 4.1381729e-001
 4.1303107e-001
 4.1214871e-001
 4.1117543e-001
 4.1011783e-001
 4.0898243e-001
 4.0777603e-001
 4.0650672e-001
 4.0518174e-001
 4.0380850e-001
 4.0239367e-001
 4.0094474e-001
 3.9946780e-001
 3.9796889e-001
 3.9645517e-001
 3.9493278e-001
 3.9340806e-001
 3.9188871e-001
 3.9038143e-001
 3.8889337e-001
 3.8743299e-001
 3.8600811e-001
 3.8462722e-001
 3.8329872e-001
 3.8203207e-001
 3.8083562e-001
 3.7971756e-001
 3.7868604e-001
 3.7774715e-001
 3.7690493e-001
 3.7616137e-001
 3.7551466e-001
 3.7496009e-001
 3.7449023e-001
 3.7409604e-001
 3.7376693e-001
 3.7349182e-001
 3.7325948e-001
 3.7305799e-001
 3.7287509e-001
 3.7269831e-001
 3.7251523e-001
 3.7231451e-001
 3.7208655e-001
 3.7182471e-001
 3.7152538e-001
 3.7118810e-001
 3.7081566e-001
 3.7041289e-001
 3.6998633e-001
 3.6954391e-001
 3.6909401e-001
 3.6864537e-001
 3.6820745e-001
 3.6778966e-001
 3.6740169e-001
 3.6705327e-001
 3.6675385e-001
 3.6651146e-001
 3.6633211e-001
 3.6621892e-001
 3.6617133e-001
 3.6618501e-001
 3.6625206e-001
 3.6636192e-001
 3.6650208e-001
 3.6665919e-001
 3.6681947e-001
 3.6696935e-001
 3.6709553e-001
 3.6718476e-001
 3.6722425e-001
 3.6720160e-001
 3.6710551e-001
 3.6692631e-001
 3.6665687e-001
 3.6629415e-001
 3.6583948e-001
 3.6529967e-001
 3.6468667e-001
 3.6401746e-001
 3.6331189e-001
 3.6259109e-001
 3.6187622e-001
 3.6118567e-001
 3.6053434e-001
 3.5993356e-001
 3.5938978e-001
 3.5890579e-001
 3.5848096e-001
 3.5811257e-001
 3.5779592e-001
 3.5752556e-001
-1.2300000e+034
