s07_ASD Record=13986: Pyrite LV95-6A Weath on Tail  BECKb AREF
 2.5508936e-002
 2.5771394e-002
 2.6056990e-002
 2.6355727e-002
 2.6657438e-002
 2.6954534e-002
 2.7243195e-002
 2.7522719e-002
 2.7794767e-002
 2.8062794e-002
 2.8331559e-002
 2.8606255e-002
 2.8891636e-002
 2.9190920e-002
 2.9504059e-002
 2.9826906e-002
 3.0152852e-002
 3.0476641e-002
 3.0797545e-002
 3.1120569e-002
 3.1454731e-002
 3.1808935e-002
 3.2187808e-002
 3.2590009e-002
 3.3009745e-002
 3.3439562e-002
 3.3873670e-002
 3.4310013e-002
 3.4749091e-002
 3.5191584e-002
 3.5637379e-002
 3.6086481e-002
 3.6539983e-002
 3.7000898e-002
 3.7474364e-002
 3.7966006e-002
 3.8480025e-002
 3.9018244e-002
 3.9580248e-002
 4.0164292e-002
 4.0768925e-002
 4.1393839e-002
 4.2039651e-002
 4.2707007e-002
 4.3395381e-002
 4.4102784e-002
 4.4825856e-002
 4.5560591e-002
 4.6302721e-002
 4.7048301e-002
 4.7793981e-002
 4.8536859e-002
 4.9273804e-002
 4.9999956e-002
 5.0708354e-002
 5.1390816e-002
 5.2041609e-002
 5.2661899e-002
 5.3258073e-002
 5.3838383e-002
 5.4411929e-002
 5.4979578e-002
 5.5537019e-002
 5.6076452e-002
 5.6582294e-002
 5.7042900e-002
 5.7455841e-002
 5.7822648e-002
 5.8145206e-002
 5.8426421e-002
 5.8669884e-002
 5.8879670e-002
 5.9059873e-002
 5.9214488e-002
 5.9347246e-002
 5.9461735e-002
 5.9561815e-002
 5.9652608e-002
 5.9741493e-002
 5.9838619e-002
 5.9956275e-002
 6.0107201e-002
 6.0302723e-002
 6.0551465e-002
 6.0859021e-002
 6.1227810e-002
 6.1656296e-002
 6.2137872e-002
 6.2660456e-002
 6.3208692e-002
 6.3768350e-002
 6.4331166e-002
 6.4896673e-002
 6.5469839e-002
 6.6055767e-002
 6.6654891e-002
 6.7261837e-002
 6.7868784e-002
 6.8471901e-002
 6.9074966e-002
 6.9686711e-002
 7.0312411e-002
 7.0945717e-002
 7.1566790e-002
 7.2148651e-002
 7.2672233e-002
 7.3139317e-002
 7.3572405e-002
 7.4001588e-002
 7.4447721e-002
 7.4913293e-002
 7.5385250e-002
 7.5845271e-002
 7.6280139e-002
 7.6688446e-002
 7.7081859e-002
 7.7479549e-002
 7.7896461e-002
 7.8332223e-002
 7.8771167e-002
 7.9195090e-002
 7.9597600e-002
 7.9985149e-002
 8.0364510e-002
 8.0731422e-002
 8.1073828e-002
 8.1387445e-002
 8.1687696e-002
 8.2005069e-002
 8.2364634e-002
 8.2765527e-002
 8.3178468e-002
 8.3565377e-002
 8.3906561e-002
 8.4212989e-002
 8.4515885e-002
 8.4844477e-002
 8.5210554e-002
 8.5607573e-002
 8.6019367e-002
 8.6428314e-002
 8.6818635e-002
 8.7179400e-002
 8.7511480e-002
 8.7833159e-002
 8.8171765e-002
 8.8541590e-002
 8.8929534e-002
 8.9306422e-002
 8.9652836e-002
 8.9970574e-002
 9.0272129e-002
 9.0566263e-002
 9.0854436e-002
 9.1134809e-002
 9.1407925e-002
 9.1680966e-002
 9.1965638e-002
 9.2267260e-002
 9.2579462e-002
 9.2896111e-002
 9.3225293e-002
 9.3580328e-002
 9.3956701e-002
 9.4329178e-002
 9.4675861e-002
 9.4997592e-002
 9.5307715e-002
 9.5606782e-002
 9.5874570e-002
 9.6088104e-002
 9.6244901e-002
 9.6368484e-002
 9.6496060e-002
 9.6662790e-002
 9.6889362e-002
 9.7171582e-002
 9.7479507e-002
 9.7775593e-002
 9.8041318e-002
 9.8287597e-002
 9.8540194e-002
 9.8817281e-002
 9.9119589e-002
 9.9435329e-002
 9.9748857e-002
 1.0004509e-001
 1.0031296e-001
 1.0055222e-001
 1.0077907e-001
 1.0102063e-001
 1.0129847e-001
 1.0161323e-001
 1.0194007e-001
 1.0223836e-001
 1.0247286e-001
 1.0263723e-001
 1.0276307e-001
 1.0290472e-001
 1.0311056e-001
 1.0339875e-001
 1.0374323e-001
 1.0407546e-001
 1.0432128e-001
 1.0446601e-001
 1.0458064e-001
 1.0475855e-001
 1.0502559e-001
 1.0533128e-001
 1.0561812e-001
 1.0587040e-001
 1.0609867e-001
 1.0630891e-001
 1.0649902e-001
 1.0667001e-001
 1.0682850e-001
 1.0698055e-001
 1.0712855e-001
 1.0727579e-001
 1.0743184e-001
 1.0761014e-001
 1.0781638e-001
 1.0803787e-001
 1.0824689e-001
 1.0842012e-001
 1.0855602e-001
 1.0867234e-001
 1.0878909e-001
 1.0891592e-001
 1.0904688e-001
 1.0915886e-001
 1.0922701e-001
 1.0926026e-001
 1.0931288e-001
 1.0943399e-001
 1.0960647e-001
 1.0976081e-001
 1.0985174e-001
 1.0990226e-001
 1.0996617e-001
 1.1006072e-001
 1.1015562e-001
 1.1023593e-001
 1.1034184e-001
 1.1050384e-001
 1.1066896e-001
 1.1075872e-001
 1.1078335e-001
 1.1082902e-001
 1.1093361e-001
 1.1104219e-001
 1.1109160e-001
 1.1108827e-001
 1.1109743e-001
 1.1117756e-001
 1.1132623e-001
 1.1148403e-001
 1.1158498e-001
 1.1161138e-001
 1.1160403e-001
 1.1161385e-001
 1.1165284e-001
 1.1170264e-001
 1.1175198e-001
 1.1181338e-001
 1.1191170e-001
 1.1204635e-001
 1.1216298e-001
 1.1219843e-001
 1.1215840e-001
 1.1211613e-001
 1.1213697e-001
 1.1222892e-001
 1.1235616e-001
 1.1247482e-001
 1.1255240e-001
 1.1256977e-001
 1.1252332e-001
 1.1243555e-001
 1.1235876e-001
 1.1234961e-001
 1.1242417e-001
 1.1253874e-001
 1.1263224e-001
 1.1268117e-001
 1.1270503e-001
 1.1274017e-001
 1.1281286e-001
 1.1291318e-001
 1.1298734e-001
 1.1298279e-001
 1.1291897e-001
 1.1288936e-001
 1.1297294e-001
 1.1315631e-001
 1.1334655e-001
 1.1345010e-001
 1.1344403e-001
 1.1338080e-001
 1.1333194e-001
 1.1333753e-001
 1.1340088e-001
 1.1350517e-001
 1.1362630e-001
 1.1374497e-001
 1.1385788e-001
 1.1397219e-001
 1.1408481e-001
 1.1417740e-001
 1.1424019e-001
 1.1429796e-001
 1.1440043e-001
 1.1456577e-001
 1.1473183e-001
 1.1480572e-001
 1.1478657e-001
 1.1478721e-001
 1.1491220e-001
 1.1515974e-001
 1.1542301e-001
 1.1557063e-001
 1.1553910e-001
 1.1537895e-001
 1.1521356e-001
 1.1514314e-001
 1.1518405e-001
 1.1528320e-001
 1.1537727e-001
 1.1543873e-001
 1.1547796e-001
 1.1551894e-001
 1.1557884e-001
 1.1566062e-001
 1.1575108e-001
 1.1582254e-001
 1.1584634e-001
 1.1581739e-001
 1.1576871e-001
 1.1575378e-001
 1.1580419e-001
 1.1590146e-001
 1.1599402e-001
 1.1604571e-001
 1.1606969e-001
 1.1611705e-001
 1.1623415e-001
 1.1642724e-001
 1.1665244e-001
 1.1681888e-001
 1.1681148e-001
 1.1657347e-001
 1.1623202e-001
 1.1611135e-001
 1.1640137e-001
 1.1676192e-001
 1.1682003e-001
 1.1664668e-001
 1.1651988e-001
 1.1652621e-001
 1.1656657e-001
 1.1656874e-001
 1.1655282e-001
 1.1656922e-001
 1.1662012e-001
 1.1664119e-001
 1.1657177e-001
 1.1642624e-001
 1.1628255e-001
 1.1622439e-001
 1.1629151e-001
 1.1645109e-001
 1.1659919e-001
 1.1661491e-001
 1.1646451e-001
 1.1624558e-001
 1.1608904e-001
 1.1604469e-001
 1.1607836e-001
 1.1612701e-001
 1.1613452e-001
 1.1607376e-001
 1.1596922e-001
 1.1588384e-001
 1.1585073e-001
 1.1583692e-001
 1.1580200e-001
 1.1574239e-001
 1.1563884e-001
 1.1544939e-001
 1.1523745e-001
 1.1518174e-001
 1.1530846e-001
 1.1537090e-001
 1.1519025e-001
 1.1492569e-001
 1.1481545e-001
 1.1482916e-001
 1.1480661e-001
 1.1466056e-001
 1.1444259e-001
 1.1427765e-001
 1.1424072e-001
 1.1429875e-001
 1.1431853e-001
 1.1419336e-001
 1.1395106e-001
 1.1373337e-001
 1.1367378e-001
 1.1375830e-001
 1.1382424e-001
 1.1371609e-001
 1.1343856e-001
 1.1315202e-001
 1.1301907e-001
 1.1305821e-001
 1.1314379e-001
 1.1313731e-001
 1.1300367e-001
 1.1281288e-001
 1.1265320e-001
 1.1256390e-001
 1.1253043e-001
 1.1251492e-001
 1.1247160e-001
 1.1235610e-001
 1.1214442e-001
 1.1185293e-001
 1.1154331e-001
 1.1130213e-001
 1.1119636e-001
 1.1115053e-001
 1.1113695e-001
 1.1111137e-001
 1.1106410e-001
 1.1099927e-001
 1.1092109e-001
 1.1083365e-001
 1.1074007e-001
 1.1064302e-001
 1.1054526e-001
 1.1044877e-001
 1.1035068e-001
 1.1024614e-001
 1.1013030e-001
 1.0999914e-001
 1.0985384e-001
 1.0969774e-001
 1.0953416e-001
 1.0936758e-001
 1.0920957e-001
 1.0905544e-001
 1.0896581e-001
 1.0892991e-001
 1.0893971e-001
 1.0896553e-001
 1.0897674e-001
 1.0894273e-001
 1.0883421e-001
 1.0865173e-001
 1.0842551e-001
 1.0818697e-001
 1.0796764e-001
 1.0779785e-001
 1.0768370e-001
 1.0760720e-001
 1.0754943e-001
 1.0749140e-001
 1.0741474e-001
 1.0731341e-001
 1.0719360e-001
 1.0706192e-001
 1.0692508e-001
 1.0678972e-001
 1.0666043e-001
 1.0653373e-001
 1.0640421e-001
 1.0626645e-001
 1.0611501e-001
 1.0594451e-001
 1.0575207e-001
 1.0554483e-001
 1.0533223e-001
 1.0512381e-001
 1.0492901e-001
 1.0475737e-001
 1.0461834e-001
 1.0451824e-001
 1.0445131e-001
 1.0440885e-001
 1.0438222e-001
 1.0436273e-001
 1.0434175e-001
 1.0431056e-001
 1.0426053e-001
 1.0418583e-001
 1.0409132e-001
 1.0398440e-001
 1.0387248e-001
 1.0376291e-001
 1.0366315e-001
 1.0358054e-001
 1.0352251e-001
 1.0349438e-001
 1.0349388e-001
 1.0351691e-001
 1.0355943e-001
 1.0361734e-001
 1.0368656e-001
 1.0376305e-001
 1.0384271e-001
 1.0392150e-001
 1.0399543e-001
 1.0406054e-001
 1.0411287e-001
 1.0414848e-001
 1.0416337e-001
 1.0415360e-001
 1.0411521e-001
 1.0404423e-001
 1.0393672e-001
 1.0378867e-001
 1.0359617e-001
 1.0335752e-001
 1.0307947e-001
 1.0277056e-001
 1.0243944e-001
 1.0209464e-001
 1.0174482e-001
 1.0139854e-001
 1.0106435e-001
 1.0075093e-001
 1.0046679e-001
 1.0022059e-001
 1.0002089e-001
 9.9873520e-002
 9.9774346e-002
 9.9717073e-002
 9.9695377e-002
 9.9702954e-002
 9.9733464e-002
 9.9780589e-002
 9.9838033e-002
 9.9899456e-002
 9.9958546e-002
 1.0000900e-001
 1.0004567e-001
 1.0006765e-001
 1.0007494e-001
 1.0006752e-001
 1.0004539e-001
 1.0000856e-001
 9.9957019e-002
 9.9890769e-002
 9.9809811e-002
 9.9714123e-002
 9.9603958e-002
 9.9480323e-002
 9.9344395e-002
 9.9197388e-002
 9.9040449e-002
 9.8874830e-002
 9.8701656e-002
 9.8522179e-002
 9.8337539e-002
 9.8148957e-002
 9.7958282e-002
 9.7769767e-002
 9.7588077e-002
 9.7417995e-002
 9.7264178e-002
 9.7131386e-002
 9.7024299e-002
 9.6947663e-002
 9.6906178e-002
 9.6904576e-002
 9.6944548e-002
 9.7017795e-002
 9.7113773e-002
 9.7222045e-002
 9.7332098e-002
 9.7433478e-002
 9.7515658e-002
 9.7568206e-002
 9.7580604e-002
 9.7546168e-002
 9.7470745e-002
 9.7362854e-002
 9.7230956e-002
 9.7083561e-002
 9.6929125e-002
 9.6776187e-002
 9.6633181e-002
 9.6505888e-002
 9.6390910e-002
 9.6283093e-002
 9.6177183e-002
 9.6067987e-002
 9.5950291e-002
 9.5818892e-002
 9.5668569e-002
 9.5498219e-002
 9.5320180e-002
 9.5149450e-002
 9.5001139e-002
 9.4890237e-002
 9.4831817e-002
 9.4840907e-002
 9.4932556e-002
 9.5112063e-002
 9.5353149e-002
 9.5623329e-002
 9.5867418e-002
 9.6083477e-002
 9.6226960e-002
 9.6275412e-002
 9.6223414e-002
 9.6079990e-002
 9.5863894e-002
 9.5598496e-002
 9.5308430e-002
 9.5016621e-002
 9.4740376e-002
 9.4488718e-002
 9.4264530e-002
 9.4068117e-002
 9.3899339e-002
 9.3758717e-002
 9.3648173e-002
 9.3571313e-002
 9.3532979e-002
 9.3538195e-002
 9.3590386e-002
 9.3688123e-002
 9.3821444e-002
 9.3970485e-002
 9.4107844e-002
 9.4203122e-002
 9.4228424e-002
 9.4165049e-002
 9.4009735e-002
 9.3776636e-002
 9.3493626e-002
 9.3195476e-002
 9.2916511e-002
 9.2683785e-002
 9.2511915e-002
 9.2401430e-002
 9.2341445e-002
 9.2314832e-002
 9.2303783e-002
 9.2294700e-002
 9.2372753e-002
 9.2374697e-002
 9.2393905e-002
 9.2429407e-002
 9.2479736e-002
 9.2542537e-002
 9.2614219e-002
 9.2689976e-002
 9.2763796e-002
 9.2829049e-002
 9.2879266e-002
 9.2909083e-002
 9.2915259e-002
 9.2897348e-002
 9.2857771e-002
 9.2801385e-002
 9.2734829e-002
 9.2665553e-002
 9.2600934e-002
 9.2547275e-002
 9.2509158e-002
 9.2489004e-002
 9.2486992e-002
 9.2501201e-002
 9.2528030e-002
 9.2562564e-002
 9.2599012e-002
 9.2631526e-002
 9.2654906e-002
 9.2665404e-002
 9.2661090e-002
 9.2641756e-002
 9.2608519e-002
 9.2563227e-002
 9.2507765e-002
 9.2443466e-002
 9.2370786e-002
 9.2289113e-002
 9.2197053e-002
 9.2092909e-002
 9.1975302e-002
 9.1844000e-002
 9.1700472e-002
 9.1548122e-002
 9.1392353e-002
 9.1239884e-002
 9.1098033e-002
 9.0973563e-002
 9.0871580e-002
 9.0794720e-002
 9.0742625e-002
 9.0711974e-002
 9.0697050e-002
 9.0690680e-002
 9.0685457e-002
 9.0675071e-002
 9.0655282e-002
 9.0624675e-002
 9.0584673e-002
 9.0539157e-002
 9.0493441e-002
 9.0453096e-002
 9.0422712e-002
 9.0404928e-002
 9.0400055e-002
 9.0406165e-002
 9.0419784e-002
 9.0436809e-002
 9.0453476e-002
 9.0467036e-002
 9.0476021e-002
 9.0479985e-002
 9.0478987e-002
 9.0472884e-002
 9.0460815e-002
 9.0441033e-002
 9.0411119e-002
 9.0368614e-002
 9.0311766e-002
 9.0240344e-002
 9.0156078e-002
 9.0062812e-002
 8.9966223e-002
 8.9873120e-002
 8.9790665e-002
 8.9725338e-002
 8.9682110e-002
 8.9663804e-002
 8.9670651e-002
 8.9700200e-002
 8.9747474e-002
 8.9805432e-002
 8.9865543e-002
 8.9918643e-002
 8.9955829e-002
 8.9969344e-002
 8.9953445e-002
 8.9905001e-002
 8.9823939e-002
 8.9713179e-002
 8.9578390e-002
 8.9427277e-002
 8.9268714e-002
 8.9111760e-002
 8.8964544e-002
 8.8833585e-002
 8.8723056e-002
 8.8634714e-002
 8.8567890e-002
 8.8519908e-002
 8.8486791e-002
 8.8463910e-002
 8.8446721e-002
 8.8431336e-002
 8.8414848e-002
 8.8395439e-002
 8.8372312e-002
 8.8345408e-002
 8.8315226e-002
 8.8282570e-002
 8.8248514e-002
 8.8214412e-002
 8.8181898e-002
 8.8152960e-002
 8.8129759e-002
 8.8114433e-002
 8.8108666e-002
 8.8113271e-002
 8.8127874e-002
 8.8150784e-002
 8.8179104e-002
 8.8209108e-002
 8.8236898e-002
 8.8258967e-002
 8.8272862e-002
 8.8277467e-002
 8.8273145e-002
 8.8261463e-002
 8.8244744e-002
 8.8225454e-002
 8.8205546e-002
 8.8185966e-002
 8.8166319e-002
 8.8144854e-002
 8.8118710e-002
 8.8084437e-002
 8.8038668e-002
 8.7978825e-002
 8.7903835e-002
 8.7814540e-002
 8.7713815e-002
 8.7606475e-002
 8.7498590e-002
 8.7396771e-002
 8.7307148e-002
 8.7234370e-002
 8.7180898e-002
 8.7146506e-002
 8.7128423e-002
 8.7121837e-002
 8.7120906e-002
 8.7119929e-002
 8.7114602e-002
 8.7102883e-002
 8.7085426e-002
 8.7065376e-002
 8.7047644e-002
 8.7037802e-002
 8.7040812e-002
 8.7059997e-002
 8.7096371e-002
 8.7148406e-002
 8.7212391e-002
 8.7283075e-002
 8.7354444e-002
 8.7420590e-002
 8.7476343e-002
 8.7517641e-002
 8.7541826e-002
 8.7547541e-002
 8.7534674e-002
 8.7504230e-002
 8.7458141e-002
 8.7399140e-002
 8.7330662e-002
 8.7256603e-002
 8.7181181e-002
 8.7108567e-002
 8.7042503e-002
 8.6985983e-002
 8.6940825e-002
 8.6907431e-002
 8.6884797e-002
 8.6870618e-002
 8.6861804e-002
 8.6855054e-002
 8.6847574e-002
 8.6837642e-002
 8.6825021e-002
 8.6810939e-002
 8.6797781e-002
 8.6788438e-002
 8.6785592e-002
 8.6791031e-002
 8.6805217e-002
 8.6827219e-002
 8.6854987e-002
 8.6885832e-002
 8.6916983e-002
 8.6946048e-002
 8.6971171e-002
 8.6990990e-002
 8.7004341e-002
 8.7009951e-002
 8.7006159e-002
 8.6990967e-002
 8.6962223e-002
 8.6918131e-002
 8.6857796e-002
 8.6781695e-002
 8.6691998e-002
 8.6592495e-002
 8.6488366e-002
 8.6385556e-002
 8.6290069e-002
 8.6207263e-002
 8.6141162e-002
 8.6094059e-002
 8.6066313e-002
 8.6056396e-002
 8.6061195e-002
 8.6076520e-002
 8.6097702e-002
 8.6120173e-002
 8.6140119e-002
 8.6154856e-002
 8.6163126e-002
 8.6165115e-002
 8.6162291e-002
 8.6156964e-002
 8.6151831e-002
 8.6149380e-002
 8.6151443e-002
 8.6158887e-002
 8.6171530e-002
 8.6188309e-002
 8.6207628e-002
 8.6227834e-002
 8.6247616e-002
 8.6266331e-002
 8.6284071e-002
 8.6301506e-002
 8.6319543e-002
 8.6338863e-002
 8.6359449e-002
 8.6380318e-002
 8.6399339e-002
 8.6413451e-002
 8.6418979e-002
 8.6412221e-002
 8.6390078e-002
 8.6350672e-002
 8.6293735e-002
 8.6220846e-002
 8.6135313e-002
 8.6041793e-002
 8.5945711e-002
 8.5852534e-002
 8.5767135e-002
 8.5693248e-002
 8.5633121e-002
 8.5587539e-002
 8.5555896e-002
 8.5536525e-002
 8.5527010e-002
 8.5524552e-002
 8.5526221e-002
 8.5529178e-002
 8.5530899e-002
 8.5529327e-002
 8.5523099e-002
 8.5511729e-002
 8.5495740e-002
 8.5476711e-002
 8.5457176e-002
 8.5440278e-002
 8.5429370e-002
 8.5427448e-002
 8.5436657e-002
 8.5457876e-002
 8.5490525e-002
 8.5532621e-002
 8.5581087e-002
 8.5632227e-002
 8.5682273e-002
 8.5728005e-002
 8.5767105e-002
 8.5798450e-002
 8.5822076e-002
 8.5838951e-002
 8.5850574e-002
 8.5858487e-002
 8.5863926e-002
 8.5867509e-002
 8.5869268e-002
 8.5868791e-002
 8.5865557e-002
 8.5859314e-002
 8.5850224e-002
 8.5838951e-002
 8.5826397e-002
 8.5813381e-002
 8.5800283e-002
 8.5786842e-002
 8.5772283e-002
 8.5755683e-002
 8.5736580e-002
 8.5715517e-002
 8.5694335e-002
 8.5676081e-002
 8.5664339e-002
 8.5662313e-002
 8.5671760e-002
 8.5692242e-002
 8.5720897e-002
 8.5752890e-002
 8.5782483e-002
 8.5804313e-002
 8.5814677e-002
 8.5812256e-002
 8.5798167e-002
 8.5775338e-002
 8.5747369e-002
 8.5717298e-002
 8.5686691e-002
 8.5655332e-002
 8.5621513e-002
 8.5582972e-002
 8.5537978e-002
 8.5486330e-002
 8.5429981e-002
 8.5372932e-002
 8.5320689e-002
 8.5279286e-002
 8.5254110e-002
 8.5249014e-002
 8.5265674e-002
 8.5303433e-002
 8.5359633e-002
 8.5430160e-002
 8.5510164e-002
 8.5594751e-002
 8.5679427e-002
 8.5760310e-002
 8.5834153e-002
 8.5898072e-002
 8.5949451e-002
 8.5985787e-002
 8.6004958e-002
 8.6005650e-002
 8.5988067e-002
 8.5954525e-002
 8.5909829e-002
 8.5861169e-002
 8.5817248e-002
 8.5786998e-002
 8.5777864e-002
 8.5794225e-002
 8.5836336e-002
 8.5900232e-002
 8.5978530e-002
 8.6062081e-002
 8.6142093e-002
 8.6211920e-002
 8.6268298e-002
 8.6311467e-002
 8.6344332e-002
 8.6370938e-002
 8.6394690e-002
 8.6416923e-002
 8.6436264e-002
 8.6448826e-002
 8.6449176e-002
 8.6431645e-002
 8.6391643e-002
 8.6326502e-002
 8.6235724e-002
 8.6120583e-002
 8.5983478e-002
 8.5827142e-002
 8.5654013e-002
 8.5466258e-002
 8.5265890e-002
 8.5055508e-002
 8.4838904e-002
 8.4621444e-002
 8.4410332e-002
 8.4213957e-002
 8.4041245e-002
 8.3900295e-002
 8.3797090e-002
 8.3734423e-002
 8.3711199e-002
 8.3722413e-002
 8.3759800e-002
 8.3813123e-002
 8.3871715e-002
 8.3926141e-002
 8.3969362e-002
 8.3997384e-002
 8.4009103e-002
 8.4005520e-002
 8.3988614e-002
 8.3960220e-002
 8.3921313e-002
 8.3871789e-002
 8.3810955e-002
 8.3738409e-002
 8.3654955e-002
 8.3563425e-002
 8.3468780e-002
 8.3377853e-002
 8.3298333e-002
 8.3237574e-002
 8.3201453e-002
 8.3193444e-002
 8.3214179e-002
 8.3261587e-002
 8.3331384e-002
 8.3417863e-002
 8.3514780e-002
 8.3616085e-002
 8.3716437e-002
 8.3811611e-002
 8.3898455e-002
 8.3974920e-002
 8.4039837e-002
 8.4092744e-002
 8.4133774e-002
 8.4163494e-002
 8.4182873e-002
 8.4193297e-002
 8.4196523e-002
 8.4194735e-002
 8.4190503e-002
 8.4186666e-002
 8.4186204e-002
 8.4192000e-002
 8.4206507e-002
 8.4231429e-002
 8.4267445e-002
 8.4314078e-002
 8.4369622e-002
 8.4431477e-002
 8.4496528e-002
 8.4561773e-002
 8.4624916e-002
 8.4684804e-002
 8.4741592e-002
 8.4796503e-002
 8.4851317e-002
 8.4907599e-002
 8.4965989e-002
 8.5025750e-002
 8.5084818e-002
 8.5140191e-002
 8.5188873e-002
 8.5228741e-002
 8.5259303e-002
 8.5282005e-002
 8.5299850e-002
 8.5316606e-002
 8.5335746e-002
 8.5359462e-002
 8.5388154e-002
 8.5420452e-002
 8.5453883e-002
 8.5485883e-002
 8.5514784e-002
 8.5540488e-002
 8.5564606e-002
 8.5590005e-002
 8.5619986e-002
 8.5657410e-002
 8.5704066e-002
 8.5760474e-002
 8.5826285e-002
 8.5900843e-002
 8.5983858e-002
 8.6075827e-002
 8.6177886e-002
 8.6291216e-002
 8.6416274e-002
 8.6551815e-002
 8.6694539e-002
 8.6839013e-002
 8.6978354e-002
 8.7105364e-002
 8.7213628e-002
 8.7298676e-002
 8.7358527e-002
 8.7393858e-002
 8.7407768e-002
 8.7405220e-002
 8.7392561e-002
 8.7377064e-002
 8.7366611e-002
 8.7369338e-002
 8.7393127e-002
 8.7444730e-002
 8.7528668e-002
 8.7646030e-002
 8.7793611e-002
 8.7963536e-002
 8.8143900e-002
 8.8320248e-002
 8.8477753e-002
 8.8604040e-002
 8.8691495e-002
 8.8738978e-002
 8.8751473e-002
 8.8738322e-002
 8.8711023e-002
 8.8680990e-002
 8.8657953e-002
 8.8648774e-002
 8.8656574e-002
 8.8680468e-002
 8.8716246e-002
 8.8757746e-002
 8.8798754e-002
 8.8834539e-002
 8.8862911e-002
 8.8884309e-002
 8.8901341e-002
 8.8917688e-002
 8.8937119e-002
 8.8962905e-002
 8.8997506e-002
 8.9042656e-002
 8.9099482e-002
 8.9168653e-002
 8.9250349e-002
 8.9344293e-002
 8.9449532e-002
 8.9564383e-002
 8.9686282e-002
 8.9811794e-002
 8.9936808e-002
 9.0056755e-002
 9.0167083e-002
 9.0263709e-002
 9.0343617e-002
 9.0405367e-002
 9.0449303e-002
 9.0477675e-002
 9.0494491e-002
 9.0505213e-002
 9.0516336e-002
 9.0534925e-002
 9.0568006e-002
 9.0621635e-002
 9.0699948e-002
 9.0804175e-002
 9.0931877e-002
 9.1076657e-002
 9.1228634e-002
 9.1375433e-002
 9.1504008e-002
 9.1602616e-002
 9.1662966e-002
 9.1681868e-002
 9.1661587e-002
 9.1609113e-002
 9.1534719e-002
 9.1450177e-002
 9.1366954e-002
 9.1294818e-002
 9.1240898e-002
 9.1209322e-002
 9.1201112e-002
 9.1214530e-002
 9.1245823e-002
 9.1289982e-002
 9.1341563e-002
 9.1395348e-002
 9.1446824e-002
 9.1492347e-002
 9.1529191e-002
 9.1555372e-002
 9.1569498e-002
 9.1570623e-002
 9.1558136e-002
 9.1531858e-002
 9.1492161e-002
 9.1440260e-002
 9.1378428e-002
 9.1310248e-002
 9.1240689e-002
 9.1175891e-002
 9.1122851e-002
 9.1088690e-002
 9.1079883e-002
 9.1101289e-002
 9.1155335e-002
 9.1241434e-002
 9.1355830e-002
 9.1491736e-002
 9.1640130e-002
 9.1790825e-002
 9.1933653e-002
 9.2059813e-002
 9.2162780e-002
 9.2239022e-002
 9.2288122e-002
 9.2312433e-002
 9.2316359e-002
 9.2305377e-002
 9.2285022e-002
 9.2260011e-002
 9.2233643e-002
 9.2207596e-002
 9.2182010e-002
 9.2155993e-002
 9.2128195e-002
 9.2097521e-002
 9.2063643e-002
 9.2027389e-002
 9.1990799e-002
 9.1956936e-002
 9.1929428e-002
 9.1911934e-002
 9.1907494e-002
 9.1918051e-002
 9.1944091e-002
 9.1984540e-002
 9.2036836e-002
 9.2097275e-002
 9.2161424e-002
 9.2224598e-002
 9.2282362e-002
 9.2330888e-002
 9.2367299e-002
 9.2389807e-002
 9.2397824e-002
 9.2391938e-002
 9.2373848e-002
 9.2346221e-002
 9.2312537e-002
 9.2276789e-002
 9.2243217e-002
 9.2215948e-002
 9.2198566e-002
 9.2193827e-002
 9.2203289e-002
 9.2227161e-002
 9.2264272e-002
 9.2312314e-002
 9.2367984e-002
 9.2427365e-002
 9.2486195e-002
 9.2540078e-002
 9.2584759e-002
 9.2616178e-002
 9.2630707e-002
 9.2625313e-002
 9.2597701e-002
 9.2546411e-002
 9.2470951e-002
 9.2371941e-002
 9.2251047e-002
 9.2111111e-002
 9.1956064e-002
 9.1790855e-002
 9.1621503e-002
 9.1454819e-002
 9.1298379e-002
 9.1160089e-002
 9.1047660e-002
 9.0968184e-002
 9.0927288e-002
 9.0928487e-002
 9.0972416e-002
 9.1056414e-002
 9.1174319e-002
 9.1316752e-002
 9.1471493e-002
 9.1624670e-002
 9.1762245e-002
 9.1871709e-002
 9.1943875e-002
 9.1974393e-002
 9.1964684e-002
 9.1922164e-002
 9.1859438e-002
 9.1792807e-002
 9.1739990e-002
 9.1717653e-002
 9.1738805e-002
 9.1810711e-002
 9.1933489e-002
 9.2099741e-002
 9.2295073e-002
 9.2499882e-002
 9.2691578e-002
 9.2847444e-002
 9.2947543e-002
 9.2977002e-002
 9.2927799e-002
 9.2799477e-002
 9.2598945e-002
 9.2339180e-002
 9.2037603e-002
 9.1713861e-002
 9.1387480e-002
 9.1076292e-002
 9.0794712e-002
 9.0553194e-002
 9.0357870e-002
 9.0210803e-002
 9.0110697e-002
 9.0053588e-002
 9.0033673e-002
 9.0044029e-002
 9.0077162e-002
 9.0125471e-002
 9.0181664e-002
 9.0239026e-002
 9.0291753e-002
 9.0335324e-002
 9.0366729e-002
 9.0384781e-002
 9.0390153e-002
 9.0385363e-002
 9.0374440e-002
 9.0362445e-002
 9.0354726e-002
 9.0356186e-002
 9.0370439e-002
 9.0399213e-002
 9.0441883e-002
 9.0495370e-002
 9.0554431e-002
 9.0612166e-002
 9.0660907e-002
 9.0693139e-002
 9.0702504e-002
 9.0684608e-002
 9.0637632e-002
 9.0562485e-002
 9.0462737e-002
 9.0344101e-002
 9.0213694e-002
 9.0079241e-002
 8.9948118e-002
 8.9826740e-002
 8.9719929e-002
 8.9630663e-002
 8.9560151e-002
 8.9507975e-002
 8.9472562e-002
 8.9451693e-002
 8.9442939e-002
 8.9444160e-002
 8.9453727e-002
 8.9470699e-002
 8.9494705e-002
 8.9525789e-002
 8.9563973e-002
 8.9608938e-002
 8.9659564e-002
 8.9713618e-002
 8.9767613e-002
 8.9816771e-002
 8.9855313e-002
 8.9877002e-002
 8.9875892e-002
 8.9847259e-002
 8.9788556e-002
 8.9700229e-002
 8.9586236e-002
 8.9453988e-002
 8.9313418e-002
 8.9176081e-002
 8.9053847e-002
 8.8957652e-002
 8.8896506e-002
 8.8876620e-002
 8.8901214e-002
 8.8970229e-002
 8.9079894e-002
 8.9222729e-002
 8.9388028e-002
 8.9562804e-002
 8.9732833e-002
 8.9884289e-002
 9.0005063e-002
 9.0086132e-002
 9.0122223e-002
 9.0111829e-002
 9.0104245e-002
 9.0001173e-002
 8.9863241e-002
 8.9697301e-002
 8.9510076e-002
 8.9307666e-002
 8.9095481e-002
 8.8878103e-002
 8.8659443e-002
 8.8443160e-002
 8.8232584e-002
 8.8031016e-002
 8.7841578e-002
 8.7667055e-002
 8.7509960e-002
 8.7372400e-002
 8.7256014e-002
 8.7162144e-002
 8.7091774e-002
 8.7045729e-002
 8.7024726e-002
 8.7029301e-002
 8.7059699e-002
 8.7115623e-002
 8.7195762e-002
 8.7297484e-002
 8.7416686e-002
 8.7547876e-002
 8.7684661e-002
 8.7820031e-002
 8.7946773e-002
 8.8057831e-002
 8.8146642e-002
 8.8207841e-002
 8.8237934e-002
 8.8236034e-002
 8.8204101e-002
 8.8146649e-002
 8.8070124e-002
 8.7982051e-002
 8.7890506e-002
 8.7803476e-002
 8.7728493e-002
 8.7671869e-002
 8.7637857e-002
 8.7627992e-002
 8.7640740e-002
 8.7671809e-002
 8.7714881e-002
 8.7762438e-002
 8.7806419e-002
 8.7838776e-002
 8.7851971e-002
 8.7839618e-002
 8.7797314e-002
 8.7723337e-002
 8.7618925e-002
 8.7487988e-002
 8.7336458e-002
 8.7171346e-002
 8.7000273e-002
 8.6830817e-002
 8.6670160e-002
 8.6524457e-002
 8.6398050e-002
 8.6292982e-002
 8.6208642e-002
 8.6142026e-002
 8.6088419e-002
 8.6042032e-002
 8.5996628e-002
 8.5945889e-002
 8.5883781e-002
 8.5804984e-002
 8.5705347e-002
 8.5582346e-002
 8.5435264e-002
 8.5264951e-002
 8.5073501e-002
 8.4863655e-002
 8.4638521e-002
 8.4401257e-002
 8.4154680e-002
 8.3901189e-002
 8.3642118e-002
 8.3377600e-002
 8.3106361e-002
 8.2825765e-002
 8.2532316e-002
 8.2221970e-002
 8.1890389e-002
 8.1533492e-002
 8.1147574e-002
 8.0730215e-002
 8.0280960e-002
 7.9801820e-002
 7.9297945e-002
 7.8776874e-002
 7.8248285e-002
 7.7722982e-002
 7.7212058e-002
 7.6726757e-002
 7.6277323e-002
 7.5872526e-002
 7.5518325e-002
 7.5216800e-002
 7.4965984e-002
 7.4760005e-002
 7.4590303e-002
 7.4446648e-002
 7.4318036e-002
 7.4193493e-002
 7.4062586e-002
 7.3916383e-002
 7.3748417e-002
 7.3555477e-002
 7.3338091e-002
 7.3100135e-002
 7.2847843e-002
 7.2589025e-002
 7.2332039e-002
 7.2085425e-002
 7.1857296e-002
 7.1654722e-002
 7.1483158e-002
 7.1345709e-002
 7.1242996e-002
 7.1173340e-002
 7.1133330e-002
 7.1118608e-002
 7.1124278e-002
 7.1145326e-002
 7.1176782e-002
 7.1213946e-002
 7.1252488e-002
 7.1288720e-002
 7.1319543e-002
 7.1342468e-002
 7.1355425e-002
 7.1356617e-002
 7.1344398e-002
 7.1317323e-002
 7.1274243e-002
 7.1214654e-002
 7.1139067e-002
 7.1049437e-002
 7.0949212e-002
 7.0843309e-002
 7.0737615e-002
 7.0638657e-002
 7.0553191e-002
 7.0487835e-002
 7.0448689e-002
 7.0440650e-002
 7.0466660e-002
 7.0526943e-002
 7.0618778e-002
 7.0736744e-002
 7.0873462e-002
 7.1020365e-002
 7.1168371e-002
 7.1308516e-002
 7.1432389e-002
 7.1532995e-002
 7.1605735e-002
 7.1649171e-002
 7.1665429e-002
 7.1659841e-002
 7.1640104e-002
 7.1615279e-002
 7.1595080e-002
 7.1589157e-002
 7.1606532e-002
 7.1654744e-002
 7.1738824e-002
 7.1860395e-002
 7.2017357e-002
 7.2204165e-002
 7.2412759e-002
 7.2633676e-002
 7.2856709e-002
 7.3071726e-002
 7.3269159e-002
 7.3440835e-002
 7.3581085e-002
 7.3687397e-002
 7.3760971e-002
 7.3806211e-002
 7.3829949e-002
 7.3840454e-002
 7.3846616e-002
 7.3857374e-002
 7.3881157e-002
 7.3925167e-002
 7.3994599e-002
 7.4091837e-002
 7.4216187e-002
 7.4364200e-002
 7.4530356e-002
 7.4707948e-002
 7.4889675e-002
 7.5068273e-002
 7.5236715e-002
 7.5389013e-002
 7.5520754e-002
 7.5629540e-002
 7.5715430e-002
 7.5780571e-002
 7.5828686e-002
 7.5864404e-002
 7.5892814e-002
 7.5919062e-002
 7.5948045e-002
 7.5984068e-002
 7.6030448e-002
 7.6089107e-002
 7.6160468e-002
 7.6243579e-002
 7.6336503e-002
 7.6436631e-002
 7.6541148e-002
 7.6647162e-002
 7.6751836e-002
 7.6852657e-002
 7.6947615e-002
 7.7035278e-002
 7.7114999e-002
 7.7186801e-002
 7.7251114e-002
 7.7308729e-002
 7.7360533e-002
 7.7407502e-002
 7.7450514e-002
 7.7490449e-002
 7.7528007e-002
 7.7563718e-002
 7.7597916e-002
 7.7630751e-002
 7.7662222e-002
 7.7692270e-002
 7.7720791e-002
 7.7747688e-002
 7.7772848e-002
 7.7796236e-002
 7.7817895e-002
 7.7837959e-002
 7.7856705e-002
 7.7874511e-002
 7.7891834e-002
 7.7909186e-002
 7.7927090e-002
 7.7946052e-002
 7.7966526e-002
 7.7988848e-002
 7.8013182e-002
 7.8039370e-002
 7.8067027e-002
 7.8095458e-002
 7.8123786e-002
 7.8151032e-002
 7.8176163e-002
 7.8198187e-002
 7.8216232e-002
 7.8229755e-002
 7.8238644e-002
 7.8243472e-002
 7.8245521e-002
 7.8246728e-002
 7.8249514e-002
 7.8256577e-002
 7.8270733e-002
 7.8294732e-002
 7.8331098e-002
 7.8381866e-002
 7.8448199e-002
 7.8530081e-002
 7.8626230e-002
 7.8734234e-002
 7.8850739e-002
 7.8971967e-002
 7.9093911e-002
 7.9212517e-002
 7.9324059e-002
 7.9425380e-002
 7.9514228e-002
 7.9589732e-002
 7.9652466e-002
 7.9704329e-002
 7.9748146e-002
 7.9787374e-002
 7.9825684e-002
 7.9866715e-002
 7.9913825e-002
 7.9969704e-002
 8.0035858e-002
 8.0112278e-002
 8.0197223e-002
 8.0287427e-002
 8.0378413e-002
 8.0465101e-002
 8.0542132e-002
 8.0604158e-002
 8.0646336e-002
 8.0664821e-002
 8.0657423e-002
 8.0624260e-002
 8.0567971e-002
 8.0493495e-002
 8.0407433e-002
 8.0317371e-002
 8.0231301e-002
 8.0157183e-002
 8.0102324e-002
 8.0072649e-002
 8.0071807e-002
 8.0100268e-002
 8.0155097e-002
 8.0230147e-002
 8.0317028e-002
 8.0405965e-002
 8.0486655e-002
 8.0548838e-002
 8.0583185e-002
 8.0582246e-002
 8.0541812e-002
 8.0462053e-002
 8.0347940e-002
 8.0208898e-002
 8.0057502e-002
 7.9908207e-002
 7.9776362e-002
 7.9677068e-002
 7.9624332e-002
 7.9629563e-002
 7.9699859e-002
 7.9836428e-002
 8.0034032e-002
 8.0281429e-002
 8.0563173e-002
 8.0861285e-002
 8.1156477e-002
 8.1429638e-002
 8.1662692e-002
 8.1840120e-002
 8.1950530e-002
 8.1988454e-002
 8.1954725e-002
 8.1856012e-002
 8.1703216e-002
 8.1509717e-002
 8.1290223e-002
 8.1059508e-002
 8.0831774e-002
 8.0619954e-002
 8.0434397e-002
 8.0282144e-002
 8.0166578e-002
 8.0087811e-002
 8.0043420e-002
 8.0029555e-002
 8.0041632e-002
 8.0074795e-002
 8.0124117e-002
 8.0184676e-002
 8.0251664e-002
 8.0320373e-002
 8.0386266e-002
 8.0444850e-002
 8.0491781e-002
 8.0522783e-002
 8.0533639e-002
 8.0520354e-002
 8.0479413e-002
 8.0408283e-002
 8.0306023e-002
 8.0173872e-002
 8.0015577e-002
 7.9836980e-002
 7.9645574e-002
 7.9449750e-002
 7.9258434e-002
 7.9080351e-002
 7.8923687e-002
 7.8795485e-002
 7.8700580e-002
 7.8640975e-002
 7.8615569e-002
 7.8620367e-002
 7.8649282e-002
 7.8695014e-002
 7.8749657e-002
 7.8805350e-002
 7.8854702e-002
 7.8891471e-002
 7.8911394e-002
 7.8912854e-002
 7.8897186e-002
 7.8868374e-002
 7.8832373e-002
 7.8796260e-002
 7.8767657e-002
 7.8754120e-002
 7.8762621e-002
 7.8798808e-002
 7.8866102e-002
 7.8964897e-002
 7.9092182e-002
 7.9241961e-002
 7.9406023e-002
 7.9574727e-002
 7.9737984e-002
 7.9885729e-002
 8.0008619e-002
 8.0098808e-002
 8.0151215e-002
 8.0164351e-002
 8.0140732e-002
 8.0086507e-002
 8.0010466e-002
 7.9923064e-002
 7.9835355e-002
 7.9758465e-002
 7.9702877e-002
 7.9677634e-002
 7.9689287e-002
 7.9741061e-002
 7.9832420e-002
 7.9959519e-002
 8.0116063e-002
 8.0294169e-002
 8.0485389e-002
 8.0681108e-002
 8.0872834e-002
 8.1052892e-002
 8.1214719e-002
 8.1353344e-002
 8.1465460e-002
 8.1549436e-002
 8.1604779e-002
 8.1631653e-002
 8.1630662e-002
 8.1602573e-002
 8.1548408e-002
 8.1469543e-002
 8.1367999e-002
 8.1246562e-002
 8.1109054e-002
 8.0960028e-002
 8.0804653e-002
 8.0648541e-002
 8.0497332e-002
 8.0356590e-002
 8.0231577e-002
 8.0126643e-002
 8.0044761e-002
 7.9987101e-002
 7.9952694e-002
 7.9938725e-002
 7.9940990e-002
 7.9954483e-002
 7.9973809e-002
 7.9993553e-002
 8.0008537e-002
 8.0014221e-002
 8.0007091e-002
 7.9985067e-002
 7.9947628e-002
 7.9895690e-002
 7.9831183e-002
 7.9756729e-002
 7.9675183e-002
 7.9589471e-002
 7.9502501e-002
 7.9416856e-002
 7.9334721e-002
 7.9257727e-002
 7.9186834e-002
 7.9122409e-002
 7.9064444e-002
 7.9012625e-002
 7.8966558e-002
 7.8925848e-002
 7.8890286e-002
 7.8859963e-002
 7.8835525e-002
 7.8818418e-002
 7.8810893e-002
 7.8815967e-002
 7.8837223e-002
 7.8878544e-002
 7.8943886e-002
 7.9037003e-002
 7.9160832e-002
 7.9316854e-002
 7.9504050e-002
 7.9717793e-002
 7.9949774e-002
 8.0188259e-002
 8.0418788e-002
 8.0625623e-002
 8.0792427e-002
 8.0903076e-002
 8.0943003e-002
 8.0900691e-002
 8.0769770e-002
 8.0551013e-002
 8.0252901e-002
 7.9890855e-002
 7.9485774e-002
 7.9061352e-002
 7.8642562e-002
 7.8254610e-002
 7.7920832e-002
 7.7661179e-002
 7.7489652e-002
 7.7412359e-002
 7.7426389e-002
 7.7520899e-002
 7.7679060e-002
 7.7880606e-002
 7.8103729e-002
 7.8326285e-002
 7.8527421e-002
 7.8688867e-002
 7.8796878e-002
 7.8843758e-002
 7.8828655e-002
 7.8756802e-002
 7.8637980e-002
 7.8484632e-002
 7.8310400e-002
 7.8129269e-002
 7.7954523e-002
 7.7797897e-002
 7.7668592e-002
 7.7572152e-002
 7.7510171e-002
 7.7480666e-002
 7.7479050e-002
 7.7499144e-002
 7.7534087e-002
 7.7576794e-002
 7.7620529e-002
 7.7659242e-002
 7.7688158e-002
 7.7704184e-002
 7.7706128e-002
 7.7694505e-002
 7.7671088e-002
 7.7638440e-002
 7.7599458e-002
 7.7557154e-002
 7.7514403e-002
 7.7473693e-002
 7.7436917e-002
 7.7405080e-002
 7.7378221e-002
 7.7355526e-002
 7.7335604e-002
 7.7316709e-002
 7.7296942e-002
 7.7274442e-002
 7.7247448e-002
 7.7214479e-002
 7.7174492e-002
 7.7126987e-002
 7.7072091e-002
 7.7010542e-002
 7.6943517e-002
 7.6872483e-002
 7.6799013e-002
 7.6724783e-002
 7.6651387e-002
 7.6580375e-002
 7.6513298e-002
 7.6453619e-002
 7.6412097e-002
 7.6363184e-002
 7.6318838e-002
 7.6278023e-002
 7.6239727e-002
 7.6202936e-002
 7.6166667e-002
 7.6129884e-002
 7.6091573e-002
 7.6050721e-002
 7.6006383e-002
 7.5958312e-002
 7.5906545e-002
 7.5851187e-002
 7.5792298e-002
 7.5729974e-002
 7.5664304e-002
 7.5595357e-002
 7.5523198e-002
 7.5447947e-002
 7.5369656e-002
 7.5288415e-002
 7.5204290e-002
 7.5117387e-002
 7.5027801e-002
 7.4935623e-002
 7.4841022e-002
 7.4744120e-002
 7.4645109e-002
 7.4544124e-002
 7.4441299e-002
 7.4336775e-002
 7.4230731e-002
 7.4123308e-002
 7.4014634e-002
 7.3904864e-002
 7.3794179e-002
 7.3682696e-002
 7.3570579e-002
 7.3457971e-002
 7.3344983e-002
 7.3231839e-002
 7.3118649e-002
 7.3005587e-002
 7.2892837e-002
 7.2780631e-002
 7.2669134e-002
 7.2558552e-002
 7.2449028e-002
 7.2340824e-002
 7.2234094e-002
 7.2129048e-002
 7.2025858e-002
 7.1924716e-002
 7.1825832e-002
 7.1729392e-002
 7.1635589e-002
 7.1544595e-002
 7.1456634e-002
 7.1371883e-002
 7.1290538e-002
 7.1212769e-002
 7.1138807e-002
 7.1068823e-002
 7.1002983e-002
 7.0941165e-002
 7.0883192e-002
 7.0828833e-002
 7.0777826e-002
 7.0729986e-002
 7.0685051e-002
 7.0642829e-002
 7.0603088e-002
 7.0565589e-002
 7.0530117e-002
 7.0496447e-002
 7.0464358e-002
 7.0433617e-002
 7.0403993e-002
 7.0375279e-002
 7.0347250e-002
 7.0319667e-002
 7.0292309e-002
 7.0264950e-002
 7.0237376e-002
 7.0209354e-002
 7.0180662e-002
 7.0151061e-002
 7.0120350e-002
 7.0088290e-002
 7.0054680e-002
 7.0019469e-002
 6.9982760e-002
 6.9944575e-002
 6.9904983e-002
 6.9864035e-002
 6.9821775e-002
 6.9778278e-002
 6.9733605e-002
 6.9687799e-002
 6.9640905e-002
 6.9593005e-002
 6.9544137e-002
 6.9494359e-002
 6.9443733e-002
 6.9392323e-002
 6.9340184e-002
 6.9287360e-002
 6.9233894e-002
 6.9179885e-002
 6.9125362e-002
 6.9070376e-002
 6.9014996e-002
 6.8959266e-002
 6.8903260e-002
 6.8847023e-002
 6.8790615e-002
 6.8734080e-002
 6.8677500e-002
 6.8620905e-002
 6.8564378e-002
 6.8507999e-002
 6.8451941e-002
 6.8396308e-002
