s07_ASD Record=12495: Alunite0.5+Kaol_KGa-1 AMX3   ASDNGb AREF
-1.2300000e+034
 4.0050519e-001
 4.0496063e-001
 4.0946230e-001
 4.1397491e-001
 4.1830349e-001
 4.2295602e-001
 4.2777547e-001
 4.3250242e-001
 4.3714973e-001
 4.4192719e-001
 4.4674125e-001
 4.5138344e-001
 4.5615461e-001
 4.6092063e-001
 4.6557114e-001
 4.7008246e-001
 4.7465366e-001
 4.7928938e-001
 4.8390612e-001
 4.8834971e-001
 4.9253592e-001
 4.9659950e-001
 5.0074708e-001
 5.0460559e-001
 5.0847924e-001
 5.1246369e-001
 5.1627344e-001
 5.1995885e-001
 5.2354312e-001
 5.2706677e-001
 5.3063619e-001
 5.3402215e-001
 5.3723836e-001
 5.4043150e-001
 5.4350227e-001
 5.4662830e-001
 5.4977769e-001
 5.5259860e-001
 5.5524683e-001
 5.5779511e-001
 5.6031495e-001
 5.6293046e-001
 5.6555545e-001
 5.6812775e-001
 5.7062024e-001
 5.7313389e-001
 5.7553852e-001
 5.7777214e-001
 5.7991374e-001
 5.8194673e-001
 5.8397532e-001
 5.8606714e-001
 5.8806652e-001
 5.8996689e-001
 5.9178507e-001
 5.9356093e-001
 5.9539348e-001
 5.9714520e-001
 5.9875715e-001
 6.0035002e-001
 6.0191470e-001
 6.0345858e-001
 6.0498703e-001
 6.0650712e-001
 6.0793632e-001
 6.0932821e-001
 6.1082304e-001
 6.1222172e-001
 6.1355847e-001
 6.1488825e-001
 6.1621594e-001
 6.1754990e-001
 6.1889017e-001
 6.2022388e-001
 6.2148410e-001
 6.2275290e-001
 6.2403101e-001
 6.2523478e-001
 6.2643605e-001
 6.2764740e-001
 6.2885755e-001
 6.3002825e-001
 6.3121253e-001
 6.3237649e-001
 6.3347077e-001
 6.3465846e-001
 6.3577658e-001
 6.3679391e-001
 6.3788360e-001
 6.3892180e-001
 6.3993239e-001
 6.4095026e-001
 6.4192975e-001
 6.4289695e-001
 6.4386278e-001
 6.4482987e-001
 6.4578581e-001
 6.4671379e-001
 6.4761043e-001
 6.4849931e-001
 6.4935815e-001
 6.5019423e-001
 6.5102047e-001
 6.5183717e-001
 6.5263534e-001
 6.5341353e-001
 6.5417838e-001
 6.5495712e-001
 6.5573680e-001
 6.5650553e-001
 6.5726942e-001
 6.5804660e-001
 6.5883195e-001
 6.5961707e-001
 6.6043299e-001
 6.6122973e-001
 6.6199630e-001
 6.6278112e-001
 6.6356981e-001
 6.6435462e-001
 6.6513789e-001
 6.6596276e-001
 6.6676700e-001
 6.6755086e-001
 6.6835427e-001
 6.6914904e-001
 6.6995519e-001
 6.7077512e-001
 6.7157137e-001
 6.7235643e-001
 6.7316228e-001
 6.7401218e-001
 6.7485726e-001
 6.7569977e-001
 6.7655832e-001
 6.7745435e-001
 6.7830348e-001
 6.7915750e-001
 6.8006402e-001
 6.8098837e-001
 6.8188292e-001
 6.8277156e-001
 6.8369925e-001
 6.8458140e-001
 6.8548167e-001
 6.8641132e-001
 6.8729180e-001
 6.8822241e-001
 6.8918526e-001
 6.9014156e-001
 6.9110149e-001
 6.9208908e-001
 6.9309640e-001
 6.9408804e-001
 6.9506651e-001
 6.9604808e-001
 6.9704258e-001
 6.9804186e-001
 6.9905627e-001
 7.0006859e-001
 7.0106477e-001
 7.0208824e-001
 7.0311713e-001
 7.0414251e-001
 7.0516694e-001
 7.0618200e-001
 7.0720291e-001
 7.0823675e-001
 7.0925355e-001
 7.1024799e-001
 7.1122855e-001
 7.1221393e-001
 7.1323830e-001
 7.1428722e-001
 7.1534383e-001
 7.1640420e-001
 7.1744049e-001
 7.1847594e-001
 7.1954042e-001
 7.2060061e-001
 7.2166741e-001
 7.2274333e-001
 7.2382033e-001
 7.2488922e-001
 7.2595698e-001
 7.2703475e-001
 7.2813886e-001
 7.2925210e-001
 7.3037136e-001
 7.3149800e-001
 7.3262709e-001
 7.3374403e-001
 7.3485947e-001
 7.3601955e-001
 7.3715109e-001
 7.3825723e-001
 7.3936325e-001
 7.4048191e-001
 7.4161100e-001
 7.4274421e-001
 7.4387473e-001
 7.4501204e-001
 7.4615699e-001
 7.4730927e-001
 7.4847019e-001
 7.4964309e-001
 7.5082654e-001
 7.5201374e-001
 7.5318080e-001
 7.5435370e-001
 7.5553626e-001
 7.5670129e-001
 7.5787210e-001
 7.5903928e-001
 7.6018840e-001
 7.6131338e-001
 7.6243114e-001
 7.6353723e-001
 7.6461291e-001
 7.6568764e-001
 7.6677024e-001
 7.6786089e-001
 7.6895517e-001
 7.7001595e-001
 7.7105498e-001
 7.7210069e-001
 7.7316374e-001
 7.7423555e-001
 7.7533084e-001
 7.7648395e-001
 7.7765471e-001
 7.7883780e-001
 7.8002888e-001
 7.8120434e-001
 7.8236204e-001
 7.8351766e-001
 7.8468710e-001
 7.8583866e-001
 7.8697574e-001
 7.8809839e-001
 7.8919846e-001
 7.9027820e-001
 7.9135507e-001
 7.9244435e-001
 7.9353786e-001
 7.9460263e-001
 7.9564667e-001
 7.9670602e-001
 7.9778385e-001
 7.9886687e-001
 7.9992735e-001
 8.0091339e-001
 8.0189323e-001
 8.0288863e-001
 8.0389303e-001
 8.0485785e-001
 8.0579603e-001
 8.0672169e-001
 8.0764598e-001
 8.0858082e-001
 8.0950403e-001
 8.1039912e-001
 8.1128496e-001
 8.1215239e-001
 8.1300265e-001
 8.1384164e-001
 8.1465846e-001
 8.1546146e-001
 8.1626451e-001
 8.1708813e-001
 8.1788915e-001
 8.1866252e-001
 8.1942248e-001
 8.2021081e-001
 8.2100374e-001
 8.2177556e-001
 8.2250524e-001
 8.2321787e-001
 8.2393527e-001
 8.2466084e-001
 8.2536477e-001
 8.2605296e-001
 8.2673389e-001
 8.2741368e-001
 8.2806242e-001
 8.2870710e-001
 8.2935894e-001
 8.3001673e-001
 8.3065063e-001
 8.3127290e-001
 8.3188891e-001
 8.3247554e-001
 8.3307034e-001
 8.3368236e-001
 8.3430725e-001
 8.3492154e-001
 8.3553231e-001
 8.3614475e-001
 8.3676618e-001
 8.3737558e-001
 8.3795369e-001
 8.3850133e-001
 8.3906680e-001
 8.3962804e-001
 8.4018493e-001
 8.4074777e-001
 8.4131926e-001
 8.4188294e-001
 8.4244543e-001
 8.4304774e-001
 8.4364575e-001
 8.4422523e-001
 8.4478587e-001
 8.4534073e-001
 8.4591037e-001
 8.4649360e-001
 8.4707522e-001
 8.4766674e-001
 8.4827435e-001
 8.4888792e-001
 8.4946513e-001
 8.5004228e-001
 8.5062069e-001
 8.5118467e-001
 8.5169911e-001
 8.5219985e-001
 8.5269439e-001
 8.5316920e-001
 8.5369009e-001
 8.5422415e-001
 8.5473573e-001
 8.5521930e-001
 8.5570610e-001
 8.5617942e-001
 8.5661840e-001
 8.5706860e-001
 8.5753047e-001
 8.5800266e-001
 8.5847992e-001
 8.5894245e-001
 8.5938406e-001
 8.5981393e-001
 8.6028117e-001
 8.6072212e-001
 8.6114472e-001
 8.6157697e-001
 8.6198539e-001
 8.6239475e-001
 8.6281878e-001
 8.6325067e-001
 8.6366296e-001
 8.6406708e-001
 8.6447269e-001
 8.6485940e-001
 8.6523509e-001
 8.6561322e-001
 8.6600655e-001
 8.6640620e-001
 8.6682427e-001
 8.6725122e-001
 8.6765635e-001
 8.6801142e-001
 8.6836284e-001
 8.6873817e-001
 8.6907923e-001
 8.6942524e-001
 8.6978590e-001
 8.7015575e-001
 8.7052238e-001
 8.7087363e-001
 8.7119919e-001
 8.7149167e-001
 8.7175637e-001
 8.7201214e-001
 8.7227702e-001
 8.7256151e-001
 8.7284786e-001
 8.7312239e-001
 8.7337375e-001
 8.7359095e-001
 8.7376809e-001
 8.7391186e-001
 8.7404412e-001
 8.7425023e-001
 8.7450087e-001
 8.7474483e-001
 8.7493521e-001
 8.7509811e-001
 8.7523794e-001
 8.7535322e-001
 8.7545311e-001
 8.7553817e-001
 8.7562567e-001
 8.7574983e-001
 8.7598568e-001
 8.7628722e-001
 8.7659192e-001
 8.7684333e-001
 8.7708122e-001
 8.7731981e-001
 8.7755972e-001
 8.7778407e-001
 8.7797540e-001
 8.7812483e-001
 8.7823814e-001
 8.7834990e-001
 8.7844217e-001
 8.7851191e-001
 8.7858039e-001
 8.7866735e-001
 8.7873274e-001
 8.7875128e-001
 8.7877715e-001
 8.7881422e-001
 8.7885028e-001
 8.7886709e-001
 8.7887418e-001
 8.7888217e-001
 8.7889081e-001
 8.7888986e-001
 8.7888038e-001
 8.7887985e-001
 8.7889916e-001
 8.7893111e-001
 8.7898082e-001
 8.7905282e-001
 8.7914020e-001
 8.7920964e-001
 8.7929493e-001
 8.7939543e-001
 8.7948930e-001
 8.7958157e-001
 8.7967646e-001
 8.7978137e-001
 8.7990755e-001
 8.8003677e-001
 8.8017809e-001
 8.8033783e-001
 8.8050419e-001
 8.8066036e-001
 8.8078105e-001
 8.8085383e-001
 8.8092369e-001
 8.8094062e-001
 8.8090760e-001
 8.8087898e-001
 8.8092136e-001
 8.8104522e-001
 8.8123786e-001
 8.8147020e-001
 8.8171309e-001
 8.8192970e-001
 8.8210469e-001
 8.8226962e-001
 8.8243783e-001
 8.8258833e-001
 8.8269973e-001
 8.8281691e-001
 8.8296711e-001
 8.8313115e-001
 8.8325888e-001
 8.8336647e-001
 8.8345969e-001
 8.8353664e-001
 8.8358647e-001
 8.8361216e-001
 8.8362962e-001
 8.8365161e-001
 8.8367438e-001
 8.8368452e-001
 8.8369435e-001
 8.8371646e-001
 8.8372177e-001
 8.8374150e-001
 8.8377267e-001
 8.8379127e-001
 8.8380998e-001
 8.8383651e-001
 8.8386995e-001
 8.8389951e-001
 8.8393211e-001
 8.8398623e-001
 8.8407415e-001
 8.8419592e-001
 8.8428795e-001
 8.8436848e-001
 8.8446796e-001
 8.8456315e-001
 8.8466430e-001
 8.8477552e-001
 8.8488966e-001
 8.8497335e-001
 8.8504106e-001
 8.8510233e-001
 8.8515949e-001
 8.8521123e-001
 8.8526809e-001
 8.8532621e-001
 8.8536149e-001
 8.8537562e-001
 8.8540292e-001
 8.8545907e-001
 8.8551039e-001
 8.8554513e-001
 8.8558608e-001
 8.8565153e-001
 8.8571060e-001
 8.8575172e-001
 8.8579571e-001
 8.8585538e-001
 8.8585317e-001
 8.8583148e-001
 8.8581657e-001
 8.8581270e-001
 8.8578749e-001
 8.8575631e-001
 8.8573694e-001
 8.8574076e-001
 8.8574272e-001
 8.8573986e-001
 8.8574022e-001
 8.8576132e-001
 8.8578844e-001
 8.8581502e-001
 8.8582659e-001
 8.8578981e-001
 8.8575608e-001
 8.8574177e-001
 8.8573939e-001
 8.8570470e-001
 8.8569540e-001
 8.8569337e-001
 8.8565922e-001
 8.8562769e-001
 8.8560015e-001
 8.8557571e-001
 8.8555163e-001
 8.8553184e-001
 8.8549387e-001
 8.8545173e-001
 8.8544273e-001
 8.8542074e-001
 8.8539672e-001
 8.8537782e-001
 8.8535845e-001
 8.8533473e-001
 8.8532549e-001
 8.8532364e-001
 8.8527960e-001
 8.8522249e-001
 8.8514513e-001
 8.8504279e-001
 8.8492125e-001
 8.8484377e-001
 8.8476777e-001
 8.8465923e-001
 8.8459510e-001
 8.8452566e-001
 8.8447613e-001
 8.8448000e-001
 8.8450480e-001
 8.8458085e-001
 8.8467890e-001
 8.8476658e-001
 8.8492203e-001
 8.8508910e-001
 8.8527846e-001
 8.8551319e-001
 8.8565195e-001
 8.8581997e-001
 8.8601738e-001
 8.8616365e-001
 8.8632721e-001
 8.8645458e-001
 8.8653922e-001
 8.8661742e-001
 8.8665909e-001
 8.8666964e-001
 8.8665825e-001
 8.8663429e-001
 8.8661170e-001
 8.8655555e-001
 8.8645869e-001
 8.8634992e-001
 8.8620442e-001
 8.8605195e-001
 8.8589424e-001
 8.8569045e-001
 8.8547981e-001
 8.8525605e-001
 8.8501954e-001
 8.8479382e-001
 8.8458604e-001
 8.8433677e-001
 8.8404638e-001
 8.8381159e-001
 8.8347930e-001
 8.8314962e-001
 8.8288361e-001
 8.8259357e-001
 8.8233393e-001
 8.8210469e-001
 8.8190073e-001
 8.8172191e-001
 8.8159955e-001
 8.8153052e-001
 8.8145483e-001
 8.8124210e-001
 8.8100570e-001
 8.8068110e-001
 8.8024139e-001
 8.7979925e-001
 8.7935555e-001
 8.7886703e-001
 8.7836403e-001
 8.7802482e-001
 8.7778831e-001
 8.7761599e-001
 8.7756991e-001
 8.7786764e-001
 8.7830514e-001
 8.7876040e-001
 8.7916583e-001
 8.7951863e-001
 8.7961227e-001
 8.7950736e-001
 8.7929368e-001
 8.7898523e-001
 8.7856901e-001
 8.7809569e-001
 8.7759101e-001
 8.7702823e-001
 8.7642670e-001
 8.7584221e-001
 8.7527078e-001
 8.7462616e-001
 8.7404817e-001
 8.7349403e-001
 8.7290829e-001
 8.7227887e-001
 8.7178856e-001
 8.7129182e-001
 8.7075245e-001
 8.7030739e-001
 8.6996639e-001
 8.6967754e-001
 8.6939305e-001
 8.6910278e-001
 8.6895633e-001
 8.6892283e-001
 8.6940223e-001
 8.6943567e-001
 8.6953270e-001
 8.6969614e-001
 8.6992872e-001
 8.7023312e-001
 8.7061125e-001
 8.7106425e-001
 8.7159157e-001
 8.7219149e-001
 8.7286031e-001
 8.7359321e-001
 8.7438446e-001
 8.7522757e-001
 8.7611604e-001
 8.7704366e-001
 8.7800390e-001
 8.7899077e-001
 8.7999725e-001
 8.8101566e-001
 8.8203728e-001
 8.8305193e-001
 8.8404870e-001
 8.8501608e-001
 8.8594276e-001
 8.8681877e-001
 8.8763583e-001
 8.8838828e-001
 8.8907301e-001
 8.8968945e-001
 8.9023948e-001
 8.9072657e-001
 8.9115542e-001
 8.9153123e-001
 8.9185923e-001
 8.9214456e-001
 8.9239198e-001
 8.9260608e-001
 8.9279097e-001
 8.9295071e-001
 8.9308900e-001
 8.9320928e-001
 8.9331484e-001
 8.9340842e-001
 8.9349240e-001
 8.9356887e-001
 8.9363945e-001
 8.9370543e-001
 8.9376789e-001
 8.9382762e-001
 8.9388514e-001
 8.9394093e-001
 8.9399529e-001
 8.9404833e-001
 8.9410013e-001
 8.9415067e-001
 8.9420003e-001
 8.9424795e-001
 8.9429432e-001
 8.9433891e-001
 8.9438152e-001
 8.9442194e-001
 8.9445996e-001
 8.9449549e-001
 8.9452839e-001
 8.9455861e-001
 8.9458609e-001
 8.9461064e-001
 8.9463210e-001
 8.9465010e-001
 8.9466441e-001
 8.9467472e-001
 8.9468080e-001
 8.9468265e-001
 8.9468032e-001
 8.9467400e-001
 8.9466399e-001
 8.9465046e-001
 8.9463365e-001
 8.9461356e-001
 8.9459002e-001
 8.9456284e-001
 8.9453185e-001
 8.9449692e-001
 8.9445817e-001
 8.9441609e-001
 8.9437133e-001
 8.9432484e-001
 8.9427763e-001
 8.9423066e-001
 8.9418471e-001
 8.9414018e-001
 8.9409745e-001
 8.9405626e-001
 8.9401639e-001
 8.9397722e-001
 8.9393818e-001
 8.9389867e-001
 8.9385808e-001
 8.9381588e-001
 8.9377165e-001
 8.9372545e-001
 8.9367741e-001
 8.9362812e-001
 8.9357853e-001
 8.9353001e-001
 8.9348418e-001
 8.9344311e-001
 8.9340895e-001
 8.9338404e-001
 8.9337081e-001
 8.9337146e-001
 8.9338821e-001
 8.9342284e-001
 8.9347684e-001
 8.9355099e-001
 8.9364564e-001
 8.9376014e-001
 8.9389324e-001
 8.9404291e-001
 8.9420640e-001
 8.9438051e-001
 8.9456165e-001
 8.9474607e-001
 8.9493001e-001
 8.9510989e-001
 8.9528227e-001
 8.9544398e-001
 8.9559233e-001
 8.9572507e-001
 8.9584064e-001
 8.9593792e-001
 8.9601660e-001
 8.9607686e-001
 8.9611924e-001
 8.9614481e-001
 8.9615458e-001
 8.9614969e-001
 8.9613122e-001
 8.9609998e-001
 8.9605683e-001
 8.9600247e-001
 8.9593738e-001
 8.9586234e-001
 8.9577794e-001
 8.9568472e-001
 8.9558339e-001
 8.9547467e-001
 8.9535922e-001
 8.9523780e-001
 8.9511126e-001
 8.9498043e-001
 8.9484626e-001
 8.9470971e-001
 8.9457166e-001
 8.9443278e-001
 8.9429367e-001
 8.9415455e-001
 8.9401537e-001
 8.9387608e-001
 8.9373636e-001
 8.9359593e-001
 8.9345479e-001
 8.9331299e-001
 8.9317107e-001
 8.9302957e-001
 8.9288950e-001
 8.9275193e-001
 8.9261794e-001
 8.9248860e-001
 8.9236468e-001
 8.9224672e-001
 8.9213479e-001
 8.9202845e-001
 8.9192688e-001
 8.9182884e-001
 8.9173257e-001
 8.9163613e-001
 8.9153725e-001
 8.9143354e-001
 8.9132273e-001
 8.9120257e-001
 8.9107126e-001
 8.9092737e-001
 8.9077008e-001
 8.9059901e-001
 8.9041454e-001
 8.9021730e-001
 8.9000845e-001
 8.8978904e-001
 8.8956010e-001
 8.8932210e-001
 8.8907510e-001
 8.8881820e-001
 8.8855016e-001
 8.8826889e-001
 8.8797212e-001
 8.8765758e-001
 8.8732344e-001
 8.8696849e-001
 8.8659263e-001
 8.8619673e-001
 8.8578272e-001
 8.8535315e-001
 8.8491082e-001
 8.8445848e-001
 8.8399762e-001
 8.8352877e-001
 8.8305062e-001
 8.8256007e-001
 8.8205248e-001
 8.8152170e-001
 8.8096082e-001
 8.8036269e-001
 8.7972033e-001
 8.7902802e-001
 8.7828094e-001
 8.7747610e-001
 8.7661248e-001
 8.7569034e-001
 8.7471229e-001
 8.7368226e-001
 8.7260622e-001
 8.7149185e-001
 8.7034804e-001
 8.6918539e-001
 8.6801481e-001
 8.6684799e-001
 8.6569613e-001
 8.6456889e-001
 8.6347514e-001
 8.6242139e-001
 8.6141294e-001
 8.6045355e-001
 8.5954577e-001
 8.5869181e-001
 8.5789323e-001
 8.5715133e-001
 8.5646671e-001
 8.5583818e-001
 8.5526264e-001
 8.5473406e-001
 8.5424262e-001
 8.5377526e-001
 8.5331476e-001
 8.5284126e-001
 8.5233229e-001
 8.5176402e-001
 8.5111290e-001
 8.5035610e-001
 8.4947377e-001
 8.4844995e-001
 8.4727377e-001
 8.4594142e-001
 8.4445679e-001
 8.4283322e-001
 8.4109402e-001
 8.3927149e-001
 8.3740801e-001
 8.3555174e-001
 8.3375621e-001
 8.3207560e-001
 8.3056128e-001
 8.2926005e-001
 8.2821089e-001
 8.2744408e-001
 8.2698119e-001
 8.2683462e-001
 8.2700795e-001
 8.2749557e-001
 8.2828248e-001
 8.2934368e-001
 8.3064544e-001
 8.3214581e-001
 8.3379781e-001
 8.3555353e-001
 8.3736694e-001
 8.3919817e-001
 8.4101439e-001
 8.4279042e-001
 8.4450787e-001
 8.4615141e-001
 8.4770799e-001
 8.4916383e-001
 8.5050440e-001
 8.5171545e-001
 8.5278362e-001
 8.5369927e-001
 8.5445684e-001
 8.5505593e-001
 8.5550141e-001
 8.5580188e-001
 8.5596865e-001
 8.5601437e-001
 8.5595196e-001
 8.5579371e-001
 8.5555100e-001
 8.5523438e-001
 8.5485321e-001
 8.5441643e-001
 8.5393196e-001
 8.5340703e-001
 8.5284758e-001
 8.5225767e-001
 8.5163927e-001
 8.5099119e-001
 8.5030907e-001
 8.4958553e-001
 8.4881032e-001
 8.4797239e-001
 8.4706092e-001
 8.4606826e-001
 8.4499162e-001
 8.4383440e-001
 8.4260750e-001
 8.4132868e-001
 8.4002000e-001
 8.3870608e-001
 8.3740926e-001
 8.3614725e-001
 8.3492911e-001
 8.3375353e-001
 8.3260900e-001
 8.3147430e-001
 8.3032262e-001
 8.2912505e-001
 8.2785523e-001
 8.2649523e-001
 8.2503790e-001
 8.2349092e-001
 8.2187665e-001
 8.2022989e-001
 8.1859577e-001
 8.1702274e-001
 8.1555808e-001
 8.1424081e-001
 8.1309634e-001
 8.1213373e-001
 8.1134373e-001
 8.1069964e-001
 8.1016093e-001
 8.0967706e-001
 8.0919385e-001
 8.0865914e-001
 8.0802786e-001
 8.0726737e-001
 8.0635977e-001
 8.0530447e-001
 8.0411780e-001
 8.0283070e-001
 8.0148691e-001
 8.0013764e-001
 7.9883814e-001
 7.9764253e-001
 7.9659963e-001
 7.9575008e-001
 7.9512328e-001
 7.9473573e-001
 7.9458988e-001
 7.9467374e-001
 7.9496092e-001
 7.9541183e-001
 7.9597509e-001
 7.9659063e-001
 7.9719317e-001
 7.9771566e-001
 7.9809397e-001
 7.9827034e-001
 7.9819679e-001
 7.9783720e-001
 7.9716891e-001
 7.9618281e-001
 7.9488230e-001
 7.9328233e-001
 7.9140562e-001
 7.8928053e-001
 7.8693700e-001
 7.8440142e-001
 7.8169566e-001
 7.7883190e-001
 7.7581418e-001
 7.7263850e-001
 7.6929444e-001
 7.6577276e-001
 7.6206744e-001
 7.5818455e-001
 7.5414580e-001
 7.4998927e-001
 7.4577278e-001
 7.4156857e-001
 7.3745614e-001
 7.3351705e-001
 7.2982168e-001
 7.2642416e-001
 7.2335386e-001
 7.2061127e-001
 7.1817058e-001
 7.1598077e-001
 7.1397370e-001
 7.1206951e-001
 7.1018207e-001
 7.0822483e-001
 7.0611089e-001
 7.0375675e-001
 7.0108378e-001
 6.9802272e-001
 6.9452417e-001
 6.9056714e-001
 6.8617308e-001
 6.8141204e-001
 6.7640013e-001
 6.7129225e-001
 6.6625589e-001
 6.6144770e-001
 6.5698403e-001
 6.5292025e-001
 6.4924949e-001
 6.4591300e-001
 6.4282584e-001
 6.3991398e-001
 6.3714397e-001
 6.3454705e-001
 6.3222355e-001
 6.3032985e-001
 6.2905478e-001
 6.2858444e-001
 6.2907207e-001
 6.3061225e-001
 6.3322824e-001
 6.3686854e-001
 6.4141589e-001
 6.4669818e-001
 6.5250474e-001
 6.5860581e-001
 6.6476327e-001
 6.7075068e-001
 6.7636114e-001
 6.8142051e-001
 6.8579692e-001
 6.8940127e-001
 6.9218999e-001
 6.9416207e-001
 6.9535035e-001
 6.9581538e-001
 6.9563574e-001
 6.9490105e-001
 6.9370538e-001
 6.9214386e-001
 6.9030821e-001
 6.8828630e-001
 6.8615967e-001
 6.8400145e-001
 6.8187565e-001
 6.7983353e-001
 6.7791259e-001
 6.7613339e-001
 6.7449707e-001
 6.7298520e-001
 6.7155725e-001
 6.7015308e-001
 6.6869414e-001
 6.6708726e-001
 6.6523147e-001
 6.6302574e-001
 6.6037738e-001
 6.5721530e-001
 6.5349901e-001
 6.4923251e-001
 6.4447385e-001
 6.3933975e-001
 6.3401228e-001
 6.2872958e-001
 6.2377858e-001
 6.1947322e-001
 6.1612678e-001
 6.1402494e-001
 6.1339229e-001
 6.1436862e-001
 6.1698943e-001
 6.2118220e-001
 6.2677062e-001
 6.3349718e-001
 6.4104652e-001
 6.4907861e-001
 6.5726376e-001
 6.6530263e-001
 6.7295384e-001
 6.8003809e-001
 6.8644428e-001
 6.9212723e-001
 6.9709426e-001
 7.0139563e-001
 7.0511347e-001
 7.0834595e-001
 7.1120024e-001
 7.1378100e-001
 7.1618515e-001
 7.1849757e-001
 7.2078675e-001
 7.2310483e-001
 7.2548586e-001
 7.2794718e-001
 7.3049122e-001
 7.3310602e-001
 7.3576993e-001
 7.3845237e-001
 7.4111831e-001
 7.4373215e-001
 7.4625939e-001
 7.4867111e-001
 7.5094461e-001
 7.5306487e-001
 7.5502586e-001
 7.5682765e-001
 7.5847596e-001
 7.5998062e-001
 7.6135200e-001
 7.6260084e-001
 7.6373595e-001
 7.6476407e-001
 7.6569057e-001
 7.6651913e-001
 7.6725382e-001
 7.6789910e-001
 7.6846117e-001
 7.6894855e-001
 7.6937187e-001
 7.6974386e-001
 7.7007812e-001
 7.7038860e-001
 7.7068830e-001
 7.7098799e-001
 7.7129579e-001
 7.7161610e-001
 7.7194965e-001
 7.7229434e-001
 7.7264524e-001
 7.7299607e-001
 7.7334005e-001
 7.7367067e-001
 7.7398276e-001
 7.7427238e-001
 7.7453721e-001
 7.7477622e-001
 7.7498960e-001
 7.7517831e-001
 7.7534384e-001
 7.7548796e-001
 7.7561289e-001
 7.7572066e-001
 7.7581358e-001
 7.7589381e-001
 7.7596331e-001
 7.7602386e-001
 7.7607673e-001
 7.7612263e-001
 7.7616185e-001
 7.7619410e-001
 7.7621853e-001
 7.7623409e-001
 7.7623945e-001
 7.7623338e-001
 7.7621466e-001
 7.7618229e-001
 7.7613592e-001
 7.7607530e-001
 7.7600086e-001
 7.7591336e-001
 7.7581394e-001
 7.7570409e-001
 7.7558547e-001
 7.7545971e-001
 7.7532864e-001
 7.7519387e-001
 7.7505684e-001
 7.7491891e-001
 7.7478117e-001
 7.7464467e-001
 7.7451032e-001
 7.7437907e-001
 7.7425188e-001
 7.7412957e-001
 7.7401310e-001
 7.7390325e-001
 7.7380067e-001
 7.7370590e-001
 7.7361923e-001
 7.7354097e-001
 7.7347106e-001
 7.7340949e-001
 7.7335584e-001
 7.7330959e-001
 7.7326983e-001
 7.7323538e-001
 7.7320457e-001
 7.7317548e-001
 7.7314603e-001
 7.7311403e-001
 7.7307743e-001
 7.7303457e-001
 7.7298439e-001
 7.7292639e-001
 7.7286083e-001
 7.7278882e-001
 7.7271199e-001
 7.7263254e-001
 7.7255279e-001
 7.7247494e-001
 7.7240103e-001
 7.7233231e-001
 7.7226937e-001
 7.7221203e-001
 7.7215916e-001
 7.7210903e-001
 7.7205944e-001
 7.7200776e-001
 7.7195138e-001
 7.7188778e-001
 7.7181506e-001
 7.7173167e-001
 7.7163666e-001
 7.7152991e-001
 7.7141160e-001
 7.7128226e-001
 7.7114254e-001
 7.7099323e-001
 7.7083492e-001
 7.7066797e-001
 7.7049273e-001
 7.7030939e-001
 7.7011836e-001
 7.6992011e-001
 7.6971507e-001
 7.6950419e-001
 7.6928806e-001
 7.6906759e-001
 7.6884335e-001
 7.6861554e-001
 7.6838416e-001
 7.6814890e-001
 7.6790893e-001
 7.6766330e-001
 7.6741087e-001
 7.6715052e-001
 7.6688123e-001
 7.6660216e-001
 7.6631284e-001
 7.6601285e-001
 7.6570213e-001
 7.6538080e-001
 7.6504880e-001
 7.6470625e-001
 7.6435298e-001
 7.6398861e-001
 7.6361299e-001
 7.6322550e-001
 7.6282591e-001
 7.6241386e-001
 7.6198953e-001
 7.6155311e-001
 7.6110524e-001
 7.6064694e-001
 7.6017916e-001
 7.5970322e-001
 7.5922036e-001
 7.5873137e-001
 7.5823683e-001
 7.5773698e-001
 7.5723135e-001
 7.5671953e-001
 7.5620067e-001
 7.5567436e-001
 7.5514066e-001
 7.5459993e-001
 7.5405329e-001
 7.5350237e-001
 7.5294894e-001
 7.5239515e-001
 7.5184250e-001
 7.5129247e-001
 7.5074571e-001
 7.5020254e-001
 7.4966282e-001
 7.4912596e-001
 7.4859154e-001
 7.4805909e-001
 7.4752831e-001
 7.4699938e-001
 7.4647224e-001
 7.4594730e-001
 7.4542469e-001
 7.4490416e-001
 7.4438548e-001
 7.4386740e-001
 7.4334884e-001
 7.4282819e-001
 7.4230349e-001
 7.4177313e-001
 7.4123514e-001
 7.4068791e-001
 7.4012965e-001
 7.3955846e-001
 7.3897225e-001
 7.3836827e-001
 7.3774362e-001
 7.3709452e-001
 7.3641670e-001
 7.3570544e-001
 7.3495549e-001
 7.3416156e-001
 7.3331833e-001
 7.3242015e-001
 7.3146200e-001
 7.3043913e-001
 7.2934669e-001
 7.2818100e-001
 7.2693837e-001
 7.2561616e-001
 7.2421277e-001
 7.2272706e-001
 7.2116011e-001
 7.1951365e-001
 7.1779144e-001
 7.1599901e-001
 7.1414256e-001
 7.1223021e-001
 7.1026987e-001
 7.0827025e-001
 7.0623976e-001
 7.0418483e-001
 7.0211154e-001
 7.0002306e-001
 6.9792151e-001
 6.9580722e-001
 6.9367868e-001
 6.9153488e-001
 6.8937433e-001
 6.8719745e-001
 6.8500680e-001
 6.8280679e-001
 6.8060511e-001
 6.7841172e-001
 6.7623770e-001
 6.7409587e-001
 6.7199820e-001
 6.6995645e-001
 6.6798097e-001
 6.6607898e-001
 6.6425627e-001
 6.6251493e-001
 6.6085500e-001
 6.5927410e-001
 6.5776747e-001
 6.5633023e-001
 6.5495670e-001
 6.5364313e-001
 6.5238810e-001
 6.5119320e-001
 6.5006471e-001
 6.4901280e-001
 6.4805228e-001
 6.4720142e-001
 6.4648074e-001
 6.4591211e-001
 6.4551675e-001
 6.4531296e-001
 6.4531469e-001
 6.4552963e-001
 6.4595842e-001
 6.4659417e-001
 6.4742374e-001
 6.4842910e-001
 6.4959031e-001
 6.5088791e-001
 6.5230548e-001
 6.5383250e-001
 6.5546346e-001
 6.5719926e-001
 6.5904403e-001
 6.6100365e-001
 6.6308391e-001
 6.6528666e-001
 6.6761017e-001
 6.7004633e-001
 6.7258114e-001
 6.7519587e-001
 6.7786533e-001
 6.8056142e-001
 6.8325192e-001
 6.8590254e-001
 6.8847996e-001
 6.9095147e-001
 6.9328821e-001
 6.9546735e-001
 6.9747204e-001
 6.9929349e-001
 7.0092928e-001
 7.0238310e-001
 7.0366371e-001
 7.0478165e-001
 7.0581746e-001
 7.0664120e-001
 7.0733786e-001
 7.0791721e-001
 7.0838773e-001
 7.0875734e-001
 7.0903373e-001
 7.0922506e-001
 7.0934016e-001
 7.0938838e-001
 7.0937997e-001
 7.0932573e-001
 7.0923668e-001
 7.0912391e-001
 7.0899826e-001
 7.0886952e-001
 7.0874649e-001
 7.0863611e-001
 7.0854348e-001
 7.0847130e-001
 7.0842016e-001
 7.0838821e-001
 7.0837170e-001
 7.0836490e-001
 7.0836067e-001
 7.0835078e-001
 7.0832634e-001
 7.0827812e-001
 7.0819712e-001
 7.0807511e-001
 7.0790499e-001
 7.0768166e-001
 7.0740247e-001
 7.0706815e-001
 7.0668340e-001
 7.0625776e-001
 7.0580506e-001
 7.0534372e-001
 7.0489556e-001
 7.0448357e-001
 7.0413023e-001
 7.0385432e-001
 7.0366901e-001
 7.0357984e-001
 7.0358372e-001
 7.0366949e-001
 7.0381927e-001
 7.0401049e-001
 7.0421869e-001
 7.0441997e-001
 7.0459300e-001
 7.0472044e-001
 7.0478928e-001
 7.0479107e-001
 7.0472068e-001
 7.0457602e-001
 7.0435679e-001
 7.0406383e-001
 7.0369881e-001
 7.0326352e-001
 7.0276016e-001
 7.0219064e-001
 7.0155722e-001
 7.0086199e-001
 7.0010680e-001
 6.9929355e-001
 6.9842380e-001
 6.9749886e-001
 6.9652003e-001
 6.9548804e-001
 6.9440407e-001
 6.9326925e-001
 6.9208455e-001
 6.9085181e-001
 6.8957275e-001
 6.8825024e-001
 6.8688756e-001
 6.8548816e-001
 6.8405658e-001
 6.8259704e-001
 6.8111408e-001
 6.7961222e-001
 6.7809457e-001
 6.7656428e-001
 6.7502242e-001
 6.7346948e-001
 6.7190462e-001
 6.7032516e-001
 6.6872805e-001
 6.6710973e-001
 6.6546595e-001
 6.6379327e-001
 6.6208822e-001
 6.6034871e-001
 6.5857393e-001
 6.5676373e-001
 6.5492040e-001
 6.5304679e-001
 6.5114796e-001
 6.4923030e-001
 6.4730060e-001
 6.4536738e-001
 6.4343864e-001
 6.4152312e-001
 6.3962948e-001
 6.3776499e-001
 6.3593751e-001
 6.3415301e-001
 6.3241762e-001
 6.3073677e-001
 6.2911457e-001
 6.2755513e-001
 6.2606120e-001
 6.2463504e-001
 6.2327808e-001
 6.2199032e-001
 6.2077111e-001
 6.1961907e-001
 6.1853158e-001
 6.1750609e-001
 6.1653906e-001
 6.1562711e-001
 6.1476690e-001
 6.1395478e-001
 6.1318767e-001
 6.1246198e-001
 6.1177474e-001
 6.1112267e-001
 6.1050254e-001
 6.0991150e-001
 6.0934687e-001
 6.0880631e-001
 6.0828811e-001
 6.0779089e-001
 6.0731363e-001
 6.0685515e-001
 6.0641438e-001
 6.0598987e-001
 6.0557973e-001
 6.0518193e-001
 6.0479420e-001
 6.0441411e-001
 6.0403937e-001
 6.0366768e-001
 6.0329664e-001
 6.0292405e-001
 6.0254735e-001
 6.0216457e-001
 6.0177386e-001
 6.0137451e-001
 6.0096687e-001
 6.0055274e-001
 6.0013586e-001
 5.9972113e-001
 5.9931487e-001
 5.9892428e-001
 5.9855664e-001
 5.9821916e-001
 5.9791839e-001
 5.9765983e-001
 5.9744793e-001
 5.9728557e-001
 5.9717405e-001
 5.9711301e-001
 5.9710038e-001
 5.9713203e-001
 5.9720236e-001
 5.9730417e-001
 5.9742904e-001
 5.9756774e-001
 5.9771061e-001
 5.9784788e-001
 5.9797007e-001
 5.9806782e-001
 5.9813255e-001
 5.9815621e-001
 5.9813142e-001
 5.9805161e-001
 5.9791124e-001
 5.9770572e-001
 5.9743172e-001
 5.9708703e-001
 5.9667057e-001
 5.9618282e-001
 5.9562504e-001
 5.9499991e-001
 5.9431064e-001
 5.9356159e-001
 5.9275764e-001
 5.9190404e-001
 5.9100658e-001
 5.9007150e-001
 5.8910507e-001
 5.8811420e-001
 5.8710575e-001
 5.8608735e-001
 5.8506703e-001
 5.8405328e-001
 5.8305526e-001
 5.8208227e-001
 5.8114403e-001
 5.8024955e-001
 5.7940763e-001
 5.7862544e-001
 5.7790869e-001
 5.7726198e-001
 5.7668769e-001
 5.7618660e-001
 5.7575768e-001
 5.7539856e-001
 5.7510507e-001
 5.7487148e-001
 5.7469088e-001
 5.7455498e-001
 5.7445461e-001
 5.7437956e-001
 5.7431930e-001
 5.7426286e-001
 5.7419950e-001
 5.7411891e-001
 5.7401180e-001
 5.7387000e-001
 5.7368743e-001
 5.7345980e-001
 5.7318503e-001
 5.7286364e-001
 5.7249808e-001
 5.7209277e-001
 5.7165390e-001
 5.7118809e-001
 5.7070220e-001
 5.7020241e-001
 5.6969386e-001
 5.6917989e-001
 5.6866205e-001
 5.6814080e-001
 5.6761497e-001
 5.6708270e-001
 5.6654251e-001
 5.6599247e-001
 5.6543136e-001
 5.6485796e-001
 5.6427199e-001
 5.6367278e-001
 5.6306022e-001
 5.6243479e-001
 5.6179714e-001
 5.6114846e-001
 5.6049132e-001
 5.5982822e-001
 5.5916220e-001
 5.5849701e-001
 5.5783588e-001
 5.5718201e-001
 5.5653787e-001
 5.5590576e-001
 5.5528659e-001
 5.5468029e-001
 5.5408651e-001
 5.5350351e-001
 5.5292916e-001
 5.5236173e-001
 5.5179948e-001
 5.5124187e-001
 5.5068940e-001
 5.5014431e-001
 5.4960972e-001
 5.4908925e-001
 5.4858691e-001
 5.4810536e-001
 5.4764539e-001
 5.4720551e-001
 5.4678088e-001
 5.4636341e-001
 5.4594231e-001
 5.4550469e-001
 5.4503673e-001
 5.4452473e-001
 5.4395759e-001
 5.4332674e-001
 5.4262787e-001
 5.4186171e-001
 5.4103303e-001
 5.4015005e-001
 5.3922391e-001
 5.3826600e-001
 5.3728688e-001
 5.3629470e-001
 5.3529501e-001
 5.3428870e-001
 5.3327316e-001
 5.3224301e-001
 5.3118944e-001
 5.3010178e-001
 5.2896863e-001
 5.2777672e-001
 5.2651173e-001
 5.2515793e-001
 5.2369940e-001
 5.2211845e-001
 5.2039766e-001
 5.1852280e-001
 5.1648259e-001
 5.1427209e-001
 5.1189649e-001
 5.0936919e-001
 5.0671291e-001
 5.0396019e-001
 5.0114673e-001
 4.9830964e-001
 4.9548224e-001
 4.9269292e-001
 4.8995870e-001
 4.8728651e-001
 4.8467577e-001
 4.8211721e-001
 4.7959787e-001
 4.7710621e-001
 4.7463161e-001
 4.7216833e-001
 4.6971482e-001
 4.6727535e-001
 4.6485463e-001
 4.6245748e-001
 4.6008813e-001
 4.5774537e-001
 4.5542303e-001
 4.5311162e-001
 4.5079553e-001
 4.4845569e-001
 4.4607258e-001
 4.4362420e-001
 4.4108969e-001
 4.3844911e-001
 4.3568665e-001
 4.3278736e-001
 4.2973900e-001
 4.2653415e-001
 4.2316565e-001
 4.1962847e-001
 4.1592270e-001
 4.1204903e-001
 4.0801325e-001
 4.0382600e-001
 3.9950824e-001
 3.9508656e-001
 3.9059657e-001
 3.8608599e-001
 3.8160646e-001
 3.7721476e-001
 3.7297258e-001
 3.6893696e-001
 3.6516038e-001
 3.6169052e-001
 3.5856253e-001
 3.5580155e-001
 3.5342085e-001
 3.5142422e-001
 3.4980369e-001
 3.4854326e-001
 3.4762135e-001
 3.4701115e-001
 3.4668368e-001
 3.4660926e-001
 3.4675795e-001
 3.4709984e-001
 3.4760490e-001
 3.4824151e-001
 3.4897685e-001
 3.4977674e-001
 3.5060585e-001
 3.5143086e-001
 3.5222226e-001
 3.5295659e-001
 3.5361940e-001
 3.5420552e-001
 3.5471818e-001
 3.5516769e-001
 3.5556790e-001
 3.5593301e-001
 3.5627455e-001
 3.5660028e-001
 3.5691440e-001
 3.5721910e-001
 3.5751796e-001
 3.5781866e-001
 3.5813424e-001
 3.5848236e-001
 3.5888091e-001
 3.5934070e-001
 3.5985592e-001
 3.6039522e-001
 3.6089450e-001
 3.6125433e-001
 3.6134508e-001
 3.6101806e-001
 3.6012495e-001
 3.5854104e-001
 3.5619152e-001
 3.5307422e-001
 3.4928119e-001
 3.4500229e-001
 3.4052312e-001
 3.3621091e-001
 3.3247805e-001
 3.2974634e-001
 3.2840437e-001
 3.2876155e-001
 3.3101839e-001
 3.3524275e-001
 3.4136972e-001
 3.4921253e-001
 3.5849169e-001
 3.6886051e-001
 3.7995523e-001
 3.9142278e-001
 4.0293738e-001
 4.1423306e-001
 4.2510131e-001
 4.3538228e-001
 4.4497371e-001
 4.5381194e-001
 4.6186781e-001
 4.6913174e-001
 4.7561961e-001
 4.8136202e-001
 4.8639745e-001
 4.9077752e-001
 4.9455923e-001
 4.9780014e-001
 5.0056124e-001
 5.0290143e-001
 5.0487500e-001
 5.0653386e-001
 5.0792468e-001
 5.0908959e-001
 5.1006550e-001
 5.1088548e-001
 5.1157802e-001
 5.1216692e-001
 5.1267183e-001
 5.1310790e-001
 5.1348543e-001
 5.1381075e-001
 5.1408619e-001
 5.1431072e-001
 5.1448077e-001
 5.1459157e-001
 5.1463777e-001
 5.1461482e-001
 5.1451951e-001
 5.1435065e-001
 5.1410979e-001
 5.1380056e-001
 5.1342887e-001
 5.1300251e-001
 5.1252991e-001
 5.1201934e-001
 5.1147789e-001
 5.1091093e-001
 5.1032108e-001
 5.0970799e-001
 5.0906956e-001
 5.0840116e-001
 5.0769734e-001
 5.0695294e-001
 5.0616312e-001
 5.0532442e-001
 5.0443506e-001
 5.0349593e-001
 5.0250912e-001
 5.0147879e-001
 5.0041109e-001
 4.9931246e-001
 4.9818975e-001
 4.9705023e-001
 4.9589947e-001
 4.9474153e-001
 4.9357945e-001
 4.9241331e-001
 4.9124148e-001
 4.9006018e-001
 4.8886526e-001
 4.8765081e-001
 4.8641074e-001
 4.8513988e-001
 4.8383221e-001
 4.8248160e-001
 4.8108214e-001
 4.7962588e-001
 4.7810328e-001
 4.7650230e-001
 4.7480980e-001
 4.7300929e-001
 4.7108245e-001
 4.6901122e-001
 4.6677577e-001
 4.6435687e-001
 4.6173877e-001
 4.5890731e-001
 4.5585290e-001
 4.5257476e-001
 4.4907814e-001
 4.4537863e-001
 4.4150153e-001
 4.3748584e-001
 4.3337807e-001
 4.2923328e-001
 4.2511570e-001
 4.2108962e-001
 4.1721892e-001
 4.1356632e-001
 4.1018477e-001
 4.0711913e-001
 4.0440330e-001
 4.0206262e-001
 4.0011054e-001
 3.9855242e-001
 3.9738768e-001
 3.9660922e-001
 3.9620632e-001
 3.9616552e-001
 3.9647052e-001
 3.9710274e-001
 3.9804152e-001
 3.9926246e-001
 4.0073872e-001
 4.0244013e-001
 4.0433180e-001
 4.0637660e-001
 4.0853453e-001
 4.1076154e-001
 4.1301352e-001
 4.1524583e-001
 4.1741303e-001
 4.1947341e-001
 4.2138863e-001
 4.2312586e-001
 4.2465776e-001
 4.2596561e-001
 4.2703849e-001
 4.2787272e-001
 4.2847279e-001
 4.2884940e-001
 4.2901838e-001
 4.2899948e-001
 4.2881498e-001
 4.2848817e-001
 4.2804322e-001
 4.2750373e-001
 4.2689285e-001
 4.2623314e-001
 4.2554545e-001
 4.2484826e-001
 4.2415723e-001
 4.2348254e-001
 4.2282805e-001
 4.2219049e-001
 4.2155772e-001
 4.2090943e-001
 4.2021766e-001
 4.1944915e-001
 4.1856676e-001
 4.1753268e-001
 4.1631213e-001
 4.1487452e-001
 4.1319627e-001
 4.1126350e-001
 4.0907058e-001
 4.0662169e-001
 4.0392929e-001
 4.0101591e-001
 3.9790940e-001
 3.9464328e-001
 3.9125842e-001
 3.8779709e-001
 3.8430411e-001
 3.8082808e-001
 3.7741527e-001
 3.7411037e-001
 3.7095755e-001
 3.6799410e-001
 3.6525232e-001
 3.6275703e-001
 3.6052731e-001
 3.5857266e-001
 3.5689515e-001
 3.5549107e-001
 3.5434946e-001
 3.5345459e-001
 3.5278755e-001
 3.5232598e-001
 3.5204554e-001
 3.5192046e-001
 3.5192358e-001
 3.5202643e-001
 3.5219947e-001
 3.5241231e-001
 3.5263458e-001
 3.5283667e-001
 3.5299107e-001
 3.5307369e-001
 3.5306472e-001
 3.5294932e-001
 3.5271752e-001
 3.5236377e-001
 3.5188609e-001
 3.5128552e-001
 3.5056499e-001
 3.4972891e-001
 3.4878397e-001
 3.4773782e-001
 3.4659970e-001
 3.4538099e-001
 3.4409302e-001
 3.4274736e-001
 3.4135422e-001
 3.3992308e-001
 3.3846018e-001
 3.3696952e-001
 3.3545458e-001
 3.3391714e-001
 3.3235934e-001
 3.3078590e-001
 3.2920268e-001
 3.2761815e-001
 3.2604423e-001
 3.2449344e-001
 3.2297963e-001
 3.2151610e-001
 3.2011628e-001
 3.1879115e-001
 3.1754982e-001
 3.1640047e-001
 3.1534827e-001
 3.1439626e-001
 3.1354576e-001
 3.1279460e-001
 3.1213769e-001
 3.1156680e-001
 3.1107086e-001
 3.1063557e-001
 3.1024456e-001
 3.0988038e-001
 3.0952477e-001
 3.0916032e-001
 3.0877137e-001
 3.0834442e-001
 3.0786896e-001
 3.0733728e-001
 3.0674496e-001
 3.0608976e-001
 3.0537161e-001
 3.0459309e-001
 3.0375826e-001
 3.0287346e-001
 3.0194816e-001
 3.0099374e-001
 3.0002412e-001
 2.9905617e-001
 2.9810753e-001
 2.9719689e-001
 2.9634258e-001
 2.9556218e-001
 2.9487032e-001
 2.9427823e-001
 2.9379326e-001
 2.9341725e-001
 2.9314682e-001
 2.9297358e-001
 2.9288414e-001
 2.9286107e-001
 2.9288363e-001
 2.9292855e-001
 2.9297063e-001
 2.9298368e-001
 2.9294130e-001
 2.9281786e-001
 2.9258996e-001
 2.9223803e-001
 2.9174793e-001
 2.9111221e-001
 2.9033214e-001
 2.8941688e-001
 2.8838375e-001
 2.8725660e-001
 2.8606477e-001
 2.8483921e-001
 2.8361085e-001
 2.8240931e-001
 2.8125963e-001
 2.8018188e-001
 2.7919129e-001
 2.7829647e-001
 2.7750081e-001
 2.7680269e-001
 2.7619714e-001
 2.7567622e-001
 2.7523059e-001
-1.2300000e+034
