s07_ASD Record=14005: Pyrophyl.25+wxlKaol.75 AMX17  BECKb AREF
 4.4118527e-001
 4.4606557e-001
 4.5102760e-001
 4.5603079e-001
 4.6103972e-001
 4.6602955e-001
 4.7099003e-001
 4.7592357e-001
 4.8084354e-001
 4.8576880e-001
 4.9071872e-001
 4.9570715e-001
 5.0073946e-001
 5.0580943e-001
 5.1089591e-001
 5.1596814e-001
 5.2099705e-001
 5.2596945e-001
 5.3089201e-001
 5.3578734e-001
 5.4067808e-001
 5.4556805e-001
 5.5043191e-001
 5.5521876e-001
 5.5986893e-001
 5.6433213e-001
 5.6858957e-001
 5.7265806e-001
 5.7656765e-001
 5.8033407e-001
 5.8395344e-001
 5.8741611e-001
 5.9071666e-001
 5.9385943e-001
 5.9686989e-001
 5.9979475e-001
 6.0268122e-001
 6.0555816e-001
 6.0842836e-001
 6.1126918e-001
 6.1404485e-001
 6.1672193e-001
 6.1928302e-001
 6.2173265e-001
 6.2409079e-001
 6.2637854e-001
 6.2860209e-001
 6.3074744e-001
 6.3278937e-001
 6.3471150e-001
 6.3652331e-001
 6.3826239e-001
 6.3997757e-001
 6.4170146e-001
 6.4343196e-001
 6.4513409e-001
 6.4676374e-001
 6.4830273e-001
 6.4976484e-001
 6.5118468e-001
 6.5260798e-001
 6.5403736e-001
 6.5545589e-001
 6.5683979e-001
 6.5814501e-001
 6.5934634e-001
 6.6045690e-001
 6.6150814e-001
 6.6253757e-001
 6.6358376e-001
 6.6467446e-001
 6.6581607e-001
 6.6699106e-001
 6.6816336e-001
 6.6928864e-001
 6.7032838e-001
 6.7126095e-001
 6.7208701e-001
 6.7282575e-001
 6.7350715e-001
 6.7416692e-001
 6.7484546e-001
 6.7558974e-001
 6.7645043e-001
 6.7747122e-001
 6.7867148e-001
 6.8003094e-001
 6.8148762e-001
 6.8295401e-001
 6.8435055e-001
 6.8564069e-001
 6.8684983e-001
 6.8805122e-001
 6.8932575e-001
 6.9071734e-001
 6.9221228e-001
 6.9375050e-001
 6.9525731e-001
 6.9667095e-001
 6.9794583e-001
 6.9904709e-001
 6.9995511e-001
 7.0067877e-001
 7.0126301e-001
 7.0178038e-001
 7.0229965e-001
 7.0284992e-001
 7.0341116e-001
 7.0393926e-001
 7.0440900e-001
 7.0484596e-001
 7.0532113e-001
 7.0591098e-001
 7.0665026e-001
 7.0750767e-001
 7.0839423e-001
 7.0919520e-001
 7.0981473e-001
 7.1022302e-001
 7.1048194e-001
 7.1071965e-001
 7.1105605e-001
 7.1152818e-001
 7.1207684e-001
 7.1260691e-001
 7.1306628e-001
 7.1347547e-001
 7.1389014e-001
 7.1434569e-001
 7.1484268e-001
 7.1537668e-001
 7.1596378e-001
 7.1662182e-001
 7.1733385e-001
 7.1804553e-001
 7.1870810e-001
 7.1931434e-001
 7.1988362e-001
 7.2041959e-001
 7.2090310e-001
 7.2133088e-001
 7.2174114e-001
 7.2218108e-001
 7.2265977e-001
 7.2315341e-001
 7.2364920e-001
 7.2416103e-001
 7.2470909e-001
 7.2531044e-001
 7.2598004e-001
 7.2670346e-001
 7.2740549e-001
 7.2799230e-001
 7.2845781e-001
 7.2893298e-001
 7.2959429e-001
 7.3050791e-001
 7.3156047e-001
 7.3254287e-001
 7.3330539e-001
 7.3384458e-001
 7.3426622e-001
 7.3469025e-001
 7.3519981e-001
 7.3585892e-001
 7.3672408e-001
 7.3779261e-001
 7.3894197e-001
 7.3997176e-001
 7.4075699e-001
 7.4136555e-001
 7.4199343e-001
 7.4275517e-001
 7.4355078e-001
 7.4416083e-001
 7.4446046e-001
 7.4451649e-001
 7.4450892e-001
 7.4461299e-001
 7.4494374e-001
 7.4553651e-001
 7.4634272e-001
 7.4726671e-001
 7.4822640e-001
 7.4916565e-001
 7.5001353e-001
 7.5066906e-001
 7.5106287e-001
 7.5123888e-001
 7.5135911e-001
 7.5160259e-001
 7.5203723e-001
 7.5257695e-001
 7.5306076e-001
 7.5338262e-001
 7.5356370e-001
 7.5372523e-001
 7.5401175e-001
 7.5453472e-001
 7.5534075e-001
 7.5636882e-001
 7.5742126e-001
 7.5822777e-001
 7.5862020e-001
 7.5868309e-001
 7.5868821e-001
 7.5881684e-001
 7.5897276e-001
 7.5893956e-001
 7.5867909e-001
 7.5837934e-001
 7.5824690e-001
 7.5836593e-001
 7.5871575e-001
 7.5918442e-001
 7.5957233e-001
 7.5972247e-001
 7.5968635e-001
 7.5968230e-001
 7.5987685e-001
 7.6026386e-001
 7.6074523e-001
 7.6125211e-001
 7.6176739e-001
 7.6226950e-001
 7.6268154e-001
 7.6288277e-001
 7.6279944e-001
 7.6252484e-001
 7.6234096e-001
 7.6255918e-001
 7.6329088e-001
 7.6435989e-001
 7.6542509e-001
 7.6619112e-001
 7.6653951e-001
 7.6652443e-001
 7.6631314e-001
 7.6614767e-001
 7.6626474e-001
 7.6671630e-001
 7.6726043e-001
 7.6753008e-001
 7.6734334e-001
 7.6682436e-001
 7.6628035e-001
 7.6602775e-001
 7.6624858e-001
 7.6684582e-001
 7.6744443e-001
 7.6769352e-001
 7.6756734e-001
 7.6729774e-001
 7.6709056e-001
 7.6698685e-001
 7.6693892e-001
 7.6690394e-001
 7.6685417e-001
 7.6681244e-001
 7.6689768e-001
 7.6720458e-001
 7.6759815e-001
 7.6777041e-001
 7.6758003e-001
 7.6720554e-001
 7.6689053e-001
 7.6672935e-001
 7.6676965e-001
 7.6704901e-001
 7.6745301e-001
 7.6778507e-001
 7.6801902e-001
 7.6830071e-001
 7.6865900e-001
 7.6885855e-001
 7.6872027e-001
 7.6854932e-001
 7.6886833e-001
 7.6962125e-001
 7.7017123e-001
 7.7014488e-001
 7.6973200e-001
 7.6928085e-001
 7.6911366e-001
 7.6952296e-001
 7.7044892e-001
 7.7138746e-001
 7.7186489e-001
 7.7180469e-001
 7.7136201e-001
 7.7073538e-001
 7.7022576e-001
 7.7009678e-001
 7.7021700e-001
 7.7019674e-001
 7.7001178e-001
 7.7004319e-001
 7.7035648e-001
 7.7049839e-001
 7.7023900e-001
 7.6999718e-001
 7.7027547e-001
 7.7104157e-001
 7.7184004e-001
 7.7227789e-001
 7.7230102e-001
 7.7211189e-001
 7.7192074e-001
 7.7181780e-001
 7.7182817e-001
 7.7194619e-001
 7.7209133e-001
 7.7217817e-001
 7.7229422e-001
 7.7266580e-001
 7.7334905e-001
 7.7406508e-001
 7.7441019e-001
 7.7414775e-001
 7.7339536e-001
 7.7258724e-001
 7.7216297e-001
 7.7224702e-001
 7.7263743e-001
 7.7302414e-001
 7.7316320e-001
 7.7295583e-001
 7.7250832e-001
 7.7214551e-001
 7.7226031e-001
 7.7302182e-001
 7.7418470e-001
 7.7522027e-001
 7.7567554e-001
 7.7544153e-001
 7.7474016e-001
 7.7394289e-001
 7.7341110e-001
 7.7337807e-001
 7.7381825e-001
 7.7438885e-001
 7.7461660e-001
 7.7428442e-001
 7.7367592e-001
 7.7337396e-001
 7.7372772e-001
 7.7449554e-001
 7.7506697e-001
 7.7505791e-001
 7.7468866e-001
 7.7458179e-001
 7.7516443e-001
 7.7624822e-001
 7.7720976e-001
 7.7775729e-001
 7.7813655e-001
 7.7863169e-001
 7.7904314e-001
 7.7872944e-001
 7.7756965e-001
 7.7643877e-001
 7.7613902e-001
 7.7642083e-001
 7.7665412e-001
 7.7678961e-001
 7.7711755e-001
 7.7765882e-001
 7.7823544e-001
 7.7875525e-001
 7.7911347e-001
 7.7912211e-001
 7.7886969e-001
 7.7889746e-001
 7.7964532e-001
 7.8088772e-001
 7.8192592e-001
 7.8219301e-001
 7.8169638e-001
 7.8099489e-001
 7.8065836e-001
 7.8075141e-001
 7.8087205e-001
 7.8067040e-001
 7.8043872e-001
 7.8094417e-001
 7.8223789e-001
 7.8321308e-001
 7.8312081e-001
 7.8269863e-001
 7.8290129e-001
 7.8348798e-001
 7.8372645e-001
 7.8358853e-001
 7.8349620e-001
 7.8353202e-001
 7.8338271e-001
 7.8286779e-001
 7.8221548e-001
 7.8196573e-001
 7.8271598e-001
 7.8423584e-001
 7.8534549e-001
 7.8550339e-001
 7.8541690e-001
 7.8586823e-001
 7.8689975e-001
 7.8791392e-001
 7.8827286e-001
 7.8788936e-001
 7.8724968e-001
 7.8688061e-001
 7.8688669e-001
 7.8695548e-001
 7.8676188e-001
 7.8634691e-001
 7.8610963e-001
 7.8640819e-001
 7.8714025e-001
 7.8776294e-001
 7.8776538e-001
 7.8713429e-001
 7.8636074e-001
 7.8601265e-001
 7.8633082e-001
 7.8721279e-001
 7.8842986e-001
 7.8970706e-001
 7.9071134e-001
 7.9107893e-001
 7.9075432e-001
 7.8994495e-001
 7.8911024e-001
 7.8860545e-001
 7.8845221e-001
 7.8853822e-001
 7.8875130e-001
 7.8898728e-001
 7.8919739e-001
 7.8935510e-001
 7.8943396e-001
 7.8942227e-001
 7.8940439e-001
 7.8950399e-001
 7.8984451e-001
 7.9051948e-001
 7.9142314e-001
 7.9236901e-001
 7.9317033e-001
 7.9366267e-001
 7.9383057e-001
 7.9367685e-001
 7.9329669e-001
 7.9273760e-001
 7.9209530e-001
 7.9151434e-001
 7.9114091e-001
 7.9112148e-001
 7.9159385e-001
 7.9250264e-001
 7.9360008e-001
 7.9463071e-001
 7.9533863e-001
 7.9547846e-001
 7.9503357e-001
 7.9421300e-001
 7.9323566e-001
 7.9232013e-001
 7.9167879e-001
 7.9137951e-001
 7.9134911e-001
 7.9150814e-001
 7.9177719e-001
 7.9207724e-001
 7.9234457e-001
 7.9257601e-001
 7.9278398e-001
 7.9297990e-001
 7.9317600e-001
 7.9338390e-001
 7.9361314e-001
 7.9386240e-001
 7.9412842e-001
 7.9440755e-001
 7.9469639e-001
-1.2300000e+034
-1.2300000e+034
 7.9558665e-001
 7.9587960e-001
 7.9616499e-001
 7.9643917e-001
 7.9669875e-001
 7.9694021e-001
-1.2300000e+034
-1.2300000e+034
 7.9752135e-001
 7.9765564e-001
 7.9775453e-001
 7.9781449e-001
 7.9783195e-001
 7.9780346e-001
 7.9772568e-001
 7.9759496e-001
 7.9741013e-001
 7.9717791e-001
 7.9690683e-001
 7.9660541e-001
 7.9628259e-001
 7.9594666e-001
 7.9560643e-001
 7.9527044e-001
 7.9494494e-001
 7.9462755e-001
 7.9431349e-001
 7.9399848e-001
 7.9367787e-001
 7.9334712e-001
 7.9300177e-001
 7.9263729e-001
 7.9224920e-001
 7.9183292e-001
 7.9138386e-001
 7.9089761e-001
 7.9037362e-001
 7.8982556e-001
 7.8927034e-001
 7.8872496e-001
 7.8820646e-001
 7.8773183e-001
 7.8731793e-001
 7.8698182e-001
 7.8674042e-001
 7.8661072e-001
 7.8660971e-001
 7.8675437e-001
 7.8705394e-001
 7.8749043e-001
 7.8803927e-001
 7.8867668e-001
 7.8937811e-001
 7.9011959e-001
 7.9087663e-001
 7.9162520e-001
 7.9234093e-001
 7.9299963e-001
 7.9357713e-001
 7.9405308e-001
 7.9442102e-001
 7.9467726e-001
 7.9481852e-001
 7.9484117e-001
 7.9474169e-001
 7.9451668e-001
 7.9416263e-001
 7.9367590e-001
 7.9305315e-001
 7.9229856e-001
 7.9144287e-001
 7.9052275e-001
 7.8957504e-001
 7.8863609e-001
 7.8774285e-001
 7.8693169e-001
 7.8623950e-001
 7.8570276e-001
 7.8535819e-001
 7.8522718e-001
 7.8527957e-001
 7.8547376e-001
 7.8576839e-001
 7.8612202e-001
 7.8649330e-001
 7.8684068e-001
 7.8712296e-001
 7.8729850e-001
 7.8732610e-001
 7.8718030e-001
 7.8689051e-001
 7.8649765e-001
 7.8604221e-001
 7.8556526e-001
 7.8510743e-001
 7.8470963e-001
 7.8441256e-001
 7.8425694e-001
 7.8426319e-001
 7.8438246e-001
 7.8455210e-001
 7.8470910e-001
 7.8479052e-001
 7.8473365e-001
 7.8447562e-001
 7.8395343e-001
 7.8313011e-001
 7.8205252e-001
 7.8078574e-001
 7.7939433e-001
 7.7794290e-001
 7.7649605e-001
 7.7511877e-001
 7.7387547e-001
 7.7281505e-001
 7.7193499e-001
 7.7122235e-001
 7.7066427e-001
 7.7024746e-001
 7.6995927e-001
 7.6978648e-001
 7.6971608e-001
 7.6973587e-001
 7.6983476e-001
 7.7000248e-001
 7.7021813e-001
 7.7049333e-001
 7.7080405e-001
 7.7115196e-001
 7.7156347e-001
 7.7208936e-001
 7.7279699e-001
 7.7376091e-001
 7.7505225e-001
 7.7671343e-001
 7.7871495e-001
 7.8093040e-001
 7.8316468e-001
 7.8519827e-001
 7.8682315e-001
 7.8788698e-001
 7.8834349e-001
 7.8826767e-001
 7.8782594e-001
 7.8722656e-001
 7.8667712e-001
 7.8634405e-001
 7.8631580e-001
 7.8658950e-001
 7.8709131e-001
 7.8771132e-001
 7.8833479e-001
 7.8886569e-001
 7.8924447e-001
 7.8945327e-001
 7.8950793e-001
 7.8944308e-001
 7.8929967e-001
 7.8911674e-001
 7.8892654e-001
 7.8875339e-001
 7.8861457e-001
 7.8852224e-001
 7.8848410e-001
 7.8850210e-001
 7.8876418e-001
 7.8879505e-001
 7.8883809e-001
 7.8888834e-001
 7.8894126e-001
 7.8899330e-001
 7.8904241e-001
 7.8908813e-001
 7.8913146e-001
 7.8917414e-001
 7.8921825e-001
 7.8926528e-001
 7.8931576e-001
 7.8936934e-001
 7.8942519e-001
 7.8948283e-001
 7.8954262e-001
 7.8960586e-001
 7.8967446e-001
 7.8974998e-001
 7.8983301e-001
 7.8992188e-001
 7.9001260e-001
 7.9009867e-001
 7.9017192e-001
 7.9022288e-001
 7.9024255e-001
 7.9022431e-001
 7.9016572e-001
 7.9007065e-001
 7.8994942e-001
 7.8981793e-001
 7.8969592e-001
 7.8960389e-001
 7.8956050e-001
 7.8957951e-001
 7.8966767e-001
 7.8982294e-001
 7.9003483e-001
 7.9028511e-001
 7.9055077e-001
 7.9080683e-001
 7.9102981e-001
 7.9120123e-001
 7.9130948e-001
 7.9135090e-001
 7.9132986e-001
 7.9125696e-001
 7.9114705e-001
 7.9101676e-001
 7.9088169e-001
 7.9075480e-001
 7.9064500e-001
 7.9055691e-001
 7.9049116e-001
 7.9044539e-001
 7.9041535e-001
 7.9039609e-001
 7.9038274e-001
 7.9037106e-001
 7.9035729e-001
 7.9033822e-001
 7.9031104e-001
 7.9027325e-001
 7.9022330e-001
 7.9016131e-001
 7.9008996e-001
 7.9001486e-001
 7.8994465e-001
 7.8988981e-001
 7.8986096e-001
 7.8986627e-001
 7.8990912e-001
 7.8998685e-001
 7.9009026e-001
 7.9020494e-001
 7.9031390e-001
 7.9040116e-001
 7.9045475e-001
 7.9046917e-001
 7.9044646e-001
 7.9039514e-001
 7.9032838e-001
 7.9026049e-001
 7.9020447e-001
 7.9016936e-001
 7.9015899e-001
 7.9017210e-001
 7.9020339e-001
 7.9024518e-001
 7.9028916e-001
 7.9032820e-001
 7.9035699e-001
 7.9037279e-001
 7.9037470e-001
 7.9036331e-001
 7.9034001e-001
 7.9030597e-001
 7.9026234e-001
 7.9021007e-001
 7.9015052e-001
 7.9008621e-001
 7.9002106e-001
 7.8996056e-001
 7.8991127e-001
 7.8987956e-001
 7.8987020e-001
 7.8988516e-001
 7.8992265e-001
 7.8997707e-001
 7.9003990e-001
 7.9010159e-001
 7.9015338e-001
 7.9018933e-001
 7.9020727e-001
 7.9020923e-001
 7.9020011e-001
 7.9018646e-001
 7.9017460e-001
 7.9016906e-001
 7.9017180e-001
 7.9018235e-001
 7.9019886e-001
 7.9021883e-001
 7.9024082e-001
 7.9026461e-001
 7.9029167e-001
 7.9032439e-001
 7.9036534e-001
 7.9041624e-001
 7.9047734e-001
 7.9054701e-001
 7.9062206e-001
 7.9069835e-001
 7.9077160e-001
 7.9083812e-001
 7.9089564e-001
 7.9094332e-001
 7.9098201e-001
 7.9101348e-001
 7.9104024e-001
 7.9106462e-001
 7.9108834e-001
 7.9111177e-001
 7.9113406e-001
 7.9115289e-001
 7.9116517e-001
 7.9116720e-001
 7.9115558e-001
 7.9112798e-001
 7.9108387e-001
 7.9102463e-001
 7.9095376e-001
 7.9087669e-001
 7.9079974e-001
 7.9072917e-001
 7.9067016e-001
 7.9062563e-001
 7.9059589e-001
 7.9057825e-001
 7.9056758e-001
 7.9055750e-001
 7.9054141e-001
 7.9051393e-001
 7.9047167e-001
 7.9041386e-001
 7.9034221e-001
 7.9026043e-001
 7.9017335e-001
 7.9008603e-001
 7.9000318e-001
 7.8992838e-001
 7.8986448e-001
 7.8981346e-001
 7.8977698e-001
 7.8975672e-001
 7.8975451e-001
 7.8977269e-001
 7.8981334e-001
 7.8987771e-001
 7.8996587e-001
 7.9007542e-001
 7.9020149e-001
 7.9033613e-001
 7.9046917e-001
 7.9058856e-001
 7.9068214e-001
 7.9073882e-001
 7.9075032e-001
 7.9071212e-001
 7.9062444e-001
 7.9049188e-001
 7.9032320e-001
 7.9012966e-001
 7.8992379e-001
 7.8971744e-001
 7.8952020e-001
 7.8933847e-001
 7.8917444e-001
 7.8902656e-001
 7.8889012e-001
 7.8875864e-001
 7.8862518e-001
 7.8848410e-001
 7.8833216e-001
 7.8816909e-001
 7.8799754e-001
 7.8782243e-001
 7.8764957e-001
 7.8748393e-001
 7.8732824e-001
 7.8718120e-001
 7.8703701e-001
 7.8688508e-001
 7.8671080e-001
 7.8649706e-001
 7.8622591e-001
 7.8588092e-001
 7.8544849e-001
 7.8491932e-001
 7.8428900e-001
 7.8355765e-001
 7.8272998e-001
 7.8181458e-001
 7.8082293e-001
 7.7977055e-001
 7.7867573e-001
 7.7756071e-001
 7.7645111e-001
 7.7537483e-001
 7.7436131e-001
 7.7343905e-001
 7.7263397e-001
 7.7196747e-001
 7.7145469e-001
 7.7110481e-001
 7.7092069e-001
 7.7090043e-001
 7.7103776e-001
 7.7132338e-001
 7.7174479e-001
 7.7228624e-001
 7.7292871e-001
 7.7364886e-001
 7.7442026e-001
 7.7521372e-001
 7.7599967e-001
 7.7675092e-001
 7.7744484e-001
 7.7806592e-001
 7.7860695e-001
 7.7906871e-001
 7.7945954e-001
 7.7979219e-001
 7.8008181e-001
 7.8034240e-001
 7.8058457e-001
 7.8081405e-001
 7.8103054e-001
 7.8122902e-001
 7.8140050e-001
 7.8153455e-001
 7.8162146e-001
 7.8165418e-001
 7.8162938e-001
 7.8154796e-001
 7.8141445e-001
 7.8123564e-001
 7.8101903e-001
 7.8077120e-001
 7.8049612e-001
 7.8019476e-001
 7.7986395e-001
 7.7949661e-001
 7.7908194e-001
 7.7860534e-001
 7.7804965e-001
 7.7739555e-001
 7.7662361e-001
 7.7571625e-001
 7.7465993e-001
 7.7344847e-001
 7.7208430e-001
 7.7058089e-001
 7.6896209e-001
 7.6726019e-001
 7.6551425e-001
 7.6376438e-001
 7.6204938e-001
 7.6040179e-001
 7.5884485e-001
 7.5739199e-001
 7.5604618e-001
 7.5480062e-001
 7.5364220e-001
 7.5255233e-001
 7.5151128e-001
 7.5049978e-001
 7.4950105e-001
 7.4850327e-001
 7.4749976e-001
 7.4649000e-001
 7.4547923e-001
 7.4447656e-001
 7.4349457e-001
 7.4254543e-001
 7.4163961e-001
 7.4078327e-001
 7.3997617e-001
 7.3921192e-001
 7.3847795e-001
 7.3775768e-001
 7.3703289e-001
 7.3628598e-001
 7.3550308e-001
 7.3467588e-001
 7.3380190e-001
 7.3288518e-001
 7.3193443e-001
 7.3096216e-001
 7.2998232e-001
 7.2900844e-001
 7.2805297e-001
 7.2712553e-001
 7.2623360e-001
 7.2538286e-001
 7.2457725e-001
 7.2382110e-001
 7.2311854e-001
 7.2247493e-001
 7.2189587e-001
 7.2138625e-001
 7.2094893e-001
 7.2058249e-001
 7.2027934e-001
 7.2002351e-001
 7.1978927e-001
 7.1954042e-001
 7.1923059e-001
 7.1880490e-001
 7.1820271e-001
 7.1736181e-001
 7.1622360e-001
 7.1473897e-001
 7.1287370e-001
 7.1061480e-001
 7.0797294e-001
 7.0498616e-001
 7.0171833e-001
 6.9825476e-001
 6.9469869e-001
 6.9116044e-001
 6.8775153e-001
 6.8457538e-001
 6.8171865e-001
 6.7924941e-001
 6.7721128e-001
 6.7562491e-001
 6.7448747e-001
 6.7377377e-001
 6.7343891e-001
 6.7341918e-001
 6.7363489e-001
 6.7399269e-001
 6.7438990e-001
 6.7471910e-001
 6.7487437e-001
 6.7475718e-001
 6.7428243e-001
 6.7338204e-001
 6.7200744e-001
 6.7012918e-001
 6.6773319e-001
 6.6481739e-001
 6.6138369e-001
 6.5743303e-001
 6.5295845e-001
 6.4793736e-001
 6.4233166e-001
 6.3608217e-001
 6.2911618e-001
 6.2135476e-001
 6.1272377e-001
 6.0318136e-001
 5.9273362e-001
 5.8146685e-001
 5.6956410e-001
 5.5730951e-001
 5.4509103e-001
 5.3337210e-001
 5.2264762e-001
 5.1340204e-001
 5.0604546e-001
 5.0087410e-001
 4.9803373e-001
 4.9750748e-001
 4.9912670e-001
 5.0259620e-001
 5.0753003e-001
 5.1349080e-001
 5.2002954e-001
 5.2671176e-001
 5.3314978e-001
 5.3901988e-001
 5.4408765e-001
 5.4823083e-001
 5.5145466e-001
 5.5390584e-001
 5.5586630e-001
 5.5773145e-001
 5.5996817e-001
 5.6305414e-001
 5.6741464e-001
 5.7335848e-001
 5.8103287e-001
 5.9040570e-001
 6.0126716e-001
 6.1326355e-001
 6.2595338e-001
 6.3885593e-001
 6.5151960e-001
 6.6355735e-001
 6.7468148e-001
 6.8471956e-001
 6.9360137e-001
 7.0135218e-001
 7.0806116e-001
 7.1385866e-001
 7.1889341e-001
 7.2330803e-001
 7.2723067e-001
 7.3076439e-001
 7.3398709e-001
 7.3695552e-001
 7.3970628e-001
 7.4226362e-001
 7.4464101e-001
 7.4684519e-001
 7.4887908e-001
 7.5074250e-001
 7.5243491e-001
 7.5395870e-001
 7.5531965e-001
 7.5653034e-001
 7.5760967e-001
 7.5858206e-001
 7.5947577e-001
 7.6031846e-001
 7.6113462e-001
 7.6194155e-001
 7.6274848e-001
 7.6355618e-001
 7.6435852e-001
 7.6514560e-001
 7.6590645e-001
 7.6663291e-001
 7.6732188e-001
 7.6797605e-001
 7.6860482e-001
 7.6922208e-001
 7.6984447e-001
 7.7048910e-001
 7.7116984e-001
 7.7189565e-001
 7.7266884e-001
 7.7348381e-001
 7.7432823e-001
 7.7518374e-001
 7.7602845e-001
 7.7684009e-001
 7.7759826e-001
 7.7828795e-001
 7.7890068e-001
 7.7943581e-001
 7.7990025e-001
 7.8030658e-001
 7.8067130e-001
 7.8101164e-001
 7.8134358e-001
 7.8167969e-001
 7.8202844e-001
 7.8239423e-001
 7.8277838e-001
 7.8318036e-001
 7.8359914e-001
 7.8403407e-001
 7.8448552e-001
 7.8495389e-001
 7.8543955e-001
 7.8594160e-001
 7.8645670e-001
 7.8697860e-001
 7.8749818e-001
 7.8800309e-001
 7.8847909e-001
 7.8891057e-001
 7.8928238e-001
 7.8958136e-001
 7.8979790e-001
 7.8992772e-001
 7.8997302e-001
 7.8994328e-001
 7.8985530e-001
 7.8973150e-001
 7.8959841e-001
 7.8948301e-001
 7.8940970e-001
 7.8939670e-001
 7.8945398e-001
 7.8958184e-001
 7.8977156e-001
 7.9000759e-001
 7.9027104e-001
 7.9054284e-001
 7.9080725e-001
 7.9105443e-001
 7.9128140e-001
 7.9149222e-001
 7.9169589e-001
 7.9190397e-001
 7.9212719e-001
 7.9237300e-001
 7.9264396e-001
 7.9293746e-001
 7.9324609e-001
 7.9355776e-001
 7.9385704e-001
 7.9412669e-001
 7.9435033e-001
 7.9451495e-001
 7.9461324e-001
 7.9464459e-001
 7.9461545e-001
 7.9453814e-001
 7.9442930e-001
 7.9430699e-001
 7.9418832e-001
 7.9408753e-001
 7.9401517e-001
 7.9397774e-001
 7.9397798e-001
 7.9401511e-001
 7.9408538e-001
 7.9418260e-001
 7.9429919e-001
 7.9442662e-001
 7.9455674e-001
 7.9468209e-001
 7.9479712e-001
 7.9489809e-001
 7.9498386e-001
 7.9505569e-001
 7.9511690e-001
 7.9517281e-001
 7.9522938e-001
 7.9529279e-001
 7.9536843e-001
 7.9546040e-001
 7.9557109e-001
 7.9570091e-001
 7.9584795e-001
 7.9600805e-001
 7.9617482e-001
 7.9634011e-001
 7.9649472e-001
 7.9662919e-001
 7.9673499e-001
 7.9680520e-001
 7.9683566e-001
 7.9682571e-001
 7.9677904e-001
 7.9670364e-001
 7.9661101e-001
 7.9651529e-001
 7.9643166e-001
 7.9637492e-001
 7.9635805e-001
 7.9639125e-001
 7.9648113e-001
 7.9663050e-001
 7.9683793e-001
 7.9709780e-001
 7.9740083e-001
 7.9773456e-001
 7.9808402e-001
 7.9843247e-001
 7.9876292e-001
 7.9905874e-001
 7.9930514e-001
 7.9949027e-001
 7.9960597e-001
 7.9964882e-001
 7.9962033e-001
 7.9952669e-001
 7.9937845e-001
 7.9918945e-001
 7.9897559e-001
 7.9875380e-001
 7.9854053e-001
 7.9835069e-001
 7.9819721e-001
 7.9808974e-001
 7.9803479e-001
 7.9803520e-001
 7.9809016e-001
 7.9819524e-001
 7.9834294e-001
 7.9852301e-001
 7.9872334e-001
 7.9893082e-001
 7.9913241e-001
 7.9931617e-001
 7.9947191e-001
 7.9959220e-001
 7.9967225e-001
 7.9971057e-001
 7.9970825e-001
 7.9966903e-001
 7.9959875e-001
 7.9950476e-001
 7.9939538e-001
 7.9927939e-001
 7.9916507e-001
 7.9906005e-001
 7.9897010e-001
 7.9889905e-001
 7.9884815e-001
 7.9881614e-001
 7.9879904e-001
 7.9879093e-001
 7.9878420e-001
 7.9877061e-001
 7.9874188e-001
 7.9869080e-001
 7.9861188e-001
 7.9850227e-001
 7.9836231e-001
 7.9819620e-001
 7.9801220e-001
 7.9782271e-001
 7.9764360e-001
 7.9749334e-001
 7.9739082e-001
 7.9735297e-001
 7.9739207e-001
 7.9751247e-001
 7.9770851e-001
 7.9796326e-001
 7.9824871e-001
 7.9852808e-001
 7.9875976e-001
 7.9890323e-001
 7.9892498e-001
 7.9880512e-001
 7.9854143e-001
 7.9815131e-001
 7.9766959e-001
 7.9714268e-001
 7.9662204e-001
 7.9615635e-001
 7.9578453e-001
 7.9553103e-001
 7.9540324e-001
 7.9539019e-001
 7.9546338e-001
 7.9558063e-001
 7.9569238e-001
 7.9574919e-001
 7.9570961e-001
 7.9554766e-001
 7.9525638e-001
 7.9484916e-001
 7.9435682e-001
 7.9382187e-001
 7.9329145e-001
 7.9280889e-001
 7.9240775e-001
 7.9210722e-001
 7.9191130e-001
 7.9181153e-001
 7.9179019e-001
 7.9182518e-001
 7.9189408e-001
 7.9197770e-001
 7.9206216e-001
 7.9214001e-001
 7.9220968e-001
 7.9227465e-001
 7.9234147e-001
 7.9241693e-001
 7.9250586e-001
 7.9260886e-001
 7.9272068e-001
 7.9282993e-001
 7.9291970e-001
 7.9296935e-001
 7.9295713e-001
 7.9286295e-001
 7.9267150e-001
 7.9237497e-001
 7.9197437e-001
 7.9148000e-001
 7.9091108e-001
 7.9029316e-001
 7.8965592e-001
 7.8902942e-001
 7.8844053e-001
 7.8791040e-001
 7.8745222e-001
 7.8707045e-001
 7.8676099e-001
 7.8651261e-001
 7.8630942e-001
 7.8613317e-001
 7.8596604e-001
 7.8579283e-001
 7.8560263e-001
 7.8538960e-001
 7.8515291e-001
 7.8489584e-001
 7.8462452e-001
 7.8434610e-001
 7.8406745e-001
 7.8379339e-001
 7.8352576e-001
 7.8326333e-001
 7.8300160e-001
 7.8273410e-001
 7.8245324e-001
 7.8215188e-001
 7.8182507e-001
 7.8147078e-001
 7.8109133e-001
 7.8069311e-001
 7.8028649e-001
 7.7988458e-001
 7.7950191e-001
 7.7915245e-001
 7.7884817e-001
 7.7859700e-001
 7.7840239e-001
 7.7826226e-001
 7.7816951e-001
 7.7811271e-001
 7.7807713e-001
 7.7804607e-001
 7.7800256e-001
 7.7793014e-001
 7.7781427e-001
 7.7764255e-001
 7.7740544e-001
 7.7709645e-001
 7.7671182e-001
 7.7625120e-001
 7.7571708e-001
 7.7511513e-001
 7.7445400e-001
 7.7374464e-001
 7.7300036e-001
 7.7223492e-001
 7.7146232e-001
 7.7069455e-001
 7.6994061e-001
 7.6920539e-001
 7.6848900e-001
 7.6778626e-001
 7.6708806e-001
 7.6638204e-001
 7.6565480e-001
 7.6489383e-001
 7.6408923e-001
 7.6323611e-001
 7.6233488e-001
 7.6139224e-001
 7.6042038e-001
 7.5943565e-001
 7.5845695e-001
 7.5750250e-001
 7.5658780e-001
 7.5572342e-001
 7.5491267e-001
 7.5415194e-001
 7.5343120e-001
 7.5273645e-001
 7.5205129e-001
 7.5135922e-001
 7.5064576e-001
 7.4989957e-001
 7.4911338e-001
 7.4828446e-001
 7.4741471e-001
 7.4651140e-001
 7.4558604e-001
 7.4465275e-001
 7.4372727e-001
 7.4282402e-001
 7.4195439e-001
 7.4112475e-001
 7.4033505e-001
 7.3957962e-001
 7.3884302e-001
 7.3813891e-001
 7.3742628e-001
 7.3668909e-001
 7.3591644e-001
 7.3510468e-001
 7.3426020e-001
 7.3339796e-001
 7.3253882e-001
 7.3170727e-001
 7.3092836e-001
 7.3022705e-001
 7.2962636e-001
 7.2914541e-001
 7.2879833e-001
 7.2859240e-001
 7.2852802e-001
 7.2859931e-001
 7.2879541e-001
 7.2910255e-001
 7.2950530e-001
 7.2998756e-001
 7.3053259e-001
 7.3112333e-001
 7.3174167e-001
 7.3236865e-001
 7.3298419e-001
 7.3356718e-001
 7.3409599e-001
 7.3454863e-001
 7.3490316e-001
 7.3513901e-001
 7.3523837e-001
 7.3518962e-001
 7.3499095e-001
 7.3465431e-001
 7.3420614e-001
 7.3368663e-001
 7.3314583e-001
 7.3263949e-001
 7.3222584e-001
 7.3196244e-001
 7.3190272e-001
 7.3209083e-001
 7.3255557e-001
 7.3330456e-001
 7.3432249e-001
 7.3557270e-001
 7.3700297e-001
 7.3855233e-001
 7.4015492e-001
 7.4174523e-001
 7.4325925e-001
 7.4463940e-001
 7.4583846e-001
 7.4682277e-001
 7.4757451e-001
 7.4808919e-001
 7.4837297e-001
 7.4843800e-001
 7.4829954e-001
 7.4797380e-001
 7.4747705e-001
 7.4682522e-001
 7.4603266e-001
 7.4511254e-001
 7.4407637e-001
 7.4293363e-001
 7.4169338e-001
 7.4036312e-001
 7.3895073e-001
 7.3746383e-001
 7.3590952e-001
 7.3429573e-001
 7.3262960e-001
 7.3091888e-001
 7.2917157e-001
 7.2739500e-001
 7.2559750e-001
 7.2378641e-001
 7.2196978e-001
 7.2015548e-001
 7.1835017e-001
 7.1656024e-001
 7.1478969e-001
 7.1304053e-001
 7.1131241e-001
 7.0960176e-001
 7.0790410e-001
 7.0621377e-001
 7.0452404e-001
 7.0282900e-001
 7.0112240e-001
 6.9939947e-001
 6.9765699e-001
 6.9589317e-001
 6.9410950e-001
 6.9230872e-001
 6.9049585e-001
 6.8867671e-001
 6.8685716e-001
 6.8504417e-001
 6.8324459e-001
 6.8146688e-001
 6.7972130e-001
 6.7801988e-001
 6.7637813e-001
 6.7481315e-001
 6.7334437e-001
 6.7199212e-001
 6.7077672e-001
 6.6971821e-001
 6.6883427e-001
 6.6813892e-001
 6.6763908e-001
 6.6733223e-001
 6.6720581e-001
 6.6723782e-001
 6.6739941e-001
 6.6765755e-001
 6.6797763e-001
 6.6832483e-001
 6.6866583e-001
 6.6897130e-001
 6.6921777e-001
 6.6939038e-001
 6.6948366e-001
 6.6950047e-001
 6.6944999e-001
 6.6934502e-001
 6.6920024e-001
 6.6903079e-001
 6.6885138e-001
 6.6867542e-001
 6.6851431e-001
 6.6837651e-001
 6.6826719e-001
 6.6818863e-001
 6.6814101e-001
 6.6812319e-001
 6.6813338e-001
 6.6816968e-001
 6.6823035e-001
 6.6831392e-001
 6.6841990e-001
 6.6854852e-001
 6.6870123e-001
 6.6888058e-001
 6.6908967e-001
 6.6933221e-001
 6.6961169e-001
 6.6993195e-001
 6.7029566e-001
 6.7070460e-001
 6.7115808e-001
 6.7165244e-001
 6.7218089e-001
 6.7273337e-001
 6.7329782e-001
 6.7386085e-001
 6.7440838e-001
 6.7492676e-001
 6.7540330e-001
 6.7582721e-001
 6.7619187e-001
 6.7649513e-001
 6.7674077e-001
 6.7693740e-001
 6.7709720e-001
 6.7723465e-001
 6.7736518e-001
 6.7750412e-001
 6.7766553e-001
 6.7786092e-001
 6.7809767e-001
 6.7837697e-001
 6.7869365e-001
 6.7903662e-001
 6.7939025e-001
 6.7973661e-001
 6.8005651e-001
 6.8033087e-001
 6.8054169e-001
 6.8067372e-001
 6.8071640e-001
 6.8066519e-001
 6.8052262e-001
 6.8029726e-001
 6.8000239e-001
 6.7965400e-001
 6.7926925e-001
 6.7886543e-001
 6.7845875e-001
 6.7806339e-001
 6.7768949e-001
 6.7734212e-001
 6.7702067e-001
 6.7671919e-001
 6.7642808e-001
 6.7613542e-001
 6.7582828e-001
 6.7549384e-001
 6.7512071e-001
 6.7469996e-001
 6.7422730e-001
 6.7370504e-001
 6.7314202e-001
 6.7255366e-001
 6.7195958e-001
 6.7138284e-001
 6.7084688e-001
 6.7037511e-001
 6.6998917e-001
 6.6970617e-001
 6.6953611e-001
 6.6947967e-001
 6.6952628e-001
 6.6965610e-001
 6.6984195e-001
 6.7005247e-001
 6.7025447e-001
 6.7041481e-001
 6.7050207e-001
 6.7048919e-001
 6.7035609e-001
 6.7009246e-001
 6.6969877e-001
 6.6918486e-001
 6.6856819e-001
 6.6787010e-001
 6.6711396e-001
 6.6632336e-001
 6.6552144e-001
 6.6472852e-001
 6.6396058e-001
 6.6322887e-001
 6.6253763e-001
 6.6188568e-001
 6.6126823e-001
 6.6067743e-001
 6.6010451e-001
 6.5953982e-001
 6.5897405e-001
 6.5839726e-001
 6.5779912e-001
 6.5716940e-001
 6.5649700e-001
 6.5577042e-001
 6.5497839e-001
 6.5410900e-001
 6.5315032e-001
 6.5209156e-001
 6.5092248e-001
 6.4963531e-001
 6.4822608e-001
 6.4669716e-001
 6.4505589e-001
 6.4331484e-001
 6.4149189e-001
 6.3960606e-001
 6.3767737e-001
 6.3572723e-001
 6.3377523e-001
 6.3183945e-001
 6.2993479e-001
 6.2807363e-001
 6.2626266e-001
 6.2450469e-001
 6.2280083e-001
 6.2114936e-001
 6.1954772e-001
 6.1799455e-001
 6.1648774e-001
 6.1502689e-001
 6.1361349e-001
 6.1225289e-001
 6.1095279e-001
 6.0972387e-001
 6.0857981e-001
 6.0753477e-001
 6.0660326e-001
 6.0580021e-001
 6.0513836e-001
 6.0462725e-001
 6.0427153e-001
 6.0406792e-001
 6.0400552e-001
 6.0406590e-001
 6.0422522e-001
 6.0445648e-001
 6.0473126e-001
 6.0502046e-001
 6.0529530e-001
 6.0552800e-001
 6.0569191e-001
 6.0576284e-001
 6.0571867e-001
 6.0553926e-001
 6.0520613e-001
 6.0470170e-001
 6.0400903e-001
 6.0311258e-001
 6.0199881e-001
 6.0065836e-001
 5.9909034e-001
 5.9730309e-001
 5.9531599e-001
 5.9316003e-001
 5.9087199e-001
 5.8849382e-001
 5.8606857e-001
 5.8364081e-001
 5.8125097e-001
 5.7893372e-001
 5.7671624e-001
 5.7461113e-001
 5.7261693e-001
 5.7072091e-001
 5.6889951e-001
 5.6712389e-001
 5.6536222e-001
 5.6358320e-001
 5.6175464e-001
 5.5984616e-001
 5.5783159e-001
 5.5568731e-001
 5.5339414e-001
 5.5093849e-001
 5.4830813e-001
 5.4549241e-001
 5.4248369e-001
 5.3927249e-001
 5.3585052e-001
 5.3220880e-001
 5.2834123e-001
 5.2423984e-001
 5.1989710e-001
 5.1530910e-001
 5.1046932e-001
 5.0537121e-001
 5.0001246e-001
 4.9438781e-001
 4.8849493e-001
 4.8233387e-001
 4.7591507e-001
 4.6925312e-001
 4.6237150e-001
 4.5530701e-001
 4.4809762e-001
 4.4078502e-001
 4.3341810e-001
 4.2604187e-001
 4.1870299e-001
 4.1145656e-001
 4.0435737e-001
 3.9746878e-001
 3.9086011e-001
 3.8461223e-001
 3.7880617e-001
 3.7352619e-001
 3.6886081e-001
 3.6489263e-001
 3.6169848e-001
 3.5934371e-001
 3.5786864e-001
 3.5728368e-001
 3.5756546e-001
 3.5865951e-001
 3.6048874e-001
 3.6296332e-001
 3.6598495e-001
 3.6945495e-001
 3.7327585e-001
 3.7735027e-001
 3.8158870e-001
 3.8590893e-001
 3.9023343e-001
 3.9449489e-001
 3.9863032e-001
 4.0258074e-001
 4.0628621e-001
 4.0969101e-001
 4.1274130e-001
 4.1538495e-001
 4.1757852e-001
 4.1928691e-001
 4.2048350e-001
 4.2115167e-001
 4.2128083e-001
 4.2086431e-001
 4.1989851e-001
 4.1838294e-001
 4.1632321e-001
 4.1373953e-001
 4.1067213e-001
 4.0719011e-001
 4.0339744e-001
 3.9942476e-001
 3.9542499e-001
 3.9156279e-001
 3.8801071e-001
 3.8493732e-001
 3.8250312e-001
 3.8085166e-001
 3.8009298e-001
 3.8029522e-001
 3.8147902e-001
 3.8362220e-001
 3.8667196e-001
 3.9055413e-001
 3.9518717e-001
 4.0048462e-001
 4.0635911e-001
 4.1271582e-001
 4.1945979e-001
 4.2649043e-001
 4.3369555e-001
 4.4096208e-001
 4.4817260e-001
 4.5520222e-001
 4.6193093e-001
 4.6823967e-001
 4.7401807e-001
 4.7916740e-001
 4.8361918e-001
 4.8733974e-001
 4.9033189e-001
 4.9263653e-001
 4.9432001e-001
 4.9546313e-001
 4.9615523e-001
 4.9648699e-001
 4.9654657e-001
 4.9641591e-001
 4.9616563e-001
 4.9585113e-001
 4.9551105e-001
 4.9516869e-001
 4.9483606e-001
 4.9451861e-001
 4.9421817e-001
 4.9393502e-001
 4.9366862e-001
 4.9341694e-001
 4.9317604e-001
 4.9293920e-001
 4.9269703e-001
 4.9243721e-001
 4.9214551e-001
 4.9180672e-001
 4.9140498e-001
 4.9092457e-001
 4.9035093e-001
 4.8967111e-001
 4.8887524e-001
 4.8795843e-001
 4.8692006e-001
 4.8576394e-001
 4.8449689e-001
 4.8312852e-001
 4.8166847e-001
 4.8012665e-001
 4.7851405e-001
 4.7684032e-001
 4.7511455e-001
 4.7334653e-001
 4.7154406e-001
 4.6971470e-001
 4.6786514e-001
 4.6600303e-001
 4.6413454e-001
 4.6226558e-001
 4.6040279e-001
 4.5855033e-001
 4.5671058e-001
 4.5488468e-001
 4.5306969e-001
 4.5126015e-001
 4.4945008e-001
 4.4763112e-001
 4.4579500e-001
 4.4393328e-001
 4.4204029e-001
 4.4011176e-001
 4.3814820e-001
 4.3615788e-001
 4.3415484e-001
 4.3215942e-001
 4.3019825e-001
 4.2829916e-001
 4.2649144e-001
 4.2480329e-001
 4.2326111e-001
 4.2188349e-001
 4.2067838e-001
 4.1963977e-001
 4.1874442e-001
 4.1795453e-001
 4.1722196e-001
 4.1649160e-001
 4.1570580e-001
 4.1480803e-001
 4.1374552e-001
 4.1247520e-001
 4.1096947e-001
 4.0922359e-001
 4.0725562e-001
 4.0510514e-001
 4.0282917e-001
 4.0049276e-001
 3.9816517e-001
 3.9591789e-001
 3.9381820e-001
 3.9192751e-001
 3.9029604e-001
 3.8896033e-001
 3.8793936e-001
 3.8723770e-001
 3.8684940e-001
 3.8676140e-001
 3.8695756e-001
 3.8741970e-001
 3.8812813e-001
 3.8906044e-001
 3.9019015e-001
 3.9148411e-001
 3.9290357e-001
 3.9440399e-001
 3.9593551e-001
 3.9744684e-001
 3.9888573e-001
 4.0019950e-001
 4.0133917e-001
 4.0226123e-001
 4.0293103e-001
 4.0332749e-001
 4.0344357e-001
 4.0328503e-001
 4.0286723e-001
 4.0221110e-001
 4.0134028e-001
 4.0028036e-001
 3.9905724e-001
 3.9769799e-001
 3.9623260e-001
 3.9469275e-001
 3.9311340e-001
 3.9153180e-001
 3.8998848e-001
 3.8852400e-001
 3.8717917e-001
 3.8599482e-001
 3.8500735e-001
 3.8424614e-001
 3.8372895e-001
 3.8345617e-001
 3.8340974e-001
 3.8355532e-001
 3.8384733e-001
 3.8423380e-001
 3.8466045e-001
 3.8507295e-001
 3.8541999e-001
 3.8565576e-001
 3.8574302e-001
 3.8565609e-001
 3.8538179e-001
 3.8491920e-001
 3.8427639e-001
 3.8346750e-001
 3.8250932e-001
 3.8142034e-001
 3.8021842e-001
 3.7892112e-001
 3.7754673e-001
 3.7616488e-001
 3.7504318e-001
 3.7355724e-001
 3.7208587e-001
 3.7065148e-001
 3.6927706e-001
 3.6798510e-001
 3.6679915e-001
 3.6574170e-001
 3.6483565e-001
 3.6410385e-001
 3.6356655e-001
 3.6322033e-001
 3.6304849e-001
 3.6303422e-001
 3.6316070e-001
 3.6341110e-001
 3.6376873e-001
 3.6421677e-001
 3.6473855e-001
 3.6531705e-001
 3.6593562e-001
 3.6657745e-001
 3.6722586e-001
 3.6786386e-001
 3.6847559e-001
 3.6905283e-001
 3.6959141e-001
 3.7008733e-001
 3.7053615e-001
 3.7093407e-001
 3.7127680e-001
 3.7156036e-001
 3.7178051e-001
 3.7193322e-001
 3.7201431e-001
 3.7201971e-001
 3.7194529e-001
 3.7178698e-001
 3.7154061e-001
 3.7120211e-001
 3.7076721e-001
 3.7023205e-001
 3.6959317e-001
 3.6885422e-001
 3.6802226e-001
 3.6710504e-001
 3.6610958e-001
 3.6504328e-001
 3.6391312e-001
 3.6272696e-001
 3.6149183e-001
 3.6021513e-001
 3.5890406e-001
 3.5756564e-001
 3.5620782e-001
 3.5483760e-001
 3.5346228e-001
 3.5208887e-001
 3.5072526e-001
 3.4937853e-001
 3.4805590e-001
 3.4676442e-001
 3.4551203e-001
 3.4430569e-001
 3.4315196e-001
 3.4205106e-001
 3.4100059e-001
 3.3999744e-001
 3.3903891e-001
 3.3812213e-001
 3.3724397e-001
 3.3640212e-001
 3.3559346e-001
 3.3481520e-001
 3.3406433e-001
 3.3333838e-001
 3.3263436e-001
 3.3194935e-001
 3.3128044e-001
 3.3062515e-001
 3.2998040e-001
 3.2934347e-001
 3.2871139e-001
 3.2808122e-001
 3.2745054e-001
 3.2681623e-001
 3.2617554e-001
 3.2552549e-001
 3.2486349e-001
 3.2418656e-001
 3.2349229e-001
 3.2278064e-001
 3.2205352e-001
 3.2131231e-001
 3.2055855e-001
 3.1979379e-001
 3.1901938e-001
 3.1823727e-001
 3.1744885e-001
 3.1665558e-001
 3.1585893e-001
 3.1506079e-001
 3.1426248e-001
 3.1346554e-001
 3.1267148e-001
 3.1188205e-001
 3.1109872e-001
 3.1032300e-001
 3.0955628e-001
 3.0880046e-001
 3.0805689e-001
 3.0732718e-001
 3.0661282e-001
 3.0591524e-001
 3.0523628e-001
 3.0457738e-001
 3.0394003e-001
 3.0332568e-001
 3.0273616e-001
 3.0217287e-001
 3.0163717e-001
 3.0112857e-001
 3.0064619e-001
 3.0018875e-001
