s07_ASD Record=12739: Calcite.5+.Na-Mont.5 AMX43   ASDNGb AREF
-1.2300000e+034
 5.8910501e-001
 5.8888274e-001
 5.8908486e-001
 5.8950078e-001
 5.8945590e-001
 5.8979368e-001
 5.9045523e-001
 5.9117776e-001
 5.9160143e-001
 5.9275049e-001
 5.9413004e-001
 5.9471065e-001
 5.9486192e-001
 5.9547126e-001
 5.9672999e-001
 5.9800434e-001
 5.9948802e-001
 6.0108817e-001
 6.0279632e-001
 6.0502768e-001
 6.0699308e-001
 6.0852158e-001
 6.0985893e-001
 6.1169618e-001
 6.1385888e-001
 6.1615616e-001
 6.1850059e-001
 6.2094808e-001
 6.2332523e-001
 6.2551171e-001
 6.2772185e-001
 6.2987447e-001
 6.3207757e-001
 6.3450795e-001
 6.3705564e-001
 6.3946748e-001
 6.4164186e-001
 6.4368290e-001
 6.4550787e-001
 6.4735228e-001
 6.4936572e-001
 6.5120947e-001
 6.5295017e-001
 6.5467924e-001
 6.5647775e-001
 6.5818602e-001
 6.5977484e-001
 6.6129750e-001
 6.6289979e-001
 6.6454983e-001
 6.6623759e-001
 6.6792524e-001
 6.6943908e-001
 6.7111313e-001
 6.7287147e-001
 6.7441177e-001
 6.7612243e-001
 6.7782068e-001
 6.7944324e-001
 6.8124795e-001
 6.8297076e-001
 6.8466282e-001
 6.8643200e-001
 6.8824321e-001
 6.8994915e-001
 6.9160903e-001
 6.9342041e-001
 6.9519055e-001
 6.9692230e-001
 6.9865137e-001
 7.0041078e-001
 7.0208496e-001
 7.0372009e-001
 7.0539159e-001
 7.0698774e-001
 7.0854425e-001
 7.1006989e-001
 7.1153986e-001
 7.1301079e-001
 7.1444929e-001
 7.1583450e-001
 7.1722478e-001
 7.1858704e-001
 7.1994334e-001
 7.2133708e-001
 7.2275531e-001
 7.2422194e-001
 7.2575104e-001
 7.2734076e-001
 7.2895223e-001
 7.3055822e-001
 7.3214787e-001
 7.3377097e-001
 7.3533165e-001
 7.3682314e-001
 7.3829687e-001
 7.3969519e-001
 7.4104488e-001
 7.4235034e-001
 7.4355435e-001
 7.4474144e-001
 7.4588799e-001
 7.4694842e-001
 7.4796546e-001
 7.4895823e-001
 7.4991876e-001
 7.5081849e-001
 7.5167257e-001
 7.5251901e-001
 7.5337207e-001
 7.5417483e-001
 7.5496686e-001
 7.5575453e-001
 7.5653559e-001
 7.5731701e-001
 7.5810415e-001
 7.5888485e-001
 7.5962770e-001
 7.6034105e-001
 7.6105255e-001
 7.6176858e-001
 7.6241773e-001
 7.6304907e-001
 7.6367515e-001
 7.6428050e-001
 7.6484072e-001
 7.6535958e-001
 7.6585549e-001
 7.6637113e-001
 7.6684147e-001
 7.6729202e-001
 7.6776111e-001
 7.6820278e-001
 7.6865250e-001
 7.6911724e-001
 7.6956987e-001
 7.7003199e-001
 7.7051425e-001
 7.7102482e-001
 7.7156276e-001
 7.7209461e-001
 7.7262765e-001
 7.7318639e-001
 7.7375978e-001
 7.7433991e-001
 7.7492392e-001
 7.7551371e-001
 7.7609211e-001
 7.7666724e-001
 7.7725071e-001
 7.7785105e-001
 7.7842873e-001
 7.7898395e-001
 7.7954030e-001
 7.8008705e-001
 7.8064007e-001
 7.8120947e-001
 7.8178680e-001
 7.8236383e-001
 7.8295690e-001
 7.8359073e-001
 7.8425390e-001
 7.8495705e-001
 7.8569967e-001
 7.8646213e-001
 7.8724068e-001
 7.8803742e-001
 7.8885198e-001
 7.8967196e-001
 7.9050624e-001
 7.9133135e-001
 7.9211169e-001
 7.9288775e-001
 7.9363906e-001
 7.9435241e-001
 7.9503620e-001
 7.9569137e-001
 7.9631841e-001
 7.9691684e-001
 7.9747409e-001
 7.9802418e-001
 7.9857528e-001
 7.9911101e-001
 7.9961467e-001
 8.0009896e-001
 8.0058199e-001
 8.0107975e-001
 8.0157381e-001
 8.0206507e-001
 8.0256134e-001
 8.0305618e-001
 8.0356103e-001
 8.0407131e-001
 8.0456078e-001
 8.0504793e-001
 8.0553138e-001
 8.0600542e-001
 8.0646205e-001
 8.0691588e-001
 8.0736232e-001
 8.0778241e-001
 8.0817366e-001
 8.0854303e-001
 8.0889851e-001
 8.0924451e-001
 8.0959755e-001
 8.0994105e-001
 8.1025207e-001
 8.1055081e-001
 8.1084150e-001
 8.1112075e-001
 8.1137937e-001
 8.1161398e-001
 8.1183577e-001
 8.1205475e-001
 8.1226575e-001
 8.1246781e-001
 8.1266099e-001
 8.1284374e-001
 8.1300366e-001
 8.1313711e-001
 8.1325352e-001
 8.1338263e-001
 8.1349427e-001
 8.1359464e-001
 8.1369638e-001
 8.1377560e-001
 8.1386101e-001
 8.1396323e-001
 8.1407458e-001
 8.1419730e-001
 8.1432188e-001
 8.1443864e-001
 8.1454420e-001
 8.1464726e-001
 8.1475532e-001
 8.1487286e-001
 8.1500119e-001
 8.1510270e-001
 8.1516451e-001
 8.1521076e-001
 8.1527030e-001
 8.1533426e-001
 8.1538731e-001
 8.1542790e-001
 8.1548023e-001
 8.1555122e-001
 8.1563300e-001
 8.1571072e-001
 8.1577337e-001
 8.1582475e-001
 8.1589526e-001
 8.1595981e-001
 8.1600696e-001
 8.1603819e-001
 8.1608224e-001
 8.1615877e-001
 8.1625241e-001
 8.1631505e-001
 8.1635594e-001
 8.1639278e-001
 8.1644291e-001
 8.1651831e-001
 8.1659442e-001
 8.1665707e-001
 8.1670278e-001
 8.1675476e-001
 8.1682712e-001
 8.1691539e-001
 8.1699318e-001
 8.1706679e-001
 8.1714362e-001
 8.1722689e-001
 8.1729770e-001
 8.1736815e-001
 8.1744629e-001
 8.1753534e-001
 8.1761831e-001
 8.1771058e-001
 8.1781608e-001
 8.1791240e-001
 8.1798738e-001
 8.1806403e-001
 8.1817335e-001
 8.1829643e-001
 8.1842893e-001
 8.1856018e-001
 8.1868374e-001
 8.1882954e-001
 8.1897604e-001
 8.1909841e-001
 8.1919724e-001
 8.1930023e-001
 8.1942260e-001
 8.1957251e-001
 8.1973064e-001
 8.1989676e-001
 8.2006764e-001
 8.2024330e-001
 8.2039171e-001
 8.2053995e-001
 8.2071674e-001
 8.2089359e-001
 8.2106388e-001
 8.2123548e-001
 8.2141876e-001
 8.2158262e-001
 8.2174933e-001
 8.2194185e-001
 8.2216758e-001
 8.2238698e-001
 8.2258606e-001
 8.2276410e-001
 8.2293028e-001
 8.2309973e-001
 8.2326782e-001
 8.2342064e-001
 8.2360786e-001
 8.2383114e-001
 8.2406908e-001
 8.2426894e-001
 8.2446313e-001
 8.2466924e-001
 8.2489270e-001
 8.2510215e-001
 8.2530171e-001
 8.2549500e-001
 8.2568645e-001
 8.2587785e-001
 8.2607788e-001
 8.2628882e-001
 8.2650071e-001
 8.2671642e-001
 8.2692766e-001
 8.2712990e-001
 8.2734007e-001
 8.2755828e-001
 8.2777911e-001
 8.2799274e-001
 8.2818830e-001
 8.2838833e-001
 8.2860529e-001
 8.2882571e-001
 8.2901549e-001
 8.2918209e-001
 8.2935041e-001
 8.2953167e-001
 8.2972515e-001
 8.2992846e-001
 8.3013564e-001
 8.3031243e-001
 8.3046848e-001
 8.3062273e-001
 8.3079189e-001
 8.3094954e-001
 8.3110058e-001
 8.3126098e-001
 8.3142817e-001
 8.3159602e-001
 8.3176142e-001
 8.3192569e-001
 8.3206624e-001
 8.3220428e-001
 8.3235085e-001
 8.3247149e-001
 8.3259821e-001
 8.3273286e-001
 8.3286285e-001
 8.3297759e-001
 8.3307999e-001
 8.3318609e-001
 8.3331931e-001
 8.3343828e-001
 8.3355057e-001
 8.3366740e-001
 8.3378392e-001
 8.3388042e-001
 8.3396178e-001
 8.3404410e-001
 8.3414280e-001
 8.3423585e-001
 8.3430654e-001
 8.3435035e-001
 8.3440578e-001
 8.3447689e-001
 8.3455896e-001
 8.3464408e-001
 8.3473766e-001
 8.3483106e-001
 8.3491176e-001
 8.3497775e-001
 8.3503562e-001
 8.3510011e-001
 8.3518845e-001
 8.3528507e-001
 8.3538121e-001
 8.3547324e-001
 8.3556360e-001
 8.3563906e-001
 8.3570540e-001
 8.3577216e-001
 8.3583593e-001
 8.3590227e-001
 8.3597344e-001
 8.3605129e-001
 8.3612472e-001
 8.3619624e-001
 8.3626938e-001
 8.3634543e-001
 8.3641762e-001
 8.3647507e-001
 8.3651429e-001
 8.3655000e-001
 8.3659613e-001
 8.3665830e-001
 8.3673179e-001
 8.3678579e-001
 8.3683157e-001
 8.3687419e-001
 8.3691192e-001
 8.3695525e-001
 8.3698291e-001
 8.3698261e-001
 8.3697021e-001
 8.3697164e-001
 8.3699501e-001
 8.3703429e-001
 8.3706325e-001
 8.3709455e-001
 8.3713192e-001
 8.3717263e-001
 8.3721536e-001
 8.3725065e-001
 8.3726990e-001
 8.3726728e-001
 8.3726281e-001
 8.3726698e-001
 8.3727771e-001
 8.3727139e-001
 8.3725029e-001
 8.3722061e-001
 8.3718997e-001
 8.3715886e-001
 8.3713442e-001
 8.3711785e-001
 8.3710951e-001
 8.3711845e-001
 8.3712494e-001
 8.3711588e-001
 8.3709568e-001
 8.3708525e-001
 8.3707321e-001
 8.3705121e-001
 8.3704108e-001
 8.3704233e-001
 8.3705670e-001
 8.3708328e-001
 8.3710891e-001
 8.3712417e-001
 8.3713156e-001
 8.3714145e-001
 8.3714730e-001
 8.3713549e-001
 8.3710265e-001
 8.3705908e-001
 8.3701581e-001
 8.3697921e-001
 8.3695084e-001
 8.3692962e-001
 8.3691263e-001
 8.3690202e-001
 8.3689672e-001
 8.3686846e-001
 8.3683693e-001
 8.3681524e-001
 8.3680809e-001
 8.3680862e-001
 8.3680117e-001
 8.3677733e-001
 8.3673996e-001
 8.3667517e-001
 8.3662093e-001
 8.3659595e-001
 8.3656418e-001
 8.3652562e-001
 8.3648670e-001
 8.3644956e-001
 8.3639538e-001
 8.3633643e-001
 8.3628041e-001
 8.3623493e-001
 8.3622116e-001
 8.3622259e-001
 8.3622026e-001
 8.3619833e-001
 8.3617449e-001
 8.3615595e-001
 8.3613694e-001
 8.3609849e-001
 8.3607191e-001
 8.3605540e-001
 8.3603227e-001
 8.3597070e-001
 8.3592153e-001
 8.3587658e-001
 8.3581996e-001
 8.3577430e-001
 8.3572817e-001
 8.3569586e-001
 8.3569252e-001
 8.3570528e-001
 8.3570933e-001
 8.3569252e-001
 8.3565611e-001
 8.3561331e-001
 8.3557993e-001
 8.3555937e-001
 8.3554125e-001
 8.3552068e-001
 8.3550084e-001
 8.3548397e-001
 8.3546710e-001
 8.3545345e-001
 8.3544284e-001
 8.3543593e-001
 8.3543658e-001
 8.3543938e-001
 8.3543658e-001
 8.3542407e-001
 8.3541220e-001
 8.3540326e-001
 8.3538574e-001
 8.3535314e-001
 8.3534765e-001
 8.3535641e-001
 8.3536023e-001
 8.3534104e-001
 8.3530968e-001
 8.3528548e-001
 8.3527392e-001
 8.3526844e-001
 8.3528006e-001
 8.3528852e-001
 8.3528793e-001
 8.3529377e-001
 8.3529884e-001
 8.3530462e-001
 8.3531511e-001
 8.3533627e-001
 8.3536029e-001
 8.3538860e-001
 8.3542073e-001
 8.3544099e-001
 8.3544427e-001
 8.3544761e-001
 8.3546489e-001
 8.3548129e-001
 8.3550709e-001
 8.3553690e-001
 8.3556122e-001
 8.3558309e-001
 8.3560073e-001
 8.3561707e-001
 8.3563876e-001
 8.3567196e-001
 8.3570701e-001
 8.3574200e-001
 8.3577907e-001
 8.3580506e-001
 8.3583218e-001
 8.3586144e-001
 8.3588904e-001
 8.3594918e-001
 8.3597523e-001
 8.3596367e-001
 8.3596742e-001
 8.3597463e-001
 8.3600086e-001
 8.3603984e-001
 8.3606696e-001
 8.3610749e-001
 8.3614939e-001
 8.3617783e-001
 8.3618391e-001
 8.3618784e-001
 8.3618307e-001
 8.3617914e-001
 8.3620685e-001
 8.3621216e-001
 8.3622140e-001
 8.3624786e-001
 8.3626866e-001
 8.3629477e-001
 8.3631253e-001
 8.3631212e-001
 8.3629823e-001
 8.3628207e-001
 8.3626699e-001
 8.3624750e-001
 8.3620828e-001
 8.3616090e-001
 8.3612853e-001
 8.3611578e-001
 8.3608508e-001
 8.3606088e-001
 8.3605742e-001
 8.3606982e-001
 8.3606309e-001
 8.3605564e-001
 8.3604819e-001
 8.3604729e-001
 8.3607507e-001
 8.3611315e-001
 8.3616680e-001
 8.3624655e-001
 8.3636624e-001
 8.3648336e-001
 8.3662105e-001
 8.3677846e-001
 8.3688641e-001
 8.3703190e-001
 8.3719486e-001
 8.3734411e-001
 8.3747804e-001
 8.3762211e-001
 8.3777475e-001
 8.3793133e-001
 8.3808506e-001
 8.3825225e-001
 8.3840001e-001
 8.3851677e-001
 8.3863783e-001
 8.3878469e-001
 8.3890414e-001
 8.3899599e-001
 8.3914036e-001
 8.3921552e-001
 8.3933920e-001
 8.3951759e-001
 8.3958560e-001
 8.3966917e-001
 8.3978325e-001
 8.3989978e-001
 8.3997190e-001
 8.4006768e-001
 8.4015906e-001
 8.4024435e-001
 8.4034902e-001
 8.4043485e-001
 8.4052962e-001
 8.4060770e-001
 8.4069443e-001
 8.4077954e-001
 8.4086311e-001
 8.4094524e-001
 8.4102631e-001
 8.4110665e-001
 8.4118676e-001
 8.4126699e-001
 8.4134769e-001
 8.4142888e-001
 8.4151030e-001
 8.4159160e-001
 8.4167218e-001
 8.4175140e-001
 8.4182876e-001
 8.4190398e-001
 8.4197694e-001
 8.4204793e-001
 8.4211725e-001
 8.4218532e-001
 8.4225237e-001
 8.4231848e-001
 8.4238368e-001
 8.4244764e-001
 8.4251004e-001
 8.4257072e-001
 8.4262943e-001
 8.4268618e-001
 8.4274113e-001
 8.4279454e-001
 8.4284663e-001
 8.4289771e-001
 8.4294802e-001
 8.4299761e-001
 8.4304667e-001
 8.4309518e-001
 8.4314340e-001
 8.4319150e-001
 8.4323984e-001
 8.4328872e-001
 8.4333837e-001
 8.4338909e-001
 8.4344083e-001
 8.4349352e-001
 8.4354681e-001
 8.4360039e-001
 8.4365410e-001
 8.4370762e-001
 8.4376097e-001
 8.4381425e-001
 8.4386766e-001
 8.4392130e-001
 8.4397519e-001
 8.4402937e-001
 8.4408373e-001
 8.4413815e-001
 8.4419245e-001
 8.4424651e-001
 8.4430033e-001
 8.4435380e-001
 8.4440690e-001
 8.4445953e-001
 8.4451145e-001
 8.4456253e-001
 8.4461266e-001
 8.4466171e-001
 8.4470975e-001
 8.4475690e-001
 8.4480333e-001
 8.4484923e-001
 8.4489471e-001
 8.4493971e-001
 8.4498423e-001
 8.4502798e-001
 8.4507090e-001
 8.4511304e-001
 8.4515440e-001
 8.4519547e-001
 8.4523660e-001
 8.4527844e-001
 8.4532136e-001
 8.4536582e-001
 8.4541190e-001
 8.4545940e-001
 8.4550804e-001
 8.4555709e-001
 8.4560609e-001
 8.4565437e-001
 8.4570140e-001
 8.4574699e-001
 8.4579104e-001
 8.4583348e-001
 8.4587461e-001
 8.4591454e-001
 8.4595358e-001
 8.4599197e-001
 8.4602982e-001
 8.4606731e-001
 8.4610456e-001
 8.4614170e-001
 8.4617865e-001
 8.4621561e-001
 8.4625244e-001
 8.4628922e-001
 8.4632599e-001
 8.4636265e-001
 8.4639937e-001
 8.4643602e-001
 8.4647262e-001
 8.4650928e-001
 8.4654588e-001
 8.4658247e-001
 8.4661901e-001
 8.4665525e-001
 8.4669107e-001
 8.4672624e-001
 8.4676027e-001
 8.4679288e-001
 8.4682345e-001
 8.4685165e-001
 8.4687698e-001
 8.4689915e-001
 8.4691787e-001
 8.4693319e-001
 8.4694511e-001
 8.4695381e-001
 8.4695923e-001
 8.4696156e-001
 8.4696043e-001
 8.4695554e-001
 8.4694636e-001
 8.4693217e-001
 8.4691215e-001
 8.4688550e-001
 8.4685165e-001
 8.4680986e-001
 8.4675980e-001
 8.4670126e-001
 8.4663439e-001
 8.4655946e-001
 8.4647739e-001
 8.4638935e-001
 8.4629703e-001
 8.4620249e-001
 8.4610814e-001
 8.4601688e-001
 8.4593159e-001
 8.4585536e-001
 8.4579098e-001
 8.4574097e-001
 8.4570730e-001
 8.4569114e-001
 8.4569311e-001
 8.4571272e-001
 8.4574908e-001
 8.4580028e-001
 8.4586424e-001
 8.4593832e-001
 8.4602004e-001
 8.4610671e-001
 8.4619617e-001
 8.4628636e-001
 8.4637582e-001
 8.4646326e-001
 8.4654784e-001
 8.4662914e-001
 8.4670675e-001
 8.4678048e-001
 8.4685034e-001
 8.4691650e-001
 8.4697908e-001
 8.4703827e-001
 8.4709454e-001
 8.4714806e-001
 8.4719932e-001
 8.4724861e-001
 8.4729636e-001
 8.4734279e-001
 8.4738833e-001
 8.4743309e-001
 8.4747720e-001
 8.4752071e-001
 8.4756339e-001
 8.4760499e-001
 8.4764534e-001
 8.4768409e-001
 8.4772122e-001
 8.4775674e-001
 8.4779066e-001
 8.4782326e-001
 8.4785485e-001
 8.4788585e-001
 8.4791660e-001
 8.4794772e-001
 8.4797961e-001
 8.4801292e-001
 8.4804803e-001
 8.4808540e-001
 8.4812516e-001
 8.4816724e-001
 8.4821141e-001
 8.4825718e-001
 8.4830427e-001
 8.4835213e-001
 8.4840047e-001
 8.4844917e-001
 8.4849799e-001
 8.4854698e-001
 8.4859598e-001
 8.4864503e-001
 8.4869409e-001
 8.4874296e-001
 8.4879172e-001
 8.4884036e-001
 8.4888911e-001
 8.4893811e-001
 8.4898776e-001
 8.4903830e-001
 8.4908992e-001
 8.4914267e-001
 8.4919649e-001
 8.4925103e-001
 8.4930599e-001
 8.4936088e-001
 8.4941524e-001
 8.4946859e-001
 8.4952039e-001
 8.4957010e-001
 8.4961742e-001
 8.4966201e-001
 8.4970367e-001
 8.4974247e-001
 8.4977871e-001
 8.4981281e-001
 8.4984535e-001
 8.4987688e-001
 8.4990805e-001
 8.4993917e-001
 8.4997046e-001
 8.5000181e-001
 8.5003304e-001
 8.5006386e-001
 8.5009402e-001
 8.5012341e-001
 8.5015219e-001
 8.5018080e-001
 8.5020995e-001
 8.5024035e-001
 8.5027283e-001
 8.5030776e-001
 8.5034555e-001
 8.5038602e-001
 8.5042876e-001
 8.5047328e-001
 8.5051870e-001
 8.5056442e-001
 8.5060972e-001
 8.5065413e-001
 8.5069728e-001
 8.5073882e-001
 8.5077864e-001
 8.5081643e-001
 8.5085213e-001
 8.5088557e-001
 8.5091662e-001
 8.5094512e-001
 8.5097104e-001
 8.5099417e-001
 8.5101438e-001
 8.5103160e-001
 8.5104567e-001
 8.5105646e-001
 8.5106391e-001
 8.5106796e-001
 8.5106838e-001
 8.5106522e-001
 8.5105836e-001
 8.5104793e-001
 8.5103387e-001
 8.5101646e-001
 8.5099584e-001
 8.5097229e-001
 8.5094625e-001
 8.5091805e-001
 8.5088819e-001
 8.5085702e-001
 8.5082501e-001
 8.5079253e-001
 8.5075980e-001
 8.5072696e-001
 8.5069412e-001
 8.5066104e-001
 8.5062772e-001
 8.5059392e-001
 8.5055965e-001
 8.5052490e-001
 8.5048974e-001
 8.5045439e-001
 8.5041887e-001
 8.5038322e-001
 8.5034746e-001
 8.5031122e-001
 8.5027426e-001
 8.5023624e-001
 8.5019678e-001
 8.5015565e-001
 8.5011262e-001
 8.5006768e-001
 8.5002071e-001
 8.4997171e-001
 8.4992081e-001
 8.4986800e-001
 8.4981322e-001
 8.4975654e-001
 8.4969795e-001
 8.4963739e-001
 8.4957480e-001
 8.4951013e-001
 8.4944314e-001
 8.4937376e-001
 8.4930193e-001
 8.4922767e-001
 8.4915090e-001
 8.4907186e-001
 8.4899068e-001
 8.4890765e-001
 8.4882295e-001
 8.4873676e-001
 8.4864926e-001
 8.4856057e-001
 8.4847075e-001
 8.4837985e-001
 8.4828800e-001
 8.4819520e-001
 8.4810168e-001
 8.4800744e-001
 8.4791261e-001
 8.4781736e-001
 8.4772164e-001
 8.4762555e-001
 8.4752923e-001
 8.4743255e-001
 8.4733564e-001
 8.4723830e-001
 8.4714037e-001
 8.4704149e-001
 8.4694123e-001
 8.4683895e-001
 8.4673387e-001
 8.4662491e-001
 8.4651107e-001
 8.4639102e-001
 8.4626341e-001
 8.4612668e-001
 8.4597903e-001
 8.4581846e-001
 8.4564251e-001
 8.4544837e-001
 8.4523273e-001
 8.4499186e-001
 8.4472156e-001
 8.4441751e-001
 8.4407508e-001
 8.4368950e-001
 8.4325629e-001
 8.4277111e-001
 8.4222984e-001
 8.4162933e-001
 8.4096682e-001
 8.4024084e-001
 8.3945125e-001
 8.3859867e-001
 8.3768529e-001
 8.3671373e-001
 8.3568746e-001
 8.3460957e-001
 8.3348197e-001
 8.3230549e-001
 8.3107859e-001
 8.2979780e-001
 8.2845771e-001
 8.2705063e-001
 8.2556856e-001
 8.2400262e-001
 8.2234508e-001
 8.2059002e-001
 8.1873339e-001
 8.1677473e-001
 8.1471711e-001
 8.1256634e-001
 8.1033260e-001
 8.0802810e-001
 8.0566812e-001
 8.0326986e-001
 8.0085075e-001
 7.9843020e-001
 7.9602665e-001
 7.9365957e-001
 7.9134858e-001
 7.8911263e-001
 7.8697211e-001
 7.8494680e-001
 7.8305781e-001
 7.8132665e-001
 7.7977425e-001
 7.7842212e-001
 7.7729011e-001
 7.7639681e-001
 7.7575845e-001
 7.7538747e-001
 7.7529258e-001
 7.7547777e-001
 7.7594179e-001
 7.7667791e-001
 7.7767426e-001
 7.7891368e-001
 7.8037423e-001
 7.8203064e-001
 7.8385407e-001
 7.8581470e-001
 7.8788120e-001
 7.9002267e-001
 7.9221040e-001
 7.9441673e-001
 7.9661804e-001
 7.9879320e-001
 8.0092412e-001
 8.0299717e-001
 8.0500031e-001
 8.0692530e-001
 8.0876535e-001
 8.1051558e-001
 8.1217319e-001
 8.1373560e-001
 8.1520218e-001
 8.1657237e-001
 8.1784636e-001
 8.1902558e-001
 8.2011133e-001
 8.2110572e-001
 8.2201165e-001
 8.2283187e-001
 8.2356989e-001
 8.2422936e-001
 8.2481408e-001
 8.2532829e-001
 8.2577622e-001
 8.2616264e-001
 8.2649243e-001
 8.2677108e-001
 8.2700479e-001
 8.2720006e-001
 8.2736444e-001
 8.2750595e-001
 8.2763320e-001
 8.2775527e-001
 8.2788116e-001
 8.2801944e-001
 8.2817817e-001
 8.2836413e-001
 8.2858282e-001
 8.2883781e-001
 8.2913107e-001
 8.2946283e-001
 8.2983148e-001
 8.3023417e-001
 8.3066690e-001
 8.3112472e-001
 8.3160275e-001
 8.3209550e-001
 8.3259833e-001
 8.3310652e-001
 8.3361602e-001
 8.3412355e-001
 8.3462620e-001
 8.3512175e-001
 8.3560836e-001
 8.3608449e-001
 8.3654916e-001
 8.3700174e-001
 8.3744174e-001
 8.3786905e-001
 8.3828366e-001
 8.3868587e-001
 8.3907592e-001
 8.3945435e-001
 8.3982158e-001
 8.4017807e-001
 8.4052449e-001
 8.4086126e-001
 8.4118891e-001
 8.4150791e-001
 8.4181875e-001
 8.4212178e-001
 8.4241724e-001
 8.4270525e-001
 8.4298605e-001
 8.4325969e-001
 8.4352636e-001
 8.4378612e-001
 8.4403926e-001
 8.4428620e-001
 8.4452724e-001
 8.4476292e-001
 8.4499377e-001
 8.4522021e-001
 8.4544283e-001
 8.4566188e-001
 8.4587771e-001
 8.4609038e-001
 8.4629977e-001
 8.4650582e-001
 8.4670818e-001
 8.4690660e-001
 8.4710085e-001
 8.4729064e-001
 8.4747577e-001
 8.4765619e-001
 8.4783167e-001
 8.4800214e-001
 8.4816730e-001
 8.4832710e-001
 8.4848136e-001
 8.4863001e-001
 8.4877330e-001
 8.4891146e-001
 8.4904504e-001
 8.4917462e-001
 8.4930080e-001
 8.4942430e-001
 8.4954548e-001
 8.4966475e-001
 8.4978241e-001
 8.4989870e-001
 8.5001385e-001
 8.5012817e-001
 8.5024202e-001
 8.5035580e-001
 8.5046995e-001
 8.5058486e-001
 8.5070062e-001
 8.5081708e-001
 8.5093367e-001
 8.5104936e-001
 8.5116291e-001
 8.5127270e-001
 8.5137695e-001
 8.5147405e-001
 8.5156262e-001
 8.5164160e-001
 8.5171050e-001
 8.5176927e-001
 8.5181862e-001
 8.5185963e-001
 8.5189390e-001
 8.5192358e-001
 8.5195094e-001
 8.5197860e-001
 8.5200936e-001
 8.5204601e-001
 8.5209119e-001
 8.5214728e-001
 8.5221618e-001
 8.5229921e-001
 8.5239679e-001
 8.5250860e-001
 8.5263354e-001
 8.5276973e-001
 8.5291493e-001
 8.5306662e-001
 8.5322237e-001
 8.5337996e-001
 8.5353762e-001
 8.5369390e-001
 8.5384786e-001
 8.5399890e-001
 8.5414672e-001
 8.5429102e-001
 8.5443169e-001
 8.5456866e-001
 8.5470188e-001
 8.5483110e-001
 8.5495627e-001
 8.5507727e-001
 8.5519385e-001
 8.5530597e-001
 8.5541344e-001
 8.5551614e-001
 8.5561401e-001
 8.5570705e-001
 8.5579532e-001
 8.5587889e-001
 8.5595798e-001
 8.5603279e-001
 8.5610348e-001
 8.5617036e-001
 8.5623366e-001
 8.5629362e-001
 8.5635036e-001
 8.5640424e-001
 8.5645533e-001
 8.5650384e-001
 8.5654998e-001
 8.5659373e-001
 8.5663527e-001
 8.5667479e-001
 8.5671246e-001
 8.5674858e-001
 8.5678357e-001
 8.5681796e-001
 8.5685217e-001
 8.5688663e-001
 8.5692161e-001
 8.5695708e-001
 8.5699284e-001
 8.5702842e-001
 8.5706323e-001
 8.5709667e-001
 8.5712814e-001
 8.5715735e-001
 8.5718417e-001
 8.5720879e-001
 8.5723174e-001
 8.5725361e-001
 8.5727519e-001
 8.5729712e-001
 8.5731983e-001
 8.5734355e-001
 8.5736823e-001
 8.5739338e-001
 8.5741824e-001
 8.5744190e-001
 8.5746312e-001
 8.5748070e-001
 8.5749334e-001
 8.5749996e-001
 8.5749978e-001
 8.5749233e-001
 8.5747772e-001
 8.5745668e-001
 8.5743052e-001
 8.5740119e-001
 8.5737115e-001
 8.5734314e-001
 8.5732019e-001
 8.5730511e-001
 8.5730052e-001
 8.5730833e-001
 8.5732955e-001
 8.5736448e-001
 8.5741216e-001
 8.5747093e-001
 8.5753846e-001
 8.5761184e-001
 8.5768819e-001
 8.5776490e-001
 8.5783970e-001
 8.5791105e-001
 8.5797805e-001
 8.5804039e-001
 8.5809815e-001
 8.5815185e-001
 8.5820204e-001
 8.5824919e-001
 8.5829365e-001
 8.5833567e-001
 8.5837537e-001
 8.5841268e-001
 8.5844767e-001
 8.5848045e-001
 8.5851121e-001
 8.5854018e-001
 8.5856754e-001
 8.5859334e-001
 8.5861760e-001
 8.5863978e-001
 8.5865927e-001
 8.5867506e-001
 8.5868621e-001
 8.5869151e-001
 8.5869008e-001
 8.5868114e-001
 8.5866439e-001
 8.5863978e-001
 8.5860765e-001
 8.5856849e-001
 8.5852313e-001
 8.5847229e-001
 8.5841656e-001
 8.5835642e-001
 8.5829192e-001
 8.5822320e-001
 8.5814983e-001
 8.5807163e-001
 8.5798842e-001
 8.5790008e-001
 8.5780686e-001
 8.5770917e-001
 8.5760742e-001
 8.5750234e-001
 8.5739434e-001
 8.5728395e-001
 8.5717142e-001
 8.5705703e-001
 8.5694104e-001
 8.5682392e-001
 8.5670614e-001
 8.5658842e-001
 8.5647148e-001
 8.5635591e-001
 8.5624194e-001
 8.5612953e-001
 8.5601807e-001
 8.5590661e-001
 8.5579407e-001
 8.5567909e-001
 8.5556072e-001
 8.5543823e-001
 8.5531116e-001
 8.5517961e-001
 8.5504395e-001
 8.5490483e-001
 8.5476285e-001
 8.5461849e-001
 8.5447216e-001
 8.5432410e-001
 8.5417432e-001
 8.5402286e-001
 8.5386962e-001
 8.5371488e-001
 8.5355884e-001
 8.5340196e-001
 8.5324484e-001
 8.5308790e-001
 8.5293168e-001
 8.5277641e-001
 8.5262197e-001
 8.5246819e-001
 8.5231459e-001
 8.5216063e-001
 8.5200584e-001
 8.5184973e-001
 8.5169232e-001
 8.5153365e-001
 8.5137415e-001
 8.5121459e-001
 8.5105592e-001
 8.5089946e-001
 8.5074669e-001
 8.5059947e-001
 8.5045999e-001
 8.5033083e-001
 8.5021484e-001
 8.5011500e-001
 8.5003442e-001
 8.4997588e-001
 8.4994185e-001
 8.4993404e-001
 8.4995347e-001
 8.5000020e-001
 8.5007340e-001
 8.5017127e-001
 8.5029089e-001
 8.5042864e-001
 8.5057986e-001
 8.5073954e-001
 8.5090220e-001
 8.5106248e-001
 8.5121530e-001
 8.5135657e-001
 8.5148299e-001
 8.5159218e-001
 8.5168302e-001
 8.5175484e-001
 8.5180783e-001
 8.5184222e-001
 8.5185879e-001
 8.5185820e-001
 8.5184157e-001
 8.5181004e-001
 8.5176510e-001
 8.5170847e-001
 8.5164207e-001
 8.5156786e-001
 8.5148752e-001
 8.5140258e-001
 8.5131395e-001
 8.5122192e-001
 8.5112655e-001
 8.5102743e-001
 8.5092390e-001
 8.5081559e-001
 8.5070211e-001
 8.5058373e-001
 8.5046095e-001
 8.5033470e-001
 8.5020626e-001
 8.5007674e-001
 8.4994698e-001
 8.4981740e-001
 8.4968823e-001
 8.4955841e-001
 8.4942621e-001
 8.4928977e-001
 8.4914726e-001
 8.4899729e-001
 8.4883898e-001
 8.4867221e-001
 8.4849733e-001
 8.4831500e-001
 8.4812582e-001
 8.4793001e-001
 8.4772742e-001
 8.4751725e-001
 8.4729820e-001
 8.4706867e-001
 8.4682697e-001
 8.4657145e-001
 8.4630108e-001
 8.4601521e-001
 8.4571362e-001
 8.4539688e-001
 8.4506553e-001
 8.4472054e-001
 8.4436268e-001
 8.4399253e-001
 8.4361064e-001
 8.4321725e-001
 8.4281254e-001
 8.4239697e-001
 8.4197086e-001
 8.4153509e-001
 8.4109092e-001
 8.4063995e-001
 8.4018451e-001
 8.3972687e-001
 8.3926964e-001
 8.3881515e-001
 8.3836496e-001
 8.3792007e-001
 8.3748019e-001
 8.3704400e-001
 8.3660936e-001
 8.3617324e-001
 8.3573222e-001
 8.3528262e-001
 8.3482063e-001
 8.3434224e-001
 8.3384299e-001
 8.3331800e-001
 8.3276135e-001
 8.3216637e-001
 8.3152544e-001
 8.3082998e-001
 8.3007127e-001
 8.2923996e-001
 8.2832730e-001
 8.2732469e-001
 8.2622409e-001
 8.2501847e-001
 8.2370114e-001
 8.2226676e-001
 8.2071126e-001
 8.1903160e-001
 8.1722730e-001
 8.1530046e-001
 8.1325555e-001
 8.1110132e-001
 8.0884880e-001
 8.0651259e-001
 8.0410928e-001
 8.0165493e-001
 7.9916549e-001
 7.9665232e-001
 7.9412240e-001
 7.9157627e-001
 7.8900588e-001
 7.8639716e-001
 7.8372806e-001
 7.8097260e-001
 7.7810228e-001
 7.7508754e-001
 7.7190328e-001
 7.6852864e-001
 7.6495188e-001
 7.6117146e-001
 7.5719565e-001
 7.5304562e-001
 7.4875373e-001
 7.4436104e-001
 7.3991919e-001
 7.3548383e-001
 7.3111635e-001
 7.2687984e-001
 7.2283524e-001
 7.1904331e-001
 7.1555859e-001
 7.1243137e-001
 7.0970476e-001
 7.0741236e-001
 7.0557988e-001
 7.0422179e-001
 7.0334291e-001
 7.0293778e-001
 7.0299119e-001
 7.0347929e-001
 7.0437133e-001
 7.0563066e-001
 7.0721626e-001
 7.0908517e-001
 7.1119231e-001
 7.1349376e-001
 7.1594590e-001
 7.1850717e-001
 7.2113979e-001
 7.2380829e-001
 7.2648102e-001
 7.2913104e-001
 7.3173428e-001
 7.3427147e-001
 7.3672634e-001
 7.3908609e-001
 7.4134189e-001
 7.4348664e-001
 7.4551690e-001
 7.4743038e-001
 7.4922669e-001
 7.5090700e-001
 7.5247288e-001
 7.5392711e-001
 7.5527251e-001
 7.5651252e-001
 7.5765145e-001
 7.5869358e-001
 7.5964433e-001
 7.6050919e-001
 7.6129401e-001
 7.6200515e-001
 7.6264858e-001
 7.6323014e-001
 7.6375526e-001
 7.6422870e-001
 7.6465470e-001
 7.6503694e-001
 7.6537889e-001
 7.6568353e-001
 7.6595366e-001
 7.6619220e-001
 7.6640165e-001
 7.6658493e-001
 7.6674491e-001
 7.6688498e-001
 7.6700890e-001
 7.6712102e-001
 7.6722610e-001
 7.6732916e-001
 7.6743525e-001
 7.6754910e-001
 7.6767468e-001
 7.6781517e-001
 7.6797295e-001
 7.6814955e-001
 7.6834565e-001
 7.6856160e-001
 7.6879728e-001
 7.6905245e-001
 7.6932651e-001
 7.6961875e-001
 7.6992798e-001
 7.7025282e-001
 7.7059138e-001
 7.7094132e-001
 7.7129984e-001
 7.7166390e-001
 7.7202958e-001
 7.7239269e-001
 7.7274823e-001
 7.7309048e-001
 7.7341324e-001
 7.7370995e-001
 7.7397436e-001
 7.7420127e-001
 7.7438718e-001
 7.7453119e-001
 7.7463549e-001
 7.7470613e-001
 7.7475280e-001
 7.7478898e-001
 7.7483135e-001
 7.7489924e-001
 7.7501351e-001
 7.7519560e-001
 7.7546620e-001
 7.7584434e-001
 7.7634597e-001
 7.7698302e-001
 7.7776265e-001
 7.7868611e-001
 7.7974910e-001
 7.8094101e-001
 7.8224647e-001
 7.8364486e-001
 7.8511339e-001
 7.8662825e-001
 7.8816479e-001
 7.8970134e-001
 7.9121876e-001
 7.9270178e-001
 7.9413795e-001
 7.9551929e-001
 7.9684138e-001
 7.9810178e-001
 7.9930174e-001
 8.0044454e-001
 8.0153430e-001
 8.0257696e-001
 8.0357856e-001
 8.0454475e-001
 8.0547988e-001
 8.0638766e-001
 8.0727053e-001
 8.0812907e-001
 8.0896384e-001
 8.0977488e-001
 8.1056166e-001
 8.1132430e-001
 8.1206328e-001
 8.1277859e-001
 8.1347096e-001
 8.1414074e-001
 8.1478822e-001
 8.1541276e-001
 8.1601399e-001
 8.1659138e-001
 8.1714416e-001
 8.1767249e-001
 8.1817734e-001
 8.1866032e-001
 8.1912440e-001
 8.1957281e-001
 8.2000905e-001
 8.2043570e-001
 8.2085466e-001
 8.2126641e-001
 8.2166976e-001
 8.2206261e-001
 8.2244200e-001
 8.2280427e-001
 8.2314610e-001
 8.2346451e-001
 8.2375693e-001
 8.2402182e-001
 8.2425839e-001
 8.2446700e-001
 8.2464868e-001
 8.2480550e-001
 8.2494009e-001
 8.2505518e-001
 8.2515353e-001
 8.2523745e-001
 8.2530832e-001
 8.2536709e-001
 8.2541418e-001
 8.2544976e-001
 8.2547426e-001
 8.2548851e-001
 8.2549363e-001
 8.2549107e-001
 8.2548231e-001
 8.2546830e-001
 8.2544935e-001
 8.2542509e-001
 8.2539433e-001
 8.2535559e-001
 8.2530725e-001
 8.2524800e-001
 8.2517707e-001
 8.2509470e-001
 8.2500172e-001
 8.2489985e-001
 8.2479119e-001
 8.2467812e-001
 8.2456285e-001
 8.2444727e-001
 8.2433301e-001
 8.2422078e-001
 8.2411098e-001
 8.2400334e-001
 8.2389700e-001
 8.2379073e-001
 8.2368308e-001
 8.2357252e-001
 8.2345766e-001
 8.2333750e-001
 8.2321125e-001
 8.2307875e-001
 8.2293981e-001
 8.2279480e-001
 8.2264394e-001
 8.2248759e-001
 8.2232642e-001
 8.2216132e-001
 8.2199365e-001
 8.2182533e-001
 8.2165867e-001
 8.2149643e-001
 8.2134122e-001
 8.2119548e-001
 8.2106060e-001
 8.2093710e-001
 8.2082433e-001
 8.2072031e-001
 8.2062227e-001
 8.2052678e-001
 8.2043034e-001
 8.2032919e-001
 8.2022005e-001
 8.2009971e-001
 8.1996500e-001
 8.1981289e-001
 8.1964046e-001
 8.1944454e-001
 8.1922197e-001
 8.1896979e-001
 8.1868505e-001
 8.1836480e-001
 8.1800681e-001
 8.1760883e-001
 8.1716895e-001
 8.1668591e-001
 8.1615835e-001
 8.1558508e-001
 8.1496483e-001
 8.1429714e-001
 8.1358147e-001
 8.1281823e-001
 8.1200933e-001
 8.1115788e-001
 8.1026804e-001
 8.0934638e-001
 8.0839980e-001
 8.0743635e-001
 8.0646437e-001
 8.0549276e-001
 8.0452901e-001
 8.0357927e-001
 8.0264819e-001
 8.0173701e-001
 8.0084413e-001
 7.9996568e-001
 7.9909456e-001
 7.9822206e-001
 7.9733932e-001
 7.9643667e-001
 7.9550546e-001
 7.9453826e-001
 7.9352981e-001
 7.9247618e-001
 7.9137546e-001
 7.9022825e-001
 7.8903621e-001
 7.8780246e-001
 7.8653204e-001
 7.8522980e-001
 7.8390104e-001
 7.8255004e-001
 7.8118140e-001
 7.7979732e-001
 7.7839875e-001
 7.7698654e-001
 7.7555984e-001
 7.7411753e-001
 7.7265978e-001
 7.7118623e-001
 7.6969707e-001
 7.6819408e-001
 7.6667827e-001
 7.6515085e-001
 7.6361251e-001
 7.6206440e-001
 7.6050603e-001
 7.5893629e-001
 7.5735432e-001
 7.5575787e-001
 7.5414413e-001
 7.5251150e-001
 7.5085741e-001
 7.4918038e-001
 7.4747986e-001
 7.4575806e-001
 7.4401814e-001
 7.4226576e-001
 7.4051046e-001
 7.3876339e-001
 7.3703825e-001
 7.3535234e-001
 7.3372334e-001
 7.3217082e-001
 7.3071444e-001
 7.2937489e-001
 7.2817111e-001
 7.2712070e-001
 7.2623998e-001
 7.2554165e-001
 7.2503531e-001
 7.2472674e-001
 7.2461706e-001
 7.2470289e-001
 7.2497624e-001
 7.2542441e-001
 7.2603083e-001
 7.2677535e-001
 7.2763449e-001
 7.2858334e-001
 7.2959608e-001
 7.3064607e-001
 7.3170853e-001
 7.3276079e-001
 7.3378223e-001
 7.3475671e-001
 7.3567152e-001
 7.3651809e-001
 7.3729098e-001
 7.3798859e-001
 7.3861229e-001
 7.3916531e-001
 7.3965359e-001
 7.4008483e-001
 7.4046791e-001
 7.4081326e-001
 7.4113220e-001
 7.4143630e-001
 7.4173713e-001
 7.4204582e-001
 7.4237257e-001
 7.4272597e-001
 7.4311316e-001
 7.4353909e-001
 7.4400622e-001
 7.4451494e-001
 7.4506301e-001
 7.4564528e-001
 7.4625468e-001
 7.4688178e-001
 7.4751556e-001
 7.4814320e-001
 7.4875170e-001
 7.4932808e-001
 7.4985939e-001
 7.5033456e-001
 7.5074399e-001
 7.5107998e-001
 7.5133717e-001
 7.5151241e-001
 7.5160414e-001
 7.5161260e-001
 7.5153911e-001
 7.5138557e-001
 7.5115448e-001
 7.5084800e-001
 7.5046808e-001
 7.5001645e-001
 7.4949384e-001
 7.4890029e-001
 7.4823564e-001
 7.4749881e-001
 7.4668866e-001
 7.4580419e-001
 7.4484527e-001
 7.4381208e-001
 7.4270535e-001
 7.4152744e-001
 7.4028075e-001
 7.3896837e-001
 7.3759532e-001
 7.3616678e-001
 7.3468912e-001
 7.3317105e-001
 7.3162103e-001
 7.3004848e-001
 7.2846246e-001
 7.2687256e-001
 7.2528654e-001
 7.2371113e-001
 7.2215337e-001
 7.2061825e-001
 7.1911031e-001
 7.1763426e-001
 7.1619314e-001
 7.1478927e-001
 7.1342355e-001
 7.1209669e-001
 7.1080732e-001
 7.0955336e-001
 7.0833325e-001
 7.0714486e-001
 7.0598644e-001
 7.0485777e-001
 7.0375842e-001
 7.0268840e-001
 7.0164835e-001
 7.0063746e-001
 6.9965416e-001
 6.9869518e-001
 6.9775617e-001
 6.9683051e-001
 6.9591027e-001
 6.9498742e-001
 6.9405276e-001
 6.9309741e-001
 6.9211322e-001
 6.9109225e-001
 6.9002712e-001
 6.8891096e-001
 6.8773854e-001
 6.8650454e-001
 6.8520474e-001
 6.8383712e-001
 6.8240017e-001
 6.8089402e-001
 6.7932147e-001
 6.7768598e-001
 6.7599285e-001
 6.7424858e-001
 6.7246217e-001
 6.7064315e-001
 6.6880292e-001
 6.6695642e-001
 6.6511971e-001
 6.6331124e-001
 6.6155255e-001
 6.5986478e-001
 6.5826905e-001
 6.5678620e-001
 6.5543401e-001
 6.5422797e-001
 6.5318090e-001
 6.5230429e-001
 6.5160733e-001
 6.5109831e-001
 6.5078503e-001
 6.5067399e-001
 6.5077060e-001
 6.5107834e-001
 6.5159845e-001
 6.5232944e-001
 6.5326738e-001
 6.5440518e-001
 6.5573442e-001
 6.5724528e-001
 6.5892601e-001
 6.6076535e-001
 6.6275185e-001
 6.6487157e-001
 6.6711116e-001
 6.6945511e-001
 6.7188394e-001
 6.7437696e-001
 6.7691034e-001
 6.7945868e-001
 6.8199348e-001
 6.8448848e-001
 6.8691850e-001
 6.8925911e-001
 6.9149077e-001
 6.9359714e-001
 6.9556409e-001
 6.9738215e-001
 6.9904435e-001
 7.0054686e-001
 7.0188767e-001
 7.0306826e-001
 7.0409286e-001
 7.0496720e-001
 7.0570004e-001
 7.0630169e-001
 7.0678282e-001
 7.0715505e-001
 7.0742929e-001
 7.0761567e-001
 7.0772314e-001
 7.0775914e-001
 7.0772964e-001
 7.0763880e-001
 7.0748913e-001
 7.0728135e-001
 7.0701498e-001
 7.0668852e-001
 7.0630050e-001
 7.0585054e-001
 7.0534009e-001
 7.0477331e-001
 7.0415723e-001
 7.0350254e-001
 7.0282197e-001
 7.0213008e-001
 7.0144254e-001
 7.0077372e-001
 7.0013577e-001
 6.9953775e-001
 6.9898379e-001
 6.9847280e-001
 6.9799942e-001
 6.9755352e-001
 6.9712269e-001
 6.9669324e-001
 6.9625223e-001
 6.9578797e-001
 6.9529086e-001
 6.9475353e-001
 6.9416988e-001
 6.9353479e-001
 6.9284433e-001
 6.9209474e-001
 6.9128323e-001
 6.9040823e-001
 6.8947053e-001
 6.8847221e-001
 6.8741721e-001
 6.8631148e-001
 6.8516088e-001
 6.8397081e-001
 6.8274653e-001
 6.8149143e-001
 6.8020797e-001
 6.7889929e-001
 6.7756796e-001
 6.7621762e-001
 6.7485267e-001
 6.7347902e-001
 6.7210132e-001
 6.7072356e-001
 6.6934866e-001
 6.6797668e-001
 6.6660523e-001
 6.6523105e-001
 6.6384858e-001
 6.6245228e-001
 6.6103697e-001
 6.5959984e-001
 6.5813935e-001
 6.5665615e-001
 6.5515465e-001
 6.5363979e-001
 6.5211797e-001
 6.5059668e-001
 6.4908141e-001
 6.4757633e-001
 6.4608270e-001
 6.4460045e-001
 6.4312583e-001
 6.4165324e-001
 6.4017659e-001
 6.3868791e-001
 6.3717908e-001
 6.3564342e-001
 6.3407439e-001
 6.3246697e-001
 6.3081968e-001
 6.2913209e-001
 6.2740672e-001
 6.2564754e-001
 6.2386137e-001
 6.2205428e-001
 6.2023211e-001
 6.1840063e-001
 6.1656308e-001
 6.1472094e-001
 6.1287647e-001
 6.1103088e-001
 6.0918730e-001
 6.0735083e-001
 6.0553068e-001
 6.0373700e-001
 6.0198122e-001
 6.0027599e-001
 5.9863085e-001
 5.9705299e-001
 5.9554714e-001
 5.9411395e-001
 5.9275120e-001
 5.9145617e-001
 5.9022421e-001
 5.8905113e-001
 5.8793294e-001
 5.8686751e-001
 5.8585304e-001
 5.8488911e-001
 5.8397734e-001
 5.8312005e-001
 5.8232069e-001
 5.8158380e-001
 5.8091313e-001
 5.8031154e-001
 5.7977992e-001
 5.7931727e-001
 5.7892001e-001
 5.7858294e-001
-1.2300000e+034
