s07_ASD Record=12812: Calcite.7+Kaolin-wxl.3 AMX9   BECKa AREF
 6.7432761e-001
 6.7637414e-001
 6.7848873e-001
 6.8066406e-001
 6.8292695e-001
 6.8532389e-001
 6.8788809e-001
 6.9060916e-001
 6.9342643e-001
 6.9624859e-001
 6.9898868e-001
 7.0159125e-001
 7.0404410e-001
 7.0638120e-001
 7.0867872e-001
 7.1103138e-001
 7.1351457e-001
 7.1616036e-001
 7.1895093e-001
 7.2182477e-001
 7.2468996e-001
 7.2744614e-001
 7.3001420e-001
 7.3235881e-001
 7.3449838e-001
 7.3650151e-001
 7.3846990e-001
 7.4049795e-001
 7.4263769e-001
 7.4489933e-001
 7.4726719e-001
 7.4971557e-001
 7.5221556e-001
 7.5473410e-001
 7.5722784e-001
 7.5964803e-001
 7.6195377e-001
 7.6412249e-001
 7.6615846e-001
 7.6809281e-001
 7.6997364e-001
 7.7184975e-001
 7.7375531e-001
 7.7570343e-001
 7.7768886e-001
 7.7970105e-001
 7.8173631e-001
 7.8380418e-001
 7.8591967e-001
 7.8808844e-001
 7.9029375e-001
 7.9249680e-001
 7.9465532e-001
 7.9674900e-001
 7.9879737e-001
 8.0085379e-001
 8.0297786e-001
 8.0519217e-001
 8.0747247e-001
 8.0975235e-001
 8.1193638e-001
 8.1401235e-001
 8.1599295e-001
 8.1788087e-001
 8.1968284e-001
 8.2141918e-001
 8.2311553e-001
 8.2480127e-001
 8.2650506e-001
 8.2824218e-001
 8.2999951e-001
 8.3173573e-001
 8.3340394e-001
 8.3498186e-001
 8.3648956e-001
 8.3798546e-001
 8.3953875e-001
 8.4119046e-001
 8.4292573e-001
 8.4467542e-001
 8.4635162e-001
 8.4789717e-001
 8.4932172e-001
 8.5069442e-001
 8.5209650e-001
 8.5356313e-001
 8.5505736e-001
 8.5649669e-001
 8.5781336e-001
 8.5900694e-001
 8.6015409e-001
 8.6137277e-001
 8.6276358e-001
 8.6436385e-001
 8.6612976e-001
 8.6794800e-001
 8.6967039e-001
 8.7116712e-001
 8.7237883e-001
 8.7332946e-001
 8.7408739e-001
 8.7470347e-001
 8.7517989e-001
 8.7550032e-001
 8.7569791e-001
 8.7589729e-001
 8.7626284e-001
 8.7689298e-001
 8.7775648e-001
 8.7872678e-001
 8.7967652e-001
 8.8054597e-001
 8.8134027e-001
 8.8208258e-001
 8.8278252e-001
 8.8345110e-001
 8.8413709e-001
 8.8492250e-001
 8.8585168e-001
 8.8684970e-001
 8.8772869e-001
 8.8831115e-001
 8.8857603e-001
 8.8868916e-001
 8.8888121e-001
 8.8928407e-001
 8.8986588e-001
 8.9049572e-001
 8.9105809e-001
 8.9153099e-001
 8.9200032e-001
 8.9261025e-001
 8.9346617e-001
 8.9454943e-001
 8.9571106e-001
 8.9674723e-001
 8.9749026e-001
 8.9786649e-001
 8.9792120e-001
 8.9781648e-001
 8.9778495e-001
 8.9804590e-001
 8.9872211e-001
 8.9978403e-001
 9.0103120e-001
 9.0213889e-001
 9.0279579e-001
 9.0288287e-001
 9.0256119e-001
 9.0217882e-001
 9.0205324e-001
 9.0229708e-001
 9.0281433e-001
 9.0343606e-001
 9.0405321e-001
 9.0463561e-001
 9.0515321e-001
 9.0550959e-001
 9.0557700e-001
 9.0532815e-001
 9.0494895e-001
 9.0480119e-001
 9.0520507e-001
 9.0618032e-001
 9.0736562e-001
 9.0822309e-001
 9.0841037e-001
 9.0803921e-001
 9.0759903e-001
 9.0758628e-001
 9.0814412e-001
 9.0902579e-001
 9.0987879e-001
 9.1051745e-001
 9.1091812e-001
 9.1108239e-001
 9.1104716e-001
 9.1097909e-001
 9.1108602e-001
 9.1139942e-001
 9.1175491e-001
 9.1201979e-001
 9.1225469e-001
 9.1262335e-001
 9.1321284e-001
 9.1397494e-001
 9.1479248e-001
 9.1556078e-001
 9.1621393e-001
 9.1669661e-001
 9.1693079e-001
 9.1684443e-001
 9.1646588e-001
 9.1597301e-001
 9.1559803e-001
 9.1546422e-001
 9.1552639e-001
 9.1565478e-001
 9.1574562e-001
 9.1576725e-001
 9.1575909e-001
 9.1581744e-001
 9.1606534e-001
 9.1659635e-001
 9.1741431e-001
 9.1840053e-001
 9.1934007e-001
 9.2001706e-001
 9.2033869e-001
 9.2038804e-001
 9.2034578e-001
 9.2035669e-001
 9.2047483e-001
 9.2070168e-001
 9.2102337e-001
 9.2139536e-001
 9.2172498e-001
 9.2190397e-001
 9.2187136e-001
 9.2163283e-001
 9.2122257e-001
 9.2069912e-001
 9.2022824e-001
 9.2010778e-001
 9.2059273e-001
 9.2167199e-001
 9.2306638e-001
 9.2441219e-001
 9.2539084e-001
 9.2578518e-001
 9.2559308e-001
 9.2509723e-001
 9.2468768e-001
 9.2458147e-001
 9.2477208e-001
 9.2519218e-001
 9.2578655e-001
 9.2642802e-001
 9.2689949e-001
 9.2705506e-001
 9.2700583e-001
 9.2709625e-001
 9.2761338e-001
 9.2847294e-001
 9.2921549e-001
 9.2936730e-001
 9.2886740e-001
 9.2816573e-001
 9.2787486e-001
 9.2827445e-001
 9.2912853e-001
 9.2986286e-001
 9.2993534e-001
 9.2933041e-001
 9.2875022e-001
 9.2889965e-001
 9.2965335e-001
 9.3038285e-001
 9.3073565e-001
 9.3068540e-001
 9.3036222e-001
 9.3006444e-001
 9.2993098e-001
 9.2970818e-001
 9.2925429e-001
 9.2894202e-001
 9.2912203e-001
 9.2954081e-001
 9.2980516e-001
 9.3007106e-001
 9.3069911e-001
 9.3159533e-001
 9.3238401e-001
 9.3287444e-001
 9.3298721e-001
 9.3256313e-001
 9.3164545e-001
 9.3070513e-001
 9.3024939e-001
 9.3045843e-001
 9.3133819e-001
 9.3277603e-001
 9.3433803e-001
 9.3539798e-001
 9.3562347e-001
 9.3519050e-001
 9.3455136e-001
 9.3405181e-001
 9.3373203e-001
 9.3342459e-001
 9.3295896e-001
 9.3231636e-001
 9.3172812e-001
 9.3161970e-001
 9.3224287e-001
 9.3329322e-001
 9.3417746e-001
 9.3474495e-001
 9.3533701e-001
 9.3600994e-001
 9.3629408e-001
 9.3591946e-001
 9.3519098e-001
 9.3445957e-001
 9.3383056e-001
 9.3356830e-001
 9.3409622e-001
 9.3529874e-001
 9.3643099e-001
 9.3701577e-001
 9.3729299e-001
 9.3760508e-001
 9.3792754e-001
 9.3817872e-001
 9.3840355e-001
 9.3845826e-001
 9.3811387e-001
 9.3767416e-001
 9.3798894e-001
 9.3950349e-001
 9.4144422e-001
 9.4253141e-001
 9.4232327e-001
 9.4142431e-001
 9.4069242e-001
 9.4061142e-001
 9.4119710e-001
 9.4215751e-001
 9.4305402e-001
 9.4345427e-001
 9.4311965e-001
 9.4213295e-001
 9.4085312e-001
 9.3975836e-001
 9.3930179e-001
 9.3977022e-001
 9.4109756e-001
 9.4276702e-001
 9.4402683e-001
 9.4435722e-001
 9.4379807e-001
 9.4283915e-001
 9.4202524e-001
 9.4165355e-001
 9.4172221e-001
 9.4200897e-001
 9.4217342e-001
 9.4194418e-001
 9.4139111e-001
 9.4103336e-001
 9.4148570e-001
 9.4276303e-001
 9.4393164e-001
 9.4388157e-001
 9.4274700e-001
 9.4123566e-001
 9.3966216e-001
 9.3857259e-001
 9.3906713e-001
 9.4133478e-001
 9.4378006e-001
 9.4481438e-001
 9.4465846e-001
 9.4446409e-001
 9.4469345e-001
 9.4506717e-001
 9.4526041e-001
 9.4511008e-001
 9.4462222e-001
 9.4421029e-001
 9.4458306e-001
 9.4587022e-001
 9.4720185e-001
 9.4771630e-001
 9.4754887e-001
 9.4737947e-001
 9.4752735e-001
 9.4782156e-001
 9.4800049e-001
 9.4804263e-001
 9.4812727e-001
 9.4822627e-001
 9.4792557e-001
 9.4691360e-001
 9.4550455e-001
 9.4450504e-001
 9.4459337e-001
 9.4569629e-001
 9.4697440e-001
 9.4766390e-001
 9.4778824e-001
 9.4786513e-001
 9.4818246e-001
 9.4849956e-001
 9.4838303e-001
 9.4795561e-001
 9.4794607e-001
 9.4866222e-001
 9.4953698e-001
 9.4934618e-001
 9.4791591e-001
 9.4682777e-001
 9.4711912e-001
 9.4825977e-001
 9.4941646e-001
 9.5017248e-001
 9.5048201e-001
 9.5045239e-001
 9.5029676e-001
 9.5030725e-001
 9.5071036e-001
 9.5147103e-001
 9.5230025e-001
 9.5285541e-001
 9.5288771e-001
 9.5226544e-001
 9.5100802e-001
 9.4944561e-001
 9.4818479e-001
 9.4777054e-001
 9.4832718e-001
 9.4955075e-001
 9.5100677e-001
 9.5235342e-001
 9.5338166e-001
 9.5398247e-001
 9.5415276e-001
 9.5399445e-001
 9.5366687e-001
 9.5332026e-001
 9.5272624e-001
 9.5182204e-001
 9.5054752e-001
 9.4926882e-001
 9.4852310e-001
 9.4884855e-001
 9.5062894e-001
 9.5323759e-001
 9.5564038e-001
 9.5680213e-001
 9.5589781e-001
 9.5348948e-001
 9.5069969e-001
 9.4865239e-001
 9.4829273e-001
 9.4937676e-001
 9.5117879e-001
 9.5297199e-001
 9.5411485e-001
 9.5453888e-001
 9.5434338e-001
 9.5377183e-001
 9.5300168e-001
 9.5220292e-001
 9.5155078e-001
 9.5122057e-001
 9.5138758e-001
 9.5221639e-001
 9.5362574e-001
 9.5528984e-001
 9.5687354e-001
 9.5804042e-001
 9.5846838e-001
 9.5813209e-001
 9.5729941e-001
 9.5625120e-001
 9.5526755e-001
 9.5462114e-001
 9.5440131e-001
 9.5451903e-001
 9.5487756e-001
 9.5537990e-001
 9.5592970e-001
 9.5644689e-001
 9.5691741e-001
 9.5734328e-001
 9.5772618e-001
 9.5806795e-001
 9.5837039e-001
 9.5863706e-001
 9.5887864e-001
 9.5910692e-001
 9.5933414e-001
 9.5957226e-001
 9.5983362e-001
 9.6012998e-001
 9.6046543e-001
 9.6081269e-001
 9.6113712e-001
 9.6140391e-001
 9.6157849e-001
 9.6162635e-001
 9.6151251e-001
 9.6120268e-001
 9.6067888e-001
 9.5998842e-001
 9.5919329e-001
 9.5835578e-001
 9.5753795e-001
 9.5680219e-001
 9.5621055e-001
 9.5582509e-001
 9.5568985e-001
 9.5578009e-001
 9.5605505e-001
 9.5647424e-001
 9.5699698e-001
 9.5758259e-001
 9.5819056e-001
 9.5878029e-001
 9.5931762e-001
 9.5979369e-001
 9.6020460e-001
 9.6054709e-001
 9.6081775e-001
 9.6101266e-001
 9.6112877e-001
 9.6116215e-001
 9.6110976e-001
 9.6096772e-001
 9.6073258e-001
 9.6040094e-001
 9.5997423e-001
 9.5947218e-001
 9.5891863e-001
 9.5833743e-001
 9.5775223e-001
 9.5718706e-001
 9.5666558e-001
 9.5621181e-001
 9.5584953e-001
 9.5560235e-001
 9.5549440e-001
 9.5554930e-001
 9.5577925e-001
 9.5615470e-001
 9.5663691e-001
 9.5718712e-001
 9.5776641e-001
 9.5833617e-001
 9.5885730e-001
 9.5929128e-001
 9.5959920e-001
 9.5974219e-001
 9.5968163e-001
 9.5939475e-001
 9.5891607e-001
 9.5829242e-001
 9.5757073e-001
 9.5679802e-001
 9.5602095e-001
 9.5528668e-001
 9.5464200e-001
 9.5413387e-001
 9.5380926e-001
 9.5369899e-001
 9.5377916e-001
 9.5401382e-001
 9.5436686e-001
 9.5480257e-001
 9.5528466e-001
 9.5577729e-001
 9.5624453e-001
 9.5665044e-001
 9.5695901e-001
 9.5714450e-001
 9.5721698e-001
 9.5719367e-001
 9.5709205e-001
 9.5692950e-001
 9.5672357e-001
 9.5649141e-001
 9.5625061e-001
 9.5601857e-001
 9.5581269e-001
 9.5564622e-001
 9.5551860e-001
 9.5542639e-001
 9.5536602e-001
 9.5533413e-001
 9.5532703e-001
 9.5534146e-001
 9.5537394e-001
 9.5542067e-001
 9.5547789e-001
 9.5553863e-001
 9.5559615e-001
 9.5564330e-001
 9.5567298e-001
 9.5567822e-001
 9.5565206e-001
 9.5558727e-001
 9.5548075e-001
 9.5534110e-001
 9.5518005e-001
 9.5500886e-001
 9.5483875e-001
 9.5468146e-001
 9.5454818e-001
 9.5445037e-001
 9.5439595e-001
 9.5438129e-001
 9.5440048e-001
 9.5444763e-001
 9.5451683e-001
 9.5460212e-001
 9.5469767e-001
 9.5479751e-001
 9.5489556e-001
 9.5498455e-001
 9.5505756e-001
 9.5510048e-001
 9.5511413e-001
 9.5509040e-001
 9.5502752e-001
 9.5493352e-001
 9.5482606e-001
 9.5472914e-001
 9.5466995e-001
 9.5467693e-001
 9.5477712e-001
 9.5499259e-001
 9.5533764e-001
 9.5582098e-001
 9.5644844e-001
 9.5722091e-001
 9.5812601e-001
 9.5912635e-001
 9.6015567e-001
 9.6112585e-001
 9.6194041e-001
 9.6250921e-001
 9.6277022e-001
 9.6271122e-001
 9.6237803e-001
 9.6186161e-001
 9.6127403e-001
 9.6072543e-001
 9.6030152e-001
 9.6004510e-001
 9.5995009e-001
 9.5997202e-001
 9.6004677e-001
 9.6011060e-001
 9.6011829e-001
 9.6005714e-001
 9.5995051e-001
 9.5985097e-001
 9.5982546e-001
 9.5993727e-001
 9.6022874e-001
 9.6139413e-001
 9.6180195e-001
 9.6224594e-001
 9.6270794e-001
 9.6316910e-001
 9.6361208e-001
 9.6402293e-001
 9.6439219e-001
 9.6471459e-001
 9.6498895e-001
 9.6521574e-001
 9.6539575e-001
 9.6552873e-001
 9.6561271e-001
 9.6564502e-001
 9.6562380e-001
 9.6554983e-001
 9.6542799e-001
 9.6526766e-001
 9.6508223e-001
 9.6488756e-001
 9.6470034e-001
 9.6453631e-001
 9.6440893e-001
 9.6432865e-001
 9.6430242e-001
 9.6433330e-001
 9.6441990e-001
 9.6455663e-001
 9.6473414e-001
 9.6493971e-001
 9.6515822e-001
 9.6537292e-001
 9.6556622e-001
 9.6572083e-001
 9.6582144e-001
 9.6585655e-001
 9.6581984e-001
 9.6571183e-001
 9.6554005e-001
 9.6531838e-001
 9.6506578e-001
 9.6480358e-001
 9.6455330e-001
 9.6433413e-001
 9.6416122e-001
 9.6404457e-001
 9.6398896e-001
 9.6399415e-001
 9.6405578e-001
 9.6416646e-001
 9.6431667e-001
 9.6449536e-001
 9.6469098e-001
 9.6489185e-001
 9.6508688e-001
 9.6526611e-001
 9.6542126e-001
 9.6554643e-001
 9.6563834e-001
 9.6569657e-001
 9.6572322e-001
 9.6572268e-001
 9.6570075e-001
 9.6566385e-001
 9.6561849e-001
 9.6557009e-001
 9.6552277e-001
 9.6547902e-001
 9.6543980e-001
 9.6540487e-001
 9.6537334e-001
 9.6534419e-001
 9.6531689e-001
 9.6529180e-001
 9.6527034e-001
 9.6525478e-001
 9.6524805e-001
 9.6525294e-001
 9.6527153e-001
 9.6530467e-001
 9.6535152e-001
 9.6540946e-001
 9.6547443e-001
 9.6554154e-001
 9.6560585e-001
 9.6566325e-001
 9.6571130e-001
 9.6574920e-001
 9.6577793e-001
 9.6579939e-001
 9.6581566e-001
 9.6582824e-001
 9.6583748e-001
 9.6584260e-001
 9.6584237e-001
 9.6583593e-001
 9.6582383e-001
 9.6580869e-001
 9.6579486e-001
 9.6578765e-001
 9.6579188e-001
 9.6581006e-001
 9.6584117e-001
 9.6588016e-001
 9.6591854e-001
 9.6594638e-001
 9.6595418e-001
 9.6593565e-001
 9.6588904e-001
 9.6581841e-001
 9.6573251e-001
 9.6564376e-001
 9.6556592e-001
 9.6551150e-001
 9.6549046e-001
 9.6550870e-001
 9.6556765e-001
 9.6566510e-001
 9.6579558e-001
 9.6595150e-001
 9.6612418e-001
 9.6630454e-001
 9.6648335e-001
 9.6665221e-001
 9.6680325e-001
 9.6692985e-001
 9.6702695e-001
 9.6709108e-001
 9.6712083e-001
 9.6711671e-001
 9.6708083e-001
 9.6701670e-001
 9.6692836e-001
 9.6681976e-001
 9.6669400e-001
 9.6655315e-001
 9.6639794e-001
 9.6622837e-001
 9.6604413e-001
 9.6584600e-001
 9.6563643e-001
 9.6542072e-001
 9.6520710e-001
 9.6500653e-001
 9.6483135e-001
 9.6469426e-001
 9.6460611e-001
 9.6457422e-001
 9.6460152e-001
 9.6468568e-001
 9.6481937e-001
 9.6499145e-001
 9.6518791e-001
 9.6539366e-001
 9.6559393e-001
 9.6577561e-001
 9.6592820e-001
 9.6604466e-001
 9.6612215e-001
 9.6616220e-001
 9.6617043e-001
 9.6615589e-001
 9.6612948e-001
 9.6610159e-001
 9.6607971e-001
 9.6606547e-001
 9.6605349e-001
 9.6603066e-001
 9.6597815e-001
 9.6587449e-001
 9.6570051e-001
 9.6544415e-001
 9.6510470e-001
 9.6469480e-001
 9.6423990e-001
 9.6377552e-001
 9.6334177e-001
 9.6297735e-001
 9.6271378e-001
 9.6257049e-001
 9.6255285e-001
 9.6265185e-001
 9.6284640e-001
 9.6310711e-001
 9.6340066e-001
 9.6369475e-001
 9.6396148e-001
 9.6418023e-001
 9.6433902e-001
 9.6443415e-001
 9.6446931e-001
 9.6445340e-001
 9.6439862e-001
 9.6431839e-001
 9.6422565e-001
 9.6413177e-001
 9.6404594e-001
 9.6397454e-001
 9.6392113e-001
 9.6388626e-001
 9.6386719e-001
 9.6385819e-001
 9.6385074e-001
 9.6383435e-001
 9.6379793e-001
 9.6373159e-001
 9.6362817e-001
 9.6348512e-001
 9.6330547e-001
 9.6309823e-001
 9.6287721e-001
 9.6265972e-001
 9.6246368e-001
 9.6230483e-001
 9.6219391e-001
 9.6213424e-001
 9.6212071e-001
 9.6213955e-001
 9.6217018e-001
 9.6218771e-001
 9.6216655e-001
 9.6208453e-001
 9.6192616e-001
 9.6168518e-001
 9.6136594e-001
 9.6098238e-001
 9.6055663e-001
 9.6011573e-001
 9.5968759e-001
 9.5929813e-001
 9.5896751e-001
 9.5870829e-001
 9.5852476e-001
 9.5841312e-001
 9.5836300e-001
 9.5835990e-001
 9.5838773e-001
 9.5843136e-001
 9.5847875e-001
 9.5852202e-001
 9.5855814e-001
 9.5858830e-001
 9.5861673e-001
 9.5864964e-001
 9.5869339e-001
 9.5875335e-001
 9.5883286e-001
 9.5893264e-001
 9.5905060e-001
 9.5918220e-001
 9.5932078e-001
 9.5945877e-001
 9.5958811e-001
 9.5970184e-001
 9.5979434e-001
 9.5986271e-001
 9.5990676e-001
 9.5992929e-001
 9.5993549e-001
 9.5993227e-001
 9.5992726e-001
 9.5992738e-001
 9.5993793e-001
 9.5996171e-001
 9.5999855e-001
 9.6004504e-001
 9.6009517e-001
 9.6014071e-001
 9.6017212e-001
 9.6017945e-001
 9.6015286e-001
 9.6008372e-001
 9.5996511e-001
 9.5979249e-001
 9.5956403e-001
 9.5928127e-001
 9.5894897e-001
 9.5857495e-001
 9.5816964e-001
 9.5774472e-001
 9.5731235e-001
 9.5688295e-001
 9.5646441e-001
 9.5606059e-001
 9.5567083e-001
 9.5529020e-001
 9.5491028e-001
 9.5452142e-001
 9.5411420e-001
 9.5368224e-001
 9.5322376e-001
 9.5274264e-001
 9.5224792e-001
 9.5175248e-001
 9.5127004e-001
 9.5081234e-001
 9.5038623e-001
 9.4999188e-001
 9.4962323e-001
 9.4926935e-001
 9.4891804e-001
 9.4855940e-001
 9.4818878e-001
 9.4780880e-001
 9.4742870e-001
 9.4706225e-001
 9.4672412e-001
 9.4642615e-001
 9.4617426e-001
 9.4596714e-001
 9.4579685e-001
 9.4565076e-001
 9.4551456e-001
 9.4537544e-001
 9.4522405e-001
 9.4505554e-001
 9.4486910e-001
 9.4466656e-001
 9.4445091e-001
 9.4422436e-001
 9.4398755e-001
 9.4373971e-001
 9.4347900e-001
 9.4320416e-001
 9.4291574e-001
 9.4261682e-001
 9.4231427e-001
 9.4201750e-001
 9.4173813e-001
 9.4148785e-001
 9.4127649e-001
 9.4111019e-001
 9.4098991e-001
 9.4091094e-001
 9.4086277e-001
 9.4083023e-001
 9.4079465e-001
 9.4073546e-001
 9.4063151e-001
 9.4046229e-001
 9.4020861e-001
 9.3985349e-001
 9.3938303e-001
 9.3878758e-001
 9.3806350e-001
 9.3721396e-001
 9.3625063e-001
 9.3519360e-001
 9.3406963e-001
 9.3291104e-001
 9.3175125e-001
 9.3062270e-001
 9.2955369e-001
 9.2856658e-001
 9.2767870e-001
 9.2690283e-001
 9.2624915e-001
 9.2572641e-001
 9.2534173e-001
 9.2509949e-001
 9.2499804e-001
 9.2502671e-001
 9.2516291e-001
 9.2537141e-001
 9.2560536e-001
 9.2581004e-001
 9.2592877e-001
 9.2590874e-001
 9.2570680e-001
 9.2529333e-001
 9.2465395e-001
 9.2378867e-001
 9.2270988e-001
 9.2143768e-001
 9.1999680e-001
 9.1841239e-001
 9.1670650e-001
 9.1489756e-001
 9.1299778e-001
 9.1101503e-001
 9.0895277e-001
 9.0681195e-001
 9.0459496e-001
 9.0230715e-001
 8.9996171e-001
 8.9758217e-001
 8.9520240e-001
 8.9286822e-001
 8.9063382e-001
 8.8855654e-001
 8.8669258e-001
 8.8508952e-001
 8.8378286e-001
 8.8279247e-001
 8.8212144e-001
 8.8175827e-001
 8.8167799e-001
 8.8184422e-001
 8.8221025e-001
 8.8271880e-001
 8.8330209e-001
 8.8388383e-001
 8.8438362e-001
 8.8472629e-001
 8.8485450e-001
 8.8474292e-001
 8.8441128e-001
 8.8393164e-001
 8.8342798e-001
 8.8306516e-001
 8.8303006e-001
 8.8350594e-001
 8.8464600e-001
 8.8654989e-001
 8.8924968e-001
 8.9270377e-001
 8.9680237e-001
 9.0138447e-001
 9.0625459e-001
 9.1120976e-001
 9.1605693e-001
 9.2063218e-001
 9.2481375e-001
 9.2852360e-001
 9.3173039e-001
 9.3444067e-001
 9.3669128e-001
 9.3853986e-001
 9.4005239e-001
 9.4129634e-001
 9.4233304e-001
 9.4321406e-001
 9.4398040e-001
 9.4466203e-001
 9.4528079e-001
 9.4585234e-001
 9.4638842e-001
 9.4689929e-001
 9.4739389e-001
 9.4787997e-001
 9.4836378e-001
 9.4884819e-001
 9.4933212e-001
 9.4980949e-001
 9.5026934e-001
 9.5069730e-001
 9.5107681e-001
 9.5139253e-001
 9.5163268e-001
 9.5179200e-001
 9.5187354e-001
 9.5188963e-001
 9.5186085e-001
 9.5181423e-001
 9.5177960e-001
 9.5178574e-001
 9.5185590e-001
 9.5200497e-001
 9.5223683e-001
 9.5254445e-001
 9.5291156e-001
 9.5331526e-001
 9.5373023e-001
 9.5413303e-001
 9.5450544e-001
 9.5483720e-001
 9.5512670e-001
 9.5538044e-001
 9.5561123e-001
 9.5583463e-001
 9.5606589e-001
 9.5631665e-001
 9.5659226e-001
 9.5689118e-001
 9.5720476e-001
 9.5751935e-001
 9.5781863e-001
 9.5808685e-001
 9.5831198e-001
 9.5848787e-001
 9.5861518e-001
 9.5870107e-001
 9.5875758e-001
 9.5879894e-001
 9.5883828e-001
 9.5888460e-001
 9.5894074e-001
 9.5900267e-001
 9.5906031e-001
 9.5909995e-001
 9.5910776e-001
 9.5907354e-001
 9.5899361e-001
 9.5887262e-001
 9.5872337e-001
 9.5856458e-001
 9.5841777e-001
 9.5830309e-001
 9.5823574e-001
 9.5822328e-001
 9.5826483e-001
 9.5835185e-001
 9.5847023e-001
 9.5860368e-001
 9.5873678e-001
 9.5885777e-001
 9.5896041e-001
 9.5904410e-001
 9.5911258e-001
 9.5917213e-001
 9.5922852e-001
 9.5928496e-001
 9.5934063e-001
 9.5939082e-001
 9.5942825e-001
 9.5944542e-001
 9.5943785e-001
 9.5940650e-001
 9.5935863e-001
 9.5930696e-001
 9.5926666e-001
 9.5925230e-001
 9.5927507e-001
 9.5934111e-001
 9.5945001e-001
 9.5959377e-001
 9.5975798e-001
 9.5992368e-001
 9.6007133e-001
 9.6018511e-001
 9.6025676e-001
 9.6028805e-001
 9.6029085e-001
 9.6028578e-001
 9.6029758e-001
 9.6035033e-001
 9.6046287e-001
 9.6064579e-001
 9.6089947e-001
 9.6121413e-001
 9.6157092e-001
 9.6194386e-001
 9.6230322e-001
 9.6261913e-001
 9.6286535e-001
 9.6302271e-001
 9.6308053e-001
 9.6303725e-001
 9.6289945e-001
 9.6267927e-001
 9.6239215e-001
 9.6205401e-001
 9.6167934e-001
 9.6127999e-001
 9.6086502e-001
 9.6044165e-001
 9.6001613e-001
 9.5959407e-001
 9.5918220e-001
 9.5878792e-001
 9.5841992e-001
 9.5808744e-001
 9.5779979e-001
 9.5756513e-001
 9.5738947e-001
 9.5727605e-001
 9.5722461e-001
 9.5723170e-001
 9.5729077e-001
 9.5739305e-001
 9.5752817e-001
 9.5768541e-001
 9.5785493e-001
 9.5802802e-001
 9.5819825e-001
 9.5836151e-001
 9.5851618e-001
 9.5866317e-001
 9.5880544e-001
 9.5894736e-001
 9.5909417e-001
 9.5925087e-001
 9.5942146e-001
 9.5960802e-001
 9.5981050e-001
 9.6002656e-001
 9.6025187e-001
 9.6048075e-001
 9.6070719e-001
 9.6092534e-001
 9.6113038e-001
 9.6131879e-001
 9.6148854e-001
 9.6163887e-001
 9.6176952e-001
 9.6188062e-001
 9.6197152e-001
 9.6204084e-001
 9.6208596e-001
 9.6210349e-001
 9.6208978e-001
 9.6204180e-001
 9.6195823e-001
 9.6183997e-001
 9.6169144e-001
 9.6151996e-001
 9.6133584e-001
 9.6115136e-001
 9.6097916e-001
 9.6083057e-001
 9.6071428e-001
 9.6063477e-001
 9.6059173e-001
 9.6057993e-001
 9.6059000e-001
 9.6060938e-001
 9.6062410e-001
 9.6062040e-001
 9.6058625e-001
 9.6051270e-001
 9.6039438e-001
 9.6023023e-001
 9.6002334e-001
 9.5978045e-001
 9.5951164e-001
 9.5922935e-001
 9.5894766e-001
 9.5868129e-001
 9.5844430e-001
 9.5824909e-001
 9.5810527e-001
 9.5801854e-001
 9.5799005e-001
 9.5801622e-001
 9.5808858e-001
 9.5819485e-001
 9.5831978e-001
 9.5844662e-001
 9.5855844e-001
 9.5863956e-001
 9.5867705e-001
 9.5866150e-001
 9.5858794e-001
 9.5845622e-001
 9.5827138e-001
 9.5804352e-001
 9.5778722e-001
 9.5752060e-001
 9.5726395e-001
 9.5703727e-001
 9.5685834e-001
 9.5673954e-001
 9.5668608e-001
 9.5669407e-001
 9.5675057e-001
 9.5683515e-001
 9.5692301e-001
 9.5698839e-001
 9.5700854e-001
 9.5696700e-001
 9.5685571e-001
 9.5667624e-001
 9.5643985e-001
 9.5616704e-001
 9.5588481e-001
 9.5562297e-001
 9.5540953e-001
 9.5526600e-001
 9.5520371e-001
 9.5522112e-001
 9.5530379e-001
 9.5542645e-001
 9.5555681e-001
 9.5566028e-001
 9.5570517e-001
 9.5566726e-001
 9.5553279e-001
 9.5529866e-001
 9.5497149e-001
 9.5456517e-001
 9.5409870e-001
 9.5359343e-001
 9.5307070e-001
 9.5255107e-001
 9.5205289e-001
 9.5159203e-001
 9.5118165e-001
 9.5083153e-001
 9.5054859e-001
 9.5033658e-001
 9.5019573e-001
 9.5012313e-001
 9.5011264e-001
 9.5015514e-001
 9.5023906e-001
 9.5035088e-001
 9.5047557e-001
 9.5059735e-001
 9.5070004e-001
 9.5076764e-001
 9.5078480e-001
 9.5073736e-001
 9.5061278e-001
 9.5040148e-001
 9.5009708e-001
 9.4969755e-001
 9.4920611e-001
 9.4863117e-001
 9.4798672e-001
 9.4729155e-001
 9.4656777e-001
 9.4583964e-001
 9.4513154e-001
 9.4446594e-001
 9.4386208e-001
 9.4333458e-001
 9.4289291e-001
 9.4254136e-001
 9.4227916e-001
 9.4210166e-001
 9.4200069e-001
 9.4196570e-001
 9.4198453e-001
 9.4204396e-001
 9.4213021e-001
 9.4222927e-001
 9.4232756e-001
 9.4241208e-001
 9.4247103e-001
 9.4249398e-001
 9.4247252e-001
 9.4240028e-001
 9.4227344e-001
 9.4209057e-001
 9.4185281e-001
 9.4156373e-001
 9.4122958e-001
 9.4085920e-001
 9.4046372e-001
 9.4005662e-001
 9.3965346e-001
 9.3927068e-001
 9.3892515e-001
 9.3863207e-001
 9.3840420e-001
 9.3824971e-001
 9.3817127e-001
 9.3816525e-001
 9.3822169e-001
 9.3832541e-001
 9.3845755e-001
 9.3859833e-001
 9.3872947e-001
 9.3883741e-001
 9.3891543e-001
 9.3896502e-001
 9.3899643e-001
 9.3902743e-001
 9.3908125e-001
 9.3918324e-001
 9.3935722e-001
 9.3962151e-001
 9.3998593e-001
 9.4044936e-001
 9.4099939e-001
 9.4161284e-001
 9.4225878e-001
 9.4290102e-001
 9.4350266e-001
 9.4403005e-001
 9.4445568e-001
 9.4476092e-001
 9.4493675e-001
 9.4498396e-001
 9.4491208e-001
 9.4473708e-001
 9.4447845e-001
 9.4415689e-001
 9.4379133e-001
 9.4339728e-001
 9.4298601e-001
 9.4256407e-001
 9.4213450e-001
 9.4169784e-001
 9.4125319e-001
 9.4079953e-001
 9.4033635e-001
 9.3986440e-001
 9.3938601e-001
 9.3890524e-001
 9.3842793e-001
 9.3796170e-001
 9.3751466e-001
 9.3709528e-001
 9.3671072e-001
 9.3636596e-001
 9.3606281e-001
 9.3579930e-001
 9.3556994e-001
 9.3535310e-001
 9.3517834e-001
 9.3500549e-001
 9.3482149e-001
 9.3461460e-001
 9.3437523e-001
 9.3409657e-001
 9.3377465e-001
 9.3340713e-001
 9.3299288e-001
 9.3253124e-001
 9.3202204e-001
 9.3146569e-001
 9.3086374e-001
 9.3021983e-001
 9.2954010e-001
 9.2883295e-001
 9.2810953e-001
 9.2738271e-001
 9.2666662e-001
 9.2597574e-001
 9.2532408e-001
 9.2472458e-001
 9.2418683e-001
 9.2371547e-001
 9.2330807e-001
 9.2295390e-001
 9.2263538e-001
 9.2232943e-001
 9.2201006e-001
 9.2165017e-001
 9.2122281e-001
 9.2070407e-001
 9.2007494e-001
 9.1932595e-001
 9.1845971e-001
 9.1749215e-001
 9.1645169e-001
 9.1537583e-001
 9.1430694e-001
 9.1329020e-001
 9.1236985e-001
 9.1158736e-001
 9.1097677e-001
 9.1055989e-001
 9.1034210e-001
 9.1031027e-001
 9.1043490e-001
 9.1067410e-001
 9.1097891e-001
 9.1129678e-001
 9.1157490e-001
 9.1176182e-001
 9.1181052e-001
 9.1168100e-001
 9.1134316e-001
 9.1077769e-001
 9.0997499e-001
 9.0893286e-001
 9.0765327e-001
 9.0614110e-001
 9.0440261e-001
 9.0244764e-001
 9.0029204e-001
 8.9796031e-001
 8.9549077e-001
 8.9293599e-001
 8.9036065e-001
 8.8784009e-001
 8.8545400e-001
 8.8328511e-001
 8.8141489e-001
 8.7991893e-001
 8.7886250e-001
 8.7829131e-001
 8.7822604e-001
 8.7865877e-001
 8.7955630e-001
 8.8086623e-001
 8.8252544e-001
 8.8446510e-001
 8.8661480e-001
 8.8890618e-001
 8.9127398e-001
 8.9366072e-001
 8.9601779e-001
 8.9830685e-001
 9.0049970e-001
 9.0257442e-001
 9.0451348e-001
 9.0630203e-001
 9.0792578e-001
 9.0937251e-001
 9.1063213e-001
 9.1169846e-001
 9.1257101e-001
 9.1325498e-001
 9.1376114e-001
 9.1410416e-001
 9.1430098e-001
 9.1436982e-001
 9.1432917e-001
 9.1419709e-001
 9.1399091e-001
 9.1372651e-001
 9.1341764e-001
 9.1307586e-001
 9.1271061e-001
 9.1233003e-001
 9.1194123e-001
 9.1155070e-001
 9.1116500e-001
 9.1078979e-001
 9.1043049e-001
 9.1009116e-001
 9.0977430e-001
 9.0948075e-001
 9.0920991e-001
 9.0895981e-001
 9.0872800e-001
 9.0851164e-001
 9.0830773e-001
 9.0811342e-001
 9.0792572e-001
 9.0774214e-001
 9.0756005e-001
 9.0737748e-001
 9.0719241e-001
 9.0700316e-001
 9.0680814e-001
 9.0660578e-001
 9.0639460e-001
 9.0617323e-001
 9.0594053e-001
 9.0569580e-001
 9.0543860e-001
 9.0516925e-001
 9.0488845e-001
 9.0459734e-001
 9.0429717e-001
 9.0398937e-001
 9.0367502e-001
 9.0335512e-001
 9.0302974e-001
 9.0269762e-001
 9.0235585e-001
 9.0199947e-001
 9.0162188e-001
 9.0121514e-001
 9.0077049e-001
 9.0027910e-001
 8.9973217e-001
 8.9912230e-001
 8.9844388e-001
 8.9769518e-001
 8.9687961e-001
 8.9600569e-001
 8.9508736e-001
 8.9414179e-001
 8.9318860e-001
 8.9224833e-001
 8.9134127e-001
 8.9048666e-001
 8.8970125e-001
 8.8899708e-001
 8.8838071e-001
 8.8785166e-001
 8.8740379e-001
 8.8702667e-001
 8.8670695e-001
 8.8643014e-001
 8.8618106e-001
 8.8594425e-001
 8.8570392e-001
 8.8544339e-001
 8.8514537e-001
 8.8479143e-001
 8.8436252e-001
 8.8383889e-001
 8.8320041e-001
 8.8242745e-001
 8.8150138e-001
 8.8040709e-001
 8.7913656e-001
 8.7769246e-001
 8.7609375e-001
 8.7437576e-001
 8.7258971e-001
 8.7079835e-001
 8.6907035e-001
 8.6747795e-001
 8.6609280e-001
 8.6498177e-001
 8.6420333e-001
 8.6379993e-001
 8.6379331e-001
 8.6418188e-001
 8.6494309e-001
 8.6603868e-001
 8.6742163e-001
 8.6903989e-001
 8.7084132e-001
 8.7277329e-001
 8.7478799e-001
 8.7684345e-001
 8.7890410e-001
 8.8094479e-001
 8.8294774e-001
 8.8490158e-001
 8.8679695e-001
 8.8862777e-001
 8.9038867e-001
 8.9207327e-001
 8.9367688e-001
 8.9519531e-001
 8.9662391e-001
 8.9795971e-001
 8.9920026e-001
 9.0034366e-001
 9.0138769e-001
 9.0233111e-001
 9.0317297e-001
 9.0391231e-001
 9.0455049e-001
 9.0509087e-001
 9.0554005e-001
 9.0590829e-001
 9.0620917e-001
 9.0645856e-001
 9.0667373e-001
 9.0687251e-001
 9.0707254e-001
 9.0728986e-001
 9.0753764e-001
 9.0782434e-001
 9.0815127e-001
 9.0851283e-001
 9.0889663e-001
 9.0928489e-001
 9.0965754e-001
 9.0999293e-001
 9.1026980e-001
 9.1046804e-001
 9.1057158e-001
 9.1057003e-001
 9.1046137e-001
 9.1025251e-001
 9.0995848e-001
 9.0960044e-001
 9.0920293e-001
 9.0879208e-001
 9.0839410e-001
 9.0803319e-001
 9.0772957e-001
 9.0749675e-001
 9.0733910e-001
 9.0725082e-001
 9.0721679e-001
 9.0721530e-001
 9.0722054e-001
 9.0720493e-001
 9.0714097e-001
 9.0700281e-001
 9.0676868e-001
 9.0642339e-001
 9.0596116e-001
 9.0538609e-001
 9.0471137e-001
 9.0395731e-001
 9.0314788e-001
 9.0230876e-001
 9.0146637e-001
 9.0064538e-001
 8.9986753e-001
 8.9914942e-001
 8.9850122e-001
 8.9792490e-001
 8.9741570e-001
 8.9696389e-001
 8.9655662e-001
 8.9617938e-001
 8.9581770e-001
 8.9545715e-001
 8.9508444e-001
 8.9468831e-001
 8.9425993e-001
 8.9379334e-001
 8.9328504e-001
 8.9273381e-001
 8.9213914e-001
 8.9150113e-001
 8.9082062e-001
 8.9009821e-001
 8.8933468e-001
 8.8853210e-001
 8.8769245e-001
 8.8681865e-001
 8.8591421e-001
 8.8498366e-001
 8.8403124e-001
 8.8306129e-001
 8.8207877e-001
 8.8108796e-001
 8.8009268e-001
 8.7909698e-001
 8.7810344e-001
 8.7711400e-001
 8.7613034e-001
 8.7515312e-001
 8.7418282e-001
 8.7321961e-001
 8.7226433e-001
 8.7131745e-001
 8.7037987e-001
 8.6945397e-001
 8.6854279e-001
 8.6765057e-001
 8.6678326e-001
 8.6594707e-001
 8.6514884e-001
 8.6439526e-001
 8.6369240e-001
 8.6304349e-001
 8.6244655e-001
 8.6189151e-001
 8.6135614e-001
 8.6080545e-001
 8.6019301e-001
 8.5946369e-001
 8.5855716e-001
 8.5741186e-001
 8.5596681e-001
 8.5416621e-001
 8.5196429e-001
 8.4933501e-001
 8.4627503e-001
 8.4280771e-001
 8.3898330e-001
 8.3486742e-001
 8.3053619e-001
 8.2607371e-001
 8.2156175e-001
 8.1708026e-001
 8.1270105e-001
 8.0848730e-001
 8.0448288e-001
 8.0071396e-001
 7.9719305e-001
 7.9391831e-001
 7.9088086e-001
 7.8807050e-001
 7.8547412e-001
 7.8307950e-001
 7.8087848e-001
 7.7886546e-001
 7.7704108e-001
 7.7541196e-001
 7.7399158e-001
 7.7279651e-001
 7.7184582e-001
 7.7116024e-001
 7.7075911e-001
 7.7065921e-001
 7.7087170e-001
 7.7139777e-001
 7.7222556e-001
 7.7332884e-001
 7.7466744e-001
 7.7619213e-001
 7.7784818e-001
 7.7957696e-001
 7.8132123e-001
 7.8302580e-001
 7.8463989e-001
 7.8612298e-001
 7.8744680e-001
 7.8859586e-001
 7.8956801e-001
 7.9037005e-001
 7.9101419e-001
 7.9151469e-001
 7.9188657e-001
 7.9214334e-001
 7.9229456e-001
 7.9234356e-001
 7.9228508e-001
 7.9210442e-001
 7.9177815e-001
 7.9127663e-001
 7.9056638e-001
 7.8961319e-001
 7.8838378e-001
 7.8684962e-001
 7.8499377e-001
 7.8281599e-001
 7.8033966e-001
 7.7761644e-001
 7.7472025e-001
 7.7174330e-001
 7.6878726e-001
 7.6596063e-001
 7.6336944e-001
 7.6111490e-001
 7.5928825e-001
 7.5795949e-001
 7.5717264e-001
 7.5694293e-001
 7.5725847e-001
 7.5808835e-001
 7.5938916e-001
 7.6111233e-001
 7.6320624e-001
 7.6561844e-001
 7.6829278e-001
 7.7117193e-001
 7.7419478e-001
 7.7729392e-001
 7.8040004e-001
 7.8344119e-001
 7.8634167e-001
 7.8902763e-001
 7.9142624e-001
 7.9346979e-001
 7.9509878e-001
 7.9627168e-001
 7.9696858e-001
 7.9719353e-001
 7.9697335e-001
 7.9635048e-001
 7.9537791e-001
 7.9411262e-001
 7.9261243e-001
 7.9093516e-001
 7.8913367e-001
 7.8725493e-001
 7.8533655e-001
 7.8340811e-001
 7.8148878e-001
 7.7959150e-001
 7.7772653e-001
 7.7590084e-001
 7.7412021e-001
 7.7239037e-001
 7.7071351e-001
 7.6908875e-001
 7.6751000e-001
 7.6596701e-001
 7.6444346e-001
 7.6291955e-001
 7.6137441e-001
 7.5978547e-001
 7.5813007e-001
 7.5638825e-001
 7.5454223e-001
 7.5257921e-001
 7.5049525e-001
 7.4829298e-001
 7.4598271e-001
 7.4357957e-001
 7.4110359e-001
 7.3857439e-001
 7.3601192e-001
 7.3343682e-001
 7.3086578e-001
 7.2831130e-001
 7.2578263e-001
 7.2328109e-001
 7.2080332e-001
 7.1834159e-001
 7.1588725e-001
 7.1342903e-001
 7.1095502e-001
 7.0845503e-001
 7.0591718e-001
 7.0332962e-001
 7.0068264e-001
 6.9796491e-001
 6.9516504e-001
 6.9227409e-001
 6.8928117e-001
 6.8617642e-001
 6.8295056e-001
 6.7959929e-001
 6.7612213e-001
 6.7252809e-001
 6.6884220e-001
 6.6510147e-001
 6.6135621e-001
 6.5766913e-001
 6.5410596e-001
 6.5073532e-001
 6.4762408e-001
 6.4483547e-001
 6.4241862e-001
 6.4040256e-001
 6.3879031e-001
 6.3755298e-001
 6.3663453e-001
 6.3595945e-001
 6.3543934e-001
 6.3498098e-001
 6.3449109e-001
 6.3388133e-001
 6.3307500e-001
 6.3201463e-001
 6.3067037e-001
 6.2904084e-001
 6.2715131e-001
 6.2504774e-001
 6.2278676e-001
 6.2042993e-001
 6.1804128e-001
 6.1568010e-001
 6.1339837e-001
 6.1123431e-001
 6.0920972e-001
 6.0732484e-001
 6.0556209e-001
 6.0389185e-001
 6.0227531e-001
 6.0067034e-001
 5.9903556e-001
 5.9733135e-001
 5.9552503e-001
 5.9359461e-001
 5.9153461e-001
 5.8935517e-001
 5.8708131e-001
 5.8475095e-001
 5.8240706e-001
 5.8009583e-001
 5.7786596e-001
 5.7576370e-001
 5.7383317e-001
 5.7211584e-001
 5.7064641e-001
 5.6945395e-001
 5.6856191e-001
 5.6799048e-001
 5.6775641e-001
 5.6787586e-001
 5.6836367e-001
 5.6923395e-001
 5.7049918e-001
 5.7216799e-001
 5.7424593e-001
 5.7673401e-001
 5.7963014e-001
 5.8292699e-001
 5.8661753e-001
 5.9069383e-001
 5.9514409e-001
 5.9995747e-001
 6.0511988e-001
 6.1060762e-001
 6.1639249e-001
 6.2243718e-001
 6.2869245e-001
 6.3510811e-001
 6.4162987e-001
 6.4820403e-001
 6.5477252e-001
 6.6128379e-001
 6.6768909e-001
 6.7393982e-001
 6.7999786e-001
 6.8583155e-001
 6.9141138e-001
 6.9671690e-001
 7.0172960e-001
 7.0643383e-001
 7.1081191e-001
 7.1484989e-001
 7.1853435e-001
 7.2184986e-001
 7.2469127e-001
 7.2659230e-001
 7.2871602e-001
 7.3050308e-001
 7.3198450e-001
 7.3319089e-001
 7.3415297e-001
 7.3490059e-001
 7.3546463e-001
 7.3587555e-001
 7.3616397e-001
 7.3635876e-001
 7.3647547e-001
 7.3652214e-001
 7.3650664e-001
 7.3643714e-001
 7.3632139e-001
 7.3616749e-001
 7.3598337e-001
 7.3577696e-001
 7.3555636e-001
 7.3532939e-001
 7.3510408e-001
 7.3488837e-001
 7.3469031e-001
 7.3451668e-001
 7.3436344e-001
 7.3422092e-001
 7.3407936e-001
 7.3392898e-001
 7.3376006e-001
 7.3356271e-001
 7.3332721e-001
 7.3304391e-001
 7.3270291e-001
 7.3229450e-001
 7.3180878e-001
 7.3123616e-001
 7.3056680e-001
 7.2979099e-001
 7.2889888e-001
 7.2788042e-001
 7.2672641e-001
 7.2542793e-001
 7.2398603e-001
 7.2240645e-001
 7.2069627e-001
 7.1886128e-001
 7.1690786e-001
 7.1484149e-001
 7.1266949e-001
 7.1039772e-001
 7.0803231e-001
 7.0557940e-001
 7.0304471e-001
 7.0043558e-001
 6.9775784e-001
 6.9501752e-001
 6.9222027e-001
 6.8937361e-001
 6.8648314e-001
 6.8355501e-001
 6.8059480e-001
 6.7761016e-001
 6.7460662e-001
 6.7159003e-001
 6.6856253e-001
 6.6552669e-001
 6.6248327e-001
 6.5943342e-001
 6.5637857e-001
 6.5331900e-001
 6.5025765e-001
 6.4719492e-001
 6.4413214e-001
 6.4106983e-001
 6.3801092e-001
 6.3495559e-001
 6.3190538e-001
 6.2886065e-001
 6.2582433e-001
 6.2279683e-001
 6.1977947e-001
 6.1677343e-001
 6.1377937e-001
 6.1079997e-001
 6.0783583e-001
 6.0488802e-001
 6.0195726e-001
 5.9904629e-001
 5.9615564e-001
 5.9328622e-001
 5.9043759e-001
 5.8761024e-001
 5.8480287e-001
 5.8201474e-001
 5.7924533e-001
 5.7649320e-001
 5.7375890e-001
 5.7104129e-001
 5.6833953e-001
 5.6565243e-001
 5.6298053e-001
 5.6032252e-001
 5.5767763e-001
 5.5504471e-001
 5.5242431e-001
 5.4981500e-001
 5.4721624e-001
 5.4462671e-001
 5.4204696e-001
 5.3947568e-001
 5.3691214e-001
 5.3435582e-001
 5.3180528e-001
 5.2926111e-001
 5.2672201e-001
 5.2418733e-001
 5.2165580e-001
 5.1912802e-001
 5.1660252e-001
 5.1407921e-001
 5.1156104e-001
 5.0905448e-001
 5.0656408e-001
