s07_ASD Record=12818: Calcite.7+Kaolin-wxl.3 AMX9  ASDNGa AREF
-1.2300000e+034
 7.3905581e-001
 7.3950791e-001
 7.4053425e-001
 7.4187434e-001
 7.4241257e-001
 7.4369961e-001
 7.4553680e-001
 7.4736130e-001
 7.4865973e-001
 7.5085968e-001
 7.5328833e-001
 7.5455952e-001
 7.5539267e-001
 7.5673980e-001
 7.5869679e-001
 7.6043206e-001
 7.6231396e-001
 7.6421690e-001
 7.6612824e-001
 7.6871890e-001
 7.7066422e-001
 7.7177626e-001
 7.7257788e-001
 7.7384007e-001
 7.7544075e-001
 7.7719498e-001
 7.7896214e-001
 7.8069615e-001
 7.8231668e-001
 7.8377056e-001
 7.8506279e-001
 7.8627461e-001
 7.8757709e-001
 7.8914970e-001
 7.9094368e-001
 7.9262620e-001
 7.9404712e-001
 7.9531914e-001
 7.9639477e-001
 7.9762030e-001
 7.9918265e-001
 8.0050325e-001
 8.0175722e-001
 8.0308461e-001
 8.0456311e-001
 8.0597138e-001
 8.0728930e-001
 8.0850720e-001
 8.0958605e-001
 8.1077182e-001
 8.1208760e-001
 8.1344467e-001
 8.1461346e-001
 8.1582940e-001
 8.1703079e-001
 8.1801140e-001
 8.1922871e-001
 8.2039195e-001
 8.2141399e-001
 8.2271820e-001
 8.2382804e-001
 8.2486564e-001
 8.2604402e-001
 8.2719785e-001
 8.2820588e-001
 8.2917470e-001
 8.3034885e-001
 8.3143616e-001
 8.3249623e-001
 8.3359283e-001
 8.3467531e-001
 8.3571494e-001
 8.3676511e-001
 8.3787537e-001
 8.3889359e-001
 8.3990598e-001
 8.4093904e-001
 8.4194678e-001
 8.4297210e-001
 8.4398383e-001
 8.4496874e-001
 8.4600049e-001
 8.4700584e-001
 8.4797376e-001
 8.4892833e-001
 8.4991175e-001
 8.5084742e-001
 8.5173792e-001
 8.5269976e-001
 8.5359335e-001
 8.5443860e-001
 8.5528499e-001
 8.5615253e-001
 8.5697627e-001
 8.5777360e-001
 8.5861003e-001
 8.5939193e-001
 8.6016208e-001
 8.6093628e-001
 8.6165100e-001
 8.6236769e-001
 8.6307657e-001
 8.6374998e-001
 8.6440074e-001
 8.6506397e-001
 8.6571950e-001
 8.6630183e-001
 8.6686909e-001
 8.6745548e-001
 8.6806053e-001
 8.6860812e-001
 8.6915147e-001
 8.6969626e-001
 8.7023395e-001
 8.7078255e-001
 8.7132549e-001
 8.7184632e-001
 8.7233883e-001
 8.7280715e-001
 8.7328202e-001
 8.7377793e-001
 8.7424576e-001
 8.7468845e-001
 8.7513030e-001
 8.7560117e-001
 8.7603796e-001
 8.7644738e-001
 8.7685084e-001
 8.7728608e-001
 8.7766570e-001
 8.7803692e-001
 8.7845975e-001
 8.7883449e-001
 8.7920707e-001
 8.7959814e-001
 8.7998950e-001
 8.8032252e-001
 8.8066202e-001
 8.8105994e-001
 8.8146734e-001
 8.8182276e-001
 8.8215548e-001
 8.8252604e-001
 8.8286787e-001
 8.8320786e-001
 8.8355416e-001
 8.8387650e-001
 8.8418841e-001
 8.8451117e-001
 8.8485807e-001
 8.8522297e-001
 8.8558418e-001
 8.8593662e-001
 8.8628161e-001
 8.8660526e-001
 8.8693655e-001
 8.8729227e-001
 8.8764936e-001
 8.8798869e-001
 8.8831371e-001
 8.8863939e-001
 8.8896060e-001
 8.8929647e-001
 8.8964111e-001
 8.8995457e-001
 8.9024723e-001
 8.9054441e-001
 8.9086109e-001
 8.9117455e-001
 8.9149195e-001
 8.9179307e-001
 8.9205515e-001
 8.9236557e-001
 8.9268541e-001
 8.9298683e-001
 8.9328301e-001
 8.9356387e-001
 8.9385039e-001
 8.9416015e-001
 8.9444321e-001
 8.9475501e-001
 8.9510077e-001
 8.9543766e-001
 8.9572734e-001
 8.9599794e-001
 8.9628088e-001
 8.9658493e-001
 8.9687806e-001
 8.9716333e-001
 8.9745843e-001
 8.9774847e-001
 8.9803922e-001
 8.9833248e-001
 8.9862370e-001
 8.9890045e-001
 8.9916825e-001
 8.9943498e-001
 8.9969206e-001
 8.9996725e-001
 9.0025645e-001
 9.0053248e-001
 9.0078425e-001
 9.0102673e-001
 9.0127325e-001
 9.0152264e-001
 9.0180767e-001
 9.0210730e-001
 9.0238249e-001
 9.0263569e-001
 9.0289783e-001
 9.0317112e-001
 9.0342468e-001
 9.0367174e-001
 9.0391761e-001
 9.0416378e-001
 9.0440273e-001
 9.0464127e-001
 9.0487748e-001
 9.0510172e-001
 9.0530616e-001
 9.0549439e-001
 9.0568185e-001
 9.0590245e-001
 9.0609074e-001
 9.0626138e-001
 9.0644461e-001
 9.0660644e-001
 9.0677971e-001
 9.0698314e-001
 9.0721822e-001
 9.0746039e-001
 9.0771037e-001
 9.0796179e-001
 9.0818131e-001
 9.0839541e-001
 9.0862554e-001
 9.0888494e-001
 9.0915924e-001
 9.0940732e-001
 9.0960920e-001
 9.0977484e-001
 9.0995109e-001
 9.1013849e-001
 9.1032302e-001
 9.1049105e-001
 9.1065913e-001
 9.1084391e-001
 9.1105777e-001
 9.1128802e-001
 9.1150844e-001
 9.1170675e-001
 9.1190219e-001
 9.1208822e-001
 9.1226304e-001
 9.1242856e-001
 9.1259181e-001
 9.1278780e-001
 9.1300708e-001
 9.1319460e-001
 9.1336352e-001
 9.1352338e-001
 9.1368800e-001
 9.1388398e-001
 9.1407907e-001
 9.1424984e-001
 9.1438681e-001
 9.1452706e-001
 9.1468859e-001
 9.1487217e-001
 9.1505909e-001
 9.1523200e-001
 9.1539454e-001
 9.1555554e-001
 9.1571808e-001
 9.1588491e-001
 9.1605163e-001
 9.1620779e-001
 9.1634679e-001
 9.1650373e-001
 9.1668570e-001
 9.1683954e-001
 9.1695678e-001
 9.1707689e-001
 9.1724491e-001
 9.1741329e-001
 9.1758883e-001
 9.1776764e-001
 9.1794461e-001
 9.1813296e-001
 9.1830999e-001
 9.1844851e-001
 9.1853654e-001
 9.1863143e-001
 9.1875994e-001
 9.1893011e-001
 9.1910893e-001
 9.1929245e-001
 9.1947567e-001
 9.1966075e-001
 9.1980445e-001
 9.1993254e-001
 9.2007864e-001
 9.2022771e-001
 9.2036110e-001
 9.2048961e-001
 9.2063248e-001
 9.2074960e-001
 9.2086416e-001
 9.2100954e-001
 9.2121804e-001
 9.2142004e-001
 9.2157954e-001
 9.2168683e-001
 9.2177331e-001
 9.2187220e-001
 9.2197502e-001
 9.2205071e-001
 9.2217940e-001
 9.2236477e-001
 9.2256987e-001
 9.2270213e-001
 9.2282945e-001
 9.2297924e-001
 9.2314917e-001
 9.2326814e-001
 9.2336607e-001
 9.2345619e-001
 9.2353666e-001
 9.2364585e-001
 9.2377585e-001
 9.2390996e-001
 9.2403251e-001
 9.2416310e-001
 9.2428613e-001
 9.2438602e-001
 9.2450315e-001
 9.2464119e-001
 9.2479277e-001
 9.2494100e-001
 9.2506385e-001
 9.2518550e-001
 9.2532766e-001
 9.2549974e-001
 9.2562461e-001
 9.2571396e-001
 9.2581260e-001
 9.2591614e-001
 9.2603701e-001
 9.2618233e-001
 9.2634773e-001
 9.2646462e-001
 9.2655414e-001
 9.2664707e-001
 9.2674929e-001
 9.2683285e-001
 9.2691731e-001
 9.2703491e-001
 9.2716342e-001
 9.2731023e-001
 9.2746788e-001
 9.2761379e-001
 9.2770898e-001
 9.2780423e-001
 9.2792690e-001
 9.2799848e-001
 9.2808861e-001
 9.2820585e-001
 9.2832959e-001
 9.2843258e-001
 9.2851591e-001
 9.2859781e-001
 9.2870474e-001
 9.2878187e-001
 9.2884672e-001
 9.2892605e-001
 9.2903638e-001
 9.2912990e-001
 9.2920220e-001
 9.2926925e-001
 9.2935723e-001
 9.2944545e-001
 9.2951083e-001
 9.2953789e-001
 9.2958683e-001
 9.2965305e-001
 9.2972398e-001
 9.2979574e-001
 9.2988336e-001
 9.2997098e-001
 9.3003356e-001
 9.3006527e-001
 9.3007272e-001
 9.3008035e-001
 9.3012583e-001
 9.3023825e-001
 9.3038595e-001
 9.3053573e-001
 9.3066925e-001
 9.3077004e-001
 9.3085223e-001
 9.3093288e-001
 9.3099976e-001
 9.3106019e-001
 9.3112040e-001
 9.3118888e-001
 9.3126088e-001
 9.3132883e-001
 9.3139392e-001
 9.3146694e-001
 9.3155694e-001
 9.3162596e-001
 9.3165338e-001
 9.3168795e-001
 9.3175155e-001
 9.3184060e-001
 9.3193322e-001
 9.3199903e-001
 9.3205476e-001
 9.3210483e-001
 9.3214095e-001
 9.3217784e-001
 9.3219775e-001
 9.3218952e-001
 9.3216258e-001
 9.3216282e-001
 9.3220395e-001
 9.3227243e-001
 9.3230838e-001
 9.3235266e-001
 9.3241096e-001
 9.3246442e-001
 9.3251902e-001
 9.3255943e-001
 9.3257833e-001
 9.3258226e-001
 9.3259186e-001
 9.3262041e-001
 9.3266600e-001
 9.3269902e-001
 9.3271410e-001
 9.3271095e-001
 9.3269736e-001
 9.3270242e-001
 9.3269914e-001
 9.3268275e-001
 9.3267357e-001
 9.3270409e-001
 9.3274534e-001
 9.3277425e-001
 9.3279201e-001
 9.3282425e-001
 9.3285280e-001
 9.3286443e-001
 9.3288547e-001
 9.3292528e-001
 9.3297791e-001
 9.3303204e-001
 9.3308634e-001
 9.3315035e-001
 9.3321985e-001
 9.3327928e-001
 9.3332970e-001
 9.3335807e-001
 9.3335962e-001
 9.3334174e-001
 9.3331540e-001
 9.3329746e-001
 9.3329883e-001
 9.3331933e-001
 9.3334597e-001
 9.3338668e-001
 9.3344378e-001
 9.3345898e-001
 9.3348396e-001
 9.3353456e-001
 9.3359774e-001
 9.3367010e-001
 9.3373621e-001
 9.3378347e-001
 9.3380576e-001
 9.3378484e-001
 9.3378311e-001
 9.3383300e-001
 9.3388194e-001
 9.3390208e-001
 9.3391204e-001
 9.3393004e-001
 9.3391681e-001
 9.3390268e-001
 9.3390363e-001
 9.3392706e-001
 9.3397892e-001
 9.3405014e-001
 9.3411654e-001
 9.3414909e-001
 9.3417621e-001
 9.3421763e-001
 9.3426204e-001
 9.3426335e-001
 9.3427891e-001
 9.3431473e-001
 9.3435013e-001
 9.3433446e-001
 9.3432456e-001
 9.3432784e-001
 9.3433785e-001
 9.3435854e-001
 9.3437165e-001
 9.3440813e-001
 9.3449610e-001
 9.3457401e-001
 9.3463385e-001
 9.3466800e-001
 9.3467140e-001
 9.3466032e-001
 9.3466157e-001
 9.3468547e-001
 9.3472141e-001
 9.3474609e-001
 9.3476355e-001
 9.3478107e-001
 9.3480295e-001
 9.3483067e-001
 9.3486214e-001
 9.3489301e-001
 9.3491822e-001
 9.3494272e-001
 9.3497163e-001
 9.3500465e-001
 9.3502152e-001
 9.3505430e-001
 9.3507612e-001
 9.3505508e-001
 9.3506628e-001
 9.3509853e-001
 9.3512934e-001
 9.3513405e-001
 9.3512166e-001
 9.3510628e-001
 9.3510461e-001
 9.3513095e-001
 9.3517041e-001
 9.3519640e-001
 9.3520677e-001
 9.3522954e-001
 9.3525267e-001
 9.3527806e-001
 9.3530583e-001
 9.3533081e-001
 9.3534535e-001
 9.3534994e-001
 9.3534422e-001
 9.3531257e-001
 9.3527317e-001
 9.3523002e-001
 9.3518722e-001
 9.3515921e-001
 9.3512380e-001
 9.3509632e-001
 9.3509102e-001
 9.3507338e-001
 9.3506825e-001
 9.3506551e-001
 9.3505192e-001
 9.3506777e-001
 9.3509209e-001
 9.3512470e-001
 9.3516773e-001
 9.3515646e-001
 9.3516141e-001
 9.3518597e-001
 9.3519515e-001
 9.3526667e-001
 9.3527603e-001
 9.3521762e-001
 9.3518782e-001
 9.3513626e-001
 9.3510967e-001
 9.3510818e-001
 9.3508667e-001
 9.3508703e-001
 9.3507874e-001
 9.3504572e-001
 9.3499756e-001
 9.3491983e-001
 9.3483156e-001
 9.3475300e-001
 9.3469429e-001
 9.3460155e-001
 9.3449515e-001
 9.3440002e-001
 9.3432635e-001
 9.3425041e-001
 9.3414712e-001
 9.3401086e-001
 9.3386376e-001
 9.3367255e-001
 9.3349969e-001
 9.3336791e-001
 9.3320638e-001
 9.3305320e-001
 9.3295193e-001
 9.3290144e-001
 9.3281692e-001
 9.3282485e-001
 9.3289614e-001
 9.3295467e-001
 9.3291771e-001
 9.3286723e-001
 9.3275541e-001
 9.3258160e-001
 9.3247783e-001
 9.3233961e-001
 9.3217713e-001
 9.3205595e-001
 9.3208379e-001
 9.3216985e-001
 9.3232858e-001
 9.3259400e-001
 9.3298870e-001
 9.3351638e-001
 9.3409258e-001
 9.3463236e-001
 9.3509853e-001
 9.3547368e-001
 9.3576282e-001
 9.3598098e-001
 9.3613911e-001
 9.3629742e-001
 9.3641937e-001
 9.3648958e-001
 9.3655658e-001
 9.3664813e-001
 9.3670970e-001
 9.3674129e-001
 9.3682659e-001
 9.3685406e-001
 9.3691480e-001
 9.3701738e-001
 9.3703699e-001
 9.3708539e-001
 9.3711907e-001
 9.3712574e-001
 9.3714851e-001
 9.3720049e-001
 9.3723363e-001
 9.3725204e-001
 9.3730587e-001
 9.3736184e-001
 9.3742228e-001
 9.3745863e-001
 9.3749571e-001
 9.3752933e-001
 9.3755901e-001
 9.3758470e-001
 9.3760693e-001
 9.3762642e-001
 9.3764436e-001
 9.3766177e-001
 9.3767977e-001
 9.3769890e-001
 9.3771946e-001
 9.3774128e-001
 9.3776363e-001
 9.3778557e-001
 9.3780619e-001
 9.3782455e-001
 9.3784010e-001
 9.3785274e-001
 9.3786258e-001
 9.3787020e-001
 9.3787622e-001
 9.3788135e-001
 9.3788600e-001
 9.3789047e-001
 9.3789464e-001
 9.3789852e-001
 9.3790174e-001
 9.3790436e-001
 9.3790621e-001
 9.3790758e-001
 9.3790853e-001
 9.3790925e-001
 9.3790984e-001
 9.3791008e-001
 9.3790984e-001
 9.3790883e-001
 9.3790686e-001
 9.3790406e-001
 9.3790072e-001
 9.3789721e-001
 9.3789417e-001
 9.3789208e-001
 9.3789142e-001
 9.3789244e-001
 9.3789506e-001
 9.3789929e-001
 9.3790501e-001
 9.3791217e-001
 9.3792075e-001
 9.3793082e-001
 9.3794245e-001
 9.3795586e-001
 9.3797106e-001
 9.3798792e-001
 9.3800652e-001
 9.3802661e-001
 9.3804801e-001
 9.3807048e-001
 9.3809372e-001
 9.3811744e-001
 9.3814123e-001
 9.3816453e-001
 9.3818700e-001
 9.3820822e-001
 9.3822795e-001
 9.3824613e-001
 9.3826288e-001
 9.3827850e-001
 9.3829322e-001
 9.3830729e-001
 9.3832082e-001
 9.3833375e-001
 9.3834615e-001
 9.3835771e-001
 9.3836850e-001
 9.3837857e-001
 9.3838817e-001
 9.3839771e-001
 9.3840766e-001
 9.3841851e-001
 9.3843049e-001
 9.3844378e-001
 9.3845820e-001
 9.3847340e-001
 9.3848902e-001
 9.3850446e-001
 9.3851930e-001
 9.3853325e-001
 9.3854612e-001
 9.3855780e-001
 9.3856847e-001
 9.3857843e-001
 9.3858796e-001
 9.3859756e-001
 9.3860769e-001
 9.3861866e-001
 9.3863094e-001
 9.3864459e-001
 9.3865967e-001
 9.3867594e-001
 9.3869305e-001
 9.3871057e-001
 9.3872803e-001
 9.3874514e-001
 9.3876171e-001
 9.3877774e-001
 9.3879348e-001
 9.3880934e-001
 9.3882561e-001
 9.3884289e-001
 9.3886143e-001
 9.3888152e-001
 9.3890309e-001
 9.3892616e-001
 9.3895018e-001
 9.3897468e-001
 9.3899882e-001
 9.3902177e-001
 9.3904281e-001
 9.3906122e-001
 9.3907672e-001
 9.3908912e-001
 9.3909872e-001
 9.3910599e-001
 9.3911165e-001
 9.3911636e-001
 9.3912071e-001
 9.3912512e-001
 9.3912965e-001
 9.3913442e-001
 9.3913925e-001
 9.3914402e-001
 9.3914866e-001
 9.3915313e-001
 9.3915749e-001
 9.3916178e-001
 9.3916595e-001
 9.3916988e-001
 9.3917334e-001
 9.3917602e-001
 9.3917751e-001
 9.3917739e-001
 9.3917519e-001
 9.3917054e-001
 9.3916339e-001
 9.3915373e-001
 9.3914193e-001
 9.3912840e-001
 9.3911403e-001
 9.3909955e-001
 9.3908578e-001
 9.3907332e-001
 9.3906242e-001
 9.3905300e-001
 9.3904442e-001
 9.3903589e-001
 9.3902624e-001
 9.3901420e-001
 9.3899882e-001
 9.3897933e-001
 9.3895537e-001
 9.3892705e-001
 9.3889499e-001
 9.3886006e-001
 9.3882334e-001
 9.3878597e-001
 9.3874919e-001
 9.3871391e-001
 9.3868089e-001
 9.3865073e-001
 9.3862379e-001
 9.3860018e-001
 9.3857986e-001
 9.3856269e-001
 9.3854833e-001
 9.3853647e-001
 9.3852669e-001
 9.3851858e-001
 9.3851191e-001
 9.3850613e-001
 9.3850082e-001
 9.3849540e-001
 9.3848926e-001
 9.3848163e-001
 9.3847162e-001
 9.3845832e-001
 9.3844092e-001
 9.3841863e-001
 9.3839097e-001
 9.3835753e-001
 9.3831843e-001
 9.3827409e-001
 9.3822527e-001
 9.3817317e-001
 9.3811923e-001
 9.3806493e-001
 9.3801188e-001
 9.3796122e-001
 9.3791378e-001
 9.3786985e-001
 9.3782932e-001
 9.3779135e-001
 9.3775511e-001
 9.3771935e-001
 9.3768305e-001
 9.3764508e-001
 9.3760455e-001
 9.3756086e-001
 9.3751341e-001
 9.3746185e-001
 9.3740577e-001
 9.3734491e-001
 9.3727899e-001
 9.3720764e-001
 9.3713039e-001
 9.3704659e-001
 9.3695539e-001
 9.3685555e-001
 9.3674582e-001
 9.3662459e-001
 9.3649060e-001
 9.3634272e-001
 9.3618065e-001
 9.3600482e-001
 9.3581688e-001
 9.3561912e-001
 9.3541485e-001
 9.3520766e-001
 9.3500137e-001
 9.3479991e-001
 9.3460679e-001
 9.3442553e-001
 9.3425947e-001
 9.3411189e-001
 9.3398619e-001
 9.3388534e-001
 9.3381220e-001
 9.3376863e-001
 9.3375564e-001
 9.3377250e-001
 9.3381721e-001
 9.3388629e-001
 9.3397498e-001
 9.3407816e-001
 9.3419051e-001
 9.3430710e-001
 9.3442404e-001
 9.3453830e-001
 9.3464810e-001
 9.3475270e-001
 9.3485206e-001
 9.3494678e-001
 9.3503761e-001
 9.3512529e-001
 9.3521011e-001
 9.3529195e-001
 9.3536997e-001
 9.3544269e-001
 9.3550825e-001
 9.3556446e-001
 9.3560922e-001
 9.3564075e-001
 9.3565774e-001
 9.3565941e-001
 9.3564570e-001
 9.3561697e-001
 9.3557388e-001
 9.3551719e-001
 9.3544739e-001
 9.3536478e-001
 9.3526900e-001
 9.3515909e-001
 9.3503368e-001
 9.3489081e-001
 9.3472826e-001
 9.3454379e-001
 9.3433517e-001
 9.3410063e-001
 9.3383908e-001
 9.3355030e-001
 9.3323511e-001
 9.3289560e-001
 9.3253523e-001
 9.3215853e-001
 9.3177104e-001
 9.3137902e-001
 9.3098855e-001
 9.3060553e-001
 9.3023467e-001
 9.2987889e-001
 9.2953956e-001
 9.2921633e-001
 9.2890704e-001
 9.2860866e-001
 9.2831767e-001
 9.2803073e-001
 9.2774510e-001
 9.2745918e-001
 9.2717254e-001
 9.2688608e-001
 9.2660218e-001
 9.2632413e-001
 9.2605579e-001
 9.2580128e-001
 9.2556417e-001
 9.2534709e-001
 9.2515111e-001
 9.2497534e-001
 9.2481691e-001
 9.2467147e-001
 9.2453343e-001
 9.2439699e-001
 9.2425644e-001
 9.2410725e-001
 9.2394632e-001
 9.2377192e-001
 9.2358404e-001
 9.2338407e-001
 9.2317426e-001
 9.2295754e-001
 9.2273706e-001
 9.2251617e-001
 9.2229784e-001
 9.2208481e-001
 9.2187959e-001
 9.2168397e-001
 9.2149955e-001
 9.2132735e-001
 9.2116797e-001
 9.2102146e-001
 9.2088747e-001
 9.2076498e-001
 9.2065239e-001
 9.2054725e-001
 9.2044616e-001
 9.2034447e-001
 9.2023617e-001
 9.2011398e-001
 9.1996884e-001
 9.1979074e-001
 9.1956860e-001
 9.1929132e-001
 9.1894871e-001
 9.1853261e-001
 9.1803837e-001
 9.1746569e-001
 9.1681999e-001
 9.1611242e-001
 9.1535944e-001
 9.1458207e-001
 9.1380382e-001
 9.1304898e-001
 9.1234058e-001
 9.1169792e-001
 9.1113579e-001
 9.1066295e-001
 9.1028231e-001
 9.0999079e-001
 9.0977973e-001
 9.0963632e-001
 9.0954399e-001
 9.0948391e-001
 9.0943575e-001
 9.0937901e-001
 9.0929377e-001
 9.0916139e-001
 9.0896487e-001
 9.0868956e-001
 9.0832287e-001
 9.0785474e-001
 9.0727770e-001
 9.0658689e-001
 9.0578008e-001
 9.0485752e-001
 9.0382171e-001
 9.0267706e-001
 9.0142816e-001
 9.0008020e-001
 8.9863694e-001
 8.9710140e-001
 8.9547563e-001
 8.9376134e-001
 8.9196277e-001
 8.9008737e-001
 8.8814956e-001
 8.8617200e-001
 8.8418585e-001
 8.8223165e-001
 8.8035655e-001
 8.7861037e-001
 8.7704253e-001
 8.7569529e-001
 8.7460035e-001
 8.7377477e-001
 8.7321901e-001
 8.7291753e-001
 8.7284046e-001
 8.7294710e-001
 8.7318939e-001
 8.7351537e-001
 8.7387180e-001
 8.7420601e-001
 8.7446755e-001
 8.7461132e-001
 8.7460178e-001
 8.7442034e-001
 8.7407303e-001
 8.7359911e-001
 8.7307608e-001
 8.7261826e-001
 8.7236887e-001
 8.7248296e-001
 8.7310517e-001
 8.7434572e-001
 8.7626046e-001
 8.7883818e-001
 8.8200003e-001
 8.8561219e-001
 8.8950306e-001
 8.9349085e-001
 8.9740467e-001
 9.0110427e-001
 9.0449244e-001
 9.0751415e-001
 9.1015577e-001
 9.1243285e-001
 9.1438121e-001
 9.1604674e-001
 9.1747606e-001
 9.1871250e-001
 9.1979194e-001
 9.2074287e-001
 9.2158681e-001
 9.2233914e-001
 9.2301112e-001
 9.2361104e-001
 9.2414534e-001
 9.2461985e-001
 9.2503983e-001
 9.2541063e-001
 9.2573786e-001
 9.2602730e-001
 9.2628485e-001
 9.2651641e-001
 9.2672783e-001
 9.2692441e-001
 9.2711097e-001
 9.2729133e-001
 9.2746854e-001
 9.2764437e-001
 9.2781997e-001
 9.2799544e-001
 9.2817068e-001
 9.2834508e-001
 9.2851812e-001
 9.2868924e-001
 9.2885798e-001
 9.2902392e-001
 9.2918664e-001
 9.2934561e-001
 9.2950010e-001
 9.2964929e-001
 9.2979228e-001
 9.2992836e-001
 9.3005681e-001
 9.3017715e-001
 9.3028927e-001
 9.3039346e-001
 9.3049020e-001
 9.3058056e-001
 9.3066579e-001
 9.3074739e-001
 9.3082690e-001
 9.3090588e-001
 9.3098557e-001
 9.3106693e-001
 9.3115056e-001
 9.3123651e-001
 9.3132436e-001
 9.3141335e-001
 9.3150240e-001
 9.3159020e-001
 9.3167520e-001
 9.3175596e-001
 9.3183106e-001
 9.3189937e-001
 9.3196034e-001
 9.3201393e-001
 9.3206120e-001
 9.3210399e-001
 9.3214506e-001
 9.3218803e-001
 9.3223673e-001
 9.3229502e-001
 9.3236607e-001
 9.3245214e-001
 9.3255436e-001
 9.3267232e-001
 9.3280447e-001
 9.3294823e-001
 9.3310040e-001
 9.3325746e-001
 9.3341607e-001
 9.3357313e-001
 9.3372607e-001
 9.3387300e-001
 9.3401247e-001
 9.3414354e-001
 9.3426579e-001
 9.3437916e-001
 9.3448389e-001
 9.3458062e-001
 9.3467009e-001
 9.3475324e-001
 9.3483102e-001
 9.3490440e-001
 9.3497396e-001
 9.3504018e-001
 9.3510282e-001
 9.3516147e-001
 9.3521523e-001
 9.3526286e-001
 9.3530321e-001
 9.3533522e-001
 9.3535817e-001
 9.3537188e-001
 9.3537676e-001
 9.3537366e-001
 9.3536395e-001
 9.3534923e-001
 9.3533123e-001
 9.3531168e-001
 9.3529207e-001
 9.3527377e-001
 9.3525791e-001
 9.3524534e-001
 9.3523669e-001
 9.3523240e-001
 9.3523258e-001
 9.3523693e-001
 9.3524498e-001
 9.3525565e-001
 9.3526757e-001
 9.3527877e-001
 9.3528718e-001
 9.3529052e-001
 9.3528676e-001
 9.3527389e-001
 9.3525064e-001
 9.3521631e-001
 9.3517071e-001
 9.3511456e-001
 9.3504924e-001
 9.3497670e-001
 9.3489933e-001
 9.3482006e-001
 9.3474203e-001
 9.3466854e-001
 9.3460310e-001
 9.3454885e-001
 9.3450904e-001
 9.3448603e-001
 9.3448180e-001
 9.3449730e-001
 9.3453258e-001
 9.3458658e-001
 9.3465751e-001
 9.3474275e-001
 9.3483931e-001
 9.3494403e-001
 9.3505406e-001
 9.3516695e-001
 9.3528092e-001
 9.3539459e-001
 9.3550736e-001
 9.3561894e-001
 9.3572938e-001
 9.3583870e-001
 9.3594700e-001
 9.3605411e-001
 9.3615985e-001
 9.3626362e-001
 9.3636471e-001
 9.3646234e-001
 9.3655556e-001
 9.3664342e-001
 9.3672526e-001
 9.3680042e-001
 9.3686879e-001
 9.3693018e-001
 9.3698484e-001
 9.3703306e-001
 9.3707508e-001
 9.3711126e-001
 9.3714166e-001
 9.3716627e-001
 9.3718505e-001
 9.3719786e-001
 9.3720472e-001
 9.3720567e-001
 9.3720084e-001
 9.3719047e-001
 9.3717504e-001
 9.3715507e-001
 9.3713111e-001
 9.3710399e-001
 9.3707442e-001
 9.3704331e-001
 9.3701154e-001
 9.3697989e-001
 9.3694901e-001
 9.3691933e-001
 9.3689096e-001
 9.3686366e-001
 9.3683666e-001
 9.3680906e-001
 9.3677974e-001
 9.3674749e-001
 9.3671155e-001
 9.3667156e-001
 9.3662757e-001
 9.3658036e-001
 9.3653107e-001
 9.3648106e-001
 9.3643171e-001
 9.3638420e-001
 9.3633914e-001
 9.3629682e-001
 9.3625689e-001
 9.3621850e-001
 9.3618053e-001
 9.3614155e-001
 9.3610013e-001
 9.3605453e-001
 9.3600333e-001
 9.3594509e-001
 9.3587863e-001
 9.3580329e-001
 9.3571889e-001
 9.3562597e-001
 9.3552601e-001
 9.3542117e-001
 9.3531442e-001
 9.3520957e-001
 9.3511063e-001
 9.3502164e-001
 9.3494636e-001
 9.3488777e-001
 9.3484771e-001
 9.3482667e-001
 9.3482363e-001
 9.3483627e-001
 9.3486118e-001
 9.3489426e-001
 9.3493134e-001
 9.3496853e-001
 9.3500268e-001
 9.3503177e-001
 9.3505490e-001
 9.3507200e-001
 9.3508393e-001
 9.3509209e-001
 9.3509775e-001
 9.3510216e-001
 9.3510604e-001
 9.3510956e-001
 9.3511242e-001
 9.3511397e-001
 9.3511331e-001
 9.3510962e-001
 9.3510246e-001
 9.3509150e-001
 9.3507695e-001
 9.3505901e-001
 9.3503797e-001
 9.3501401e-001
 9.3498677e-001
 9.3495572e-001
 9.3491971e-001
 9.3487763e-001
 9.3482810e-001
 9.3477005e-001
 9.3470263e-001
 9.3462563e-001
 9.3453914e-001
 9.3444377e-001
 9.3434042e-001
 9.3423003e-001
 9.3411350e-001
 9.3399149e-001
 9.3386424e-001
 9.3373173e-001
 9.3359363e-001
 9.3344951e-001
 9.3329906e-001
 9.3314213e-001
 9.3297899e-001
 9.3281007e-001
 9.3263644e-001
 9.3245912e-001
 9.3227905e-001
 9.3209714e-001
 9.3191415e-001
 9.3173045e-001
 9.3154651e-001
 9.3136263e-001
 9.3117929e-001
 9.3099707e-001
 9.3081665e-001
 9.3063861e-001
 9.3046319e-001
 9.3029052e-001
 9.3012011e-001
 9.2995113e-001
 9.2978245e-001
 9.2961282e-001
 9.2944121e-001
 9.2926681e-001
 9.2908931e-001
 9.2890888e-001
 9.2872590e-001
 9.2854106e-001
 9.2835522e-001
 9.2816895e-001
 9.2798281e-001
 9.2779696e-001
 9.2761159e-001
 9.2742699e-001
 9.2724323e-001
 9.2706084e-001
 9.2688036e-001
 9.2670262e-001
 9.2652833e-001
 9.2635822e-001
 9.2619282e-001
 9.2603219e-001
 9.2587620e-001
 9.2572439e-001
 9.2557597e-001
 9.2543006e-001
 9.2528576e-001
 9.2514229e-001
 9.2499894e-001
 9.2485511e-001
 9.2471039e-001
 9.2456466e-001
 9.2441785e-001
 9.2427045e-001
 9.2412329e-001
 9.2397809e-001
 9.2383707e-001
 9.2370337e-001
 9.2358083e-001
 9.2347342e-001
 9.2338550e-001
 9.2332107e-001
 9.2328340e-001
 9.2327511e-001
 9.2329746e-001
 9.2335081e-001
 9.2343420e-001
 9.2354542e-001
 9.2368126e-001
 9.2383724e-001
 9.2400795e-001
 9.2418706e-001
 9.2436773e-001
 9.2454273e-001
 9.2470521e-001
 9.2484903e-001
 9.2496902e-001
 9.2506129e-001
 9.2512316e-001
 9.2515308e-001
 9.2515051e-001
 9.2511541e-001
 9.2504847e-001
 9.2495078e-001
 9.2482418e-001
 9.2467105e-001
 9.2449474e-001
 9.2429912e-001
 9.2408878e-001
 9.2386842e-001
 9.2364269e-001
 9.2341578e-001
 9.2319107e-001
 9.2297089e-001
 9.2275667e-001
 9.2254889e-001
 9.2234719e-001
 9.2215097e-001
 9.2195916e-001
 9.2177087e-001
 9.2158526e-001
 9.2140144e-001
 9.2121887e-001
 9.2103642e-001
 9.2085296e-001
 9.2066914e-001
 9.2047894e-001
 9.2028058e-001
 9.2007065e-001
 9.1984612e-001
 9.1960430e-001
 9.1934395e-001
 9.1906524e-001
 9.1876960e-001
 9.1845983e-001
 9.1813952e-001
 9.1781259e-001
 9.1748309e-001
 9.1715443e-001
 9.1682988e-001
 9.1651177e-001
 9.1620201e-001
 9.1590184e-001
 9.1561210e-001
 9.1533303e-001
 9.1506428e-001
 9.1480482e-001
 9.1455299e-001
 9.1430604e-001
 9.1406053e-001
 9.1381216e-001
 9.1355574e-001
 9.1328561e-001
 9.1299599e-001
 9.1268116e-001
 9.1233617e-001
 9.1195732e-001
 9.1154271e-001
 9.1109312e-001
 9.1061240e-001
 9.1010809e-001
 9.0959108e-001
 9.0907556e-001
 9.0857780e-001
 9.0811437e-001
 9.0770119e-001
 9.0735078e-001
 9.0707141e-001
 9.0686589e-001
 9.0673125e-001
 9.0665931e-001
 9.0663767e-001
 9.0665120e-001
 9.0668333e-001
 9.0671748e-001
 9.0673822e-001
 9.0673125e-001
 9.0668410e-001
 9.0658593e-001
 9.0642720e-001
 9.0619969e-001
 9.0589643e-001
 9.0551150e-001
 9.0504026e-001
 9.0447950e-001
 9.0382743e-001
 9.0308374e-001
 9.0225023e-001
 9.0133089e-001
 9.0033215e-001
 8.9926404e-001
 8.9814049e-001
 8.9697963e-001
 8.9580506e-001
 8.9464462e-001
 8.9353079e-001
 8.9249909e-001
 8.9158601e-001
 8.9082712e-001
 8.9025414e-001
 8.8989258e-001
 8.8975924e-001
 8.8986063e-001
 8.9019209e-001
 8.9073831e-001
 8.9147419e-001
 8.9236665e-001
 8.9337802e-001
 8.9446771e-001
 8.9559585e-001
 8.9672488e-001
 8.9782161e-001
 8.9885890e-001
 8.9981550e-001
 9.0067631e-001
 9.0143263e-001
 9.0208042e-001
 9.0262038e-001
 9.0305614e-001
 9.0339345e-001
 9.0363955e-001
 9.0380180e-001
 9.0388781e-001
 9.0390491e-001
 9.0386027e-001
 9.0376097e-001
 9.0361434e-001
 9.0342772e-001
 9.0320867e-001
 9.0296495e-001
 9.0270424e-001
 9.0243399e-001
 9.0216142e-001
 9.0189314e-001
 9.0163517e-001
 9.0139252e-001
 9.0116906e-001
 9.0096730e-001
 9.0078825e-001
 9.0063137e-001
 9.0049475e-001
 9.0037549e-001
 9.0026975e-001
 9.0017349e-001
 9.0008247e-001
 8.9999288e-001
 8.9990115e-001
 8.9980441e-001
 8.9970028e-001
 8.9958704e-001
 8.9946342e-001
 8.9932859e-001
 8.9918214e-001
 8.9902383e-001
 8.9885372e-001
 8.9867187e-001
 8.9847875e-001
 8.9827508e-001
 8.9806187e-001
 8.9784038e-001
 8.9761204e-001
 8.9737839e-001
 8.9714086e-001
 8.9690042e-001
 8.9665776e-001
 8.9641303e-001
 8.9616561e-001
 8.9591444e-001
 8.9565778e-001
 8.9539349e-001
 8.9511889e-001
 8.9483118e-001
 8.9452744e-001
 8.9420497e-001
 8.9386153e-001
 8.9349580e-001
 8.9310741e-001
 8.9269751e-001
 8.9226836e-001
 8.9182389e-001
 8.9136904e-001
 8.9090949e-001
 8.9045131e-001
 8.9000016e-001
 8.8956118e-001
 8.8913834e-001
 8.8873452e-001
 8.8835114e-001
 8.8798875e-001
 8.8764673e-001
 8.8732398e-001
 8.8701862e-001
 8.8672864e-001
 8.8645166e-001
 8.8618487e-001
 8.8592547e-001
 8.8567013e-001
 8.8541532e-001
 8.8515705e-001
 8.8489062e-001
 8.8461089e-001
 8.8431138e-001
 8.8398480e-001
 8.8362288e-001
 8.8321656e-001
 8.8275695e-001
 8.8223583e-001
 8.8164693e-001
 8.8098729e-001
 8.8025749e-001
 8.7946326e-001
 8.7861502e-001
 8.7772876e-001
 8.7682509e-001
 8.7592840e-001
 8.7506646e-001
 8.7426865e-001
 8.7356454e-001
 8.7298292e-001
 8.7254977e-001
 8.7228739e-001
 8.7221259e-001
 8.7233585e-001
 8.7266034e-001
 8.7318158e-001
 8.7388682e-001
 8.7475663e-001
 8.7576467e-001
 8.7688088e-001
 8.7807316e-001
 8.7930816e-001
 8.8055569e-001
 8.8178849e-001
 8.8298428e-001
 8.8412511e-001
 8.8519901e-001
 8.8619900e-001
 8.8712198e-001
 8.8796955e-001
 8.8874650e-001
 8.8945925e-001
 8.9011616e-001
 8.9072567e-001
 8.9129579e-001
 8.9183289e-001
 8.9234215e-001
 8.9282727e-001
 8.9329040e-001
 8.9373314e-001
 8.9415663e-001
 8.9456189e-001
 8.9495021e-001
 8.9532304e-001
 8.9568138e-001
 8.9602619e-001
 8.9635760e-001
 8.9667505e-001
 8.9697695e-001
 8.9726138e-001
 8.9752620e-001
 8.9776951e-001
 8.9799052e-001
 8.9818966e-001
 8.9836854e-001
 8.9853048e-001
 8.9867938e-001
 8.9881939e-001
 8.9895415e-001
 8.9908600e-001
 8.9921594e-001
 8.9934313e-001
 8.9946526e-001
 8.9957911e-001
 8.9968055e-001
 8.9976561e-001
 8.9983034e-001
 8.9987159e-001
 8.9988691e-001
 8.9987510e-001
 8.9983565e-001
 8.9976901e-001
 8.9967638e-001
 8.9955896e-001
 8.9941806e-001
 8.9925444e-001
 8.9906847e-001
 8.9886016e-001
 8.9862919e-001
 8.9837611e-001
 8.9810210e-001
 8.9781004e-001
 8.9750433e-001
 8.9719045e-001
 8.9687473e-001
 8.9656299e-001
 8.9625978e-001
 8.9596766e-001
 8.9568603e-001
 8.9541167e-001
 8.9513862e-001
 8.9485949e-001
 8.9456636e-001
 8.9425176e-001
 8.9391077e-001
 8.9354092e-001
 8.9314312e-001
 8.9272183e-001
 8.9228386e-001
 8.9183766e-001
 8.9139259e-001
 8.9095694e-001
 8.9053732e-001
 8.9013779e-001
 8.8975954e-001
 8.8940060e-001
 8.8905627e-001
 8.8872021e-001
 8.8838458e-001
 8.8804132e-001
 8.8768244e-001
 8.8730043e-001
 8.8688797e-001
 8.8643777e-001
 8.8594270e-001
 8.8539505e-001
 8.8478732e-001
 8.8411349e-001
 8.8336962e-001
 8.8255543e-001
 8.8167644e-001
 8.8074368e-001
 8.7977368e-001
 8.7878853e-001
 8.7781209e-001
 8.7686849e-001
 8.7597847e-001
 8.7515813e-001
 8.7441558e-001
 8.7375122e-001
 8.7315851e-001
 8.7262434e-001
 8.7213182e-001
 8.7166244e-001
 8.7119752e-001
 8.7071991e-001
 8.7021488e-001
 8.6967057e-001
 8.6907721e-001
 8.6842680e-001
 8.6771291e-001
 8.6692899e-001
 8.6606848e-001
 8.6512500e-001
 8.6409086e-001
 8.6295807e-001
 8.6171883e-001
 8.6036432e-001
 8.5888582e-001
 8.5727459e-001
 8.5552353e-001
 8.5362571e-001
 8.5157591e-001
 8.4937304e-001
 8.4701777e-001
 8.4451461e-001
 8.4187448e-001
 8.3911133e-001
 8.3624506e-001
 8.3329999e-001
 8.3030766e-001
 8.2730126e-001
 8.2431668e-001
 8.2139271e-001
 8.1856441e-001
 8.1586385e-001
 8.1332028e-001
 8.1095546e-001
 8.0878621e-001
 8.0682582e-001
 8.0508238e-001
 8.0356169e-001
 8.0226737e-001
 8.0120206e-001
 8.0036587e-001
 7.9975659e-001
 7.9936951e-001
 7.9919612e-001
 7.9922402e-001
 7.9943728e-001
 7.9981655e-001
 8.0033988e-001
 8.0098397e-001
 8.0172402e-001
 8.0253547e-001
 8.0339444e-001
 8.0427724e-001
 8.0516231e-001
 8.0602974e-001
 8.0686098e-001
 8.0763996e-001
 8.0835223e-001
 8.0898452e-001
 8.0952501e-001
 8.0996317e-001
 8.1028956e-001
 8.1049603e-001
 8.1057715e-001
 8.1052995e-001
 8.1035513e-001
 8.1005728e-001
 8.0964464e-001
 8.0912900e-001
 8.0852371e-001
 8.0784237e-001
 8.0709624e-001
 8.0629212e-001
 8.0542928e-001
 8.0449790e-001
 8.0347908e-001
 8.0234432e-001
 8.0105901e-001
 7.9958826e-001
 7.9790199e-001
 7.9598469e-001
 7.9384363e-001
 7.9151881e-001
 7.8908521e-001
 7.8665483e-001
 7.8437322e-001
 7.8240460e-001
 7.8091723e-001
 7.8006417e-001
 7.7996147e-001
 7.8067350e-001
 7.8220248e-001
 7.8448784e-001
 7.8741348e-001
 7.9082280e-001
 7.9453450e-001
 7.9836673e-001
 8.0215257e-001
 8.0574989e-001
 8.0905414e-001
 8.1199706e-001
 8.1454200e-001
 8.1668246e-001
 8.1843179e-001
 8.1981707e-001
 8.2087141e-001
 8.2163131e-001
 8.2213175e-001
 8.2240468e-001
 8.2247859e-001
 8.2237840e-001
 8.2212603e-001
 8.2174087e-001
 8.2124007e-001
 8.2064003e-001
 8.1995547e-001
 8.1920046e-001
 8.1838822e-001
 8.1753194e-001
 8.1664348e-001
 8.1573349e-001
 8.1481212e-001
 8.1388670e-001
 8.1296229e-001
 8.1204188e-001
 8.1112510e-001
 8.1020904e-001
 8.0928832e-001
 8.0835676e-001
 8.0740654e-001
 8.0642992e-001
 8.0542070e-001
 8.0437344e-001
 8.0328459e-001
 8.0215359e-001
 8.0098093e-001
 7.9976892e-001
 7.9852158e-001
 7.9724246e-001
 7.9593503e-001
 7.9460132e-001
 7.9324293e-001
 7.9185903e-001
 7.9044706e-001
 7.8900433e-001
 7.8752607e-001
 7.8600675e-001
 7.8444171e-001
 7.8282535e-001
 7.8115296e-001
 7.7942061e-001
 7.7762705e-001
 7.7577156e-001
 7.7385515e-001
 7.7188230e-001
 7.6985770e-001
 7.6778799e-001
 7.6568264e-001
 7.6355153e-001
 7.6140577e-001
 7.5925905e-001
 7.5712377e-001
 7.5501275e-001
 7.5293708e-001
 7.5090754e-001
 7.4893153e-001
 7.4701452e-001
 7.4516147e-001
 7.4337476e-001
 7.4165571e-001
 7.4000585e-001
 7.3842478e-001
 7.3691124e-001
 7.3546237e-001
 7.3407489e-001
 7.3274326e-001
 7.3146093e-001
 7.3022187e-001
 7.2901934e-001
 7.2784734e-001
 7.2670174e-001
 7.2557873e-001
 7.2447550e-001
 7.2339052e-001
 7.2232175e-001
 7.2126728e-001
 7.2022420e-001
 7.1918988e-001
 7.1816027e-001
 7.1713072e-001
 7.1609718e-001
 7.1505457e-001
 7.1399760e-001
 7.1292126e-001
 7.1181935e-001
 7.1068507e-001
 7.0951062e-001
 7.0828867e-001
 7.0701146e-001
 7.0567220e-001
 7.0426768e-001
 7.0279658e-001
 7.0126146e-001
 6.9966984e-001
 6.9803184e-001
 6.9636071e-001
 6.9467139e-001
 6.9298118e-001
 6.9130677e-001
 6.8966472e-001
 6.8807274e-001
 6.8654710e-001
 6.8510324e-001
 6.8375665e-001
 6.8252039e-001
 6.8140543e-001
 6.8042195e-001
 6.7957747e-001
 6.7887944e-001
 6.7833531e-001
 6.7795426e-001
 6.7774719e-001
 6.7772740e-001
 6.7790991e-001
 6.7831069e-001
 6.7894572e-001
 6.7982870e-001
 6.8097079e-001
 6.8237931e-001
 6.8405789e-001
 6.8600500e-001
 6.8821698e-001
 6.9068807e-001
 6.9340914e-001
 6.9637150e-001
 6.9956571e-001
 7.0297778e-001
 7.0659280e-001
 7.1039110e-001
 7.1434397e-001
 7.1841818e-001
 7.2257233e-001
 7.2675979e-001
 7.3092651e-001
 7.3501974e-001
 7.3898786e-001
 7.4278045e-001
 7.4635667e-001
 7.4968344e-001
 7.5273472e-001
 7.5549626e-001
 7.5796181e-001
 7.6013416e-001
 7.6202196e-001
 7.6364207e-001
 7.6501697e-001
 7.6617289e-001
 7.6714075e-001
 7.6795352e-001
 7.6864463e-001
 7.6924711e-001
 7.6979166e-001
 7.7030468e-001
 7.7080798e-001
 7.7131712e-001
 7.7184147e-001
 7.7238369e-001
 7.7294070e-001
 7.7350467e-001
 7.7406365e-001
 7.7460408e-001
 7.7511215e-001
 7.7557510e-001
 7.7598315e-001
 7.7633041e-001
 7.7661502e-001
 7.7683920e-001
 7.7700889e-001
 7.7713269e-001
 7.7722055e-001
 7.7728266e-001
 7.7732784e-001
 7.7736264e-001
 7.7739012e-001
 7.7740967e-001
 7.7741683e-001
 7.7740377e-001
 7.7736038e-001
 7.7727538e-001
 7.7713722e-001
 7.7693498e-001
 7.7665883e-001
 7.7630031e-001
 7.7585196e-001
 7.7530742e-001
 7.7466172e-001
 7.7391106e-001
 7.7305323e-001
 7.7208769e-001
 7.7101684e-001
 7.6984483e-001
 7.6857769e-001
 7.6722389e-001
 7.6579159e-001
 7.6428872e-001
 7.6272309e-001
 7.6110023e-001
 7.5942409e-001
 7.5769901e-001
 7.5592768e-001
 7.5411314e-001
 7.5225842e-001
 7.5036830e-001
 7.4844682e-001
 7.4649870e-001
 7.4453086e-001
 7.4254900e-001
 7.4055922e-001
 7.3856848e-001
 7.3658121e-001
 7.3460084e-001
 7.3262841e-001
 7.3066467e-001
 7.2870785e-001
 7.2675568e-001
 7.2480798e-001
 7.2286391e-001
 7.2092432e-001
 7.1899223e-001
 7.1706975e-001
 7.1515876e-001
 7.1325916e-001
 7.1136987e-001
 7.0948565e-001
 7.0759851e-001
 7.0569968e-001
 7.0377797e-001
 7.0182186e-001
 6.9982243e-001
 6.9777113e-001
 6.9566184e-001
 6.9349217e-001
 6.9126064e-001
 6.8896818e-001
 6.8661696e-001
 6.8421245e-001
 6.8175954e-001
 6.7926359e-001
 6.7673177e-001
 6.7416859e-001
 6.7157763e-001
 6.6896361e-001
 6.6632938e-001
 6.6367966e-001
 6.6102076e-001
 6.5836358e-001
 6.5571970e-001
 6.5310240e-001
 6.5052742e-001
 6.4800775e-001
 6.4555490e-001
 6.4318037e-001
 6.4089239e-001
 6.3869870e-001
 6.3660848e-001
 6.3462961e-001
 6.3277054e-001
 6.3103896e-001
 6.2944251e-001
 6.2798584e-001
 6.2667143e-001
 6.2550026e-001
 6.2446976e-001
 6.2357491e-001
 6.2280893e-001
 6.2216216e-001
 6.2162352e-001
 6.2118065e-001
 6.2082106e-001
 6.2053210e-001
 6.2030196e-001
-1.2300000e+034
