s07_ASD Record=13756: Montmorillonite+Illite CM37   BECKb AREF
 1.1662419e-001
 1.1709890e-001
 1.1768181e-001
 1.1835558e-001
 1.1909060e-001
 1.1985614e-001
 1.2063206e-001
 1.2141316e-001
 1.2220722e-001
 1.2302871e-001
 1.2389193e-001
 1.2480583e-001
 1.2577215e-001
 1.2678461e-001
 1.2782843e-001
 1.2888475e-001
 1.2993810e-001
 1.3098308e-001
 1.3202588e-001
 1.3308185e-001
 1.3416927e-001
 1.3530155e-001
 1.3648207e-001
 1.3770369e-001
 1.3895307e-001
 1.4021589e-001
 1.4148277e-001
 1.4275275e-001
 1.4403130e-001
 1.4532605e-001
 1.4664371e-001
 1.4799014e-001
 1.4937100e-001
 1.5079355e-001
 1.5226494e-001
 1.5378729e-001
 1.5535614e-001
 1.5696046e-001
 1.5858467e-001
 1.6021194e-001
 1.6182852e-001
 1.6342594e-001
 1.6500068e-001
 1.6655265e-001
 1.6808300e-001
 1.6959350e-001
 1.7108655e-001
 1.7256571e-001
 1.7403473e-001
 1.7549579e-001
 1.7694743e-001
 1.7838398e-001
 1.7979775e-001
 1.8118262e-001
 1.8253751e-001
 1.8386710e-001
 1.8518144e-001
 1.8649331e-001
 1.8781501e-001
 1.8916404e-001
 1.9056208e-001
 1.9200893e-001
 1.9350064e-001
 1.9503789e-001
 1.9661579e-001
 1.9821563e-001
 1.9982219e-001
 2.0142972e-001
 2.0304102e-001
 2.0466638e-001
 2.0632222e-001
 2.0802607e-001
 2.0979124e-001
 2.1162419e-001
 2.1352503e-001
 2.1549228e-001
 2.1752843e-001
 2.1964338e-001
 2.2185205e-001
 2.2416675e-001
 2.2658908e-001
 2.2910413e-001
 2.3168242e-001
 2.3428711e-001
 2.3688568e-001
 2.3945874e-001
 2.4200273e-001
 2.4452549e-001
 2.4703567e-001
 2.4953327e-001
 2.5200394e-001
 2.5442162e-001
 2.5675607e-001
 2.5898346e-001
 2.6109311e-001
 2.6308820e-001
 2.6498100e-001
 2.6678285e-001
 2.6849607e-001
 2.7011156e-001
 2.7161473e-001
 2.7299279e-001
 2.7423880e-001
 2.7535114e-001
 2.7633366e-001
 2.7719823e-001
 2.7796265e-001
 2.7864268e-001
 2.7924439e-001
 2.7977365e-001
 2.8026631e-001
 2.8080741e-001
 2.8149518e-001
 2.8235209e-001
 2.8325862e-001
 2.8399792e-001
 2.8440431e-001
 2.8449360e-001
 2.8445351e-001
 2.8450581e-001
 2.8477034e-001
 2.8523821e-001
 2.8583938e-001
 2.8651735e-001
 2.8725287e-001
 2.8804544e-001
 2.8888977e-001
 2.8976920e-001
 2.9066598e-001
 2.9157516e-001
 2.9250982e-001
 2.9349470e-001
 2.9455224e-001
 2.9569301e-001
 2.9691651e-001
 2.9822177e-001
 2.9961780e-001
 3.0112231e-001
 3.0274615e-001
 3.0447686e-001
 3.0628175e-001
 3.0813199e-001
 3.1002527e-001
 3.1197706e-001
 3.1398734e-001
 3.1602341e-001
 3.1804761e-001
 3.2006279e-001
 3.2211789e-001
 3.2426456e-001
 3.2650831e-001
 3.2880399e-001
 3.3109292e-001
 3.3334854e-001
 3.3559391e-001
 3.3787954e-001
 3.4023824e-001
 3.4266254e-001
 3.4512851e-001
 3.4763882e-001
 3.5022789e-001
 3.5291922e-001
 3.5568216e-001
 3.5843784e-001
 3.6111289e-001
 3.6368933e-001
 3.6621344e-001
 3.6876529e-001
 3.7141600e-001
 3.7419352e-001
 3.7706465e-001
 3.7995103e-001
 3.8277867e-001
 3.8552541e-001
 3.8822243e-001
 3.9092338e-001
 3.9368114e-001
 3.9653635e-001
 3.9949673e-001
 4.0251723e-001
 4.0552157e-001
 4.0845585e-001
 4.1131809e-001
 4.1414088e-001
 4.1695616e-001
 4.1977924e-001
 4.2260993e-001
 4.2543906e-001
 4.2825684e-001
 4.3107027e-001
 4.3391117e-001
 4.3680489e-001
 4.3971625e-001
 4.4254258e-001
 4.4519645e-001
 4.4769233e-001
 4.5012930e-001
 4.5259228e-001
 4.5509586e-001
 4.5760503e-001
 4.6006948e-001
 4.6244958e-001
 4.6475133e-001
 4.6703798e-001
 4.6936819e-001
 4.7172266e-001
 4.7403157e-001
 4.7627178e-001
 4.7849903e-001
 4.8077071e-001
 4.8306382e-001
 4.8528224e-001
 4.8733974e-001
 4.8922789e-001
 4.9100226e-001
 4.9271172e-001
 4.9435118e-001
 4.9589124e-001
 4.9734932e-001
 4.9880853e-001
 5.0034285e-001
 5.0193000e-001
 5.0346822e-001
 5.0488281e-001
 5.0620425e-001
 5.0754821e-001
 5.0903040e-001
 5.1067334e-001
 5.1235670e-001
 5.1386338e-001
 5.1502407e-001
 5.1585150e-001
 5.1653111e-001
 5.1727206e-001
 5.1816040e-001
 5.1913828e-001
 5.2010727e-001
 5.2103955e-001
 5.2198493e-001
 5.2299309e-001
 5.2405512e-001
 5.2511036e-001
 5.2608258e-001
 5.2691644e-001
 5.2760583e-001
 5.2819699e-001
 5.2875251e-001
 5.2931619e-001
 5.2991372e-001
 5.3055096e-001
 5.3117782e-001
 5.3170794e-001
 5.3213000e-001
 5.3255057e-001
 5.3308398e-001
 5.3373551e-001
 5.3442341e-001
 5.3505135e-001
 5.3555679e-001
 5.3594899e-001
 5.3629833e-001
 5.3667068e-001
 5.3709292e-001
 5.3758168e-001
 5.3816783e-001
 5.3886402e-001
 5.3960282e-001
 5.4024154e-001
 5.4068118e-001
 5.4098094e-001
 5.4130518e-001
 5.4175329e-001
 5.4227030e-001
 5.4273051e-001
 5.4308295e-001
 5.4339790e-001
 5.4377663e-001
 5.4423791e-001
 5.4471546e-001
 5.4516137e-001
 5.4560858e-001
 5.4610640e-001
 5.4662186e-001
 5.4705209e-001
 5.4732847e-001
 5.4747885e-001
 5.4761273e-001
 5.4786056e-001
 5.4828978e-001
 5.4885036e-001
 5.4941624e-001
 5.4990172e-001
 5.5032557e-001
 5.5075300e-001
 5.5119145e-001
 5.5156893e-001
 5.5185890e-001
 5.5220968e-001
 5.5282342e-001
 5.5366600e-001
 5.5446053e-001
 5.5502796e-001
 5.5545038e-001
 5.5584568e-001
 5.5619347e-001
 5.5645937e-001
 5.5670995e-001
 5.5701971e-001
 5.5739272e-001
 5.5782723e-001
 5.5834275e-001
 5.5890000e-001
 5.5941665e-001
 5.5991042e-001
 5.6050462e-001
 5.6123036e-001
 5.6194729e-001
 5.6250966e-001
 5.6290179e-001
 5.6320733e-001
 5.6349885e-001
 5.6380033e-001
 5.6412244e-001
 5.6448263e-001
 5.6489605e-001
 5.6536633e-001
 5.6588864e-001
 5.6646198e-001
 5.6709361e-001
 5.6778133e-001
 5.6847662e-001
 5.6906950e-001
 5.6944549e-001
 5.6960446e-001
 5.6973064e-001
 5.7010001e-001
 5.7086152e-001
 5.7189071e-001
 5.7287699e-001
 5.7357359e-001
 5.7397789e-001
 5.7428968e-001
 5.7472807e-001
 5.7539082e-001
 5.7623458e-001
 5.7712114e-001
 5.7787126e-001
 5.7834768e-001
 5.7857120e-001
 5.7876539e-001
 5.7920080e-001
 5.7989764e-001
 5.8051139e-001
 5.8077174e-001
 5.8107966e-001
 5.8188725e-001
 5.8302981e-001
 5.8400989e-001
 5.8460742e-001
 5.8506292e-001
 5.8576220e-001
 5.8671933e-001
 5.8746767e-001
 5.8771396e-001
 5.8782762e-001
 5.8834702e-001
 5.8929080e-001
 5.9018338e-001
 5.9056121e-001
 5.9043860e-001
 5.9033000e-001
 5.9069222e-001
 5.9146625e-001
 5.9230560e-001
 5.9300709e-001
 5.9358603e-001
 5.9413445e-001
 5.9472615e-001
 5.9536773e-001
 5.9595621e-001
 5.9633839e-001
 5.9651005e-001
 5.9669042e-001
 5.9707439e-001
 5.9759969e-001
 5.9805197e-001
 5.9830546e-001
 5.9842157e-001
 5.9859401e-001
 5.9901458e-001
 5.9974498e-001
 6.0066950e-001
 6.0156775e-001
 6.0228342e-001
 6.0281026e-001
 6.0319692e-001
 6.0345763e-001
 6.0363460e-001
 6.0385311e-001
 6.0429740e-001
 6.0497516e-001
 6.0563225e-001
 6.0607398e-001
 6.0631502e-001
 6.0644108e-001
 6.0655904e-001
 6.0679144e-001
 6.0723472e-001
 6.0788012e-001
 6.0861212e-001
 6.0929263e-001
 6.0981679e-001
 6.1011940e-001
 6.1017531e-001
 6.1003631e-001
 6.0982525e-001
 6.0966390e-001
 6.0960215e-001
 6.0961914e-001
 6.0969025e-001
 6.0984743e-001
 6.1017734e-001
 6.1074108e-001
 6.1147141e-001
 6.1219186e-001
 6.1274314e-001
 6.1306548e-001
 6.1320651e-001
 6.1327386e-001
 6.1334443e-001
 6.1347693e-001
 6.1367774e-001
 6.1395675e-001
 6.1426467e-001
 6.1452878e-001
 6.1467600e-001
 6.1465687e-001
 6.1457634e-001
 6.1460137e-001
 6.1489928e-001
 6.1558962e-001
 6.1647969e-001
 6.1725008e-001
 6.1758143e-001
 6.1722261e-001
 6.1637789e-001
 6.1543590e-001
 6.1478591e-001
 6.1475539e-001
 6.1526233e-001
 6.1620098e-001
 6.1701840e-001
 6.1759031e-001
 6.1783493e-001
 6.1783087e-001
 6.1766374e-001
 6.1741924e-001
 6.1718160e-001
 6.1700463e-001
 6.1691189e-001
 6.1692560e-001
 6.1706805e-001
 6.1735952e-001
 6.1777514e-001
 6.1824584e-001
 6.1870050e-001
 6.1906803e-001
 6.1927986e-001
 6.1932319e-001
 6.1923987e-001
 6.1907363e-001
 6.1886877e-001
 6.1866927e-001
 6.1851209e-001
 6.1840701e-001
 6.1835730e-001
 6.1836618e-001
 6.1843681e-001
 6.1857229e-001
 6.1877304e-001
 6.1902761e-001
 6.1932206e-001
 6.1964232e-001
 6.1997432e-001
 6.2030399e-001
 6.2061733e-001
 6.2089890e-001
 6.2112767e-001
 6.2128115e-001
 6.2133718e-001
 6.2127340e-001
 6.2106735e-001
 6.2069684e-001
 6.2013942e-001
 6.1938727e-001
 6.1848718e-001
 6.1749858e-001
 6.1648113e-001
 6.1549419e-001
 6.1459768e-001
 6.1385077e-001
 6.1331326e-001
 6.1302727e-001
 6.1296999e-001
 6.1310369e-001
 6.1339056e-001
 6.1379272e-001
 6.1427224e-001
 6.1479145e-001
 6.1531252e-001
 6.1580306e-001
 6.1625230e-001
 6.1665356e-001
 6.1700058e-001
 6.1728722e-001
 6.1750692e-001
 6.1765349e-001
 6.1772048e-001
 6.1770171e-001
 6.1759061e-001
 6.1738098e-001
 6.1706662e-001
 6.1664629e-001
 6.1613798e-001
 6.1556417e-001
 6.1494726e-001
 6.1430955e-001
 6.1367351e-001
 6.1306125e-001
 6.1249542e-001
 6.1199832e-001
 6.1159223e-001
 6.1129963e-001
 6.1114275e-001
 6.1113560e-001
 6.1126202e-001
 6.1149883e-001
 6.1182326e-001
 6.1221224e-001
 6.1264282e-001
 6.1309201e-001
 6.1353689e-001
 6.1395448e-001
 6.1432171e-001
 6.1461580e-001
 6.1482066e-001
 6.1494517e-001
 6.1500353e-001
 6.1500996e-001
 6.1497861e-001
 6.1492395e-001
 6.1486000e-001
 6.1480099e-001
 6.1476117e-001
 6.1475486e-001
 6.1479211e-001
 6.1486888e-001
 6.1497808e-001
 6.1511272e-001
 6.1526543e-001
 6.1542940e-001
 6.1559731e-001
 6.1576223e-001
 6.1591691e-001
 6.1605436e-001
 6.1616999e-001
 6.1626798e-001
 6.1635453e-001
 6.1643565e-001
 6.1651742e-001
 6.1660600e-001
 6.1670750e-001
 6.1682796e-001
 6.1697340e-001
 6.1715007e-001
 6.1736023e-001
 6.1759448e-001
 6.1784011e-001
 6.1808497e-001
 6.1831659e-001
 6.1852282e-001
 6.1869127e-001
 6.1880952e-001
 6.1886525e-001
 6.1885077e-001
 6.1877328e-001
 6.1864328e-001
 6.1847138e-001
 6.1826783e-001
 6.1804330e-001
 6.1780822e-001
 6.1757296e-001
 6.1734754e-001
 6.1714011e-001
 6.1695856e-001
 6.1681056e-001
 6.1670393e-001
 6.1664665e-001
 6.1664641e-001
 6.1671096e-001
 6.1684597e-001
 6.1704934e-001
 6.1731756e-001
 6.1764741e-001
 6.1803514e-001
 6.1847746e-001
 6.1897093e-001
 6.1951190e-001
 6.2009054e-001
 6.2067550e-001
 6.2123156e-001
 6.2167758e-001
 6.2204558e-001
 6.2227762e-001
 6.2235409e-001
 6.2228620e-001
 6.2211215e-001
 6.2188846e-001
 6.2168062e-001
 6.2155485e-001
 6.2156540e-001
 6.2173456e-001
 6.2204003e-001
 6.2242758e-001
 6.2283081e-001
 6.2318599e-001
 6.2344688e-001
 6.2360126e-001
 6.2367588e-001
 6.2372643e-001
 6.2382156e-001
 6.2402636e-001
 6.2438434e-001
 6.2489939e-001
 6.2552917e-001
 6.2619561e-001
 6.2680477e-001
 6.2726766e-001
 6.2752265e-001
 6.2755489e-001
 6.2740272e-001
 6.2714630e-001
 6.2688661e-001
 6.2672323e-001
 6.2673306e-001
 6.2695438e-001
 6.2738186e-001
 6.2797427e-001
 6.2867016e-001
 6.2940270e-001
 6.3011241e-001
 6.3035971e-001
 6.3078988e-001
 6.3117993e-001
 6.3152128e-001
 6.3181102e-001
 6.3205147e-001
 6.3224995e-001
 6.3241738e-001
 6.3256812e-001
 6.3271844e-001
 6.3288546e-001
 6.3308561e-001
 6.3333291e-001
 6.3363725e-001
 6.3400334e-001
 6.3442999e-001
 6.3491017e-001
 6.3543177e-001
 6.3597858e-001
 6.3653201e-001
 6.3707387e-001
 6.3758755e-001
 6.3806057e-001
 6.3848543e-001
 6.3886029e-001
 6.3918936e-001
 6.3948298e-001
 6.3975692e-001
 6.4002997e-001
 6.4032090e-001
 6.4064449e-001
 6.4100820e-001
 6.4141095e-001
 6.4184207e-001
 6.4228350e-001
 6.4271283e-001
 6.4310712e-001
 6.4344758e-001
 6.4372349e-001
 6.4393455e-001
 6.4409143e-001
 6.4421362e-001
 6.4432645e-001
 6.4445639e-001
 6.4462698e-001
 6.4485538e-001
 6.4515018e-001
 6.4551067e-001
 6.4592826e-001
 6.4638811e-001
 6.4687175e-001
 6.4735985e-001
 6.4783478e-001
 6.4828253e-001
 6.4869380e-001
 6.4906496e-001
 6.4939761e-001
 6.4969796e-001
 6.4997554e-001
 6.5024132e-001
 6.5050602e-001
 6.5077817e-001
 6.5106314e-001
 6.5136266e-001
 6.5167493e-001
 6.5199625e-001
 6.5232265e-001
 6.5265101e-001
 6.5298110e-001
 6.5331495e-001
 6.5365678e-001
 6.5401131e-001
 6.5438157e-001
 6.5476775e-001
 6.5516585e-001
 6.5556800e-001
 6.5596408e-001
 6.5634322e-001
 6.5669674e-001
 6.5701926e-001
 6.5731013e-001
 6.5757322e-001
 6.5781546e-001
 6.5804547e-001
 6.5827131e-001
 6.5849912e-001
 6.5873241e-001
 6.5897179e-001
 6.5921605e-001
 6.5946329e-001
 6.5971237e-001
 6.5996408e-001
 6.6022146e-001
 6.6048974e-001
 6.6077566e-001
 6.6108549e-001
 6.6142398e-001
 6.6179258e-001
 6.6218859e-001
 6.6260546e-001
 6.6303313e-001
 6.6346031e-001
 6.6387594e-001
 6.6427153e-001
 6.6464251e-001
 6.6498905e-001
 6.6531581e-001
 6.6563082e-001
 6.6594374e-001
 6.6626459e-001
 6.6660130e-001
 6.6695923e-001
 6.6733974e-001
 6.6774064e-001
 6.6815656e-001
 6.6857928e-001
 6.6899937e-001
 6.6940755e-001
 6.6979557e-001
 6.7015815e-001
 6.7049348e-001
 6.7080420e-001
 6.7109710e-001
 6.7138231e-001
 6.7167151e-001
 6.7197585e-001
 6.7230344e-001
 6.7265785e-001
 6.7303681e-001
 6.7343307e-001
 6.7383540e-001
 6.7423183e-001
 6.7461210e-001
 6.7497009e-001
 6.7530483e-001
 6.7562014e-001
 6.7592287e-001
 6.7622048e-001
 6.7651844e-001
 6.7681849e-001
 6.7711818e-001
 6.7741209e-001
 6.7769372e-001
 6.7795813e-001
 6.7820394e-001
 6.7843455e-001
 6.7865783e-001
 6.7888474e-001
 6.7912716e-001
 6.7939544e-001
 6.7969632e-001
 6.8003201e-001
 6.8039984e-001
 6.8079275e-001
 6.8120116e-001
 6.8161440e-001
 6.8202245e-001
 6.8241727e-001
 6.8279403e-001
 6.8315095e-001
 6.8348998e-001
 6.8381548e-001
 6.8413383e-001
 6.8445182e-001
 6.8477541e-001
 6.8510860e-001
 6.8545264e-001
 6.8580556e-001
 6.8616319e-001
 6.8651980e-001
 6.8687057e-001
 6.8721271e-001
 6.8754715e-001
 6.8787909e-001
 6.8821681e-001
 6.8857044e-001
 6.8894869e-001
 6.8935663e-001
 6.8979388e-001
 6.9025385e-001
 6.9072521e-001
 6.9119406e-001
 6.9164699e-001
 6.9207436e-001
 6.9247115e-001
 6.9283766e-001
 6.9317758e-001
 6.9349533e-001
 6.9379348e-001
 6.9407064e-001
 6.9432080e-001
 6.9453496e-001
 6.9470328e-001
 6.9481885e-001
 6.9488066e-001
 6.9489557e-001
 6.9487888e-001
 6.9485265e-001
 6.9484282e-001
 6.9487524e-001
 6.9497114e-001
 6.9514400e-001
 6.9539660e-001
 6.9572121e-001
 6.9610029e-001
 6.9650960e-001
 6.9692212e-001
 6.9731218e-001
 6.9765919e-001
 6.9795024e-001
 6.9818085e-001
 6.9835496e-001
 6.9848263e-001
 6.9857770e-001
 6.9865525e-001
 6.9872946e-001
 6.9881213e-001
 6.9891208e-001
 6.9903547e-001
 6.9918638e-001
 6.9936699e-001
 6.9957852e-001
 6.9982094e-001
 7.0009285e-001
 7.0039123e-001
 7.0071071e-001
 7.0104414e-001
 7.0138198e-001
 7.0171362e-001
 7.0202863e-001
 7.0231742e-001
 7.0257324e-001
 7.0279282e-001
 7.0297712e-001
 7.0313090e-001
 7.0326221e-001
 7.0338064e-001
 7.0349634e-001
 7.0361817e-001
 7.0375323e-001
 7.0390612e-001
 7.0407933e-001
 7.0427388e-001
 7.0448929e-001
 7.0472455e-001
 7.0497739e-001
 7.0524448e-001
 7.0552075e-001
 7.0579964e-001
 7.0607352e-001
 7.0633471e-001
 7.0657682e-001
 7.0679665e-001
 7.0699441e-001
 7.0717442e-001
 7.0734352e-001
 7.0750964e-001
 7.0767915e-001
 7.0785546e-001
 7.0803767e-001
 7.0822096e-001
 7.0839804e-001
 7.0856148e-001
 7.0870572e-001
 7.0882928e-001
 7.0893496e-001
 7.0902956e-001
 7.0912236e-001
 7.0922315e-001
 7.0934004e-001
 7.0947856e-001
 7.0964104e-001
 7.0982701e-001
 7.1003389e-001
 7.1025848e-001
 7.1049726e-001
 7.1074688e-001
 7.1100408e-001
 7.1126521e-001
 7.1152532e-001
 7.1177846e-001
 7.1201706e-001
 7.1223289e-001
 7.1241707e-001
 7.1256173e-001
 7.1266043e-001
 7.1270895e-001
 7.1270639e-001
 7.1265531e-001
 7.1256226e-001
 7.1243775e-001
 7.1229607e-001
 7.1215451e-001
 7.1203202e-001
 7.1194726e-001
 7.1191657e-001
 7.1195120e-001
 7.1205568e-001
 7.1222663e-001
 7.1245271e-001
 7.1271604e-001
 7.1299458e-001
 7.1326524e-001
 7.1350724e-001
 7.1370453e-001
 7.1384764e-001
 7.1393406e-001
 7.1396786e-001
 7.1395785e-001
 7.1391618e-001
 7.1385610e-001
 7.1379060e-001
 7.1373123e-001
 7.1368688e-001
 7.1366388e-001
 7.1366507e-001
 7.1369022e-001
 7.1373624e-001
 7.1379769e-001
 7.1386790e-001
 7.1394008e-001
 7.1400911e-001
 7.1407205e-001
 7.1412921e-001
 7.1418369e-001
 7.1424031e-001
 7.1430421e-001
 7.1437901e-001
 7.1446556e-001
 7.1456122e-001
 7.1466047e-001
 7.1475601e-001
 7.1484071e-001
 7.1490932e-001
 7.1495944e-001
 7.1499187e-001
 7.1500993e-001
 7.1501768e-001
 7.1501833e-001
 7.1501303e-001
 7.1499991e-001
 7.1497458e-001
 7.1493137e-001
 7.1486521e-001
 7.1477330e-001
 7.1465689e-001
 7.1452171e-001
 7.1437758e-001
 7.1423733e-001
 7.1411419e-001
 7.1401978e-001
 7.1396136e-001
 7.1394032e-001
 7.1395117e-001
 7.1398205e-001
 7.1401596e-001
 7.1403342e-001
 7.1401471e-001
 7.1394277e-001
 7.1380502e-001
 7.1359420e-001
 7.1330822e-001
 7.1294957e-001
 7.1252328e-001
 7.1203536e-001
 7.1149141e-001
 7.1089560e-001
 7.1024984e-001
 7.0955455e-001
 7.0880836e-001
 7.0800954e-001
 7.0715612e-001
 7.0624626e-001
 7.0527869e-001
 7.0425218e-001
 7.0316559e-001
 7.0201737e-001
 7.0080465e-001
 6.9952410e-001
 6.9817072e-001
 6.9673902e-001
 6.9522297e-001
 6.9361609e-001
 6.9191283e-001
 6.9010735e-001
 6.8819511e-001
 6.8617171e-001
 6.8403202e-001
 6.8177104e-001
 6.7938298e-001
 6.7685986e-001
 6.7419410e-001
 6.7137641e-001
 6.6839898e-001
 6.6525602e-001
 6.6194373e-001
 6.5846509e-001
 6.5482807e-001
 6.5104997e-001
 6.4715743e-001
 6.4318550e-001
 6.3918108e-001
 6.3519859e-001
 6.3130206e-001
 6.2756157e-001
 6.2404954e-001
 6.2084079e-001
 6.1800545e-001
 6.1560845e-001
 6.1370438e-001
 6.1233437e-001
 6.1152530e-001
 6.1128789e-001
 6.1161757e-001
 6.1249614e-001
 6.1389482e-001
 6.1577713e-001
 6.1810172e-001
 6.2082577e-001
 6.2390393e-001
 6.2729031e-001
 6.3093477e-001
 6.3478249e-001
 6.3877422e-001
 6.4284366e-001
 6.4692295e-001
 6.5094328e-001
 6.5484065e-001
 6.5856206e-001
 6.6206598e-001
 6.6532785e-001
 6.6833711e-001
 6.7109686e-001
 6.7362136e-001
 6.7592973e-001
 6.7804515e-001
 6.7998976e-001
 6.8178362e-001
 6.8344492e-001
 6.8498850e-001
 6.8642753e-001
 6.8777418e-001
 6.8903917e-001
 6.9023246e-001
 6.9136178e-001
 6.9243175e-001
 6.9344330e-001
 6.9439232e-001
 6.9527036e-001
 6.9606549e-001
 6.9676429e-001
 6.9735503e-001
 6.9782990e-001
 6.9818807e-001
 6.9843650e-001
 6.9859004e-001
 6.9867045e-001
 6.9870347e-001
 6.9871622e-001
 6.9873387e-001
 6.9877768e-001
 6.9886339e-001
 6.9900090e-001
 6.9919491e-001
 6.9944638e-001
 6.9975388e-001
 7.0011491e-001
 7.0052695e-001
 7.0098746e-001
 7.0149386e-001
 7.0204240e-001
 7.0262772e-001
 7.0324141e-001
 7.0387214e-001
 7.0450604e-001
 7.0512748e-001
 7.0572150e-001
 7.0627487e-001
 7.0677841e-001
 7.0722842e-001
 7.0762658e-001
 7.0798004e-001
 7.0829964e-001
 7.0859814e-001
 7.0888811e-001
 7.0918006e-001
 7.0948106e-001
 7.0979440e-001
 7.1012008e-001
 7.1045625e-001
 7.1080065e-001
 7.1115243e-001
 7.1151340e-001
 7.1188819e-001
 7.1228355e-001
 7.1270609e-001
 7.1316016e-001
 7.1364540e-001
 7.1415436e-001
 7.1467298e-001
 7.1518075e-001
 7.1565366e-001
 7.1606809e-001
 7.1640402e-001
 7.1664870e-001
 7.1679860e-001
 7.1686006e-001
 7.1684813e-001
 7.1678472e-001
 7.1669507e-001
 7.1660519e-001
 7.1653831e-001
 7.1651328e-001
 7.1654284e-001
 7.1663332e-001
 7.1678448e-001
 7.1699005e-001
 7.1723926e-001
 7.1751803e-001
 7.1781129e-001
 7.1810520e-001
 7.1838874e-001
 7.1865499e-001
 7.1890074e-001
 7.1912670e-001
 7.1933681e-001
 7.1953738e-001
 7.1973604e-001
 7.1993965e-001
 7.2015285e-001
 7.2037673e-001
 7.2060806e-001
 7.2084057e-001
 7.2106600e-001
 7.2127610e-001
 7.2146481e-001
 7.2162873e-001
 7.2176760e-001
 7.2188318e-001
 7.2197890e-001
 7.2205871e-001
 7.2212684e-001
 7.2218794e-001
 7.2224718e-001
 7.2231048e-001
 7.2238511e-001
 7.2247916e-001
 7.2260141e-001
 7.2275984e-001
 7.2296053e-001
 7.2320575e-001
 7.2349292e-001
 7.2381395e-001
 7.2415626e-001
 7.2450393e-001
 7.2484070e-001
 7.2515166e-001
 7.2542560e-001
 7.2565591e-001
 7.2584093e-001
 7.2598457e-001
 7.2609526e-001
 7.2618443e-001
 7.2626436e-001
 7.2634566e-001
 7.2643501e-001
 7.2653401e-001
 7.2663933e-001
 7.2674358e-001
 7.2683799e-001
 7.2691453e-001
 7.2696841e-001
 7.2699922e-001
 7.2701091e-001
 7.2701079e-001
 7.2700804e-001
 7.2701204e-001
 7.2703111e-001
 7.2707152e-001
 7.2713715e-001
 7.2722900e-001
 7.2734582e-001
 7.2748417e-001
 7.2763932e-001
 7.2780597e-001
 7.2797859e-001
 7.2815239e-001
 7.2832346e-001
 7.2848874e-001
 7.2864676e-001
 7.2879708e-001
 7.2894084e-001
 7.2908002e-001
 7.2921777e-001
 7.2935796e-001
 7.2950488e-001
 7.2966301e-001
 7.2983640e-001
 7.3002857e-001
 7.3024207e-001
 7.3047811e-001
 7.3073632e-001
 7.3101431e-001
 7.3130780e-001
 7.3161030e-001
 7.3191351e-001
 7.3220748e-001
 7.3248148e-001
 7.3272508e-001
 7.3292899e-001
 7.3308671e-001
 7.3319530e-001
 7.3325616e-001
 7.3327523e-001
 7.3326242e-001
 7.3323065e-001
 7.3319393e-001
 7.3316568e-001
 7.3315692e-001
 7.3317468e-001
 7.3322159e-001
 7.3329562e-001
 7.3339128e-001
 7.3350090e-001
 7.3361659e-001
 7.3373222e-001
 7.3384464e-001
 7.3395467e-001
 7.3406684e-001
 7.3418850e-001
 7.3432815e-001
 7.3449343e-001
 7.3468930e-001
 7.3491633e-001
 7.3517007e-001
 7.3544115e-001
 7.3571628e-001
 7.3598039e-001
 7.3621857e-001
 7.3641849e-001
 7.3657215e-001
 7.3667699e-001
 7.3673570e-001
 7.3675543e-001
 7.3674601e-001
 7.3671758e-001
 7.3667878e-001
 7.3663479e-001
 7.3658639e-001
 7.3653018e-001
 7.3645949e-001
 7.3636609e-001
 7.3624253e-001
 7.3608464e-001
 7.3589313e-001
 7.3567486e-001
 7.3544222e-001
 7.3521179e-001
 7.3500228e-001
 7.3483205e-001
 7.3471677e-001
 7.3466820e-001
 7.3469251e-001
 7.3479027e-001
 7.3495537e-001
 7.3517615e-001
 7.3543626e-001
 7.3571622e-001
 7.3599553e-001
 7.3625422e-001
 7.3647499e-001
 7.3664391e-001
 7.3675185e-001
 7.3679507e-001
 7.3677558e-001
 7.3670191e-001
 7.3658878e-001
 7.3645645e-001
 7.3632884e-001
 7.3623121e-001
 7.3618734e-001
 7.3621649e-001
 7.3633033e-001
 7.3653120e-001
 7.3681086e-001
 7.3715097e-001
 7.3752397e-001
 7.3789597e-001
 7.3823088e-001
 7.3849475e-001
 7.3866057e-001
 7.3871255e-001
 7.3864847e-001
 7.3848087e-001
 7.3823565e-001
 7.3794860e-001
 7.3766071e-001
 7.3741305e-001
 7.3724067e-001
 7.3716843e-001
 7.3720765e-001
 7.3735517e-001
 7.3759389e-001
 7.3789591e-001
 7.3822653e-001
 7.3854929e-001
 7.3883122e-001
 7.3904669e-001
 7.3918092e-001
 7.3923063e-001
 7.3920387e-001
 7.3911750e-001
 7.3899353e-001
 7.3885518e-001
 7.3872238e-001
 7.3860848e-001
 7.3851764e-001
 7.3844439e-001
 7.3837435e-001
 7.3828679e-001
 7.3815888e-001
 7.3796970e-001
 7.3770499e-001
 7.3736107e-001
 7.3694664e-001
 7.3648411e-001
 7.3600703e-001
 7.3555708e-001
 7.3517853e-001
 7.3491210e-001
 7.3478895e-001
 7.3482543e-001
 7.3501980e-001
 7.3535138e-001
 7.3578244e-001
 7.3626244e-001
 7.3673481e-001
 7.3714399e-001
 7.3744309e-001
 7.3760045e-001
 7.3760337e-001
 7.3746014e-001
 7.3719788e-001
 7.3685884e-001
 7.3649341e-001
 7.3615295e-001
 7.3588210e-001
 7.3571229e-001
 7.3565733e-001
 7.3571223e-001
 7.3585391e-001
 7.3604572e-001
 7.3624343e-001
 7.3640221e-001
 7.3648393e-001
 7.3646331e-001
 7.3633182e-001
 7.3609900e-001
 7.3579144e-001
 7.3544818e-001
 7.3511493e-001
 7.3483652e-001
 7.3464972e-001
 7.3457718e-001
 7.3462296e-001
 7.3477161e-001
 7.3498946e-001
 7.3522967e-001
 7.3543829e-001
 7.3556191e-001
 7.3555547e-001
 7.3538852e-001
 7.3504907e-001
 7.3454601e-001
 7.3390788e-001
 7.3317939e-001
 7.3241591e-001
 7.3167539e-001
 7.3101187e-001
 7.3046809e-001
 7.3007035e-001
 7.2982657e-001
 7.2972816e-001
 7.2975338e-001
 7.2987187e-001
 7.3004949e-001
 7.3025197e-001
 7.3044854e-001
 7.3061365e-001
 7.3072767e-001
 7.3077840e-001
 7.3076117e-001
 7.3067886e-001
 7.3054028e-001
 7.3035908e-001
 7.3015141e-001
 7.2993433e-001
 7.2972399e-001
 7.2953480e-001
 7.2937912e-001
 7.2919953e-001
 7.2913265e-001
 7.2912657e-001
 7.2918606e-001
 7.2931272e-001
 7.2950304e-001
 7.2974700e-001
 7.3002934e-001
 7.3033082e-001
 7.3063022e-001
 7.3090607e-001
 7.3113722e-001
 7.3130453e-001
 7.3139268e-001
 7.3139155e-001
 7.3129827e-001
 7.3111683e-001
 7.3085821e-001
 7.3053807e-001
 7.3017550e-001
 7.2979075e-001
 7.2940427e-001
 7.2903562e-001
 7.2870147e-001
 7.2841412e-001
 7.2817934e-001
 7.2799575e-001
 7.2785538e-001
 7.2774571e-001
 7.2765118e-001
 7.2755516e-001
 7.2744089e-001
 7.2729266e-001
 7.2709703e-001
 7.2684455e-001
 7.2653103e-001
 7.2615808e-001
 7.2573268e-001
 7.2526574e-001
 7.2477025e-001
 7.2426057e-001
 7.2375089e-001
 7.2325492e-001
 7.2278452e-001
 7.2234869e-001
 7.2195256e-001
 7.2159654e-001
 7.2127748e-001
 7.2098905e-001
 7.2072321e-001
 7.2047102e-001
 7.2022325e-001
 7.1997035e-001
 7.1970254e-001
 7.1940970e-001
 7.1908128e-001
 7.1870595e-001
 7.1827215e-001
 7.1776795e-001
 7.1718097e-001
 7.1649915e-001
 7.1571022e-001
 7.1480274e-001
 7.1376663e-001
 7.1259314e-001
 7.1127659e-001
 7.0981443e-001
 7.0820606e-001
 7.0645350e-001
 7.0455927e-001
 7.0252699e-001
 7.0036030e-001
 6.9806182e-001
 6.9563437e-001
 6.9307828e-001
 6.9039267e-001
 6.8757480e-001
 6.8461883e-001
 6.8151891e-001
 6.7826706e-001
 6.7485589e-001
 6.7127830e-001
 6.6752672e-001
 6.6359687e-001
 6.5948528e-001
 6.5519357e-001
 6.5072739e-001
 6.4609468e-001
 6.4130729e-001
 6.3637906e-001
 6.3132310e-001
 6.2615579e-001
 6.2089336e-001
 6.1555737e-001
 6.1017603e-001
 6.0478407e-001
 5.9942842e-001
 5.9416193e-001
 5.8904576e-001
 5.8414459e-001
 5.7952291e-001
 5.7524669e-001
 5.7137644e-001
 5.6796700e-001
 5.6506085e-001
 5.6268311e-001
 5.6084168e-001
 5.5952728e-001
 5.5871898e-001
 5.5838841e-001
 5.5850327e-001
 5.5902988e-001
 5.5993348e-001
 5.6117803e-001
 5.6272542e-001
 5.6453556e-001
 5.6656504e-001
 5.6876779e-001
 5.7109666e-001
 5.7350254e-001
 5.7593709e-001
 5.7835203e-001
 5.8070159e-001
 5.8294600e-001
 5.8505350e-001
 5.8700508e-001
 5.8879429e-001
 5.9042686e-001
 5.9191763e-001
 5.9328628e-001
 5.9455532e-001
 5.9574753e-001
 5.9688467e-001
 5.9798652e-001
 5.9906805e-001
 6.0013902e-001
 6.0120243e-001
 6.0225552e-001
 6.0329163e-001
 6.0430121e-001
 6.0527372e-001
 6.0619873e-001
 6.0706615e-001
 6.0786855e-001
 6.0860151e-001
 6.0926515e-001
 6.0986525e-001
 6.1041170e-001
 6.1091828e-001
 6.1140043e-001
 6.1187458e-001
 6.1235726e-001
 6.1286396e-001
 6.1340821e-001
 6.1399966e-001
 6.1464339e-001
 6.1533916e-001
 6.1608154e-001
 6.1686194e-001
 6.1766946e-001
 6.1849201e-001
 6.1931753e-001
 6.2013400e-001
 6.2092990e-001
 6.2169516e-001
 6.2242091e-001
 6.2310022e-001
 6.2372762e-001
 6.2429851e-001
 6.2480950e-001
 6.2525719e-001
 6.2563902e-001
 6.2595326e-001
 6.2620002e-001
 6.2638289e-001
 6.2650943e-001
 6.2659228e-001
 6.2664825e-001
 6.2669730e-001
 6.2676132e-001
 6.2686282e-001
 6.2702388e-001
 6.2726480e-001
 6.2760156e-001
 6.2804353e-001
 6.2859058e-001
 6.2923253e-001
 6.2994969e-001
 6.3071561e-001
 6.3150001e-001
 6.3227051e-001
 6.3299513e-001
 6.3364393e-001
 6.3419169e-001
 6.3462120e-001
 6.3492608e-001
 6.3511175e-001
 6.3519472e-001
 6.3519931e-001
 6.3515460e-001
 6.3509184e-001
 6.3504231e-001
 6.3503569e-001
 6.3509762e-001
 6.3524699e-001
 6.3549346e-001
 6.3583648e-001
 6.3626653e-001
 6.3676715e-001
 6.3731772e-001
 6.3789606e-001
 6.3847971e-001
 6.3904721e-001
 6.3958019e-001
 6.4006543e-001
 6.4049584e-001
 6.4087224e-001
 6.4120203e-001
 6.4149761e-001
 6.4177406e-001
 6.4204800e-001
 6.4233625e-001
 6.4265424e-001
 6.4301533e-001
 6.4342886e-001
 6.4389825e-001
 6.4442110e-001
 6.4498967e-001
 6.4559168e-001
 6.4621276e-001
 6.4683735e-001
 6.4744997e-001
 6.4803541e-001
 6.4858061e-001
 6.4907557e-001
 6.4951396e-001
 6.4989436e-001
 6.5021944e-001
 6.5049452e-001
 6.5072703e-001
 6.5092516e-001
 6.5109730e-001
 6.5125114e-001
 6.5139371e-001
 6.5153003e-001
 6.5166259e-001
 6.5179145e-001
 6.5191406e-001
 6.5202612e-001
 6.5212220e-001
 6.5219653e-001
 6.5224326e-001
 6.5225703e-001
 6.5223360e-001
 6.5217066e-001
 6.5206832e-001
 6.5192950e-001
 6.5175962e-001
 6.5156609e-001
 6.5135723e-001
 6.5114200e-001
 6.5092933e-001
 6.5072763e-001
 6.5054399e-001
 6.5038383e-001
 6.5024990e-001
 6.5014195e-001
 6.5005714e-001
 6.4999086e-001
 6.4993709e-001
 6.4988935e-001
 6.4984083e-001
 6.4978451e-001
 6.4971280e-001
 6.4961767e-001
 6.4949000e-001
 6.4931995e-001
 6.4909649e-001
 6.4880830e-001
 6.4844352e-001
 6.4799017e-001
 6.4743733e-001
 6.4677548e-001
 6.4599842e-001
 6.4510649e-001
 6.4410728e-001
 6.4301741e-001
 6.4186114e-001
 6.4066941e-001
 6.3947576e-001
 6.3831520e-001
 6.3722318e-001
 6.3623244e-001
 6.3537091e-001
 6.3465953e-001
 6.3410789e-001
 6.3371396e-001
 6.3346511e-001
 6.3334101e-001
 6.3331652e-001
 6.3336444e-001
 6.3345701e-001
 6.3356763e-001
 6.3367236e-001
 6.3375163e-001
 6.3379204e-001
 6.3378692e-001
 6.3373566e-001
 6.3364208e-001
 6.3351291e-001
 6.3335592e-001
 6.3317949e-001
 6.3299185e-001
 6.3280070e-001
 6.3261288e-001
 6.3243413e-001
 6.3226861e-001
 6.3211948e-001
 6.3198894e-001
 6.3187861e-001
 6.3178986e-001
 6.3172406e-001
 6.3168263e-001
 6.3166708e-001
 6.3167930e-001
 6.3172168e-001
 6.3179696e-001
 6.3190836e-001
 6.3205940e-001
 6.3225383e-001
 6.3249522e-001
 6.3278693e-001
 6.3313127e-001
 6.3352889e-001
 6.3397676e-001
 6.3446784e-001
 6.3499039e-001
 6.3552773e-001
 6.3606054e-001
 6.3656753e-001
 6.3702625e-001
 6.3741487e-001
 6.3771260e-001
 6.3790148e-001
 6.3796794e-001
 6.3790494e-001
 6.3771212e-001
 6.3739568e-001
 6.3696617e-001
 6.3643688e-001
 6.3582277e-001
 6.3513875e-001
 6.3439953e-001
 6.3361949e-001
 6.3281107e-001
 6.3198495e-001
 6.3114947e-001
 6.3031161e-001
 6.2947631e-001
 6.2864769e-001
 6.2782979e-001
 6.2702566e-001
 6.2623727e-001
 6.2546521e-001
 6.2470621e-001
 6.2395287e-001
 6.2319285e-001
 6.2240988e-001
 6.2158394e-001
 6.2069315e-001
 6.1971539e-001
 6.1862820e-001
 6.1741042e-001
 6.1604464e-001
 6.1451763e-001
 6.1282265e-001
 6.1096179e-001
 6.0894263e-001
 6.0677803e-001
 6.0448343e-001
 6.0207701e-001
 5.9957540e-001
 5.9699404e-001
 5.9434730e-001
 5.9164310e-001
 5.8888274e-001
 5.8606249e-001
 5.8317024e-001
 5.8018976e-001
 5.7710147e-001
 5.7388687e-001
 5.7052606e-001
 5.6700224e-001
 5.6330752e-001
 5.5944282e-001
 5.5542374e-001
 5.5128545e-001
 5.4707527e-001
 5.4285252e-001
 5.3868210e-001
 5.3463453e-001
 5.3077728e-001
 5.2717477e-001
 5.2388638e-001
 5.2095646e-001
 5.1841259e-001
 5.1626527e-001
 5.1450622e-001
 5.1311493e-001
 5.1206416e-001
 5.1132250e-001
 5.1085794e-001
 5.1064003e-001
 5.1064193e-001
 5.1084328e-001
 5.1123244e-001
 5.1180714e-001
 5.1257414e-001
 5.1354665e-001
 5.1474100e-001
 5.1617575e-001
 5.1786900e-001
 5.1983696e-001
 5.2208924e-001
 5.2462828e-001
 5.2744472e-001
 5.3051430e-001
 5.3380275e-001
 5.3726739e-001
 5.4085791e-001
 5.4452425e-001
 5.4821616e-001
 5.5188304e-001
 5.5548161e-001
 5.5897605e-001
 5.6234217e-001
 5.6556582e-001
 5.6864631e-001
 5.7159102e-001
 5.7441008e-001
 5.7711810e-001
 5.7973015e-001
 5.8225888e-001
 5.8471709e-001
 5.8711398e-001
 5.8945513e-001
 5.9173995e-001
 5.9396553e-001
 5.9612590e-001
 5.9821153e-001
 6.0021400e-001
 6.0212457e-001
 6.0393417e-001
 6.0563672e-001
 6.0722941e-001
 6.0871249e-001
 6.1009198e-001
 6.1137795e-001
 6.1258376e-001
 6.1372375e-001
 6.1481392e-001
 6.1586970e-001
 6.1690420e-001
 6.1792743e-001
 6.1894327e-001
 6.1994630e-001
 6.2092257e-001
 6.2184924e-001
 6.2269759e-001
 6.2343466e-001
 6.2402666e-001
 6.2444013e-001
 6.2464434e-001
 6.2461549e-001
 6.2434024e-001
 6.2382019e-001
 6.2307316e-001
 6.2213147e-001
 6.2103885e-001
 6.1984491e-001
 6.1860222e-001
 6.1736292e-001
 6.1617702e-001
 6.1508685e-001
 6.1412328e-001
 6.1330217e-001
 6.1262113e-001
 6.1206251e-001
 6.1159730e-001
 6.1118925e-001
 6.1079895e-001
 6.1038661e-001
 6.0991412e-001
 6.0934711e-001
 6.0865813e-001
 6.0782951e-001
 6.0685337e-001
 6.0573119e-001
 6.0447204e-001
 6.0308832e-001
 6.0159445e-001
 6.0000646e-001
 5.9833914e-001
 5.9660685e-001
 5.9482217e-001
 5.9299684e-001
 5.9113932e-001
 5.8925593e-001
 5.8735299e-001
 5.8543456e-001
 5.8350426e-001
 5.8156681e-001
 5.7962549e-001
 5.7768375e-001
 5.7574433e-001
 5.7381082e-001
 5.7188493e-001
 5.6996793e-001
 5.6806219e-001
 5.6616849e-001
 5.6428736e-001
 5.6242090e-001
 5.6056982e-001
 5.5873537e-001
 5.5691862e-001
 5.5512220e-001
 5.5334783e-001
 5.5159748e-001
 5.4987466e-001
 5.4818171e-001
 5.4652107e-001
 5.4489648e-001
 5.4331046e-001
 5.4176599e-001
 5.4026735e-001
 5.3881818e-001
 5.3742296e-001
 5.3608644e-001
 5.3481448e-001
 5.3361231e-001
 5.3248525e-001
 5.3143924e-001
 5.3047931e-001
 5.2961010e-001
 5.2883571e-001
 5.2815884e-001
 5.2758098e-001
 5.2710229e-001
 5.2672261e-001
 5.2644086e-001
 5.2625555e-001
 5.2616543e-001
 5.2616853e-001
 5.2626270e-001
 5.2644479e-001
 5.2671045e-001
 5.2705419e-001
 5.2746910e-001
 5.2794772e-001
 5.2848220e-001
 5.2906454e-001
 5.2968627e-001
 5.3033924e-001
 5.3101492e-001
 5.3170371e-001
 5.3239596e-001
 5.3308094e-001
 5.3374684e-001
 5.3438169e-001
 5.3497320e-001
 5.3550905e-001
 5.3597665e-001
 5.3636426e-001
 5.3666019e-001
 5.3685325e-001
 5.3693354e-001
 5.3689188e-001
 5.3672290e-001
 5.3645623e-001
 5.3610450e-001
 5.3568047e-001
 5.3519666e-001
 5.3466606e-001
 5.3410131e-001
 5.3351492e-001
 5.3291988e-001
 5.3232771e-001
 5.3174174e-001
 5.3116018e-001
 5.3058124e-001
 5.3000307e-001
 5.2942425e-001
 5.2884287e-001
 5.2825713e-001
 5.2766532e-001
 5.2706575e-001
 5.2645677e-001
 5.2583653e-001
 5.2520311e-001
 5.2455509e-001
 5.2389079e-001
 5.2321011e-001
 5.2251351e-001
 5.2180147e-001
 5.2107507e-001
 5.2033466e-001
 5.1958084e-001
 5.1881409e-001
 5.1803547e-001
 5.1724529e-001
 5.1644421e-001
 5.1563269e-001
 5.1481169e-001
 5.1398176e-001
 5.1314330e-001
 5.1229715e-001
 5.1144361e-001
 5.1058370e-001
 5.0971800e-001
 5.0884843e-001
 5.0797719e-001
 5.0710726e-001
 5.0624096e-001
 5.0538075e-001
 5.0452882e-001
 5.0368834e-001
 5.0286132e-001
 5.0205046e-001
 5.0125819e-001
 5.0048685e-001
 4.9973923e-001
 4.9901772e-001
 4.9832478e-001
 4.9766281e-001
 4.9703452e-001
 4.9644238e-001
 4.9588880e-001
 4.9537617e-001
 4.9490729e-001
 4.9448448e-001
 4.9410984e-001
 4.9378231e-001
 4.9349943e-001
 4.9325836e-001
 4.9305651e-001
 4.9289116e-001
 4.9275964e-001
 4.9265927e-001
 4.9258748e-001
 4.9254143e-001
 4.9251860e-001
 4.9251631e-001
 4.9253184e-001
 4.9256244e-001
 4.9260560e-001
 4.9265862e-001
 4.9271873e-001
 4.9278337e-001
 4.9284980e-001
 4.9291539e-001
 4.9297744e-001
 4.9303332e-001
 4.9308035e-001
 4.9311584e-001
 4.9313712e-001
 4.9314153e-001
 4.9312666e-001
 4.9309221e-001
 4.9303898e-001
 4.9296772e-001
 4.9287921e-001
 4.9277419e-001
 4.9265340e-001
 4.9251768e-001
 4.9236777e-001
 4.9220446e-001
 4.9202847e-001
 4.9184066e-001
 4.9164170e-001
 4.9143237e-001
 4.9121350e-001
 4.9098584e-001
 4.9075016e-001
 4.9050725e-001
 4.9025768e-001
 4.9000257e-001
 4.8974246e-001
 4.8947811e-001
 4.8921043e-001
 4.8894003e-001
 4.8866779e-001
 4.8839447e-001
 4.8812079e-001
 4.8784748e-001
 4.8757544e-001
 4.8730537e-001
 4.8703799e-001
 4.8677343e-001
 4.8651186e-001
 4.8625311e-001
