s07_ASD Record=13874: Muscovite-medlowAl CU91-250A ASDNGb AREF
-1.2300000e+034
 3.0339324e-001
 3.0443797e-001
 3.0554929e-001
 3.0669320e-001
 3.0827695e-001
 3.0940443e-001
 3.1044096e-001
 3.1182715e-001
 3.1323928e-001
 3.1461322e-001
 3.1595680e-001
 3.1732547e-001
 3.1877583e-001
 3.2024360e-001
 3.2171008e-001
 3.2323581e-001
 3.2471702e-001
 3.2619664e-001
 3.2774746e-001
 3.2942700e-001
 3.3115476e-001
 3.3290204e-001
 3.3468789e-001
 3.3664030e-001
 3.3859158e-001
 3.4050807e-001
 3.4258857e-001
 3.4464923e-001
 3.4668651e-001
 3.4874651e-001
 3.5087028e-001
 3.5300082e-001
 3.5516572e-001
 3.5742724e-001
 3.5972190e-001
 3.6194950e-001
 3.6413455e-001
 3.6648434e-001
 3.6891603e-001
 3.7138796e-001
 3.7387067e-001
 3.7635162e-001
 3.7875831e-001
 3.8111705e-001
 3.8349381e-001
 3.8569167e-001
 3.8788682e-001
 3.9015239e-001
 3.9234492e-001
 3.9444950e-001
 3.9649701e-001
 3.9850077e-001
 4.0033349e-001
 4.0217620e-001
 4.0404603e-001
 4.0584067e-001
 4.0746942e-001
 4.0904909e-001
 4.1065690e-001
 4.1225699e-001
 4.1378546e-001
 4.1525677e-001
 4.1670793e-001
 4.1816059e-001
 4.1956636e-001
 4.2094001e-001
 4.2234349e-001
 4.2377812e-001
 4.2520463e-001
 4.2660514e-001
 4.2800856e-001
 4.2939880e-001
 4.3078649e-001
 4.3218964e-001
 4.3360829e-001
 4.3502927e-001
 4.3645930e-001
 4.3792200e-001
 4.3938327e-001
 4.4087118e-001
 4.4239926e-001
 4.4391295e-001
 4.4545844e-001
 4.4703180e-001
 4.4860876e-001
 4.5020315e-001
 4.5178950e-001
 4.5336550e-001
 4.5495889e-001
 4.5652917e-001
 4.5809075e-001
 4.5965740e-001
 4.6119785e-001
 4.6272534e-001
 4.6424580e-001
 4.6576214e-001
 4.6726742e-001
 4.6875072e-001
 4.7020006e-001
 4.7160482e-001
 4.7296393e-001
 4.7427404e-001
 4.7553086e-001
 4.7674078e-001
 4.7790143e-001
 4.7901163e-001
 4.8007384e-001
 4.8111215e-001
 4.8211709e-001
 4.8308155e-001
 4.8402143e-001
 4.8492411e-001
 4.8580682e-001
 4.8669687e-001
 4.8756218e-001
 4.8840833e-001
 4.8924661e-001
 4.9009240e-001
 4.9092451e-001
 4.9175686e-001
 4.9260256e-001
 4.9345139e-001
 4.9429935e-001
 4.9514645e-001
 4.9599701e-001
 4.9687913e-001
 4.9776691e-001
 4.9864817e-001
 4.9954957e-001
 5.0047266e-001
 5.0141352e-001
 5.0236624e-001
 5.0333428e-001
 5.0432223e-001
 5.0533015e-001
 5.0634921e-001
 5.0738937e-001
 5.0846010e-001
 5.0956279e-001
 5.1067311e-001
 5.1179504e-001
 5.1293719e-001
 5.1410586e-001
 5.1527667e-001
 5.1645774e-001
 5.1765472e-001
 5.1886719e-001
 5.2009064e-001
 5.2133054e-001
 5.2258879e-001
 5.2384937e-001
 5.2510673e-001
 5.2636641e-001
 5.2763683e-001
 5.2891183e-001
 5.3018904e-001
 5.3146893e-001
 5.3275603e-001
 5.3405654e-001
 5.3536332e-001
 5.3666973e-001
 5.3798366e-001
 5.3930193e-001
 5.4062599e-001
 5.4195815e-001
 5.4328460e-001
 5.4461300e-001
 5.4594910e-001
 5.4727662e-001
 5.4861248e-001
 5.4995298e-001
 5.5128443e-001
 5.5260378e-001
 5.5393887e-001
 5.5529618e-001
 5.5664575e-001
 5.5798942e-001
 5.5933088e-001
 5.6067228e-001
 5.6199795e-001
 5.6331956e-001
 5.6464070e-001
 5.6595653e-001
 5.6728828e-001
 5.6861901e-001
 5.6993657e-001
 5.7125795e-001
 5.7257652e-001
 5.7388830e-001
 5.7518780e-001
 5.7646739e-001
 5.7773423e-001
 5.7898843e-001
 5.8021903e-001
 5.8143413e-001
 5.8263290e-001
 5.8381289e-001
 5.8496457e-001
 5.8609200e-001
 5.8719814e-001
 5.8828360e-001
 5.8935219e-001
 5.9040707e-001
 5.9144843e-001
 5.9247327e-001
 5.9348315e-001
 5.9447306e-001
 5.9543753e-001
 5.9638429e-001
 5.9730959e-001
 5.9820974e-001
 5.9908003e-001
 5.9992301e-001
 6.0075080e-001
 6.0157084e-001
 6.0237259e-001
 6.0315400e-001
 6.0391659e-001
 6.0466039e-001
 6.0538143e-001
 6.0608029e-001
 6.0675842e-001
 6.0741770e-001
 6.0805166e-001
 6.0867769e-001
 6.0931212e-001
 6.0992545e-001
 6.1051613e-001
 6.1109263e-001
 6.1167181e-001
 6.1225164e-001
 6.1283475e-001
 6.1341757e-001
 6.1397791e-001
 6.1453265e-001
 6.1507505e-001
 6.1558867e-001
 6.1607522e-001
 6.1654443e-001
 6.1700219e-001
 6.1744732e-001
 6.1788279e-001
 6.1831635e-001
 6.1875343e-001
 6.1918157e-001
 6.1960113e-001
 6.2001246e-001
 6.2041527e-001
 6.2080973e-001
 6.2119764e-001
 6.2157851e-001
 6.2194735e-001
 6.2231183e-001
 6.2266701e-001
 6.2300777e-001
 6.2335128e-001
 6.2368977e-001
 6.2401843e-001
 6.2433642e-001
 6.2465036e-001
 6.2496251e-001
 6.2527233e-001
 6.2557298e-001
 6.2587065e-001
 6.2616485e-001
 6.2645376e-001
 6.2674618e-001
 6.2703454e-001
 6.2731826e-001
 6.2760967e-001
 6.2789446e-001
 6.2817502e-001
 6.2845761e-001
 6.2874746e-001
 6.2903410e-001
 6.2931621e-001
 6.2959921e-001
 6.2988532e-001
 6.3017082e-001
 6.3045341e-001
 6.3073552e-001
 6.3102120e-001
 6.3131213e-001
 6.3160914e-001
 6.3190174e-001
 6.3219404e-001
 6.3248646e-001
 6.3278055e-001
 6.3307703e-001
 6.3337094e-001
 6.3365549e-001
 6.3393384e-001
 6.3420516e-001
 6.3446999e-001
 6.3473386e-001
 6.3500738e-001
 6.3528824e-001
 6.3557506e-001
 6.3587397e-001
 6.3617975e-001
 6.3648891e-001
 6.3680106e-001
 6.3711935e-001
 6.3742810e-001
 6.3773400e-001
 6.3805234e-001
 6.3835996e-001
 6.3867784e-001
 6.3901293e-001
 6.3934010e-001
 6.3968080e-001
 6.4002681e-001
 6.4036667e-001
 6.4071101e-001
 6.4105397e-001
 6.4139616e-001
 6.4174294e-001
 6.4208663e-001
 6.4243269e-001
 6.4278460e-001
 6.4313298e-001
 6.4348686e-001
 6.4384234e-001
 6.4419192e-001
 6.4453477e-001
 6.4485765e-001
 6.4516276e-001
 6.4546591e-001
 6.4577484e-001
 6.4608753e-001
 6.4639831e-001
 6.4670092e-001
 6.4700645e-001
 6.4732349e-001
 6.4765972e-001
 6.4801270e-001
 6.4837146e-001
 6.4873141e-001
 6.4909375e-001
 6.4946067e-001
 6.4982343e-001
 6.5017635e-001
 6.5053326e-001
 6.5089822e-001
 6.5127379e-001
 6.5165800e-001
 6.5203565e-001
 6.5241855e-001
 6.5280730e-001
 6.5318787e-001
 6.5355760e-001
 6.5392846e-001
 6.5430665e-001
 6.5467620e-001
 6.5504676e-001
 6.5541726e-001
 6.5578139e-001
 6.5614241e-001
 6.5649492e-001
 6.5684426e-001
 6.5720665e-001
 6.5755981e-001
 6.5790403e-001
 6.5824455e-001
 6.5858310e-001
 6.5892035e-001
 6.5925884e-001
 6.5959954e-001
 6.5993500e-001
 6.6026580e-001
 6.6059130e-001
 6.6090941e-001
 6.6123080e-001
 6.6155005e-001
 6.6186148e-001
 6.6216916e-001
 6.6247249e-001
 6.6276568e-001
 6.6304576e-001
 6.6332752e-001
 6.6359991e-001
 6.6385341e-001
 6.6408485e-001
 6.6432446e-001
 6.6456801e-001
 6.6480494e-001
 6.6502315e-001
 6.6525632e-001
 6.6550815e-001
 6.6576463e-001
 6.6599745e-001
 6.6621184e-001
 6.6642314e-001
 6.6665059e-001
 6.6689360e-001
 6.6714013e-001
 6.6737729e-001
 6.6759306e-001
 6.6781908e-001
 6.6806024e-001
 6.6830671e-001
 6.6853505e-001
 6.6876042e-001
 6.6897869e-001
 6.6918081e-001
 6.6937572e-001
 6.6956186e-001
 6.6974068e-001
 6.6991717e-001
 6.7010134e-001
 6.7028499e-001
 6.7045879e-001
 6.7062545e-001
 6.7078614e-001
 6.7094332e-001
 6.7109978e-001
 6.7125714e-001
 6.7140698e-001
 6.7154598e-001
 6.7167830e-001
 6.7180479e-001
 6.7192745e-001
 6.7204922e-001
 6.7217356e-001
 6.7229563e-001
 6.7241168e-001
 6.7251998e-001
 6.7262280e-001
 6.7272514e-001
 6.7282802e-001
 6.7292893e-001
 6.7302036e-001
 6.7310393e-001
 6.7318189e-001
 6.7325473e-001
 6.7332184e-001
 6.7338657e-001
 6.7344701e-001
 6.7348474e-001
 6.7352051e-001
 6.7355990e-001
 6.7360294e-001
 6.7365527e-001
 6.7370987e-001
 6.7375886e-001
 6.7379940e-001
 6.7384005e-001
 6.7387211e-001
 6.7389709e-001
 6.7393416e-001
 6.7396855e-001
 6.7400283e-001
 6.7404056e-001
 6.7407107e-001
 6.7410815e-001
 6.7414886e-001
 6.7418808e-001
 6.7423975e-001
 6.7427808e-001
 6.7430186e-001
 6.7432874e-001
 6.7434150e-001
 6.7435074e-001
 6.7436373e-001
 6.7437786e-001
 6.7438817e-001
 6.7439389e-001
 6.7439520e-001
 6.7439151e-001
 6.7438114e-001
 6.7436898e-001
 6.7436081e-001
 6.7435098e-001
 6.7434227e-001
 6.7433226e-001
 6.7431557e-001
 6.7429543e-001
 6.7427564e-001
 6.7425740e-001
 6.7423826e-001
 6.7422992e-001
 6.7421544e-001
 6.7418545e-001
 6.7415339e-001
 6.7412668e-001
 6.7409790e-001
 6.7406231e-001
 6.7403591e-001
 6.7400980e-001
 6.7398304e-001
 6.7395753e-001
 6.7392951e-001
 6.7389899e-001
 6.7386752e-001
 6.7383671e-001
 6.7380613e-001
 6.7378259e-001
 6.7376345e-001
 6.7373544e-001
 6.7370683e-001
 6.7368257e-001
 6.7366207e-001
 6.7363447e-001
 6.7361009e-001
 6.7358726e-001
 6.7356312e-001
 6.7354429e-001
 6.7351937e-001
 6.7349529e-001
 6.7348045e-001
 6.7346030e-001
 6.7344141e-001
 6.7342627e-001
 6.7341477e-001
 6.7341119e-001
 6.7341816e-001
 6.7342520e-001
 6.7341149e-001
 6.7341202e-001
 6.7342120e-001
 6.7343140e-001
 6.7344391e-001
 6.7347074e-001
 6.7349845e-001
 6.7352092e-001
 6.7356187e-001
 6.7360258e-001
 6.7364013e-001
 6.7367810e-001
 6.7372352e-001
 6.7375982e-001
 6.7379665e-001
 6.7384899e-001
 6.7389810e-001
 6.7395240e-001
 6.7401481e-001
 6.7408085e-001
 6.7413646e-001
 6.7419475e-001
 6.7426270e-001
 6.7433703e-001
 6.7440587e-001
 6.7447627e-001
 6.7455596e-001
 6.7464781e-001
 6.7472839e-001
 6.7481303e-001
 6.7490858e-001
 6.7499721e-001
 6.7510116e-001
 6.7521024e-001
 6.7531288e-001
 6.7540544e-001
 6.7551345e-001
 6.7562515e-001
 6.7572659e-001
 6.7583042e-001
 6.7593598e-001
 6.7605203e-001
 6.7618680e-001
 6.7633218e-001
 6.7646766e-001
 6.7659694e-001
 6.7673463e-001
 6.7688596e-001
 6.7703396e-001
 6.7718256e-001
 6.7734325e-001
 6.7749184e-001
 6.7764324e-001
 6.7780286e-001
 6.7796665e-001
 6.7813021e-001
 6.7829520e-001
 6.7846680e-001
 6.7864954e-001
 6.7882955e-001
 6.7900085e-001
 6.7917025e-001
 6.7935258e-001
 6.7952096e-001
 6.7967910e-001
 6.7984188e-001
 6.8002665e-001
 6.8020129e-001
 6.8036306e-001
 6.8052524e-001
 6.8071026e-001
 6.8087107e-001
 6.8102115e-001
 6.8117356e-001
 6.8132460e-001
 6.8146592e-001
 6.8159801e-001
 6.8172067e-001
 6.8183124e-001
 6.8191820e-001
 6.8198085e-001
 6.8202341e-001
 6.8205220e-001
 6.8203706e-001
 6.8201274e-001
 6.8199825e-001
 6.8195587e-001
 6.8189514e-001
 6.8183976e-001
 6.8181092e-001
 6.8181431e-001
 6.8181133e-001
 6.8181574e-001
 6.8185794e-001
 6.8196869e-001
 6.8210703e-001
 6.8229240e-001
 6.8253428e-001
 6.8280309e-001
 6.8312579e-001
 6.8349224e-001
 6.8388993e-001
 6.8431842e-001
 6.8473148e-001
 6.8516022e-001
 6.8560773e-001
 6.8600291e-001
 6.8635470e-001
 6.8669337e-001
 6.8703276e-001
 6.8734539e-001
 6.8762195e-001
 6.8787998e-001
 6.8812782e-001
 6.8835050e-001
 6.8853724e-001
 6.8873692e-001
 6.8896568e-001
 6.8917626e-001
 6.8933433e-001
 6.8949586e-001
 6.8967175e-001
 6.8980402e-001
 6.8996686e-001
 6.9011384e-001
 6.9024223e-001
 6.9040751e-001
 6.9054997e-001
 6.9067049e-001
 6.9079608e-001
 6.9095576e-001
 6.9109893e-001
 6.9125289e-001
 6.9129288e-001
 6.9141197e-001
 6.9152915e-001
 6.9164497e-001
 6.9176018e-001
 6.9187540e-001
 6.9199097e-001
 6.9210738e-001
 6.9222468e-001
 6.9234270e-001
 6.9246107e-001
 6.9257933e-001
 6.9269693e-001
 6.9281334e-001
 6.9292814e-001
 6.9304115e-001
 6.9315243e-001
 6.9326204e-001
 6.9337022e-001
 6.9347703e-001
 6.9358277e-001
 6.9368744e-001
 6.9379121e-001
 6.9389403e-001
 6.9399595e-001
 6.9409692e-001
 6.9419676e-001
 6.9429535e-001
 6.9439238e-001
 6.9448775e-001
 6.9458145e-001
 6.9467372e-001
 6.9476509e-001
 6.9485641e-001
 6.9494855e-001
 6.9504237e-001
 6.9513863e-001
 6.9523764e-001
 6.9533956e-001
 6.9544417e-001
 6.9555086e-001
 6.9565916e-001
 6.9576842e-001
 6.9587803e-001
 6.9598746e-001
 6.9609630e-001
 6.9620413e-001
 6.9631052e-001
 6.9641507e-001
 6.9651741e-001
 6.9661725e-001
 6.9671440e-001
 6.9680905e-001
 6.9690156e-001
 6.9699270e-001
 6.9708359e-001
 6.9717526e-001
 6.9726878e-001
 6.9736511e-001
 6.9746447e-001
 6.9756693e-001
 6.9767213e-001
 6.9777936e-001
 6.9788796e-001
 6.9799721e-001
 6.9810665e-001
 6.9821608e-001
 6.9832522e-001
 6.9843423e-001
 6.9854307e-001
 6.9865191e-001
 6.9876081e-001
 6.9886994e-001
 6.9897950e-001
 6.9908977e-001
 6.9920099e-001
 6.9931340e-001
 6.9942725e-001
 6.9954270e-001
 6.9965982e-001
 6.9977874e-001
 6.9989961e-001
 7.0002240e-001
 7.0014721e-001
 7.0027417e-001
 7.0040321e-001
 7.0053422e-001
 7.0066720e-001
 7.0080185e-001
 7.0093793e-001
 7.0107526e-001
 7.0121366e-001
 7.0135307e-001
 7.0149350e-001
 7.0163506e-001
 7.0177805e-001
 7.0192277e-001
 7.0206958e-001
 7.0221871e-001
 7.0237046e-001
 7.0252496e-001
 7.0268226e-001
 7.0284224e-001
 7.0300448e-001
 7.0316869e-001
 7.0333439e-001
 7.0350122e-001
 7.0366883e-001
 7.0383698e-001
 7.0400572e-001
 7.0417511e-001
 7.0434546e-001
 7.0451695e-001
 7.0468986e-001
 7.0486450e-001
 7.0504093e-001
 7.0521939e-001
 7.0539981e-001
 7.0558220e-001
 7.0576638e-001
 7.0595223e-001
 7.0613927e-001
 7.0632720e-001
 7.0651567e-001
 7.0670414e-001
 7.0689243e-001
 7.0708025e-001
 7.0726758e-001
 7.0745456e-001
 7.0764136e-001
 7.0782822e-001
 7.0801520e-001
 7.0820236e-001
 7.0838964e-001
 7.0857662e-001
 7.0876306e-001
 7.0894843e-001
 7.0913243e-001
 7.0931458e-001
 7.0949483e-001
 7.0967311e-001
 7.0984966e-001
 7.1002495e-001
 7.1019971e-001
 7.1037477e-001
 7.1055102e-001
 7.1072942e-001
 7.1091068e-001
 7.1109533e-001
 7.1128356e-001
 7.1147537e-001
 7.1167040e-001
 7.1186829e-001
 7.1206862e-001
 7.1227092e-001
 7.1247500e-001
 7.1268082e-001
 7.1288848e-001
 7.1309799e-001
 7.1330953e-001
 7.1352303e-001
 7.1373808e-001
 7.1395421e-001
 7.1417081e-001
 7.1438730e-001
 7.1460330e-001
 7.1481860e-001
 7.1503329e-001
 7.1524763e-001
 7.1546209e-001
 7.1567720e-001
 7.1589333e-001
 7.1611077e-001
 7.1632975e-001
 7.1655035e-001
 7.1677262e-001
 7.1699643e-001
 7.1722180e-001
 7.1744865e-001
 7.1767688e-001
 7.1790630e-001
 7.1813673e-001
 7.1836782e-001
 7.1859926e-001
 7.1883076e-001
 7.1906215e-001
 7.1929330e-001
 7.1952426e-001
 7.1975535e-001
 7.1998680e-001
 7.2021908e-001
 7.2045255e-001
 7.2068739e-001
 7.2092384e-001
 7.2116196e-001
 7.2140157e-001
 7.2164261e-001
 7.2188485e-001
 7.2212809e-001
 7.2237206e-001
 7.2261661e-001
 7.2286147e-001
 7.2310632e-001
 7.2335088e-001
 7.2359478e-001
 7.2383773e-001
 7.2407949e-001
 7.2431982e-001
 7.2455865e-001
 7.2479594e-001
 7.2503167e-001
 7.2526604e-001
 7.2549915e-001
 7.2573107e-001
 7.2596192e-001
 7.2619170e-001
 7.2642058e-001
 7.2664845e-001
 7.2687525e-001
 7.2710115e-001
 7.2732604e-001
 7.2755009e-001
 7.2777337e-001
 7.2799587e-001
 7.2821778e-001
 7.2843891e-001
 7.2865933e-001
 7.2887874e-001
 7.2909683e-001
 7.2931319e-001
 7.2952753e-001
 7.2973931e-001
 7.2994840e-001
 7.3015463e-001
 7.3035806e-001
 7.3055893e-001
 7.3075759e-001
 7.3095459e-001
 7.3115033e-001
 7.3134559e-001
 7.3154092e-001
 7.3173702e-001
 7.3193461e-001
 7.3213458e-001
 7.3233771e-001
 7.3254478e-001
 7.3275656e-001
 7.3297364e-001
 7.3319638e-001
 7.3342508e-001
 7.3365968e-001
 7.3389983e-001
 7.3414522e-001
 7.3439497e-001
 7.3464823e-001
 7.3490393e-001
 7.3516089e-001
 7.3541802e-001
 7.3567408e-001
 7.3592830e-001
 7.3617989e-001
 7.3642814e-001
 7.3667276e-001
 7.3691332e-001
 7.3714948e-001
 7.3738104e-001
 7.3760766e-001
 7.3782915e-001
 7.3804528e-001
 7.3825586e-001
 7.3846084e-001
 7.3866010e-001
 7.3885334e-001
 7.3904014e-001
 7.3921990e-001
 7.3939174e-001
 7.3955476e-001
 7.3970783e-001
 7.3984993e-001
 7.3998010e-001
 7.4009770e-001
 7.4020237e-001
 7.4029386e-001
 7.4037230e-001
 7.4043804e-001
 7.4049169e-001
 7.4053425e-001
 7.4056709e-001
 7.4059206e-001
 7.4061143e-001
 7.4062812e-001
 7.4064505e-001
 7.4066556e-001
 7.4069273e-001
 7.4072927e-001
 7.4077749e-001
 7.4083871e-001
 7.4091345e-001
 7.4100143e-001
 7.4110132e-001
 7.4121141e-001
 7.4132931e-001
 7.4145263e-001
 7.4157917e-001
 7.4170691e-001
 7.4183440e-001
 7.4196082e-001
 7.4208564e-001
 7.4220902e-001
 7.4233121e-001
 7.4245274e-001
 7.4257427e-001
 7.4269634e-001
 7.4281967e-001
 7.4294478e-001
 7.4307197e-001
 7.4320173e-001
 7.4333411e-001
 7.4346912e-001
 7.4360681e-001
 7.4374717e-001
 7.4389029e-001
 7.4403650e-001
 7.4418598e-001
 7.4433923e-001
 7.4449664e-001
 7.4465847e-001
 7.4482489e-001
 7.4499607e-001
 7.4517196e-001
 7.4535245e-001
 7.4553746e-001
 7.4572676e-001
 7.4592018e-001
 7.4611723e-001
 7.4631733e-001
 7.4651963e-001
 7.4672300e-001
 7.4692595e-001
 7.4712664e-001
 7.4732322e-001
 7.4751353e-001
 7.4769562e-001
 7.4786758e-001
 7.4802780e-001
 7.4817497e-001
 7.4830812e-001
 7.4842638e-001
 7.4852908e-001
 7.4861562e-001
 7.4868500e-001
 7.4873638e-001
 7.4876839e-001
 7.4877965e-001
 7.4876851e-001
 7.4873346e-001
 7.4867278e-001
 7.4858505e-001
 7.4846888e-001
 7.4832296e-001
 7.4814618e-001
 7.4793750e-001
 7.4769592e-001
 7.4742055e-001
 7.4711025e-001
 7.4676389e-001
 7.4637997e-001
 7.4595654e-001
 7.4549127e-001
 7.4498117e-001
 7.4442261e-001
 7.4381113e-001
 7.4314129e-001
 7.4240643e-001
 7.4159813e-001
 7.4070609e-001
 7.3971748e-001
 7.3861611e-001
 7.3738283e-001
 7.3599422e-001
 7.3442364e-001
 7.3264134e-001
 7.3061442e-001
 7.2830981e-001
 7.2569346e-001
 7.2273469e-001
 7.1940732e-001
 7.1569127e-001
 7.1157694e-001
 7.0706671e-001
 7.0217472e-001
 6.9693142e-001
 6.9137889e-001
 6.8557382e-001
 6.7958325e-001
 6.7347932e-001
 6.6734076e-001
 6.6124344e-001
 6.5526241e-001
 6.4946759e-001
 6.4392084e-001
 6.3868070e-001
 6.3379884e-001
 6.2932634e-001
 6.2531465e-001
 6.2181592e-001
 6.1888772e-001
 6.1658967e-001
 6.1498374e-001
 6.1412942e-001
 6.1407900e-001
 6.1487198e-001
 6.1652988e-001
 6.1905134e-001
 6.2240899e-001
 6.2655073e-001
 6.3139921e-001
 6.3685638e-001
 6.4281112e-001
 6.4914089e-001
 6.5572363e-001
 6.6243815e-001
 6.6917115e-001
 6.7582339e-001
 6.8230629e-001
 6.8854934e-001
 6.9449484e-001
 7.0010018e-001
 7.0533824e-001
 7.1019173e-001
 7.1465665e-001
 7.1873635e-001
 7.2244185e-001
 7.2579122e-001
 7.2880507e-001
 7.3150814e-001
 7.3392558e-001
 7.3608291e-001
 7.3800611e-001
 7.3971915e-001
 7.4124461e-001
 7.4260384e-001
 7.4381566e-001
 7.4489748e-001
 7.4586457e-001
 7.4673039e-001
 7.4750721e-001
 7.4820542e-001
 7.4883461e-001
 7.4940300e-001
 7.4991798e-001
 7.5038618e-001
 7.5081354e-001
 7.5120562e-001
 7.5156736e-001
 7.5190353e-001
 7.5221890e-001
 7.5251788e-001
 7.5280499e-001
 7.5308460e-001
 7.5336075e-001
 7.5363725e-001
 7.5391746e-001
 7.5420386e-001
 7.5449848e-001
 7.5480229e-001
 7.5511581e-001
 7.5543875e-001
 7.5577027e-001
 7.5610936e-001
 7.5645453e-001
 7.5680423e-001
 7.5715667e-001
 7.5750989e-001
 7.5786209e-001
 7.5821143e-001
 7.5855625e-001
 7.5889528e-001
 7.5922745e-001
 7.5955212e-001
 7.5986898e-001
 7.6017779e-001
 7.6047862e-001
 7.6077151e-001
 7.6105648e-001
 7.6133364e-001
 7.6160306e-001
 7.6186490e-001
 7.6211923e-001
 7.6236659e-001
 7.6260728e-001
 7.6284182e-001
 7.6307082e-001
 7.6329458e-001
 7.6351368e-001
 7.6372838e-001
 7.6393896e-001
 7.6414561e-001
 7.6434863e-001
 7.6454830e-001
 7.6474518e-001
 7.6493984e-001
 7.6513314e-001
 7.6532578e-001
 7.6551849e-001
 7.6571172e-001
 7.6590568e-001
 7.6610023e-001
 7.6629484e-001
 7.6648891e-001
 7.6668155e-001
 7.6687205e-001
 7.6705992e-001
 7.6724476e-001
 7.6742661e-001
 7.6760572e-001
 7.6778233e-001
 7.6795691e-001
 7.6812971e-001
 7.6830071e-001
 7.6846993e-001
 7.6863724e-001
 7.6880223e-001
 7.6896465e-001
 7.6912421e-001
 7.6928067e-001
 7.6943386e-001
 7.6958370e-001
 7.6973039e-001
 7.6987398e-001
 7.7001488e-001
 7.7015346e-001
 7.7029020e-001
 7.7042538e-001
 7.7055931e-001
 7.7069217e-001
 7.7082402e-001
 7.7095503e-001
 7.7108508e-001
 7.7121431e-001
 7.7134287e-001
 7.7147084e-001
 7.7159846e-001
 7.7172595e-001
 7.7185351e-001
 7.7198142e-001
 7.7210981e-001
 7.7223891e-001
 7.7236885e-001
 7.7249968e-001
 7.7263147e-001
 7.7276421e-001
 7.7289766e-001
 7.7303189e-001
 7.7316660e-001
 7.7330178e-001
 7.7343744e-001
 7.7357364e-001
 7.7371037e-001
 7.7384788e-001
 7.7398628e-001
 7.7412552e-001
 7.7426553e-001
 7.7440619e-001
 7.7454710e-001
 7.7468783e-001
 7.7482802e-001
 7.7496725e-001
 7.7510524e-001
 7.7524185e-001
 7.7537692e-001
 7.7551061e-001
 7.7564287e-001
 7.7577400e-001
 7.7590400e-001
 7.7603304e-001
 7.7616131e-001
 7.7628863e-001
 7.7641499e-001
 7.7654004e-001
 7.7666336e-001
 7.7678448e-001
 7.7690274e-001
 7.7701783e-001
 7.7712941e-001
 7.7723742e-001
 7.7734214e-001
 7.7744395e-001
 7.7754349e-001
 7.7764142e-001
 7.7773821e-001
 7.7783436e-001
 7.7793002e-001
 7.7802509e-001
 7.7811939e-001
 7.7821267e-001
 7.7830452e-001
 7.7839476e-001
 7.7848327e-001
 7.7856994e-001
 7.7865493e-001
 7.7873838e-001
 7.7882046e-001
 7.7890134e-001
 7.7898121e-001
 7.7906018e-001
 7.7913839e-001
 7.7921563e-001
 7.7929193e-001
 7.7936697e-001
 7.7944046e-001
 7.7951205e-001
 7.7958149e-001
 7.7964854e-001
 7.7971339e-001
 7.7977616e-001
 7.7983737e-001
 7.7989751e-001
 7.7995712e-001
 7.8001672e-001
 7.8007668e-001
 7.8013712e-001
 7.8019798e-001
 7.8025919e-001
 7.8032058e-001
 7.8038204e-001
 7.8044349e-001
 7.8050494e-001
 7.8056657e-001
 7.8062838e-001
 7.8069055e-001
 7.8075302e-001
 7.8081584e-001
 7.8087872e-001
 7.8094149e-001
 7.8100395e-001
 7.8106594e-001
 7.8112721e-001
 7.8118795e-001
 7.8124815e-001
 7.8130811e-001
 7.8136808e-001
 7.8142852e-001
 7.8148955e-001
 7.8155148e-001
 7.8161424e-001
 7.8167760e-001
 7.8174132e-001
 7.8180498e-001
 7.8186798e-001
 7.8192997e-001
 7.8199053e-001
 7.8204924e-001
 7.8210592e-001
 7.8216046e-001
 7.8221291e-001
 7.8226352e-001
 7.8231257e-001
 7.8236061e-001
 7.8240818e-001
 7.8245562e-001
 7.8250319e-001
 7.8255099e-001
 7.8259903e-001
 7.8264713e-001
 7.8269517e-001
 7.8274316e-001
 7.8279126e-001
 7.8283983e-001
 7.8288913e-001
 7.8293973e-001
 7.8299183e-001
 7.8304565e-001
 7.8310108e-001
 7.8315789e-001
 7.8321546e-001
 7.8327328e-001
 7.8333050e-001
 7.8338647e-001
 7.8344065e-001
 7.8349268e-001
 7.8354222e-001
 7.8358942e-001
 7.8363436e-001
 7.8367740e-001
 7.8371888e-001
 7.8375924e-001
 7.8379887e-001
 7.8383797e-001
 7.8387666e-001
 7.8391504e-001
 7.8395289e-001
 7.8399003e-001
 7.8402627e-001
 7.8406161e-001
 7.8409600e-001
 7.8412980e-001
 7.8416318e-001
 7.8419632e-001
 7.8422928e-001
 7.8426200e-001
 7.8429419e-001
 7.8432542e-001
 7.8435534e-001
 7.8438377e-001
 7.8441066e-001
 7.8443611e-001
 7.8446019e-001
 7.8448308e-001
 7.8450459e-001
 7.8452438e-001
 7.8454173e-001
 7.8455585e-001
 7.8456587e-001
 7.8457099e-001
 7.8457075e-001
 7.8456509e-001
 7.8455418e-001
 7.8453869e-001
 7.8451931e-001
 7.8449678e-001
 7.8447163e-001
 7.8444427e-001
 7.8441459e-001
 7.8438246e-001
 7.8434741e-001
 7.8430909e-001
 7.8426719e-001
 7.8422165e-001
 7.8417242e-001
 7.8411990e-001
 7.8406447e-001
 7.8400660e-001
 7.8394687e-001
 7.8388578e-001
 7.8382391e-001
 7.8376156e-001
 7.8369915e-001
 7.8363693e-001
 7.8357482e-001
 7.8351289e-001
 7.8345090e-001
 7.8338856e-001
 7.8332555e-001
 7.8326166e-001
 7.8319669e-001
 7.8313047e-001
 7.8306305e-001
 7.8299457e-001
 7.8292519e-001
 7.8285527e-001
 7.8278524e-001
 7.8271538e-001
 7.8264636e-001
 7.8257865e-001
 7.8251284e-001
 7.8244948e-001
 7.8238910e-001
 7.8233212e-001
 7.8227866e-001
 7.8222883e-001
 7.8218240e-001
 7.8213888e-001
 7.8209782e-001
 7.8205884e-001
 7.8202146e-001
 7.8198558e-001
 7.8195131e-001
 7.8191882e-001
 7.8188854e-001
 7.8186089e-001
 7.8183597e-001
 7.8181398e-001
 7.8179461e-001
 7.8177744e-001
 7.8176200e-001
 7.8174782e-001
 7.8173459e-001
 7.8172231e-001
 7.8171104e-001
 7.8170103e-001
 7.8169245e-001
 7.8168547e-001
 7.8168005e-001
 7.8167593e-001
 7.8167266e-001
 7.8166968e-001
 7.8166616e-001
 7.8166121e-001
 7.8165376e-001
 7.8164274e-001
 7.8162700e-001
 7.8160566e-001
 7.8157812e-001
 7.8154415e-001
 7.8150409e-001
 7.8145862e-001
 7.8140879e-001
 7.8135568e-001
 7.8130043e-001
 7.8124416e-001
 7.8118688e-001
 7.8112942e-001
 7.8107184e-001
 7.8101397e-001
 7.8095514e-001
 7.8089458e-001
 7.8083110e-001
 7.8076327e-001
 7.8068948e-001
 7.8060836e-001
 7.8051865e-001
 7.8041995e-001
 7.8031212e-001
 7.8019577e-001
 7.8007179e-001
 7.7994102e-001
 7.7980435e-001
 7.7966219e-001
 7.7951461e-001
 7.7936149e-001
 7.7920252e-001
 7.7903754e-001
 7.7886689e-001
 7.7869123e-001
 7.7851170e-001
 7.7832967e-001
 7.7814645e-001
 7.7796274e-001
 7.7777869e-001
 7.7759355e-001
 7.7740610e-001
 7.7721471e-001
 7.7701801e-001
 7.7681518e-001
 7.7660644e-001
 7.7639312e-001
 7.7617782e-001
 7.7596414e-001
 7.7575648e-001
 7.7555937e-001
 7.7537698e-001
 7.7521253e-001
 7.7506816e-001
 7.7494442e-001
 7.7484059e-001
 7.7475452e-001
 7.7468336e-001
 7.7462339e-001
 7.7457082e-001
 7.7452141e-001
 7.7447104e-001
 7.7441543e-001
 7.7435023e-001
 7.7427113e-001
 7.7417386e-001
 7.7405411e-001
 7.7390790e-001
 7.7373135e-001
 7.7352047e-001
 7.7327126e-001
 7.7297926e-001
 7.7263939e-001
 7.7224571e-001
 7.7179116e-001
 7.7126783e-001
 7.7066737e-001
 7.6998127e-001
 7.6920205e-001
 7.6832318e-001
 7.6734030e-001
 7.6625121e-001
 7.6505500e-001
 7.6375300e-001
 7.6234663e-001
 7.6083785e-001
 7.5922805e-001
 7.5751704e-001
 7.5570422e-001
 7.5378698e-001
 7.5176251e-001
 7.4962735e-001
 7.4737692e-001
 7.4500716e-001
 7.4251300e-001
 7.3989022e-001
 7.3713547e-001
 7.3424608e-001
 7.3122317e-001
 7.2807193e-001
 7.2480184e-001
 7.2142988e-001
 7.1797782e-001
 7.1447515e-001
 7.1095699e-001
 7.0746219e-001
 7.0403469e-001
 7.0071882e-001
 6.9756037e-001
 6.9460350e-001
 6.9188774e-001
 6.8944865e-001
 6.8731380e-001
 6.8550366e-001
 6.8403000e-001
 6.8289542e-001
 6.8209511e-001
 6.8161595e-001
 6.8143898e-001
 6.8153971e-001
 6.8189007e-001
 6.8245935e-001
 6.8321604e-001
 6.8412864e-001
 6.8516684e-001
 6.8630296e-001
 6.8751162e-001
 6.8877053e-001
 6.9006091e-001
 6.9136655e-001
 6.9267440e-001
 6.9397342e-001
 6.9525468e-001
 6.9651163e-001
 6.9773865e-001
 6.9893217e-001
 7.0008928e-001
 7.0120811e-001
 7.0228773e-001
 7.0332718e-001
 7.0432615e-001
 7.0528406e-001
 7.0620042e-001
 7.0707518e-001
 7.0790792e-001
 7.0869893e-001
 7.0944875e-001
 7.1015823e-001
 7.1082932e-001
 7.1146405e-001
 7.1206498e-001
 7.1263528e-001
 7.1317756e-001
 7.1369439e-001
 7.1418768e-001
 7.1465868e-001
 7.1510834e-001
 7.1553695e-001
 7.1594512e-001
 7.1633333e-001
 7.1670234e-001
 7.1705353e-001
 7.1738803e-001
 7.1770746e-001
 7.1801305e-001
 7.1830601e-001
 7.1858740e-001
 7.1885812e-001
 7.1911937e-001
 7.1937233e-001
 7.1961832e-001
 7.1985894e-001
 7.2009552e-001
 7.2032923e-001
 7.2056115e-001
 7.2079211e-001
 7.2102284e-001
 7.2125387e-001
 7.2148573e-001
 7.2171897e-001
 7.2195393e-001
 7.2219098e-001
 7.2243011e-001
 7.2267139e-001
 7.2291464e-001
 7.2315967e-001
 7.2340631e-001
 7.2365463e-001
 7.2390443e-001
 7.2415602e-001
 7.2440946e-001
 7.2466481e-001
 7.2492194e-001
 7.2518039e-001
 7.2543943e-001
 7.2569799e-001
 7.2595507e-001
 7.2620964e-001
 7.2646135e-001
 7.2671074e-001
 7.2695911e-001
 7.2720861e-001
 7.2746176e-001
 7.2772098e-001
 7.2798830e-001
 7.2826499e-001
 7.2855151e-001
 7.2884768e-001
 7.2915280e-001
 7.2946632e-001
 7.2978723e-001
 7.3011494e-001
 7.3044848e-001
 7.3078704e-001
 7.3112947e-001
 7.3147428e-001
 7.3181999e-001
 7.3216504e-001
 7.3250800e-001
 7.3284739e-001
 7.3318213e-001
 7.3351187e-001
 7.3383611e-001
 7.3415530e-001
 7.3447001e-001
 7.3478085e-001
 7.3508853e-001
 7.3539346e-001
 7.3569548e-001
 7.3599410e-001
 7.3628825e-001
 7.3657686e-001
 7.3685837e-001
 7.3713136e-001
 7.3739457e-001
 7.3764688e-001
 7.3788732e-001
 7.3811549e-001
 7.3833084e-001
 7.3853338e-001
 7.3872340e-001
 7.3890132e-001
 7.3906749e-001
 7.3922247e-001
 7.3936653e-001
 7.3949981e-001
 7.3962259e-001
 7.3973548e-001
 7.3983926e-001
 7.3993522e-001
 7.4002504e-001
 7.4011052e-001
 7.4019313e-001
 7.4027407e-001
 7.4035382e-001
 7.4043232e-001
 7.4050885e-001
 7.4058223e-001
 7.4065083e-001
 7.4071258e-001
 7.4076527e-001
 7.4080646e-001
 7.4083400e-001
 7.4084610e-001
 7.4084175e-001
 7.4082071e-001
 7.4078333e-001
 7.4073040e-001
 7.4066281e-001
 7.4058104e-001
 7.4048525e-001
 7.4037510e-001
 7.4024993e-001
 7.4010897e-001
 7.3995149e-001
 7.3977691e-001
 7.3958498e-001
 7.3937535e-001
 7.3914760e-001
 7.3890090e-001
 7.3863393e-001
 7.3834503e-001
 7.3803192e-001
 7.3769242e-001
 7.3732454e-001
 7.3692691e-001
 7.3649848e-001
 7.3603886e-001
 7.3554838e-001
 7.3502749e-001
 7.3447675e-001
 7.3389733e-001
 7.3328972e-001
 7.3265439e-001
 7.3199189e-001
 7.3130196e-001
 7.3058420e-001
 7.2983801e-001
 7.2906369e-001
 7.2826171e-001
 7.2743368e-001
 7.2658294e-001
 7.2571379e-001
 7.2483140e-001
 7.2394240e-001
 7.2305286e-001
 7.2216868e-001
 7.2129452e-001
 7.2043449e-001
 7.1959066e-001
 7.1876413e-001
 7.1795589e-001
 7.1716595e-001
 7.1639472e-001
 7.1564370e-001
 7.1491462e-001
 7.1421009e-001
 7.1353412e-001
 7.1289063e-001
 7.1228391e-001
 7.1171761e-001
 7.1119505e-001
 7.1071810e-001
 7.1028745e-001
 7.0990324e-001
 7.0956469e-001
 7.0927083e-001
 7.0902079e-001
 7.0881349e-001
 7.0864731e-001
 7.0851982e-001
 7.0842749e-001
 7.0836520e-001
 7.0832658e-001
 7.0830411e-001
 7.0828944e-001
 7.0827436e-001
 7.0825088e-001
 7.0821190e-001
 7.0815128e-001
 7.0806384e-001
 7.0794529e-001
 7.0779139e-001
 7.0759791e-001
 7.0736051e-001
 7.0707399e-001
 7.0673299e-001
 7.0633221e-001
 7.0586622e-001
 7.0533001e-001
 7.0471954e-001
 7.0403081e-001
 7.0326036e-001
 7.0240521e-001
 7.0146328e-001
 7.0043236e-001
 6.9931054e-001
 6.9809705e-001
 6.9679052e-001
 6.9538957e-001
 6.9389397e-001
 6.9230241e-001
 6.9061363e-001
 6.8882757e-001
 6.8694311e-001
 6.8495959e-001
 6.8287551e-001
 6.8069088e-001
 6.7840374e-001
 6.7601144e-001
 6.7351240e-001
 6.7090237e-001
 6.6817611e-001
 6.6532934e-001
 6.6235489e-001
 6.5924585e-001
 6.5599442e-001
 6.5259540e-001
 6.4904249e-001
 6.4533061e-001
 6.4145923e-001
 6.3742733e-001
 6.3323605e-001
 6.2889135e-001
 6.2439811e-001
 6.1976278e-001
 6.1499679e-001
 6.1011004e-001
 6.0511571e-001
 6.0002846e-001
 5.9486943e-001
 5.8965951e-001
 5.8442253e-001
 5.7918924e-001
 5.7398897e-001
 5.6885308e-001
 5.6381792e-001
 5.5891711e-001
 5.5418557e-001
 5.4965651e-001
 5.4536498e-001
 5.4134053e-001
 5.3760976e-001
 5.3419805e-001
 5.3112400e-001
 5.2840197e-001
 5.2604413e-001
 5.2405685e-001
 5.2244407e-001
 5.2120739e-001
 5.2034771e-001
 5.1986408e-001
 5.1975518e-001
 5.2001905e-001
 5.2065217e-001
 5.2164912e-001
 5.2300072e-001
 5.2469468e-001
 5.2671486e-001
 5.2903968e-001
 5.3164566e-001
 5.3450614e-001
 5.3759402e-001
 5.4087991e-001
 5.4433697e-001
 5.4794019e-001
 5.5166346e-001
 5.5548477e-001
 5.5938333e-001
 5.6333637e-001
 5.6732440e-001
 5.7132727e-001
 5.7532626e-001
 5.7930022e-001
 5.8323169e-001
 5.8710408e-001
 5.9089893e-001
 5.9460163e-001
 5.9819829e-001
 6.0167372e-001
 6.0501689e-001
 6.0821837e-001
 6.1126918e-001
 6.1416537e-001
 6.1690545e-001
 6.1949188e-001
 6.2192816e-001
 6.2422293e-001
 6.2638682e-001
 6.2843114e-001
 6.3036990e-001
 6.3221765e-001
 6.3398731e-001
 6.3569206e-001
 6.3734293e-001
 6.3894922e-001
 6.4051664e-001
 6.4204991e-001
 6.4355189e-001
 6.4502323e-001
 6.4646482e-001
 6.4787710e-001
 6.4925969e-001
 6.5061295e-001
 6.5193748e-001
 6.5323240e-001
 6.5449733e-001
 6.5573066e-001
 6.5692997e-001
 6.5809059e-001
 6.5920788e-001
 6.6027641e-001
 6.6129011e-001
 6.6224426e-001
 6.6313517e-001
 6.6395968e-001
 6.6471636e-001
 6.6540420e-001
 6.6602266e-001
 6.6657048e-001
 6.6704661e-001
 6.6744936e-001
 6.6777629e-001
 6.6802496e-001
 6.6819251e-001
 6.6827625e-001
 6.6827375e-001
 6.6818309e-001
 6.6800326e-001
 6.6773403e-001
 6.6737616e-001
 6.6693091e-001
 6.6640037e-001
 6.6578633e-001
 6.6509044e-001
 6.6431499e-001
 6.6346186e-001
 6.6253370e-001
 6.6153437e-001
 6.6046798e-001
 6.5933919e-001
 6.5815181e-001
 6.5690923e-001
 6.5561205e-001
 6.5425825e-001
 6.5284455e-001
 6.5136504e-001
 6.4981335e-001
 6.4818496e-001
 6.4647615e-001
 6.4468598e-001
 6.4281774e-001
 6.4087635e-001
 6.3886917e-001
 6.3680434e-001
 6.3469160e-001
 6.3253880e-001
 6.3035238e-001
 6.2813908e-001
 6.2590253e-001
 6.2364525e-001
 6.2137026e-001
 6.1907792e-001
 6.1676854e-001
 6.1444128e-001
 6.1209619e-001
 6.0973167e-001
 6.0734606e-001
 6.0494000e-001
 6.0251361e-001
 6.0006845e-001
 5.9760958e-001
 5.9514213e-001
 5.9267282e-001
 5.9020799e-001
 5.8775520e-001
 5.8531851e-001
 5.8289993e-001
 5.8050156e-001
 5.7812262e-001
 5.7576269e-001
 5.7342464e-001
 5.7111192e-001
 5.6883109e-001
 5.6659293e-001
 5.6440890e-001
 5.6229240e-001
 5.6025767e-001
 5.5832100e-001
 5.5649799e-001
 5.5480456e-001
 5.5325788e-001
 5.5187291e-001
 5.5066317e-001
 5.4964042e-001
 5.4881191e-001
 5.4818141e-001
 5.4774845e-001
 5.4750884e-001
 5.4745477e-001
 5.4757547e-001
 5.4785782e-001
 5.4828668e-001
 5.4884547e-001
 5.4951549e-001
 5.5027759e-001
 5.5111158e-001
 5.5199641e-001
 5.5291194e-001
 5.5383849e-001
 5.5475825e-001
 5.5565453e-001
 5.5651343e-001
 5.5732304e-001
 5.5807287e-001
 5.5875474e-001
 5.5936211e-001
 5.5989003e-001
 5.6033647e-001
 5.6070167e-001
 5.6098866e-001
 5.6120259e-001
 5.6135017e-001
 5.6143880e-001
 5.6147569e-001
 5.6146818e-001
 5.6142348e-001
 5.6134903e-001
 5.6125289e-001
 5.6114340e-001
 5.6102872e-001
 5.6091577e-001
 5.6080931e-001
 5.6071132e-001
 5.6062073e-001
 5.6053317e-001
 5.6044215e-001
 5.6033993e-001
 5.6021851e-001
 5.6007093e-001
 5.5989224e-001
 5.5967927e-001
 5.5943042e-001
 5.5914497e-001
 5.5882192e-001
 5.5845886e-001
 5.5805129e-001
 5.5759323e-001
 5.5707681e-001
 5.5649370e-001
 5.5583674e-001
 5.5510008e-001
 5.5428052e-001
 5.5337870e-001
 5.5239737e-001
 5.5134207e-001
 5.5021960e-001
 5.4903823e-001
 5.4780549e-001
 5.4652834e-001
 5.4521340e-001
 5.4386497e-001
 5.4248548e-001
 5.4107654e-001
 5.3963745e-001
 5.3816736e-001
 5.3666633e-001
 5.3513783e-001
 5.3358811e-001
 5.3202730e-001
 5.3047007e-001
 5.2893162e-001
 5.2742696e-001
 5.2596968e-001
 5.2456862e-001
 5.2322841e-001
 5.2195084e-001
 5.2073461e-001
 5.1957774e-001
 5.1847911e-001
 5.1744026e-001
 5.1646501e-001
 5.1555949e-001
 5.1473242e-001
 5.1399171e-001
 5.1334357e-001
 5.1279134e-001
 5.1233393e-001
 5.1196724e-001
 5.1168519e-001
 5.1148254e-001
 5.1135582e-001
 5.1130426e-001
 5.1132858e-001
 5.1142913e-001
 5.1160383e-001
 5.1184601e-001
 5.1214516e-001
 5.1248783e-001
 5.1286042e-001
 5.1325166e-001
 5.1365495e-001
 5.1406920e-001
 5.1449764e-001
 5.1494676e-001
 5.1542372e-001
 5.1593369e-001
 5.1647919e-001
 5.1705891e-001
 5.1766783e-001
 5.1829904e-001
 5.1894462e-001
 5.1959747e-001
 5.2025092e-001
 5.2090019e-001
 5.2154082e-001
 5.2216780e-001
 5.2277559e-001
 5.2335787e-001
 5.2390760e-001
 5.2441931e-001
 5.2489018e-001
 5.2532113e-001
 5.2571708e-001
 5.2608711e-001
 5.2644330e-001
 5.2679849e-001
 5.2716494e-001
 5.2755225e-001
 5.2796489e-001
 5.2840203e-001
 5.2885699e-001
 5.2931792e-001
 5.2977073e-001
 5.3020114e-001
 5.3059787e-001
 5.3095365e-001
 5.3126657e-001
 5.3153908e-001
 5.3177589e-001
 5.3198266e-001
 5.3216457e-001
 5.3232515e-001
 5.3246701e-001
 5.3259164e-001
 5.3270060e-001
 5.3279531e-001
 5.3287762e-001
 5.3294957e-001
-1.2300000e+034
