s07_ASD Record=12700: Calc.25+Dolo.25+Na-Mon AMX18  BECKb AREF
 5.2111906e-001
 5.2235490e-001
 5.2358603e-001
 5.2479994e-001
 5.2599585e-001
 5.2718538e-001
 5.2838516e-001
 5.2960640e-001
 5.3085113e-001
 5.3211534e-001
 5.3339714e-001
 5.3470248e-001
 5.3604758e-001
 5.3745866e-001
 5.3896660e-001
 5.4059726e-001
 5.4236203e-001
 5.4425806e-001
 5.4627162e-001
 5.4838318e-001
 5.5056900e-001
 5.5280417e-001
 5.5506712e-001
 5.5734551e-001
 5.5964214e-001
 5.6197596e-001
 5.6437725e-001
 5.6687123e-001
 5.6946278e-001
 5.7213706e-001
 5.7486719e-001
 5.7762426e-001
 5.8038068e-001
 5.8310801e-001
 5.8577365e-001
 5.8834535e-001
 5.9079802e-001
 5.9311837e-001
 5.9530902e-001
 5.9738696e-001
 5.9937680e-001
 6.0130167e-001
 6.0317701e-001
 6.0500997e-001
 6.0680223e-001
 6.0855687e-001
 6.1028308e-001
 6.1199802e-001
 6.1372244e-001
 6.1547303e-001
 6.1725420e-001
 6.1905521e-001
 6.2085640e-001
 6.2264132e-001
 6.2440860e-001
 6.2617517e-001
 6.2796831e-001
 6.2980652e-001
 6.3168961e-001
 6.3360155e-001
 6.3550580e-001
 6.3738585e-001
 6.3924146e-001
 6.4107198e-001
 6.4287871e-001
 6.4466423e-001
 6.4643013e-001
 6.4818013e-001
 6.4992130e-001
 6.5166044e-001
 6.5339601e-001
 6.5511197e-001
 6.5678155e-001
 6.5838057e-001
 6.5990162e-001
 6.6136235e-001
 6.6279978e-001
 6.6425127e-001
 6.6573167e-001
 6.6722172e-001
 6.6867799e-001
 6.7005974e-001
 6.7135715e-001
 6.7259943e-001
 6.7383832e-001
 6.7511761e-001
 6.7645264e-001
 6.7783403e-001
 6.7924732e-001
 6.8069226e-001
 6.8218422e-001
 6.8373990e-001
 6.8535995e-001
 6.8702269e-001
 6.8868846e-001
 6.9030893e-001
 6.9183689e-001
 6.9323736e-001
 6.9450033e-001
 6.9564390e-001
 6.9670045e-001
 6.9768995e-001
 6.9860637e-001
 6.9943154e-001
 7.0017064e-001
 7.0087940e-001
 7.0164311e-001
 7.0251894e-001
 7.0349067e-001
 7.0447451e-001
 7.0537078e-001
 7.0612031e-001
 7.0672899e-001
 7.0725554e-001
 7.0778084e-001
 7.0837981e-001
 7.0910066e-001
 7.0994949e-001
 7.1087962e-001
 7.1179813e-001
 7.1260065e-001
 7.1322513e-001
 7.1368891e-001
 7.1407598e-001
 7.1447986e-001
 7.1494633e-001
 7.1545827e-001
 7.1596354e-001
 7.1641636e-001
 7.1680647e-001
 7.1716720e-001
 7.1755785e-001
 7.1802181e-001
 7.1855205e-001
 7.1909690e-001
 7.1960056e-001
 7.2003490e-001
 7.2039795e-001
 7.2070092e-001
 7.2097361e-001
 7.2128087e-001
 7.2171646e-001
 7.2235978e-001
 7.2321808e-001
 7.2419822e-001
 7.2513700e-001
 7.2588146e-001
 7.2637635e-001
 7.2669661e-001
 7.2699171e-001
 7.2737533e-001
 7.2785264e-001
 7.2835064e-001
 7.2881484e-001
 7.2926992e-001
 7.2978598e-001
 7.3039448e-001
 7.3104203e-001
 7.3162699e-001
 7.3209137e-001
 7.3249042e-001
 7.3297459e-001
 7.3368251e-001
 7.3462307e-001
 7.3564863e-001
 7.3655194e-001
 7.3721820e-001
 7.3771381e-001
 7.3823512e-001
 7.3895377e-001
 7.3988491e-001
 7.4089253e-001
 7.4182189e-001
 7.4262106e-001
 7.4333638e-001
 7.4402618e-001
 7.4471605e-001
 7.4541700e-001
 7.4613184e-001
 7.4683005e-001
 7.4745619e-001
 7.4798834e-001
 7.4847096e-001
 7.4897128e-001
 7.4950975e-001
 7.5005424e-001
 7.5058401e-001
 7.5112975e-001
 7.5172430e-001
 7.5233293e-001
 7.5287157e-001
 7.5328916e-001
 7.5359958e-001
 7.5383931e-001
 7.5403553e-001
 7.5422227e-001
 7.5445342e-001
 7.5477731e-001
 7.5520146e-001
 7.5567919e-001
 7.5612295e-001
 7.5644869e-001
 7.5664628e-001
 7.5682151e-001
 7.5714320e-001
 7.5770664e-001
 7.5842857e-001
 7.5909293e-001
 7.5952798e-001
 7.5973940e-001
 7.5985390e-001
 7.5996435e-001
 7.6007724e-001
 7.6018387e-001
 7.6030886e-001
 7.6047260e-001
 7.6064879e-001
 7.6077855e-001
 7.6080936e-001
 7.6071793e-001
 7.6052117e-001
 7.6029086e-001
 7.6015538e-001
 7.6024872e-001
 7.6061308e-001
 7.6114982e-001
 7.6169181e-001
 7.6211357e-001
 7.6235372e-001
 7.6238209e-001
 7.6222438e-001
 7.6199734e-001
 7.6183778e-001
 7.6179504e-001
 7.6184744e-001
 7.6199287e-001
 7.6223534e-001
 7.6250356e-001
 7.6268250e-001
 7.6274347e-001
 7.6278120e-001
 7.6290190e-001
 7.6310211e-001
 7.6326585e-001
 7.6327175e-001
 7.6310319e-001
 7.6286191e-001
 7.6269609e-001
 7.6271611e-001
 7.6292592e-001
 7.6318967e-001
 7.6329350e-001
 7.6311362e-001
 7.6275653e-001
 7.6250350e-001
 7.6254541e-001
 7.6279503e-001
 7.6300222e-001
 7.6300561e-001
 7.6284140e-001
 7.6266533e-001
 7.6258242e-001
 7.6252246e-001
 7.6234740e-001
 7.6210362e-001
 7.6202410e-001
 7.6220858e-001
 7.6245451e-001
 7.6253861e-001
 7.6253009e-001
 7.6265889e-001
 7.6299733e-001
 7.6340669e-001
 7.6368576e-001
 7.6368785e-001
 7.6339531e-001
 7.6296198e-001
 7.6263100e-001
 7.6255769e-001
 7.6274675e-001
 7.6315182e-001
 7.6372409e-001
 7.6434153e-001
 7.6478320e-001
 7.6486987e-001
 7.6463002e-001
 7.6428688e-001
 7.6406610e-001
 7.6402134e-001
 7.6403189e-001
 7.6393080e-001
 7.6365548e-001
 7.6333725e-001
 7.6324213e-001
 7.6352739e-001
 7.6402718e-001
 7.6442736e-001
 7.6468951e-001
 7.6505655e-001
 7.6557165e-001
 7.6592016e-001
 7.6587057e-001
 7.6556098e-001
 7.6524729e-001
 7.6506668e-001
 7.6513588e-001
 7.6556456e-001
 7.6623082e-001
 7.6680177e-001
 7.6711112e-001
 7.6729912e-001
 7.6751596e-001
 7.6776719e-001
 7.6810217e-001
 7.6860517e-001
 7.6908821e-001
 7.6920599e-001
 7.6900697e-001
 7.6902682e-001
 7.6965624e-001
 7.7054137e-001
 7.7099866e-001
 7.7086854e-001
 7.7060664e-001
 7.7069104e-001
 7.7118462e-001
 7.7178705e-001
 7.7217603e-001
 7.7227157e-001
 7.7221501e-001
 7.7216768e-001
 7.7216285e-001
 7.7212870e-001
 7.7202040e-001
 7.7191317e-001
 7.7196085e-001
 7.7226210e-001
 7.7276576e-001
 7.7330828e-001
 7.7373958e-001
 7.7401644e-001
 7.7419394e-001
 7.7435464e-001
 7.7455121e-001
 7.7478433e-001
 7.7499521e-001
 7.7507889e-001
 7.7496338e-001
 7.7474111e-001
 7.7471519e-001
 7.7519947e-001
 7.7613550e-001
 7.7691507e-001
 7.7688003e-001
 7.7624464e-001
 7.7570611e-001
 7.7564806e-001
 7.7604949e-001
 7.7670354e-001
 7.7739984e-001
 7.7798599e-001
 7.7836978e-001
 7.7853179e-001
 7.7856719e-001
 7.7865034e-001
 7.7885854e-001
 7.7906126e-001
 7.7906108e-001
 7.7881652e-001
 7.7852595e-001
 7.7852029e-001
 7.7900457e-001
 7.7987343e-001
 7.8078967e-001
 7.8140002e-001
 7.8152037e-001
 7.8122479e-001
 7.8080165e-001
 7.8056276e-001
 7.8057551e-001
 7.8063089e-001
 7.8060222e-001
 7.8062826e-001
 7.8072113e-001
 7.8055525e-001
 7.8002417e-001
 7.7960098e-001
 7.7968776e-001
 7.8004134e-001
 7.8028226e-001
 7.8049475e-001
 7.8090060e-001
 7.8135687e-001
 7.8155929e-001
 7.8149170e-001
 7.8149319e-001
 7.8188652e-001
 7.8263319e-001
 7.8334141e-001
 7.8343517e-001
 7.8290325e-001
 7.8252256e-001
 7.8274018e-001
 7.8320432e-001
 7.8345656e-001
 7.8336769e-001
 7.8309721e-001
 7.8287297e-001
 7.8283477e-001
 7.8301609e-001
 7.8339934e-001
 7.8392053e-001
 7.8447306e-001
 7.8492892e-001
 7.8514034e-001
 7.8495318e-001
 7.8429914e-001
 7.8335649e-001
 7.8252923e-001
 7.8218287e-001
 7.8237057e-001
 7.8283238e-001
 7.8326195e-001
 7.8355551e-001
 7.8380805e-001
 7.8413516e-001
 7.8456527e-001
 7.8502232e-001
 7.8537285e-001
 7.8549695e-001
 7.8543025e-001
 7.8515041e-001
 7.8468251e-001
 7.8417665e-001
 7.8383309e-001
 7.8385240e-001
 7.8438270e-001
 7.8522903e-001
 7.8605771e-001
 7.8653502e-001
 7.8638709e-001
 7.8573644e-001
 7.8486586e-001
 7.8405857e-001
 7.8356433e-001
 7.8341031e-001
 7.8353328e-001
 7.8387016e-001
 7.8435361e-001
 7.8488976e-001
 7.8544235e-001
 7.8573388e-001
 7.8575158e-001
 7.8552210e-001
 7.8519720e-001
 7.8493440e-001
 7.8489077e-001
 7.8521633e-001
 7.8588766e-001
 7.8670967e-001
 7.8748018e-001
 7.8799659e-001
 7.8806490e-001
 7.8767461e-001
 7.8699636e-001
 7.8620875e-001
 7.8549004e-001
 7.8501368e-001
 7.8483617e-001
 7.8489995e-001
 7.8514272e-001
 7.8550225e-001
 7.8591615e-001
 7.8632891e-001
 7.8671068e-001
 7.8703833e-001
 7.8728837e-001
 7.8743756e-001
 7.8746241e-001
 7.8735149e-001
 7.8713912e-001
 7.8687018e-001
 7.8658980e-001
 7.8634310e-001
 7.8617519e-001
 7.8613120e-001
 7.8623980e-001
 7.8646815e-001
 7.8676814e-001
 7.8709197e-001
 7.8739184e-001
 7.8761971e-001
 7.8772801e-001
 7.8766859e-001
 7.8741032e-001
 7.8698498e-001
 7.8643888e-001
 7.8581870e-001
 7.8517067e-001
 7.8454149e-001
 7.8397757e-001
 7.8352523e-001
 7.8321904e-001
 7.8304785e-001
 7.8299016e-001
 7.8302437e-001
 7.8312904e-001
 7.8328252e-001
 7.8346312e-001
 7.8364956e-001
 7.8382361e-001
 7.8398097e-001
 7.8411978e-001
 7.8423870e-001
 7.8433615e-001
 7.8441054e-001
 7.8446037e-001
 7.8448403e-001
 7.8448004e-001
 7.8444684e-001
 7.8438294e-001
 7.8428674e-001
 7.8415781e-001
 7.8399926e-001
 7.8381538e-001
 7.8361028e-001
 7.8338814e-001
 7.8315318e-001
 7.8290939e-001
 7.8266096e-001
 7.8241217e-001
 7.8216696e-001
 7.8192961e-001
 7.8170419e-001
 7.8149408e-001
 7.8129858e-001
 7.8111660e-001
 7.8094703e-001
 7.8078860e-001
 7.8064013e-001
 7.8050035e-001
 7.8036827e-001
 7.8024250e-001
 7.8012198e-001
 7.8000534e-001
 7.7989203e-001
 7.7978373e-001
 7.7968210e-001
 7.7958918e-001
 7.7950686e-001
 7.7943712e-001
 7.7938169e-001
 7.7934271e-001
 7.7932197e-001
 7.7932149e-001
 7.7934128e-001
 7.7937603e-001
 7.7941853e-001
 7.7946204e-001
 7.7949953e-001
 7.7952415e-001
 7.7952892e-001
 7.7950704e-001
 7.7945149e-001
 7.7935541e-001
 7.7921593e-001
 7.7904445e-001
 7.7885538e-001
 7.7866316e-001
 7.7848184e-001
 7.7832615e-001
 7.7821022e-001
 7.7814847e-001
 7.7815527e-001
 7.7824509e-001
 7.7842236e-001
 7.7865899e-001
 7.7891988e-001
 7.7916974e-001
 7.7937353e-001
 7.7949613e-001
 7.7950227e-001
 7.7935702e-001
 7.7902508e-001
 7.7849025e-001
 7.7779883e-001
 7.7701056e-001
 7.7618474e-001
 7.7538097e-001
 7.7465874e-001
 7.7407765e-001
 7.7369702e-001
 7.7355462e-001
 7.7361572e-001
 7.7383071e-001
 7.7415013e-001
 7.7452427e-001
 7.7490389e-001
 7.7523917e-001
 7.7548063e-001
 7.7559471e-001
 7.7559930e-001
 7.7552319e-001
 7.7539468e-001
 7.7524239e-001
 7.7509499e-001
 7.7498102e-001
 7.7492893e-001
 7.7495533e-001
 7.7503788e-001
 7.7514648e-001
 7.7524000e-001
 7.7529752e-001
 7.7528691e-001
 7.7519095e-001
 7.7501374e-001
 7.7477908e-001
 7.7452385e-001
 7.7429128e-001
 7.7412564e-001
 7.7406424e-001
 7.7412593e-001
 7.7430338e-001
 7.7457041e-001
 7.7489328e-001
 7.7523780e-001
 7.7557307e-001
 7.7587539e-001
 7.7612883e-001
 7.7632362e-001
 7.7645302e-001
 7.7651304e-001
 7.7650410e-001
 7.7643383e-001
 7.7631855e-001
 7.7618098e-001
 7.7604681e-001
 7.7594042e-001
 7.7588063e-001
 7.7587688e-001
 7.7592772e-001
 7.7602315e-001
 7.7614897e-001
 7.7629083e-001
 7.7643853e-001
 7.7658880e-001
 7.7674621e-001
 7.7692127e-001
 7.7712715e-001
 7.7737421e-001
 7.7766496e-001
 7.7793193e-001
 7.7812654e-001
 7.7829605e-001
 7.7843231e-001
 7.7852947e-001
 7.7858549e-001
 7.7860242e-001
 7.7858627e-001
 7.7854687e-001
 7.7849591e-001
 7.7844578e-001
 7.7840710e-001
 7.7838719e-001
 7.7838904e-001
 7.7841192e-001
 7.7845240e-001
 7.7850562e-001
 7.7856678e-001
 7.7863175e-001
 7.7869725e-001
 7.7876079e-001
 7.7882016e-001
 7.7887350e-001
 7.7891874e-001
 7.7895397e-001
 7.7897775e-001
 7.7898943e-001
 7.7899015e-001
 7.7898276e-001
 7.7897227e-001
 7.7896476e-001
 7.7896619e-001
 7.7898109e-001
 7.7901143e-001
 7.7905571e-001
 7.7910936e-001
 7.7916515e-001
 7.7921450e-001
 7.7924919e-001
 7.7926278e-001
 7.7925181e-001
 7.7921641e-001
 7.7915996e-001
 7.7908868e-001
 7.7901053e-001
 7.7893388e-001
 7.7886665e-001
 7.7881527e-001
 7.7878428e-001
 7.7877605e-001
 7.7879089e-001
 7.7882737e-001
 7.7888274e-001
 7.7895337e-001
 7.7903491e-001
 7.7912319e-001
 7.7921391e-001
 7.7930337e-001
 7.7938873e-001
 7.7946812e-001
 7.7954102e-001
 7.7960861e-001
 7.7967328e-001
 7.7973849e-001
 7.7980810e-001
 7.7988523e-001
 7.7997142e-001
 7.8006577e-001
 7.8016454e-001
 7.8026140e-001
 7.8034866e-001
 7.8041834e-001
 7.8046423e-001
 7.8048319e-001
 7.8047657e-001
 7.8044999e-001
 7.8041297e-001
 7.8037751e-001
 7.8035563e-001
 7.8035772e-001
 7.8039026e-001
 7.8045452e-001
 7.8054631e-001
 7.8065604e-001
 7.8077036e-001
 7.8087413e-001
 7.8095233e-001
 7.8099281e-001
 7.8098780e-001
 7.8093505e-001
 7.8083849e-001
 7.8070724e-001
 7.8055459e-001
 7.8039652e-001
 7.8024936e-001
 7.8012824e-001
 7.8004563e-001
 7.8001004e-001
 7.8002548e-001
 7.8009111e-001
 7.8020138e-001
 7.8034675e-001
 7.8051454e-001
 7.8068990e-001
 7.8085792e-001
 7.8100467e-001
 7.8111929e-001
 7.8119498e-001
 7.8122997e-001
 7.8122765e-001
 7.8119588e-001
 7.8114569e-001
 7.8108937e-001
 7.8103870e-001
 7.8100306e-001
 7.8098792e-001
 7.8099453e-001
 7.8101993e-001
 7.8105778e-001
 7.8110009e-001
 7.8113872e-001
 7.8116715e-001
 7.8118163e-001
 7.8118193e-001
 7.8117108e-001
 7.8115422e-001
 7.8113759e-001
 7.8112656e-001
 7.8112453e-001
 7.8113204e-001
 7.8114641e-001
 7.8116274e-001
 7.8117466e-001
 7.8117579e-001
 7.8116071e-001
 7.8112584e-001
 7.8106958e-001
 7.8099215e-001
 7.8089511e-001
 7.8078067e-001
 7.8065175e-001
 7.8051150e-001
 7.8036356e-001
 7.8021252e-001
 7.8006387e-001
 7.7992409e-001
 7.7980047e-001
 7.7970016e-001
 7.7962953e-001
 7.7959329e-001
 7.7959335e-001
 7.7962881e-001
 7.7969539e-001
 7.7978587e-001
 7.7989113e-001
 7.8000093e-001
 7.8010553e-001
 7.8019685e-001
 7.8026980e-001
 7.8032291e-001
 7.8035855e-001
 7.8038281e-001
 7.8040397e-001
 7.8043157e-001
 7.8047395e-001
 7.8053671e-001
 7.8062129e-001
 7.8072357e-001
 7.8083444e-001
 7.8094053e-001
 7.8102648e-001
 7.8107738e-001
 7.8108162e-001
 7.8103328e-001
 7.8093380e-001
 7.8079206e-001
 7.8062356e-001
 7.8044808e-001
 7.8028703e-001
 7.8016031e-001
 7.8008336e-001
 7.8006554e-001
 7.8010869e-001
 7.8020763e-001
 7.8035128e-001
 7.8052449e-001
 7.8071076e-001
 7.8089398e-001
 7.8106105e-001
 7.8120267e-001
 7.8131390e-001
 7.8139424e-001
 7.8144652e-001
 7.8147578e-001
 7.8148866e-001
 7.8149194e-001
 7.8149223e-001
 7.8149551e-001
 7.8150666e-001
 7.8152943e-001
 7.8156590e-001
 7.8161615e-001
 7.8167832e-001
 7.8174853e-001
 7.8182143e-001
 7.8189123e-001
 7.8195298e-001
 7.8200352e-001
 7.8204256e-001
 7.8207272e-001
 7.8209895e-001
 7.8212744e-001
 7.8216392e-001
 7.8221196e-001
 7.8227222e-001
 7.8234172e-001
 7.8241456e-001
 7.8248304e-001
 7.8253913e-001
 7.8257650e-001
 7.8259140e-001
 7.8258377e-001
 7.8255671e-001
 7.8251648e-001
 7.8247088e-001
 7.8242815e-001
 7.8239578e-001
 7.8237963e-001
 7.8238338e-001
 7.8240848e-001
 7.8245443e-001
 7.8251964e-001
 7.8260165e-001
 7.8269786e-001
 7.8280580e-001
 7.8292274e-001
 7.8304601e-001
 7.8317207e-001
 7.8329664e-001
 7.8341484e-001
 7.8352165e-001
 7.8361219e-001
 7.8368318e-001
 7.8373301e-001
 7.8376240e-001
 7.8377414e-001
 7.8377265e-001
 7.8376299e-001
 7.8374988e-001
 7.8373712e-001
 7.8372705e-001
 7.8372043e-001
 7.8371716e-001
 7.8371632e-001
 7.8371727e-001
 7.8371972e-001
 7.8372407e-001
 7.8373146e-001
 7.8374344e-001
 7.8376174e-001
 7.8378826e-001
 7.8382474e-001
 7.8387308e-001
 7.8393465e-001
 7.8401095e-001
 7.8410280e-001
 7.8421021e-001
 7.8433198e-001
 7.8446513e-001
 7.8460485e-001
 7.8474450e-001
 7.8487581e-001
 7.8498989e-001
 7.8507799e-001
 7.8513259e-001
 7.8514880e-001
 7.8512484e-001
 7.8506291e-001
 7.8496909e-001
 7.8485298e-001
 7.8472656e-001
 7.8460288e-001
 7.8449422e-001
 7.8441060e-001
 7.8435814e-001
 7.8433824e-001
 7.8434706e-001
 7.8437644e-001
 7.8441471e-001
 7.8444898e-001
 7.8446704e-001
 7.8445989e-001
 7.8442293e-001
 7.8435719e-001
 7.8426880e-001
 7.8416771e-001
 7.8406554e-001
 7.8397352e-001
 7.8389996e-001
 7.8384888e-001
 7.8381991e-001
 7.8380847e-001
 7.8380728e-001
 7.8380817e-001
 7.8380346e-001
 7.8378701e-001
 7.8375489e-001
 7.8370517e-001
 7.8363746e-001
 7.8355289e-001
 7.8345346e-001
 7.8334230e-001
 7.8322387e-001
 7.8310376e-001
 7.8298855e-001
 7.8288525e-001
 7.8279966e-001
 7.8273565e-001
 7.8269356e-001
 7.8266990e-001
 7.8265721e-001
 7.8264523e-001
 7.8262252e-001
 7.8257823e-001
 7.8250426e-001
 7.8239655e-001
 7.8225601e-001
 7.8208840e-001
 7.8190368e-001
 7.8171450e-001
 7.8153467e-001
 7.8137714e-001
 7.8125274e-001
 7.8116882e-001
 7.8112864e-001
 7.8113103e-001
 7.8117090e-001
 7.8123999e-001
 7.8132755e-001
 7.8142172e-001
 7.8151053e-001
 7.8158307e-001
 7.8163016e-001
 7.8164518e-001
 7.8162456e-001
 7.8156751e-001
 7.8147632e-001
 7.8135526e-001
 7.8120989e-001
 7.8104573e-001
 7.8086722e-001
 7.8067660e-001
 7.8047347e-001
 7.8025502e-001
 7.8001684e-001
 7.7975464e-001
 7.7946568e-001
 7.7915066e-001
 7.7881420e-001
 7.7846438e-001
 7.7811140e-001
 7.7776504e-001
 7.7743185e-001
 7.7711284e-001
 7.7680171e-001
 7.7648550e-001
 7.7614564e-001
 7.7576065e-001
 7.7530938e-001
 7.7477413e-001
 7.7414262e-001
 7.7340919e-001
 7.7257442e-001
 7.7164429e-001
 7.7062768e-001
 7.6953518e-001
 7.6837683e-001
 7.6716018e-001
 7.6589054e-001
 7.6456940e-001
 7.6319551e-001
 7.6176471e-001
 7.6027030e-001
 7.5870496e-001
 7.5706047e-001
 7.5532973e-001
 7.5350767e-001
 7.5159109e-001
 7.4958044e-001
 7.4747956e-001
 7.4529463e-001
 7.4303532e-001
 7.4071211e-001
 7.3833799e-001
 7.3592710e-001
 7.3349398e-001
 7.3105603e-001
 7.2863132e-001
 7.2624129e-001
 7.2390938e-001
 7.2165984e-001
 7.1951914e-001
 7.1751231e-001
 7.1566397e-001
 7.1399647e-001
 7.1252918e-001
 7.1127963e-001
 7.1026218e-001
 7.0948964e-001
 7.0897287e-001
 7.0872009e-001
 7.0873708e-001
 7.0902598e-001
 7.0958436e-001
 7.1040446e-001
 7.1147335e-001
 7.1277237e-001
 7.1427822e-001
 7.1596485e-001
 7.1780360e-001
 7.1976626e-001
 7.2182494e-001
 7.2395331e-001
 7.2612798e-001
 7.2832644e-001
 7.3052847e-001
 7.3271370e-001
 7.3486185e-001
 7.3695332e-001
 7.3896754e-001
 7.4088633e-001
 7.4269319e-001
 7.4437577e-001
 7.4592763e-001
 7.4734741e-001
 7.4864060e-001
 7.4981719e-001
 7.5089043e-001
 7.5187552e-001
 7.5278646e-001
 7.5363457e-001
 7.5442755e-001
 7.5516820e-001
 7.5585490e-001
 7.5648206e-001
 7.5704163e-001
 7.5752449e-001
 7.5792247e-001
 7.5822997e-001
 7.5844592e-001
 7.5857484e-001
 7.5862795e-001
 7.5862283e-001
 7.5858271e-001
 7.5853473e-001
 7.5850743e-001
 7.5852799e-001
 7.5861907e-001
 7.5879669e-001
 7.5906849e-001
 7.5943321e-001
 7.5988191e-001
 7.6039952e-001
 7.6096761e-001
 7.6156753e-001
 7.6218277e-001
 7.6280147e-001
 7.6341683e-001
 7.6402754e-001
 7.6463652e-001
 7.6524872e-001
 7.6586908e-001
 7.6650023e-001
 7.6714087e-001
 7.6778561e-001
 7.6842505e-001
 7.6904792e-001
 7.6964259e-001
 7.7020001e-001
 7.7071548e-001
 7.7118927e-001
 7.7162749e-001
 7.7204031e-001
 7.7244043e-001
 7.7284110e-001
 7.7325296e-001
 7.7368307e-001
 7.7413297e-001
 7.7459848e-001
 7.7507043e-001
 7.7553558e-001
 7.7597886e-001
 7.7638543e-001
 7.7674264e-001
 7.7704227e-001
 7.7728146e-001
 7.7746326e-001
 7.7759618e-001
 7.7769303e-001
 7.7776915e-001
 7.7784014e-001
 7.7791977e-001
 7.7801836e-001
 7.7814186e-001
 7.7829146e-001
 7.7846462e-001
 7.7865636e-001
 7.7886087e-001
 7.7907336e-001
 7.7929091e-001
 7.7951282e-001
 7.7974039e-001
 7.7997559e-001
 7.8022021e-001
 7.8047442e-001
 7.8073633e-001
 7.8100187e-001
 7.8126532e-001
 7.8152037e-001
 7.8176171e-001
 7.8198594e-001
 7.8219223e-001
 7.8238237e-001
 7.8256017e-001
 7.8273088e-001
 7.8290069e-001
 7.8307569e-001
 7.8326100e-001
 7.8345978e-001
 7.8367257e-001
 7.8389734e-001
 7.8412980e-001
 7.8436488e-001
 7.8459787e-001
 7.8482598e-001
 7.8504890e-001
 7.8526896e-001
 7.8548980e-001
 7.8571552e-001
 7.8594911e-001
 7.8619182e-001
 7.8644240e-001
 7.8669733e-001
 7.8695089e-001
 7.8719610e-001
 7.8742588e-001
 7.8763348e-001
 7.8781390e-001
 7.8796417e-001
 7.8808326e-001
 7.8817230e-001
 7.8823394e-001
 7.8827178e-001
 7.8828973e-001
 7.8829163e-001
 7.8828049e-001
 7.8825861e-001
 7.8822768e-001
 7.8818852e-001
 7.8814173e-001
 7.8808790e-001
 7.8802812e-001
 7.8796440e-001
 7.8790027e-001
 7.8784090e-001
 7.8779340e-001
 7.8776622e-001
 7.8776842e-001
 7.8780854e-001
 7.8789324e-001
 7.8802574e-001
 7.8820503e-001
 7.8842556e-001
 7.8867799e-001
 7.8895015e-001
 7.8922856e-001
 7.8949958e-001
 7.8975070e-001
 7.8997141e-001
 7.9015380e-001
 7.9029292e-001
 7.9038763e-001
 7.9044020e-001
 7.9045647e-001
 7.9044557e-001
 7.9041898e-001
 7.9038996e-001
 7.9037207e-001
 7.9037774e-001
 7.9041690e-001
 7.9049587e-001
 7.9061627e-001
 7.9077470e-001
 7.9096329e-001
 7.9117060e-001
 7.9138297e-001
 7.9158646e-001
 7.9176879e-001
 7.9192048e-001
 7.9203624e-001
 7.9211527e-001
 7.9216081e-001
 7.9217947e-001
 7.9218012e-001
 7.9217249e-001
 7.9216576e-001
 7.9216790e-001
 7.9218489e-001
 7.9222000e-001
 7.9227412e-001
 7.9234570e-001
 7.9243118e-001
 7.9252523e-001
 7.9262137e-001
 7.9271257e-001
 7.9279178e-001
 7.9285252e-001
 7.9288971e-001
 7.9290009e-001
 7.9288244e-001
 7.9283804e-001
 7.9277045e-001
 7.9268521e-001
 7.9258913e-001
 7.9248995e-001
 7.9239529e-001
 7.9231238e-001
 7.9224718e-001
 7.9220414e-001
 7.9218608e-001
 7.9219413e-001
 7.9222763e-001
 7.9228437e-001
 7.9236090e-001
 7.9245257e-001
 7.9255390e-001
 7.9265898e-001
 7.9276180e-001
 7.9285663e-001
 7.9293841e-001
 7.9300326e-001
 7.9304844e-001
 7.9307306e-001
 7.9307783e-001
 7.9306549e-001
 7.9304051e-001
 7.9300922e-001
 7.9297924e-001
 7.9295897e-001
 7.9295695e-001
 7.9298055e-001
 7.9303479e-001
 7.9312104e-001
 7.9323590e-001
 7.9337090e-001
 7.9351258e-001
 7.9364401e-001
 7.9374689e-001
 7.9380405e-001
 7.9380190e-001
 7.9373270e-001
 7.9359561e-001
 7.9339743e-001
 7.9315239e-001
 7.9288179e-001
 7.9261118e-001
 7.9236799e-001
 7.9217726e-001
 7.9205841e-001
 7.9202175e-001
 7.9206693e-001
 7.9218256e-001
 7.9234844e-001
 7.9253799e-001
 7.9272282e-001
 7.9287660e-001
 7.9297876e-001
 7.9301673e-001
 7.9298669e-001
 7.9289228e-001
 7.9274297e-001
 7.9255193e-001
 7.9233414e-001
 7.9210430e-001
 7.9187626e-001
 7.9166162e-001
 7.9146999e-001
 7.9130834e-001
 7.9118109e-001
 7.9109001e-001
 7.9103458e-001
 7.9101157e-001
 7.9101557e-001
 7.9103899e-001
 7.9107261e-001
 7.9110587e-001
 7.9112798e-001
 7.9112828e-001
 7.9109734e-001
 7.9102737e-001
 7.9091281e-001
 7.9075062e-001
 7.9054028e-001
 7.9028356e-001
 7.8998441e-001
 7.8964853e-001
 7.8928292e-001
 7.8889591e-001
 7.8849638e-001
 7.8809398e-001
 7.8769851e-001
 7.8731954e-001
 7.8696626e-001
 7.8664660e-001
 7.8636706e-001
 7.8613222e-001
 7.8594434e-001
 7.8580362e-001
 7.8570795e-001
 7.8565371e-001
 7.8563571e-001
 7.8564841e-001
 7.8568602e-001
 7.8574312e-001
 7.8581512e-001
 7.8589821e-001
 7.8598970e-001
 7.8608733e-001
 7.8618956e-001
 7.8629476e-001
 7.8640103e-001
 7.8650606e-001
 7.8660673e-001
 7.8669918e-001
 7.8677893e-001
 7.8684121e-001
 7.8688157e-001
 7.8689611e-001
 7.8688210e-001
 7.8683853e-001
 7.8676641e-001
 7.8666848e-001
 7.8654933e-001
 7.8641468e-001
 7.8627074e-001
 7.8612345e-001
 7.8597754e-001
 7.8583598e-001
 7.8569955e-001
 7.8556675e-001
 7.8543437e-001
 7.8529793e-001
 7.8515303e-001
 7.8499651e-001
 7.8482747e-001
 7.8464860e-001
 7.8446645e-001
 7.8429145e-001
 7.8413731e-001
 7.8401923e-001
 7.8395236e-001
 7.8394896e-001
 7.8401649e-001
 7.8415537e-001
 7.8435796e-001
 7.8460860e-001
 7.8488445e-001
 7.8515804e-001
 7.8540003e-001
 7.8558326e-001
 7.8568596e-001
 7.8569496e-001
 7.8560722e-001
 7.8543079e-001
 7.8518420e-001
 7.8489393e-001
 7.8459114e-001
 7.8430754e-001
 7.8407079e-001
 7.8390092e-001
 7.8380728e-001
 7.8378779e-001
 7.8383029e-001
 7.8391552e-001
 7.8402001e-001
 7.8411961e-001
 7.8419209e-001
 7.8421962e-001
 7.8418982e-001
 7.8409618e-001
 7.8393924e-001
 7.8372657e-001
 7.8347182e-001
 7.8319311e-001
 7.8291070e-001
 7.8264433e-001
 7.8241014e-001
 7.8221828e-001
 7.8207183e-001
 7.8196645e-001
 7.8187931e-001
 7.8184170e-001
 7.8180152e-001
 7.8173995e-001
 7.8164071e-001
 7.8149223e-001
 7.8128862e-001
 7.8102952e-001
 7.8071821e-001
 7.8036022e-001
 7.7996171e-001
 7.7952921e-001
 7.7906913e-001
 7.7858752e-001
 7.7809030e-001
 7.7758276e-001
 7.7706987e-001
 7.7655643e-001
 7.7604669e-001
 7.7554512e-001
 7.7505594e-001
 7.7458310e-001
 7.7413017e-001
 7.7369976e-001
 7.7329296e-001
 7.7290875e-001
 7.7254355e-001
 7.7219170e-001
 7.7184600e-001
 7.7149826e-001
 7.7113986e-001
 7.7076238e-001
 7.7035785e-001
 7.6991951e-001
 7.6944286e-001
 7.6892602e-001
 7.6837015e-001
 7.6777923e-001
 7.6715940e-001
 7.6651776e-001
 7.6586223e-001
 7.6520044e-001
 7.6453972e-001
 7.6388621e-001
 7.6324373e-001
 7.6261371e-001
 7.6199400e-001
 7.6138008e-001
 7.6076525e-001
 7.6014149e-001
 7.5950032e-001
 7.5883287e-001
 7.5813037e-001
 7.5738430e-001
 7.5658602e-001
 7.5572771e-001
 7.5480133e-001
 7.5379968e-001
 7.5271565e-001
 7.5154203e-001
 7.5027227e-001
 7.4889976e-001
 7.4741906e-001
 7.4582672e-001
 7.4412179e-001
 7.4230796e-001
 7.4039364e-001
 7.3839056e-001
 7.3631448e-001
 7.3418200e-001
 7.3201096e-001
 7.2981882e-001
 7.2762007e-001
 7.2542572e-001
 7.2323853e-001
 7.2105157e-001
 7.1884686e-001
 7.1659547e-001
 7.1426213e-001
 7.1180600e-001
 7.0918542e-001
 7.0635945e-001
 7.0328957e-001
 6.9994622e-001
 6.9631112e-001
 6.9238448e-001
 6.8818575e-001
 6.8375009e-001
 6.7912704e-001
 6.7437369e-001
 6.6954923e-001
 6.6471606e-001
 6.5993375e-001
 6.5526152e-001
 6.5075475e-001
 6.4646226e-001
 6.4242941e-001
 6.3869447e-001
 6.3529342e-001
 6.3225996e-001
 6.2962496e-001
 6.2741929e-001
 6.2566960e-001
 6.2439758e-001
 6.2361515e-001
 6.2332118e-001
 6.2350035e-001
 6.2412435e-001
 6.2515551e-001
 6.2654996e-001
 6.2826192e-001
 6.3024396e-001
 6.3244987e-001
 6.3483429e-001
 6.3735461e-001
 6.3997269e-001
 6.4265347e-001
 6.4536554e-001
 6.4808130e-001
 6.5077341e-001
 6.5341687e-001
 6.5598637e-001
 6.5845823e-001
 6.6081208e-001
 6.6303080e-001
 6.6510415e-001
 6.6702759e-001
 6.6880238e-001
 6.7043477e-001
 6.7193276e-001
 6.7330629e-001
 6.7456514e-001
 6.7571896e-001
 6.7677712e-001
 6.7774743e-001
 6.7863631e-001
 6.7944825e-001
 6.8018609e-001
 6.8085188e-001
 6.8144649e-001
 6.8197072e-001
 6.8242532e-001
 6.8281132e-001
 6.8313038e-001
 6.8338519e-001
 6.8357992e-001
 6.8372041e-001
 6.8381375e-001
 6.8386835e-001
 6.8389314e-001
 6.8389720e-001
 6.8388993e-001
 6.8388015e-001
 6.8387645e-001
 6.8388629e-001
 6.8391603e-001
 6.8397045e-001
 6.8405330e-001
 6.8416727e-001
 6.8431455e-001
 6.8449694e-001
 6.8471599e-001
 6.8497270e-001
 6.8526733e-001
 6.8559855e-001
 6.8596298e-001
 6.8635499e-001
 6.8676710e-001
 6.8719006e-001
 6.8761408e-001
 6.8802875e-001
 6.8842417e-001
 6.8879098e-001
 6.8912184e-001
 6.8941247e-001
 6.8966293e-001
 6.8987775e-001
 6.9006574e-001
 6.9023877e-001
 6.9041073e-001
 6.9059610e-001
 6.9080955e-001
 6.9106477e-001
 6.9137406e-001
 6.9174677e-001
 6.9218808e-001
 6.9269925e-001
 6.9327742e-001
 6.9391680e-001
 6.9461018e-001
 6.9534928e-001
 6.9612592e-001
 6.9693273e-001
 6.9776368e-001
 6.9861567e-001
 6.9948912e-001
 7.0038825e-001
 7.0132130e-001
 7.0229894e-001
 7.0333350e-001
 7.0443779e-001
 7.0562476e-001
 7.0690519e-001
 7.0828789e-001
 7.0977676e-001
 7.1136826e-001
 7.1305269e-001
 7.1481329e-001
 7.1662915e-001
 7.1847510e-001
 7.2032601e-001
 7.2215647e-001
 7.2394079e-001
 7.2565651e-001
 7.2728473e-001
 7.2880995e-001
 7.3022318e-001
 7.3151976e-001
 7.3269874e-001
 7.3376054e-001
 7.3470753e-001
 7.3554248e-001
 7.3626846e-001
 7.3689002e-001
 7.3741370e-001
 7.3784798e-001
 7.3820460e-001
 7.3849761e-001
 7.3874265e-001
 7.3895675e-001
 7.3915720e-001
 7.3936105e-001
 7.3958439e-001
 7.3984098e-001
 7.4014121e-001
 7.4049008e-001
 7.4088734e-001
 7.4132776e-001
 7.4180228e-001
 7.4229968e-001
 7.4280781e-001
 7.4331456e-001
 7.4380767e-001
 7.4427688e-001
 7.4471372e-001
 7.4511266e-001
 7.4547166e-001
 7.4579161e-001
 7.4607533e-001
 7.4632722e-001
 7.4655229e-001
 7.4675554e-001
 7.4694192e-001
 7.4711591e-001
 7.4728119e-001
 7.4744016e-001
 7.4759424e-001
 7.4774361e-001
 7.4788755e-001
 7.4802494e-001
 7.4815446e-001
 7.4827451e-001
 7.4838340e-001
 7.4847925e-001
 7.4855977e-001
 7.4862206e-001
 7.4866283e-001
 7.4867809e-001
 7.4866360e-001
 7.4861485e-001
 7.4852741e-001
 7.4839699e-001
 7.4822015e-001
 7.4799502e-001
 7.4772233e-001
 7.4740648e-001
 7.4705571e-001
 7.4668175e-001
 7.4629939e-001
 7.4592441e-001
 7.4557346e-001
 7.4526304e-001
 7.4500799e-001
 7.4482048e-001
 7.4470788e-001
 7.4467075e-001
 7.4470252e-001
 7.4478996e-001
 7.4491501e-001
 7.4505675e-001
 7.4519312e-001
 7.4530196e-001
 7.4536288e-001
 7.4535865e-001
 7.4527794e-001
 7.4511719e-001
 7.4488133e-001
 7.4458307e-001
 7.4424112e-001
 7.4387729e-001
 7.4351484e-001
 7.4317735e-001
 7.4288678e-001
 7.4266171e-001
 7.4251550e-001
 7.4245369e-001
 7.4247360e-001
 7.4256498e-001
 7.4271202e-001
 7.4289578e-001
 7.4309564e-001
 7.4329084e-001
 7.4346173e-001
 7.4359101e-001
 7.4366558e-001
 7.4367779e-001
 7.4362648e-001
 7.4351579e-001
 7.4335420e-001
 7.4315262e-001
 7.4292278e-001
 7.4267685e-001
 7.4242550e-001
 7.4217707e-001
 7.4193579e-001
 7.4170005e-001
 7.4146181e-001
 7.4120760e-001
 7.4091959e-001
 7.4057734e-001
 7.4015981e-001
 7.3964596e-001
 7.3901665e-001
 7.3825675e-001
 7.3735833e-001
 7.3632222e-001
 7.3515952e-001
 7.3389125e-001
 7.3254448e-001
 7.3115033e-001
 7.2974247e-001
 7.2835374e-001
 7.2701544e-001
 7.2575438e-001
 7.2459131e-001
 7.2353649e-001
 7.2258979e-001
 7.2174233e-001
 7.2097725e-001
 7.2027385e-001
 7.1960986e-001
 7.1896207e-001
 7.1830827e-001
 7.1762860e-001
 7.1690661e-001
 7.1613079e-001
 7.1529496e-001
 7.1439850e-001
 7.1344393e-001
 7.1243584e-001
 7.1138048e-001
 7.1028388e-001
 7.0915180e-001
 7.0799035e-001
 7.0680398e-001
 7.0559603e-001
 7.0436835e-001
 7.0312226e-001
 7.0185745e-001
 7.0057291e-001
 6.9926840e-001
 6.9794267e-001
 6.9659448e-001
 6.9522369e-001
 6.9382966e-001
 6.9241196e-001
 6.9097185e-001
 6.8950981e-001
 6.8802708e-001
 6.8652463e-001
 6.8500465e-001
 6.8346781e-001
 6.8191421e-001
 6.8034381e-001
 6.7875296e-001
 6.7713493e-001
 6.7548084e-001
 6.7377734e-001
 6.7200941e-001
 6.7016017e-001
 6.6821373e-001
 6.6615397e-001
 6.6396737e-001
 6.6164804e-001
 6.5919846e-001
 6.5663457e-001
 6.5398908e-001
 6.5130627e-001
 6.4864123e-001
 6.4605397e-001
 6.4360899e-001
 6.4136839e-001
 6.3939071e-001
 6.3772786e-001
 6.3641626e-001
 6.3547403e-001
 6.3489920e-001
 6.3467038e-001
 6.3475263e-001
 6.3510263e-001
 6.3567340e-001
 6.3641673e-001
 6.3728595e-001
 6.3823682e-001
 6.3923144e-001
 6.4023924e-001
 6.4123750e-001
 6.4221162e-001
 6.4315259e-001
 6.4405411e-001
 6.4491218e-001
 6.4572316e-001
 6.4648372e-001
 6.4718980e-001
 6.4783758e-001
 6.4842266e-001
 6.4893973e-001
 6.4938337e-001
 6.4974779e-001
 6.5002674e-001
 6.5021431e-001
 6.5030468e-001
 6.5029305e-001
 6.5017653e-001
 6.4995533e-001
 6.4963400e-001
 6.4922184e-001
 6.4873236e-001
 6.4818209e-001
 6.4758980e-001
 6.4697468e-001
 6.4635581e-001
 6.4575160e-001
 6.4517754e-001
 6.4464527e-001
 6.4416069e-001
 6.4372396e-001
 6.4332926e-001
 6.4296675e-001
 6.4262444e-001
 6.4228886e-001
 6.4194643e-001
 6.4158398e-001
 6.4118922e-001
 6.4075160e-001
 6.4026332e-001
 6.3971895e-001
 6.3911545e-001
 6.3845158e-001
 6.3772756e-001
 6.3694364e-001
 6.3610047e-001
 6.3519961e-001
 6.3424236e-001
 6.3323110e-001
 6.3216990e-001
 6.3106352e-001
 6.2991804e-001
 6.2874007e-001
 6.2753761e-001
 6.2631792e-001
 6.2508810e-001
 6.2385523e-001
 6.2262374e-001
 6.2139535e-001
 6.2016863e-001
 6.1893702e-001
 6.1769003e-001
 6.1641526e-001
 6.1509764e-001
 6.1372191e-001
 6.1227262e-001
 6.1073703e-001
 6.0910451e-001
 6.0736990e-001
 6.0553682e-001
 6.0361588e-001
 6.0162503e-001
 5.9958917e-001
 5.9753519e-001
 5.9549153e-001
 5.9348619e-001
 5.9154683e-001
 5.8969575e-001
 5.8794862e-001
 5.8631337e-001
 5.8478665e-001
 5.8335620e-001
 5.8200407e-001
 5.8070737e-001
 5.7944161e-001
 5.7818282e-001
 5.7690781e-001
 5.7559663e-001
 5.7423466e-001
 5.7281572e-001
 5.7134092e-001
 5.6981868e-001
 5.6826407e-001
 5.6669444e-001
 5.6512845e-001
 5.6358612e-001
 5.6208533e-001
 5.6064194e-001
 5.5926740e-001
 5.5796856e-001
 5.5674505e-001
 5.5559111e-001
 5.5449766e-001
 5.5345243e-001
 5.5244207e-001
 5.5145425e-001
 5.5047733e-001
 5.4950339e-001
 5.4852974e-001
 5.4756200e-001
 5.4661357e-001
 5.4570556e-001
 5.4486507e-001
 5.4412210e-001
 5.4350811e-001
 5.4305488e-001
 5.4279190e-001
 5.4274523e-001
 5.4293412e-001
 5.4336905e-001
 5.4405075e-001
 5.4497129e-001
 5.4611546e-001
 5.4746485e-001
 5.4899949e-001
 5.5069768e-001
 5.5253923e-001
 5.5450505e-001
 5.5657679e-001
 5.5873996e-001
 5.6098270e-001
 5.6329644e-001
 5.6567276e-001
 5.6810611e-001
 5.7059157e-001
 5.7312238e-001
 5.7569319e-001
 5.7829750e-001
 5.8092541e-001
 5.8356631e-001
 5.8620709e-001
 5.8883053e-001
 5.9141988e-001
 5.9395683e-001
 5.9642357e-001
 5.9880078e-001
 6.0107177e-001
 6.0322148e-001
 6.0523546e-001
 6.0710436e-001
 6.0882211e-001
 6.1038476e-001
 6.1179227e-001
 6.1304587e-001
 6.1414796e-001
 6.1510044e-001
 6.1590630e-001
 6.1656815e-001
 6.1708850e-001
 6.1746067e-001
 6.1763549e-001
 6.1773360e-001
 6.1771357e-001
 6.1758530e-001
 6.1735851e-001
 6.1704302e-001
 6.1664873e-001
 6.1618555e-001
 6.1566311e-001
 6.1509132e-001
 6.1447936e-001
 6.1383265e-001
 6.1315370e-001
 6.1244518e-001
 6.1170959e-001
 6.1095011e-001
 6.1016899e-001
 6.0936922e-001
 6.0855317e-001
 6.0772383e-001
 6.0688382e-001
 6.0603577e-001
 6.0518211e-001
 6.0432613e-001
 6.0346967e-001
 6.0261130e-001
 6.0174745e-001
 6.0087425e-001
 5.9998846e-001
 5.9908640e-001
 5.9816438e-001
 5.9721863e-001
 5.9624583e-001
 5.9524226e-001
 5.9420431e-001
 5.9312820e-001
 5.9201062e-001
 5.9084791e-001
 5.8963633e-001
 5.8837235e-001
 5.8705193e-001
 5.8567226e-001
 5.8422983e-001
 5.8272517e-001
 5.8116084e-001
 5.7954037e-001
 5.7786602e-001
 5.7614082e-001
 5.7436693e-001
 5.7254803e-001
 5.7068652e-001
 5.6878507e-001
 5.6684661e-001
 5.6487346e-001
 5.6286919e-001
 5.6083626e-001
 5.5877733e-001
 5.5669481e-001
 5.5459225e-001
 5.5247223e-001
 5.5033737e-001
 5.4819000e-001
 5.4603386e-001
 5.4387134e-001
 5.4170483e-001
 5.3953594e-001
 5.3736651e-001
 5.3519738e-001
 5.3302974e-001
 5.3086478e-001
 5.2870315e-001
 5.2654707e-001
 5.2439725e-001
 5.2225482e-001
 5.2012044e-001
 5.1799649e-001
 5.1588345e-001
 5.1378256e-001
 5.1169461e-001
 5.0962174e-001
 5.0756460e-001
 5.0552440e-001
 5.0350231e-001
 5.0149912e-001
 4.9951684e-001
 4.9755636e-001
 4.9561870e-001
 4.9370471e-001
 4.9181646e-001
 4.8995465e-001
 4.8812029e-001
 4.8631257e-001
 4.8453116e-001
 4.8277453e-001
 4.8104143e-001
 4.7933084e-001
 4.7764105e-001
 4.7597176e-001
 4.7432151e-001
 4.7268897e-001
 4.7107279e-001
 4.6947250e-001
 4.6788654e-001
 4.6631369e-001
 4.6475261e-001
 4.6320271e-001
 4.6166259e-001
 4.6013099e-001
 4.5860645e-001
 4.5708856e-001
 4.5557573e-001
 4.5406693e-001
 4.5256081e-001
 4.5105609e-001
 4.4955215e-001
 4.4804755e-001
 4.4654113e-001
 4.4503137e-001
 4.4351783e-001
 4.4199899e-001
 4.4047424e-001
 4.3894637e-001
 4.3742126e-001
 4.3590358e-001
