s07_ASD Record=13663: Magnesite+Hydromag HS47.3B    BECKa AREF
 6.9388074e-001
 6.9575495e-001
 6.9764298e-001
 6.9953805e-001
 7.0142657e-001
 7.0330274e-001
 7.0517576e-001
 7.0706445e-001
 7.0898765e-001
 7.1095484e-001
 7.1296299e-001
 7.1499783e-001
 7.1703839e-001
 7.1906012e-001
 7.2103930e-001
 7.2296011e-001
 7.2481853e-001
 7.2662222e-001
 7.2838843e-001
 7.3014218e-001
 7.3191345e-001
 7.3373085e-001
 7.3561347e-001
 7.3756224e-001
 7.3955733e-001
 7.4155825e-001
 7.4351209e-001
 7.4537104e-001
 7.4710864e-001
 7.4872249e-001
 7.5022978e-001
 7.5166059e-001
 7.5305063e-001
 7.5443941e-001
 7.5586939e-001
 7.5737166e-001
 7.5895464e-001
 7.6060265e-001
 7.6228166e-001
 7.6395047e-001
 7.6557320e-001
 7.6712674e-001
 7.6860100e-001
 7.6999658e-001
 7.7132100e-001
 7.7258855e-001
 7.7382022e-001
 7.7504212e-001
 7.7627957e-001
 7.7754891e-001
 7.7885062e-001
 7.8016782e-001
 7.8147227e-001
 7.8273427e-001
 7.8393364e-001
 7.8506804e-001
 7.8616083e-001
 7.8725821e-001
 7.8841227e-001
 7.8968561e-001
 7.9110032e-001
 7.9258060e-001
 7.9407102e-001
 7.9551911e-001
 7.9685074e-001
 7.9804224e-001
 7.9912996e-001
 8.0016118e-001
 8.0117357e-001
 8.0219120e-001
 8.0322355e-001
 8.0427295e-001
 8.0534202e-001
 8.0643660e-001
 8.0756462e-001
 8.0873579e-001
 8.0996120e-001
 8.1125122e-001
 8.1261092e-001
 8.1403321e-001
 8.1549710e-001
 8.1697160e-001
 8.1842715e-001
 8.1984657e-001
 8.2123172e-001
 8.2259953e-001
 8.2397068e-001
 8.2535607e-001
 8.2675010e-001
 8.2813537e-001
 8.2949680e-001
 8.3083433e-001
 8.3216381e-001
 8.3350396e-001
 8.3485854e-001
 8.3620864e-001
 8.3752245e-001
 8.3877814e-001
 8.3998287e-001
 8.4117013e-001
 8.4237891e-001
 8.4362948e-001
 8.4491378e-001
 8.4620208e-001
 8.4745842e-001
 8.4865797e-001
 8.4979570e-001
 8.5088748e-001
 8.5196680e-001
 8.5307461e-001
 8.5423702e-001
 8.5544157e-001
 8.5663378e-001
 8.5774463e-001
 8.5873294e-001
 8.5961026e-001
 8.6042833e-001
 8.6124307e-001
 8.6208165e-001
 8.6293656e-001
 8.6378258e-001
 8.6460143e-001
 8.6539435e-001
 8.6617708e-001
 8.6696362e-001
 8.6774820e-001
 8.6849993e-001
 8.6917841e-001
 8.6976421e-001
 8.7028319e-001
 8.7080294e-001
 8.7139934e-001
 8.7211627e-001
 8.7294638e-001
 8.7384349e-001
 8.7475795e-001
 8.7566602e-001
 8.7656921e-001
 8.7746352e-001
 8.7831783e-001
 8.7909675e-001
 8.7981802e-001
 8.8057959e-001
 8.8150716e-001
 8.8265067e-001
 8.8392496e-001
 8.8515860e-001
 8.8621068e-001
 8.8704914e-001
 8.8773590e-001
 8.8835961e-001
 8.8899291e-001
 8.8969672e-001
 8.9053071e-001
 8.9152861e-001
 8.9265501e-001
 8.9379901e-001
 8.9483356e-001
 8.9569551e-001
 8.9641136e-001
 8.9704812e-001
 8.9765394e-001
 8.9825517e-001
 8.9889216e-001
 8.9962304e-001
 9.0047777e-001
 9.0141815e-001
 9.0235037e-001
 9.0318000e-001
 9.0387160e-001
 9.0447366e-001
 9.0507942e-001
 9.0573651e-001
 9.0638751e-001
 9.0691280e-001
 9.0723652e-001
 9.0738815e-001
 9.0747738e-001
 9.0763062e-001
 9.0793341e-001
 9.0839767e-001
 9.0898043e-001
 9.0965867e-001
 9.1048044e-001
 9.1151643e-001
 9.1277039e-001
 9.1416764e-001
 9.1561431e-001
 9.1702056e-001
 9.1828030e-001
 9.1929537e-001
 9.2004895e-001
 9.2062479e-001
 9.2112523e-001
 9.2157727e-001
 9.2193252e-001
 9.2215204e-001
 9.2226499e-001
 9.2233276e-001
 9.2239040e-001
 9.2246085e-001
 9.2260355e-001
 9.2289078e-001
 9.2334104e-001
 9.2391831e-001
 9.2458940e-001
 9.2532879e-001
 9.2606825e-001
 9.2669958e-001
 9.2715967e-001
 9.2749518e-001
 9.2782629e-001
 9.2824310e-001
 9.2873973e-001
 9.2924893e-001
 9.2974132e-001
 9.3028188e-001
 9.3097460e-001
 9.3184012e-001
 9.3276143e-001
 9.3356866e-001
 9.3415457e-001
 9.3449032e-001
 9.3460488e-001
 9.3463880e-001
 9.3484801e-001
 9.3540585e-001
 9.3620992e-001
 9.3701023e-001
 9.3771100e-001
 9.3841857e-001
 9.3921697e-001
 9.4003659e-001
 9.4076538e-001
 9.4138640e-001
 9.4194502e-001
 9.4241941e-001
 9.4273019e-001
 9.4293886e-001
 9.4330174e-001
 9.4394529e-001
 9.4459617e-001
 9.4489127e-001
 9.4486904e-001
 9.4485909e-001
 9.4496375e-001
 9.4496423e-001
 9.4468236e-001
 9.4415671e-001
 9.4352025e-001
 9.4295818e-001
 9.4270879e-001
 9.4285142e-001
 9.4314075e-001
 9.4320613e-001
 9.4290197e-001
 9.4235104e-001
 9.4175142e-001
 9.4129527e-001
 9.4115925e-001
 9.4135171e-001
 9.4163120e-001
 9.4175828e-001
 9.4172990e-001
 9.4165242e-001
 9.4155306e-001
 9.4142401e-001
 9.4128907e-001
 9.4113821e-001
 9.4099134e-001
 9.4109285e-001
 9.4171709e-001
 9.4266331e-001
 9.4330901e-001
 9.4332135e-001
 9.4303721e-001
 9.4297481e-001
 9.4319791e-001
 9.4338626e-001
 9.4337827e-001
 9.4332886e-001
 9.4336903e-001
 9.4340301e-001
 9.4339383e-001
 9.4353020e-001
 9.4388598e-001
 9.4425416e-001
 9.4448191e-001
 9.4469249e-001
 9.4501925e-001
 9.4533682e-001
 9.4540167e-001
 9.4517463e-001
 9.4492960e-001
 9.4502044e-001
 9.4552910e-001
 9.4619530e-001
 9.4670820e-001
 9.4698566e-001
 9.4715124e-001
 9.4731170e-001
 9.4740289e-001
 9.4728923e-001
 9.4701087e-001
 9.4683051e-001
 9.4698328e-001
 9.4744861e-001
 9.4799405e-001
 9.4840139e-001
 9.4860935e-001
 9.4859159e-001
 9.4817597e-001
 9.4727391e-001
 9.4633466e-001
 9.4614291e-001
 9.4692832e-001
 9.4807726e-001
 9.4887716e-001
 9.4910234e-001
 9.4890535e-001
 9.4842559e-001
 9.4775277e-001
 9.4714832e-001
 9.4699895e-001
 9.4749492e-001
 9.4841993e-001
 9.4927329e-001
 9.4962204e-001
 9.4937301e-001
 9.4875950e-001
 9.4815242e-001
 9.4789881e-001
 9.4822407e-001
 9.4913942e-001
 9.5039231e-001
 9.5156890e-001
 9.5231479e-001
 9.5249969e-001
 9.5222193e-001
 9.5172292e-001
 9.5130360e-001
 9.5122313e-001
 9.5155495e-001
 9.5210266e-001
 9.5251173e-001
 9.5253390e-001
 9.5221341e-001
 9.5182109e-001
 9.5163399e-001
 9.5178014e-001
 9.5224005e-001
 9.5293081e-001
 9.5374233e-001
 9.5444596e-001
 9.5470530e-001
 9.5440251e-001
 9.5372993e-001
 9.5287269e-001
 9.5179605e-001
 9.5059723e-001
 9.4977951e-001
 9.4981652e-001
 9.5061892e-001
 9.5161593e-001
 9.5224172e-001
 9.5237619e-001
 9.5234120e-001
 9.5233601e-001
 9.5212346e-001
 9.5157158e-001
 9.5110571e-001
 9.5119810e-001
 9.5173800e-001
 9.5222294e-001
 9.5233977e-001
 9.5225298e-001
 9.5240688e-001
 9.5295960e-001
 9.5352048e-001
 9.5364630e-001
 9.5335156e-001
 9.5292205e-001
 9.5251620e-001
 9.5214641e-001
 9.5185703e-001
 9.5177126e-001
 9.5199293e-001
 9.5246619e-001
 9.5294273e-001
 9.5314813e-001
 9.5301962e-001
 9.5280987e-001
 9.5285332e-001
 9.5306855e-001
 9.5293540e-001
 9.5234615e-001
 9.5198131e-001
 9.5230365e-001
 9.5298207e-001
 9.5301849e-001
 9.5222640e-001
 9.5188272e-001
 9.5268697e-001
 9.5388418e-001
 9.5453769e-001
 9.5433033e-001
 9.5348877e-001
 9.5243055e-001
 9.5159996e-001
 9.5142055e-001
 9.5215058e-001
 9.5359695e-001
 9.5514327e-001
 9.5616972e-001
 9.5645821e-001
 9.5620316e-001
 9.5572865e-001
 9.5532268e-001
 9.5520991e-001
 9.5552146e-001
 9.5619816e-001
 9.5699823e-001
 9.5765698e-001
 9.5804471e-001
 9.5817256e-001
 9.5809805e-001
 9.5788258e-001
 9.5758820e-001
 9.5728058e-001
 9.5704979e-001
 9.5681113e-001
 9.5660478e-001
 9.5643097e-001
 9.5632350e-001
 9.5632964e-001
 9.5649672e-001
 9.5685464e-001
 9.5731980e-001
 9.5776284e-001
 9.5805430e-001
 9.5809430e-001
 9.5797795e-001
 9.5787942e-001
 9.5797306e-001
 9.5839751e-001
 9.5905560e-001
 9.5975435e-001
 9.6030068e-001
 9.6053416e-001
 9.6051180e-001
 9.6035659e-001
 9.6027976e-001
 9.6040428e-001
 9.6076137e-001
 9.6127164e-001
 9.6185136e-001
 9.6241635e-001
 9.6288484e-001
 9.6321809e-001
 9.6342039e-001
 9.6349788e-001
 9.6345669e-001
 9.6330422e-001
 9.6307456e-001
 9.6282792e-001
 9.6262592e-001
 9.6252990e-001
 9.6259934e-001
 9.6284550e-001
 9.6323311e-001
 9.6372479e-001
 9.6428323e-001
 9.6487093e-001
 9.6545720e-001
 9.6603620e-001
 9.6660846e-001
 9.6717411e-001
-1.2300000e+034
-1.2300000e+034
 9.6883696e-001
 9.6938097e-001
 9.6992058e-001
 9.7045618e-001
 9.7098815e-001
-1.2300000e+034
-1.2300000e+034
 9.7256625e-001
 9.7308755e-001
 9.7360742e-001
 9.7412592e-001
 9.7464365e-001
 9.7516096e-001
-1.2300000e+034
-1.2300000e+034
 9.7671407e-001
 9.7723359e-001
 9.7775471e-001
 9.7827756e-001
 9.7880304e-001
 9.7933114e-001
 9.7986233e-001
 9.8039728e-001
 9.8093379e-001
 9.8146230e-001
 9.8197055e-001
 9.8244697e-001
 9.8287958e-001
 9.8325652e-001
 9.8356599e-001
 9.8379600e-001
 9.8393911e-001
 9.8400348e-001
 9.8400086e-001
 9.8394328e-001
 9.8384249e-001
 9.8371023e-001
 9.8355860e-001
 9.8339921e-001
 9.8324412e-001
 9.8310506e-001
 9.8299384e-001
 9.8292238e-001
 9.8289949e-001
 9.8292279e-001
 9.8298746e-001
 9.8308855e-001
 9.8322129e-001
 9.8338091e-001
 9.8356235e-001
 9.8376095e-001
 9.8397177e-001
 9.8418993e-001
 9.8441058e-001
 9.8462898e-001
 9.8484087e-001
 9.8504454e-001
 9.8523867e-001
 9.8542237e-001
 9.8559427e-001
 9.8575324e-001
 9.8589808e-001
 9.8602766e-001
 9.8614073e-001
 9.8623616e-001
 9.8631281e-001
 9.8636901e-001
 9.8640215e-001
 9.8640895e-001
 9.8638642e-001
 9.8633140e-001
 9.8624092e-001
 9.8611182e-001
 9.8594111e-001
 9.8572552e-001
 9.8546219e-001
 9.8515159e-001
 9.8480803e-001
 9.8444813e-001
 9.8408908e-001
 9.8374748e-001
 9.8344034e-001
 9.8318458e-001
 9.8299712e-001
 9.8289466e-001
 9.8289442e-001
 9.8300523e-001
 9.8320979e-001
 9.8348504e-001
 9.8380780e-001
 9.8415506e-001
 9.8450375e-001
 9.8483062e-001
 9.8511285e-001
 9.8532712e-001
 9.8545057e-001
 9.8546797e-001
 9.8539162e-001
 9.8523927e-001
 9.8502892e-001
 9.8477840e-001
 9.8450565e-001
 9.8422843e-001
 9.8396486e-001
 9.8373264e-001
 9.8354250e-001
 9.8338115e-001
 9.8323059e-001
 9.8307258e-001
 9.8288882e-001
 9.8266113e-001
 9.8237145e-001
 9.8200142e-001
 9.8154569e-001
 9.8103982e-001
 9.8052847e-001
 9.8005605e-001
 9.7966683e-001
 9.7940540e-001
 9.7931612e-001
 9.7944343e-001
 9.7980887e-001
 9.8035902e-001
 9.8102582e-001
 9.8174059e-001
 9.8243499e-001
 9.8304069e-001
 9.8348916e-001
 9.8371208e-001
 9.8366863e-001
 9.8340642e-001
 9.8299110e-001
 9.8252088e-001
 9.8201489e-001
 9.8156470e-001
 9.8121786e-001
 9.8099357e-001
 9.8088628e-001
 9.8087484e-001
 9.8093039e-001
 9.8102200e-001
 9.8112059e-001
 9.8120326e-001
 9.8125666e-001
 9.8127431e-001
 9.8125309e-001
 9.8119140e-001
 9.8109055e-001
 9.8095715e-001
 9.8080379e-001
 9.8064750e-001
 9.8050725e-001
 9.8040032e-001
 9.8033750e-001
 9.8031825e-001
 9.8032880e-001
 9.8034519e-001
 9.8033923e-001
 9.8028588e-001
 9.8017180e-001
 9.8000288e-001
 9.7980732e-001
 9.7963011e-001
 9.7952330e-001
 9.7953361e-001
 9.7968835e-001
 9.7998333e-001
 9.8037976e-001
 9.8081124e-001
 9.8119873e-001
 9.8146927e-001
 9.8157549e-001
 9.8104906e-001
 9.8109233e-001
 9.8112375e-001
 9.8115456e-001
 9.8119450e-001
 9.8124921e-001
 9.8131877e-001
 9.8139781e-001
 9.8147702e-001
 9.8154652e-001
 9.8159957e-001
 9.8163658e-001
 9.8166656e-001
 9.8170608e-001
 9.8177415e-001
 9.8188668e-001
 9.8205113e-001
 9.8226315e-001
 9.8250645e-001
 9.8275602e-001
 9.8298299e-001
 9.8316002e-001
 9.8326659e-001
 9.8329139e-001
 9.8323369e-001
 9.8310298e-001
 9.8291820e-001
 9.8270416e-001
 9.8248750e-001
 9.8229140e-001
 9.8213178e-001
 9.8201579e-001
 9.8194247e-001
 9.8190486e-001
 9.8189270e-001
 9.8189479e-001
 9.8190087e-001
 9.8190290e-001
 9.8189551e-001
 9.8187548e-001
 9.8184168e-001
 9.8179448e-001
 9.8173511e-001
 9.8166591e-001
 9.8158979e-001
 9.8151028e-001
 9.8143107e-001
 9.8135531e-001
 9.8128527e-001
 9.8122162e-001
 9.8116279e-001
 9.8110509e-001
 9.8104292e-001
 9.8096955e-001
 9.8087835e-001
 9.8076397e-001
 9.8062366e-001
 9.8045826e-001
 9.8027182e-001
 9.8007172e-001
 9.7986704e-001
 9.7966737e-001
 9.7948122e-001
 9.7931522e-001
 9.7917414e-001
 9.7906172e-001
 9.7898161e-001
 9.7893882e-001
 9.7894007e-001
 9.7899342e-001
 9.7910637e-001
 9.7928327e-001
 9.7952253e-001
 9.7981447e-001
 9.8014039e-001
 9.8047417e-001
 9.8078519e-001
 9.8104268e-001
 9.8122054e-001
 9.8130131e-001
 9.8127884e-001
 9.8115915e-001
 9.8095876e-001
 9.8070204e-001
 9.8041767e-001
 9.8013455e-001
 9.7987854e-001
 9.7967041e-001
 9.7952384e-001
 9.7944558e-001
 9.7943562e-001
 9.7948819e-001
 9.7959280e-001
 9.7973537e-001
 9.7989964e-001
 9.8006803e-001
 9.8022294e-001
 9.8034757e-001
 9.8042732e-001
 9.8045105e-001
 9.8041207e-001
 9.8030943e-001
 9.8014826e-001
 9.7993988e-001
 9.7970074e-001
 9.7945100e-001
 9.7921211e-001
 9.7900426e-001
 9.7884405e-001
 9.7874200e-001
 9.7870153e-001
 9.7871870e-001
 9.7878307e-001
 9.7887909e-001
 9.7898883e-001
 9.7909427e-001
 9.7917968e-001
 9.7923326e-001
 9.7924829e-001
 9.7922277e-001
 9.7915870e-001
 9.7906071e-001
 9.7893399e-001
 9.7878343e-001
 9.7861248e-001
 9.7842312e-001
 9.7821629e-001
 9.7799277e-001
 9.7775424e-001
 9.7750330e-001
 9.7724378e-001
 9.7697991e-001
 9.7671533e-001
 9.7645229e-001
 9.7619081e-001
 9.7592902e-001
 9.7566366e-001
 9.7539073e-001
 9.7510719e-001
 9.7481132e-001
 9.7450304e-001
 9.7418410e-001
 9.7385693e-001
 9.7352445e-001
 9.7318941e-001
 9.7285408e-001
 9.7252101e-001
 9.7219288e-001
 9.7187334e-001
 9.7156662e-001
 9.7127694e-001
 9.7100806e-001
 9.7076201e-001
 9.7053891e-001
 9.7033685e-001
 9.7015262e-001
 9.6998364e-001
 9.6982902e-001
 9.6969110e-001
 9.6957523e-001
 9.6948910e-001
 9.6944076e-001
 9.6943587e-001
 9.6947521e-001
 9.6955341e-001
 9.6965820e-001
 9.6977204e-001
 9.6987474e-001
 9.6994680e-001
 9.6997309e-001
 9.6994573e-001
 9.6986592e-001
 9.6974397e-001
 9.6959817e-001
 9.6945190e-001
 9.6933025e-001
 9.6925634e-001
 9.6924788e-001
 9.6931446e-001
 9.6945649e-001
 9.6966517e-001
 9.6992368e-001
 9.7020954e-001
 9.7049773e-001
 9.7076327e-001
 9.7098428e-001
 9.7114384e-001
 9.7123152e-001
 9.7124380e-001
 9.7118413e-001
 9.7106189e-001
 9.7089148e-001
 9.7069055e-001
 9.7047806e-001
 9.7027248e-001
 9.7008979e-001
 9.6994179e-001
 9.6983498e-001
 9.6976990e-001
 9.6974158e-001
 9.6974045e-001
 9.6975422e-001
 9.6977013e-001
 9.6977669e-001
 9.6976602e-001
 9.6973485e-001
 9.6968454e-001
 9.6962118e-001
 9.6955371e-001
 9.6949238e-001
 9.6944684e-001
 9.6942431e-001
 9.6942842e-001
 9.6945870e-001
 9.6951085e-001
 9.6957791e-001
 9.6965176e-001
 9.6972460e-001
 9.6979046e-001
 9.6984595e-001
 9.6989024e-001
 9.6992451e-001
 9.6995062e-001
 9.6997017e-001
 9.6998304e-001
 9.6998733e-001
 9.6997905e-001
 9.6995312e-001
 9.6990448e-001
 9.6982938e-001
 9.6972650e-001
 9.6959782e-001
 9.6944880e-001
 9.6928781e-001
 9.6912539e-001
 9.6897316e-001
 9.6884191e-001
 9.6874088e-001
 9.6867651e-001
 9.6865213e-001
 9.6866763e-001
 9.6872014e-001
 9.6880448e-001
 9.6891403e-001
 9.6904135e-001
 9.6917868e-001
 9.6931869e-001
 9.6945435e-001
 9.6957952e-001
 9.6968907e-001
 9.6977919e-001
 9.6984768e-001
 9.6989417e-001
 9.6991956e-001
 9.6992582e-001
 9.6991467e-001
 9.6988732e-001
 9.6984285e-001
 9.6977890e-001
 9.6969134e-001
 9.6957612e-001
 9.6943074e-001
 9.6925569e-001
 9.6905637e-001
 9.6884280e-001
 9.6862924e-001
 9.6843189e-001
 9.6826643e-001
 9.6814501e-001
 9.6807390e-001
 9.6805215e-001
 9.6807140e-001
 9.6811754e-001
 9.6817315e-001
 9.6822047e-001
 9.6824485e-001
 9.6823716e-001
 9.6819550e-001
 9.6812528e-001
 9.6803832e-001
 9.6795005e-001
 9.6787685e-001
 9.6783245e-001
 9.6782523e-001
 9.6785659e-001
 9.6792030e-001
 9.6800369e-001
 9.6808976e-001
 9.6816021e-001
 9.6819866e-001
 9.6819341e-001
 9.6813929e-001
 9.6803850e-001
 9.6789962e-001
 9.6773624e-001
 9.6756375e-001
 9.6739697e-001
 9.6724701e-001
 9.6711975e-001
 9.6701503e-001
 9.6692705e-001
 9.6684611e-001
 9.6676087e-001
 9.6666050e-001
 9.6653652e-001
 9.6638429e-001
 9.6620274e-001
 9.6599424e-001
 9.6576321e-001
 9.6551526e-001
 9.6525609e-001
 9.6499091e-001
 9.6472424e-001
 9.6445990e-001
 9.6420074e-001
 9.6394873e-001
 9.6370447e-001
 9.6346730e-001
 9.6323466e-001
 9.6300280e-001
 9.6276736e-001
 9.6252412e-001
 9.6227050e-001
 9.6200615e-001
 9.6173352e-001
 9.6145767e-001
 9.6118504e-001
 9.6092248e-001
 9.6067554e-001
 9.6044749e-001
 9.6023828e-001
 9.6004456e-001
 9.5986027e-001
 9.5967692e-001
 9.5948505e-001
 9.5927513e-001
 9.5903796e-001
 9.5876598e-001
 9.5845371e-001
 9.5809865e-001
 9.5770198e-001
 9.5726931e-001
 9.5681077e-001
 9.5634085e-001
 9.5587653e-001
 9.5543587e-001
 9.5503497e-001
 9.5468557e-001
 9.5439285e-001
 9.5415419e-001
 9.5395976e-001
 9.5379382e-001
 9.5363736e-001
 9.5347124e-001
 9.5327890e-001
 9.5304871e-001
 9.5277435e-001
 9.5245486e-001
 9.5209271e-001
 9.5169169e-001
 9.5125437e-001
 9.5077986e-001
 9.5026273e-001
 9.4969308e-001
 9.4905710e-001
 9.4833940e-001
 9.4752485e-001
 9.4659966e-001
 9.4555259e-001
 9.4437289e-001
 9.4304878e-001
 9.4156414e-001
 9.3989539e-001
 9.3801177e-001
 9.3587548e-001
 9.3344766e-001
 9.3069530e-001
 9.2759895e-001
 9.2416465e-001
 9.2042768e-001
 9.1645944e-001
 9.1236532e-001
 9.0827680e-001
 9.0434372e-001
 9.0071571e-001
 8.9752924e-001
 8.9489001e-001
 8.9286000e-001
 8.9145184e-001
 8.9062709e-001
 8.9030170e-001
 8.9035851e-001
 8.9066112e-001
 8.9107031e-001
 8.9145797e-001
 8.9171791e-001
 8.9177167e-001
 8.9157039e-001
 8.9109254e-001
 8.9034033e-001
 8.8933408e-001
 8.8810837e-001
 8.8670737e-001
 8.8518214e-001
 8.8358790e-001
 8.8197976e-001
 8.8041145e-001
 8.7893021e-001
 8.7757498e-001
 8.7637329e-001
 8.7533945e-001
 8.7447578e-001
 8.7377286e-001
 8.7321353e-001
 8.7277555e-001
 8.7243563e-001
 8.7217289e-001
 8.7197083e-001
 8.7181848e-001
 8.7171048e-001
 8.7164509e-001
 8.7162274e-001
 8.7164348e-001
 8.7170553e-001
 8.7180430e-001
 8.7193280e-001
 8.7208283e-001
 8.7224662e-001
 8.7241882e-001
 8.7259734e-001
 8.7278390e-001
 8.7298310e-001
 8.7320083e-001
 8.7344229e-001
 8.7371004e-001
 8.7400264e-001
 8.7431401e-001
 8.7463385e-001
 8.7494868e-001
 8.7524307e-001
 8.7550151e-001
 8.7571007e-001
 8.7585771e-001
 8.7593734e-001
 8.7594664e-001
 8.7588853e-001
 8.7577087e-001
 8.7560612e-001
 8.7540984e-001
 8.7519914e-001
 8.7499046e-001
 8.7479734e-001
 8.7462866e-001
 8.7448794e-001
 8.7437320e-001
 8.7427855e-001
 8.7419617e-001
 8.7411910e-001
 8.7404329e-001
 8.7396932e-001
 8.7390256e-001
 8.7385207e-001
 8.7382889e-001
 8.7384343e-001
 8.7390339e-001
 8.7401229e-001
 8.7416857e-001
 8.7436610e-001
 8.7459511e-001
 8.7484372e-001
 8.7509930e-001
 8.7534994e-001
 8.7558526e-001
 8.7579715e-001
 8.7598032e-001
 8.7613237e-001
 8.7625420e-001
 8.7634969e-001
 8.7642533e-001
 8.7648958e-001
 8.7655133e-001
 8.7661868e-001
 8.7669754e-001
 8.7679029e-001
 8.7689519e-001
 8.7700665e-001
 8.7711591e-001
 8.7721246e-001
 8.7728608e-001
 8.7732822e-001
 8.7733352e-001
 8.7730080e-001
 8.7723297e-001
 8.7713689e-001
 8.7702209e-001
 8.7689978e-001
 8.7678128e-001
 8.7667644e-001
 8.7659287e-001
 8.7653476e-001
 8.7650239e-001
 8.7649232e-001
 8.7649769e-001
 8.7650901e-001
 8.7651557e-001
 8.7650669e-001
 8.7647337e-001
 8.7640935e-001
 8.7631243e-001
 8.7618446e-001
 8.7603146e-001
 8.7586260e-001
 8.7568939e-001
 8.7552416e-001
 8.7537891e-001
 8.7526411e-001
 8.7518799e-001
 8.7515587e-001
 8.7516999e-001
 8.7522918e-001
 8.7532961e-001
 8.7546521e-001
 8.7562847e-001
 8.7581074e-001
 8.7600297e-001
 8.7619573e-001
 8.7637955e-001
 8.7654597e-001
 8.7668818e-001
 8.7680209e-001
 8.7688708e-001
 8.7694639e-001
 8.7698752e-001
 8.7702155e-001
 8.7706208e-001
 8.7712312e-001
 8.7721717e-001
 8.7735301e-001
 8.7753469e-001
 8.7776035e-001
 8.7802291e-001
 8.7831056e-001
 8.7860805e-001
 8.7889898e-001
 8.7916768e-001
 8.7940204e-001
 8.7959474e-001
 8.7974441e-001
 8.7985569e-001
 8.7993789e-001
 8.8000339e-001
 8.8006544e-001
 8.8013637e-001
 8.8022578e-001
 8.8033992e-001
 8.8048172e-001
 8.8065118e-001
 8.8084626e-001
 8.8106346e-001
 8.8129830e-001
 8.8154572e-001
 8.8179976e-001
 8.8205397e-001
 8.8230103e-001
 8.8253266e-001
 8.8273996e-001
 8.8291419e-001
 8.8304764e-001
 8.8313532e-001
 8.8317686e-001
 8.8317782e-001
 8.8315028e-001
 8.8311207e-001
 8.8308430e-001
 8.8308883e-001
 8.8314492e-001
 8.8326669e-001
 8.8346130e-001
 8.8372809e-001
 8.8405865e-001
 8.8443792e-001
 8.8484603e-001
 8.8526100e-001
 8.8566166e-001
 8.8602978e-001
 8.8635224e-001
 8.8662183e-001
 8.8683707e-001
 8.8700098e-001
 8.8712001e-001
 8.8720191e-001
 8.8725460e-001
 8.8728476e-001
 8.8729703e-001
 8.8729417e-001
 8.8727695e-001
 8.8724488e-001
 8.8719684e-001
 8.8713181e-001
 8.8704926e-001
 8.8694972e-001
 8.8683462e-001
 8.8670677e-001
 8.8656986e-001
 8.8642824e-001
 8.8628691e-001
 8.8615108e-001
 8.8602579e-001
 8.8591594e-001
 8.8582593e-001
 8.8575935e-001
 8.8571888e-001
 8.8570601e-001
 8.8572115e-001
 8.8576305e-001
 8.8582909e-001
 8.8591528e-001
 8.8601595e-001
 8.8612431e-001
 8.8623226e-001
 8.8633120e-001
 8.8641232e-001
 8.8646746e-001
 8.8648975e-001
 8.8647491e-001
 8.8642156e-001
 8.8633174e-001
 8.8621122e-001
 8.8606882e-001
 8.8591582e-001
 8.8576436e-001
 8.8562649e-001
 8.8551223e-001
 8.8542891e-001
 8.8538009e-001
 8.8536543e-001
 8.8538098e-001
 8.8541991e-001
 8.8547343e-001
 8.8553208e-001
 8.8558656e-001
 8.8562876e-001
 8.8565236e-001
 8.8565326e-001
 8.8562936e-001
 8.8558096e-001
 8.8551021e-001
 8.8542080e-001
 8.8531762e-001
 8.8520640e-001
 8.8509291e-001
 8.8498265e-001
 8.8487989e-001
 8.8478750e-001
 8.8470638e-001
 8.8463551e-001
 8.8457209e-001
 8.8451213e-001
 8.8445133e-001
 8.8438559e-001
 8.8431168e-001
 8.8422787e-001
 8.8413388e-001
 8.8403124e-001
 8.8392287e-001
 8.8381273e-001
 8.8370514e-001
 8.8360399e-001
 8.8351172e-001
 8.8342905e-001
 8.8335431e-001
 8.8328397e-001
 8.8321328e-001
 8.8313746e-001
 8.8305312e-001
 8.8295960e-001
 8.8286024e-001
 8.8276219e-001
 8.8267612e-001
 8.8261449e-001
 8.8258958e-001
 8.8261133e-001
 8.8268518e-001
 8.8281047e-001
 8.8297993e-001
 8.8317943e-001
 8.8338912e-001
 8.8358533e-001
 8.8374341e-001
 8.8384110e-001
 8.8386208e-001
 8.8379860e-001
 8.8365364e-001
 8.8344133e-001
 8.8318563e-001
 8.8291746e-001
 8.8267094e-001
 8.8247871e-001
 8.8236719e-001
 8.8235313e-001
 8.8244051e-001
 8.8262016e-001
 8.8287002e-001
 8.8315833e-001
 8.8344681e-001
 8.8369554e-001
 8.8386732e-001
 8.8393152e-001
 8.8386697e-001
 8.8366336e-001
 8.8332170e-001
 8.8285244e-001
 8.8227421e-001
 8.8161105e-001
 8.8088989e-001
 8.8013870e-001
 8.7938434e-001
 8.7865192e-001
 8.7796372e-001
 8.7733853e-001
 8.7679189e-001
 8.7633550e-001
 8.7597716e-001
 8.7572062e-001
 8.7556541e-001
 8.7550747e-001
 8.7553895e-001
 8.7564951e-001
 8.7582684e-001
 8.7605798e-001
 8.7633002e-001
 8.7663132e-001
 8.7695163e-001
 8.7728298e-001
 8.7761909e-001
 8.7795538e-001
 8.7828857e-001
 8.7861568e-001
 8.7893367e-001
 8.7923920e-001
 8.7952781e-001
 8.7979412e-001
 8.8003206e-001
 8.8023514e-001
 8.8039720e-001
 8.8051313e-001
 8.8057959e-001
 8.8059562e-001
 8.8056314e-001
 8.8048661e-001
 8.8037294e-001
 8.8023049e-001
 8.8006771e-001
 8.7989217e-001
 8.7970906e-001
 8.7951988e-001
 8.7932229e-001
 8.7910950e-001
 8.7887162e-001
 8.7859643e-001
 8.7827170e-001
 8.7788761e-001
 8.7743843e-001
 8.7692505e-001
 8.7635607e-001
 8.7574756e-001
 8.7512302e-001
 8.7451065e-001
 8.7394142e-001
 8.7344593e-001
 8.7305105e-001
 8.7277782e-001
 8.7263930e-001
 8.7264001e-001
 8.7277544e-001
 8.7303281e-001
 8.7339252e-001
 8.7383008e-001
 8.7431747e-001
 8.7482542e-001
 8.7532461e-001
 8.7578744e-001
 8.7618917e-001
 8.7650830e-001
 8.7672758e-001
 8.7683433e-001
 8.7682092e-001
 8.7668502e-001
 8.7642914e-001
 8.7606055e-001
 8.7559199e-001
 8.7504154e-001
 8.7443167e-001
 8.7378758e-001
 8.7313586e-001
 8.7250173e-001
 8.7190694e-001
 8.7136781e-001
 8.7089384e-001
 8.7048805e-001
 8.7007982e-001
 8.6981040e-001
 8.6958951e-001
 8.6940467e-001
 8.6924320e-001
 8.6909199e-001
 8.6893833e-001
 8.6876941e-001
 8.6857277e-001
 8.6833620e-001
 8.6804777e-001
 8.6769652e-001
 8.6727309e-001
 8.6677152e-001
 8.6619133e-001
 8.6553842e-001
 8.6482567e-001
 8.6407262e-001
 8.6330348e-001
 8.6254567e-001
 8.6182773e-001
 8.6117804e-001
 8.6062288e-001
 8.6018372e-001
 8.5987401e-001
 8.5969585e-001
 8.5963869e-001
 8.5968035e-001
 8.5979056e-001
 8.5993409e-001
 8.6007351e-001
 8.6017162e-001
 8.6019367e-001
 8.6011022e-001
 8.5990077e-001
 8.5955715e-001
 8.5908443e-001
 8.5849977e-001
 8.5782945e-001
 8.5710484e-001
 8.5635996e-001
 8.5562867e-001
 8.5494322e-001
 8.5433161e-001
 8.5381401e-001
 8.5340089e-001
 8.5309124e-001
 8.5287410e-001
 8.5273099e-001
 8.5263902e-001
 8.5257322e-001
 8.5250789e-001
 8.5241824e-001
 8.5228097e-001
 8.5207570e-001
 8.5178626e-001
 8.5140061e-001
 8.5091096e-001
 8.5031241e-001
 8.4960175e-001
 8.4877676e-001
 8.4783524e-001
 8.4677523e-001
 8.4559441e-001
 8.4428960e-001
 8.4285712e-001
 8.4129256e-001
 8.3959013e-001
 8.3774424e-001
 8.3574808e-001
 8.3359545e-001
 8.3128017e-001
 8.2879549e-001
 8.2613629e-001
 8.2329714e-001
 8.2027471e-001
 8.1706709e-001
 8.1367224e-001
 8.1009084e-001
 8.0632228e-001
 8.0236751e-001
 7.9822814e-001
 7.9390508e-001
 7.8940290e-001
 7.8472686e-001
 7.7988738e-001
 7.7489913e-001
 7.6977873e-001
 7.6454723e-001
 7.5922745e-001
 7.5384116e-001
 7.4841338e-001
 7.4296767e-001
 7.3753101e-001
 7.3213351e-001
 7.2680730e-001
 7.2159147e-001
 7.1652639e-001
 7.1165735e-001
 7.0703113e-001
 7.0269340e-001
 6.9869083e-001
 6.9506490e-001
 6.9185185e-001
 6.8907642e-001
 6.8674719e-001
 6.8485689e-001
 6.8338203e-001
 6.8228853e-001
 6.8153548e-001
 6.8107855e-001
 6.8087316e-001
 6.8087596e-001
 6.8104732e-001
 6.8135381e-001
 6.8177062e-001
 6.8228233e-001
 6.8288177e-001
 6.8356848e-001
 6.8434530e-001
 6.8521714e-001
 6.8618864e-001
 6.8726337e-001
 6.8844223e-001
 6.8972063e-001
 6.9108784e-001
 6.9252509e-001
 6.9400698e-001
 6.9550359e-001
 6.9698131e-001
 6.9840622e-001
 6.9974411e-001
 7.0096308e-001
 7.0203638e-001
 7.0294487e-001
 7.0368081e-001
 7.0424813e-001
 7.0466191e-001
 7.0494539e-001
 7.0512635e-001
 7.0523489e-001
 7.0530128e-001
 7.0535421e-001
 7.0541853e-001
 7.0551294e-001
 7.0564735e-001
 7.0582223e-001
 7.0602924e-001
 7.0625401e-001
 7.0647800e-001
 7.0668131e-001
 7.0684367e-001
 7.0694590e-001
 7.0697153e-001
 7.0690888e-001
 7.0675224e-001
 7.0650297e-001
 7.0616871e-001
 7.0576155e-001
 7.0529652e-001
 7.0478988e-001
 7.0425808e-001
 7.0371729e-001
 7.0318252e-001
 7.0266670e-001
 7.0218027e-001
 7.0173037e-001
 7.0132172e-001
 7.0095694e-001
 7.0063740e-001
 7.0036399e-001
 7.0013726e-001
 6.9995767e-001
 6.9982570e-001
 6.9974154e-001
 6.9970536e-001
 6.9971710e-001
 6.9977659e-001
 6.9988346e-001
 7.0003736e-001
 7.0023787e-001
 7.0048422e-001
 7.0077509e-001
 7.0110804e-001
 7.0147896e-001
 7.0188087e-001
 7.0230436e-001
 7.0273721e-001
 7.0316547e-001
 7.0357412e-001
 7.0394778e-001
 7.0427150e-001
 7.0453197e-001
 7.0471913e-001
 7.0482832e-001
 7.0486253e-001
 7.0483309e-001
 7.0475852e-001
 7.0466322e-001
 7.0457447e-001
 7.0452118e-001
 7.0453167e-001
 7.0463222e-001
 7.0484406e-001
 7.0518011e-001
 7.0564204e-001
 7.0621902e-001
 7.0688903e-001
 7.0762193e-001
 7.0838207e-001
 7.0913225e-001
 7.0983523e-001
 7.1045560e-001
 7.1096331e-001
 7.1133697e-001
 7.1156621e-001
 7.1165401e-001
 7.1161461e-001
 7.1147084e-001
 7.1125072e-001
 7.1098453e-001
 7.1070302e-001
 7.1043605e-001
 7.1021110e-001
 7.1005118e-001
 7.0997381e-001
 7.0998979e-001
 7.1010441e-001
 7.1031851e-001
 7.1063030e-001
 7.1103674e-001
 7.1153402e-001
 7.1211696e-001
 7.1277875e-001
 7.1350986e-001
 7.1429598e-001
 7.1511900e-001
 7.1595687e-001
 7.1678376e-001
 7.1757287e-001
 7.1829671e-001
 7.1892828e-001
 7.1944243e-001
 7.1981907e-001
 7.2004575e-001
 7.2012037e-001
 7.2005260e-001
 7.1986246e-001
 7.1957785e-001
 7.1923113e-001
 7.1885669e-001
 7.1848947e-001
 7.1816266e-001
 7.1790612e-001
 7.1774405e-001
 7.1769279e-001
 7.1776003e-001
 7.1794564e-001
 7.1824360e-001
 7.1864450e-001
 7.1913737e-001
 7.1971029e-001
 7.2035140e-001
 7.2104877e-001
 7.2179091e-001
 7.2256607e-001
 7.2336316e-001
 7.2417146e-001
 7.2497994e-001
 7.2577804e-001
 7.2655565e-001
 7.2730207e-001
 7.2800803e-001
 7.2866529e-001
 7.2926784e-001
 7.2981226e-001
 7.3029876e-001
 7.3073035e-001
 7.3111200e-001
 7.3145020e-001
 7.3175210e-001
 7.3202479e-001
 7.3227590e-001
 7.3251277e-001
 7.3274297e-001
 7.3297399e-001
 7.3321348e-001
 7.3346925e-001
 7.3374891e-001
 7.3406011e-001
 7.3441082e-001
 7.3480815e-001
 7.3525918e-001
 7.3576975e-001
 7.3634350e-001
 7.3698187e-001
 7.3768330e-001
 7.3844397e-001
 7.3925740e-001
 7.4011666e-001
 7.4101436e-001
 7.4194199e-001
 7.4289155e-001
 7.4385482e-001
 7.4482220e-001
 7.4578428e-001
 7.4673080e-001
 7.4765015e-001
 7.4853092e-001
 7.4936134e-001
 7.5012964e-001
 7.5082451e-001
 7.5143659e-001
 7.5196040e-001
 7.5239581e-001
 7.5275135e-001
 7.5304461e-001
 7.5330091e-001
 7.5355184e-001
 7.5383240e-001
 7.5417912e-001
 7.5462741e-001
 7.5520968e-001
 7.5595152e-001
 7.5686592e-001
 7.5795043e-001
 7.5918496e-001
 7.6053226e-001
 7.6194429e-001
 7.6336604e-001
 7.6473856e-001
 7.6600420e-001
 7.6710898e-001
 7.6800758e-001
 7.6866907e-001
 7.6908290e-001
 7.6926053e-001
 7.6923317e-001
 7.6904690e-001
 7.6875633e-001
 7.6842028e-001
 7.6809770e-001
 7.6784450e-001
 7.6770991e-001
 7.6773125e-001
 7.6792967e-001
 7.6830900e-001
 7.6885653e-001
 7.6954800e-001
 7.7035242e-001
 7.7123481e-001
 7.7216005e-001
 7.7309442e-001
 7.7400708e-001
 7.7487373e-001
 7.7567816e-001
 7.7641314e-001
 7.7707922e-001
 7.7768332e-001
 7.7823609e-001
 7.7874917e-001
 7.7923489e-001
 7.7970427e-001
 7.8016526e-001
 7.8062147e-001
 7.8106970e-001
 7.8149992e-001
 7.8189522e-001
 7.8223431e-001
 7.8249305e-001
 7.8264612e-001
 7.8266889e-001
 7.8253943e-001
 7.8224170e-001
 7.8176951e-001
 7.8112954e-001
 7.8034383e-001
 7.7944720e-001
 7.7848428e-001
 7.7750534e-001
 7.7656358e-001
 7.7571082e-001
 7.7499509e-001
 7.7445590e-001
 7.7411717e-001
 7.7398288e-001
 7.7403450e-001
 7.7423298e-001
 7.7452469e-001
 7.7484685e-001
 7.7513295e-001
 7.7531695e-001
 7.7533710e-001
 7.7514184e-001
 7.7469695e-001
 7.7399099e-001
 7.7303910e-001
 7.7187914e-001
 7.7056605e-001
 7.6916480e-001
 7.6774573e-001
 7.6637840e-001
 7.6512796e-001
 7.6405102e-001
 7.6318675e-001
 7.6255232e-001
 7.6214075e-001
 7.6192224e-001
 7.6185089e-001
 7.6187098e-001
 7.6192248e-001
 7.6194495e-001
 7.6188105e-001
 7.6168126e-001
 7.6130861e-001
 7.6074374e-001
 7.5998706e-001
 7.5905591e-001
 7.5798059e-001
 7.5679976e-001
 7.5555474e-001
 7.5428748e-001
 7.5303727e-001
 7.5183833e-001
 7.5071424e-001
 7.4967527e-001
 7.4871767e-001
 7.4782330e-001
 7.4696457e-001
 7.4610835e-001
 7.4521846e-001
 7.4425864e-001
 7.4319553e-001
 7.4200058e-001
 7.4065459e-001
 7.3915023e-001
 7.3749512e-001
 7.3570818e-001
 7.3381722e-001
 7.3185700e-001
 7.2986317e-001
 7.2787172e-001
 7.2591835e-001
 7.2403294e-001
 7.2223890e-001
 7.2054940e-001
 7.1896815e-001
 7.1748793e-001
 7.1609443e-001
 7.1477014e-001
 7.1349454e-001
 7.1224672e-001
 7.1100760e-001
 7.0975941e-001
 7.0848840e-001
 7.0718694e-001
 7.0585221e-001
 7.0448732e-001
 7.0309865e-001
 7.0169604e-001
 7.0028931e-001
 6.9888836e-001
 6.9750321e-001
 6.9614100e-001
 6.9480556e-001
 6.9349700e-001
 6.9220972e-001
 6.9093376e-001
 6.8965554e-001
 6.8836051e-001
 6.8703252e-001
 6.8565583e-001
 6.8421769e-001
 6.8270874e-001
 6.8112665e-001
 6.7948025e-001
 6.7778802e-001
 6.7607808e-001
 6.7438716e-001
 6.7275500e-001
 6.7122316e-001
 6.6983223e-001
 6.6861999e-001
 6.6761470e-001
 6.6683108e-001
 6.6626537e-001
 6.6589224e-001
 6.6566783e-001
 6.6553438e-001
 6.6542572e-001
 6.6527241e-001
 6.6500521e-001
 6.6455978e-001
 6.6388196e-001
 6.6293454e-001
 6.6170484e-001
 6.6020548e-001
 6.5847248e-001
 6.5656042e-001
 6.5453321e-001
 6.5245938e-001
 6.5041065e-001
 6.4845598e-001
 6.4666206e-001
 6.4508957e-001
 6.4379311e-001
 6.4281803e-001
 6.4220238e-001
 6.4197946e-001
 6.4217836e-001
 6.4282650e-001
 6.4394826e-001
 6.4556348e-001
 6.4768207e-001
 6.5029883e-001
 6.5338475e-001
 6.5688866e-001
 6.6073823e-001
 6.6484207e-001
 6.6910237e-001
 6.7341733e-001
 6.7768234e-001
 6.8180060e-001
 6.8568522e-001
 6.8926829e-001
 6.9250423e-001
 6.9537717e-001
 6.9789606e-001
 7.0008606e-001
 7.0198518e-001
 7.0363635e-001
 7.0508254e-001
 7.0636630e-001
 7.0752591e-001
 7.0859092e-001
 7.0958155e-001
 7.1050620e-001
 7.1136320e-001
 7.1214265e-001
 7.1283066e-001
 7.1341133e-001
 7.1386778e-001
 7.1418464e-001
 7.1434855e-001
 7.1435016e-001
 7.1418566e-001
 7.1385700e-001
 7.1337140e-001
 7.1274066e-001
 7.1197855e-001
 7.1109992e-001
 7.1012074e-001
 7.0905596e-001
 7.0791972e-001
 7.0672554e-001
 7.0548409e-001
 7.0420384e-001
 7.0289218e-001
 7.0155418e-001
 7.0019430e-001
 6.9881600e-001
 6.9742370e-001
 6.9602031e-001
 6.9460815e-001
 6.9318968e-001
 6.9176537e-001
 6.9033426e-001
 6.8889534e-001
 6.8744558e-001
 6.8598187e-001
 6.8450040e-001
 6.8299836e-001
 6.8147194e-001
 6.7991757e-001
 6.7833298e-001
 6.7677367e-001
 6.7551577e-001
 6.7383718e-001
 6.7214698e-001
 6.7045486e-001
 6.6877097e-001
 6.6710496e-001
 6.6546786e-001
 6.6386920e-001
 6.6231906e-001
 6.6082776e-001
 6.5940386e-001
 6.5804738e-001
 6.5675205e-001
 6.5551168e-001
 6.5432012e-001
 6.5317166e-001
 6.5206009e-001
 6.5097940e-001
 6.4992326e-001
 6.4888602e-001
 6.4786142e-001
 6.4684355e-001
 6.4582598e-001
 6.4480311e-001
 6.4376903e-001
 6.4272070e-001
 6.4165670e-001
 6.4057505e-001
 6.3947511e-001
 6.3835484e-001
 6.3721287e-001
 6.3604754e-001
 6.3485765e-001
 6.3364172e-001
 6.3239801e-001
 6.3112485e-001
 6.2982130e-001
 6.2848556e-001
 6.2711626e-001
 6.2571186e-001
 6.2427038e-001
 6.2279111e-001
 6.2127250e-001
 6.1971593e-001
 6.1812329e-001
 6.1649811e-001
 6.1484253e-001
 6.1315924e-001
 6.1145014e-001
 6.0971886e-001
 6.0796738e-001
 6.0619837e-001
 6.0441434e-001
 6.0261750e-001
 6.0081118e-001
 5.9899753e-001
 5.9717923e-001
 5.9535837e-001
 5.9353822e-001
 5.9172118e-001
 5.8990967e-001
 5.8810574e-001
 5.8631295e-001
 5.8453345e-001
 5.8276951e-001
 5.8102190e-001
 5.7929134e-001
 5.7757777e-001
 5.7588142e-001
 5.7420248e-001
 5.7254070e-001
 5.7089710e-001
 5.6927145e-001
 5.6766397e-001
 5.6607449e-001
 5.6450397e-001
 5.6295222e-001
 5.6141937e-001
 5.5990541e-001
 5.5841112e-001
 5.5693638e-001
 5.5548137e-001
 5.5404633e-001
 5.5263108e-001
 5.5123651e-001
 5.4986250e-001
 5.4850924e-001
 5.4717666e-001
 5.4586542e-001
 5.4457551e-001
 5.4330724e-001
 5.4206145e-001
 5.4084015e-001
 5.3964442e-001
 5.3847581e-001
 5.3733575e-001
 5.3622550e-001
 5.3514701e-001
 5.3410167e-001
 5.3309065e-001
 5.3211534e-001
 5.3117770e-001
 5.3027892e-001
 5.2942044e-001
 5.2860367e-001
 5.2783030e-001
 5.2710176e-001
 5.2641946e-001
 5.2578461e-001
 5.2519912e-001
 5.2466434e-001
 5.2418154e-001
 5.2375239e-001
 5.2337825e-001
 5.2306062e-001
 5.2280098e-001
 5.2260089e-001
 5.2246165e-001
 5.2238482e-001
 5.2237189e-001
 5.2242404e-001
 5.2254063e-001
 5.2271980e-001
 5.2295989e-001
