s07_ASD Record=13825: Muscov+Jaros CU93-314 coatng ASDNGb AREF
-1.2300000e+034
 1.8455355e-001
 1.8368554e-001
 1.8284363e-001
 1.8132953e-001
 1.8046588e-001
 1.7971179e-001
 1.7902905e-001
 1.7848051e-001
 1.7815578e-001
 1.7781200e-001
 1.7760654e-001
 1.7775312e-001
 1.7752865e-001
 1.7730659e-001
 1.7706962e-001
 1.7624064e-001
 1.7619431e-001
 1.7650901e-001
 1.7670591e-001
 1.7732672e-001
 1.7791170e-001
 1.7840187e-001
 1.7892249e-001
 1.7925113e-001
 1.7978674e-001
 1.8059574e-001
 1.8128192e-001
 1.8200204e-001
 1.8270604e-001
 1.8337381e-001
 1.8419728e-001
 1.8506974e-001
 1.8594439e-001
 1.8683665e-001
 1.8800709e-001
 1.8913420e-001
 1.9011872e-001
 1.9123176e-001
 1.9238575e-001
 1.9359274e-001
 1.9488011e-001
 1.9625980e-001
 1.9766375e-001
 1.9913144e-001
 2.0072414e-001
 2.0207888e-001
 2.0353031e-001
 2.0524690e-001
 2.0705336e-001
 2.0886661e-001
 2.1066816e-001
 2.1248052e-001
 2.1437716e-001
 2.1624172e-001
 2.1806918e-001
 2.1990655e-001
 2.2146653e-001
 2.2300166e-001
 2.2463922e-001
 2.2619709e-001
 2.2759883e-001
 2.2887886e-001
 2.3008242e-001
 2.3113854e-001
 2.3196024e-001
 2.3260520e-001
 2.3322709e-001
 2.3372272e-001
 2.3409481e-001
 2.3433897e-001
 2.3439863e-001
 2.3429358e-001
 2.3406808e-001
 2.3376246e-001
 2.3333858e-001
 2.3280945e-001
 2.3218046e-001
 2.3144728e-001
 2.3063840e-001
 2.2986628e-001
 2.2922929e-001
 2.2875005e-001
 2.2848374e-001
 2.2847016e-001
 2.2873026e-001
 2.2921565e-001
 2.3000735e-001
 2.3110740e-001
 2.3240499e-001
 2.3390654e-001
 2.3554701e-001
 2.3726754e-001
 2.3908593e-001
 2.4100734e-001
 2.4299549e-001
 2.4499665e-001
 2.4705715e-001
 2.4910916e-001
 2.5113881e-001
 2.5325519e-001
 2.5536957e-001
 2.5745499e-001
 2.5950596e-001
 2.6152971e-001
 2.6345658e-001
 2.6528510e-001
 2.6707804e-001
 2.6880965e-001
 2.7045435e-001
 2.7200285e-001
 2.7348468e-001
 2.7491409e-001
 2.7629417e-001
 2.7762285e-001
 2.7887365e-001
 2.8010538e-001
 2.8134513e-001
 2.8257015e-001
 2.8378028e-001
 2.8498214e-001
 2.8617632e-001
 2.8734460e-001
 2.8851396e-001
 2.8968018e-001
 2.9082343e-001
 2.9197943e-001
 2.9314473e-001
 2.9430553e-001
 2.9543614e-001
 2.9661399e-001
 2.9779842e-001
 2.9894024e-001
 3.0015743e-001
 3.0138561e-001
 3.0260330e-001
 3.0383316e-001
 3.0505899e-001
 3.0630049e-001
 3.0757847e-001
 3.0890390e-001
 3.1021857e-001
 3.1153318e-001
 3.1288651e-001
 3.1426290e-001
 3.1564248e-001
 3.1703666e-001
 3.1850001e-001
 3.1996718e-001
 3.2142240e-001
 3.2287845e-001
 3.2439202e-001
 3.2589710e-001
 3.2740051e-001
 3.2895073e-001
 3.3046186e-001
 3.3198327e-001
 3.3354518e-001
 3.3509955e-001
 3.3669764e-001
 3.3830965e-001
 3.3989719e-001
 3.4153223e-001
 3.4318098e-001
 3.4483808e-001
 3.4653035e-001
 3.4822378e-001
 3.4990376e-001
 3.5158056e-001
 3.5332090e-001
 3.5507807e-001
 3.5684860e-001
 3.5864910e-001
 3.6044317e-001
 3.6226377e-001
 3.6411095e-001
 3.6592013e-001
 3.6774686e-001
 3.6959454e-001
 3.7145582e-001
 3.7334520e-001
 3.7524030e-001
 3.7713510e-001
 3.7903681e-001
 3.8095766e-001
 3.8291541e-001
 3.8492063e-001
 3.8697058e-001
 3.8905841e-001
 3.9117309e-001
 3.9329749e-001
 3.9539641e-001
 3.9748847e-001
 3.9957759e-001
 4.0164515e-001
 4.0371305e-001
 4.0576643e-001
 4.0778914e-001
 4.0978152e-001
 4.1175824e-001
 4.1370416e-001
 4.1558239e-001
 4.1742095e-001
 4.1923282e-001
 4.2102844e-001
 4.2282552e-001
 4.2459154e-001
 4.2630157e-001
 4.2794830e-001
 4.2958942e-001
 4.3120506e-001
 4.3278232e-001
 4.3432161e-001
 4.3583986e-001
 4.3734476e-001
 4.3881556e-001
 4.4015348e-001
 4.4142231e-001
 4.4263807e-001
 4.4378534e-001
 4.4487759e-001
 4.4591400e-001
 4.4688144e-001
 4.4774970e-001
 4.4854534e-001
 4.4930488e-001
 4.5006248e-001
 4.5080647e-001
 4.5159638e-001
 4.5248830e-001
 4.5352545e-001
 4.5465189e-001
 4.5581785e-001
 4.5698193e-001
 4.5812279e-001
 4.5918083e-001
 4.6013200e-001
 4.6098095e-001
 4.6178061e-001
 4.6256781e-001
 4.6334311e-001
 4.6406549e-001
 4.6478555e-001
 4.6552429e-001
 4.6628344e-001
 4.6703580e-001
 4.6779597e-001
 4.6855533e-001
 4.6929169e-001
 4.7003123e-001
 4.7080484e-001
 4.7161648e-001
 4.7242624e-001
 4.7318792e-001
 4.7394264e-001
 4.7474873e-001
 4.7556081e-001
 4.7636807e-001
 4.7716537e-001
 4.7795379e-001
 4.7875151e-001
 4.7958064e-001
 4.8044193e-001
 4.8128077e-001
 4.8209691e-001
 4.8291045e-001
 4.8375025e-001
 4.8460278e-001
 4.8545972e-001
 4.8631823e-001
 4.8718312e-001
 4.8804650e-001
 4.8889369e-001
 4.8971614e-001
 4.9052450e-001
 4.9138555e-001
 4.9227917e-001
 4.9312693e-001
 4.9395180e-001
 4.9477512e-001
 4.9560472e-001
 4.9641404e-001
 4.9724868e-001
 4.9810150e-001
 4.9894366e-001
 4.9974301e-001
 5.0055480e-001
 5.0138640e-001
 5.0220138e-001
 5.0298947e-001
 5.0378901e-001
 5.0462192e-001
 5.0545365e-001
 5.0630498e-001
 5.0715971e-001
 5.0799471e-001
 5.0884831e-001
 5.0970232e-001
 5.1054418e-001
 5.1137936e-001
 5.1222628e-001
 5.1308626e-001
 5.1395994e-001
 5.1485658e-001
 5.1577479e-001
 5.1670438e-001
 5.1763487e-001
 5.1862061e-001
 5.1959121e-001
 5.2051705e-001
 5.2144825e-001
 5.2242702e-001
 5.2343816e-001
 5.2444476e-001
 5.2541345e-001
 5.2636099e-001
 5.2730417e-001
 5.2826107e-001
 5.2926397e-001
 5.3027368e-001
 5.3127074e-001
 5.3229177e-001
 5.3330767e-001
 5.3429842e-001
 5.3525895e-001
 5.3622758e-001
 5.3719062e-001
 5.3814757e-001
 5.3911132e-001
 5.4007399e-001
 5.4099792e-001
 5.4189193e-001
 5.4288054e-001
 5.4384810e-001
 5.4476970e-001
 5.4566187e-001
 5.4655421e-001
 5.4741806e-001
 5.4825193e-001
 5.4908204e-001
 5.4991144e-001
 5.5072963e-001
 5.5151784e-001
 5.5225039e-001
 5.5293471e-001
 5.5358756e-001
 5.5423206e-001
 5.5489069e-001
 5.5556124e-001
 5.5623144e-001
 5.5687869e-001
 5.5745840e-001
 5.5796492e-001
 5.5842125e-001
 5.5888957e-001
 5.5934638e-001
 5.5979115e-001
 5.6022501e-001
 5.6063300e-001
 5.6099445e-001
 5.6131369e-001
 5.6161833e-001
 5.6184179e-001
 5.6203181e-001
 5.6223959e-001
 5.6247896e-001
 5.6266952e-001
 5.6279314e-001
 5.6286532e-001
 5.6291759e-001
 5.6294626e-001
 5.6295145e-001
 5.6293744e-001
 5.6287968e-001
 5.6276691e-001
 5.6260985e-001
 5.6245548e-001
 5.6232971e-001
 5.6218982e-001
 5.6198239e-001
 5.6176060e-001
 5.6149471e-001
 5.6118536e-001
 5.6086338e-001
 5.6051624e-001
 5.6014109e-001
 5.5973577e-001
 5.5929559e-001
 5.5884808e-001
 5.5837101e-001
 5.5784059e-001
 5.5730087e-001
 5.5673349e-001
 5.5615550e-001
 5.5560249e-001
 5.5500996e-001
 5.5440247e-001
 5.5378801e-001
 5.5312699e-001
 5.5246860e-001
 5.5180782e-001
 5.5111915e-001
 5.5036491e-001
 5.4955250e-001
 5.4872662e-001
 5.4794484e-001
 5.4716748e-001
 5.4637069e-001
 5.4553819e-001
 5.4466420e-001
 5.4382735e-001
 5.4300892e-001
 5.4216778e-001
 5.4126567e-001
 5.4033637e-001
 5.3940982e-001
 5.3850508e-001
 5.3758496e-001
 5.3663296e-001
 5.3564870e-001
 5.3464633e-001
 5.3367627e-001
 5.3272235e-001
 5.3176230e-001
 5.3078979e-001
 5.2980483e-001
 5.2881700e-001
 5.2783138e-001
 5.2682257e-001
 5.2578324e-001
 5.2471608e-001
 5.2363193e-001
 5.2258128e-001
 5.2151608e-001
 5.2042562e-001
 5.1935852e-001
 5.1827276e-001
 5.1718968e-001
 5.1612812e-001
 5.1507169e-001
 5.1398844e-001
 5.1289678e-001
 5.1182944e-001
 5.1078802e-001
 5.0974041e-001
 5.0867689e-001
 5.0760722e-001
 5.0651550e-001
 5.0541949e-001
 5.0433481e-001
 5.0326526e-001
 5.0218660e-001
 5.0113279e-001
 5.0011969e-001
 4.9908262e-001
 4.9802986e-001
 4.9696660e-001
 4.9589983e-001
 4.9482661e-001
 4.9376747e-001
 4.9273336e-001
 4.9172080e-001
 4.9069765e-001
 4.8967546e-001
 4.8866495e-001
 4.8767129e-001
 4.8667672e-001
 4.8566633e-001
 4.8464629e-001
 4.8366904e-001
 4.8268408e-001
 4.8166698e-001
 4.8061973e-001
 4.7960597e-001
 4.7863227e-001
 4.7768807e-001
 4.7675285e-001
 4.7583333e-001
 4.7492480e-001
 4.7402403e-001
 4.7313067e-001
 4.7226784e-001
 4.7139367e-001
 4.7048298e-001
 4.6956292e-001
 4.6867707e-001
 4.6780911e-001
 4.6693254e-001
 4.6605778e-001
 4.6523142e-001
 4.6443409e-001
 4.6362370e-001
 4.6282011e-001
 4.6203211e-001
 4.6124420e-001
 4.6042970e-001
 4.5960867e-001
 4.5881528e-001
 4.5804650e-001
 4.5725182e-001
 4.5648518e-001
 4.5575464e-001
 4.5504776e-001
 4.5433527e-001
 4.5360661e-001
 4.5289120e-001
 4.5221168e-001
 4.5152864e-001
 4.5082834e-001
 4.5013729e-001
 4.4948640e-001
 4.4884577e-001
 4.4823840e-001
 4.4764939e-001
 4.4704235e-001
 4.4643319e-001
 4.4581756e-001
 4.4520700e-001
 4.4462752e-001
 4.4407129e-001
 4.4350705e-001
 4.4292849e-001
 4.4237211e-001
 4.4180760e-001
 4.4126594e-001
 4.4077134e-001
 4.4030267e-001
 4.3983084e-001
 4.3936801e-001
 4.3892282e-001
 4.3844026e-001
 4.3796390e-001
 4.3751884e-001
 4.3711409e-001
 4.3673378e-001
 4.3635479e-001
 4.3597591e-001
 4.3560776e-001
 4.3523082e-001
 4.3487069e-001
 4.3452400e-001
 4.3416274e-001
 4.3382362e-001
 4.3348318e-001
 4.3313700e-001
 4.3280905e-001
 4.3248120e-001
 4.3216908e-001
 4.3188417e-001
 4.3162057e-001
 4.3134978e-001
 4.3109703e-001
 4.3087375e-001
 4.3063352e-001
 4.3041077e-001
 4.3019140e-001
 4.2996716e-001
 4.2978495e-001
 4.2960382e-001
 4.2943555e-001
 4.2929715e-001
 4.2915261e-001
 4.2903280e-001
 4.2894462e-001
 4.2887363e-001
 4.2876634e-001
 4.2867571e-001
 4.2859995e-001
 4.2851043e-001
 4.2842761e-001
 4.2835867e-001
 4.2830452e-001
 4.2826223e-001
 4.2823514e-001
 4.2820024e-001
 4.2816669e-001
 4.2816743e-001
 4.2818692e-001
 4.2822129e-001
 4.2825592e-001
 4.2827025e-001
 4.2828724e-001
 4.2831007e-001
 4.2835963e-001
 4.2846927e-001
 4.2856032e-001
 4.2865181e-001
 4.2875266e-001
 4.2884120e-001
 4.2892742e-001
 4.2901394e-001
 4.2910606e-001
 4.2921224e-001
 4.2933676e-001
 4.2947632e-001
 4.2961898e-001
 4.2974660e-001
 4.2986393e-001
 4.2999527e-001
 4.3016326e-001
 4.3037841e-001
 4.3056244e-001
 4.3072176e-001
 4.3089032e-001
 4.3110433e-001
 4.3131217e-001
 4.3149051e-001
 4.3165225e-001
 4.3185708e-001
 4.3206531e-001
 4.3226212e-001
 4.3245536e-001
 4.3268192e-001
 4.3298951e-001
 4.3329874e-001
 4.3355697e-001
 4.3382519e-001
 4.3418875e-001
 4.3458378e-001
 4.3496081e-001
 4.3536627e-001
 4.3575513e-001
 4.3614620e-001
 4.3655816e-001
 4.3698171e-001
 4.3739146e-001
 4.3779254e-001
 4.3823043e-001
 4.3878603e-001
 4.3929186e-001
 4.3975905e-001
 4.4020012e-001
 4.4057670e-001
 4.4102213e-001
 4.4151086e-001
 4.4198424e-001
 4.4239768e-001
 4.4284889e-001
 4.4331029e-001
 4.4378871e-001
 4.4434440e-001
 4.4478759e-001
 4.4522405e-001
 4.4571218e-001
 4.4620746e-001
 4.4676095e-001
 4.4733757e-001
 4.4788769e-001
 4.4837579e-001
 4.4889274e-001
 4.4945976e-001
 4.5007482e-001
 4.5062450e-001
 4.5117462e-001
 4.5172459e-001
 4.5227456e-001
 4.5282510e-001
 4.5337722e-001
 4.5393229e-001
 4.5449144e-001
 4.5505574e-001
 4.5562568e-001
 4.5620120e-001
 4.5678180e-001
 4.5736659e-001
 4.5795429e-001
 4.5854390e-001
 4.5913431e-001
 4.5972514e-001
 4.6031609e-001
 4.6090749e-001
 4.6150020e-001
 4.6209502e-001
 4.6269330e-001
 4.6329594e-001
 4.6390367e-001
 4.6451718e-001
 4.6513644e-001
 4.6576133e-001
 4.6639138e-001
 4.6702576e-001
 4.6766391e-001
 4.6830493e-001
 4.6894836e-001
 4.6959358e-001
 4.7024015e-001
 4.7088802e-001
 4.7153696e-001
 4.7218710e-001
 4.7283834e-001
 4.7349063e-001
 4.7414392e-001
 4.7479799e-001
 4.7545230e-001
 4.7610658e-001
 4.7676021e-001
 4.7741294e-001
 4.7806445e-001
 4.7871456e-001
 4.7936356e-001
 4.8001146e-001
 4.8065847e-001
 4.8130444e-001
 4.8194891e-001
 4.8259130e-001
 4.8323047e-001
 4.8386532e-001
 4.8449445e-001
 4.8511657e-001
 4.8573080e-001
 4.8633629e-001
 4.8693302e-001
 4.8752105e-001
 4.8810086e-001
 4.8867339e-001
 4.8923942e-001
 4.8979974e-001
 4.9035516e-001
 4.9090603e-001
 4.9145260e-001
 4.9199477e-001
 4.9253210e-001
 4.9306425e-001
 4.9359065e-001
 4.9411097e-001
 4.9462488e-001
 4.9513227e-001
 4.9563342e-001
 4.9612856e-001
 4.9661836e-001
 4.9710336e-001
 4.9758416e-001
 4.9806169e-001
 4.9853656e-001
 4.9900973e-001
 4.9948180e-001
 4.9995324e-001
 5.0042444e-001
 5.0089532e-001
 5.0136542e-001
 5.0183427e-001
 5.0230086e-001
 5.0276464e-001
 5.0322479e-001
 5.0368077e-001
 5.0413251e-001
 5.0457996e-001
 5.0502342e-001
 5.0546312e-001
 5.0589943e-001
 5.0633264e-001
 5.0676274e-001
 5.0718981e-001
 5.0761342e-001
 5.0803316e-001
 5.0844842e-001
 5.0885850e-001
 5.0926298e-001
 5.0966144e-001
 5.1005381e-001
 5.1044059e-001
 5.1082247e-001
 5.1120055e-001
 5.1157606e-001
 5.1195014e-001
 5.1232392e-001
 5.1269817e-001
 5.1307333e-001
 5.1344991e-001
 5.1382792e-001
 5.1420766e-001
 5.1458943e-001
 5.1497364e-001
 5.1536077e-001
 5.1575112e-001
 5.1614481e-001
 5.1654166e-001
 5.1694089e-001
 5.1734167e-001
 5.1774275e-001
 5.1814318e-001
 5.1854211e-001
 5.1893890e-001
 5.1933354e-001
 5.1972610e-001
 5.2011704e-001
 5.2050674e-001
 5.2089566e-001
 5.2128410e-001
 5.2167231e-001
 5.2206010e-001
 5.2244747e-001
 5.2283412e-001
 5.2321988e-001
 5.2360463e-001
 5.2398825e-001
 5.2437109e-001
 5.2475357e-001
 5.2513647e-001
 5.2552062e-001
 5.2590680e-001
 5.2629614e-001
 5.2668911e-001
 5.2708650e-001
 5.2748835e-001
 5.2789456e-001
 5.2830482e-001
 5.2871847e-001
 5.2913487e-001
 5.2955329e-001
 5.2997327e-001
 5.3039467e-001
 5.3081739e-001
 5.3124177e-001
 5.3166825e-001
 5.3209710e-001
 5.3252876e-001
 5.3296351e-001
 5.3340137e-001
 5.3384244e-001
 5.3428674e-001
 5.3473425e-001
 5.3518498e-001
 5.3563899e-001
 5.3609622e-001
 5.3655642e-001
 5.3701943e-001
 5.3748459e-001
 5.3795105e-001
 5.3841811e-001
 5.3888476e-001
 5.3935027e-001
 5.3981376e-001
 5.4027456e-001
 5.4073238e-001
 5.4118687e-001
 5.4163808e-001
 5.4208618e-001
 5.4253155e-001
 5.4297507e-001
 5.4341763e-001
 5.4386038e-001
 5.4430461e-001
 5.4475147e-001
 5.4520226e-001
 5.4565763e-001
 5.4611826e-001
 5.4658449e-001
 5.4705626e-001
 5.4753345e-001
 5.4801583e-001
 5.4850280e-001
 5.4899400e-001
 5.4948866e-001
 5.4998636e-001
 5.5048645e-001
 5.5098838e-001
 5.5149204e-001
 5.5199742e-001
 5.5250478e-001
 5.5301458e-001
 5.5352718e-001
 5.5404299e-001
 5.5456209e-001
 5.5508411e-001
 5.5560869e-001
 5.5613494e-001
 5.5666196e-001
 5.5718875e-001
 5.5771446e-001
 5.5823839e-001
 5.5875999e-001
 5.5927914e-001
 5.5979586e-001
 5.6031048e-001
 5.6082374e-001
 5.6133634e-001
 5.6184906e-001
 5.6236261e-001
 5.6287736e-001
 5.6339359e-001
 5.6391108e-001
 5.6442958e-001
 5.6494856e-001
 5.6546760e-001
 5.6598669e-001
 5.6650585e-001
 5.6702578e-001
 5.6754732e-001
 5.6807154e-001
 5.6859964e-001
 5.6913245e-001
 5.6967062e-001
 5.7021433e-001
 5.7076329e-001
 5.7131690e-001
 5.7187420e-001
 5.7243395e-001
 5.7299519e-001
 5.7355660e-001
 5.7411754e-001
 5.7467717e-001
 5.7523495e-001
 5.7579082e-001
 5.7634437e-001
 5.7689589e-001
 5.7744527e-001
 5.7799268e-001
 5.7853848e-001
 5.7908297e-001
 5.7962692e-001
 5.8017093e-001
 5.8071572e-001
 5.8126223e-001
 5.8181125e-001
 5.8236313e-001
 5.8291835e-001
 5.8347660e-001
 5.8403760e-001
 5.8460069e-001
 5.8516490e-001
 5.8572954e-001
 5.8629382e-001
 5.8685714e-001
 5.8741897e-001
 5.8797854e-001
 5.8853531e-001
 5.8908808e-001
 5.8963567e-001
 5.9017622e-001
 5.9070790e-001
 5.9122878e-001
 5.9173703e-001
 5.9223115e-001
 5.9271026e-001
 5.9317404e-001
 5.9362322e-001
 5.9405905e-001
 5.9448391e-001
 5.9490073e-001
 5.9531271e-001
 5.9572357e-001
 5.9613681e-001
 5.9655541e-001
 5.9698188e-001
 5.9741753e-001
 5.9786284e-001
 5.9831697e-001
 5.9877807e-001
 5.9924388e-001
 5.9971142e-001
 6.0017824e-001
 6.0064209e-001
 6.0110164e-001
 6.0155654e-001
 6.0200703e-001
 6.0245419e-001
 6.0289925e-001
 6.0334361e-001
 6.0378855e-001
 6.0423505e-001
 6.0468394e-001
 6.0513568e-001
 6.0559034e-001
 6.0604817e-001
 6.0650897e-001
 6.0697252e-001
 6.0743856e-001
 6.0790658e-001
 6.0837644e-001
 6.0884780e-001
 6.0932046e-001
 6.0979468e-001
 6.1027050e-001
 6.1074829e-001
 6.1122817e-001
 6.1171007e-001
 6.1219388e-001
 6.1267889e-001
 6.1316431e-001
 6.1364907e-001
 6.1413187e-001
 6.1461174e-001
 6.1508745e-001
 6.1555827e-001
 6.1602342e-001
 6.1648244e-001
 6.1693501e-001
 6.1738074e-001
 6.1781889e-001
 6.1824864e-001
 6.1866862e-001
 6.1907715e-001
 6.1947221e-001
 6.1985189e-001
 6.2021470e-001
 6.2055951e-001
 6.2088603e-001
 6.2119466e-001
 6.2148637e-001
 6.2176287e-001
 6.2202573e-001
 6.2227660e-001
 6.2251687e-001
 6.2274736e-001
 6.2296838e-001
 6.2317967e-001
 6.2338030e-001
 6.2356889e-001
 6.2374365e-001
 6.2390268e-001
 6.2404364e-001
 6.2416452e-001
 6.2426311e-001
 6.2433755e-001
 6.2438589e-001
 6.2440616e-001
 6.2439609e-001
 6.2435323e-001
 6.2427443e-001
 6.2415606e-001
 6.2399369e-001
 6.2378246e-001
 6.2351692e-001
 6.2319100e-001
 6.2279814e-001
 6.2233126e-001
 6.2178278e-001
 6.2114400e-001
 6.2040555e-001
 6.1955649e-001
 6.1858487e-001
 6.1747724e-001
 6.1621875e-001
 6.1479443e-001
 6.1318928e-001
 6.1139059e-001
 6.0938925e-001
 6.0718042e-001
 6.0476625e-001
 6.0215580e-001
 5.9936410e-001
 5.9641278e-001
 5.9332639e-001
 5.9013206e-001
 5.8685666e-001
 5.8352375e-001
 5.8015537e-001
 5.7676870e-001
 5.7337964e-001
 5.7000297e-001
 5.6665236e-001
 5.6334484e-001
 5.6009835e-001
 5.5693531e-001
 5.5388153e-001
 5.5096567e-001
 5.4822260e-001
 5.4569137e-001
 5.4341859e-001
 5.4145747e-001
 5.3986615e-001
 5.3870642e-001
 5.3803724e-001
 5.3790915e-001
 5.3835702e-001
 5.3939450e-001
 5.4100990e-001
 5.4316610e-001
 5.4580414e-001
 5.4884702e-001
 5.5220973e-001
 5.5580366e-001
 5.5954415e-001
 5.6335604e-001
 5.6717318e-001
 5.7094216e-001
 5.7461858e-001
 5.7816714e-001
 5.8156109e-001
 5.8477843e-001
 5.8780396e-001
 5.9062576e-001
 5.9323603e-001
 5.9563112e-001
 5.9780902e-001
 5.9977090e-001
 6.0151839e-001
 6.0305405e-001
 6.0438132e-001
 6.0550278e-001
 6.0642081e-001
 6.0713798e-001
 6.0765618e-001
 6.0797787e-001
 6.0810572e-001
 6.0804331e-001
 6.0779512e-001
 6.0736680e-001
 6.0676450e-001
 6.0599494e-001
 6.0506505e-001
 6.0398102e-001
 6.0274941e-001
 6.0137624e-001
 5.9986907e-001
 5.9823799e-001
 5.9649730e-001
 5.9466851e-001
 5.9278095e-001
 5.9087449e-001
 5.8899879e-001
 5.8721155e-001
 5.8557737e-001
 5.8416265e-001
 5.8303052e-001
 5.8223671e-001
 5.8182341e-001
 5.8181620e-001
 5.8222085e-001
 5.8302319e-001
 5.8418918e-001
 5.8566856e-001
 5.8739817e-001
 5.8930671e-001
 5.9132105e-001
 5.9336972e-001
 5.9538889e-001
 5.9732467e-001
 5.9913546e-001
 6.0079390e-001
 6.0228467e-001
 6.0360485e-001
 6.0476041e-001
 6.0576433e-001
 6.0663426e-001
 6.0738939e-001
 6.0804933e-001
 6.0863173e-001
 6.0915196e-001
 6.0962224e-001
 6.1005175e-001
 6.1044675e-001
 6.1081123e-001
 6.1114776e-001
 6.1145782e-001
 6.1174279e-001
 6.1200422e-001
 6.1224407e-001
 6.1246473e-001
 6.1266893e-001
 6.1285943e-001
 6.1303884e-001
 6.1320937e-001
 6.1337292e-001
 6.1353129e-001
 6.1368591e-001
 6.1383826e-001
 6.1399007e-001
 6.1414313e-001
 6.1429977e-001
 6.1446232e-001
 6.1463338e-001
 6.1481595e-001
 6.1501271e-001
 6.1522639e-001
 6.1545926e-001
 6.1571294e-001
 6.1598843e-001
 6.1628580e-001
 6.1660415e-001
 6.1694229e-001
 6.1729872e-001
 6.1767215e-001
 6.1806178e-001
 6.1846781e-001
 6.1889136e-001
 6.1933440e-001
 6.1979949e-001
 6.2028939e-001
 6.2080652e-001
 6.2135285e-001
 6.2192911e-001
 6.2253505e-001
 6.2316900e-001
 6.2382805e-001
 6.2450862e-001
 6.2520587e-001
 6.2591475e-001
 6.2662989e-001
 6.2734598e-001
 6.2805831e-001
 6.2876242e-001
 6.2945455e-001
 6.3013190e-001
 6.3079184e-001
 6.3143277e-001
 6.3205332e-001
 6.3265240e-001
 6.3323003e-001
 6.3378620e-001
 6.3432169e-001
 6.3483781e-001
 6.3533616e-001
 6.3581878e-001
 6.3628763e-001
 6.3674498e-001
 6.3719255e-001
 6.3763183e-001
 6.3806397e-001
 6.3848948e-001
 6.3890886e-001
 6.3932192e-001
 6.3972831e-001
 6.4012766e-001
 6.4051956e-001
 6.4090383e-001
 6.4128059e-001
 6.4165032e-001
 6.4201409e-001
 6.4237320e-001
 6.4272910e-001
 6.4308357e-001
 6.4343798e-001
 6.4379352e-001
 6.4415061e-001
 6.4450914e-001
 6.4486855e-001
 6.4522761e-001
 6.4558506e-001
 6.4593971e-001
 6.4629054e-001
 6.4663702e-001
 6.4697886e-001
 6.4731640e-001
 6.4764971e-001
 6.4797914e-001
 6.4830470e-001
 6.4862615e-001
 6.4894283e-001
 6.4925408e-001
 6.4955872e-001
 6.4985579e-001
 6.5014410e-001
 6.5042245e-001
 6.5068966e-001
 6.5094459e-001
 6.5118617e-001
 6.5141338e-001
 6.5162563e-001
 6.5182275e-001
 6.5200496e-001
 6.5217340e-001
 6.5232950e-001
 6.5247554e-001
 6.5261388e-001
 6.5274727e-001
 6.5287828e-001
 6.5300941e-001
 6.5314257e-001
 6.5327907e-001
 6.5341955e-001
 6.5356380e-001
 6.5371096e-001
 6.5385932e-001
 6.5400696e-001
 6.5415168e-001
 6.5429127e-001
 6.5442401e-001
 6.5454829e-001
 6.5466326e-001
 6.5476853e-001
 6.5486425e-001
 6.5495121e-001
 6.5503049e-001
 6.5510374e-001
 6.5517277e-001
 6.5523952e-001
 6.5530568e-001
 6.5537280e-001
 6.5544188e-001
 6.5551335e-001
 6.5558738e-001
 6.5566379e-001
 6.5574229e-001
 6.5582246e-001
 6.5590417e-001
 6.5598714e-001
 6.5607125e-001
 6.5615624e-001
 6.5624171e-001
 6.5632701e-001
 6.5641123e-001
 6.5649343e-001
 6.5657228e-001
 6.5664667e-001
 6.5671545e-001
 6.5677786e-001
 6.5683335e-001
 6.5688169e-001
 6.5692300e-001
 6.5695763e-001
 6.5698606e-001
 6.5700883e-001
 6.5702647e-001
 6.5703952e-001
 6.5704864e-001
 6.5705442e-001
 6.5705746e-001
 6.5705860e-001
 6.5705848e-001
 6.5705794e-001
 6.5705764e-001
 6.5705836e-001
 6.5706068e-001
 6.5706509e-001
 6.5707213e-001
 6.5708196e-001
 6.5709478e-001
 6.5711039e-001
 6.5712857e-001
 6.5714848e-001
 6.5716928e-001
 6.5718973e-001
 6.5720844e-001
 6.5722394e-001
 6.5723485e-001
 6.5724015e-001
 6.5723914e-001
 6.5723175e-001
 6.5721858e-001
 6.5720063e-001
 6.5717965e-001
 6.5715754e-001
 6.5713614e-001
 6.5711725e-001
 6.5710205e-001
 6.5709114e-001
 6.5708458e-001
 6.5708178e-001
 6.5708166e-001
 6.5708315e-001
 6.5708500e-001
 6.5708613e-001
 6.5708554e-001
 6.5708238e-001
 6.5707606e-001
 6.5706581e-001
 6.5705097e-001
 6.5703064e-001
 6.5700406e-001
 6.5697008e-001
 6.5692776e-001
 6.5687585e-001
 6.5681338e-001
 6.5673923e-001
 6.5665287e-001
 6.5655392e-001
 6.5644264e-001
 6.5631974e-001
 6.5618634e-001
 6.5604407e-001
 6.5589428e-001
 6.5573823e-001
 6.5557665e-001
 6.5540951e-001
 6.5523607e-001
 6.5505517e-001
 6.5486521e-001
 6.5466464e-001
 6.5445215e-001
 6.5422708e-001
 6.5398937e-001
 6.5373963e-001
 6.5347922e-001
 6.5320957e-001
 6.5293229e-001
 6.5264851e-001
 6.5235901e-001
 6.5206385e-001
 6.5176231e-001
 6.5145314e-001
 6.5113485e-001
 6.5080589e-001
 6.5046507e-001
 6.5011156e-001
 6.4974529e-001
 6.4936680e-001
 6.4897710e-001
 6.4857793e-001
 6.4817095e-001
 6.4775807e-001
 6.4734113e-001
 6.4692169e-001
 6.4650136e-001
 6.4608139e-001
 6.4566290e-001
 6.4524734e-001
 6.4483571e-001
 6.4442945e-001
 6.4402997e-001
 6.4363891e-001
 6.4325809e-001
 6.4288932e-001
 6.4253438e-001
 6.4219487e-001
 6.4187199e-001
 6.4156651e-001
 6.4127845e-001
 6.4100754e-001
 6.4075303e-001
 6.4051431e-001
 6.4029074e-001
 6.4008194e-001
 6.3988817e-001
 6.3970983e-001
 6.3954771e-001
 6.3940257e-001
 6.3927507e-001
 6.3916552e-001
 6.3907397e-001
 6.3900012e-001
 6.3894325e-001
 6.3890225e-001
 6.3887584e-001
 6.3886243e-001
 6.3886011e-001
 6.3886678e-001
 6.3887995e-001
 6.3889706e-001
 6.3891524e-001
 6.3893169e-001
 6.3894367e-001
 6.3894862e-001
 6.3894445e-001
 6.3892961e-001
 6.3890314e-001
 6.3886470e-001
 6.3881457e-001
 6.3875341e-001
 6.3868225e-001
 6.3860232e-001
 6.3851494e-001
 6.3842124e-001
 6.3832229e-001
 6.3821900e-001
 6.3811189e-001
 6.3800132e-001
 6.3788718e-001
 6.3776863e-001
 6.3764399e-001
 6.3751662e-001
 6.3737363e-001
 6.3721490e-001
 6.3703614e-001
 6.3683343e-001
 6.3660401e-001
 6.3634670e-001
 6.3606215e-001
 6.3575268e-001
 6.3542211e-001
 6.3507479e-001
 6.3471496e-001
 6.3434625e-001
 6.3397062e-001
 6.3358837e-001
 6.3319808e-001
 6.3279617e-001
 6.3237792e-001
 6.3193709e-001
 6.3146627e-001
 6.3095725e-001
 6.3040042e-001
 6.2978518e-001
 6.2909925e-001
 6.2832928e-001
 6.2746096e-001
 6.2647945e-001
 6.2537062e-001
 6.2412149e-001
 6.2272185e-001
 6.2116474e-001
 6.1944640e-001
 6.1756802e-001
 6.1553442e-001
 6.1335564e-001
 6.1104679e-001
 6.0862774e-001
 6.0612512e-001
 6.0357183e-001
 6.0100621e-001
 5.9847325e-001
 5.9602082e-001
 5.9369898e-001
 5.9155607e-001
 5.8963466e-001
 5.8796930e-001
 5.8658224e-001
 5.8548242e-001
 5.8466423e-001
 5.8410817e-001
 5.8378339e-001
 5.8365077e-001
 5.8366770e-001
 5.8379245e-001
 5.8398890e-001
 5.8423001e-001
 5.8450043e-001
 5.8479667e-001
 5.8512634e-001
 5.8550537e-001
 5.8595437e-001
 5.8649445e-001
 5.8714277e-001
 5.8790910e-001
 5.8879340e-001
 5.8978385e-001
 5.9085697e-001
 5.9197891e-001
 5.9310663e-001
 5.9419143e-001
 5.9518141e-001
 5.9602499e-001
 5.9667420e-001
 5.9708673e-001
 5.9722823e-001
 5.9707302e-001
 5.9660453e-001
 5.9581381e-001
 5.9469932e-001
 5.9326375e-001
 5.9151369e-001
 5.8945793e-001
 5.8710551e-001
 5.8446765e-001
 5.8155549e-001
 5.7838351e-001
 5.7496953e-001
 5.7133472e-001
 5.6750673e-001
 5.6351942e-001
 5.5941093e-001
 5.5522645e-001
 5.5101329e-001
 5.4682285e-001
 5.4270750e-001
 5.3871769e-001
 5.3490376e-001
 5.3131062e-001
 5.2797961e-001
 5.2494580e-001
 5.2223569e-001
 5.1986897e-001
 5.1785535e-001
 5.1619637e-001
 5.1488507e-001
 5.1390636e-001
 5.1323897e-001
 5.1285636e-001
 5.1272839e-001
 5.1282257e-001
 5.1310575e-001
 5.1354480e-001
 5.1410836e-001
 5.1476687e-001
 5.1549339e-001
 5.1626396e-001
 5.1705730e-001
 5.1785493e-001
 5.1864117e-001
 5.1940244e-001
 5.2012807e-001
 5.2080953e-001
 5.2144116e-001
 5.2202016e-001
 5.2254641e-001
 5.2302289e-001
 5.2345467e-001
 5.2384877e-001
 5.2421361e-001
 5.2455789e-001
 5.2489030e-001
 5.2521867e-001
 5.2554941e-001
 5.2588749e-001
 5.2623564e-001
 5.2659518e-001
 5.2696538e-001
 5.2734435e-001
 5.2772909e-001
 5.2811599e-001
 5.2850127e-001
 5.2888149e-001
 5.2925354e-001
 5.2961504e-001
 5.2996409e-001
 5.3029937e-001
 5.3062010e-001
 5.3092575e-001
 5.3121620e-001
 5.3149170e-001
 5.3175265e-001
 5.3199995e-001
 5.3223473e-001
 5.3245825e-001
 5.3267193e-001
 5.3287727e-001
 5.3307587e-001
 5.3326929e-001
 5.3345931e-001
 5.3364789e-001
 5.3383732e-001
 5.3403026e-001
 5.3422964e-001
 5.3443861e-001
 5.3466040e-001
 5.3489798e-001
 5.3515387e-001
 5.3542966e-001
 5.3572595e-001
 5.3604221e-001
 5.3637660e-001
 5.3672636e-001
 5.3708810e-001
 5.3745776e-001
 5.3783184e-001
 5.3820682e-001
 5.3858012e-001
 5.3894943e-001
 5.3931284e-001
 5.3966868e-001
 5.4001474e-001
 5.4034883e-001
 5.4066837e-001
 5.4097080e-001
 5.4125428e-001
 5.4151767e-001
 5.4176134e-001
 5.4198718e-001
 5.4219848e-001
 5.4240000e-001
 5.4259717e-001
 5.4279572e-001
 5.4300100e-001
 5.4321760e-001
 5.4344887e-001
 5.4369688e-001
 5.4396230e-001
 5.4424453e-001
 5.4454207e-001
 5.4485267e-001
 5.4517359e-001
 5.4550236e-001
 5.4583627e-001
 5.4617363e-001
 5.4651320e-001
 5.4685420e-001
 5.4719657e-001
 5.4754019e-001
 5.4788476e-001
 5.4822898e-001
 5.4857117e-001
 5.4890877e-001
 5.4923856e-001
 5.4955733e-001
 5.4986221e-001
 5.5015069e-001
 5.5042130e-001
 5.5067331e-001
 5.5090666e-001
 5.5112159e-001
 5.5131865e-001
 5.5149835e-001
 5.5166084e-001
 5.5180609e-001
 5.5193400e-001
 5.5204457e-001
 5.5213803e-001
 5.5221516e-001
 5.5227721e-001
 5.5232608e-001
 5.5236369e-001
 5.5239201e-001
 5.5241257e-001
 5.5242640e-001
 5.5243385e-001
 5.5243480e-001
 5.5242908e-001
 5.5241662e-001
 5.5239797e-001
 5.5237401e-001
 5.5234599e-001
 5.5231518e-001
 5.5228251e-001
 5.5224794e-001
 5.5221057e-001
 5.5216867e-001
 5.5211991e-001
 5.5206180e-001
 5.5199224e-001
 5.5190933e-001
 5.5181205e-001
 5.5169964e-001
 5.5157161e-001
 5.5142754e-001
 5.5126685e-001
 5.5108911e-001
 5.5089366e-001
 5.5068046e-001
 5.5044991e-001
 5.5020291e-001
 5.4994082e-001
 5.4966575e-001
 5.4937941e-001
 5.4908371e-001
 5.4877990e-001
 5.4846936e-001
 5.4815292e-001
 5.4783148e-001
 5.4750621e-001
 5.4717863e-001
 5.4685032e-001
 5.4652339e-001
 5.4619938e-001
 5.4587919e-001
 5.4556251e-001
 5.4524791e-001
 5.4493213e-001
 5.4461068e-001
 5.4427850e-001
 5.4392976e-001
 5.4355890e-001
 5.4316145e-001
 5.4273385e-001
 5.4227400e-001
 5.4178202e-001
 5.4125947e-001
 5.4070956e-001
 5.4013675e-001
 5.3954655e-001
 5.3894436e-001
 5.3833479e-001
 5.3772181e-001
 5.3710741e-001
 5.3649145e-001
 5.3587258e-001
 5.3524727e-001
 5.3461099e-001
 5.3395849e-001
 5.3328532e-001
 5.3258723e-001
 5.3186142e-001
 5.3110743e-001
 5.3032637e-001
 5.2952158e-001
 5.2869868e-001
 5.2786452e-001
 5.2702665e-001
 5.2619356e-001
 5.2537268e-001
 5.2457011e-001
 5.2378988e-001
 5.2303404e-001
 5.2230150e-001
 5.2158880e-001
 5.2089101e-001
 5.2020174e-001
 5.1951456e-001
 5.1882452e-001
 5.1812780e-001
 5.1742262e-001
 5.1670861e-001
 5.1598710e-001
 5.1525933e-001
 5.1452577e-001
 5.1378667e-001
 5.1304042e-001
 5.1228428e-001
 5.1151574e-001
 5.1073158e-001
 5.0992924e-001
 5.0910741e-001
 5.0826496e-001
 5.0740105e-001
 5.0651461e-001
 5.0560468e-001
 5.0466847e-001
 5.0370222e-001
 5.0270170e-001
 5.0166088e-001
 5.0057352e-001
 4.9943417e-001
 4.9823761e-001
 4.9698058e-001
 4.9566188e-001
 4.9428409e-001
 4.9285164e-001
 4.9137133e-001
 4.8985279e-001
 4.8830524e-001
 4.8673761e-001
 4.8515877e-001
 4.8357466e-001
 4.8198935e-001
 4.8040628e-001
 4.7882664e-001
 4.7725141e-001
 4.7568142e-001
 4.7411925e-001
 4.7256669e-001
 4.7102600e-001
 4.6949992e-001
 4.6798918e-001
 4.6649283e-001
 4.6500933e-001
 4.6353427e-001
 4.6206242e-001
 4.6058747e-001
 4.5910406e-001
 4.5760602e-001
 4.5608765e-001
 4.5454478e-001
 4.5297226e-001
 4.5136461e-001
 4.4971690e-001
 4.4802192e-001
 4.4627139e-001
 4.4445726e-001
 4.4256961e-001
 4.4059914e-001
 4.3853679e-001
 4.3637696e-001
 4.3411505e-001
 4.3174979e-001
 4.2928529e-001
 4.2672792e-001
 4.2408755e-001
 4.2137906e-001
 4.1861749e-001
 4.1581929e-001
 4.1299972e-001
 4.1017401e-001
 4.0735224e-001
 4.0454054e-001
 4.0174282e-001
 3.9895713e-001
 3.9617884e-001
 3.9340401e-001
 3.9062756e-001
 3.8784838e-001
 3.8507023e-001
 3.8230658e-001
 3.7957802e-001
 3.7691468e-001
 3.7435704e-001
 3.7194958e-001
 3.6973903e-001
 3.6777097e-001
 3.6608195e-001
 3.6469719e-001
 3.6362880e-001
 3.6287344e-001
 3.6241516e-001
 3.6222869e-001
 3.6228359e-001
 3.6254886e-001
 3.6299703e-001
 3.6360636e-001
 3.6436263e-001
 3.6525878e-001
 3.6629280e-001
 3.6746690e-001
 3.6878428e-001
 3.7024733e-001
 3.7185419e-001
 3.7359911e-001
 3.7547061e-001
 3.7744948e-001
 3.7951168e-001
 3.8162792e-001
 3.8376346e-001
 3.8588282e-001
 3.8795021e-001
 3.8992965e-001
 3.9178938e-001
 3.9350072e-001
 3.9503920e-001
 3.9638293e-001
 3.9751434e-001
 3.9841822e-001
 3.9908051e-001
 3.9948946e-001
 3.9963442e-001
 3.9950681e-001
 3.9910132e-001
 3.9841726e-001
 3.9746034e-001
 3.9624524e-001
 3.9479575e-001
 3.9314559e-001
 3.9133960e-001
 3.8942978e-001
 3.8747397e-001
 3.8553438e-001
 3.8367128e-001
 3.8194144e-001
 3.8039616e-001
 3.7907675e-001
 3.7801468e-001
 3.7723044e-001
 3.7673426e-001
 3.7652609e-001
 3.7659758e-001
 3.7693366e-001
 3.7751448e-001
 3.7831789e-001
 3.7932053e-001
 3.8050115e-001
 3.8184169e-001
 3.8332945e-001
 3.8495672e-001
 3.8672301e-001
 3.8863382e-001
 3.9069709e-001
 3.9292362e-001
 3.9532217e-001
 3.9789405e-001
 4.0063286e-001
 4.0352046e-001
 4.0652320e-001
 4.0959653e-001
 4.1268405e-001
 4.1572234e-001
 4.1864237e-001
 4.2137876e-001
 4.2387223e-001
 4.2607233e-001
 4.2794442e-001
 4.2947003e-001
 4.3064725e-001
 4.3149304e-001
 4.3204033e-001
 4.3233642e-001
 4.3243921e-001
 4.3241358e-001
 4.3232620e-001
 4.3224064e-001
 4.3221235e-001
 4.3228471e-001
 4.3248576e-001
 4.3282706e-001
 4.3330374e-001
 4.3389618e-001
 4.3457347e-001
 4.3529710e-001
 4.3602529e-001
 4.3671617e-001
 4.3733197e-001
 4.3784100e-001
 4.3821865e-001
 4.3844885e-001
 4.3852329e-001
 4.3844086e-001
 4.3820623e-001
 4.3782839e-001
 4.3731877e-001
 4.3669036e-001
 4.3595594e-001
 4.3512750e-001
 4.3421674e-001
 4.3323401e-001
 4.3218890e-001
 4.3109131e-001
 4.2995009e-001
 4.2877388e-001
 4.2757046e-001
 4.2634764e-001
 4.2511126e-001
 4.2386597e-001
 4.2261606e-001
 4.2136407e-001
 4.2011192e-001
 4.1886237e-001
 4.1761774e-001
 4.1638115e-001
 4.1515788e-001
 4.1395342e-001
 4.1277456e-001
 4.1162843e-001
 4.1052291e-001
 4.0946457e-001
 4.0845898e-001
 4.0751138e-001
 4.0662521e-001
 4.0580305e-001
 4.0504777e-001
 4.0436122e-001
 4.0374544e-001
 4.0320203e-001
 4.0273246e-001
 4.0233710e-001
 4.0201551e-001
 4.0176627e-001
 4.0158665e-001
 4.0147239e-001
 4.0141761e-001
 4.0141407e-001
 4.0145099e-001
 4.0151480e-001
 4.0158951e-001
 4.0165740e-001
 4.0170041e-001
 4.0170154e-001
 4.0164635e-001
 4.0152407e-001
 4.0132797e-001
 4.0105513e-001
 4.0070558e-001
 4.0028143e-001
 3.9978552e-001
 3.9922076e-001
 3.9858970e-001
 3.9789501e-001
 3.9713907e-001
 3.9632487e-001
 3.9545703e-001
 3.9454088e-001
 3.9358297e-001
 3.9259145e-001
 3.9157405e-001
 3.9053833e-001
 3.8949180e-001
 3.8844007e-001
 3.8738766e-001
 3.8633752e-001
 3.8529211e-001
 3.8425201e-001
 3.8321689e-001
 3.8218653e-001
 3.8115951e-001
 3.8013422e-001
 3.7910995e-001
 3.7808579e-001
 3.7706190e-001
 3.7603945e-001
 3.7502179e-001
 3.7401313e-001
 3.7301901e-001
 3.7204650e-001
 3.7110204e-001
 3.7019119e-001
 3.6931878e-001
 3.6848709e-001
 3.6769652e-001
 3.6694655e-001
 3.6623514e-001
 3.6555997e-001
 3.6491844e-001
 3.6430851e-001
 3.6372739e-001
 3.6317191e-001
 3.6263832e-001
 3.6212161e-001
 3.6161569e-001
 3.6111403e-001
 3.6060935e-001
 3.6009452e-001
 3.5956252e-001
 3.5900727e-001
 3.5842320e-001
 3.5780549e-001
 3.5715091e-001
 3.5645682e-001
 3.5572147e-001
 3.5494450e-001
 3.5412547e-001
 3.5326412e-001
 3.5236099e-001
 3.5141596e-001
 3.5042933e-001
 3.4940141e-001
 3.4833369e-001
 3.4722733e-001
 3.4608385e-001
 3.4490594e-001
 3.4369591e-001
 3.4245664e-001
 3.4119272e-001
 3.3990875e-001
 3.3861047e-001
 3.3730394e-001
 3.3599624e-001
 3.3469304e-001
 3.3339915e-001
 3.3211902e-001
 3.3085510e-001
 3.2960922e-001
 3.2838398e-001
 3.2718185e-001
 3.2600713e-001
 3.2486594e-001
 3.2376751e-001
 3.2272249e-001
 3.2174304e-001
 3.2084259e-001
 3.2003310e-001
 3.1932449e-001
 3.1872395e-001
 3.1823415e-001
 3.1785384e-001
 3.1757817e-001
 3.1739911e-001
 3.1730682e-001
 3.1729048e-001
 3.1733906e-001
 3.1744170e-001
 3.1758770e-001
 3.1776634e-001
 3.1796703e-001
 3.1817955e-001
 3.1839395e-001
 3.1860149e-001
 3.1879440e-001
 3.1896570e-001
 3.1910822e-001
 3.1921378e-001
 3.1927225e-001
 3.1927139e-001
 3.1919739e-001
 3.1903651e-001
 3.1877708e-001
 3.1841123e-001
 3.1793615e-001
 3.1735471e-001
 3.1667390e-001
 3.1590381e-001
 3.1505555e-001
 3.1414086e-001
 3.1317034e-001
 3.1215456e-001
 3.1110603e-001
 3.1003919e-001
 3.0897176e-001
 3.0792499e-001
 3.0692035e-001
 3.0597794e-001
 3.0511340e-001
 3.0433705e-001
 3.0365241e-001
 3.0305758e-001
-1.2300000e+034
