s07_ASD Record=12341: Actinolite_Dolomit BR93-60B   BECKb AREF
 1.3958676e-001
 1.4067836e-001
 1.4179611e-001
 1.4293954e-001
 1.4410837e-001
 1.4530110e-001
 1.4651303e-001
 1.4773445e-001
 1.4895156e-001
 1.5014949e-001
 1.5131633e-001
 1.5244541e-001
 1.5353560e-001
 1.5459083e-001
 1.5561907e-001
 1.5662980e-001
 1.5763061e-001
 1.5862617e-001
 1.5961908e-001
 1.6061161e-001
 1.6160658e-001
 1.6260682e-001
 1.6361460e-001
 1.6463092e-001
 1.6565602e-001
 1.6668957e-001
 1.6773050e-001
 1.6877531e-001
 1.6981672e-001
 1.7084520e-001
 1.7185242e-001
 1.7283486e-001
 1.7379403e-001
 1.7473595e-001
 1.7567158e-001
 1.7661411e-001
 1.7757492e-001
 1.7856202e-001
 1.7958011e-001
 1.8063043e-001
 1.8171050e-001
 1.8281312e-001
 1.8392572e-001
 1.8503165e-001
 1.8611343e-001
 1.8715842e-001
 1.8816362e-001
 1.8913743e-001
 1.9009535e-001
 1.9105175e-001
 1.9201110e-001
 1.9296432e-001
 1.9389294e-001
 1.9477880e-001
 1.9561411e-001
 1.9640581e-001
 1.9717422e-001
 1.9794323e-001
 1.9872934e-001
 1.9954169e-001
 2.0037116e-001
 2.0119797e-001
 2.0201309e-001
 2.0280886e-001
 2.0358093e-001
 2.0434120e-001
 2.0510601e-001
 2.0588262e-001
 2.0666729e-001
 2.0744568e-001
 2.0819981e-001
 2.0891850e-001
 2.0960306e-001
 2.1026602e-001
 2.1092573e-001
 2.1160091e-001
 2.1230625e-001
 2.1304896e-001
 2.1382660e-001
 2.1462698e-001
 2.1543284e-001
 2.1622942e-001
 2.1701238e-001
 2.1778956e-001
 2.1857625e-001
 2.1938583e-001
 2.2022264e-001
 2.2108066e-001
 2.2194673e-001
 2.2280437e-001
 2.2363490e-001
 2.2441761e-001
 2.2513224e-001
 2.2576575e-001
 2.2632013e-001
 2.2681627e-001
 2.2729112e-001
 2.2778638e-001
 2.2833398e-001
 2.2894646e-001
 2.2961614e-001
 2.3032227e-001
 2.3104218e-001
 2.3176020e-001
 2.3246984e-001
 2.3316833e-001
 2.3384726e-001
 2.3449033e-001
 2.3508248e-001
 2.3562214e-001
 2.3612535e-001
 2.3661856e-001
 2.3712906e-001
 2.3767871e-001
 2.3827964e-001
 2.3892808e-001
 2.3960184e-001
 2.4027082e-001
 2.4091831e-001
 2.4155624e-001
 2.4221729e-001
 2.4292785e-001
 2.4368505e-001
 2.4445876e-001
 2.4521573e-001
 2.4594145e-001
 2.4664229e-001
 2.4733120e-001
 2.4801566e-001
 2.4869639e-001
 2.4937163e-001
 2.5004023e-001
 2.5070378e-001
 2.5137141e-001
 2.5206006e-001
 2.5278383e-001
 2.5353462e-001
 2.5427336e-001
 2.5494644e-001
 2.5552246e-001
 2.5602114e-001
 2.5650591e-001
 2.5704178e-001
 2.5765190e-001
 2.5831094e-001
 2.5897905e-001
 2.5964031e-001
 2.6030681e-001
 2.6098976e-001
 2.6167896e-001
 2.6235640e-001
 2.6302084e-001
 2.6368451e-001
 2.6434904e-001
 2.6500109e-001
 2.6563841e-001
 2.6628819e-001
 2.6698872e-001
 2.6775298e-001
 2.6855353e-001
 2.6934034e-001
 2.7007034e-001
 2.7072674e-001
 2.7132505e-001
 2.7191067e-001
 2.7254099e-001
 2.7325070e-001
 2.7402598e-001
 2.7481419e-001
 2.7555808e-001
 2.7621773e-001
 2.7677158e-001
 2.7721748e-001
 2.7758121e-001
 2.7791530e-001
 2.7828190e-001
 2.7873313e-001
 2.7929422e-001
 2.7994993e-001
 2.8064817e-001
 2.8133270e-001
 2.8198123e-001
 2.8261149e-001
 2.8325933e-001
 2.8395700e-001
 2.8471375e-001
 2.8549108e-001
 2.8620553e-001
 2.8678918e-001
 2.8725788e-001
 2.8770015e-001
 2.8819236e-001
 2.8874111e-001
 2.8931296e-001
 2.8989756e-001
 2.9051185e-001
 2.9114017e-001
 2.9171199e-001
 2.9217896e-001
 2.9259184e-001
 2.9304922e-001
 2.9357606e-001
 2.9410309e-001
 2.9456732e-001
 2.9499012e-001
 2.9544634e-001
 2.9598516e-001
 2.9658425e-001
 2.9716119e-001
 2.9763073e-001
 2.9797396e-001
 2.9825217e-001
 2.9853672e-001
 2.9883522e-001
 2.9911369e-001
 2.9937732e-001
 2.9968408e-001
 3.0006766e-001
 3.0047792e-001
 3.0082226e-001
 3.0106562e-001
 3.0126771e-001
 3.0150831e-001
 3.0180424e-001
 3.0213070e-001
 3.0247906e-001
 3.0282864e-001
 3.0310318e-001
 3.0325222e-001
 3.0335650e-001
 3.0355370e-001
 3.0386937e-001
 3.0420992e-001
 3.0450860e-001
 3.0478951e-001
 3.0509400e-001
 3.0542350e-001
 3.0575827e-001
 3.0607608e-001
 3.0635047e-001
 3.0657688e-001
 3.0679786e-001
 3.0705786e-001
 3.0733329e-001
 3.0754787e-001
 3.0766323e-001
 3.0772841e-001
 3.0783987e-001
 3.0806550e-001
 3.0839226e-001
 3.0872738e-001
 3.0895334e-001
 3.0901638e-001
 3.0899245e-001
 3.0904022e-001
 3.0922085e-001
 3.0941078e-001
 3.0947208e-001
 3.0942792e-001
 3.0937934e-001
 3.0936345e-001
 3.0940074e-001
 3.0955541e-001
 3.0980298e-001
 3.0996153e-001
 3.0993670e-001
 3.0989876e-001
 3.1003249e-001
 3.1026116e-001
 3.1036922e-001
 3.1027529e-001
 3.1006485e-001
 3.0983594e-001
 3.0964059e-001
 3.0955347e-001
 3.0964488e-001
 3.0982712e-001
 3.0987734e-001
 3.0972004e-001
 3.0953646e-001
 3.0950367e-001
 3.0957076e-001
 3.0954519e-001
 3.0933017e-001
 3.0901572e-001
 3.0877048e-001
 3.0869165e-001
 3.0873787e-001
 3.0879226e-001
 3.0879334e-001
 3.0878687e-001
 3.0884185e-001
 3.0893388e-001
 3.0893794e-001
 3.0877450e-001
 3.0855453e-001
 3.0847332e-001
 3.0853519e-001
 3.0854404e-001
 3.0841771e-001
 3.0831560e-001
 3.0837789e-001
 3.0851984e-001
 3.0856475e-001
 3.0845284e-001
 3.0826756e-001
 3.0814007e-001
 3.0815390e-001
 3.0827621e-001
 3.0835626e-001
 3.0826414e-001
 3.0806938e-001
 3.0798638e-001
 3.0809480e-001
 3.0822170e-001
 3.0814978e-001
 3.0785337e-001
 3.0749264e-001
 3.0727974e-001
 3.0735004e-001
 3.0768767e-001
 3.0814713e-001
 3.0852684e-001
 3.0865958e-001
 3.0850837e-001
 3.0820915e-001
 3.0799210e-001
 3.0800760e-001
 3.0820388e-001
 3.0838138e-001
 3.0836982e-001
 3.0815566e-001
 3.0785877e-001
 3.0761403e-001
 3.0748135e-001
 3.0744225e-001
 3.0744779e-001
 3.0745769e-001
 3.0745384e-001
 3.0744299e-001
 3.0745366e-001
 3.0751798e-001
 3.0763873e-001
 3.0777097e-001
 3.0784956e-001
 3.0785275e-001
 3.0783841e-001
 3.0789056e-001
 3.0800498e-001
 3.0803502e-001
 3.0780518e-001
 3.0734015e-001
 3.0695328e-001
 3.0690855e-001
 3.0696160e-001
 3.0685094e-001
 3.0674568e-001
 3.0684832e-001
 3.0697238e-001
 3.0688286e-001
 3.0670732e-001
 3.0666715e-001
 3.0670217e-001
 3.0663466e-001
 3.0649048e-001
 3.0647615e-001
 3.0673605e-001
 3.0716339e-001
 3.0744076e-001
 3.0734646e-001
 3.0697531e-001
 3.0658194e-001
 3.0631968e-001
 3.0618873e-001
 3.0612582e-001
 3.0608657e-001
 3.0606177e-001
 3.0602834e-001
 3.0593237e-001
 3.0576742e-001
 3.0562901e-001
 3.0563787e-001
 3.0583388e-001
 3.0615705e-001
 3.0647776e-001
 3.0663276e-001
 3.0652034e-001
 3.0625027e-001
 3.0610469e-001
 3.0619177e-001
 3.0627584e-001
 3.0613869e-001
 3.0590519e-001
 3.0580744e-001
 3.0585974e-001
 3.0593103e-001
 3.0596679e-001
 3.0597466e-001
 3.0593637e-001
 3.0580163e-001
 3.0560559e-001
 3.0550295e-001
 3.0555367e-001
 3.0563998e-001
 3.0563715e-001
 3.0553269e-001
 3.0541059e-001
 3.0536130e-001
 3.0539382e-001
 3.0543306e-001
 3.0540416e-001
 3.0531147e-001
 3.0523688e-001
 3.0526140e-001
 3.0538940e-001
 3.0554822e-001
 3.0565554e-001
 3.0567634e-001
 3.0562511e-001
 3.0553052e-001
 3.0541348e-001
 3.0528578e-001
 3.0516076e-001
 3.0506450e-001
 3.0502963e-001
 3.0506954e-001
 3.0515227e-001
 3.0519319e-001
 3.0508077e-001
 3.0482897e-001
 3.0445611e-001
 3.0414790e-001
 3.0402109e-001
 3.0404678e-001
 3.0413768e-001
 3.0420637e-001
 3.0417842e-001
 3.0406478e-001
 3.0391085e-001
 3.0376211e-001
 3.0365518e-001
 3.0356815e-001
 3.0345538e-001
 3.0327114e-001
 3.0298048e-001
 3.0261934e-001
 3.0225223e-001
 3.0194393e-001
 3.0174884e-001
 3.0165276e-001
 3.0160958e-001
 3.0158335e-001
 3.0152360e-001
 3.0141515e-001
 3.0126867e-001
 3.0109587e-001
 3.0090871e-001
 3.0071887e-001
 3.0053684e-001
 3.0037203e-001
 3.0023366e-001
 3.0013111e-001
 3.0007279e-001
 3.0005011e-001
 3.0003732e-001
 3.0000812e-001
 2.9993606e-001
 2.9979572e-001
 2.9958209e-001
 2.9931042e-001
 2.9899672e-001
 2.9865703e-001
 2.9830739e-001
 2.9796082e-001
 2.9761922e-001
 2.9728144e-001
 2.9694661e-001
 2.9661363e-001
 2.9628161e-001
 2.9595053e-001
 2.9562500e-001
 2.9531026e-001
 2.9501185e-001
 2.9473510e-001
 2.9448557e-001
 2.9426855e-001
 2.9408652e-001
 2.9393026e-001
 2.9378772e-001
 2.9364696e-001
 2.9349598e-001
 2.9332283e-001
 2.9311553e-001
 2.9286206e-001
 2.9255438e-001
 2.9219958e-001
 2.9180816e-001
 2.9139069e-001
 2.9095760e-001
 2.9051954e-001
 2.9008701e-001
 2.8967050e-001
 2.8927806e-001
 2.8890789e-001
 2.8855616e-001
 2.8821892e-001
 2.8789228e-001
 2.8757223e-001
 2.8725499e-001
 2.8693649e-001
 2.8661391e-001
 2.8628781e-001
 2.8595981e-001
 2.8563133e-001
 2.8530380e-001
 2.8497887e-001
 2.8465787e-001
 2.8434238e-001
 2.8403392e-001
 2.8373396e-001
 2.8344393e-001
 2.8316545e-001
 2.8289932e-001
 2.8264448e-001
 2.8239924e-001
 2.8216201e-001
 2.8193113e-001
 2.8170505e-001
 2.8148207e-001
 2.8126055e-001
 2.8103897e-001
 2.8081560e-001
 2.8058884e-001
 2.8035706e-001
 2.8011921e-001
 2.7987552e-001
 2.7962694e-001
 2.7937421e-001
 2.7911818e-001
 2.7885962e-001
 2.7859932e-001
 2.7833810e-001
 2.7807680e-001
 2.7781618e-001
 2.7755699e-001
 2.7729899e-001
 2.7703780e-001
 2.7676824e-001
 2.7648497e-001
 2.7618292e-001
 2.7585676e-001
 2.7550134e-001
 2.7511141e-001
 2.7468181e-001
 2.7420717e-001
 2.7368698e-001
 2.7313605e-001
 2.7257258e-001
 2.7201512e-001
 2.7148169e-001
 2.7099085e-001
 2.7056068e-001
 2.7020964e-001
 2.6995593e-001
 2.6981792e-001
 2.6980475e-001
 2.6989433e-001
 2.7005801e-001
 2.7026701e-001
 2.7049264e-001
 2.7070612e-001
 2.7087876e-001
 2.7098191e-001
 2.7098680e-001
 2.7086467e-001
 2.7059805e-001
 2.7020752e-001
 2.6972157e-001
 2.6916853e-001
 2.6857710e-001
 2.6797560e-001
 2.6739267e-001
 2.6685664e-001
 2.6639619e-001
 2.6602703e-001
 2.6572275e-001
 2.6544839e-001
 2.6516873e-001
 2.6484871e-001
 2.6445320e-001
 2.6394710e-001
 2.6329520e-001
 2.6247990e-001
 2.6153991e-001
 2.6052627e-001
 2.5948948e-001
 2.5848046e-001
 2.5754979e-001
 2.5674841e-001
 2.5612694e-001
 2.5571856e-001
 2.5549996e-001
 2.5543588e-001
 2.5549126e-001
 2.5563109e-001
 2.5582010e-001
 2.5602338e-001
 2.5620568e-001
 2.5633863e-001
 2.5641486e-001
 2.5643155e-001
 2.5638157e-001
 2.5626221e-001
 2.5607628e-001
 2.5582382e-001
 2.5551021e-001
 2.5514540e-001
 2.5474283e-001
 2.5431779e-001
 2.5388616e-001
 2.5346333e-001
 2.5306252e-001
 2.5269356e-001
 2.5236368e-001
 2.5207871e-001
 2.5184262e-001
 2.5165462e-001
 2.5150484e-001
 2.5137290e-001
 2.5123060e-001
 2.5104660e-001
 2.5079188e-001
 2.5044695e-001
 2.5000948e-001
 2.4949728e-001
 2.4894361e-001
 2.4838884e-001
 2.4787189e-001
 2.4742159e-001
 2.4704911e-001
 2.4674577e-001
 2.4648713e-001
 2.4624081e-001
 2.4597491e-001
 2.4566570e-001
 2.4530360e-001
 2.4489483e-001
 2.4445841e-001
 2.4401984e-001
 2.4360405e-001
 2.4322830e-001
 2.4299175e-001
 2.4263304e-001
 2.4227265e-001
 2.4190809e-001
 2.4153730e-001
 2.4115981e-001
 2.4077718e-001
 2.4039313e-001
 2.4001369e-001
 2.3964621e-001
 2.3929851e-001
 2.3897748e-001
 2.3868778e-001
 2.3843123e-001
 2.3820677e-001
 2.3801111e-001
 2.3783976e-001
 2.3768775e-001
 2.3755059e-001
 2.3742455e-001
 2.3730694e-001
 2.3719600e-001
 2.3709066e-001
 2.3699023e-001
 2.3689421e-001
 2.3680192e-001
 2.3671249e-001
 2.3662470e-001
 2.3653725e-001
 2.3644894e-001
 2.3635915e-001
 2.3626812e-001
 2.3617707e-001
 2.3608811e-001
 2.3600394e-001
 2.3592722e-001
 2.3586006e-001
 2.3580340e-001
 2.3575671e-001
 2.3571815e-001
 2.3568498e-001
 2.3565441e-001
 2.3562451e-001
 2.3559505e-001
 2.3556794e-001
 2.3554730e-001
 2.3553894e-001
 2.3554948e-001
 2.3558536e-001
 2.3565175e-001
 2.3575193e-001
 2.3588684e-001
 2.3605521e-001
 2.3625405e-001
 2.3647919e-001
 2.3672616e-001
 2.3699062e-001
 2.3726887e-001
 2.3755820e-001
 2.3785658e-001
 2.3816277e-001
 2.3847583e-001
 2.3879495e-001
 2.3911953e-001
 2.3944896e-001
 2.3978288e-001
 2.4012163e-001
 2.4046621e-001
 2.4081877e-001
 2.4118233e-001
 2.4156056e-001
 2.4195749e-001
 2.4237645e-001
 2.4281982e-001
 2.4328806e-001
 2.4377948e-001
 2.4429052e-001
 2.4481556e-001
 2.4534819e-001
 2.4588172e-001
 2.4641034e-001
 2.4693024e-001
 2.4743977e-001
 2.4794011e-001
 2.4843453e-001
 2.4892780e-001
 2.4942528e-001
 2.4993138e-001
 2.5044876e-001
 2.5097790e-001
 2.5151649e-001
 2.5206047e-001
 2.5260431e-001
 2.5314221e-001
 2.5366938e-001
 2.5418222e-001
 2.5467938e-001
 2.5516111e-001
 2.5562915e-001
 2.5608644e-001
 2.5653574e-001
 2.5697982e-001
 2.5742048e-001
 2.5785854e-001
 2.5829411e-001
 2.5872648e-001
 2.5915474e-001
 2.5957787e-001
 2.5999510e-001
 2.6040602e-001
 2.6081035e-001
 2.6120809e-001
 2.6159906e-001
 2.6198292e-001
 2.6235950e-001
 2.6272857e-001
 2.6309046e-001
 2.6344639e-001
 2.6379827e-001
 2.6414910e-001
 2.6450217e-001
 2.6486075e-001
 2.6522738e-001
 2.6560327e-001
 2.6598808e-001
 2.6637986e-001
 2.6677540e-001
 2.6717123e-001
 2.6756391e-001
 2.6795110e-001
 2.6833171e-001
 2.6870605e-001
 2.6907560e-001
 2.6944226e-001
 2.6980782e-001
 2.7017307e-001
 2.7053761e-001
 2.7089974e-001
 2.7125639e-001
 2.7160403e-001
 2.7193949e-001
 2.7226046e-001
 2.7256647e-001
 2.7285886e-001
 2.7314076e-001
 2.7341652e-001
 2.7369064e-001
 2.7396700e-001
 2.7424783e-001
 2.7453351e-001
 2.7482262e-001
 2.7511242e-001
 2.7539968e-001
 2.7568135e-001
 2.7595505e-001
 2.7621949e-001
 2.7647385e-001
 2.7671787e-001
 2.7695104e-001
 2.7717280e-001
 2.7738267e-001
 2.7758083e-001
 2.7776876e-001
 2.7794981e-001
 2.7812919e-001
 2.7831379e-001
 2.7851081e-001
 2.7872688e-001
 2.7896664e-001
 2.7923173e-001
 2.7952084e-001
 2.7982968e-001
 2.8015211e-001
 2.8048155e-001
 2.8081185e-001
 2.8113863e-001
 2.8145957e-001
 2.8177443e-001
 2.8208470e-001
 2.8239274e-001
 2.8270125e-001
 2.8301245e-001
 2.8332761e-001
 2.8364715e-001
 2.8397042e-001
 2.8429615e-001
 2.8462252e-001
 2.8494748e-001
 2.8526905e-001
 2.8558517e-001
 2.8589374e-001
 2.8619272e-001
 2.8647986e-001
 2.8675309e-001
 2.8701037e-001
 2.8725034e-001
 2.8747270e-001
 2.8767836e-001
 2.8786981e-001
 2.8805116e-001
 2.8822753e-001
 2.8840494e-001
 2.8858912e-001
 2.8878510e-001
 2.8899649e-001
 2.8922495e-001
 2.8947052e-001
 2.8973135e-001
 2.9000464e-001
 2.9028699e-001
 2.9057503e-001
 2.9086605e-001
 2.9115811e-001
 2.9145014e-001
 2.9174197e-001
 2.9203361e-001
 2.9232523e-001
 2.9261664e-001
 2.9290712e-001
 2.9319578e-001
 2.9348150e-001
 2.9376367e-001
 2.9404247e-001
 2.9431939e-001
 2.9459727e-001
 2.9487994e-001
 2.9517195e-001
 2.9547736e-001
 2.9579905e-001
 2.9613799e-001
 2.9649255e-001
 2.9685849e-001
 2.9722935e-001
 2.9759720e-001
 2.9795399e-001
 2.9829252e-001
 2.9860795e-001
 2.9889834e-001
 2.9916507e-001
 2.9941249e-001
 2.9964694e-001
 2.9987553e-001
 3.0010453e-001
 3.0033830e-001
 3.0057839e-001
 3.0082336e-001
 3.0106938e-001
 3.0131128e-001
 3.0154383e-001
 3.0176318e-001
 3.0196765e-001
 3.0215836e-001
 3.0233899e-001
 3.0251503e-001
 3.0269265e-001
 3.0287731e-001
 3.0307254e-001
 3.0327910e-001
 3.0349448e-001
 3.0371347e-001
 3.0392858e-001
 3.0413160e-001
 3.0431491e-001
 3.0447263e-001
 3.0460155e-001
 3.0470145e-001
 3.0477494e-001
 3.0482697e-001
 3.0486405e-001
 3.0489364e-001
 3.0492353e-001
 3.0496171e-001
 3.0501607e-001
 3.0509424e-001
 3.0520344e-001
 3.0534986e-001
 3.0553800e-001
 3.0577025e-001
 3.0604613e-001
 3.0636218e-001
 3.0671251e-001
 3.0708924e-001
 3.0748370e-001
 3.0788735e-001
 3.0829254e-001
 3.0869332e-001
 3.0908504e-001
 3.0946451e-001
 3.0982926e-001
 3.1017730e-001
 3.1050700e-001
 3.1081703e-001
 3.1110677e-001
 3.1137681e-001
 3.1162906e-001
 3.1186718e-001
 3.1209630e-001
 3.1232262e-001
 3.1255287e-001
 3.1279331e-001
 3.1304932e-001
 3.1332448e-001
 3.1362021e-001
 3.1393576e-001
 3.1426781e-001
 3.1461129e-001
 3.1495923e-001
 3.1530389e-001
 3.1563759e-001
 3.1595349e-001
 3.1624681e-001
 3.1651527e-001
 3.1675977e-001
 3.1698421e-001
 3.1719470e-001
 3.1739864e-001
 3.1760302e-001
 3.1781325e-001
 3.1803206e-001
 3.1825897e-001
 3.1849086e-001
 3.1872275e-001
 3.1894925e-001
 3.1916600e-001
 3.1937066e-001
 3.1956339e-001
 3.1974685e-001
 3.1992516e-001
 3.2010314e-001
 3.2028487e-001
 3.2047299e-001
 3.2066822e-001
 3.2086912e-001
 3.2107249e-001
 3.2127365e-001
 3.2146689e-001
 3.2164609e-001
 3.2180494e-001
 3.2193738e-001
 3.2203820e-001
 3.2210344e-001
 3.2213083e-001
 3.2212019e-001
 3.2207352e-001
 3.2199466e-001
 3.2188857e-001
 3.2176036e-001
 3.2161435e-001
 3.2145324e-001
 3.2127768e-001
 3.2108665e-001
 3.2087806e-001
 3.2065016e-001
 3.2040274e-001
 3.2013813e-001
 3.1986195e-001
 3.1958276e-001
 3.1931153e-001
 3.1906000e-001
 3.1883892e-001
 3.1865641e-001
 3.1851614e-001
 3.1841642e-001
 3.1834942e-001
 3.1830102e-001
 3.1825101e-001
 3.1817323e-001
 3.1803536e-001
 3.1779864e-001
 3.1741720e-001
 3.1683791e-001
 3.1600133e-001
 3.1484368e-001
 3.1330219e-001
 3.1132022e-001
 3.0885562e-001
 3.0588642e-001
 3.0241287e-001
 2.9845926e-001
 2.9406479e-001
 2.8927809e-001
 2.8414628e-001
 2.7870679e-001
 2.7299210e-001
 2.6703334e-001
 2.6088130e-001
 2.5462452e-001
 2.4840431e-001
 2.4242736e-001
 2.3695707e-001
 2.3228924e-001
 2.2872044e-001
 2.2650142e-001
 2.2580041e-001
 2.2667284e-001
 2.2905219e-001
 2.3275843e-001
 2.3752716e-001
 2.4304456e-001
 2.4898858e-001
 2.5506678e-001
 2.6103592e-001
 2.6671970e-001
 2.7200392e-001
 2.7683038e-001
 2.8118503e-001
 2.8508022e-001
 2.8854641e-001
 2.9161972e-001
 2.9433784e-001
 2.9673797e-001
 2.9885349e-001
 3.0071625e-001
 3.0235499e-001
 3.0379653e-001
 3.0506620e-001
 3.0618691e-001
 3.0717969e-001
 3.0806395e-001
 3.0885673e-001
 3.0957359e-001
 3.1022799e-001
 3.1083164e-001
 3.1139460e-001
 3.1192499e-001
 3.1242952e-001
 3.1291309e-001
 3.1337920e-001
 3.1383049e-001
 3.1426847e-001
 3.1469440e-001
 3.1510925e-001
 3.1551418e-001
 3.1591088e-001
 3.1630132e-001
 3.1668836e-001
 3.1707495e-001
 3.1746429e-001
 3.1785920e-001
 3.1826168e-001
 3.1867230e-001
 3.1909022e-001
 3.1951255e-001
 3.1993508e-001
 3.2035252e-001
 3.2075924e-001
 3.2115057e-001
 3.2152310e-001
 3.2187572e-001
 3.2220930e-001
 3.2252645e-001
 3.2283103e-001
 3.2312670e-001
 3.2341644e-001
 3.2370183e-001
 3.2398286e-001
 3.2425845e-001
 3.2452673e-001
 3.2478616e-001
 3.2503581e-001
 3.2527587e-001
 3.2550749e-001
 3.2573244e-001
 3.2595253e-001
 3.2616934e-001
 3.2638377e-001
 3.2659617e-001
 3.2680666e-001
 3.2701543e-001
 3.2722348e-001
 3.2743266e-001
 3.2764608e-001
 3.2786763e-001
 3.2810166e-001
 3.2835260e-001
 3.2862383e-001
 3.2891741e-001
 3.2923341e-001
 3.2956946e-001
 3.2992092e-001
 3.3028072e-001
 3.3064017e-001
 3.3098930e-001
 3.3131796e-001
 3.3161697e-001
 3.3187887e-001
 3.3209920e-001
 3.3227697e-001
 3.3241487e-001
 3.3251926e-001
 3.3259919e-001
 3.3266538e-001
 3.3272901e-001
 3.3280018e-001
 3.3288714e-001
 3.3299538e-001
 3.3312765e-001
 3.3328411e-001
 3.3346301e-001
 3.3366150e-001
 3.3387628e-001
 3.3410436e-001
 3.3434325e-001
 3.3459103e-001
 3.3484602e-001
 3.3510640e-001
 3.3536986e-001
 3.3563331e-001
 3.3589292e-001
 3.3614466e-001
 3.3638489e-001
 3.3661100e-001
 3.3682227e-001
 3.3702004e-001
 3.3720738e-001
 3.3738869e-001
 3.3756837e-001
 3.3774987e-001
 3.3793426e-001
 3.3812010e-001
 3.3830369e-001
 3.3847976e-001
 3.3864307e-001
 3.3878911e-001
 3.3891460e-001
 3.3901829e-001
 3.3910093e-001
 3.3916527e-001
 3.3921525e-001
 3.3925509e-001
 3.3928850e-001
 3.3931810e-001
 3.3934551e-001
 3.3937228e-001
 3.3940059e-001
 3.3943412e-001
 3.3947796e-001
 3.3953828e-001
 3.3962128e-001
 3.3973223e-001
 3.3987477e-001
 3.4005040e-001
 3.4025827e-001
 3.4049544e-001
 3.4075707e-001
 3.4103742e-001
 3.4133017e-001
 3.4162900e-001
 3.4192795e-001
 3.4222129e-001
 3.4250361e-001
 3.4276938e-001
 3.4301329e-001
 3.4323043e-001
 3.4341651e-001
 3.4356868e-001
 3.4368563e-001
 3.4376827e-001
 3.4381962e-001
 3.4384477e-001
 3.4385100e-001
 3.4384716e-001
 3.4384283e-001
 3.4384754e-001
 3.4386927e-001
 3.4391361e-001
 3.4398320e-001
 3.4407726e-001
 3.4419212e-001
 3.4432164e-001
 3.4445834e-001
 3.4459436e-001
 3.4472233e-001
 3.4483635e-001
 3.4493229e-001
 3.4500799e-001
 3.4506342e-001
 3.4510046e-001
 3.4512269e-001
 3.4513500e-001
 3.4514299e-001
 3.4515250e-001
 3.4516865e-001
 3.4519538e-001
 3.4523478e-001
 3.4528682e-001
 3.4534970e-001
 3.4542006e-001
 3.4549385e-001
 3.4556717e-001
 3.4563699e-001
 3.4570187e-001
 3.4576225e-001
 3.4582037e-001
 3.4587979e-001
 3.4594470e-001
 3.4601900e-001
 3.4610531e-001
 3.4620443e-001
 3.4631497e-001
 3.4643331e-001
 3.4655440e-001
 3.4667236e-001
 3.4678167e-001
 3.4687823e-001
 3.4696004e-001
 3.4702775e-001
 3.4708446e-001
 3.4713525e-001
 3.4718624e-001
 3.4724334e-001
 3.4731114e-001
 3.4739199e-001
 3.4748539e-001
 3.4758791e-001
 3.4769365e-001
 3.4779495e-001
 3.4788361e-001
 3.4795198e-001
 3.4799394e-001
 3.4800577e-001
 3.4798655e-001
 3.4793827e-001
 3.4786570e-001
 3.4777585e-001
 3.4767753e-001
 3.4758055e-001
 3.4749496e-001
 3.4743038e-001
 3.4739509e-001
 3.4739530e-001
 3.4743443e-001
 3.4751254e-001
 3.4762612e-001
 3.4776828e-001
 3.4792918e-001
 3.4809723e-001
 3.4826031e-001
 3.4840736e-001
 3.4852964e-001
 3.4862208e-001
 3.4868374e-001
 3.4871775e-001
 3.4873071e-001
 3.4873146e-001
 3.4872979e-001
 3.4873474e-001
 3.4875348e-001
 3.4879044e-001
 3.4884685e-001
 3.4892076e-001
 3.4900770e-001
 3.4910136e-001
 3.4919474e-001
 3.4928083e-001
 3.4935367e-001
 3.4940875e-001
 3.4944326e-001
 3.4945592e-001
 3.4944704e-001
 3.4941798e-001
 3.4937114e-001
 3.4930938e-001
 3.4923616e-001
 3.4915507e-001
 3.4906971e-001
 3.4898350e-001
 3.4889928e-001
 3.4881926e-001
 3.4874487e-001
 3.4867671e-001
 3.4861475e-001
 3.4855863e-001
 3.4850806e-001
 3.4846336e-001
 3.4842592e-001
 3.4839854e-001
 3.4838545e-001
 3.4839198e-001
 3.4842414e-001
 3.4848770e-001
 3.4858742e-001
 3.4872624e-001
 3.4890470e-001
 3.4912053e-001
 3.4936878e-001
 3.4964177e-001
 3.4992978e-001
 3.5022190e-001
 3.5050684e-001
 3.5077408e-001
 3.5101464e-001
 3.5122177e-001
 3.5139138e-001
 3.5152176e-001
 3.5161358e-001
 3.5166913e-001
 3.5169175e-001
 3.5168529e-001
 3.5165346e-001
 3.5159948e-001
 3.5152581e-001
 3.5143411e-001
 3.5132518e-001
 3.5119912e-001
 3.5105550e-001
 3.5089344e-001
 3.5071185e-001
 3.5050958e-001
 3.5028553e-001
 3.5003883e-001
 3.4976903e-001
 3.4947640e-001
 3.4916210e-001
 3.4882849e-001
 3.4847936e-001
 3.4811988e-001
 3.4775674e-001
 3.4739786e-001
 3.4705168e-001
 3.4672707e-001
 3.4643221e-001
 3.4617409e-001
 3.4595799e-001
 3.4578693e-001
 3.4566155e-001
 3.4558025e-001
 3.4553933e-001
 3.4553364e-001
 3.4555691e-001
 3.4560251e-001
 3.4566376e-001
 3.4573427e-001
 3.4580839e-001
 3.4588116e-001
 3.4594849e-001
 3.4600711e-001
 3.4605464e-001
 3.4608957e-001
 3.4611127e-001
 3.4611985e-001
 3.4611630e-001
 3.4610215e-001
 3.4607941e-001
 3.4605020e-001
 3.4601662e-001
 3.4598032e-001
 3.4594244e-001
 3.4590331e-001
 3.4586254e-001
 3.4581912e-001
 3.4577149e-001
 3.4571803e-001
 3.4565735e-001
 3.4558856e-001
 3.4551176e-001
 3.4542802e-001
 3.4533945e-001
 3.4524918e-001
 3.4516078e-001
 3.4507805e-001
 3.4500432e-001
 3.4494191e-001
 3.4489176e-001
 3.4485316e-001
 3.4482372e-001
 3.4479976e-001
 3.4477678e-001
 3.4475040e-001
 3.4471726e-001
 3.4467581e-001
 3.4462717e-001
 3.4457558e-001
 3.4452817e-001
 3.4449473e-001
 3.4448639e-001
 3.4451428e-001
 3.4458748e-001
 3.4471118e-001
 3.4488505e-001
 3.4510204e-001
 3.4534854e-001
 3.4560603e-001
 3.4585264e-001
 3.4606576e-001
 3.4622419e-001
 3.4631002e-001
 3.4631038e-001
 3.4621763e-001
 3.4602988e-001
 3.4575185e-001
 3.4539482e-001
 3.4497589e-001
 3.4451619e-001
 3.4403911e-001
 3.4356719e-001
 3.4312010e-001
 3.4271207e-001
 3.4235054e-001
 3.4203655e-001
 3.4172815e-001
 3.4150478e-001
 3.4130335e-001
 3.4111091e-001
 3.4091642e-001
 3.4071186e-001
 3.4049329e-001
 3.4026054e-001
 3.4001601e-001
 3.3976358e-001
 3.3950770e-001
 3.3925289e-001
 3.3900341e-001
 3.3876297e-001
 3.3853438e-001
 3.3831948e-001
 3.3811894e-001
 3.3793253e-001
 3.3775914e-001
 3.3759731e-001
 3.3744535e-001
 3.3730143e-001
 3.3716375e-001
 3.3703062e-001
 3.3690050e-001
 3.3677214e-001
 3.3664456e-001
 3.3651698e-001
 3.3638886e-001
 3.3625978e-001
 3.3612931e-001
 3.3599699e-001
 3.3586213e-001
 3.3572370e-001
 3.3557993e-001
 3.3542818e-001
 3.3526477e-001
 3.3508512e-001
 3.3488405e-001
 3.3465582e-001
 3.3439478e-001
 3.3409530e-001
 3.3375248e-001
 3.3336276e-001
 3.3292460e-001
 3.3243975e-001
 3.3191296e-001
 3.3135226e-001
 3.3076784e-001
 3.3017102e-001
 3.2957390e-001
 3.2898828e-001
 3.2842547e-001
 3.2789522e-001
 3.2740438e-001
 3.2695651e-001
 3.2655090e-001
 3.2618347e-001
 3.2584742e-001
 3.2553425e-001
 3.2523492e-001
 3.2494000e-001
 3.2464033e-001
 3.2432732e-001
 3.2399321e-001
 3.2363158e-001
 3.2323751e-001
 3.2280716e-001
 3.2233793e-001
 3.2182741e-001
 3.2127377e-001
 3.2067531e-001
 3.2003003e-001
 3.1933635e-001
 3.1859231e-001
 3.1779611e-001
 3.1694606e-001
 3.1604007e-001
 3.1507644e-001
 3.1405303e-001
 3.1296808e-001
 3.1181976e-001
 3.1060588e-001
 3.0932483e-001
 3.0797425e-001
 3.0655232e-001
 3.0505714e-001
 3.0348623e-001
 3.0183762e-001
 3.0010942e-001
 2.9829919e-001
 2.9640597e-001
 2.9442894e-001
 2.9237050e-001
 2.9023710e-001
 2.8803995e-001
 2.8579742e-001
 2.8353223e-001
 2.8127202e-001
 2.7904680e-001
 2.7688679e-001
 2.7482307e-001
 2.7288428e-001
 2.7109653e-001
 2.6948062e-001
 2.6804924e-001
 2.6680788e-001
 2.6575390e-001
 2.6487976e-001
 2.6417464e-001
 2.6362580e-001
 2.6322013e-001
 2.6294413e-001
 2.6278439e-001
 2.6272726e-001
 2.6275915e-001
 2.6286635e-001
 2.6303503e-001
 2.6325142e-001
 2.6350167e-001
 2.6377204e-001
 2.6404902e-001
 2.6431993e-001
 2.6457348e-001
 2.6480091e-001
 2.6499680e-001
 2.6515934e-001
 2.6529017e-001
 2.6539335e-001
 2.6547441e-001
 2.6553956e-001
 2.6559520e-001
 2.6564741e-001
 2.6570165e-001
 2.6576215e-001
 2.6583162e-001
 2.6591092e-001
 2.6599935e-001
 2.6609507e-001
 2.6619551e-001
 2.6629770e-001
 2.6639879e-001
 2.6649591e-001
 2.6658681e-001
 2.6666984e-001
 2.6674438e-001
 2.6681098e-001
 2.6687109e-001
 2.6692700e-001
 2.6698139e-001
 2.6703709e-001
 2.6709694e-001
 2.6716346e-001
 2.6723859e-001
 2.6732320e-001
 2.6741678e-001
 2.6751721e-001
 2.6762104e-001
 2.6772368e-001
 2.6782003e-001
 2.6790464e-001
 2.6797220e-001
 2.6801780e-001
 2.6803732e-001
 2.6802832e-001
 2.6799026e-001
 2.6792493e-001
 2.6783618e-001
 2.6772931e-001
 2.6761058e-001
 2.6748660e-001
 2.6736403e-001
 2.6724926e-001
 2.6714799e-001
 2.6706466e-001
 2.6700217e-001
 2.6696157e-001
 2.6694235e-001
 2.6694283e-001
 2.6696050e-001
 2.6699263e-001
 2.6703644e-001
 2.6708919e-001
 2.6714855e-001
 2.6721293e-001
 2.6728147e-001
 2.6735431e-001
 2.6743248e-001
 2.6751763e-001
 2.6761177e-001
 2.6771712e-001
 2.6783592e-001
 2.6797038e-001
 2.6812249e-001
 2.6829407e-001
 2.6848641e-001
 2.6870048e-001
 2.6893684e-001
 2.6919577e-001
 2.6947734e-001
 2.6978156e-001
 2.7010846e-001
 2.7045774e-001
 2.7082917e-001
 2.7122226e-001
 2.7163592e-001
 2.7206886e-001
 2.7251947e-001
 2.7298585e-001
 2.7346566e-001
 2.7395687e-001
 2.7445737e-001
 2.7496472e-001
 2.7547684e-001
 2.7599180e-001
 2.7650732e-001
 2.7702156e-001
 2.7753273e-001
 2.7803907e-001
 2.7853870e-001
 2.7902997e-001
 2.7951127e-001
 2.7998081e-001
 2.8043717e-001
 2.8087917e-001
 2.8130558e-001
 2.8171578e-001
 2.8210944e-001
 2.8248611e-001
 2.8284582e-001
 2.8318846e-001
 2.8351402e-001
 2.8382215e-001
 2.8411248e-001
 2.8438422e-001
 2.8463590e-001
 2.8486559e-001
 2.8507081e-001
 2.8524858e-001
 2.8539574e-001
 2.8550917e-001
 2.8558573e-001
 2.8562266e-001
 2.8561804e-001
 2.8557122e-001
 2.8548339e-001
 2.8535765e-001
 2.8519890e-001
 2.8501332e-001
 2.8480795e-001
 2.8459007e-001
 2.8436717e-001
 2.8414658e-001
 2.8393519e-001
 2.8373936e-001
 2.8356466e-001
 2.8341565e-001
 2.8329611e-001
 2.8320923e-001
 2.8315777e-001
 2.8314418e-001
 2.8317046e-001
 2.8323779e-001
 2.8334537e-001
 2.8348950e-001
 2.8366214e-001
 2.8385085e-001
 2.8403902e-001
 2.8420693e-001
 2.8433311e-001
 2.8439552e-001
 2.8437239e-001
 2.8424382e-001
 2.8399357e-001
 2.8361163e-001
 2.8309685e-001
 2.8245729e-001
 2.8170943e-001
 2.8087658e-001
 2.7998531e-001
 2.7906370e-001
 2.7814066e-001
 2.7724296e-001
 2.7639392e-001
 2.7561185e-001
 2.7490667e-001
 2.7427986e-001
 2.7372500e-001
 2.7323040e-001
 2.7278042e-001
 2.7235794e-001
 2.7194560e-001
 2.7152586e-001
 2.7108216e-001
 2.7059957e-001
 2.7006495e-001
 2.6946741e-001
 2.6879790e-001
 2.6804939e-001
 2.6721525e-001
 2.6628944e-001
 2.6526728e-001
 2.6414508e-001
 2.6292193e-001
 2.6160285e-001
 2.6019853e-001
 2.5872719e-001
 2.5721464e-001
 2.5569063e-001
 2.5418818e-001
 2.5274116e-001
 2.5138426e-001
 2.5014952e-001
 2.4906522e-001
 2.4815410e-001
 2.4742945e-001
 2.4689516e-001
 2.4654685e-001
 2.4637337e-001
 2.4635987e-001
 2.4648975e-001
 2.4674565e-001
 2.4711037e-001
 2.4756743e-001
 2.4810112e-001
 2.4869752e-001
 2.4934450e-001
 2.5003093e-001
 2.5074726e-001
 2.5148466e-001
 2.5223416e-001
 2.5298750e-001
 2.5373664e-001
 2.5447419e-001
 2.5519326e-001
 2.5588873e-001
 2.5655684e-001
 2.5719464e-001
 2.5780061e-001
 2.5837371e-001
 2.5891292e-001
 2.5941780e-001
 2.5988808e-001
 2.6032427e-001
 2.6072764e-001
 2.6110110e-001
 2.6144913e-001
 2.6177737e-001
 2.6209277e-001
 2.6240277e-001
 2.6271489e-001
 2.6303667e-001
 2.6337495e-001
 2.6373485e-001
 2.6411930e-001
 2.6452768e-001
 2.6495582e-001
 2.6539582e-001
 2.6583770e-001
 2.6626992e-001
 2.6668000e-001
 2.6705593e-001
 2.6738629e-001
 2.6766109e-001
 2.6787347e-001
 2.6802021e-001
 2.6810241e-001
 2.6812485e-001
 2.6809523e-001
 2.6802284e-001
 2.6791784e-001
 2.6779044e-001
 2.6765049e-001
 2.6750696e-001
 2.6736715e-001
 2.6723614e-001
 2.6711667e-001
 2.6700923e-001
 2.6691267e-001
 2.6682484e-001
 2.6674327e-001
 2.6666516e-001
 2.6658779e-001
 2.6650858e-001
 2.6642510e-001
 2.6633525e-001
 2.6623738e-001
 2.6613000e-001
 2.6601192e-001
 2.6588207e-001
 2.6573950e-001
 2.6558331e-001
 2.6541266e-001
 2.6522714e-001
 2.6502666e-001
 2.6481158e-001
 2.6458317e-001
 2.6434302e-001
 2.6409331e-001
 2.6383626e-001
 2.6357451e-001
 2.6331049e-001
 2.6304653e-001
 2.6278502e-001
 2.6252782e-001
 2.6227647e-001
 2.6203218e-001
 2.6179564e-001
 2.6156723e-001
 2.6134729e-001
 2.6113585e-001
 2.6093271e-001
 2.6073721e-001
 2.6054761e-001
 2.6036033e-001
 2.6016936e-001
 2.5996619e-001
 2.5973976e-001
 2.5947717e-001
 2.5916469e-001
 2.5878805e-001
 2.5833309e-001
 2.5778627e-001
 2.5713608e-001
 2.5637341e-001
 2.5549275e-001
 2.5449339e-001
 2.5337774e-001
 2.5215086e-001
 2.5082037e-001
 2.4939388e-001
 2.4787948e-001
 2.4628693e-001
 2.4462600e-001
 2.4290845e-001
 2.4114797e-001
 2.3936202e-001
 2.3756909e-001
 2.3578939e-001
 2.3404531e-001
 2.3235828e-001
 2.3074931e-001
 2.2923890e-001
 2.2784303e-001
 2.2657239e-001
 2.2542976e-001
 2.2441015e-001
 2.2350006e-001
 2.2268045e-001
 2.2192945e-001
 2.2122294e-001
 2.2053638e-001
 2.1984594e-001
 2.1912812e-001
 2.1836084e-001
 2.1752465e-001
 2.1660170e-001
 2.1557638e-001
 2.1443427e-001
 2.1316272e-001
 2.1174896e-001
 2.1018085e-001
 2.0844911e-001
 2.0654663e-001
 2.0447159e-001
 2.0223109e-001
 1.9983892e-001
 1.9731677e-001
 1.9469105e-001
 1.9199339e-001
 1.8925492e-001
 1.8650681e-001
 1.8378083e-001
 1.8110386e-001
 1.7849775e-001
 1.7597936e-001
 1.7355606e-001
 1.7122844e-001
 1.6899368e-001
 1.6684425e-001
 1.6477172e-001
 1.6276664e-001
 1.6082096e-001
 1.5892559e-001
 1.5707201e-001
 1.5525387e-001
 1.5346442e-001
 1.5169780e-001
 1.4995001e-001
 1.4821617e-001
 1.4649214e-001
 1.4477368e-001
 1.4305860e-001
 1.4134493e-001
 1.3963324e-001
 1.3792866e-001
 1.3623886e-001
 1.3457489e-001
 1.3295147e-001
 1.3138357e-001
 1.2988696e-001
 1.2847847e-001
 1.2717344e-001
 1.2598653e-001
 1.2493032e-001
 1.2401570e-001
 1.2325004e-001
 1.2263840e-001
 1.2218444e-001
 1.2189029e-001
 1.2175770e-001
 1.2178837e-001
 1.2198394e-001
 1.2234645e-001
 1.2287862e-001
 1.2358354e-001
 1.2446548e-001
 1.2552962e-001
 1.2678090e-001
 1.2822525e-001
 1.2986867e-001
 1.3171516e-001
 1.3376769e-001
 1.3602443e-001
 1.3847679e-001
 1.4110434e-001
 1.4387734e-001
 1.4675614e-001
 1.4969167e-001
 1.5263256e-001
 1.5552561e-001
 1.5831584e-001
 1.6095304e-001
 1.6339292e-001
 1.6559944e-001
 1.6755199e-001
 1.6924460e-001
 1.7068523e-001
 1.7189085e-001
 1.7288557e-001
 1.7369606e-001
 1.7434949e-001
 1.7487338e-001
 1.7529412e-001
 1.7563587e-001
 1.7592062e-001
 1.7616735e-001
 1.7639259e-001
 1.7661077e-001
 1.7683534e-001
 1.7707899e-001
 1.7735322e-001
 1.7766774e-001
 1.7802818e-001
 1.7843314e-001
 1.7887212e-001
 1.7932451e-001
 1.7976047e-001
 1.8014434e-001
 1.8043701e-001
 1.8059826e-001
 1.8058856e-001
 1.8037133e-001
 1.7991531e-001
 1.7919819e-001
 1.7820869e-001
 1.7694792e-001
 1.7542972e-001
 1.7367630e-001
 1.7171589e-001
 1.6957901e-001
 1.6729851e-001
 1.6490549e-001
 1.6243060e-001
 1.5990581e-001
 1.5745150e-001
 1.5553451e-001
 1.5308037e-001
 1.5073085e-001
 1.4852138e-001
 1.4648806e-001
 1.4466658e-001
 1.4309391e-001
 1.4180563e-001
 1.4083785e-001
 1.4022668e-001
 1.4000338e-001
 1.4015515e-001
 1.4064470e-001
 1.4143467e-001
 1.4248790e-001
 1.4376652e-001
 1.4523333e-001
 1.4685094e-001
 1.4858243e-001
 1.5038951e-001
 1.5223518e-001
 1.5408209e-001
 1.5589324e-001
 1.5763035e-001
 1.5925926e-001
 1.6077025e-001
 1.6216710e-001
 1.6345392e-001
 1.6463403e-001
 1.6571161e-001
 1.6669050e-001
 1.6757481e-001
 1.6836797e-001
 1.6907409e-001
 1.6969702e-001
 1.7024077e-001
 1.7070894e-001
 1.7110555e-001
 1.7143449e-001
 1.7169963e-001
 1.7190482e-001
 1.7205390e-001
 1.7215072e-001
 1.7219798e-001
 1.7219810e-001
 1.7215334e-001
 1.7206597e-001
 1.7193834e-001
 1.7177273e-001
 1.7157151e-001
 1.7133689e-001
 1.7107128e-001
 1.7077689e-001
 1.7045601e-001
 1.7011108e-001
 1.6974434e-001
 1.6935806e-001
 1.6895451e-001
 1.6853610e-001
 1.6810514e-001
 1.6766386e-001
 1.6721451e-001
 1.6675955e-001
 1.6630125e-001
 1.6584174e-001
 1.6538183e-001
 1.6492204e-001
 1.6446260e-001
 1.6400376e-001
 1.6354586e-001
 1.6308907e-001
 1.6263391e-001
 1.6218056e-001
 1.6172932e-001
 1.6128038e-001
 1.6083428e-001
 1.6039120e-001
 1.5995142e-001
 1.5951516e-001
 1.5908289e-001
 1.5865485e-001
 1.5823130e-001
 1.5781258e-001
 1.5739885e-001
 1.5699062e-001
 1.5658811e-001
 1.5619159e-001
 1.5580128e-001
 1.5541767e-001
 1.5504095e-001
 1.5467142e-001
 1.5430911e-001
 1.5395431e-001
 1.5360703e-001
 1.5326732e-001
 1.5293527e-001
 1.5261087e-001
 1.5229440e-001
 1.5198581e-001
 1.5168522e-001
 1.5139264e-001
 1.5110831e-001
 1.5083221e-001
 1.5056439e-001
 1.5030496e-001
 1.5005405e-001
 1.4981174e-001
 1.4957806e-001
 1.4935306e-001
 1.4913695e-001
 1.4892973e-001
 1.4873149e-001
 1.4854231e-001
 1.4836226e-001
 1.4819147e-001
 1.4802998e-001
 1.4787790e-001
 1.4773525e-001
 1.4760223e-001
 1.4747883e-001
 1.4736515e-001
 1.4726105e-001
 1.4716648e-001
 1.4708118e-001
